Date,Open,High,Low,Close,Volume,OpenInt
1995-01-03,19.422,19.422,18.872,18.872,1303148,0
1995-01-04,18.434,18.652,17.984,18.093,3329937,0
1995-01-05,18.324,18.541,17.655,18.434,2285399,0
1995-01-06,18.434,18.541,17.875,17.875,1617166,0
1995-01-09,17.984,18.206,17.875,18.093,1381054,0
1995-01-10,18.093,18.541,17.984,18.541,1625906,0
1995-01-11,18.652,19.641,18.541,19.641,3603520,0
1995-01-12,20.082,20.082,19.422,19.53,3075903,0
1995-01-13,19.31,19.31,19.093,19.31,916806,0
1995-01-16,18.982,19.202,18.982,18.982,959090,0
1995-01-17,19.202,19.422,19.093,19.202,1338114,0
1995-01-18,19.422,19.641,19.31,19.641,1547787,0
1995-01-19,19.422,19.75,19.422,19.641,1295720,0
1995-01-20,19.641,19.86,19.422,19.53,1831424,0
1995-01-23,19.422,19.422,18.872,19.093,999186,0
1995-01-24,19.093,19.093,18.761,18.982,608579,0
1995-01-25,18.982,18.982,18.541,18.541,1343575,0
1995-01-26,18.761,18.761,18.541,18.541,686154,0
1995-01-27,18.434,18.434,17.875,17.875,1330028,0
1995-01-30,17.875,18.093,17.765,17.875,1612358,0
1995-01-31,17.765,17.765,17.436,17.547,2540746,0
1995-02-01,18.093,18.206,17.765,17.765,2071907,0
1995-02-02,18.093,18.541,18.093,18.541,2155605,0
1995-02-03,18.434,18.541,18.206,18.434,1030983,0
1995-02-06,18.324,18.652,18.093,18.434,1685127,0
1995-02-07,18.324,18.434,18.093,18.093,1118828,0
1995-02-08,18.093,18.434,17.984,18.324,1832627,0
1995-02-09,18.541,18.761,18.434,18.761,1523310,0
1995-02-10,18.761,18.982,18.652,18.652,1009677,0
1995-02-13,18.652,18.761,18.434,18.652,870589,0
1995-02-14,18.761,18.872,18.541,18.541,739911,0
1995-02-15,18.761,18.872,18.652,18.872,1073594,0
1995-02-16,18.872,19.202,18.872,18.872,1184713,0
1995-02-17,19.31,19.53,19.202,19.202,2052021,0
1995-02-21,19.31,19.422,18.982,19.093,922815,0
1995-02-22,19.202,19.86,19.202,19.641,2118235,0
1995-02-23,19.641,19.75,19.31,19.31,1106918,0
1995-02-24,19.422,19.422,18.982,19.093,1521237,0
1995-02-27,18.982,19.31,18.872,19.202,836170,0
1995-02-28,19.202,19.422,19.202,19.202,718933,0
1995-03-01,19.202,19.202,18.541,18.541,1483538,0
1995-03-02,18.541,19.093,18.324,18.982,1681082,0
1995-03-03,18.872,19.202,18.541,18.541,1254530,0
1995-03-06,18.761,19.202,18.652,19.202,2265080,0
1995-03-07,19.53,20.751,19.422,20.528,6147328,0
1995-03-08,20.639,20.639,19.75,19.75,3398441,0
1995-03-09,19.971,20.309,19.86,20.309,2062514,0
1995-03-10,20.199,20.418,19.971,20.082,1341611,0
1995-03-13,20.528,20.639,20.418,20.528,2030499,0
1995-03-14,20.418,20.528,20.082,20.418,1240436,0
1995-03-15,20.639,20.859,20.528,20.859,2225966,0
1995-03-16,20.528,20.751,20.309,20.751,1777671,0
1995-03-17,20.639,21.078,20.418,20.751,2957902,0
1995-03-20,20.528,21.078,20.418,20.969,1449015,0
1995-03-21,20.969,21.298,20.639,20.751,1422030,0
1995-03-22,20.751,20.969,20.639,20.751,1140350,0
1995-03-23,20.859,21.078,20.751,21.078,1315824,0
1995-03-24,20.859,21.078,20.751,21.078,1647213,0
1995-03-27,20.969,21.188,20.859,21.078,714015,0
1995-03-28,20.969,21.188,20.528,21.188,1645135,0
1995-03-29,21.298,21.408,20.859,20.969,1458738,0
1995-03-30,21.078,22.076,20.969,21.736,4440347,0
1995-03-31,22.404,22.514,21.736,21.956,4221175,0
1995-04-03,22.076,22.184,21.847,22.076,1598376,0
1995-04-04,21.956,22.076,21.736,21.847,1264912,0
1995-04-05,21.956,22.404,21.847,22.404,2410397,0
1995-04-06,22.404,22.734,22.184,22.514,1808806,0
1995-04-07,22.514,22.514,22.076,22.184,1154665,0
1995-04-10,21.736,21.847,21.408,21.63,1267642,0
1995-04-11,21.63,21.847,21.516,21.63,1225901,0
1995-04-12,21.736,21.847,21.63,21.736,894408,0
1995-04-13,21.63,21.63,20.859,21.078,2735340,0
1995-04-17,21.516,22.076,21.298,21.847,2152869,0
1995-04-18,21.956,22.626,21.736,22.626,2709659,0
1995-04-19,22.626,22.957,22.297,22.404,3019961,0
1995-04-20,22.076,22.297,21.63,21.63,1894801,0
1995-04-21,21.516,22.076,21.408,21.956,2018806,0
1995-04-24,21.956,22.184,21.847,22.076,1048353,0
1995-04-25,21.956,22.184,21.847,22.076,1117846,0
1995-04-26,22.076,22.076,21.516,21.516,1594549,0
1995-04-27,21.516,21.847,21.516,21.847,1150297,0
1995-04-28,22.076,22.076,21.298,21.298,1533690,0
1995-05-01,21.516,21.847,21.516,21.736,885227,0
1995-05-02,21.736,22.076,21.516,21.63,1367502,0
1995-05-03,21.63,21.736,21.188,21.188,1413610,0
1995-05-04,21.298,21.736,21.188,21.63,1557072,0
1995-05-05,21.63,21.736,21.078,21.408,1483213,0
1995-05-08,21.298,21.516,21.078,21.298,904679,0
1995-05-09,20.969,20.969,20.418,20.639,2179424,0
1995-05-10,20.528,20.859,20.528,20.639,1555650,0
1995-05-11,20.528,20.751,20.082,20.199,1649832,0
1995-05-12,20.309,20.418,19.971,19.971,1286325,0
1995-05-15,20.082,20.751,20.082,20.639,1209730,0
1995-05-16,20.639,21.078,20.418,20.969,1391323,0
1995-05-17,20.751,21.516,20.751,21.408,1777995,0
1995-05-18,21.188,21.736,21.188,21.736,1595641,0
1995-05-19,21.516,21.63,21.188,21.188,774987,0
1995-05-22,21.078,21.298,20.751,20.859,928276,0
1995-05-23,20.859,21.516,20.751,21.408,1273106,0
1995-05-24,21.544,22.094,21.434,22.094,1530959,0
1995-05-25,22.213,22.542,22.094,22.094,2192638,0
1995-05-26,22.213,22.542,22.213,22.325,1110415,0
1995-05-30,22.432,22.432,21.984,22.213,1143737,0
1995-05-31,22.094,22.325,21.984,22.325,875396,0
1995-06-01,22.094,22.542,22.094,22.432,1362915,0
1995-06-02,22.325,22.432,21.875,22.094,1084737,0
1995-06-05,21.984,22.213,21.875,22.094,456052,0
1995-06-06,21.984,21.984,21.656,21.875,1099818,0
1995-06-07,21.875,22.432,21.875,22.325,1162090,0
1995-06-08,22.094,22.871,21.984,22.762,1184055,0
1995-06-09,22.651,23.092,22.432,22.762,1521671,0
1995-06-12,22.651,22.762,22.432,22.542,682552,0
1995-06-13,22.432,22.762,22.432,22.542,845458,0
1995-06-14,22.762,23.092,22.651,22.871,1425415,0
1995-06-15,23.092,23.76,22.983,23.31,3146925,0
1995-06-16,23.532,23.532,23.31,23.422,2225198,0
1995-06-19,23.532,23.869,23.532,23.76,1219566,0
1995-06-20,23.65,23.76,23.092,23.092,1216178,0
1995-06-21,23.092,23.201,22.762,22.871,1129318,0
1995-06-22,22.871,23.532,22.762,23.532,1340737,0
1995-06-23,23.422,23.65,23.31,23.31,686486,0
1995-06-26,22.983,23.201,22.762,22.871,772360,0
1995-06-27,22.871,22.871,22.651,22.871,853764,0
1995-06-28,22.871,22.871,22.432,22.432,963570,0
1995-06-29,22.432,22.762,22.432,22.651,853433,0
1995-06-30,22.651,22.651,22.213,22.325,1166684,0
1995-07-03,22.213,22.325,22.094,22.325,163672,0
1995-07-05,22.325,22.651,22.213,22.325,1044642,0
1995-07-06,22.432,23.092,22.432,23.092,1605693,0
1995-07-07,23.31,23.532,23.092,23.201,1646118,0
1995-07-10,23.31,23.532,23.092,23.31,845239,0
1995-07-11,23.201,23.76,23.092,23.76,1569419,0
1995-07-12,23.869,24.31,23.65,24.2,4204783,0
1995-07-13,24.089,24.31,23.31,23.31,1536309,0
1995-07-14,23.422,23.76,23.201,23.532,936907,0
1995-07-17,23.532,23.869,23.532,23.869,975589,0
1995-07-18,23.869,23.978,23.422,23.76,1056767,0
1995-07-19,23.869,24.2,22.871,23.422,2510915,0
1995-07-20,23.201,23.422,22.983,22.983,1153353,0
1995-07-21,23.092,23.092,22.651,22.871,1621974,0
1995-07-24,22.983,23.201,22.762,23.201,972419,0
1995-07-25,23.092,23.092,22.542,22.651,855075,0
1995-07-26,22.651,22.983,22.094,22.762,1661088,0
1995-07-27,22.542,22.651,22.094,22.213,1219239,0
1995-07-28,21.984,22.325,21.984,22.094,781979,0
1995-07-31,22.213,22.213,21.875,21.984,720356,0
1995-08-01,21.984,22.983,21.984,22.871,1893815,0
1995-08-02,22.762,22.983,22.651,22.762,904241,0
1995-08-03,22.871,23.201,22.762,22.983,919867,0
1995-08-04,22.871,22.871,22.432,22.762,755862,0
1995-08-07,22.871,23.092,22.325,22.325,740130,0
1995-08-08,22.542,22.871,22.432,22.762,782633,0
1995-08-09,22.871,22.871,22.432,22.432,681244,0
1995-08-10,22.325,22.542,22.213,22.213,789514,0
1995-08-11,22.213,22.325,21.875,22.213,886757,0
1995-08-14,22.094,22.762,22.094,22.762,900527,0
1995-08-15,22.983,23.201,22.762,23.092,1297360,0
1995-08-16,22.651,22.762,22.542,22.762,916149,0
1995-08-17,22.983,23.201,22.651,22.983,1401596,0
1995-08-18,22.983,23.092,22.762,22.762,1048244,0
1995-08-21,22.871,22.871,22.651,22.762,557337,0
1995-08-22,22.651,22.871,22.325,22.762,1345323,0
1995-08-23,22.542,23.201,22.542,23.201,1154777,0
1995-08-24,23.201,23.31,22.871,22.871,868181,0
1995-08-25,23.092,23.201,22.871,22.983,858461,0
1995-08-28,22.983,23.092,22.762,23.092,859224,0
1995-08-29,22.983,22.983,22.542,22.651,736745,0
1995-08-30,22.542,22.651,22.213,22.213,703092,0
1995-08-31,22.213,22.542,22.213,22.432,1264582,0
1995-09-01,22.213,22.213,21.984,22.213,713145,0
1995-09-05,21.984,22.542,21.984,22.542,1073918,0
1995-09-06,22.542,22.871,22.432,22.762,1050760,0
1995-09-07,22.983,23.201,22.983,23.201,1365867,0
1995-09-08,23.092,23.201,22.871,23.201,938550,0
1995-09-11,23.201,23.422,23.201,23.201,979520,0
1995-09-12,23.201,23.76,23.064,23.532,2050602,0
1995-09-13,23.31,23.422,22.871,22.983,1337675,0
1995-09-14,22.983,23.31,22.983,22.983,1422466,0
1995-09-15,23.092,23.201,22.871,22.871,1322708,0
1995-09-18,22.983,23.201,22.762,22.762,1487695,0
1995-09-19,22.762,22.871,22.432,22.432,1722604,0
1995-09-20,22.325,22.542,22.213,22.325,1113584,0
1995-09-21,22.325,22.871,22.213,22.871,1433716,0
1995-09-22,22.762,22.762,22.325,22.542,1431095,0
1995-09-25,22.651,22.762,22.432,22.542,488176,0
1995-09-26,22.651,22.762,22.542,22.542,1029781,0
1995-09-27,22.325,22.762,22.325,22.542,515821,0
1995-09-28,22.542,22.762,22.432,22.762,610656,0
1995-09-29,22.762,22.871,22.651,22.871,701999,0
1995-10-02,22.762,22.871,22.542,22.651,663650,0
1995-10-03,22.871,22.983,22.432,22.542,1037649,0
1995-10-04,22.542,22.651,22.213,22.325,1086924,0
1995-10-05,22.432,22.542,22.325,22.432,840757,0
1995-10-06,22.651,22.762,22.542,22.762,652285,0
1995-10-09,22.762,22.983,22.542,22.871,736745,0
1995-10-10,22.871,22.983,22.542,22.983,817705,0
1995-10-11,22.871,22.983,22.542,22.542,806127,0
1995-10-12,22.651,22.651,22.094,22.094,883263,0
1995-10-13,22.094,22.432,21.875,22.325,1607881,0
1995-10-16,22.213,22.325,21.984,21.984,1162971,0
1995-10-17,21.875,21.984,21.656,21.656,1609627,0
1995-10-18,21.544,21.984,21.325,21.434,1581655,0
1995-10-19,21.106,21.763,21.106,21.544,1804326,0
1995-10-20,21.434,21.875,21.434,21.763,1262067,0
1995-10-23,21.656,21.875,21.106,21.106,1296158,0
1995-10-24,21.106,21.325,20.887,21.217,1984061,0
1995-10-25,21.325,21.656,21.325,21.544,990338,0
1995-10-26,21.544,21.656,21.106,21.434,1111726,0
1995-10-27,21.325,21.434,20.887,20.887,1435793,0
1995-10-30,20.777,21.106,20.546,20.667,1751123,0
1995-10-31,20.996,21.106,20.11,20.437,4194513,0
1995-11-01,20.437,20.887,20.11,20.777,1567451,0
1995-11-02,20.667,21.544,20.546,21.544,1596953,0
1995-11-03,21.434,21.763,21.325,21.325,893861,0
1995-11-06,21.325,21.984,21.325,21.875,940624,0
1995-11-07,22.094,22.325,21.984,22.094,2016839,0
1995-11-08,22.094,22.094,21.875,21.984,577663,0
1995-11-09,21.875,22.542,21.875,22.542,1265238,0
1995-11-10,22.871,23.092,22.651,22.651,1713644,0
1995-11-13,22.762,22.762,22.325,22.325,1386190,0
1995-11-14,21.984,22.213,21.763,21.875,1279876,0
1995-11-15,21.875,22.094,21.763,21.984,784164,0
1995-11-16,21.984,22.213,21.875,22.094,1261196,0
1995-11-17,22.094,22.542,22.094,22.542,1151933,0
1995-11-20,22.325,22.762,22.213,22.762,1122216,0
1995-11-21,22.651,22.983,22.651,22.983,1188644,0
1995-11-22,22.762,23.092,22.651,22.651,1138820,0
1995-11-24,22.762,23.092,22.762,22.983,509811,0
1995-11-27,23.201,23.869,23.201,23.65,2003400,0
1995-11-28,24.033,24.145,23.696,23.807,1724131,0
1995-11-29,23.807,23.807,23.255,23.366,1671683,0
1995-11-30,23.366,23.366,23.145,23.366,728877,0
1995-12-01,23.255,23.255,23.038,23.145,425785,0
1995-12-04,23.255,23.807,23.255,23.696,929808,0
1995-12-05,23.807,24.145,23.807,24.145,1861143,0
1995-12-06,24.364,24.474,24.145,24.364,1836558,0
1995-12-07,24.033,24.254,23.807,23.924,1572918,0
1995-12-08,24.033,24.254,23.924,24.145,812568,0
1995-12-11,24.254,24.474,24.033,24.033,968263,0
1995-12-12,24.145,24.254,23.585,23.585,944669,0
1995-12-13,23.696,23.807,23.255,23.255,1079929,0
1995-12-14,23.255,23.255,22.928,23.145,1235410,0
1995-12-15,23.145,23.366,23.038,23.255,1672666,0
1995-12-18,23.478,23.585,23.145,23.145,1088672,0
1995-12-19,23.145,23.255,22.818,23.038,699923,0
1995-12-20,23.145,23.696,23.038,23.585,774109,0
1995-12-21,23.478,23.585,23.255,23.366,582687,0
1995-12-22,23.255,23.696,23.255,23.585,531663,0
1995-12-26,23.585,23.585,23.145,23.145,340896,0
1995-12-27,23.255,23.478,23.145,23.145,702983,0
1995-12-28,23.145,23.366,23.145,23.145,442286,0
1995-12-29,23.145,23.366,23.145,23.366,510576,0
1996-01-02,23.585,24.254,23.585,24.254,1564174,0
1996-01-03,24.583,24.914,24.364,24.691,3121573,0
1996-01-04,24.583,24.691,24.474,24.691,1453930,0
1996-01-05,24.914,25.471,24.805,25.141,2580732,0
1996-01-08,25.583,25.69,25.471,25.583,872556,0
1996-01-09,25.583,25.91,24.914,25.69,4678536,0
1996-01-10,25.91,26.358,25.8,25.8,2984560,0
1996-01-11,25.36,25.36,24.805,25.031,2678849,0
1996-01-12,24.914,25.031,24.474,24.691,1712769,0
1996-01-15,24.474,25.031,24.364,25.031,1239012,0
1996-01-16,25.141,25.141,24.805,25.031,1057644,0
1996-01-17,24.914,25.141,24.583,25.141,1145271,0
1996-01-18,24.914,25.031,24.805,24.805,973514,0
1996-01-19,25.031,25.471,25.031,25.36,1689166,0
1996-01-22,25.69,26.25,25.583,26.139,2013233,0
1996-01-23,26.25,26.25,25.69,26.139,1412521,0
1996-01-24,25.8,26.022,25.69,25.8,1617054,0
1996-01-25,26.25,26.468,25.91,26.022,2480212,0
1996-01-26,26.022,26.139,25.91,25.91,1817986,0
1996-01-29,25.91,26.58,25.91,26.358,3047166,0
1996-01-30,26.468,26.689,26.022,26.25,2452572,0
1996-01-31,26.139,26.139,25.583,26.022,2284637,0
1996-02-01,26.468,27.577,26.468,27.357,5975351,0
1996-02-02,27.687,28.126,27.439,27.903,4060338,0
1996-02-05,28.235,28.465,27.247,28.465,3670279,0
1996-02-06,28.356,28.573,28.126,28.465,3118734,0
1996-02-07,28.795,29.121,27.018,27.018,4476735,0
1996-02-08,26.909,27.357,26.468,27.247,3831109,0
1996-02-09,27.128,27.357,26.689,27.018,2120747,0
1996-02-12,26.909,27.357,26.468,26.689,2477808,0
1996-02-13,26.796,27.128,26.58,27.018,1772862,0
1996-02-14,27.018,27.796,26.909,27.687,2024053,0
1996-02-15,27.903,28.126,27.128,27.247,1446609,0
1996-02-16,27.467,27.687,27.247,27.467,1505172,0
1996-02-20,27.128,27.577,26.909,26.909,2292066,0
1996-02-21,26.689,27.357,26.58,27.357,3056564,0
1996-02-22,27.247,27.357,26.909,27.128,1037649,0
1996-02-23,27.018,27.128,26.796,27.018,1272338,0
1996-02-26,27.018,27.687,27.018,27.687,1830333,0
1996-02-27,27.357,27.796,27.018,27.247,1780835,0
1996-02-28,27.128,27.247,26.689,27.018,1705993,0
1996-02-29,27.247,27.357,26.796,26.796,1339753,0
1996-03-01,26.796,26.909,26.468,26.689,1163404,0
1996-03-04,26.58,26.58,25.583,25.583,2275242,0
1996-03-05,25.583,25.91,25.471,25.91,1478735,0
1996-03-06,25.91,26.25,25.69,25.91,1086266,0
1996-03-07,25.8,26.25,25.8,26.25,1219457,0
1996-03-08,26.58,26.58,25.141,25.8,2331511,0
1996-03-11,25.583,26.022,25.471,26.022,932975,0
1996-03-12,26.25,26.25,25.253,25.253,3200238,0
1996-03-13,25.36,25.91,25.031,25.69,1214870,0
1996-03-14,25.471,26.139,25.36,26.022,1706869,0
1996-03-15,26.022,26.358,25.583,25.583,1615090,0
1996-03-18,25.583,25.583,25.253,25.36,1376793,0
1996-03-19,25.253,25.583,25.253,25.253,1218910,0
1996-03-20,25.253,25.8,25.141,25.36,1141335,0
1996-03-21,25.36,25.69,25.36,25.583,2294364,0
1996-03-22,25.583,26.139,25.471,26.022,1716484,0
1996-03-25,26.358,26.796,26.139,26.796,1997939,0
1996-03-26,26.909,27.903,26.796,27.903,3629308,0
1996-03-27,27.903,28.356,27.687,28.235,3746653,0
1996-03-28,27.796,28.014,27.018,27.018,3110975,0
1996-03-29,27.128,27.467,26.909,26.909,1502988,0
1996-04-01,26.796,27.128,26.58,27.128,1732322,0
1996-04-02,27.128,27.128,26.796,27.018,798147,0
1996-04-03,27.247,27.796,27.247,27.247,2023180,0
1996-04-04,27.247,27.247,26.909,27.018,677198,0
1996-04-08,27.018,27.796,26.58,27.796,2094961,0
1996-04-09,27.577,27.903,27.467,27.467,3164733,0
1996-04-10,27.128,28.235,27.018,28.126,2566529,0
1996-04-11,28.014,28.465,27.903,27.903,3784787,0
1996-04-12,27.687,27.796,27.128,27.247,1115551,0
1996-04-15,27.018,27.577,26.909,27.577,922049,0
1996-04-16,27.577,28.014,26.796,26.796,3355936,0
1996-04-17,26.689,26.909,26.358,26.468,1912279,0
1996-04-18,26.58,26.689,26.25,26.468,1586573,0
1996-04-19,26.468,26.58,26.022,26.022,1161002,0
1996-04-22,26.139,26.468,26.022,26.25,1234319,0
1996-04-23,26.468,26.796,26.25,26.796,1879718,0
1996-04-24,26.689,26.796,26.468,26.468,1641420,0
1996-04-25,26.796,27.247,26.796,27.128,2070924,0
1996-04-26,27.128,27.128,26.909,26.909,1784115,0
1996-04-29,27.018,27.128,26.796,26.796,913853,0
1996-04-30,26.909,27.247,26.796,27.128,1626342,0
1996-05-01,27.128,27.467,27.018,27.128,1169414,0
1996-05-02,26.909,27.247,26.468,26.796,2478576,0
1996-05-03,26.689,26.909,26.358,26.468,1195203,0
1996-05-06,26.689,27.357,26.689,27.357,2444707,0
1996-05-07,27.467,28.126,27.467,28.126,3385220,0
1996-05-08,28.356,28.465,27.687,27.796,2092229,0
1996-05-09,27.796,27.903,27.577,27.796,633382,0
1996-05-10,27.796,28.014,27.577,27.687,967285,0
1996-05-13,27.796,28.014,27.577,28.014,1996408,0
1996-05-14,27.796,28.126,27.796,27.903,956795,0
1996-05-15,28.014,28.014,27.903,28.014,606399,0
1996-05-16,27.796,28.014,27.687,27.903,569903,0
1996-05-17,27.903,27.903,27.577,27.687,739146,0
1996-05-20,27.577,27.577,26.909,27.018,897792,0
1996-05-21,27.128,27.903,26.909,27.903,1442564,0
1996-05-22,27.687,27.796,27.577,27.577,1233770,0
1996-05-23,27.687,27.687,27.247,27.467,1161330,0
1996-05-24,27.247,27.577,27.247,27.577,490359,0
1996-05-28,27.796,27.796,27.357,27.357,1102219,0
1996-05-29,27.412,27.531,27.302,27.531,821529,0
1996-05-30,27.64,27.861,27.64,27.752,1101785,0
1996-05-31,27.752,28.191,27.64,27.968,2084912,0
1996-06-03,28.081,28.191,27.968,28.191,1438416,0
1996-06-04,28.191,28.191,27.302,27.302,1917850,0
1996-06-05,27.082,27.752,25.637,26.083,3385546,0
1996-06-06,25.864,26.083,25.637,25.637,3439848,0
1996-06-07,25.976,26.083,25.305,25.745,2508517,0
1996-06-10,25.864,25.976,25.528,25.528,833329,0
1996-06-11,25.416,25.528,25.087,25.305,2034760,0
1996-06-12,25.637,25.637,24.978,25.087,837481,0
1996-06-13,25.196,25.416,25.087,25.305,1632458,0
1996-06-14,25.196,25.416,24.978,25.305,1375048,0
1996-06-17,25.305,25.528,25.087,25.087,986189,0
1996-06-18,25.087,25.305,24.978,25.196,1379961,0
1996-06-19,25.305,25.528,25.087,25.196,1312438,0
1996-06-20,25.196,25.305,24.978,24.978,1250924,0
1996-06-21,24.859,24.859,24.089,24.089,3018976,0
1996-06-24,24.2,24.748,23.859,24.748,3056126,0
1996-06-25,24.859,25.087,24.419,24.529,1911840,0
1996-06-26,24.529,24.637,24.2,24.31,1245245,0
1996-06-27,24.419,24.529,23.859,24.089,1338878,0
1996-06-28,24.089,24.31,23.859,24.089,1577503,0
1996-07-01,24.2,24.637,24.2,24.419,897249,0
1996-07-02,24.31,24.637,24.31,24.529,1678130,0
1996-07-03,24.529,24.748,24.419,24.529,578645,0
1996-07-05,24.419,25.528,24.419,25.471,1453820,0
1996-07-08,25.196,25.305,24.859,24.978,1282499,0
1996-07-09,25.305,25.745,25.196,25.745,1540574,0
1996-07-10,25.976,25.976,25.637,25.745,1313418,0
1996-07-11,25.637,25.637,24.859,24.978,1595094,0
1996-07-12,24.859,24.859,24.2,24.2,879111,0
1996-07-15,24.2,24.31,23.752,24.089,1600994,0
1996-07-16,23.752,23.969,22.084,23.31,2447762,0
1996-07-17,23.532,23.532,22.974,22.974,1675291,0
1996-07-18,23.082,23.859,23.082,23.752,2256997,0
1996-07-19,23.859,24.2,23.752,24.089,1655733,0
1996-07-22,23.969,24.089,23.752,23.969,924453,0
1996-07-23,24.089,24.2,23.532,23.641,1036882,0
1996-07-24,23.422,23.422,22.974,23.201,956684,0
1996-07-25,23.201,23.422,23.082,23.31,1083648,0
1996-07-26,23.422,24.089,23.082,24.089,882606,0
1996-07-29,23.969,23.969,23.641,23.641,699812,0
1996-07-30,23.641,23.859,23.422,23.641,734778,0
1996-07-31,23.752,24.859,23.752,24.748,1543961,0
1996-08-01,24.637,25.196,24.529,24.859,1209294,0
1996-08-02,24.859,25.305,24.637,25.305,1363135,0
1996-08-05,25.745,26.194,25.745,25.864,1749480,0
1996-08-06,25.637,25.637,25.305,25.416,930024,0
1996-08-07,25.416,25.416,25.087,25.305,672497,0
1996-08-08,25.196,25.745,25.087,25.637,893530,0
1996-08-09,25.745,25.745,25.305,25.416,646604,0
1996-08-12,25.196,25.528,25.196,25.416,762966,0
1996-08-13,25.416,25.416,24.859,24.978,858241,0
1996-08-14,24.529,24.748,24.2,24.2,1052507,0
1996-08-15,24.089,24.529,24.089,24.31,975369,0
1996-08-16,24.089,24.089,23.641,23.641,1148217,0
1996-08-19,23.752,24.31,23.532,24.31,1716045,0
1996-08-20,24.2,24.529,24.2,24.529,1431202,0
1996-08-21,24.419,24.419,24.31,24.31,612297,0
1996-08-22,24.31,24.748,24.31,24.748,1540464,0
1996-08-23,24.529,24.748,24.419,24.419,740787,0
1996-08-26,24.529,24.637,24.31,24.419,1089653,0
1996-08-27,24.31,24.529,24.31,24.419,894408,0
1996-08-28,24.31,24.748,24.31,24.637,836828,0
1996-08-29,24.637,24.637,24.2,24.2,750620,0
1996-08-30,24.089,24.089,23.859,23.969,552094,0
1996-09-03,23.969,24.529,23.752,24.419,1671249,0
1996-09-04,24.31,24.529,24.2,24.529,743189,0
1996-09-05,24.529,24.637,24.2,24.2,968707,0
1996-09-06,24.2,24.31,23.969,24.089,630432,0
1996-09-09,23.969,24.089,23.31,23.422,1284466,0
1996-09-10,23.31,23.641,23.082,23.641,1270044,0
1996-09-11,23.641,23.752,23.532,23.641,796291,0
1996-09-12,23.532,23.641,23.201,23.532,806344,0
1996-09-13,23.532,24.2,23.532,24.089,1249501,0
1996-09-16,24.089,24.2,23.752,24.2,1052617,0
1996-09-17,24.089,24.2,23.752,23.752,1031419,0
1996-09-18,23.752,23.859,23.641,23.641,494950,0
1996-09-19,23.641,23.641,23.31,23.422,671297,0
1996-09-20,23.31,23.422,23.082,23.31,1729375,0
1996-09-23,23.201,23.422,22.974,23.31,1058625,0
1996-09-24,23.422,23.641,22.863,23.641,2218864,0
1996-09-25,23.532,23.752,23.31,23.31,1420931,0
1996-09-26,22.752,22.863,22.316,22.422,2297530,0
1996-09-27,22.532,22.752,22.316,22.422,916915,0
1996-09-30,21.976,22.316,21.866,22.316,1110197,0
1996-10-01,22.316,23.082,22.316,22.974,1609408,0
1996-10-02,23.859,24.637,23.641,23.859,2027878,0
1996-10-03,23.641,23.752,23.082,23.201,1200448,0
1996-10-04,23.31,23.31,22.974,23.201,647697,0
1996-10-07,23.201,23.641,23.082,23.422,974716,0
1996-10-08,23.752,23.752,23.532,23.641,744393,0
1996-10-09,23.641,23.859,23.532,23.641,930024,0
1996-10-10,23.752,24.089,23.641,23.859,1803343,0
1996-10-11,23.641,23.752,23.422,23.641,993071,0
1996-10-14,23.641,23.752,23.201,23.201,465993,0
1996-10-15,23.082,23.641,23.082,23.532,648241,0
1996-10-16,23.532,23.752,23.31,23.422,910465,0
1996-10-17,23.201,23.31,23.082,23.082,575039,0
1996-10-18,22.974,23.082,22.863,22.863,958434,0
1996-10-21,23.082,23.532,23.082,23.532,1178482,0
1996-10-22,23.641,24.089,23.641,23.859,1751885,0
1996-10-23,23.752,23.969,23.641,23.859,1294627,0
1996-10-24,23.641,23.859,23.641,23.859,832783,0
1996-10-25,23.752,24.089,23.641,23.859,955811,0
1996-10-28,23.752,24.089,23.641,23.969,1045514,0
1996-10-29,23.532,23.641,23.201,23.201,1463652,0
1996-10-30,23.082,23.532,23.029,23.532,1242947,0
1996-10-31,23.31,23.532,23.082,23.201,1191266,0
1996-11-01,23.082,23.422,23.082,23.31,1064963,0
1996-11-04,23.31,23.422,23.082,23.31,1159362,0
1996-11-05,23.422,23.422,22.863,22.974,1827817,0
1996-11-06,22.863,22.863,22.532,22.643,1329700,0
1996-11-07,22.863,23.532,22.752,23.31,2909499,0
1996-11-08,22.974,23.752,22.863,23.641,1976632,0
1996-11-11,23.752,24.089,23.422,24.089,1613888,0
1996-11-12,23.969,25.305,23.969,25.087,3343153,0
1996-11-13,25.087,25.745,25.087,25.196,3835918,0
1996-11-14,25.087,25.305,24.859,25.087,3242962,0
1996-11-15,24.859,25.087,24.637,24.978,1798650,0
1996-11-18,24.529,24.859,24.529,24.529,705384,0
1996-11-19,24.419,24.748,24.2,24.31,1185367,0
1996-11-20,24.748,25.416,24.637,25.196,1633777,0
1996-11-21,25.196,25.196,24.2,24.2,1736476,0
1996-11-22,24.31,24.637,24.2,24.419,2988056,0
1996-11-25,24.2,24.419,24.089,24.2,1083206,0
1996-11-26,24.263,26.927,24.145,25.708,4836199,0
1996-11-27,25.708,26.598,25.708,26.259,4835434,0
1996-11-29,26.708,27.035,26.598,26.708,2466885,0
1996-12-02,26.149,26.376,25.929,26.039,2395863,0
1996-12-03,25.262,25.48,24.813,25.041,2640174,0
1996-12-04,25.369,26.376,25.262,26.039,2427438,0
1996-12-05,25.708,26.598,25.592,26.487,2340578,0
1996-12-06,26.259,26.487,26.149,26.259,1416997,0
1996-12-09,26.598,26.598,26.149,26.149,828959,0
1996-12-10,26.259,27.154,26.149,27.035,865671,0
1996-12-11,26.598,26.598,25.041,25.262,1882120,0
1996-12-12,25.48,26.039,25.369,25.929,1886710,0
1996-12-13,25.708,25.929,25.15,25.369,869058,0
1996-12-16,25.48,26.376,25.369,26.259,1474908,0
1996-12-17,26.376,26.815,26.149,26.598,1881793,0
1996-12-18,26.487,26.598,26.376,26.376,756518,0
1996-12-19,26.376,26.815,26.376,26.708,1289712,0
1996-12-20,27.035,27.035,25.708,25.708,1902772,0
1996-12-23,25.708,26.039,25.708,25.929,431472,0
1996-12-24,26.039,26.039,25.818,25.929,209781,0
1996-12-26,26.039,26.259,25.708,25.818,450047,0
1996-12-27,25.818,26.039,25.708,25.818,225186,0
1996-12-30,25.818,25.929,25.592,25.708,325814,0
1996-12-31,25.592,25.592,25.262,25.592,646165,0
1997-01-02,25.592,25.592,24.7,24.813,910248,0
1997-01-03,24.592,24.7,24.263,24.373,998313,0
1997-01-06,24.145,24.145,23.478,23.595,1573024,0
1997-01-07,23.816,24.145,23.704,24.145,1964177,0
1997-01-08,23.816,23.924,23.255,23.478,1907689,0
1997-01-09,23.595,24.263,23.478,24.145,2102498,0
1997-01-10,23.924,24.145,23.704,24.033,1454041,0
1997-01-13,24.263,24.263,23.816,24.145,1171165,0
1997-01-14,23.478,23.816,23.145,23.366,1798976,0
1997-01-15,23.478,23.595,23.145,23.145,1302930,0
1997-01-16,23.366,23.924,23.366,23.816,1279660,0
1997-01-17,23.816,24.592,23.816,24.483,1646228,0
1997-01-20,24.263,24.373,24.033,24.033,656982,0
1997-01-21,24.263,24.483,23.924,24.373,1127567,0
1997-01-22,23.816,23.924,23.595,23.595,1152915,0
1997-01-23,23.366,23.704,23.255,23.478,2041208,0
1997-01-24,23.704,24.033,23.595,23.924,1652346,0
1997-01-27,24.033,24.7,23.924,24.483,1563410,0
1997-01-28,24.263,24.592,24.145,24.373,1173566,0
1997-01-29,24.145,24.592,24.145,24.592,809072,0
1997-01-30,24.263,24.483,23.816,23.924,1451091,0
1997-01-31,24.033,24.145,23.704,23.924,979082,0
1997-02-03,24.033,24.592,23.924,24.145,1231039,0
1997-02-04,24.145,24.483,23.704,24.033,1125822,0
1997-02-05,23.816,24.033,23.366,23.595,1394493,0
1997-02-06,23.595,23.595,22.928,23.255,1889226,0
1997-02-07,22.698,23.704,22.698,23.704,2323536,0
1997-02-10,23.595,23.704,23.255,23.255,1199570,0
1997-02-11,23.255,23.366,22.808,23.145,1151933,0
1997-02-12,22.928,24.145,22.589,23.924,3370796,0
1997-02-13,23.924,24.592,23.924,24.033,1733967,0
1997-02-14,24.033,24.033,23.145,23.704,2887539,0
1997-02-18,22.589,23.366,22.589,23.366,2018696,0
1997-02-19,23.478,23.816,23.255,23.255,1995204,0
1997-02-20,23.255,24.145,23.145,23.924,2720479,0
1997-02-21,24.373,24.592,24.033,24.033,3184619,0
1997-02-24,24.373,24.592,24.033,24.592,1938495,0
1997-02-25,24.483,24.7,24.373,24.7,992631,0
1997-02-26,24.7,24.813,23.816,23.924,1651579,0
1997-02-27,24.7,25.041,24.483,24.924,2447544,0
1997-02-28,24.7,25.262,24.373,25.15,1907799,0
1997-03-03,24.924,25.041,24.7,24.813,964770,0
1997-03-04,24.483,24.7,24.373,24.592,810931,0
1997-03-05,24.145,24.373,24.033,24.145,1817986,0
1997-03-06,24.263,24.373,23.704,23.704,1679880,0
1997-03-07,23.704,23.816,23.366,23.478,1034699,0
1997-03-10,23.478,23.704,23.366,23.478,1480593,0
1997-03-11,23.704,24.033,23.704,23.924,1058190,0
1997-03-12,23.704,23.816,23.595,23.704,801974,0
1997-03-13,23.816,23.924,23.704,23.704,1017545,0
1997-03-14,23.704,23.816,23.255,23.595,690200,0
1997-03-17,23.478,23.595,23.145,23.145,1089110,0
1997-03-18,23.038,23.595,22.928,23.595,1135434,0
1997-03-19,23.478,23.704,23.145,23.478,940512,0
1997-03-20,23.704,23.704,23.038,23.038,1094136,0
1997-03-21,23.145,23.366,22.928,23.038,1650380,0
1997-03-24,22.808,23.038,22.698,22.928,613934,0
1997-03-25,22.928,22.928,22.37,22.589,1167558,0
1997-03-26,22.476,23.145,22.148,22.698,2409959,0
1997-03-27,22.476,22.698,21.592,21.592,2076823,0
1997-03-31,21.592,21.7,20.813,21.142,2500100,0
1997-04-01,21.25,21.363,20.922,21.142,1468460,0
1997-04-02,21.25,21.81,21.25,21.479,1308392,0
1997-04-03,21.363,21.592,20.922,21.142,1421592,0
1997-04-04,20.813,21.142,20.813,21.031,852668,0
1997-04-07,20.922,21.031,20.582,20.813,1321178,0
1997-04-08,20.695,20.922,20.582,20.813,1291462,0
1997-04-09,20.695,21.031,20.582,20.695,1056331,0
1997-04-10,20.695,21.479,20.582,21.25,1623065,0
1997-04-11,21.031,21.25,20.582,20.695,1183180,0
1997-04-14,20.813,20.813,20.362,20.362,838686,0
1997-04-15,20.255,20.255,19.916,20.146,935269,0
1997-04-16,19.916,20.473,19.916,20.473,1738335,0
1997-04-17,20.255,21.142,20.035,21.142,2456396,0
1997-04-18,21.142,21.363,20.695,20.695,1401704,0
1997-04-21,20.922,21.142,20.473,20.922,995910,0
1997-04-22,20.695,20.813,20.473,20.582,815192,0
1997-04-23,20.473,20.695,20.146,20.146,872991,0
1997-04-24,20.255,20.362,19.249,19.586,1483106,0
1997-04-25,19.806,19.916,19.476,19.586,1277255,0
1997-04-28,19.367,19.916,19.139,19.695,1434592,0
1997-04-29,19.695,20.035,19.695,19.916,928932,0
1997-04-30,19.916,20.035,19.586,19.916,1534344,0
1997-05-01,19.806,20.362,19.806,20.146,1399847,0
1997-05-02,20.146,20.255,20.035,20.146,869494,0
1997-05-05,20.695,21.592,20.473,20.695,997876,0
1997-05-06,20.922,21.142,20.695,21.031,1626998,0
1997-05-07,21.142,21.919,21.031,21.81,1715827,0
1997-05-08,22.031,22.259,21.7,21.81,1640877,0
1997-05-09,22.031,22.589,22.031,22.589,1732110,0
1997-05-12,22.698,23.145,22.37,22.37,2134952,0
1997-05-13,22.37,22.589,21.919,21.919,1573790,0
1997-05-14,21.919,22.148,21.592,21.592,793779,0
1997-05-15,21.7,22.148,21.592,22.031,1136307,0
1997-05-16,21.7,21.919,21.592,21.81,921722,0
1997-05-19,21.479,21.919,21.363,21.592,692603,0
1997-05-20,21.7,22.031,21.479,21.81,1068677,0
1997-05-21,21.7,21.919,21.7,21.7,637754,0
1997-05-22,21.7,21.81,21.592,21.7,422729,0
1997-05-23,21.7,21.919,21.592,21.919,460421,0
1997-05-27,22.148,22.808,22.148,22.698,1354724,0
1997-05-28,22.551,22.77,22.213,22.442,935926,0
1997-05-29,22.551,22.993,22.325,22.993,983234,0
1997-05-30,22.661,22.881,22.551,22.551,560835,0
1997-06-02,22.551,22.661,22.103,22.103,1022462,0
1997-06-03,22.103,22.213,21.656,21.763,1259774,0
1997-06-04,21.544,21.763,21.096,21.096,901726,0
1997-06-05,21.207,21.763,21.096,21.544,2102171,0
1997-06-06,21.763,21.884,21.544,21.544,1241964,0
1997-06-09,21.656,21.993,21.656,21.884,892877,0
1997-06-10,21.763,21.884,21.656,21.884,436714,0
1997-06-11,21.884,22.325,21.884,22.103,652396,0
1997-06-12,21.884,22.325,21.763,22.325,862935,0
1997-06-13,22.213,22.551,22.103,22.103,827649,0
1997-06-16,22.325,22.325,21.763,21.763,755098,0
1997-06-17,21.763,21.884,21.544,21.656,788313,0
1997-06-18,21.544,21.656,20.877,20.987,1161549,0
1997-06-19,21.207,21.325,20.877,21.096,1435466,0
1997-06-20,20.987,20.987,20.427,20.538,2222796,0
1997-06-23,20.427,20.427,19.31,19.869,3915243,0
1997-06-24,19.76,19.816,19.422,19.476,2428864,0
1997-06-25,19.65,20.209,19.595,19.98,2398814,0
1997-06-26,19.98,20.371,19.869,19.98,1145271,0
1997-06-27,19.816,19.98,19.422,19.595,1077855,0
1997-06-30,19.476,19.65,19.258,19.53,1701187,0
1997-07-01,19.476,20.264,19.476,20.091,853981,0
1997-07-02,19.76,19.816,19.422,19.53,871244,0
1997-07-03,19.76,19.98,19.595,19.595,788859,0
1997-07-07,17.3,18.14,17.245,18.084,7159952,0
1997-07-08,18.534,19.869,18.36,19.148,3836031,0
1997-07-09,19.148,19.148,18.643,18.863,2382755,0
1997-07-10,19.202,19.53,19.093,19.476,1715718,0
1997-07-11,19.476,20.035,19.422,19.98,2527195,0
1997-07-14,19.924,19.924,19.258,19.258,1185913,0
1997-07-15,19.202,20.091,18.972,19.037,869716,0
1997-07-16,19.148,19.422,19.037,19.202,1041255,0
1997-07-17,19.31,19.924,19.31,19.924,1527464,0
1997-07-18,19.869,20.703,19.76,20.538,2482291,0
1997-07-21,20.318,20.371,19.367,19.869,1127133,0
1997-07-22,19.98,20.318,19.869,19.924,1072719,0
1997-07-23,19.704,19.869,19.476,19.65,1036555,0
1997-07-24,19.595,20.035,19.258,19.476,2040223,0
1997-07-25,19.704,19.816,19.53,19.76,972087,0
1997-07-28,19.816,20.091,19.704,19.98,862068,0
1997-07-29,19.704,19.98,19.65,19.98,862284,0
1997-07-30,20.209,20.371,20.146,20.371,983564,0
1997-07-31,20.483,20.538,20.209,20.371,810603,0
1997-08-01,20.318,20.483,20.146,20.318,771706,0
1997-08-04,20.318,20.371,20.209,20.264,270639,0
1997-08-05,20.091,20.091,19.595,19.65,1354940,0
1997-08-06,19.595,20.146,19.53,20.035,1597168,0
1997-08-07,20.264,20.427,20.146,20.318,1130084,0
1997-08-08,20.318,21.325,20.318,21.151,2468744,0
1997-08-11,21.151,21.26,21.041,21.151,1642405,0
1997-08-12,20.987,21.096,20.703,20.932,888617,0
1997-08-13,20.932,21.381,20.877,21.207,1401375,0
1997-08-14,21.151,21.151,20.591,20.648,956465,0
1997-08-15,20.703,21.041,20.648,20.822,912542,0
1997-08-18,20.769,21.041,20.538,20.987,1222844,0
1997-08-19,21.041,21.26,20.318,20.427,1772750,0
1997-08-20,20.371,20.591,20.264,20.483,1081569,0
1997-08-21,20.703,20.932,20.538,20.591,801751,0
1997-08-22,20.648,20.987,20.591,20.877,977444,0
1997-08-25,20.769,20.877,20.648,20.822,479873,0
1997-08-26,21.041,21.207,20.877,20.877,897684,0
1997-08-27,20.822,20.932,20.591,20.591,482932,0
1997-08-28,20.648,20.877,20.427,20.483,1070315,0
1997-08-29,20.591,20.591,20.264,20.318,396617,0
1997-09-02,20.209,20.318,20.035,20.209,633710,0
1997-09-03,20.146,20.318,20.091,20.209,744609,0
1997-09-04,20.091,20.264,20.035,20.209,540403,0
1997-09-05,20.209,20.209,19.924,19.98,683536,0
1997-09-08,19.924,19.98,19.148,19.148,2413786,0
1997-09-09,19.093,19.476,18.972,19.367,1680208,0
1997-09-10,19.422,19.816,19.422,19.53,1553795,0
1997-09-11,19.595,19.595,18.972,19.148,2724628,0
1997-09-12,19.093,19.422,19.037,19.31,1298456,0
1997-09-15,19.202,19.202,18.863,18.92,1095120,0
1997-09-16,18.92,18.92,18.698,18.863,1023769,0
1997-09-17,19.037,19.31,19.037,19.148,820328,0
1997-09-18,19.31,19.869,19.31,19.816,1515553,0
1997-09-19,19.98,20.318,19.924,19.924,1631587,0
1997-09-22,19.924,19.98,19.093,19.093,668455,0
1997-09-23,19.093,19.53,19.093,19.476,1099489,0
1997-09-24,19.65,20.264,19.595,20.264,2137793,0
1997-09-25,20.318,21.434,20.318,21.26,3269186,0
1997-09-26,21.151,21.207,20.932,20.932,1574880,0
1997-09-29,20.987,21.601,20.932,21.381,1419292,0
1997-09-30,22.325,22.442,21.993,22.048,2868308,0
1997-10-01,22.495,22.495,21.544,21.993,2265845,0
1997-10-02,21.71,22.048,21.601,21.601,1069660,0
1997-10-03,21.71,22.156,21.656,22.103,1063543,0
1997-10-06,21.993,21.993,21.434,21.488,898666,0
1997-10-07,21.434,21.544,21.151,21.434,896589,0
1997-10-08,21.434,21.884,21.325,21.763,2400671,0
1997-10-09,22.103,22.156,21.207,21.325,1946478,0
1997-10-10,21.488,21.544,21.151,21.544,748218,0
1997-10-13,21.488,21.763,21.434,21.71,485665,0
1997-10-14,21.656,21.656,20.371,21.26,591756,0
1997-10-15,21.041,21.207,20.932,20.932,1026171,0
1997-10-16,21.096,21.151,20.538,20.538,745706,0
1997-10-17,20.264,20.483,20.091,20.209,885447,0
1997-10-20,19.98,20.146,19.816,19.816,636991,0
1997-10-21,19.869,20.483,19.816,20.483,1087252,0
1997-10-22,20.538,21.096,20.483,21.096,1476325,0
1997-10-23,21.434,21.601,21.041,21.041,1386955,0
1997-10-24,20.318,20.318,19.202,19.258,2491796,0
1997-10-27,19.202,19.202,17.691,17.857,3369048,0
1997-10-28,17.078,18.643,17.078,18.588,2421105,0
1997-10-29,18.588,18.588,17.691,17.745,1485616,0
1997-10-30,18.196,18.863,18.084,18.863,3277707,0
1997-10-31,18.084,18.752,17.975,18.36,1298123,0
1997-11-03,18.643,18.863,18.305,18.36,921067,0
1997-11-04,18.479,18.643,18.196,18.196,674027,0
1997-11-05,18.196,18.36,18.029,18.14,1069660,0
1997-11-06,17.921,18.084,17.691,17.745,850812,0
1997-11-07,17.3,17.474,17.133,17.3,1514461,0
1997-11-10,17.417,17.581,17.189,17.3,878670,0
1997-11-11,17.636,17.857,16.914,17.189,1051197,0
1997-11-12,17.023,17.023,15.743,15.85,1744672,0
1997-11-13,16.072,16.576,16.072,16.52,2085127,0
1997-11-14,15.85,16.355,15.403,16.3,1996519,0
1997-11-17,16.52,16.63,16.355,16.355,1154555,0
1997-11-18,16.411,16.914,16.19,16.19,1206130,0
1997-11-19,16.246,16.52,15.906,16.072,1191924,0
1997-11-20,15.961,16.3,15.906,16.246,1591382,0
1997-11-21,16.467,16.52,15.906,15.961,1383241,0
1997-11-24,16.072,16.072,15.633,15.633,1557838,0
1997-11-25,15.587,15.752,15.193,15.249,2723208,0
1997-11-26,14.92,15.028,14.636,14.856,2232631,0
1997-11-28,14.636,14.856,14.58,14.856,601262,0
1997-12-01,14.525,14.69,14.299,14.636,1996628,0
1997-12-02,14.69,15.028,14.58,14.856,2451805,0
1997-12-03,14.8,14.92,14.69,14.746,1771658,0
1997-12-04,14.58,14.69,13.959,14.13,3378553,0
1997-12-05,14.075,14.58,14.022,14.468,2802641,0
1997-12-08,14.58,14.636,14.13,14.13,1215304,0
1997-12-09,13.902,14.022,13.574,13.848,5158188,0
1997-12-10,14.243,14.468,13.737,14.403,3697047,0
1997-12-11,14.468,14.69,14.243,14.403,2713704,0
1997-12-12,14.348,15.081,14.348,14.975,3459956,0
1997-12-15,15.136,15.533,15.028,15.421,2393789,0
1997-12-16,15.421,15.697,15.193,15.303,2000125,0
1997-12-17,16.145,16.657,16.034,16.657,3754520,0
1997-12-18,16.657,17.042,16.374,16.43,3296172,0
1997-12-19,16.319,16.374,15.697,15.925,2212091,0
1997-12-22,16.09,16.374,16.09,16.264,1047588,0
1997-12-23,16.486,16.766,16.374,16.657,1412410,0
1997-12-24,16.932,17.557,16.932,17.38,1626780,0
1997-12-26,17.271,17.325,16.932,17.271,577663,0
1997-12-29,17.105,17.271,16.594,16.657,1232897,0
1997-12-30,16.43,17.271,16.374,17.161,1436886,0
1997-12-31,16.594,16.932,16.539,16.712,929918,0
1998-01-02,16.712,17.217,16.594,16.932,669878,0
1998-01-05,16.712,16.712,15.868,16.034,1974555,0
1998-01-06,15.979,16.034,15.193,15.249,2764402,0
1998-01-07,15.136,15.642,15.028,15.478,2638749,0
1998-01-08,14.92,15.136,14.243,14.403,4068098,0
1998-01-09,14.348,14.403,14.022,14.13,2298074,0
1998-01-12,14.022,14.299,13.509,13.794,2083488,0
1998-01-13,14.13,15.136,14.075,15.136,2716219,0
1998-01-14,15.925,15.979,15.366,15.478,4372277,0
1998-01-15,15.478,16.145,15.478,16.145,2358825,0
1998-01-16,16.657,16.821,16.43,16.712,3288853,0
1998-01-20,15.478,15.868,15.421,15.752,2776527,0
1998-01-21,15.925,16.145,15.752,16.034,1803782,0
1998-01-22,16.145,16.319,15.816,15.816,1788486,0
1998-01-23,15.816,17.271,15.816,17.105,4871931,0
1998-01-26,17.491,18.056,17.271,17.557,6071499,0
1998-01-27,17.557,18.003,17.557,17.939,2447544,0
1998-01-28,17.557,18.278,17.557,18.224,2670545,0
1998-01-29,18.056,18.056,17.325,17.38,2772595,0
1998-01-30,17.557,17.608,17.325,17.38,1567451,0
1998-02-02,17.271,17.608,17.271,17.557,1884635,0
1998-02-03,17.042,17.042,16.43,16.539,2770848,0
1998-02-04,16.932,17.664,16.876,17.491,3849467,0
1998-02-05,17.885,17.939,17.325,17.718,3098409,0
1998-02-06,17.664,17.885,17.608,17.774,1479716,0
1998-02-09,17.885,18.112,17.774,18.056,1486708,0
1998-02-10,18.112,18.168,17.608,17.774,1306536,0
1998-02-11,17.608,17.885,17.491,17.664,946416,0
1998-02-12,17.608,17.718,17.325,17.718,1197275,0
1998-02-13,17.829,18.003,17.718,17.939,1566468,0
1998-02-17,18.003,18.003,17.161,17.161,1401485,0
1998-02-18,17.217,17.436,16.987,17.042,1952377,0
1998-02-19,17.161,17.161,16.766,16.876,2397724,0
1998-02-20,16.594,16.657,16.539,16.594,2435634,0
1998-02-23,16.264,16.319,16.145,16.145,2814005,0
1998-02-24,16.209,16.209,15.868,15.868,1573241,0
1998-02-25,16.034,16.034,15.868,15.925,2107308,0
1998-02-26,15.979,16.712,15.979,16.712,3713655,0
1998-02-27,17.042,17.38,16.987,17.325,1924844,0
1998-03-02,17.271,17.38,17.105,17.325,720572,0
1998-03-03,16.932,17.161,16.932,17.042,772360,0
1998-03-04,16.932,17.217,16.932,17.217,814320,0
1998-03-05,16.876,17.271,16.766,17.271,1220549,0
1998-03-06,17.325,17.557,17.217,17.557,1050539,0
1998-03-09,17.491,18.224,17.38,18.224,1719871,0
1998-03-10,18.168,18.78,18.112,18.615,3272462,0
1998-03-11,18.278,18.453,18.112,18.168,1394823,0
1998-03-12,18.056,18.112,17.718,18.003,992851,0
1998-03-13,18.003,18.278,18.003,18.278,869278,0
1998-03-16,18.224,18.224,17.939,17.939,763839,0
1998-03-17,17.829,17.829,17.436,17.436,1260649,0
1998-03-18,17.105,17.38,17.105,17.325,1789578,0
1998-03-19,17.325,17.491,17.161,17.217,875615,0
1998-03-20,17.325,17.325,16.987,17.042,1855570,0
1998-03-23,17.38,18.112,17.325,18.112,2390403,0
1998-03-24,18.278,18.333,17.829,18.056,2034976,0
1998-03-25,17.939,18.224,17.718,17.774,1540900,0
1998-03-26,17.829,19.176,17.718,19.121,5431012,0
1998-03-27,19.23,19.906,19.01,19.679,4604677,0
1998-03-30,19.567,20.016,19.283,19.567,2470488,0
1998-03-31,19.457,19.624,19.283,19.404,1709602,0
1998-04-01,19.348,19.404,19.121,19.121,960288,0
1998-04-02,19.283,19.797,19.283,19.457,4160313,0
1998-04-03,20.246,20.352,19.853,20.181,3872632,0
1998-04-06,20.629,21.022,20.574,20.751,4563484,0
1998-04-07,20.695,20.695,20.129,20.129,1608972,0
1998-04-08,19.961,20.751,19.732,20.751,2429078,0
1998-04-09,20.465,20.695,19.853,19.853,1410661,0
1998-04-13,20.073,20.246,19.797,20.181,1078403,0
1998-04-14,19.906,20.016,19.457,19.624,1200448,0
1998-04-15,19.404,19.797,19.23,19.567,1183950,0
1998-04-16,19.404,19.679,19.23,19.457,1872179,0
1998-04-17,19.457,19.567,19.01,19.23,1364333,0
1998-04-20,19.23,19.457,19.176,19.23,969360,0
1998-04-21,19.457,20.465,19.457,20.465,3063775,0
1998-04-22,20.695,21.198,20.574,21.198,4314044,0
1998-04-23,21.142,21.25,20.859,21.198,2067755,0
1998-04-24,21.022,21.142,20.574,20.574,1048353,0
1998-04-27,20.181,20.409,19.906,20.016,1405416,0
1998-04-28,20.016,20.519,19.961,20.519,1657920,0
1998-04-29,20.465,21.25,20.465,20.859,2212308,0
1998-04-30,21.022,21.078,20.073,20.129,1632354,0
1998-05-01,20.129,20.181,19.283,19.679,1297468,0
1998-05-04,19.797,20.073,19.567,19.797,926858,0
1998-05-05,19.732,20.073,19.404,19.797,1501679,0
1998-05-06,19.679,19.679,19.23,19.679,1118062,0
1998-05-07,19.283,19.404,19.01,19.176,1869667,0
1998-05-08,19.457,19.732,19.457,19.567,894298,0
1998-05-11,19.624,20.129,19.567,20.129,1050975,0
1998-05-12,20.016,20.073,19.404,19.512,1422570,0
1998-05-13,19.283,19.567,19.121,19.283,1660541,0
1998-05-14,19.121,19.567,18.835,19.457,1866167,0
1998-05-15,19.906,20.073,19.624,19.624,1353414,0
1998-05-18,19.512,19.624,18.724,18.724,1193011,0
1998-05-19,19.065,19.283,18.901,18.955,901506,0
1998-05-20,19.176,19.23,18.724,18.78,852341,0
1998-05-21,18.901,19.01,18.508,18.78,1087033,0
1998-05-22,18.67,18.901,18.56,18.835,615135,0
1998-05-26,18.56,18.56,17.608,17.718,1853602,0
1998-05-27,17.408,17.572,17.235,17.351,1740853,0
1998-05-28,17.464,17.857,17.351,17.801,2761231,0
1998-05-29,17.801,17.857,17.29,17.351,923801,0
1998-06-01,17.179,17.179,16.558,16.676,1692338,0
1998-06-02,16.895,17.179,16.895,17.124,1399631,0
1998-06-03,17.124,17.29,16.895,16.95,2167727,0
1998-06-04,16.785,16.95,16.73,16.785,1341719,0
1998-06-05,16.558,16.73,16.503,16.676,931007,0
1998-06-08,16.676,17.572,16.676,17.519,1629950,0
1998-06-09,17.627,17.912,16.895,16.895,2130144,0
1998-06-10,17.014,17.014,16.337,16.393,1241419,0
1998-06-11,16.217,16.281,15.266,15.661,2278408,0
1998-06-12,15.77,15.887,14.874,15.486,2045577,0
1998-06-15,15.321,15.605,15.036,15.036,958653,0
1998-06-16,15.376,15.661,15.321,15.661,1423009,0
1998-06-17,15.998,16.337,15.944,16.164,1679555,0
1998-06-18,16.053,16.107,15.716,16.053,1593456,0
1998-06-19,16.393,16.73,16.281,16.281,2062841,0
1998-06-22,15.887,16.217,15.77,16.107,866873,0
1998-06-23,16.107,16.449,15.998,16.449,947944,0
1998-06-24,16.393,16.449,16.107,16.337,840323,0
1998-06-25,16.449,16.73,16.393,16.676,1262179,0
1998-06-26,16.558,16.785,16.449,16.73,975040,0
1998-06-29,16.676,16.839,16.558,16.558,487413,0
1998-06-30,17.014,17.408,16.839,17.351,3412643,0
1998-07-01,17.235,17.29,16.73,17.124,597764,0
1998-07-02,16.785,16.95,16.449,16.558,568592,0
1998-07-06,16.558,16.785,16.449,16.676,793561,0
1998-07-07,16.895,17.519,16.73,17.235,833550,0
1998-07-08,16.839,17.069,16.73,17.069,879219,0
1998-07-09,16.95,17.014,16.558,16.558,665069,0
1998-07-10,16.558,16.558,16.107,16.449,701670,0
1998-07-13,16.503,16.895,16.164,16.217,916040,0
1998-07-14,16.393,16.503,16.281,16.393,778372,0
1998-07-15,16.281,16.337,15.998,16.107,816724,0
1998-07-16,16.107,16.621,16.107,16.503,1420931,0
1998-07-17,16.503,16.785,16.449,16.621,1697800,0
1998-07-20,16.73,16.895,16.558,16.895,1265457,0
1998-07-21,16.558,16.895,16.449,16.449,707791,0
1998-07-22,16.449,16.676,16.393,16.503,475063,0
1998-07-23,16.281,16.503,15.998,15.998,688778,0
1998-07-24,16.337,16.337,15.825,15.944,858791,0
1998-07-27,15.77,15.998,15.77,15.887,583233,0
1998-07-28,15.887,16.164,15.77,15.887,1370458,0
1998-07-29,15.77,15.887,15.321,15.321,966628,0
1998-07-30,15.486,15.551,15.321,15.486,536468,0
1998-07-31,15.376,15.486,14.535,14.754,893096,0
1998-08-03,14.874,15.036,14.421,14.59,1020055,0
1998-08-04,14.874,15.211,14.644,14.644,1684360,0
1998-08-05,14.874,15.321,14.818,14.985,1401485,0
1998-08-06,14.929,15.09,14.754,14.929,871898,0
1998-08-07,14.818,14.985,14.754,14.874,776516,0
1998-08-10,14.698,14.985,14.59,14.929,838793,0
1998-08-11,14.59,14.59,14.085,14.308,1046497,0
1998-08-12,14.535,14.644,14.195,14.308,619836,0
1998-08-13,14.308,14.874,14.308,14.478,1167885,0
1998-08-14,14.358,14.421,14.022,14.022,581156,0
1998-08-17,14.139,14.308,14.022,14.252,680582,0
1998-08-18,14.252,14.535,14.085,14.478,754009,0
1998-08-19,14.535,14.929,14.478,14.754,887416,0
1998-08-20,14.929,15.036,14.874,15.036,1832847,0
1998-08-21,14.985,15.211,14.644,14.929,1371658,0
1998-08-24,14.929,15.036,14.644,14.754,833765,0
1998-08-25,14.478,14.59,14.308,14.421,992739,0
1998-08-26,14.421,14.478,13.802,13.802,1747730,0
1998-08-27,13.519,13.574,12.622,12.95,3163857,0
1998-08-28,12.732,12.841,11.604,11.944,3539166,0
1998-08-31,12.164,12.281,11.604,11.714,2561175,0
1998-09-01,12.164,12.393,11.714,12.001,2820233,0
1998-09-02,12.055,12.732,12.055,12.393,1979255,0
1998-09-03,12.393,13.912,12.281,13.746,5604956,0
1998-09-04,13.857,15.155,13.857,15.09,5095035,0
1998-09-08,15.09,15.266,14.478,15.266,1912607,0
1998-09-09,14.754,15.266,14.644,14.874,1685894,0
1998-09-10,15.77,16.337,15.661,16.281,4667170,0
1998-09-11,17.235,17.351,15.998,16.107,4405605,0
1998-09-14,15.77,16.107,15.551,16.107,1809029,0
1998-09-15,16.107,16.393,15.716,15.825,1142102,0
1998-09-16,15.605,15.661,15.321,15.605,838248,0
1998-09-17,15.825,16.503,15.825,16.281,1850654,0
1998-09-18,16.217,16.621,15.887,16.621,1840057,0
1998-09-21,16.895,17.014,15.944,15.998,1587337,0
1998-09-22,15.998,16.281,15.716,16.164,1584169,0
1998-09-23,16.164,17.124,16.107,17.124,2134190,0
1998-09-24,17.235,18.416,17.235,18.196,4772064,0
1998-09-25,18.817,19.211,18.305,18.479,4769658,0
1998-09-28,18.021,19.432,17.912,19.265,3148016,0
1998-09-29,19.211,19.319,17.801,17.857,2262459,0
1998-09-30,17.627,18.249,17.179,18.021,2876609,0
1998-10-01,18.698,19.319,18.479,19.037,4127537,0
1998-10-02,19.376,20.446,19.037,19.211,5556661,0
1998-10-05,19.605,19.824,18.643,18.752,3888363,0
1998-10-06,17.681,19.037,17.627,19.037,3650832,0
1998-10-07,19.769,20.732,19.319,20.732,4422429,0
1998-10-08,20.95,21.068,19.824,19.942,5709299,0
1998-10-09,19.659,19.659,18.698,19.093,3686012,0
1998-10-12,18.817,19.148,17.745,19.148,3657606,0
1998-10-13,19.093,19.093,18.305,18.36,1474688,0
1998-10-14,18.196,18.196,17.745,17.912,2176800,0
1998-10-15,18.14,19.148,18.14,18.929,2348992,0
1998-10-16,18.872,19.376,18.479,19.093,2833674,0
1998-10-19,18.872,18.982,18.479,18.698,2295128,0
1998-10-20,18.817,19.093,18.534,18.817,1655187,0
1998-10-21,18.752,18.752,18.196,18.305,1647651,0
1998-10-22,17.627,18.196,17.627,17.966,1686111,0
1998-10-23,18.021,18.249,17.745,17.801,869933,0
1998-10-26,17.681,17.801,17.235,17.801,1746419,0
1998-10-27,17.801,18.817,17.801,18.752,2046232,0
1998-10-28,18.643,19.093,18.305,18.817,1568110,0
1998-10-29,18.752,19.319,18.752,18.982,1436231,0
1998-10-30,19.037,19.319,18.698,19.265,1658463,0
1998-11-02,19.211,19.265,18.588,18.643,1027812,0
1998-11-03,18.479,18.817,18.416,18.588,1443332,0
1998-11-04,18.817,20.054,18.817,19.824,2242568,0
1998-11-05,19.714,21.288,19.605,20.84,3802266,0
1998-11-06,20.556,20.786,19.714,20.054,1818860,0
1998-11-09,19.486,19.714,19.319,19.659,905333,0
1998-11-10,19.549,19.942,19.265,19.319,1772314,0
1998-11-11,19.549,19.714,18.698,18.698,1361170,0
1998-11-12,18.929,20.054,18.929,19.769,2370080,0
1998-11-13,19.714,19.998,18.929,19.148,1291025,0
1998-11-16,19.037,19.148,18.534,18.534,937020,0
1998-11-17,18.36,18.929,18.249,18.534,1521890,0
1998-11-18,19.605,19.878,19.148,19.148,2580295,0
1998-11-19,19.265,19.376,18.752,19.265,1663711,0
1998-11-20,19.432,19.549,19.093,19.211,1026939,0
1998-11-23,19.319,19.659,18.817,19.659,1862345,0
1998-11-24,19.432,19.878,19.037,19.037,1637378,0
1998-11-25,19.121,19.348,18.78,18.835,840323,0
1998-11-27,18.724,18.78,18.67,18.67,588804,0
1998-11-30,18.333,18.333,17.538,18.103,1934022,0
1998-12-01,18.103,18.551,17.875,18.047,2224982,0
1998-12-02,17.819,18.159,17.71,17.875,1031419,0
1998-12-03,17.765,17.875,16.74,16.74,2245521,0
1998-12-04,16.914,17.361,16.858,17.252,2265297,0
1998-12-07,17.765,17.875,17.307,17.483,2173302,0
1998-12-08,17.252,17.307,16.74,16.969,1668628,0
1998-12-09,17.023,17.198,16.63,16.74,1640000,0
1998-12-10,16.74,17.819,16.685,17.819,3242962,0
1998-12-11,17.198,17.307,16.914,17.143,1803127,0
1998-12-14,17.361,17.646,17.088,17.361,1252232,0
1998-12-15,17.538,17.765,17.361,17.483,817378,0
1998-12-16,17.646,18.607,17.59,18.607,2126865,0
1998-12-17,18.333,18.333,17.59,17.819,1304683,0
1998-12-18,17.931,18.047,17.483,17.483,1478950,0
1998-12-21,17.483,17.538,17.023,17.198,837590,0
1998-12-22,17.198,17.198,16.63,16.63,1238687,0
1998-12-23,16.52,17.143,16.236,17.088,1095448,0
1998-12-24,17.088,17.426,16.969,17.252,316309,0
1998-12-28,17.023,17.088,16.291,17.023,688778,0
1998-12-29,17.023,17.71,17.023,17.59,1143956,0
1998-12-30,17.71,17.875,17.198,17.198,909813,0
1998-12-31,17.198,17.646,17.198,17.646,805908,0
1999-01-04,17.426,17.819,17.361,17.646,838465,0
1999-01-05,17.538,18.047,17.483,17.765,1183621,0
1999-01-06,18.047,18.333,17.931,18.214,1286979,0
1999-01-07,18.498,19.01,18.397,18.891,1862127,0
1999-01-08,18.955,19.348,18.443,19.23,1920038,0
1999-01-11,19.121,19.742,19.01,19.577,2079011,0
1999-01-12,18.551,18.955,18.443,18.551,1489657,0
1999-01-13,17.931,18.498,17.875,18.389,1088237,0
1999-01-14,18.268,18.498,18.047,18.159,1278018,0
1999-01-15,18.103,18.443,17.984,18.443,1225685,0
1999-01-19,18.103,18.103,17.765,17.875,893096,0
1999-01-20,17.765,17.984,17.426,17.931,1319212,0
1999-01-21,18.047,18.268,17.875,18.103,1682068,0
1999-01-22,17.875,17.875,17.538,17.71,816504,0
1999-01-25,17.875,18.103,17.59,17.646,1511731,0
1999-01-26,17.59,17.59,16.74,16.969,1510856,0
1999-01-27,16.803,16.858,16.467,16.576,1538280,0
1999-01-28,16.576,16.969,16.576,16.914,1610063,0
1999-01-29,17.088,17.307,16.969,17.252,1599246,0
1999-02-01,17.361,17.819,17.361,17.819,1232571,0
1999-02-02,17.765,18.214,17.646,17.819,1280532,0
1999-02-03,17.59,17.59,17.307,17.361,859880,0
1999-02-04,17.426,18.443,17.426,18.389,1974447,0
1999-02-05,18.443,18.67,18.103,18.333,1444424,0
1999-02-08,18.159,18.607,18.103,18.268,2438149,0
1999-02-09,17.875,17.875,17.088,17.088,1629072,0
1999-02-10,17.307,17.426,17.088,17.198,907954,0
1999-02-11,17.198,17.252,16.803,16.914,1103750,0
1999-02-12,17.361,17.765,17.252,17.765,1582856,0
1999-02-16,17.023,17.483,17.023,17.252,1664473,0
1999-02-17,17.198,17.483,16.803,16.914,1418642,0
1999-02-18,17.023,17.143,16.181,16.52,2748452,0
1999-02-19,16.52,16.803,16.291,16.685,1484631,0
1999-02-22,16.576,16.63,16.291,16.347,921613,0
1999-02-23,16.347,16.467,16.181,16.181,1373077,0
1999-02-24,16.181,16.403,15.897,16.006,1418967,0
1999-02-25,15.897,16.181,15.725,16.127,1603293,0
1999-02-26,16.181,16.236,15.779,16.006,1446392,0
1999-03-01,16.006,16.127,15.843,15.952,983564,0
1999-03-02,16.062,16.291,15.897,15.897,2726488,0
1999-03-03,15.897,15.952,15.614,15.952,1341174,0
1999-03-04,16.062,16.347,16.006,16.291,1773191,0
1999-03-05,16.291,16.467,16.127,16.347,1264912,0
1999-03-08,16.576,17.143,16.467,17.088,2248364,0
1999-03-09,17.307,17.765,16.969,16.969,2720916,0
1999-03-10,16.969,17.307,16.803,17.143,1569965,0
1999-03-11,17.361,17.59,17.088,17.143,2982703,0
1999-03-12,17.143,17.426,16.74,16.914,5422927,0
1999-03-15,16.74,16.74,16.291,16.347,1488563,0
1999-03-16,16.181,16.347,15.67,16.347,2460877,0
1999-03-17,16.576,16.63,16.236,16.576,1628528,0
1999-03-18,16.52,16.63,16.181,16.467,1373512,0
1999-03-19,16.74,16.74,16.576,16.74,1324237,0
1999-03-22,16.74,17.143,16.685,16.969,1217382,0
1999-03-23,16.803,16.803,16.291,16.347,951553,0
1999-03-24,16.403,16.685,16.403,16.685,1277803,0
1999-03-25,16.52,16.576,16.236,16.403,1379634,0
1999-03-26,15.725,15.952,15.67,15.897,1822357,0
1999-03-29,15.897,16.062,15.331,15.331,1624268,0
1999-03-30,15.276,15.385,14.883,14.938,1746965,0
1999-03-31,15.043,15.67,14.938,15.44,3107260,0
1999-04-01,15.56,15.67,15.221,15.276,1629182,0
1999-04-05,15.221,15.331,14.938,15.043,1251470,0
1999-04-06,14.992,15.276,14.818,15.043,2113645,0
1999-04-07,15.043,15.221,14.992,15.1,1172478,0
1999-04-08,15.276,15.331,14.599,14.708,1233770,0
1999-04-09,14.818,15.331,14.599,15.276,2183352,0
1999-04-12,15.614,16.006,15.614,15.843,2313921,0
1999-04-13,15.897,16.127,15.614,15.779,1260756,0
1999-04-14,15.725,15.897,15.155,15.155,1687531,0
1999-04-15,15.385,16.127,15.385,15.843,4587085,0
1999-04-16,16.181,17.307,16.181,17.252,3856240,0
1999-04-19,17.252,17.59,16.347,17.538,3428048,0
1999-04-20,17.198,17.426,16.858,16.969,1471739,0
1999-04-21,17.023,17.023,16.52,16.63,1449886,0
1999-04-22,16.576,17.426,16.467,17.426,2519005,0
1999-04-23,17.361,17.71,17.307,17.483,1702825,0
1999-04-26,17.252,17.252,16.969,17.023,1353956,0
1999-04-27,17.143,17.984,16.858,17.59,2251642,0
1999-04-28,18.103,18.443,17.819,18.389,3744031,0
1999-04-29,18.389,19.01,18.103,18.724,3516002,0
1999-04-30,18.78,19.01,17.819,18.214,2211871,0
1999-05-03,18.214,19.23,18.103,19.23,2499444,0
1999-05-04,19.01,19.23,18.724,19.01,2693270,0
1999-05-05,18.955,20.591,18.955,20.538,5124317,0
1999-05-06,20.813,21.269,20.703,21.041,3834386,0
1999-05-07,18.551,19.23,18.159,18.551,6200316,0
1999-05-10,17.646,17.819,16.914,17.088,3072841,0
1999-05-11,17.426,17.59,17.143,17.483,2161063,0
1999-05-12,17.361,17.931,17.143,17.143,2145327,0
1999-05-13,17.361,17.71,17.252,17.646,1902334,0
1999-05-14,17.426,18.103,17.426,17.426,2137573,0
1999-05-17,17.538,17.646,16.576,16.685,1394053,0
1999-05-18,16.74,16.803,15.897,16.062,3046840,0
1999-05-19,16.006,16.467,15.67,16.467,2010175,0
1999-05-20,16.576,16.63,16.062,16.181,1423554,0
1999-05-21,16.062,16.236,15.897,16.181,830160,0
1999-05-24,16.062,16.467,15.843,15.897,1129539,0
1999-05-25,15.952,16.006,15.1,15.276,2187067,0
1999-05-26,15.193,15.595,15.136,15.533,1404435,0
1999-05-27,15.533,15.988,15.478,15.878,1946805,0
1999-05-28,15.651,15.762,15.478,15.707,1123416,0
1999-06-01,15.249,15.421,14.681,15.421,2094302,0
1999-06-02,15.366,15.707,15.312,15.707,2233066,0
1999-06-03,15.762,16.503,15.707,16.393,2563140,0
1999-06-04,16.558,16.621,16.043,16.449,1697908,0
1999-06-07,16.503,16.558,16.107,16.273,853544,0
1999-06-08,15.935,15.988,15.651,15.707,861627,0
1999-06-09,15.707,15.816,15.081,15.366,1367832,0
1999-06-10,15.421,16.043,15.366,15.988,1978270,0
1999-06-11,16.164,16.393,15.878,16.393,1339207,0
1999-06-14,16.273,16.503,16.043,16.043,1105388,0
1999-06-15,16.043,16.107,15.816,16.043,1063543,0
1999-06-16,16.043,16.043,15.595,15.878,674572,0
1999-06-17,16.217,16.273,15.816,16.043,855510,0
1999-06-18,16.273,16.558,16.043,16.393,1730251,0
1999-06-21,16.393,16.449,16.043,16.164,1067583,0
1999-06-22,16.107,16.217,15.707,15.762,882282,0
1999-06-23,15.762,16.73,15.707,16.676,1666881,0
1999-06-24,16.904,17.189,16.449,16.449,2220287,0
1999-06-25,16.558,16.839,16.329,16.73,1323804,0
1999-06-28,16.904,17.014,16.503,16.558,1177612,0
1999-06-29,16.503,16.839,16.273,16.839,2331618,0
1999-06-30,16.785,17.81,16.676,17.636,2415095,0
1999-07-01,17.417,17.931,17.3,17.636,1429564,0
1999-07-02,17.581,17.867,17.528,17.81,1503862,0
1999-07-06,17.189,17.245,16.73,16.73,1484414,0
1999-07-07,16.621,17.069,16.503,16.558,1231475,0
1999-07-08,16.676,16.73,15.988,16.107,1349694,0
1999-07-09,16.329,16.393,16.043,16.393,1010222,0
1999-07-12,16.217,16.329,15.988,16.329,1135764,0
1999-07-13,15.935,16.107,15.651,16.043,1006616,0
1999-07-14,15.816,15.878,15.762,15.816,633605,0
1999-07-15,15.707,15.988,15.707,15.707,1141994,0
1999-07-16,15.988,16.107,15.478,15.595,1044313,0
1999-07-19,15.478,15.707,15.249,15.366,814208,0
1999-07-20,15.366,15.651,15.366,15.533,2101843,0
1999-07-21,15.651,16.329,15.651,16.273,1725551,0
1999-07-22,16.107,16.503,15.878,16.393,1843666,0
1999-07-23,16.329,16.558,16.164,16.273,797057,0
1999-07-26,16.043,16.273,16.043,16.217,512760,0
1999-07-27,16.217,16.558,16.217,16.217,1527245,0
1999-07-28,16.164,16.503,16.043,16.393,1126695,0
1999-07-29,16.273,17.245,16.217,16.867,2541946,0
1999-07-30,17.069,17.245,16.785,16.904,1754395,0
1999-08-02,16.785,16.83,16.329,16.329,723746,0
1999-08-03,16.676,17.581,16.676,17.581,2232957,0
1999-08-04,17.7,18.093,17.581,17.984,2320039,0
1999-08-05,17.984,18.093,17.7,17.867,1635632,0
1999-08-06,17.7,17.81,17.351,17.528,1386736,0
1999-08-09,17.636,18.434,17.636,18.434,2448638,0
1999-08-10,18.434,18.434,17.867,17.867,2307364,0
1999-08-11,18.093,18.661,18.038,18.434,2468415,0
1999-08-12,18.607,18.835,17.931,17.931,2217554,0
1999-08-13,18.038,18.149,17.474,17.867,1332757,0
1999-08-16,17.474,17.581,17.189,17.581,1258243,0
1999-08-17,17.474,18.149,17.417,18.149,1859398,0
1999-08-18,18.149,18.268,17.124,17.189,2245305,0
1999-08-19,17.069,17.528,16.904,17.3,1890314,0
1999-08-20,17.351,17.7,17.014,17.351,1827817,0
1999-08-23,17.069,17.755,16.904,17.528,1227544,0
1999-08-24,17.474,17.7,17.069,17.124,1264252,0
1999-08-25,17.124,17.351,16.904,16.959,1391214,0
1999-08-26,17.069,17.636,16.904,17.636,1941340,0
1999-08-27,17.755,17.931,17.474,17.474,1007710,0
1999-08-30,17.581,17.581,17.069,17.069,1269934,0
1999-08-31,17.245,17.755,17.124,17.636,1403561,0
1999-09-01,17.528,17.636,17.3,17.636,974930,0
1999-09-02,17.417,17.81,17.3,17.528,1468134,0
1999-09-03,17.189,17.351,17.069,17.069,1173894,0
1999-09-07,17.3,17.7,17.245,17.351,2001653,0
1999-09-08,17.3,17.528,17.124,17.124,2254918,0
1999-09-09,17.3,17.528,17.3,17.474,1178592,0
1999-09-10,17.189,17.417,17.069,17.124,886651,0
1999-09-13,17.124,17.189,16.676,16.904,1003338,0
1999-09-14,16.73,17.3,16.676,17.124,1024864,0
1999-09-15,17.014,17.069,16.73,16.73,1018090,0
1999-09-16,16.73,16.904,16.558,16.621,722759,0
1999-09-17,16.676,16.959,16.449,16.904,1283483,0
1999-09-20,16.904,17.3,16.904,17.014,888289,0
1999-09-21,17.474,18.149,17.417,18.038,2951783,0
1999-09-22,18.324,18.661,17.984,18.214,2892455,0
1999-09-23,18.149,18.607,18.038,18.149,1527464,0
1999-09-24,18.379,18.835,18.324,18.379,2839025,0
1999-09-27,20.483,21.966,20.427,21.966,8876542,0
1999-09-28,23.329,23.669,21.63,21.736,10471637,0
1999-09-29,21.344,21.563,20.035,20.318,5445434,0
1999-09-30,20.427,20.483,19.742,19.806,3801177,0
1999-10-01,20.483,20.601,19.916,20.371,3164513,0
1999-10-04,20.941,21.856,20.769,21.856,3646788,0
1999-10-05,22.076,22.25,20.146,20.371,5292471,0
1999-10-06,20.318,20.318,19.522,19.632,2976366,0
1999-10-07,19.404,19.577,18.724,18.891,3210402,0
1999-10-08,18.946,19.522,18.149,18.498,3805546,0
1999-10-11,18.324,19.457,18.214,19.457,3366643,0
1999-10-12,19.239,19.457,18.434,18.498,3038975,0
1999-10-13,18.835,19.806,18.78,19.806,3276943,0
1999-10-14,19.742,19.806,18.498,18.724,2997560,0
1999-10-15,18.946,19.121,18.498,18.78,1953469,0
1999-10-18,18.607,18.724,18.149,18.268,1261412,0
1999-10-19,17.984,18.214,17.81,17.931,1902992,0
1999-10-20,17.81,18.214,17.636,17.867,1744457,0
1999-10-21,17.7,18.379,17.3,18.324,2169804,0
1999-10-22,18.093,18.149,17.755,17.931,1223610,0
1999-10-25,17.984,18.379,17.581,17.7,2428534,0
1999-10-26,17.528,17.636,16.503,16.503,4157908,0
1999-10-27,17.014,17.124,16.785,16.904,2926871,0
1999-10-28,17.3,17.3,16.503,16.558,3318569,0
1999-10-29,16.73,16.904,16.558,16.676,1671683,0
1999-11-01,16.393,16.449,15.988,16.217,1834266,0
1999-11-02,16.217,16.621,16.043,16.621,2267264,0
1999-11-03,16.558,16.621,16.164,16.273,1588977,0
1999-11-04,16.107,16.329,15.988,16.107,2144787,0
1999-11-05,15.988,16.107,15.595,15.651,1650271,0
1999-11-08,15.533,15.988,15.421,15.935,2793902,0
1999-11-09,15.988,16.558,15.707,16.393,2851481,0
1999-11-10,16.503,17.351,16.449,17.3,3550310,0
1999-11-11,17.189,17.189,16.273,16.329,2069288,0
1999-11-12,16.164,16.73,16.107,16.273,1524293,0
1999-11-15,16.273,16.676,16.217,16.558,2079994,0
1999-11-17,16.273,16.503,16.043,16.043,2120855,0
1999-11-18,15.935,16.449,15.935,16.164,1090090,0
1999-11-19,16.107,16.503,16.107,16.217,1282827,0
1999-11-22,16.217,16.503,15.935,15.935,1718885,0
1999-11-23,16.273,17.189,16.217,17.069,3494809,0
1999-11-24,17.351,17.755,17.069,17.528,3299559,0
1999-11-26,17.902,17.902,17.618,17.728,2166309,0
1999-11-29,16.529,16.758,16.3,16.3,3370253,0
1999-11-30,16.355,16.758,16.3,16.476,1383895,0
1999-12-01,16.42,16.476,16.246,16.3,861189,0
1999-12-02,16.127,16.246,15.843,15.961,1985481,0
1999-12-03,15.906,16.19,15.843,15.961,1637815,0
1999-12-06,15.788,15.935,15.734,15.843,1106264,0
1999-12-07,16.072,16.821,16.016,16.703,2639189,0
1999-12-08,16.476,16.876,16.355,16.529,1424428,0
1999-12-09,16.42,16.42,16.072,16.072,901071,0
1999-12-10,16.3,16.42,15.961,16.072,728877,0
1999-12-13,16.072,16.3,15.843,16.246,1209624,0
1999-12-14,16.19,16.19,15.734,15.788,1106807,0
1999-12-15,15.843,16.3,15.788,16.246,1916646,0
1999-12-16,16.016,16.594,15.843,16.3,2026127,0
1999-12-17,16.648,16.987,16.42,16.703,3345774,0
1999-12-20,16.703,16.758,16.3,16.3,1069989,0
1999-12-21,16.246,16.758,16.016,16.703,1370348,0
1999-12-22,16.476,16.529,16.246,16.476,1358435,0
1999-12-23,16.355,16.703,16.19,16.476,1593129,0
1999-12-27,16.703,17.161,16.529,16.594,1715608,0
1999-12-28,16.932,17.105,16.529,16.594,1084849,0
1999-12-29,16.758,16.987,16.594,16.648,1006290,0
1999-12-30,16.703,16.703,16.246,16.246,1021695,0
1999-12-31,16.42,16.42,16.19,16.19,609344,0
2000-01-03,16.072,16.648,15.961,16.19,1649726,0
2000-01-04,15.843,16.19,15.67,15.961,1952594,0
2000-01-05,16.072,16.355,15.961,16.246,1404107,0
2000-01-06,16.246,16.3,16.016,16.246,1244805,0
2000-01-07,16.3,16.355,15.788,15.843,1311012,0
2000-01-10,15.961,15.961,15.788,15.843,1046937,0
2000-01-11,15.961,16.3,15.788,16.127,2091792,0
2000-01-12,15.906,16.072,15.788,15.843,1022900,0
2000-01-13,15.843,16.127,15.734,15.734,1254093,0
2000-01-14,15.67,15.734,15.504,15.504,1759532,0
2000-01-18,15.788,16.19,15.67,16.072,2558772,0
2000-01-19,15.961,16.016,15.788,15.843,1707853,0
2000-01-20,15.734,15.734,15.56,15.614,1633118,0
2000-01-21,15.614,15.788,15.56,15.67,1515553,0
2000-01-24,15.504,15.56,15.043,15.155,2826025,0
2000-01-25,15.385,15.385,14.985,15.1,1358325,0
2000-01-26,15.1,15.221,14.818,14.874,1389575,0
2000-01-27,14.929,15.56,14.818,15.504,2926435,0
2000-01-28,15.45,15.614,14.874,14.929,1458630,0
2000-01-31,14.985,15.155,14.874,14.985,1002683,0
2000-02-01,14.874,14.929,14.59,14.818,808530,0
2000-02-02,15.155,15.385,14.929,14.985,1499273,0
2000-02-03,14.985,15.276,14.754,15.155,1987668,0
2000-02-04,15.788,16.932,15.56,16.821,5739456,0
2000-02-07,17.389,18.074,16.19,16.355,6574533,0
2000-02-08,16.246,16.3,15.614,15.788,2515176,0
2000-02-09,16.355,17.042,16.355,16.876,3275959,0
2000-02-10,16.987,17.161,16.476,16.876,2730751,0
2000-02-11,16.703,16.758,16.19,16.758,2001324,0
2000-02-14,16.648,16.648,15.961,16.016,1444424,0
2000-02-15,15.961,16.355,15.734,16.355,1770242,0
2000-02-16,16.529,16.821,16.3,16.355,1705122,0
2000-02-17,16.758,16.821,15.843,15.843,1191266,0
2000-02-18,16.016,16.476,15.961,16.42,1905940,0
2000-02-22,16.19,16.876,16.016,16.648,1843882,0
2000-02-24,15.788,15.843,15.155,15.276,2011486,0
2000-02-25,15.043,15.331,14.874,15.276,1440599,0
2000-02-28,15.331,15.45,15.043,15.043,1333526,0
2000-02-29,15.221,15.45,14.929,14.929,1733308,0
2000-03-01,15.221,15.221,14.985,15.221,944669,0
2000-03-02,14.985,15.1,14.698,14.985,1663384,0
2000-03-03,15.043,15.043,14.874,14.874,1620225,0
2000-03-06,14.874,14.929,14.535,14.754,1590175,0
2000-03-07,14.874,15.734,14.754,15.614,4607625,0
2000-03-08,15.45,15.843,15.1,15.155,2467321,0
2000-03-09,15.385,15.56,15.1,15.276,1732875,0
2000-03-10,15.155,15.155,14.754,14.818,1036336,0
2000-03-13,15.276,15.45,14.985,15.276,1245023,0
2000-03-14,15.043,15.276,14.874,15.221,1209953,0
2000-03-15,15.221,15.331,14.929,15.276,1083206,0
2000-03-16,15.155,15.276,14.874,15.221,1378976,0
2000-03-17,15.1,15.276,14.818,14.929,1422900,0
2000-03-20,14.985,15.331,14.985,15.043,1155430,0
2000-03-21,15.043,15.788,14.985,15.788,2730313,0
2000-03-22,15.56,15.614,15.043,15.043,2149265,0
2000-03-23,14.985,15.221,14.929,15.221,1030764,0
2000-03-24,15.221,15.504,15.1,15.331,1278568,0
2000-03-27,15.155,15.331,14.874,14.985,1182963,0
2000-03-28,15.1,15.155,14.698,14.754,1510856,0
2000-03-29,14.818,14.985,14.243,14.59,2395320,0
2000-03-30,14.59,14.818,14.535,14.535,896374,0
2000-03-31,14.535,14.818,14.299,14.358,1675624,0
2000-04-03,14.358,14.644,14.186,14.644,1712004,0
2000-04-04,14.59,15.504,14.243,15.504,5068378,0
2000-04-05,15.385,15.788,15.385,15.734,2467213,0
2000-04-06,15.56,15.56,15.155,15.221,1146253,0
2000-04-07,15.155,15.331,14.929,14.985,1198149,0
2000-04-10,15.221,15.331,14.818,15.1,1131175,0
2000-04-11,15.221,15.385,15.043,15.1,1477639,0
2000-04-12,14.929,15.45,14.874,14.874,1488018,0
2000-04-13,14.874,14.985,14.535,14.754,1343467,0
2000-04-14,15.221,15.906,15.043,15.788,4413472,0
2000-04-17,15.504,15.67,15.221,15.45,2432250,0
2000-04-18,15.385,15.45,15.1,15.331,1133248,0
2000-04-19,15.276,15.734,15.221,15.67,1906054,0
2000-04-20,15.614,16.3,15.56,15.614,2401325,0
2000-04-24,15.906,16.072,15.67,15.67,1802142,0
2000-04-25,15.614,15.734,15.221,15.276,1635413,0
2000-04-26,15.043,15.45,14.929,15.043,1849893,0
2000-04-27,15.385,15.67,15.331,15.56,2761231,0
2000-04-28,15.221,15.504,15.155,15.385,972636,0
2000-05-01,15.221,15.614,15.221,15.56,1073703,0
2000-05-02,15.734,17.042,15.67,17.042,4546332,0
2000-05-03,16.703,17.105,16.3,16.987,3868154,0
2000-05-04,17.105,17.501,16.703,16.932,4546986,0
2000-05-05,17.042,17.105,16.3,16.42,1795589,0
2000-05-08,16.355,16.476,16.127,16.476,1049449,0
2000-05-09,16.42,17.042,16.3,16.821,1592473,0
2000-05-10,17.105,17.28,16.758,16.987,1824107,0
2000-05-11,16.758,16.932,16.42,16.703,1147780,0
2000-05-12,16.758,17.042,16.594,16.648,1561988,0
2000-05-15,16.594,17.161,16.594,16.932,2244322,0
2000-05-16,16.876,17.333,16.703,16.876,1991052,0
2000-05-17,16.758,16.758,16.072,16.127,1584496,0
2000-05-18,16.072,16.42,15.935,16.016,1211917,0
2000-05-19,16.127,16.476,16.016,16.016,1562316,0
2000-05-22,16.127,16.821,16.016,16.19,2344402,0
2000-05-23,16.072,16.703,15.906,16.476,1465730,0
2000-05-24,16.42,17.217,16.42,16.876,2317632,0
2000-05-25,16.758,17.105,16.529,16.529,1642840,0
2000-05-26,16.42,17.161,16.42,16.648,1742377,0
2000-05-30,16.932,17.161,16.758,16.932,1056879,0
2000-05-31,16.932,17.042,16.476,16.594,1353302,0
2000-06-01,16.648,16.758,16.529,16.648,888397,0
2000-06-05,17.333,17.848,17.042,17.792,2301463,0
2000-06-06,18.021,18.249,17.736,17.958,2177346,0
2000-06-07,17.389,17.618,17.217,17.389,1337567,0
2000-06-08,17.28,17.618,17.161,17.389,921504,0
2000-06-12,17.217,17.848,17.217,17.673,984220,0
2000-06-13,18.196,18.305,17.501,17.501,1794276,0
2000-06-14,17.563,17.958,17.445,17.736,2049838,0
2000-06-15,17.389,17.501,17.105,17.28,1255621,0
2000-06-16,17.333,17.563,17.217,17.217,2179310,0
2000-06-19,17.105,17.105,16.703,16.703,1408477,0
2000-06-20,16.876,16.932,16.3,16.476,1771658,0
2000-06-21,16.365,16.476,16.072,16.246,1569965,0
2000-06-22,16.42,16.648,16.246,16.365,1575098,0
2000-06-23,16.246,16.3,15.788,15.961,1033058,0
2000-06-26,15.906,16.19,15.906,15.961,534721,0
2000-06-27,15.906,16.246,15.843,16.19,1131940,0
2000-06-28,16.365,17.042,16.246,16.95,2061636,0
2000-06-29,16.648,16.876,16.246,16.3,1218693,0
2000-06-30,16.365,16.703,16.127,16.63,864358,0
2000-07-03,16.648,16.703,16.476,16.584,259712,0
2000-07-05,16.365,16.365,15.961,15.961,1319757,0
2000-07-06,16.016,16.246,15.961,16.016,764606,0
2000-07-07,15.961,16.072,15.734,16.016,725161,0
2000-07-10,16.072,16.246,16.072,16.19,537235,0
2000-07-11,16.19,16.821,16.127,16.821,1380176,0
2000-07-12,16.648,16.648,16.476,16.476,957778,0
2000-07-13,16.584,16.758,16.365,16.42,743408,0
2000-07-14,16.476,16.584,16.016,16.072,871355,0
2000-07-17,16.127,16.365,16.127,16.365,592301,0
2000-07-18,16.246,16.476,16.19,16.3,641251,0
2000-07-19,16.072,16.127,15.788,15.843,1207331,0
2000-07-20,15.843,15.906,15.56,15.614,1213118,0
2000-07-21,15.56,15.614,15.1,15.1,1635958,0
2000-07-24,15.211,15.385,14.992,15.043,1521344,0
2000-07-25,15.276,15.276,14.874,14.929,1151391,0
2000-07-26,15.043,15.211,14.818,14.992,1840385,0
2000-07-27,14.992,15.155,14.698,14.874,750950,0
2000-07-28,14.818,14.992,14.644,14.818,887742,0
2000-07-31,14.698,14.698,14.468,14.59,1351334,0
2000-08-01,14.698,14.992,14.644,14.992,788859,0
2000-08-02,15.043,15.155,14.818,15.043,927294,0
2000-08-03,14.992,15.043,14.299,14.411,1623938,0
2000-08-04,14.411,14.754,14.411,14.644,869494,0
2000-08-07,14.644,14.874,14.535,14.644,449061,0
2000-08-08,14.698,14.754,14.59,14.644,803722,0
2000-08-09,14.59,14.698,14.468,14.59,916695,0
2000-08-10,14.644,14.818,14.59,14.644,1102000,0
2000-08-11,14.754,15.788,14.754,15.788,2218425,0
2000-08-14,15.56,15.67,15.155,15.614,1013828,0
2000-08-15,15.45,15.734,15.331,15.614,834425,0
2000-08-16,15.843,16.127,15.734,16.127,1328389,0
2000-08-17,16.127,16.19,15.45,15.45,1061688,0
2000-08-18,15.385,15.45,15.155,15.331,1413831,0
2000-08-21,15.331,15.385,14.929,15.043,1029343,0
2000-08-22,14.929,15.155,14.698,14.992,1350787,0
2000-08-23,14.874,15.043,14.644,14.698,1521890,0
2000-08-24,14.874,14.992,14.698,14.754,1298456,0
2000-08-25,14.929,14.929,14.754,14.818,588260,0
2000-08-30,14.535,14.644,14.468,14.644,860209,0
2000-08-31,14.818,15.1,14.59,14.599,3542883,0
2000-09-01,14.644,14.754,14.535,14.754,1320522,0
2000-09-05,14.59,14.874,14.535,14.818,1071518,0
2000-09-06,14.698,15.155,14.535,14.992,2154725,0
2000-09-07,14.992,15.1,14.59,14.644,2198213,0
2000-09-08,14.644,15.043,14.644,15.043,2604445,0
2000-09-11,14.929,15.043,14.698,14.818,1123305,0
2000-09-12,14.929,15.155,14.644,14.698,2044813,0
2000-09-13,14.698,14.754,14.535,14.698,1087799,0
2000-09-14,14.698,14.698,14.468,14.535,610877,0
2000-09-15,14.535,14.59,14.243,14.243,2123371,0
2000-09-18,14.299,14.468,13.959,14.075,1464859,0
2000-09-19,14.243,14.243,13.838,13.959,1067913,0
2000-09-20,13.959,13.959,13.621,13.674,1202087,0
2000-09-21,13.784,14.015,13.674,14.015,998535,0
2000-09-22,14.411,14.411,14.005,14.075,1377994,0
2000-09-25,14.13,14.13,13.838,13.902,880313,0
2000-09-26,14.075,14.13,13.727,13.727,767118,0
2000-09-27,13.621,14.358,13.621,14.243,3323270,0
2000-09-28,14.13,14.13,13.727,13.838,1152154,0
2000-09-29,13.621,14.075,13.557,13.959,1023333,0
2000-10-02,13.838,13.902,13.621,13.674,837921,0
2000-10-03,13.674,13.727,13.5,13.557,901397,0
2000-10-04,13.557,13.838,13.557,13.727,993944,0
2000-10-05,13.784,13.784,13.097,13.217,1834483,0
2000-10-06,13.217,13.443,12.813,12.923,1359965,0
2000-10-09,13.043,13.271,12.987,13.217,620710,0
2000-10-10,13.217,13.528,13.043,13.217,1120796,0
2000-10-11,13.381,13.443,12.585,12.641,2163575,0
2000-10-12,12.813,13.621,12.641,13.5,4596918,0
2000-10-13,13.271,13.271,12.641,12.758,2203788,0
2000-10-16,12.758,12.987,12.466,12.641,914948,0
2000-10-17,12.466,12.53,12.181,12.3,1217489,0
2000-10-18,12.466,12.705,11.897,12.074,1912498,0
2000-10-19,12.127,12.181,11.789,12.01,1371876,0
2000-10-20,12.127,12.355,11.953,12.01,1565704,0
2000-10-23,12.181,12.3,12.074,12.074,1660867,0
2000-10-24,12.181,12.181,11.551,11.614,1988980,0
2000-10-25,11.441,11.668,11.267,11.668,2019025,0
2000-10-26,11.614,12.127,11.495,12.01,2108619,0
2000-10-27,11.844,12.53,11.789,12.466,1919818,0
2000-10-30,12.585,13.043,12.41,12.585,3294863,0
2000-10-31,12.585,12.641,12.127,12.244,3847502,0
2000-11-01,12.3,12.355,12.127,12.181,2028532,0
2000-11-02,12.244,12.41,12.074,12.181,1885184,0
2000-11-03,12.3,12.41,12.127,12.41,892768,0
2000-11-06,12.466,12.585,12.244,12.53,943357,0
2000-11-07,12.41,12.641,12.244,12.53,966956,0
2000-11-08,12.466,12.53,12.127,12.355,989575,0
2000-11-09,12.3,12.868,12.244,12.53,1734948,0
2000-11-10,12.466,12.53,12.01,12.181,1474250,0
2000-11-13,12.127,12.53,12.074,12.074,1105936,0
2000-11-14,12.127,12.3,12.074,12.181,661023,0
2000-11-15,12.244,12.3,12.01,12.181,567060,0
2000-11-16,12.355,12.466,12.074,12.41,1104735,0
2000-11-17,12.355,12.41,12.127,12.127,1503974,0
2000-11-20,12.181,12.355,12.181,12.181,633605,0
2000-11-21,12.244,12.758,12.244,12.705,2204112,0
2000-11-22,12.868,13.271,12.758,13.097,1953034,0
2000-11-24,13.097,13.161,12.813,12.987,529474,0
2000-11-27,13.217,13.727,13.161,13.674,2862733,0
2000-11-28,13.557,13.727,13.271,13.727,1788157,0
2000-11-29,13.557,13.674,13.097,13.326,1735822,0
2000-11-30,13.621,13.838,13.381,13.727,2006240,0
2000-12-01,13.621,14.075,13.557,14.015,2537466,0
2000-12-04,14.104,14.554,14.085,14.358,2708349,0
2000-12-05,14.358,14.358,13.602,13.647,2034869,0
2000-12-06,13.737,14.554,13.709,14.497,2429517,0
2000-12-07,14.459,15.01,14.358,14.883,1611484,0
2000-12-08,14.626,15.072,14.421,14.938,1779527,0
2000-12-11,14.681,14.754,14.261,14.459,1349474,0
2000-12-12,14.326,14.478,14.205,14.478,776300,0
2000-12-13,14.205,14.233,13.621,13.848,1477310,0
2000-12-14,13.959,14.214,13.921,14.015,2036395,0
2000-12-15,13.912,14.736,13.912,14.636,2654923,0
2000-12-18,14.348,14.792,14.348,14.506,1054583,0
2000-12-19,14.459,15.136,14.459,15.1,1923312,0
2000-12-20,15.56,15.798,15.285,15.77,4309455,0
2000-12-21,15.651,15.68,15.193,15.258,2394443,0
2000-12-22,15.117,15.258,14.818,15.001,1163843,0
2000-12-26,15.09,15.221,14.929,15.043,795525,0
2000-12-27,15.126,15.276,14.8,15.1,1054475,0
2000-12-28,15.1,15.1,14.911,15.036,673045,0
2000-12-29,15.01,15.081,14.763,14.992,1098615,0
2001-01-02,14.992,15.734,14.938,15.67,1985481,0
2001-01-03,15.743,15.868,14.828,14.856,2289443,0
2001-01-04,14.782,14.818,14.366,14.431,1770897,0
2001-01-05,14.535,14.865,13.95,14.066,1834919,0
2001-01-08,14.205,14.411,14.057,14.233,979194,0
2001-01-09,14.048,14.403,13.876,14.366,1495996,0
2001-01-10,14.281,14.554,14.186,14.376,1377229,0
2001-01-11,14.326,14.431,14.03,14.121,1281517,0
2001-01-12,14.148,14.459,14.022,14.376,1673545,0
2001-01-16,14.411,14.411,13.968,14.176,1126477,0
2001-01-17,14.139,14.167,13.876,13.996,964008,0
2001-01-18,14.13,14.139,13.784,13.829,1798102,0
2001-01-19,13.802,13.95,13.737,13.82,1456663,0
2001-01-22,13.94,14.874,13.867,14.874,2700377,0
2001-01-23,14.828,14.828,14.411,14.58,1365759,0
2001-01-24,14.342,14.348,13.959,13.996,943901,0
2001-01-25,14.13,14.176,13.902,14.066,1311130,0
2001-01-26,14.022,14.094,13.902,14.066,1001373,0
2001-01-29,14.176,14.224,13.611,13.629,1181327,0
2001-01-30,13.82,14.005,13.691,13.987,1892066,0
2001-01-31,13.902,14.281,13.756,14.158,1928446,0
2001-02-01,14.224,14.403,13.968,14.403,2615042,0
2001-02-02,14.176,14.186,13.95,14.03,1745327,0
2001-02-05,13.912,13.95,13.647,13.829,1364992,0
2001-02-06,13.621,13.7,13.316,13.443,2328560,0
2001-02-07,13.547,13.657,13.235,13.547,1890972,0
2001-02-08,13.611,13.611,13.271,13.271,1368923,0
2001-02-09,13.316,13.5,13.227,13.254,1027925,0
2001-02-12,13.297,13.443,13.142,13.171,1061794,0
2001-02-13,13.171,13.307,13.053,13.053,1034809,0
2001-02-14,13.124,13.134,12.823,12.878,886651,0
2001-02-15,12.823,13.115,12.631,12.739,1280207,0
2001-02-16,12.915,13.638,12.915,13.519,2865467,0
2001-02-20,13.326,13.415,13.142,13.161,1007817,0
2001-02-21,13.362,13.433,12.997,13.152,1453275,0
2001-02-22,13.134,13.574,13.061,13.574,1806402,0
2001-02-23,13.664,14.376,13.611,14.022,3586915,0
2001-02-26,14.022,14.92,14.015,14.773,2999092,0
2001-02-27,14.966,15.052,14.525,14.966,3023241,0
2001-02-28,14.736,14.828,14.44,14.828,1423554,0
2001-03-01,14.782,14.966,14.516,14.847,1547458,0
2001-03-02,14.763,14.865,14.431,14.608,1766305,0
2001-03-05,14.506,15.01,14.449,14.992,1484960,0
2001-03-06,14.992,14.992,14.599,14.883,1747516,0
2001-03-07,14.929,15.09,14.544,14.911,1187228,0
2001-03-08,14.92,15.916,14.828,15.878,4095850,0
2001-03-09,16.181,16.181,15.193,15.193,4771301,0
2001-03-12,15.376,15.707,15.145,15.266,2555821,0
2001-03-13,14.828,15.108,14.599,14.828,2149809,0
2001-03-14,14.736,14.828,14.478,14.59,1568875,0
2001-03-15,14.431,14.431,13.802,14.057,2047869,0
2001-03-16,13.547,13.876,13.244,13.254,2934740,0
2001-03-19,13.388,13.765,13.326,13.406,2351615,0
2001-03-20,13.727,13.812,13.509,13.647,1714627,0
2001-03-21,13.592,13.921,13.481,13.664,1918287,0
2001-03-22,13.727,13.867,13.5,13.682,1835902,0
2001-03-23,13.718,13.765,13.289,13.362,1502002,0
2001-03-26,13.289,13.528,13.254,13.528,940733,0
2001-03-27,13.362,13.481,13.043,13.107,2136590,0
2001-03-28,12.932,13.124,12.823,13.015,1361055,0
2001-03-29,12.923,12.987,12.748,12.804,1472941,0
2001-03-30,12.832,13.134,12.53,13.08,1422133,0
2001-04-02,13.043,13.053,12.558,12.676,1260867,0
2001-04-03,12.859,13.362,12.676,13.254,2117687,0
2001-04-04,13.433,13.931,13.425,13.876,2388763,0
2001-04-05,13.709,13.857,13.509,13.82,1710692,0
2001-04-06,13.884,14.158,13.82,13.987,1600229,0
2001-04-09,13.959,14.176,13.884,14.085,880971,0
2001-04-10,14.048,14.342,13.812,14.113,1420058,0
2001-04-11,13.884,14.039,13.709,13.838,1820499,0
2001-04-12,13.902,14.139,13.775,14.139,1336036,0
2001-04-16,14.195,14.468,14.195,14.449,1137184,0
2001-04-17,14.139,14.366,13.996,14.186,1681521,0
2001-04-18,13.848,14.506,13.727,14.506,2930477,0
2001-04-19,14.554,14.698,14.243,14.59,2459671,0
2001-04-20,14.59,14.644,14.366,14.459,2258088,0
2001-04-23,14.411,14.411,14.094,14.252,1245680,0
2001-04-24,14.243,14.599,14.243,14.478,1212466,0
2001-04-25,14.478,14.497,14.139,14.205,1500366,0
2001-04-26,14.281,15.052,14.281,14.985,2537358,0
2001-04-27,14.985,15.45,14.717,15.357,2750635,0
2001-04-30,15.1,15.183,14.837,14.957,1600994,0
2001-05-01,15.018,15.533,14.883,15.523,1606571,0
2001-05-02,15.173,15.595,15.036,15.514,2050381,0
2001-05-03,15.56,15.651,14.837,14.901,2324956,0
2001-05-04,14.911,15.266,14.773,14.892,1263377,0
2001-05-07,14.782,15.276,14.717,15.202,1755268,0
2001-05-08,15.145,15.376,15.1,15.108,1303259,0
2001-05-09,15.504,16.383,15.495,15.944,4872802,0
2001-05-10,15.916,16.127,15.688,15.998,2571008,0
2001-05-11,15.916,15.961,15.578,15.725,1123201,0
2001-05-14,15.725,15.85,15.486,15.85,794652,0
2001-05-15,15.697,15.743,15.478,15.67,1432623,0
2001-05-16,16.107,16.539,16.107,16.43,4401668,0
2001-05-17,16.611,16.695,16.449,16.63,4080879,0
2001-05-18,16.611,17.71,16.511,17.408,6004850,0
2001-05-21,17.483,17.736,17.17,17.315,3055254,0
2001-05-22,17.29,17.29,16.467,16.63,2620723,0
2001-05-23,16.476,16.476,16.107,16.393,1857103,0
2001-05-24,16.602,16.812,15.762,15.825,2514634,0
2001-05-25,15.878,16.181,15.734,16.081,2421651,0
2001-05-29,15.887,15.906,15.504,15.779,1939810,0
2001-05-30,15.551,15.688,15.193,15.331,2655795,0
2001-05-31,15.376,15.533,14.947,15.1,2518674,0
2001-06-01,15.193,15.421,15.117,15.24,2240168,0
2001-06-04,15.285,15.376,15.018,15.202,1373953,0
2001-06-05,15.202,15.294,15.117,15.221,1372966,0
2001-06-06,15.24,15.24,14.874,14.883,1743469,0
2001-06-07,14.892,14.992,14.644,14.654,1087145,0
2001-06-08,14.726,15.321,14.726,15.276,2068413,0
2001-06-11,15.1,15.266,14.975,15.028,1716264,0
2001-06-12,15.266,15.707,15.24,15.688,2109384,0
2001-06-13,15.743,15.868,15.331,15.697,2090479,0
2001-06-14,15.514,16.099,15.385,15.816,2548721,0
2001-06-15,15.514,15.716,15.294,15.376,2068086,0
2001-06-18,15.533,15.798,15.173,15.34,1984938,0
2001-06-19,15.514,15.595,15.193,15.221,1820499,0
2001-06-20,15.183,15.183,14.763,14.809,1942544,0
2001-06-21,14.773,14.865,14.626,14.837,2066006,0
2001-06-22,15.018,15.136,14.929,15.036,1551391,0
2001-06-25,14.233,14.411,14.158,14.348,7775526,0
2001-06-26,14.308,14.326,14.085,14.233,6289910,0
2001-06-27,14.205,14.205,14.015,14.094,2867763,0
2001-06-28,14.075,14.085,13.674,13.746,3794074,0
2001-06-29,13.756,14.039,13.727,13.867,2203788,0
2001-07-02,13.802,13.802,12.997,13.089,3631821,0
2001-07-03,13.279,13.664,13.271,13.583,3915790,0
2001-07-05,13.583,13.682,13.471,13.566,2175597,0
2001-07-06,13.5,13.629,13.443,13.481,1503534,0
2001-07-09,13.433,13.481,13.289,13.334,842296,0
2001-07-10,13.316,13.443,13.198,13.406,1921456,0
2001-07-11,13.566,14.186,13.566,14.015,3417888,0
2001-07-12,13.931,14.139,13.682,14.015,1700860,0
2001-07-13,13.912,14.005,13.82,13.996,1169524,0
2001-07-16,13.996,13.996,13.674,13.682,1211702,0
2001-07-17,13.682,13.959,13.647,13.893,1041470,0
2001-07-18,13.959,14.308,13.912,14.195,2196357,0
2001-07-19,14.205,14.243,14.039,14.205,1559256,0
2001-07-20,14.317,14.326,14.233,14.281,2118016,0
2001-07-23,14.205,14.205,13.95,14.03,1758001,0
2001-07-24,14.039,14.394,13.95,14.334,1954125,0
2001-07-25,14.224,14.449,14.075,14.317,2015093,0
2001-07-26,14.233,14.233,13.884,13.912,1346744,0
2001-07-27,13.82,14.075,13.775,13.996,947725,0
2001-07-30,13.857,13.893,13.638,13.7,918334,0
2001-07-31,13.7,13.996,13.566,13.629,1012515,0
2001-08-01,13.7,13.756,13.5,13.509,1356250,0
2001-08-02,13.452,13.519,13.235,13.316,1690041,0
2001-08-03,13.344,13.406,13.18,13.344,1209403,0
2001-08-06,13.362,13.602,13.244,13.602,1670044,0
2001-08-07,13.5,13.566,13.326,13.509,975477,0
2001-08-08,13.433,14.022,13.381,13.959,2683766,0
2001-08-09,14.048,14.746,14.048,14.654,5864011,0
2001-08-10,14.644,14.681,14.13,14.299,2734352,0
2001-08-13,14.385,15.001,14.148,14.901,3466726,0
2001-08-14,14.874,14.874,14.342,14.681,2397177,0
2001-08-15,14.644,15.062,14.599,15.01,2103921,0
2001-08-16,15.018,15.348,15.01,15.183,3192809,0
2001-08-17,15.431,15.605,15.193,15.376,3001934,0
2001-08-20,15.145,15.23,15.01,15.145,2061636,0
2001-08-21,15.24,15.331,14.847,15.285,1630274,0
2001-08-22,15.34,15.431,15.145,15.221,1248742,0
2001-08-23,15.221,15.394,15.183,15.376,1111070,0
2001-08-24,15.145,15.459,15.1,15.413,1620117,0
2001-08-27,15.266,15.276,15.028,15.036,1449231,0
2001-08-28,14.847,14.856,14.554,14.754,2059780,0
2001-08-29,14.8,14.975,14.69,14.746,1117519,0
2001-08-30,14.754,14.966,14.69,14.828,1245245,0
2001-08-31,14.736,14.754,14.535,14.663,1090638,0
2001-09-04,14.525,14.617,14.252,14.252,1152915,0
2001-09-05,14.186,14.506,14.186,14.497,2077699,0
2001-09-06,14.468,14.59,14.299,14.394,2020008,0
2001-09-07,14.478,14.736,14.411,14.59,1928776,0
2001-09-10,14.421,14.874,14.421,14.746,1426834,0
2001-09-17,16.246,16.246,15.193,15.24,6079368,0
2001-09-18,15.1,15.331,14.599,15.285,3461481,0
2001-09-19,15.321,15.788,15.285,15.376,4961633,0
2001-09-20,15.385,16.062,15.366,15.878,4653184,0
2001-09-21,16.246,16.467,15.688,15.716,5845764,0
2001-09-24,15.376,15.421,15.062,15.258,2011813,0
2001-09-25,15.145,15.266,14.938,14.938,2056721,0
2001-09-26,15.01,15.998,15.01,15.868,4056188,0
2001-09-27,16.016,16.145,15.661,16.127,3754629,0
2001-09-28,16.127,16.281,15.85,15.878,2812690,0
2001-10-01,15.878,16.209,15.697,16.199,3151292,0
2001-10-02,16.291,16.43,16.09,16.43,3654437,0
2001-10-03,16.291,16.411,15.569,15.651,2304196,0
2001-10-04,15.743,15.897,15.533,15.56,2204658,0
2001-10-05,15.56,15.868,15.533,15.788,2509277,0
2001-10-08,15.843,16.062,15.312,15.431,2417282,0
2001-10-09,15.469,15.469,15.001,15.043,2111785,0
2001-10-10,15.052,15.193,14.554,14.599,2326482,0
2001-10-11,14.334,14.617,14.186,14.342,3234328,0
2001-10-12,14.525,15.258,14.525,15.043,2741128,0
2001-10-15,14.828,15.303,14.828,14.966,1492717,0
2001-10-16,14.966,15.348,14.809,15.34,1319212,0
2001-10-17,15.183,15.56,14.957,15.495,2204881,0
2001-10-18,15.173,15.533,14.809,14.847,1485725,0
2001-10-19,14.562,14.782,14.431,14.431,2502615,0
2001-10-22,14.411,14.411,14.195,14.195,1972589,0
2001-10-23,14.281,14.421,14.075,14.214,2192638,0
2001-10-24,14.366,14.394,14.224,14.366,1112164,0
2001-10-25,14.366,14.947,14.366,14.726,2194276,0
2001-10-26,14.726,14.726,14.411,14.497,2089170,0
2001-10-29,14.506,14.663,14.394,14.449,1547568,0
2001-10-30,14.544,14.865,14.459,14.459,5626701,0
2001-10-31,14.459,14.459,14.015,14.271,3631714,0
2001-11-01,14.281,14.317,14.03,14.176,1806298,0
2001-11-02,14.281,14.736,14.113,14.663,1601758,0
2001-11-05,14.44,14.544,14.326,14.421,1166247,0
2001-11-06,14.366,14.59,14.326,14.376,1098506,0
2001-11-07,14.403,14.773,14.403,14.698,1718340,0
2001-11-08,14.644,14.8,14.094,14.094,2271416,0
2001-11-09,14.281,14.431,14.121,14.376,961929,0
2001-11-12,14.599,14.736,14.366,14.403,1954125,0
2001-11-13,14.13,14.308,14.03,14.075,1966252,0
2001-11-14,14.075,14.317,13.848,13.876,2298514,0
2001-11-15,13.867,13.867,13.388,13.566,2671091,0
2001-11-16,13.566,13.566,13.024,13.18,3005539,0
2001-11-19,13.18,13.19,12.777,12.868,3287758,0
2001-11-20,12.95,13.289,12.905,13.289,2873226,0
2001-11-21,13.271,13.425,13.043,13.08,1527900,0
2001-11-23,13.08,13.18,12.96,12.997,920847,0
2001-11-26,12.997,13.043,12.905,12.95,1288729,0
2001-11-27,12.997,13.452,12.997,13.452,2429078,0
2001-11-28,13.638,13.82,13.557,13.557,2662789,0
2001-11-29,13.727,13.893,13.647,13.691,1787830,0
2001-11-30,13.784,13.959,13.638,13.848,1897963,0
2001-12-03,13.912,14.066,13.893,13.996,2008320,0
2001-12-04,13.867,14.085,13.756,13.959,2166416,0
2001-12-05,14.048,14.104,13.82,14.104,2808214,0
2001-12-06,14.113,14.366,14.005,14.176,2272292,0
2001-12-07,14.167,14.281,13.765,13.812,1734184,0
2001-12-10,13.82,13.82,13.592,13.784,1629730,0
2001-12-11,13.727,13.893,13.629,13.884,1714299,0
2001-12-12,13.784,14.366,13.784,14.281,2418263,0
2001-12-13,14.281,14.571,14.186,14.342,1637923,0
2001-12-14,14.342,14.985,14.342,14.985,5888488,0
2001-12-17,14.985,14.992,14.809,14.901,1813726,0
2001-12-18,14.966,15.258,14.929,15.193,2878577,0
2001-12-19,15.036,15.23,14.69,14.69,2687699,0
2001-12-20,14.69,15.081,14.663,15.036,2117250,0
2001-12-21,15.126,15.276,14.883,14.883,3245802,0
2001-12-24,14.892,15.052,14.828,14.911,574926,0
2001-12-26,14.911,15.036,14.58,14.644,1258352,0
2001-12-27,14.554,14.726,14.478,14.525,2167515,0
2001-12-28,14.516,14.69,14.431,14.459,1602853,0
2001-12-31,14.411,14.947,14.385,14.599,2326482,0
