Date,Open,High,Low,Close,Volume,OpenInt
1995-01-03,4.8341,4.8504,4.5936,4.6105,1681641,0
1995-01-04,4.5273,4.5604,4.4197,4.4943,2521017,0
1995-01-05,4.4859,4.6105,4.4859,4.5356,822973,0
1995-01-06,4.5604,4.6934,4.5356,4.6599,889058,0
1995-01-09,4.6105,4.7429,4.6105,4.718,519061,0
1995-01-10,4.7678,4.8424,4.6934,4.7429,825385,0
1995-01-11,4.7678,4.7678,4.5604,4.5856,601066,0
1995-01-12,4.5856,4.6599,4.5109,4.6105,770391,0
1995-01-13,4.6105,4.6353,4.5604,4.5856,735659,0
1995-01-16,4.6353,4.7927,4.5856,4.7927,957078,0
1995-01-17,4.7927,4.8424,4.7678,4.7927,800301,0
1995-01-18,4.7429,4.7927,4.5109,4.6105,1570208,0
1995-01-19,4.6105,4.6934,4.5604,4.6934,952255,0
1995-01-20,4.6353,4.6353,4.5356,4.5604,1037640,0
1995-01-23,4.4859,4.5356,4.4276,4.5356,1082984,0
1995-01-24,4.5604,4.6353,4.5356,4.5856,1905961,0
1995-01-25,4.4609,4.5604,4.4609,4.5109,602519,0
1995-01-26,4.4859,4.5109,4.3781,4.4859,418243,0
1995-01-27,4.4859,4.5109,4.403,4.5109,593348,0
1995-01-30,4.4609,4.4609,4.1461,4.3036,1984591,0
1995-01-31,4.3036,4.5109,4.1957,4.4609,2203115,0
1995-02-01,4.4609,4.5604,4.4276,4.5356,2303939,0
1995-02-02,4.5109,4.5356,4.4609,4.4859,999048,0
1995-02-03,4.5356,4.6599,4.5109,4.6105,2339150,0
1995-02-06,4.6599,4.6934,4.6105,4.6353,1229635,0
1995-02-07,4.6599,4.6599,4.5356,4.6105,916558,0
1995-02-08,4.5856,4.6934,4.5856,4.6353,936337,0
1995-02-09,4.6105,4.6934,4.6105,4.6934,1013038,0
1995-02-10,4.718,4.7927,4.6934,4.7678,724562,0
1995-02-13,4.7678,4.7927,4.6934,4.6934,582255,0
1995-02-14,4.718,4.7678,4.6934,4.7678,754473,0
1995-02-15,4.7927,4.8175,4.6934,4.7678,1617966,0
1995-02-16,4.7927,5,4.7927,5,2835541,0
1995-02-17,4.9254,4.9254,4.6599,4.7678,2097956,0
1995-02-21,4.8759,4.9917,4.7927,4.9504,1415358,0
1995-02-22,4.9005,5.1576,4.9005,5.1576,3142346,0
1995-02-23,5.1576,5.3649,5.1576,5.2322,4365712,0
1995-02-24,5.2072,5.2072,5.0747,5.1576,1173192,0
1995-02-27,5.1324,5.2902,5.1078,5.2072,608306,0
1995-02-28,5.2322,5.2322,5.1324,5.2072,644003,0
1995-03-01,5.1576,5.3397,5.1078,5.1324,729870,0
1995-03-02,5.1324,5.1576,5.0747,5.1576,1314055,0
1995-03-03,5.1576,5.4396,5.1576,5.3898,756883,0
1995-03-06,5.4146,5.4146,5.3152,5.3649,1340586,0
1995-03-07,5.3898,5.3898,5.3397,5.3649,670054,0
1995-03-08,5.3397,5.3649,5.2902,5.2902,551380,0
1995-03-09,5.3397,5.3898,5.2322,5.2902,435606,0
1995-03-10,5.3152,5.4146,5.257,5.257,282202,0
1995-03-13,5.2902,5.4396,5.2322,5.4146,518097,0
1995-03-14,5.4146,5.5224,5.3649,5.4396,650756,0
1995-03-15,5.4146,5.6219,5.4146,5.597,1734222,0
1995-03-16,5.597,5.6467,5.5224,5.6467,857704,0
1995-03-17,5.597,5.6219,5.5719,5.597,1130742,0
1995-03-20,5.597,5.7047,5.5719,5.6467,1016414,0
1995-03-21,5.6717,5.6717,5.5719,5.597,581288,0
1995-03-22,5.597,5.597,5.3397,5.3898,650756,0
1995-03-23,5.3649,5.4396,5.3152,5.3898,1916087,0
1995-03-24,5.4645,5.7296,5.4645,5.6467,893885,0
1995-03-27,5.7546,5.8293,5.7296,5.7296,1658005,0
1995-03-28,5.7047,5.7296,5.5719,5.5719,815734,0
1995-03-29,5.6219,5.6467,5.5224,5.5472,1508943,0
1995-03-30,5.5224,5.5472,5.3397,5.4146,1975905,0
1995-03-31,5.3397,5.3397,5.1824,5.2902,1273532,0
1995-04-03,5.2902,5.3397,5.257,5.2902,2848082,0
1995-04-04,5.3152,5.3397,5.1324,5.257,1689843,0
1995-04-05,5.2322,5.2902,5.2072,5.2322,782936,0
1995-04-06,5.2902,5.2902,5.2322,5.2322,411487,0
1995-04-07,5.2322,5.3397,5.2322,5.3397,404732,0
1995-04-10,5.3397,5.597,5.3397,5.5472,816222,0
1995-04-11,5.5719,5.597,5.257,5.257,1010629,0
1995-04-12,5.3152,5.3649,5.257,5.3397,720704,0
1995-04-13,5.3898,5.5472,5.3898,5.4645,749166,0
1995-04-17,5.5224,5.5719,5.4146,5.4893,696098,0
1995-04-18,5.5224,5.5224,5.1824,5.3152,737101,0
1995-04-19,5.3397,5.3649,5.257,5.3152,588043,0
1995-04-20,5.3152,5.3397,5.2072,5.2322,514238,0
1995-04-21,5.2072,5.257,5.1324,5.1324,726009,0
1995-04-24,5.2072,5.5224,5.1576,5.5224,1267261,0
1995-04-25,5.4645,5.5719,5.3397,5.3898,1082984,0
1995-04-26,5.4146,5.5472,5.4146,5.4645,618436,0
1995-04-27,5.4645,5.6717,5.4645,5.6219,948879,0
1995-04-28,5.6467,5.6717,5.4645,5.5719,815255,0
1995-05-01,5.5719,5.6219,5.5472,5.5719,418727,0
1995-05-02,5.5224,5.6219,5.4645,5.4645,438983,0
1995-05-03,5.4645,5.5224,5.3152,5.4396,894849,0
1995-05-04,5.4396,5.8293,5.4146,5.6219,2543211,0
1995-05-05,5.7047,5.8789,5.7047,5.8044,1588057,0
1995-05-08,5.7546,6.0614,5.7546,6.0365,2291399,0
1995-05-09,6.0861,6.1941,5.8044,6.0614,2519568,0
1995-05-10,6.1192,6.1444,6.0114,6.0114,1856756,0
1995-05-11,6.0114,6.1192,6.0114,6.0861,483844,0
1995-05-12,6.0861,6.2936,6.0861,6.2189,1587579,0
1995-05-15,6.2437,6.2687,6.1693,6.2437,3041527,0
1995-05-16,6.2189,6.7081,6.2189,6.6831,1607837,0
1995-05-17,6.6584,6.8657,6.5838,6.7332,5817253,0
1995-05-18,6.8905,7.0232,6.5838,6.5838,4177576,0
1995-05-19,6.6086,6.6086,6.5008,6.5586,1697080,0
1995-05-22,6.534,6.7912,6.534,6.7663,1776675,0
1995-05-23,6.8406,7.0481,6.816,7.0481,1449606,0
1995-05-24,7.0979,7.2551,6.6338,6.6584,2593376,0
1995-05-25,6.6338,6.6584,6.4759,6.5838,2132201,0
1995-05-26,6.6086,6.6086,6.4011,6.6086,743858,0
1995-05-30,6.6086,6.6584,6.2936,6.2936,1308746,0
1995-05-31,6.2687,6.534,6.1444,6.451,1699009,0
1995-06-01,6.451,6.6584,6.451,6.6086,941161,0
1995-06-02,6.6086,6.7912,6.534,6.6338,1254722,0
1995-06-05,6.6584,6.7912,6.6584,6.7081,842748,0
1995-06-06,6.7081,6.7663,6.5586,6.5838,1161135,0
1995-06-07,6.5838,6.6086,6.4759,6.5586,777142,0
1995-06-08,6.534,6.6338,6.534,6.6086,495421,0
1995-06-09,6.6338,6.6584,6.5008,6.5586,702375,0
1995-06-12,6.5838,6.6584,6.5838,6.6086,877483,0
1995-06-13,6.6831,6.6831,6.5586,6.5838,1184773,0
1995-06-14,6.5586,6.6831,6.5008,6.6338,1480967,0
1995-06-15,6.6584,6.7663,6.6338,6.6338,1436583,0
1995-06-16,6.6831,6.7332,6.6086,6.6086,1362296,0
1995-06-19,6.6338,6.9982,6.6086,6.8406,1577443,0
1995-06-20,6.8905,7.0481,6.8406,7.0232,2196847,0
1995-06-21,7.0232,7.0481,6.816,6.816,1076230,0
1995-06-22,6.816,7.1227,6.7912,7.073,1255204,0
1995-06-23,7.0979,7.2802,7.0979,7.2057,1588057,0
1995-06-26,7.1806,7.3302,6.8905,6.9154,2117251,0
1995-06-27,6.9154,6.9484,6.7912,6.8406,1106141,0
1995-06-28,6.8657,6.8657,6.7332,6.7912,918004,0
1995-06-29,6.7912,7.0481,6.7663,7.0481,655097,0
1995-06-30,7.0481,7.073,6.9982,7.0481,483844,0
1995-07-03,7.0481,7.0481,6.9735,6.9982,61263,0
1995-07-05,7.0232,7.0481,6.9154,6.9154,379646,0
1995-07-06,6.9735,7.2057,6.9484,7.2057,582738,0
1995-07-07,7.2057,7.4628,7.1806,7.4131,2298149,0
1995-07-10,7.4628,7.4876,7.2802,7.4131,1918982,0
1995-07-11,7.3631,7.5954,7.3302,7.5373,1217092,0
1995-07-12,7.5621,7.8525,7.5373,7.8025,1515699,0
1995-07-13,7.8525,7.8525,7.5621,7.6948,1541746,0
1995-07-14,7.6203,7.6452,7.4876,7.5621,1410532,0
1995-07-17,7.5621,7.5954,7.4876,7.5373,1654626,0
1995-07-18,7.5373,7.5373,7.2551,7.2802,1277393,0
1995-07-19,6.9735,6.9982,6.4264,6.6831,3971590,0
1995-07-20,6.6831,7.0232,6.6831,7.0232,2450107,0
1995-07-21,7.0232,7.1227,6.9735,7.073,2109050,0
1995-07-24,7.0481,7.1806,7.0481,7.1806,1005803,0
1995-07-25,7.2057,7.4131,7.2057,7.3631,853849,0
1995-07-26,7.3302,7.5373,7.3302,7.5125,3146206,0
1995-07-27,7.5373,7.6203,7.5125,7.5373,639180,0
1995-07-28,7.5125,7.5373,7.3631,7.3881,840822,0
1995-07-31,7.3631,7.5125,7.3302,7.4876,651719,0
1995-08-01,7.4628,7.4628,7.2551,7.2802,894849,0
1995-08-02,7.2802,7.3881,7.0481,7.073,877000,0
1995-08-03,6.9735,6.9735,6.7663,6.816,2252805,0
1995-08-04,6.8657,7.073,6.8657,6.9735,1552842,0
1995-08-07,6.9982,7.073,6.9154,6.9484,1134604,0
1995-08-08,6.9484,6.9484,6.8657,6.8657,465514,0
1995-08-09,6.9154,7.0232,6.816,7.0232,1609765,0
1995-08-10,7.4628,7.5125,7.3052,7.4379,3759336,0
1995-08-11,7.4628,7.7777,7.4628,7.7777,3617509,0
1995-08-14,7.7446,7.9519,7.5621,7.9519,3148136,0
1995-08-15,7.9519,8.0598,7.7197,8.0349,2870756,0
1995-08-16,8.0844,8.1923,7.6698,8.0349,7009740,0
1995-08-17,8.01,8.01,7.6203,7.7197,3007273,0
1995-08-18,7.7446,7.8025,7.4628,7.5954,2179480,0
1995-08-21,7.6698,7.7446,7.3631,7.3631,1879425,0
1995-08-22,7.3052,7.3052,7.1475,7.2057,4327120,0
1995-08-23,7.2551,7.2802,7.1475,7.2551,2620873,0
1995-08-24,7.2802,7.3881,7.2057,7.3302,2127378,0
1995-08-25,7.3302,7.3631,7.2057,7.2303,765087,0
1995-08-28,7.2303,7.3052,7.073,7.0979,1863989,0
1995-08-29,7.0481,7.073,6.534,6.9982,2800327,0
1995-08-30,7.073,7.2551,7.0481,7.1806,1444784,0
1995-08-31,7.1227,7.2057,7.1227,7.1806,466964,0
1995-09-01,7.073,7.1227,6.9982,7.0232,565853,0
1995-09-05,7.073,7.5954,7.0481,7.5954,1818642,0
1995-09-06,7.6203,7.6452,7.4379,7.6203,2113869,0
1995-09-07,7.5954,7.6948,7.5125,7.5954,1581787,0
1995-09-08,7.5954,7.6452,7.5373,7.6452,746751,0
1995-09-11,7.7197,7.8025,7.6698,7.7446,1616035,0
1995-09-12,7.8025,7.8277,7.6698,7.7197,1713482,0
1995-09-13,7.6948,7.7197,7.3302,7.4379,3319870,0
1995-09-14,7.4628,7.4628,7.3052,7.3631,1699009,0
1995-09-15,7.3052,7.3302,7.0979,7.0979,1670067,0
1995-09-18,7.073,7.1227,6.8905,7.073,1957093,0
1995-09-19,7.0481,7.5373,7.0232,7.5125,4829298,0
1995-09-20,7.5125,7.6203,7.3631,7.6203,3662371,0
1995-09-21,7.5621,7.6203,7.4876,7.5621,2314065,0
1995-09-22,7.4876,7.5125,7.3631,7.5125,1006769,0
1995-09-25,7.4628,7.4628,7.2802,7.3052,1012073,0
1995-09-26,7.2551,7.3881,7.2057,7.2057,605894,0
1995-09-27,7.2303,7.3631,7.0979,7.3631,987954,0
1995-09-28,7.3631,7.5373,7.2802,7.5125,1352645,0
1995-09-29,7.4876,7.5125,7.1475,7.1806,1714928,0
1995-10-02,7.2551,7.2802,7.1806,7.2551,2617978,0
1995-10-03,7.1475,7.2303,7.073,7.2303,1302961,0
1995-10-04,7.1806,7.2057,6.7912,6.8406,3054551,0
1995-10-05,6.816,7.1806,6.816,7.1475,1727954,0
1995-10-06,7.2551,7.3052,7.2303,7.2802,856259,0
1995-10-09,7.1475,7.1475,6.5586,6.5586,2814798,0
1995-10-10,6.451,6.8406,6.1693,6.8406,4785399,0
1995-10-11,6.9154,7.0979,6.8406,7.0481,2692269,0
1995-10-12,7.0481,7.1806,7.0481,7.1475,1731811,0
1995-10-13,7.2802,7.4131,7.2057,7.2303,1074301,0
1995-10-16,7.2303,7.2551,7.0232,7.0481,671018,0
1995-10-17,7.073,7.4628,7.0232,7.4628,1451538,0
1995-10-18,7.4628,7.5373,7.3052,7.4379,1546568,0
1995-10-19,7.4379,7.4379,7.2551,7.3631,1013038,0
1995-10-20,7.4131,7.4131,7.2057,7.2303,986505,0
1995-10-23,7.1806,7.4876,7.1227,7.4876,1163061,0
1995-10-24,7.4628,7.5125,7.2057,7.2057,790168,0
1995-10-25,7.2802,7.2802,7.073,7.1227,870731,0
1995-10-26,7.073,7.2057,7.0232,7.2057,986023,0
1995-10-27,7.1806,7.2551,7.1227,7.1806,701409,0
1995-10-30,7.1475,7.7777,7.1475,7.7446,2688406,0
1995-10-31,7.7446,7.7777,7.4876,7.4876,1884251,0
1995-11-01,7.4379,7.4628,7.3052,7.3302,1008214,0
1995-11-02,7.3631,7.5954,7.3052,7.5621,2883300,0
1995-11-03,7.6698,7.9769,7.5621,7.9769,3470862,0
1995-11-06,7.9519,8.0598,7.9022,7.927,2661394,0
1995-11-07,7.7777,7.7777,7.2551,7.2551,3140418,0
1995-11-08,7.4628,7.4628,7.0481,7.0481,3244132,0
1995-11-09,7.3631,7.6452,7.3631,7.5621,2701433,0
1995-11-10,7.5373,7.927,7.5125,7.927,2320821,0
1995-11-13,7.8774,7.9519,7.6203,7.6452,2163077,0
1995-11-14,7.5125,7.5125,7.2551,7.2551,2298630,0
1995-11-15,7.3052,7.3631,6.9735,7.1475,3413453,0
1995-11-16,7.1806,7.2551,7.0979,7.2057,4015972,0
1995-11-17,7.2057,7.2057,6.9735,7.0232,1203104,0
1995-11-20,7.0232,7.0481,6.7663,6.7912,2060325,0
1995-11-21,6.7663,6.7663,6.534,6.6338,3497392,0
1995-11-22,6.6584,6.7332,6.5838,6.5838,3659480,0
1995-11-24,6.6086,6.7663,6.6086,6.7332,601066,0
1995-11-27,6.7912,6.8905,6.7332,6.7332,1936830,0
1995-11-28,6.7081,7.1227,6.6338,7.1227,2426949,0
1995-11-29,7.2057,7.8525,7.0979,7.8525,4275982,0
1995-11-30,7.5954,7.9022,7.5373,7.6452,5012126,0
1995-12-01,7.6698,7.6698,7.4876,7.5373,1815752,0
1995-12-04,7.5373,8.0349,7.5373,7.927,4205070,0
1995-12-05,7.9022,7.927,7.8277,7.8277,3226765,0
1995-12-06,7.8025,7.8277,7.4628,7.4628,1590952,0
1995-12-07,7.4628,7.4628,7.2551,7.3881,1198279,0
1995-12-08,7.4131,7.5373,7.3302,7.5125,909324,0
1995-12-11,7.5621,7.5621,7.3302,7.3631,781486,0
1995-12-12,7.3302,7.3631,6.9484,6.9484,3054067,0
1995-12-13,6.8406,6.8905,6.7081,6.816,9289073,0
1995-12-14,6.8905,6.9484,6.6831,6.7332,8894952,0
1995-12-15,6.7332,6.8406,6.6831,6.816,4191565,0
1995-12-18,6.816,6.8657,6.6584,6.7081,2291399,0
1995-12-19,6.6831,6.8905,6.6831,6.8905,2036203,0
1995-12-20,6.9154,7.0232,6.816,6.9982,2813835,0
1995-12-21,6.9735,7.1806,6.9735,7.1475,2083966,0
1995-12-22,7.1227,7.1806,7.0979,7.1227,758814,0
1995-12-26,7.1806,7.1806,7.0979,7.1806,675359,0
1995-12-27,7.2057,7.4379,7.1806,7.2303,1293791,0
1995-12-28,7.1806,7.3052,7.1227,7.3052,2133168,0
1995-12-29,7.2802,7.4379,7.2551,7.3302,1851927,0
1996-01-02,7.3052,7.4379,7.1227,7.1227,2383533,0
1996-01-03,7.1227,7.1227,6.7663,6.7663,2837953,0
1996-01-04,6.7663,7.0314,6.6831,6.9982,2109050,0
1996-01-05,7.0314,7.1475,6.8406,6.9982,1845336,0
1996-01-08,6.957,6.957,6.8406,6.957,172375,0
1996-01-09,6.8406,6.8824,6.0614,6.1028,5264581,0
1996-01-10,6.0285,6.451,6.0285,6.2603,4521365,0
1996-01-11,6.534,6.65,6.335,6.5673,2728448,0
1996-01-12,6.534,6.65,6.4098,6.4926,1320485,0
1996-01-15,6.4926,6.4926,5.4396,5.6384,2874455,0
1996-01-16,5.8293,6.1444,5.6384,6.0614,5035602,0
1996-01-17,5.7546,6.2603,5.7546,6.1028,5167456,0
1996-01-18,6.0614,6.1773,5.7546,6.1773,3694533,0
1996-01-19,6.0614,7.073,6.0614,6.9982,6197218,0
1996-01-22,6.9982,7.0314,6.7992,6.957,2730381,0
1996-01-23,6.957,6.9735,6.8406,6.8406,2172081,0
1996-01-24,6.8824,7.1144,6.8824,7.1144,2613959,0
1996-01-25,7.1144,7.1475,6.7246,6.7663,2006784,0
1996-01-26,6.7246,7.1475,6.5673,6.9154,1679389,0
1996-01-29,6.9154,6.957,6.7246,6.7246,1332708,0
1996-01-30,6.7246,6.957,6.6831,6.8824,1759793,0
1996-01-31,6.9154,7.0314,6.8824,6.9982,696905,0
1996-02-01,7.1144,7.5042,6.9982,7.4628,3559142,0
1996-02-02,7.4628,7.4628,7.1475,7.272,3006310,0
1996-02-05,7.3052,7.6533,7.2303,7.6203,1833758,0
1996-02-06,7.6948,7.7364,7.5787,7.6533,2470203,0
1996-02-07,7.6948,8.4743,7.6203,8.3913,8163477,0
1996-02-08,8.3913,8.6654,8.3582,8.632,8244518,0
1996-02-09,8.632,8.8973,8.632,8.8973,4494348,0
1996-02-12,8.8635,8.8973,8.5905,8.632,2467310,0
1996-02-13,8.1591,8.5489,8.1591,8.2006,4703390,0
1996-02-14,8.3582,8.632,8.0431,8.1261,6973558,0
1996-02-15,8.2006,8.433,8.1591,8.3913,2452196,0
1996-02-16,8.3913,8.6654,8.3582,8.632,1375158,0
1996-02-20,8.5489,8.9802,8.4743,8.8973,1875247,0
1996-02-21,8.8229,8.9394,8.5905,8.8635,2700790,0
1996-02-22,9.0216,9.3686,9.0216,9.2119,3796157,0
1996-02-23,9.2886,9.3276,8.8229,9.0216,2577297,0
1996-02-26,8.8973,8.9394,8.7812,8.8635,739677,0
1996-02-27,8.8635,8.8635,8.6654,8.7483,1441087,0
1996-02-28,8.7812,8.8973,8.632,8.632,1527917,0
1996-02-29,8.2424,8.433,8.01,8.3582,4065015,0
1996-03-01,8.3169,8.3169,7.6533,7.7777,4351881,0
1996-03-04,7.7777,7.8525,7.6203,7.6203,4163423,0
1996-03-05,7.6203,8.1261,7.6203,8.0844,2751283,0
1996-03-06,8.1591,8.1591,7.7777,7.8525,2043120,0
1996-03-07,7.8939,8.1261,7.8939,8.0431,3268093,0
1996-03-08,8.01,8.2424,7.5373,7.8525,4577966,0
1996-03-11,7.7777,8.0431,7.7777,7.8939,2425178,0
1996-03-12,7.811,7.8525,7.6948,7.6948,965441,0
1996-03-13,7.8525,8.3913,7.811,8.3582,5721573,0
1996-03-14,8.433,8.7812,8.433,8.7483,5171957,0
1996-03-15,8.8635,9.2119,8.7812,9.1377,4628778,0
1996-03-18,9.1377,9.1714,9.0546,9.1377,1972687,0
1996-03-19,9.1377,9.1377,8.7063,8.8229,1678104,0
1996-03-20,8.8229,8.8229,8.5905,8.6071,2412636,0
1996-03-21,8.5905,8.6654,8.5158,8.5489,1987802,0
1996-03-22,8.5489,8.7483,8.5489,8.632,1081540,0
1996-03-25,8.7063,8.8635,8.6654,8.6654,3358142,0
1996-03-26,8.632,8.632,8.3582,8.3582,2556712,0
1996-03-27,8.3913,8.8973,8.3913,8.7483,3215672,0
1996-03-28,8.7812,8.8973,8.7063,8.7812,2779583,0
1996-03-29,8.7812,8.8229,8.632,8.7063,1433370,0
1996-04-01,8.7063,8.7483,8.5905,8.632,1645943,0
1996-04-02,8.5905,8.5905,8.3582,8.3913,1837298,0
1996-04-03,8.433,8.5905,8.3913,8.5489,1690969,0
1996-04-04,8.5489,8.5489,8.433,8.433,1188630,0
1996-04-08,8.2752,8.7483,8.2424,8.5489,4326474,0
1996-04-09,8.5489,8.5905,8.3913,8.5158,1658487,0
1996-04-10,8.5158,8.7063,8.4743,8.5489,3219531,0
1996-04-11,8.5158,8.5158,8.0431,8.0844,3683599,0
1996-04-12,8.0844,8.1261,7.7777,7.8525,2271135,0
1996-04-15,8.0431,8.1591,8.0431,8.0431,1657842,0
1996-04-16,8.2006,8.4743,8.2006,8.3582,2269847,0
1996-04-17,7.7777,7.8525,6.9982,7.4211,14503806,0
1996-04-18,7.5373,7.7364,7.4628,7.5042,8290829,0
1996-04-19,7.5787,7.6948,7.4628,7.4628,3643399,0
1996-04-22,7.5787,7.6533,7.5787,7.6203,4686987,0
1996-04-23,7.6533,8.0431,7.6533,8.01,5043642,0
1996-04-24,8.3913,8.433,8.2006,8.3169,5147518,0
1996-04-25,8.3913,8.3913,8.2424,8.3913,2533558,0
1996-04-26,8.3169,8.3582,8.2006,8.2424,2280138,0
1996-04-29,8.2424,8.2424,8.1261,8.1591,1992626,0
1996-04-30,8.1591,8.1591,7.9685,8.01,1127849,0
1996-05-01,8.01,8.3169,8.01,8.2424,3254587,0
1996-05-02,8.3913,8.632,8.3582,8.3913,2763505,0
1996-05-03,8.5158,8.7812,8.433,8.6654,4361209,0
1996-05-06,8.7483,9.1377,8.4743,9.0546,5590681,0
1996-05-07,9.0965,9.1377,8.8635,8.8635,3549492,0
1996-05-08,8.7812,8.7812,8.5158,8.6654,2217106,0
1996-05-09,8.7063,8.7812,8.632,8.7483,1670710,0
1996-05-10,8.7812,8.8635,8.5158,8.5489,2746134,0
1996-05-13,8.5905,9.2526,8.433,9.2119,3228858,0
1996-05-14,9.2526,9.2886,8.9394,8.9394,2625218,0
1996-05-15,8.9394,9.0216,8.8635,8.8973,2059845,0
1996-05-16,8.8229,8.8973,8.6654,8.8973,2554142,0
1996-05-17,8.7812,8.9802,8.7812,8.9394,1302800,0
1996-05-20,8.9394,9.0965,8.8973,9.0965,1836329,0
1996-05-21,9.0965,9.0965,8.8229,8.8635,1421149,0
1996-05-22,8.8635,8.8635,8.3913,8.5905,5461076,0
1996-05-23,8.5489,9.0965,8.5158,8.9802,3655299,0
1996-05-24,8.8973,8.9394,8.632,8.7063,1592561,0
1996-05-28,8.7063,8.7063,8.4743,8.5489,960292,0
1996-05-29,8.4743,8.4743,8.1591,8.2006,4360890,0
1996-05-30,8.1261,8.3169,7.8525,8.2752,4004232,0
1996-05-31,8.4743,8.6654,8.2424,8.5905,3729909,0
1996-06-03,8.5905,8.6654,8.5489,8.5489,1286717,0
1996-06-04,8.5489,8.632,8.5158,8.5905,1306980,0
1996-06-05,8.5158,8.5158,8.3913,8.4743,636121,0
1996-06-06,8.4743,8.4743,8.1261,8.3913,1303763,0
1996-06-07,8.2752,8.433,8.1591,8.3582,1920592,0
1996-06-10,8.3582,8.3913,8.1261,8.1591,935853,0
1996-06-11,8.2424,8.4743,8.2424,8.4743,1448485,0
1996-06-12,8.5489,8.7063,8.4743,8.5158,1321449,0
1996-06-13,8.5158,8.5158,8.3582,8.3913,823940,0
1996-06-14,8.3582,8.433,8.2424,8.2752,1162901,0
1996-06-17,8.2752,8.2752,8.0431,8.0844,1276750,0
1996-06-18,8.01,8.0431,7.6533,7.6533,3993298,0
1996-06-19,7.7364,7.8939,7.6948,7.8525,3471020,0
1996-06-20,7.8525,7.8939,7.5787,7.7777,1929915,0
1996-06-21,7.5373,7.811,7.5373,7.6948,3730552,0
1996-06-24,7.7364,7.7364,7.5042,7.6203,3402522,0
1996-06-25,7.6203,7.7364,7.5042,7.6948,1945673,0
1996-06-26,7.6533,7.6948,7.4211,7.4628,2806274,0
1996-06-27,7.4211,8.01,7.3881,7.927,2651909,0
1996-06-28,7.9685,8.0431,7.8939,7.8939,2419713,0
1996-07-01,7.9685,8.1591,7.8939,8.1261,1059348,0
1996-07-02,8.1261,8.1261,8.01,8.0431,2529377,0
1996-07-03,8.01,8.0431,7.8939,7.927,613291,0
1996-07-05,7.8939,7.927,7.811,7.811,98732,0
1996-07-08,7.8525,7.8525,7.6948,7.7777,1357786,0
1996-07-09,7.7777,7.811,7.6203,7.6533,1082181,0
1996-07-10,7.6533,7.6533,6.4098,6.451,12780356,0
1996-07-11,6.3765,6.4098,5.7878,6.1028,11150170,0
1996-07-12,6.1773,6.2189,6.1028,6.1444,5316036,0
1996-07-15,6.1773,6.2189,5.4396,5.5224,6056034,0
1996-07-16,5.5555,6.0285,5.4063,6.0285,5978854,0
1996-07-17,6.2189,6.534,5.9866,6.1028,7004430,0
1996-07-18,6.1028,6.65,6.0285,6.4926,5533116,0
1996-07-19,6.451,6.451,6.2189,6.2936,1279323,0
1996-07-22,6.1773,6.1773,5.9452,5.9452,1064492,0
1996-07-23,6.0285,6.0285,5.5555,5.597,4347701,0
1996-07-24,5.2902,5.7546,5.2902,5.6384,3565573,0
1996-07-25,5.7546,6.0614,5.7546,5.9452,3798731,0
1996-07-26,6.2189,6.4098,6.1444,6.2936,4687310,0
1996-07-29,6.335,6.3765,6.0614,6.0614,1513766,0
1996-07-30,6.1444,6.4098,6.0614,6.335,3899068,0
1996-07-31,6.6086,6.65,6.451,6.4926,9800738,0
1996-08-01,6.534,6.7246,6.4926,6.7246,2679885,0
1996-08-02,6.8824,7.1475,6.8824,6.9982,3515723,0
1996-08-05,6.9982,7.1144,6.5673,6.5673,1689361,0
1996-08-06,6.7663,6.957,6.7246,6.957,1321774,0
1996-08-07,7.4628,7.4628,7.073,7.1891,3459768,0
1996-08-08,7.2303,7.2303,7.1144,7.1891,1595452,0
1996-08-09,7.073,7.1475,6.8406,7.0314,4038000,0
1996-08-12,7.073,7.2303,7.073,7.1144,1951463,0
1996-08-13,7.073,7.073,6.7663,6.8824,2686639,0
1996-08-14,6.8824,7.1475,6.8824,7.073,1519560,0
1996-08-15,7.2303,7.2303,6.9154,6.9154,1766546,0
1996-08-16,6.8824,6.8824,6.7663,6.7663,2430649,0
1996-08-19,6.8406,6.8406,6.7246,6.7663,1642085,0
1996-08-20,6.7992,6.8824,6.5673,6.6086,2793411,0
1996-08-21,6.65,7.3466,6.0614,7.3052,10535595,0
1996-08-22,7.6203,7.7777,7.4628,7.6533,6161840,0
1996-08-23,7.5787,7.6533,7.4211,7.4628,3162611,0
1996-08-26,7.4628,7.5042,7.1726,7.1891,3416346,0
1996-08-27,7.3052,7.4211,7.2303,7.3052,1892612,0
1996-08-28,7.3881,7.4211,7.272,7.3052,1321449,0
1996-08-29,7.3466,7.6948,7.3466,7.5787,2113548,0
1996-08-30,7.6533,7.6533,7.4211,7.5042,2092321,0
1996-09-03,7.4211,7.5042,7.3052,7.4211,1370975,0
1996-09-04,7.3881,7.5042,7.3881,7.5042,1031047,0
1996-09-05,7.3881,7.4211,7.073,7.1891,1677462,0
1996-09-06,7.272,7.3881,7.2303,7.3881,1700617,0
1996-09-09,7.3881,7.3881,7.1144,7.1891,982808,0
1996-09-10,7.272,7.3881,7.2303,7.272,1231080,0
1996-09-11,7.272,7.5042,7.1475,7.272,2447371,0
1996-09-12,7.3466,7.6948,7.2303,7.6533,3359104,0
1996-09-13,7.7364,8.1261,7.5787,8.0431,3782652,0
1996-09-16,8.0844,8.3913,7.9519,8.3169,4831065,0
1996-09-17,8.433,8.433,8.1261,8.3582,4928508,0
1996-09-18,8.3582,8.3582,8.2006,8.2006,2801127,0
1996-09-19,8.2006,8.4743,8.2006,8.3582,4602084,0
1996-09-20,8.3913,8.5489,8.2752,8.433,2418425,0
1996-09-23,8.5158,8.5158,8.2424,8.2752,1675209,0
1996-09-24,8.3582,8.7063,8.3582,8.5905,4116148,0
1996-09-25,8.5489,8.5905,8.3913,8.3913,2395913,0
1996-09-26,8.5158,8.7812,8.433,8.4743,5164561,0
1996-09-27,8.4911,8.6654,8.4911,8.632,3171290,0
1996-09-30,8.632,8.7812,8.433,8.433,3433073,0
1996-10-01,8.3169,8.3582,7.8525,7.927,3793584,0
1996-10-02,8.01,8.2424,7.8525,7.8525,3432429,0
1996-10-03,7.9685,8.01,7.927,7.927,1431115,0
1996-10-04,8.0844,8.4743,8.0844,8.3582,3403162,0
1996-10-07,8.3169,8.7063,8.3169,8.632,2593696,0
1996-10-08,8.5489,8.7812,8.5489,8.632,3887170,0
1996-10-09,8.7812,8.7812,8.433,8.5905,2251839,0
1996-10-10,8.5905,8.7063,8.5158,8.5905,1354254,0
1996-10-11,8.5905,8.9394,8.5489,8.8635,2550605,0
1996-10-14,8.8229,9.2119,8.7063,9.0965,5196721,0
1996-10-15,9.1714,9.2119,8.8229,8.8635,2678922,0
1996-10-16,8.8229,9.0216,8.8229,8.8229,5962451,0
1996-10-17,8.7063,8.7483,8.5905,8.632,4899567,0
1996-10-18,8.5905,8.6654,8.5489,8.632,2398486,0
1996-10-21,8.433,8.632,8.433,8.5489,1264205,0
1996-10-22,8.5158,8.5489,8.0844,8.1261,3097320,0
1996-10-23,8.1261,8.1591,8.01,8.1591,3632465,0
1996-10-24,8.2424,8.433,8.1261,8.2752,2609456,0
1996-10-25,8.2752,8.3169,8.1591,8.3169,540289,0
1996-10-28,8.3169,8.433,8.2424,8.2424,877000,0
1996-10-29,8.2424,8.2424,7.7364,7.7777,3154244,0
1996-10-30,7.8525,8.1261,7.811,8.0431,2668949,0
1996-10-31,8.0844,8.1261,8.0431,8.0844,1523090,0
1996-11-01,8.1261,8.3913,8.1261,8.3582,1538853,0
1996-11-04,8.3582,8.3582,8.1261,8.1261,1798704,0
1996-11-05,8.2006,8.433,8.1591,8.3169,1998093,0
1996-11-06,8.3913,8.6654,8.3582,8.632,1965614,0
1996-11-07,8.632,8.8229,8.5905,8.8229,2491431,0
1996-11-08,8.7812,8.9802,8.7812,8.9802,1814463,0
1996-11-11,8.9802,9.2886,8.9394,9.2526,3385152,0
1996-11-12,9.3686,9.72,9.2526,9.2526,5900383,0
1996-11-13,9.3276,9.3686,9.0216,9.1714,2301361,0
1996-11-14,9.1377,9.485,9.1377,9.4455,4141235,0
1996-11-15,9.4455,9.561,9.3276,9.403,3365860,0
1996-11-18,9.3686,9.3686,8.9802,9.1714,2302326,0
1996-11-19,9.1714,9.2526,9.0216,9.0965,1405067,0
1996-11-20,9.2119,9.485,9.0216,9.3276,2432574,0
1996-11-21,9.3686,9.403,8.8229,8.9394,2912725,0
1996-11-22,9.0965,9.3276,9.0965,9.1377,7863746,0
1996-11-25,9.1714,9.3686,9.1377,9.1714,2721372,0
1996-11-26,9.2119,9.3276,9.0546,9.2886,3018855,0
1996-11-27,9.3276,9.875,9.2526,9.875,3975613,0
1996-11-29,9.792,10.023,9.759,9.991,1493182,0
1996-12-02,9.951,10.879,9.951,10.647,6474113,0
1996-12-03,10.879,11.004,10.382,10.415,5131120,0
1996-12-04,10.457,10.613,10.109,10.226,7152047,0
1996-12-05,10.264,10.339,10.023,10.109,3366824,0
1996-12-06,9.634,10.573,9.485,10.53,5274550,0
1996-12-09,10.53,11.035,10.53,10.879,4932688,0
1996-12-10,11.035,11.035,10.457,10.457,2520370,0
1996-12-11,10.264,10.763,10.14,10.573,3967569,0
1996-12-12,10.73,10.763,10.573,10.647,2351855,0
1996-12-13,10.573,10.962,10.573,10.847,2822995,0
1996-12-16,10.804,10.879,10.382,10.457,2796947,0
1996-12-17,10.457,10.688,10.226,10.339,3197015,0
1996-12-18,10.415,10.647,10.415,10.53,1804491,0
1996-12-19,10.73,10.804,10.73,10.763,1044876,0
1996-12-20,10.688,10.688,10.264,10.264,1286717,0
1996-12-23,10.339,10.382,10.067,10.109,872177,0
1996-12-24,10.067,10.264,10.067,10.226,822329,0
1996-12-26,10.226,10.415,10.182,10.415,853523,0
1996-12-27,10.415,10.573,10.382,10.382,1228511,0
1996-12-30,10.415,10.613,10.339,10.613,1274819,0
1996-12-31,10.573,10.647,10.496,10.53,1295403,0
1997-01-02,10.53,10.573,10.226,10.264,2071099,0
1997-01-03,10.382,11.27,10.382,11.194,2551567,0
1997-01-06,11.27,11.353,10.804,11.12,3668481,0
1997-01-07,11.145,11.51,11.035,11.51,2111217,0
1997-01-08,11.45,11.51,10.778,10.937,2486041,0
1997-01-09,10.988,11.035,10.621,10.621,1998818,0
1997-01-10,10.621,11.295,10.621,11.194,3453491,0
1997-01-13,11.194,11.295,11.095,11.243,2274028,0
1997-01-14,11.295,11.817,11.243,11.559,3075535,0
1997-01-15,11.559,11.923,11.45,11.817,3090246,0
1997-01-16,11.817,11.817,11.45,11.559,1290176,0
1997-01-17,11.45,11.51,11.353,11.353,1329491,0
1997-01-20,11.353,11.353,11.194,11.295,1413671,0
1997-01-21,11.194,11.765,11.095,11.66,2570221,0
1997-01-22,11.66,11.974,11.609,11.66,2491350,0
1997-01-23,11.708,11.817,11.145,11.145,1985796,0
1997-01-24,11.194,11.4,11.095,11.194,1182360,0
1997-01-27,11.145,11.194,10.831,10.831,2020046,0
1997-01-28,11.035,11.145,10.73,10.778,2485561,0
1997-01-29,10.831,11.095,10.831,11.095,1409087,0
1997-01-30,11.4,11.867,11.353,11.609,2685998,0
1997-01-31,11.609,12.122,11.45,12.023,3747997,0
1997-02-03,12.023,12.122,11.708,11.765,2014015,0
1997-02-04,11.609,11.867,11.353,11.559,4608837,0
1997-02-05,11.51,11.559,10.879,11.035,2768005,0
1997-02-06,11.095,11.45,10.937,11.45,1993996,0
1997-02-07,11.559,11.609,11.295,11.295,984577,0
1997-02-10,11.4,11.4,10.73,10.778,1759547,0
1997-02-11,10.879,11.035,10.264,10.465,2716869,0
1997-02-12,10.573,11.243,10.573,11.194,4756937,0
1997-02-13,11.4,11.4,10.364,10.465,2386429,0
1997-02-14,10.521,10.73,10.264,10.264,3935892,0
1997-02-18,10.156,10.264,9.536,9.951,5353665,0
1997-02-19,10.05,10.465,8.5489,9.693,15492726,0
1997-02-20,9.536,9.634,9.1214,9.536,8875419,0
1997-02-21,9.3276,9.536,9.2205,9.2797,4579172,0
1997-02-24,9.2205,9.4367,9.1714,9.2205,3343988,0
1997-02-25,9.3276,10.05,9.2205,9.999,3603278,0
1997-02-26,9.999,9.999,9.742,9.792,2629074,0
1997-02-27,9.742,9.792,9.536,9.586,2506064,0
1997-02-28,9.586,9.693,9.536,9.634,3058651,0
1997-03-03,9.586,9.634,9.2797,9.2797,2322027,0
1997-03-04,9.4367,9.586,9.3765,9.485,3311187,0
1997-03-05,9.742,9.851,9.586,9.693,2767280,0
1997-03-06,9.742,9.792,9.4367,9.536,2057191,0
1997-03-07,9.536,9.586,9.1214,9.3276,1578408,0
1997-03-10,9.2205,9.2797,9.0717,9.2205,2302249,0
1997-03-11,9.3276,9.901,9.3276,9.3276,2898252,0
1997-03-12,9.634,9.851,9.536,9.586,3234001,0
1997-03-13,9.485,10.05,9.485,9.536,2818656,0
1997-03-14,9.634,9.851,9.634,9.693,2146676,0
1997-03-17,9.586,9.634,9.1714,9.2797,2491110,0
1997-03-18,9.3276,9.3765,9.1214,9.1214,5335334,0
1997-03-19,9.1214,9.1214,8.7565,8.8062,3208435,0
1997-03-20,8.9143,9.0717,8.7565,8.9143,6176395,0
1997-03-21,9.0717,9.2205,9.0216,9.0717,3573851,0
1997-03-24,9.1214,9.1714,8.7063,8.7565,4675410,0
1997-03-25,8.7565,9.0216,8.7063,8.9632,4325431,0
1997-03-26,9.1214,9.951,9.0216,9.951,7239840,0
1997-03-27,9.951,9.999,9.586,9.634,3115332,0
1997-03-31,9.634,9.742,9.2797,9.3276,2978332,0
1997-04-01,9.3765,9.4367,9.0717,9.0717,1515938,0
1997-04-02,9.1214,9.2797,8.9632,9.2797,2666219,0
1997-04-03,9.2205,9.851,9.0717,9.851,4299619,0
1997-04-04,9.851,10.879,9.792,10.778,8785933,0
1997-04-07,11.035,11.095,10.621,10.679,3117744,0
1997-04-08,10.778,11.095,10.679,10.937,2252805,0
1997-04-09,10.988,11.035,10.315,10.315,1548742,0
1997-04-10,10.465,10.465,10.05,10.05,821522,0
1997-04-11,9.951,10.109,9.792,9.951,1369770,0
1997-04-14,9.851,10.364,9.792,10.264,2132928,0
1997-04-15,10.465,10.621,10.156,10.207,1495677,0
1997-04-16,10.109,10.207,9.901,9.951,1582751,0
1997-04-17,10.05,10.264,9.999,10.05,1239767,0
1997-04-18,10.315,10.315,10.109,10.264,1320567,0
1997-04-21,10.315,10.315,9.693,9.742,794991,0
1997-04-22,9.742,9.742,9.4367,9.634,1914640,0
1997-04-23,9.634,10.109,9.4367,10.109,3042734,0
1997-04-24,10.264,10.315,9.901,9.999,2321788,0
1997-04-25,9.951,9.999,9.634,9.693,513273,0
1997-04-28,9.634,9.951,9.586,9.851,705749,0
1997-04-29,10.05,10.415,9.999,10.315,1888592,0
1997-04-30,10.109,11.17,10.109,11.095,5876342,0
1997-05-01,11.095,11.45,10.879,11.095,6347405,0
1997-05-02,11.095,11.4,11.095,11.243,3789005,0
1997-05-05,11.243,11.66,11.243,11.45,3761747,0
1997-05-06,11.353,11.4,10.937,10.988,3001968,0
1997-05-07,10.988,11.708,10.988,11.4,3845922,0
1997-05-08,11.243,12.073,11.145,11.708,3901883,0
1997-05-09,11.867,11.867,11.559,11.708,2192745,0
1997-05-12,11.765,11.765,11.353,11.353,1518832,0
1997-05-13,11.4,11.559,11.194,11.243,2533319,0
1997-05-14,11.353,11.45,11.145,11.194,2742197,0
1997-05-15,11.095,11.353,11.035,11.243,1941654,0
1997-05-16,11.095,11.243,10.988,11.194,1779568,0
1997-05-19,11.194,11.609,11.145,11.559,1531856,0
1997-05-20,11.45,11.765,10.679,11.353,14269358,0
1997-05-21,11.45,12.023,11.295,11.559,6063514,0
1997-05-22,11.353,11.45,10.364,10.621,4835808,0
1997-05-23,10.465,10.937,10.315,10.879,5059644,0
1997-05-27,10.879,11.145,10.778,10.988,4221233,0
1997-05-28,11.035,11.194,10.831,11.145,2100127,0
1997-05-29,11.095,11.243,10.879,10.988,1989656,0
1997-05-30,10.465,11.095,10.465,10.988,3352192,0
1997-06-02,11.095,11.145,10.778,11.095,1416806,0
1997-06-03,10.988,10.988,10.573,10.573,2346389,0
1997-06-04,10.621,10.879,9.999,10.156,4322537,0
1997-06-05,10.109,10.415,9.901,10.264,5009472,0
1997-06-06,10.315,10.415,10.156,10.207,1599877,0
1997-06-09,10.315,10.73,10.315,10.521,2101571,0
1997-06-10,10.415,10.465,10.207,10.264,1152932,0
1997-06-11,10.207,10.415,10.156,10.207,1576964,0
1997-06-12,10.207,10.521,10.207,10.415,1523175,0
1997-06-13,10.415,10.879,10.415,10.778,1501946,0
1997-06-16,10.778,10.988,10.73,10.831,838411,0
1997-06-17,10.831,11.559,10.679,11.559,5003923,0
1997-06-18,11.295,11.353,11.095,11.353,2094816,0
1997-06-19,11.243,11.66,11.035,11.609,2270651,0
1997-06-20,11.609,11.609,11.353,11.353,947429,0
1997-06-23,11.243,11.51,11.194,11.353,1128573,0
1997-06-24,11.609,11.765,11.4,11.609,1652697,0
1997-06-25,11.51,11.66,11.194,11.295,1382077,0
1997-06-26,11.326,11.4,10.988,10.988,1629302,0
1997-06-27,10.988,11.12,10.988,11.035,1344927,0
1997-06-30,11.035,11.353,10.879,11.013,1130742,0
1997-07-01,11.035,11.27,10.879,10.988,1789942,0
1997-07-02,10.988,11.295,10.988,10.988,1195623,0
1997-07-03,11.035,11.353,11.035,11.353,767976,0
1997-07-07,11.353,11.376,11.17,11.27,790654,0
1997-07-08,11.194,11.51,11.194,11.45,905461,0
1997-07-09,11.559,12.208,11.559,11.949,3677328,0
1997-07-10,11.923,12.023,11.51,11.765,3143791,0
1997-07-11,11.867,12.596,11.841,12.231,4934218,0
1997-07-14,12.34,12.488,12.231,12.412,2235677,0
1997-07-15,13.218,13.68,12.904,13.607,6212574,0
1997-07-16,13.997,14.045,13.656,13.997,3994744,0
1997-07-17,13.889,13.889,13.68,13.706,2135099,0
1997-07-18,13.68,13.706,13.315,13.315,2945528,0
1997-07-21,13.315,13.315,12.928,13.168,2096024,0
1997-07-22,13.061,13.267,13.01,13.168,1536682,0
1997-07-23,13.218,13.5,13.061,13.474,3825904,0
1997-07-24,13.267,13.424,13.037,13.218,1734952,0
1997-07-25,13.243,13.243,12.755,12.984,1249171,0
1997-07-28,12.877,13.085,12.72,12.775,1512321,0
1997-07-29,12.775,12.775,12.537,12.596,1310198,0
1997-07-30,12.596,13.11,12.573,13.01,3304673,0
1997-07-31,13.132,13.243,12.877,13.037,1497365,0
1997-08-01,12.95,13.267,12.775,13.267,1488199,0
1997-08-04,13.085,13.68,13.061,13.656,1867851,0
1997-08-05,13.731,13.863,13.5,13.548,3298402,0
1997-08-06,13.525,13.607,13.368,13.424,1706727,0
1997-08-07,13.424,13.525,13.01,13.132,1980729,0
1997-08-08,12.904,13.218,12.853,12.984,1798866,0
1997-08-11,12.877,12.95,12.596,12.755,1278358,0
1997-08-12,12.853,13.292,12.853,12.984,2661635,0
1997-08-13,13.582,13.582,13.168,13.45,4204107,0
1997-08-14,13.656,13.68,13.474,13.656,3080118,0
1997-08-15,13.68,13.68,13.474,13.633,1767267,0
1997-08-18,13.525,14.644,13.474,14.509,5936641,0
1997-08-19,14.611,15.025,14.305,15.025,4657319,0
1997-08-20,15.025,15.025,14.354,14.489,5781550,0
1997-08-21,14.462,14.644,14.435,14.56,3802268,0
1997-08-22,14.354,14.435,14.072,14.254,3275970,0
1997-08-25,14.278,14.56,14.23,14.56,1901859,0
1997-08-26,14.462,14.56,14.41,14.462,1345652,0
1997-08-27,14.435,14.535,14.254,14.329,1900169,0
1997-08-28,13.997,14.045,13.633,13.633,4227986,0
1997-08-29,13.68,13.782,13.582,13.731,1911505,0
1997-09-02,13.782,14.123,13.757,14.097,1315744,0
1997-09-03,14.195,14.23,14.045,14.045,1151005,0
1997-09-04,13.889,14.072,13.814,13.997,2368819,0
1997-09-05,14.097,14.305,14.045,14.254,3004140,0
1997-09-08,14.195,14.195,13.965,14.072,2161388,0
1997-09-09,14.072,14.123,13.94,13.997,1381349,0
1997-09-10,13.997,14.019,13.757,13.757,1795728,0
1997-09-11,13.782,13.889,13.731,13.889,1459741,0
1997-09-12,13.965,14.145,13.94,14.019,1511113,0
1997-09-15,13.94,14.097,13.889,13.889,866869,0
1997-09-16,13.997,14.123,13.889,14.123,893885,0
1997-09-17,14.097,14.123,13.889,13.889,1565866,0
1997-09-18,13.889,14.045,13.839,13.889,687178,0
1997-09-19,13.889,13.997,13.814,13.965,1523656,0
1997-09-22,13.997,14.611,13.997,14.489,3341095,0
1997-09-23,14.669,14.669,14.329,14.585,1145941,0
1997-09-24,14.585,14.669,14.329,14.354,760500,0
1997-09-25,14.254,14.254,13.913,13.94,1475655,0
1997-09-26,13.997,14.072,13.731,13.782,1486029,0
1997-09-29,13.889,14.123,13.839,14.123,1393651,0
1997-09-30,14.097,14.097,13.889,14.045,1327804,0
1997-10-01,13.997,13.997,13.192,13.368,1865919,0
1997-10-02,13.474,14.254,13.45,14.254,2553821,0
1997-10-03,14.509,14.716,14.354,14.535,2143541,0
1997-10-06,14.56,14.56,14.278,14.354,1198038,0
1997-10-07,14.305,14.793,14.278,14.56,2685034,0
1997-10-08,14.669,14.768,14.509,14.768,1412706,0
1997-10-09,14.694,15.025,14.611,14.829,1038603,0
1997-10-10,14.716,14.875,14.585,14.829,1164030,0
1997-10-13,14.829,15.208,14.829,15.025,576950,0
1997-10-14,14.926,14.926,14.329,14.644,1645943,0
1997-10-15,14.462,14.829,14.435,14.768,1467220,0
1997-10-16,14.768,14.829,13.863,14.305,1458775,0
1997-10-17,14.305,14.354,13.814,13.965,1234941,0
1997-10-20,14.097,14.489,13.965,14.123,946950,0
1997-10-21,14.23,14.305,14.123,14.145,1004595,0
1997-10-22,14.145,14.354,13.839,13.913,1049942,0
1997-10-23,13.267,13.368,12.72,13.085,4696638,0
1997-10-24,13.168,13.243,12.231,12.801,3287307,0
1997-10-27,12.828,12.904,10.778,10.778,3126909,0
1997-10-28,10.988,13.061,10.937,13.037,5274309,0
1997-10-29,13.037,13.132,12.231,12.644,2811661,0
1997-10-30,12.231,12.67,12.181,12.306,1482171,0
1997-10-31,12.438,12.95,12.34,12.67,1614348,0
1997-11-03,12.775,13.292,12.775,13.243,1058143,0
1997-11-04,13.168,13.548,13.061,13.45,981198,0
1997-11-05,13.399,13.656,13.315,13.45,966249,0
1997-11-06,13.399,13.424,13.037,13.037,607342,0
1997-11-07,12.755,13.01,12.412,12.438,1410532,0
1997-11-10,12.537,12.775,12.364,12.438,1814541,0
1997-11-11,12.67,12.696,12.412,12.465,1646912,0
1997-11-12,12.364,12.388,11.708,11.741,2508718,0
1997-11-13,11.974,12.231,11.51,11.841,2850255,0
1997-11-14,11.998,12.51,11.998,12.465,1386896,0
1997-11-17,12.696,13.315,12.696,13.192,1603739,0
1997-11-18,13.168,13.168,12.644,12.644,601549,0
1997-11-19,12.34,12.51,12.253,12.34,1732052,0
1997-11-20,12.34,12.853,12.34,12.775,3177565,0
1997-11-21,13.061,13.061,12.801,12.984,3255230,0
1997-11-24,12.877,12.904,12.67,12.755,2542001,0
1997-11-25,12.95,13.061,12.644,12.95,1613141,0
1997-11-26,12.904,13.085,12.775,12.775,931755,0
1997-11-28,12.828,13.11,12.828,13.01,505072,0
1997-12-01,13.168,13.913,13.11,13.814,2541040,0
1997-12-02,13.731,13.731,12.95,12.95,2401623,0
1997-12-03,12.34,12.696,11.609,12.696,7355861,0
1997-12-04,12.801,12.928,12.306,12.412,3322283,0
1997-12-05,12.412,12.488,12.231,12.412,1980006,0
1997-12-08,12.412,12.465,11.998,12.155,3547080,0
1997-12-09,12.098,12.098,11.974,11.974,2320100,0
1997-12-10,11.867,11.889,11.194,11.27,3398018,0
1997-12-11,10.778,10.988,10.573,10.778,4443133,0
1997-12-12,11.035,11.217,10.465,10.573,2279334,0
1997-12-15,10.679,10.704,10.023,10.05,5976441,0
1997-12-16,9.999,10.364,9.851,9.975,6229218,0
1997-12-17,10.264,10.937,10.233,10.754,3455425,0
1997-12-18,10.778,10.831,10.415,10.465,3501249,0
1997-12-19,10.364,10.804,10.207,10.804,3520792,0
1997-12-22,10.988,11.4,10.879,11.353,3150549,0
1997-12-23,11.326,11.326,10.831,10.831,1976149,0
1997-12-24,10.937,10.937,10.804,10.911,344674,0
1997-12-26,10.911,10.988,10.831,10.879,270386,0
1997-12-29,10.962,11.194,10.962,11.095,2193472,0
1997-12-30,11.17,11.45,11.095,11.427,1198523,0
1997-12-31,11.45,11.841,11.243,11.477,2443834,0
1998-01-02,11.45,11.477,11.326,11.427,1853378,0
1998-01-05,11.45,12.231,11.45,11.949,4436865,0
1998-01-06,11.817,11.867,11.4,11.45,1831425,0
1998-01-07,11.45,11.45,10.879,10.962,2316481,0
1998-01-08,10.962,11.095,10.804,11.013,2945528,0
1998-01-09,11.013,11.013,10.156,10.364,3709648,0
1998-01-12,9.999,10.679,9.999,10.364,2698299,0
1998-01-13,10.598,10.988,10.364,10.988,5716912,0
1998-01-14,10.988,11.035,10.29,10.364,5810014,0
1998-01-15,10.44,11.095,10.339,10.937,5496453,0
1998-01-16,10.937,11.243,10.937,11.035,3021264,0
1998-01-20,11.194,11.45,11.095,11.427,1925012,0
1998-01-21,11.4,11.4,11.013,11.095,3399226,0
1998-01-22,10.988,11.013,10.679,10.704,2096990,0
1998-01-23,10.496,11.145,10.496,11.145,2312380,0
1998-01-26,11.145,11.194,10.679,10.679,2051886,0
1998-01-27,10.778,10.988,10.73,10.853,2804667,0
1998-01-28,11.035,11.477,10.988,11.427,2842777,0
1998-01-29,11.427,12.122,11.295,11.841,3735695,0
1998-01-30,11.974,12.34,11.889,12.231,3020057,0
1998-02-02,12.122,12.155,11.477,11.741,4851728,0
1998-02-03,11.765,12.279,11.741,12.231,3534778,0
1998-02-04,12.122,12.537,11.841,12.388,2784647,0
1998-02-05,12.438,12.755,12.049,12.098,2356034,0
1998-02-06,12.023,12.098,11.741,12.098,3432510,0
1998-02-09,12.122,12.155,11.741,11.765,3598697,0
1998-02-10,11.66,12.073,11.583,11.998,4139948,0
1998-02-11,11.791,11.791,11.51,11.684,3081564,0
1998-02-12,11.684,12.023,11.45,11.949,1969873,0
1998-02-13,11.923,12.049,11.583,11.66,2057913,0
1998-02-17,12.023,12.023,11.243,11.45,2664531,0
1998-02-18,11.477,13.11,11.4,13.11,10174036,0
1998-02-19,13.267,13.965,13.168,13.424,10077314,0
1998-02-20,13.474,13.474,13.037,13.243,3129564,0
1998-02-23,13.368,13.525,13.243,13.525,4482932,0
1998-02-24,13.424,13.424,13.01,13.01,1184289,0
1998-02-25,13.037,13.68,12.853,13.633,5851017,0
1998-02-26,13.656,14.097,13.5,13.913,4425045,0
1998-02-27,13.889,13.965,13.368,13.399,1959264,0
1998-03-02,13.292,13.424,12.853,12.904,2166455,0
1998-03-03,12.95,13.037,12.488,12.95,1481930,0
1998-03-04,12.853,13.525,12.828,13.525,3859194,0
1998-03-05,13.11,13.267,12.95,12.95,3235208,0
1998-03-06,13.01,13.342,13.01,13.267,3441195,0
1998-03-09,13.11,13.292,13.01,13.037,1635093,0
1998-03-10,13.085,13.243,12.904,13.11,1228672,0
1998-03-11,13.192,13.731,13.11,13.731,2934432,0
1998-03-12,13.782,14.145,13.731,14.045,2562259,0
1998-03-13,14.072,14.509,13.965,13.997,3266324,0
1998-03-16,14.097,14.171,13.814,13.863,1731329,0
1998-03-17,14.045,14.377,13.997,14.045,4006322,0
1998-03-18,14.097,14.171,13.997,14.171,2282713,0
1998-03-19,14.123,14.195,13.731,13.863,1866401,0
1998-03-20,13.814,13.889,13.525,13.607,2970614,0
1998-03-23,13.525,13.731,13.267,13.607,2937327,0
1998-03-24,13.607,13.94,13.525,13.889,1786322,0
1998-03-25,13.997,14.535,13.997,14.305,3584226,0
1998-03-26,14.195,14.305,14.072,14.145,2630041,0
1998-03-27,14.145,14.278,13.782,13.94,1190078,0
1998-03-30,13.889,13.965,13.368,13.5,3259811,0
1998-03-31,13.474,14.045,13.474,13.782,1323702,0
1998-04-01,13.889,14.195,13.68,14.195,1291141,0
1998-04-02,14.611,14.669,14.377,14.41,2479050,0
1998-04-03,14.509,14.509,14.145,14.305,1907648,0
1998-04-06,14.329,14.585,14.329,14.489,2579629,0
1998-04-07,14.145,14.195,13.757,13.965,4169375,0
1998-04-08,14.019,14.145,13.889,13.997,2118693,0
1998-04-09,14.045,14.195,13.94,14.097,841062,0
1998-04-13,14.097,14.377,13.997,14.329,1404264,0
1998-04-14,14.195,14.435,13.997,14.435,2195879,0
1998-04-15,14.926,15.39,14.743,15.365,5298915,0
1998-04-16,15.34,15.497,15.057,15.183,2754738,0
1998-04-17,15.025,15.241,14.951,15.241,1272086,0
1998-04-20,15.157,15.83,15.109,15.83,3420205,0
1998-04-21,15.83,15.856,15.595,15.804,2041027,0
1998-04-22,15.804,16.303,15.707,16.069,3630053,0
1998-04-23,15.962,16.013,15.655,15.68,3419726,0
1998-04-24,15.68,15.937,15.595,15.804,967933,0
1998-04-27,15.39,15.439,15.157,15.29,1179224,0
1998-04-28,15.34,15.548,15.241,15.548,1067066,0
1998-04-29,15.595,15.937,15.573,15.886,1025820,0
1998-04-30,15.886,16.426,15.886,16.144,1878463,0
1998-05-01,16.167,16.194,15.988,16.167,1064897,0
1998-05-04,16.119,16.167,15.621,15.68,3168880,0
1998-05-05,15.73,15.754,15.497,15.524,1225775,0
1998-05-06,15.548,15.68,15.439,15.595,628324,0
1998-05-07,15.655,15.754,15.39,15.415,1001699,0
1998-05-08,15.439,15.804,15.365,15.621,1157757,0
1998-05-11,15.573,15.655,14.974,15,2007022,0
1998-05-12,15.057,15.34,14.829,15.34,1297410,0
1998-05-13,15.34,15.439,15.057,15.057,1119166,0
1998-05-14,14.716,14.926,14.195,14.23,5359931,0
1998-05-15,13.889,14.097,13.582,13.706,4478348,0
1998-05-18,13.782,14.254,13.782,14.019,2085411,0
1998-05-19,14.097,14.354,13.94,13.997,2767280,0
1998-05-20,14.097,14.145,10.988,11.45,24369102,0
1998-05-21,11.66,11.684,10.962,11.145,13796366,0
1998-05-22,11.095,11.095,10.465,10.679,8721771,0
1998-05-26,10.804,10.831,10.364,10.465,4361370,0
1998-05-27,10.465,10.754,10.339,10.521,5377301,0
1998-05-28,10.549,10.549,10.315,10.415,3508245,0
1998-05-29,10.465,10.521,10.233,10.233,1942861,0
1998-06-01,9.999,9.999,9.586,9.586,3101103,0
1998-06-02,9.693,9.792,9.509,9.561,3270904,0
1998-06-03,9.586,9.817,9.4611,9.4611,4815789,0
1998-06-04,9.536,9.999,9.509,9.951,4996930,0
1998-06-05,9.999,10.182,9.951,10.084,4152732,0
1998-06-08,10.315,10.364,10.109,10.132,1935382,0
1998-06-09,10.182,10.778,10.156,10.73,5454725,0
1998-06-10,10.415,10.415,10.05,10.05,2986532,0
1998-06-11,10.084,10.156,9.851,9.975,3407906,0
1998-06-12,9.901,9.901,9.1214,9.509,6010212,0
1998-06-15,9.509,9.693,9.2205,9.3765,2976403,0
1998-06-16,9.3765,9.72,9.3765,9.693,4020311,0
1998-06-17,9.693,9.792,9.3041,9.3276,4425768,0
1998-06-18,9.4367,9.561,9.403,9.509,3579162,0
1998-06-19,9.509,9.634,9.1965,9.586,3740278,0
1998-06-22,9.851,9.901,9.536,9.817,2007262,0
1998-06-23,9.901,10.415,9.875,10.315,3002691,0
1998-06-24,10.39,10.754,10.264,10.573,3795274,0
1998-06-25,10.679,10.804,10.29,10.29,2145471,0
1998-06-26,9.999,10.364,9.999,10.339,1333832,0
1998-06-29,10.364,10.521,10.29,10.315,2805631,0
1998-06-30,10.315,10.339,10.156,10.182,1413912,0
1998-07-01,10.364,10.679,10.339,10.647,3710611,0
1998-07-02,10.598,10.621,10.29,10.339,1293068,0
1998-07-06,10.339,10.364,10.05,10.05,1914883,0
1998-07-07,9.975,10.621,9.975,10.621,3128841,0
1998-07-08,10.621,11.12,10.364,10.962,4015487,0
1998-07-09,10.73,10.853,10.44,10.465,1522694,0
1998-07-10,10.465,10.573,10.264,10.364,1348306,0
1998-07-13,10.364,10.704,10.264,10.621,2521258,0
1998-07-14,10.647,10.853,10.598,10.598,1630267,0
1998-07-15,10.647,11.145,10.465,11.145,3208435,0
1998-07-16,11.353,11.684,11.145,11.609,3989198,0
1998-07-17,11.534,11.559,10.937,11.17,4150561,0
1998-07-20,10.573,10.621,9.3041,9.792,10878580,0
1998-07-21,9.999,10.315,9.999,10.109,2429605,0
1998-07-22,9.875,9.951,9.3276,9.3276,5598725,0
1998-07-23,9.3765,9.634,9.1452,9.1714,3285858,0
1998-07-24,9.2205,9.4611,9.0717,9.1965,2433221,0
1998-07-27,9.2797,9.2797,9.0717,9.1965,1577688,0
1998-07-28,9.2797,9.609,9.1714,9.3276,1103487,0
1998-07-29,9.3765,9.509,8.8889,8.8889,2394866,0
1998-07-30,9.1214,9.2205,9.0216,9.1452,1639673,0
1998-07-31,9.1965,9.3041,8.9143,8.9143,1596259,0
1998-08-03,8.9143,9.2526,8.8635,9.2205,983129,0
1998-08-04,9.1214,9.1214,8.7565,8.8395,1797177,0
1998-08-05,8.9143,8.9632,8.6071,8.7565,2500033,0
1998-08-06,8.7565,9.1214,8.632,9.0216,4114381,0
1998-08-07,9.1214,9.561,9.1214,9.3041,4341106,0
1998-08-10,9.3276,9.4367,9.1965,9.2797,1236871,0
1998-08-11,9.1214,9.1452,8.9394,8.9877,775938,0
1998-08-12,9.0216,9.693,9.0216,9.4367,4062280,0
1998-08-13,9.742,9.875,9.2797,9.2797,2737854,0
1998-08-14,9.4367,9.609,9.1714,9.1965,1226020,0
1998-08-17,9.1965,9.72,9.1214,9.668,1567556,0
1998-08-18,9.742,10.109,9.668,10.05,2493038,0
1998-08-19,8.9143,9.0965,8.7063,8.9143,5189646,0
1998-08-20,8.6071,8.632,8.0844,8.1923,5383572,0
1998-08-21,7.8277,7.9519,7.6948,7.8277,4009216,0
1998-08-24,7.7446,7.9519,7.6203,7.6452,3074810,0
1998-08-25,7.6948,7.8277,7.1806,7.2802,3811917,0
1998-08-26,6.4759,7.3631,6.4759,7.3631,3772120,0
1998-08-27,7.3631,7.3631,6.4264,6.7332,5384053,0
1998-08-28,6.7663,6.8905,6.1192,6.1444,5291918,0
1998-08-31,6.3518,6.4011,5.6219,5.8293,4324223,0
1998-09-01,5.9866,6.0861,5.8789,5.9372,4869818,0
1998-09-02,6.3185,6.3185,5.9038,5.9619,3421656,0
1998-09-03,5.8044,5.8789,5.5224,5.6467,3556966,0
1998-09-04,5.6467,5.8044,5.3898,5.4893,3568303,0
1998-09-08,5.8044,6.1693,5.7797,6.1192,5714019,0
1998-09-09,6.1941,6.3185,6.0861,6.2189,2783444,0
1998-09-10,6.0365,6.0365,5.7546,5.8789,3659960,0
1998-09-11,5.9038,6.1192,5.8789,6.0114,2709635,0
1998-09-14,6.0614,6.1693,5.9866,6.0114,2013775,0
1998-09-15,5.9038,6.0365,5.8542,5.9038,1433205,0
1998-09-16,6.0614,6.2437,6.0114,6.1693,3437816,0
1998-09-17,5.9619,6.3765,5.8542,6.1693,3852918,0
1998-09-18,6.1941,6.2936,6.0861,6.2437,2956380,0
1998-09-21,6.1444,6.7663,6.1192,6.7081,3131009,0
1998-09-22,6.7332,6.9735,6.534,6.534,2165488,0
1998-09-23,6.6831,7.0979,6.6831,7.0481,2120627,0
1998-09-24,6.9484,7.1475,6.6831,6.7663,1462149,0
1998-09-25,6.6584,7.1227,6.6584,6.9982,2060566,0
1998-09-28,7.2057,7.2802,6.8406,6.8657,1728435,0
1998-09-29,6.8905,6.9982,6.6338,6.7663,1784392,0
1998-09-30,6.7663,6.8905,6.6584,6.6584,3530438,0
1998-10-01,6.6338,6.7332,6.4264,6.451,2741715,0
1998-10-02,6.4264,6.5008,6.3765,6.451,1831669,0
1998-10-05,6.4264,6.451,5.9619,6.0114,3096761,0
1998-10-06,6.0614,6.3765,5.9038,5.9866,1500020,0
1998-10-07,5.9372,6.1192,5.597,5.8044,1882082,0
1998-10-08,4.9749,5.7546,4.9749,5.5472,3778390,0
1998-10-09,5.7047,6.0365,5.6467,5.9372,2313100,0
1998-10-12,6.2189,6.2936,6.1192,6.2189,3024402,0
1998-10-13,6.1693,6.1941,6.0114,6.0861,3240032,0
1998-10-14,6.0114,6.4264,5.9372,6.2189,5502004,0
1998-10-15,6.2437,6.2936,5.9619,6.0614,5128865,0
1998-10-16,6.1192,6.2687,6.1192,6.1941,5008266,0
1998-10-19,6.2189,6.7332,6.2189,6.7332,4160450,0
1998-10-20,7.1475,7.4628,6.9735,7.0481,5593898,0
1998-10-21,7.1475,7.6203,7.0481,7.4876,2642581,0
1998-10-22,7.4876,7.8025,7.3631,7.6698,3168880,0
1998-10-23,7.7446,8.0598,7.7446,7.8277,2339632,0
1998-10-26,7.8774,7.927,7.5125,7.6452,1268225,0
1998-10-27,7.6698,7.8525,7.6203,7.6452,1049217,0
1998-10-28,7.4628,7.8525,7.4628,7.8025,1218539,0
1998-10-29,7.8025,8.2424,7.7777,7.927,2875097,0
1998-10-30,8.1344,8.8062,8.1344,8.2424,5228480,0
1998-11-02,8.3417,8.5241,8.1344,8.2424,2698062,0
1998-11-03,8.2424,8.2917,8.01,8.2424,1347099,0
1998-11-04,8.4989,9.1214,8.4989,9.1214,3376310,0
1998-11-05,9.1214,9.1214,8.7317,8.9394,2705774,0
1998-11-06,8.9143,9.0459,8.8395,9.0216,1337451,0
1998-11-09,8.9143,8.9632,8.3417,8.8395,1750867,0
1998-11-10,8.7317,8.8635,8.2917,8.8635,1903788,0
1998-11-11,9.2526,9.2526,8.9632,9.1214,1640399,0
1998-11-12,9.1214,9.3539,8.9632,9.3276,1186939,0
1998-11-13,9.3041,10.05,9.3041,9.693,3735695,0
1998-11-16,9.561,9.693,9.3041,9.3765,1800314,0
1998-11-17,9.2797,9.3276,8.7812,9.2205,1566352,0
1998-11-18,9.2205,9.3765,9.1214,9.2205,1713239,0
1998-11-19,9.1965,9.3041,8.9143,9.2526,2372437,0
1998-11-20,9.2797,9.3276,8.4989,8.9394,3394403,0
1998-11-23,9.0965,9.3276,9.0216,9.3276,2569740,0
1998-11-24,9.3276,9.634,9.0965,9.1214,2509437,0
1998-11-25,9.3041,9.3041,8.9143,9.0965,1563214,0
1998-11-27,9.0965,9.1714,9.0216,9.0965,599142,0
1998-11-30,9.0965,9.1214,8.4743,8.4743,1605181,0
1998-12-01,8.6567,8.7812,8.1923,8.7063,5238611,0
1998-12-02,9.1289,9.999,9.1214,9.999,13066739,0
1998-12-03,10.679,11.609,10.573,11.295,22859196,0
1998-12-04,11.295,11.841,11.295,11.684,12147048,0
1998-12-07,11.684,11.889,11.559,11.889,7006122,0
1998-12-08,11.817,12.122,11.633,12.023,4782501,0
1998-12-09,12.023,12.023,11.559,11.559,3513312,0
1998-12-10,11.583,11.609,11.035,11.145,5659986,0
1998-12-11,11.035,11.194,10.679,10.804,2985087,0
1998-12-14,10.778,10.778,10.315,10.415,2209145,0
1998-12-15,10.521,11.095,10.521,10.937,2249907,0
1998-12-16,11.035,11.059,10.778,10.831,1260750,0
1998-12-17,10.937,11.243,10.879,11.243,1829014,0
1998-12-18,11.243,11.633,11.243,11.559,2391976,0
1998-12-21,11.708,11.974,11.609,11.684,3532607,0
1998-12-22,11.949,11.974,11.559,11.684,2496653,0
1998-12-23,11.791,12.155,11.791,12.122,3304920,0
1998-12-24,12.122,12.208,11.949,11.998,381579,0
1998-12-28,11.998,12.253,11.998,12.049,955872,0
1998-12-29,12.073,12.073,11.974,12.023,1634610,0
1998-12-30,12.073,12.755,12.073,12.438,3352674,0
1998-12-31,12.488,13.267,12.488,13.01,2120385,0
1999-01-04,12.904,13.037,12.412,12.488,3497392,0
1999-01-05,12.51,12.853,12.388,12.853,3329758,0
1999-01-06,12.853,13.368,12.853,13.168,5868624,0
1999-01-07,13.061,13.085,12.696,12.853,2973023,0
1999-01-08,12.95,13.01,12.438,12.465,2075521,0
1999-01-11,12.465,12.72,12.231,12.438,2473500,0
1999-01-12,12.51,12.537,11.817,11.974,2805631,0
1999-01-13,11.45,12.537,11.4,12.023,5590280,0
1999-01-14,12.049,12.073,11.4,11.66,2022458,0
1999-01-15,11.741,12.388,11.66,12.231,1916571,0
1999-01-19,12.465,12.537,11.923,12.098,3217358,0
1999-01-20,12.596,12.95,12.34,12.644,5124279,0
1999-01-21,12.755,12.755,12.279,12.306,2488456,0
1999-01-22,12.122,12.122,11.841,11.923,1358676,0
1999-01-25,11.817,11.867,11.534,11.817,2282713,0
1999-01-26,12.122,12.438,11.974,12.279,2404998,0
1999-01-27,12.34,12.438,12.023,12.098,2129067,0
1999-01-28,12.122,12.34,12.023,12.34,1765099,0
1999-01-29,12.412,12.537,12.023,12.34,2261245,0
1999-02-01,12.34,12.488,12.049,12.388,1541507,0
1999-02-02,12.181,12.208,11.633,11.66,2796226,0
1999-02-03,12.95,14.097,12.801,14.045,9376625,0
1999-02-04,14.41,15.439,13.061,13.424,10643406,0
1999-02-05,13.315,13.342,12.388,12.801,4942902,0
1999-02-08,12.95,13.424,12.801,12.95,2793573,0
1999-02-09,13.11,13.315,12.51,12.801,2202394,0
1999-02-10,12.465,12.596,11.923,12.155,3722911,0
1999-02-11,12.388,12.853,12.181,12.828,4283463,0
1999-02-12,12.72,12.755,12.364,12.67,5396841,0
1999-02-16,12.904,13.085,12.644,12.801,3265358,0
1999-02-17,12.801,13.218,11.791,11.998,7110561,0
1999-02-18,12.34,12.388,12.023,12.253,2798880,0
1999-02-19,12.253,12.279,11.974,12.023,2221685,0
1999-02-22,11.949,12.279,11.708,12.231,2898011,0
1999-02-23,12.34,12.388,11.817,11.841,2984359,0
1999-02-24,11.923,12.306,11.765,11.765,2588795,0
1999-02-25,11.4,11.477,11.035,11.217,4538168,0
1999-02-26,11.145,11.145,10.339,10.39,4489206,0
1999-03-01,10.264,10.778,10.109,10.679,1861336,0
1999-03-02,10.73,11.013,10.496,10.598,5327615,0
1999-03-03,10.879,10.962,10.521,10.831,2425742,0
1999-03-04,10.804,11.059,10.573,10.73,4475698,0
1999-03-05,11.194,11.194,10.778,10.879,3205783,0
1999-03-08,11.059,11.684,11.013,11.559,5167702,0
1999-03-09,11.534,11.867,11.095,11.243,2700713,0
1999-03-10,11.27,11.477,11.095,11.4,1517868,0
1999-03-11,11.51,11.583,10.937,11.059,1185736,0
1999-03-12,11.095,11.17,10.339,10.573,2773070,0
1999-03-15,10.573,10.831,10.44,10.831,1515456,0
1999-03-16,10.804,11.427,10.647,11.376,4412260,0
1999-03-17,11.376,11.376,11.145,11.243,2071177,0
1999-03-18,11.353,11.867,11.353,11.867,3185524,0
1999-03-19,11.867,12.073,11.66,11.998,3992335,0
1999-03-22,11.998,11.998,11.4,11.559,1529444,0
1999-03-23,11.51,11.51,11.095,11.194,2054055,0
1999-03-24,11.17,11.708,11.095,11.708,1798866,0
1999-03-25,11.708,12.155,11.609,12.122,3104236,0
1999-03-26,12.023,12.34,11.949,12.023,1671995,0
1999-03-29,11.974,12.537,11.923,12.51,2621356,0
1999-03-30,12.596,12.696,12.34,12.438,2630041,0
1999-03-31,12.853,12.928,12.34,12.34,2041027,0
1999-04-01,12.853,13.315,12.644,13.132,4528518,0
1999-04-05,13.243,14.254,13.218,14.019,3675157,0
1999-04-06,13.997,14.435,13.889,14.254,3459285,0
1999-04-07,14.23,14.354,13.548,13.68,3079875,0
1999-04-08,13.68,13.863,13.315,13.839,1559113,0
1999-04-09,13.889,14.694,13.706,14.509,2479532,0
1999-04-12,14.097,14.435,13.997,14.072,2196847,0
1999-04-13,14.123,14.329,13.94,14.123,1422113,0
1999-04-14,14.377,14.9,14.097,14.509,3925282,0
1999-04-15,14.489,15.057,14.354,14.951,3103512,0
1999-04-16,14.9,14.9,14.611,14.743,1749421,0
1999-04-19,15.29,15.314,14.329,14.509,3520545,0
1999-04-20,14.489,15.208,13.965,15.183,3193721,0
1999-04-21,15.183,15.655,15.083,15.548,2201912,0
1999-04-22,15.754,15.911,15.573,15.621,2608329,0
1999-04-23,15.595,15.621,15.183,15.365,1277876,0
1999-04-26,15.39,15.497,15.266,15.34,1441650,0
1999-04-27,15.39,15.439,15.183,15.29,2127621,0
1999-04-28,15.29,15.39,15.025,15.109,1783911,0
1999-04-29,15.109,15.157,14.768,14.926,1470832,0
1999-04-30,15.025,15.241,14.41,14.56,1015208,0
1999-05-03,14.535,15.183,14.535,15.183,848539,0
1999-05-04,15.183,15.314,15.057,15.183,1229635,0
1999-05-05,15.241,15.595,14.793,15.595,2175377,0
1999-05-06,15.573,15.707,15.34,15.439,1067549,0
1999-05-07,15.439,15.497,15.266,15.39,1291622,0
1999-05-10,15.241,15.595,15.241,15.266,1434893,0
1999-05-11,15.208,16.095,15.208,15.911,2605196,0
1999-05-12,16.485,17.281,16.069,17.281,4834363,0
1999-05-13,17.513,18.167,17.313,17.486,6121643,0
1999-05-14,17.389,17.389,16.378,16.608,3165019,0
1999-05-17,16.789,16.789,16.326,16.56,1769439,0
1999-05-18,16.684,16.841,16.219,16.485,2712769,0
1999-05-19,16.999,17.513,16.56,17.072,6999125,0
1999-05-20,16.947,17.024,16.013,16.119,3662135,0
1999-05-21,16.378,16.401,16.167,16.219,2022697,0
1999-05-24,16.268,16.401,15.472,15.68,2693474,0
1999-05-25,15.472,15.886,14.974,15.132,2368580,0
1999-05-26,15.132,15.472,14.611,15.365,3096034,0
1999-05-27,15.34,16.219,15.314,16.013,2739060,0
1999-05-28,15.962,16.119,15.83,15.937,962145,0
1999-06-01,16.035,16.378,15.911,15.937,1355784,0
1999-06-02,16.013,16.867,15.886,16.816,2661635,0
1999-06-03,16.717,16.717,16.268,16.584,1686225,0
1999-06-04,16.51,16.999,16.485,16.9,1417529,0
1999-06-07,16.999,17.389,16.999,17.157,1520279,0
1999-06-08,17.157,17.779,17.072,17.513,2908381,0
1999-06-09,17.463,17.984,17.463,17.829,2747021,0
1999-06-10,17.695,18.167,17.414,18.143,4082061,0
1999-06-11,18.143,18.343,17.928,18.109,1888112,0
1999-06-14,18.109,18.291,17.984,18.242,1921876,0
1999-06-15,18.501,18.756,18.449,18.607,2875097,0
1999-06-16,18.557,19.354,18.557,19.097,3082769,0
1999-06-17,19.071,19.302,18.58,19.071,2997866,0
1999-06-18,18.756,18.915,18.375,18.557,2034034,0
1999-06-21,18.557,19.643,18.449,19.643,1910300,0
1999-06-22,19.487,20.083,18.865,19.643,4722685,0
1999-06-23,19.46,20.414,19.436,20.414,3697832,0
1999-06-24,20.217,20.24,19.146,19.874,2944321,0
1999-06-25,19.874,20.057,18.756,19.071,1658005,0
1999-06-28,19.23,19.354,18.756,19.354,1933699,0
1999-06-29,19.586,20.033,19.409,20.033,2149090,0
1999-06-30,19.802,21.145,19.693,20.804,3246304,0
1999-07-01,20.804,20.804,20.24,20.339,1474935,0
1999-07-02,20.217,20.291,19.901,20.133,1100591,0
1999-07-06,20.108,20.316,19.744,19.744,2102777,0
1999-07-07,19.769,20.316,19.354,19.925,3847372,0
1999-07-08,19.851,20.217,19.744,19.976,2373402,0
1999-07-09,19.874,20.108,19.666,19.999,1881598,0
1999-07-12,19.901,20.682,19.693,20.133,2252082,0
1999-07-13,19.802,19.851,19.533,19.693,1281253,0
1999-07-14,19.851,20.572,19.586,20.472,2612671,0
1999-07-15,20.682,20.804,20.339,20.73,3300812,0
1999-07-16,20.63,20.63,20.265,20.265,1034504,0
1999-07-19,20.265,20.364,19.901,19.901,877242,0
1999-07-20,19.874,19.874,18.423,18.476,2204804,0
1999-07-21,18.557,19.071,18.501,19.071,1665481,0
1999-07-22,19.023,19.023,17.669,17.728,2285364,0
1999-07-23,18.034,18.242,17.572,17.962,1762446,0
1999-07-26,17.728,17.728,17.256,17.256,1274982,0
1999-07-27,17.414,18.291,17.414,18.109,2917549,0
1999-07-28,18.193,18.476,17.876,18.193,1884007,0
1999-07-29,18.242,18.242,17.414,17.644,2283434,0
1999-07-30,17.669,17.962,17.621,17.876,1905961,0
1999-08-02,18.193,18.815,17.876,18.242,2259072,0
1999-08-03,18.242,18.266,17.256,17.802,2475672,0
1999-08-04,18.449,18.501,18.085,18.242,3065164,0
1999-08-05,18.242,18.633,18.143,18.476,2909830,0
1999-08-06,18.242,18.865,18.242,18.501,2502684,0
1999-08-09,18.607,19.146,18.399,18.971,1656317,0
1999-08-10,18.815,19.023,18.557,18.756,1789701,0
1999-08-11,19.071,20.73,18.865,20.316,4663836,0
1999-08-12,20.265,20.364,19.718,19.999,2170316,0
1999-08-13,19.999,20.183,19.643,19.901,2587590,0
1999-08-16,19.901,19.952,19.487,19.559,1288005,0
1999-08-17,19.744,19.802,18.889,19.388,2485321,0
1999-08-18,18.658,19.23,18.557,18.58,3863291,0
1999-08-19,18.242,19.023,18.242,18.557,5097752,0
1999-08-20,18.658,19.047,18.557,19.023,1883287,0
1999-08-23,19.071,19.436,18.998,19.146,2639930,0
1999-08-24,19.12,20.083,19.023,19.824,3211572,0
1999-08-25,19.925,21.045,19.925,20.935,5251398,0
1999-08-26,20.73,21.536,20.63,21.045,4649604,0
1999-08-27,21.068,21.536,21.068,21.277,3308532,0
1999-08-30,21.17,21.219,20.316,20.657,1478555,0
1999-08-31,20.657,21.56,20.63,21.352,3772120,0
1999-09-01,21.509,22.78,21.458,22.288,5672285,0
1999-09-02,21.609,22.073,21.145,21.873,3043215,0
1999-09-03,22.073,22.362,21.922,22.205,3648385,0
1999-09-07,22.389,23.581,22.178,23.425,3807336,0
1999-09-08,23.474,23.474,22.702,22.851,2462647,0
1999-09-09,22.851,23.318,22.826,23.217,2727724,0
1999-09-10,23.839,23.839,23.116,23.318,3561308,0
1999-09-13,23.682,24.147,22.647,22.647,3624265,0
1999-09-14,22.728,24.852,22.702,24.36,4114624,0
1999-09-15,24.593,24.593,23.425,23.448,2361584,0
1999-09-16,23.581,23.996,22.801,23.657,2908144,0
1999-09-17,23.947,25.058,23.889,25.058,2489900,0
1999-09-20,24.67,24.719,23.682,23.947,1950101,0
1999-09-21,24.023,24.461,23.01,23.036,2537178,0
1999-09-22,23.01,24.36,22.851,24.023,2796709,0
1999-09-23,24.046,24.67,22.801,23.01,4190357,0
1999-09-24,23.217,23.5,22.621,23.349,4621382,0
1999-09-27,23.532,24.535,23.318,23.318,2560814,0
1999-09-28,23.631,23.657,22.702,23.349,1426936,0
1999-09-29,23.532,23.915,22.801,22.851,1756413,0
1999-09-30,23.266,23.532,21.068,21.244,5969688,0
1999-10-01,21.609,22.569,21.584,22.362,3499562,0
1999-10-04,22.753,23.217,22.338,23.143,1219743,0
1999-10-05,23.192,23.839,22.826,23.084,2984603,0
1999-10-06,23.425,24.558,23.244,24.279,4747529,0
1999-10-07,24.095,24.62,23.557,23.706,3967973,0
1999-10-08,22.596,23.425,21.975,23.425,13890675,0
1999-10-11,23.581,24.253,23.349,24.253,28628686,0
1999-10-12,24.046,24.046,23.376,23.5,5839680,0
1999-10-13,23.169,23.581,20.887,21.718,6204855,0
1999-10-14,22.02,22.728,21.873,22.413,3579162,0
1999-10-15,21.975,23.839,21.145,23.217,5042754,0
1999-10-18,23.169,23.169,21.402,21.741,2630041,0
1999-10-19,22.073,22.257,19.328,19.744,5889368,0
1999-10-20,20.316,20.472,19.718,20.265,4764413,0
1999-10-21,19.487,20.779,19.487,20.523,2616048,0
1999-10-22,20.887,21.045,20.057,20.057,1849279,0
1999-10-25,20.083,21.093,19.925,20.63,2002681,0
1999-10-26,21.244,21.458,20.316,20.547,2299595,0
1999-10-27,20.414,20.447,19.328,19.511,2703846,0
1999-10-28,20.108,20.63,19.388,20.447,4503196,0
1999-10-29,21.458,22.826,21.352,22.047,4201453,0
1999-11-01,22.389,23.915,22.389,23.292,3631739,0
1999-11-02,23.217,23.839,22.596,23.217,3013787,0
1999-11-03,23.792,24.023,23.349,23.631,2270411,0
1999-11-04,23.915,24.147,23.06,23.732,2594100,0
1999-11-05,24.147,24.512,23.915,24.227,1650768,0
1999-11-08,24.304,25.448,24.046,24.62,3815777,0
1999-11-09,24.878,25.082,23.318,23.5,2876303,0
1999-11-10,23.266,24.878,23.266,24.461,2714942,0
1999-11-11,25.082,26.948,25.082,26.74,4278157,0
1999-11-12,26.74,26.74,25.314,25.706,4611732,0
1999-11-15,25.706,26.325,25.448,25.731,2777411,0
1999-11-17,25.654,26.046,23.974,24.385,2848326,0
1999-11-18,24.461,24.975,24.461,24.8,2349525,0
1999-11-19,24.62,25.082,24.147,24.385,3632948,0
1999-11-22,24.385,24.385,22.801,23.116,4235703,0
1999-11-23,23.532,23.706,22.438,23.217,4186257,0
1999-11-24,23.217,23.792,23.192,23.581,2940705,0
1999-11-26,23.682,24.227,23.682,24.179,1670789,0
1999-11-29,24.122,24.535,23.631,24.023,3243650,0
1999-11-30,24.461,24.924,23.5,23.839,6993579,0
1999-12-01,24.461,25.887,24.36,25.082,9497229,0
1999-12-02,26.325,29.228,25.706,29.049,9263990,0
1999-12-03,29.181,29.535,28.242,28.865,5548794,0
1999-12-06,28.865,31.823,28.658,30.729,4554330,0
1999-12-07,30.889,30.938,29.827,30.189,3370523,0
1999-12-08,30.241,30.681,29.228,29.751,3656588,0
1999-12-09,30.166,30.266,28.093,28.765,3174907,0
1999-12-10,29.228,29.228,27.262,27.703,3919735,0
1999-12-13,27.645,30.166,27.339,29.719,4362093,0
1999-12-14,29.801,29.951,27.387,27.984,4545161,0
1999-12-15,28.093,29.775,27.779,29.228,4567834,0
1999-12-16,29.85,31.715,29.827,31.353,4719068,0
1999-12-17,32.339,33.116,31.874,32.752,4486790,0
1999-12-20,32.752,32.961,31.669,31.925,2605918,0
1999-12-21,31.998,33.897,31.301,33.631,4097256,0
1999-12-22,33.583,33.583,32.545,33.351,1918499,0
1999-12-23,34.157,34.157,33.219,33.74,1407641,0
1999-12-27,33.583,33.866,33.116,33.426,1359398,0
1999-12-28,33.533,35.239,33.481,34.511,1729159,0
1999-12-29,35.653,36.8,35.473,36.766,2826857,0
1999-12-30,37.106,38.243,36.849,37.497,2206494,0
1999-12-31,37.936,39.18,37.861,38.559,713709,0
2000-01-03,38.764,38.923,36.486,37.388,4408646,0
2000-01-04,37.106,37.936,35.473,35.495,3055034,0
2000-01-05,35.495,36.582,34.485,36.019,3892959,0
2000-01-06,36.019,36.328,34.511,35.033,3136801,0
2000-01-07,34.827,36.692,34.254,36.019,2280060,0
2000-01-10,37.313,39.287,36.998,39.154,3099412,0
2000-01-11,38.764,38.973,37.411,37.546,2322993,0
2000-01-12,37.446,39.594,36.899,38.764,3427927,0
2000-01-13,39.701,39.701,38.459,38.897,2032106,0
2000-01-14,39.701,42.263,39.645,42.032,5654681,0
2000-01-18,41.668,42.189,40.654,40.838,2374368,0
2000-01-19,41.252,42.389,41.045,42.057,2213727,0
2000-01-20,42.803,43.12,41.045,41.226,2401138,0
2000-01-21,41.41,41.436,40.056,40.056,2157046,0
2000-01-24,41.668,42.081,40.473,40.862,3449392,0
2000-01-25,40.862,43.633,40.631,43.532,2904283,0
2000-01-26,43.12,43.217,40.887,42.156,3235450,0
2000-01-27,42.263,42.745,38.973,39.826,3235450,0
2000-01-28,39.386,40.68,38.559,39.594,3419969,0
2000-01-31,38.973,39.645,35.653,38.764,4464601,0
2000-02-01,38.559,40.913,37.365,40.631,3408389,0
2000-02-02,40.58,40.813,39.411,39.901,3059855,0
2000-02-03,40.631,44.618,40.423,43.847,4999102,0
2000-02-04,43.947,46.641,43.017,46.228,4481727,0
2000-02-07,46.121,49.653,45.267,49.336,3203613,0
2000-02-08,49.701,49.907,47.266,47.578,3364491,0
2000-02-09,47.544,48.505,46.536,47.96,3352192,0
2000-02-10,47.578,49.236,47.266,48.143,3461213,0
2000-02-11,48.923,49.677,46.641,47.522,2457824,0
2000-02-14,48.505,49.236,47.578,48.505,2813835,0
2000-02-15,48.505,49.701,46.434,49.701,3954705,0
2000-02-16,51.308,53.067,50.681,52.861,5163358,0
2000-02-17,53.433,59.545,51.618,58.458,5503929,0
2000-02-18,58.458,58.874,55.92,56.285,4372707,0
2000-02-22,56.385,60.481,56.334,59.57,5329545,0
2000-02-23,59.57,62.396,59.445,61.201,4837737,0
2000-02-24,62.604,69.37,62.396,66.882,6519622,0
2000-02-25,64.883,67.262,64.31,65.041,4126440,0
2000-02-28,64.055,64.31,57.422,61.957,5203879,0
2000-02-29,65.09,66.541,62.888,65.191,4727511,0
2000-03-01,65.921,68.406,65.191,66.956,4438311,0
2000-03-02,67.114,67.297,63.508,64.702,4040573,0
2000-03-03,65.506,69.554,64.702,69.238,3943368,0
2000-03-06,70.895,76.907,70.48,75.713,4840874,0
2000-03-07,76.08,76.08,65.506,68.406,4680716,0
2000-03-08,68.406,69.554,65.09,68.664,3602075,0
2000-03-09,68.664,74.726,67.372,73.383,3868597,0
2000-03-10,73.408,73.897,69.86,71.699,2960723,0
2000-03-13,70.066,71.052,68.201,68.406,3053105,0
2000-03-14,69.445,69.65,60.116,60.373,5486322,0
2000-03-15,60.481,60.532,55.555,55.555,6250927,0
2000-03-16,58.874,65.506,56.334,65.506,4837016,0
2000-03-17,62.19,64.776,60.687,64.578,2621719,0
2000-03-20,70.066,70.895,64.883,66.541,3499805,0
2000-03-21,66.336,70.48,63.176,70.48,2747743,0
2000-03-22,72.553,77.942,72.455,76.286,3517291,0
2000-03-23,76.286,76.698,70.997,75.043,3101823,0
2000-03-24,75.043,78.516,72.04,72.763,2367974,0
2000-03-27,72.968,74.836,72.138,72.968,2466624,0
2000-03-28,72.455,72.455,67.58,67.58,2382690,0
2000-03-29,69.028,71.567,66.751,71.519,5010559,0
2000-03-30,70.58,71.311,57.212,64.676,4268630,0
2000-03-31,65.605,67.894,60.687,66.751,3673350,0
2000-04-03,66.8,67.786,59.702,61.518,3013065,0
2000-04-04,61.359,62.604,52.338,58.874,5090272,0
2000-04-05,58.771,62.604,57.629,60.513,4085077,0
2000-04-06,63.748,65.714,62.861,65.348,2923095,0
2000-04-07,65.191,67.372,65.041,65.506,2675024,0
2000-04-10,66.336,68.095,58.874,58.874,2762821,0
2000-04-11,58.874,58.922,55.555,56.593,3836278,0
2000-04-12,55.041,56.071,50.532,51.618,5904442,0
2000-04-13,53.484,55.555,51.41,51.51,4451577,0
2000-04-14,49.336,51.51,44.826,48.607,6098126,0
2000-04-17,48.923,53.997,48.091,53.997,4771527,0
2000-04-18,52.861,57.679,51.41,54.361,3168154,0
2000-04-19,55.142,55.454,49.852,52.29,3239550,0
2000-04-20,51.926,53.896,50.786,53.69,1918499,0
2000-04-24,52.654,53.067,49.907,50.993,1860010,0
2000-04-25,51.618,55.142,51.41,55.041,3352674,0
2000-04-26,53.896,57.007,53.896,54.361,2590360,0
2000-04-27,52.861,59.65,51.926,59.337,2412235,0
2000-04-28,60.532,64.288,59.801,63.689,2839644,0
2000-05-01,64.47,66.128,64.004,64.42,3548043,0
2000-05-02,64.47,65.714,59.129,59.129,1780774,0
2000-05-03,60.944,61.312,53.484,56.593,3038751,0
2000-05-04,58.044,58.044,55.091,56.385,2716387,0
2000-05-05,56.385,58.558,55.763,57.164,2064188,0
2000-05-08,56.385,57.007,53.69,53.849,1404866,0
2000-05-09,53.997,54.885,48.923,50.323,2446728,0
2000-05-10,50.166,50.993,44.777,46.434,4764171,0
2000-05-11,48.091,50.009,46.593,49.653,3709285,0
2000-05-12,49.959,53.896,49.802,51.201,3973037,0
2000-05-15,50.581,51.201,48.091,51.15,2695888,0
2000-05-16,54.727,57.114,54.104,56.177,4367035,0
2000-05-17,57.943,62.505,56.848,60.944,5928323,0
2000-05-18,62.19,62.446,60.216,60.687,3613408,0
2000-05-19,60.633,60.633,56.435,58.091,2949749,0
2000-05-22,58.458,59.081,54.056,58.044,2877267,0
2000-05-23,58.874,58.874,55.142,56.177,2238212,0
2000-05-24,56.228,57.212,50.581,55.091,3484848,0
2000-05-25,56.485,59.129,55.971,57.314,2941909,0
2000-05-26,57.726,58.201,52.969,56.334,1671391,0
2000-05-30,57.837,62.19,57.578,62.19,2498105,0
2000-05-31,63.018,65.714,62.288,63.846,3431903,0
2000-06-01,65.506,70.164,64.676,68.823,2838797,0
2000-06-02,76.492,77.272,71.981,73.796,5507427,0
2000-06-05,72.654,73.433,70.066,72.348,2694079,0
2000-06-06,72.553,73.383,70.223,70.382,1796816,0
2000-06-07,71.211,74.577,70.117,73.484,2634262,0
2000-06-08,74.628,79.81,74.577,78.49,4895746,0
2000-06-09,78.873,78.931,76.957,78.542,2906453,0
2000-06-12,79.188,79.287,76.08,76.698,2319856,0
2000-06-13,76.492,78.358,73.848,78.358,2084568,0
2000-06-14,78.358,79.087,73.333,73.59,2609537,0
2000-06-15,74.009,74.529,71.26,72.553,2505581,0
2000-06-16,74.115,75.713,72.763,73.897,2152464,0
2000-06-19,75.454,82.76,74.676,81.259,3334461,0
2000-06-20,81.882,82.091,78.722,79.602,2784406,0
2000-06-21,79.396,81.991,77.845,80.432,2888967,0
2000-06-22,80.843,82.918,77.429,78.044,3788277,0
2000-06-23,79.652,79.652,74.726,75.14,2006784,0
2000-06-26,75.043,78.774,74.009,74.884,3157784,0
2000-06-27,76.383,76.492,68.873,71.102,3919735,0
2000-06-28,70.58,70.997,67.479,69.196,3441312,0
2000-06-29,63.018,67.372,59.186,65.249,8105630,0
2000-06-30,65.249,66.434,62.554,63.018,5564350,0
2000-07-03,63.846,66.494,63.534,66.385,2093248,0
2000-07-05,62.396,62.446,57.726,58.407,5732706,0
2000-07-06,58.201,60.532,55.971,60.532,7421707,0
2000-07-07,59.702,63.481,58.771,63.018,3864135,0
2000-07-10,62.918,65.872,61.518,62.505,3102426,0
2000-07-11,62.238,65.605,60.633,62.032,3199271,0
2000-07-12,63.018,66.077,62.604,65.506,3888861,0
2000-07-13,69.445,70.48,67.58,68.617,4183605,0
2000-07-14,70.689,72.138,68.823,71.625,2727844,0
2000-07-17,71.409,73.383,70.847,73.224,2073954,0
2000-07-18,71.727,72.04,67.628,68.823,2725312,0
2000-07-19,68.873,69.14,64.995,66.336,2147399,0
2000-07-20,65.558,66.849,60.481,61.725,4552280,0
2000-07-21,60.532,62.138,57.679,61.359,3940597,0
2000-07-24,61.568,62.238,55.241,59.081,4205918,0
2000-07-25,60.016,62.554,59.545,62.091,3148859,0
2000-07-26,61.154,61.154,57.212,58.458,5374287,0
2000-07-27,54.104,54.104,48.505,52.654,8022412,0
2000-07-28,52.911,56.285,52.338,53.067,4643331,0
2000-07-31,53.947,55.971,51.775,55.241,3297078,0
2000-08-01,54.519,55.142,53.382,54.154,2722419,0
2000-08-02,53.947,55.142,50.993,52.861,2572874,0
2000-08-03,46.849,50.739,46.482,48.923,6982966,0
2000-08-04,50.422,50.786,47.312,48.193,4117400,0
2000-08-07,48.97,50.114,47.266,49.385,4891887,0
2000-08-08,49.544,53.433,49.544,52.238,3221944,0
2000-08-09,54.104,56.593,54.104,56.385,3871734,0
2000-08-10,55.815,57.629,54.825,57.629,4456402,0
2000-08-11,57.629,61.359,54.214,61.359,4094121,0
2000-08-14,60.633,63.748,59.602,63.275,3431427,0
2000-08-15,65.348,69.238,63.018,68.723,3695056,0
2000-08-16,70.066,78.457,69.65,77.995,13843161,0
2000-08-17,76.286,78.101,76.08,76.698,5422405,0
2000-08-18,79.602,81.057,77.784,78.151,3932035,0
2000-08-21,79.396,79.919,77.322,78.774,4110160,0
2000-08-22,78.566,80.015,78.044,79.032,2442264,0
2000-08-23,79.287,82.14,78.044,81.675,3225924,0
2000-08-24,81.212,81.259,79.188,79.919,2679846,0
2000-08-25,79.188,79.396,76.492,77.322,2237128,0
2000-08-28,78.151,79.032,75.967,77.942,2161630,0
2000-08-29,78.457,80.068,77.481,79.919,2272460,0
2000-08-30,79.602,79.919,78.409,79.919,1959021,0
2000-08-31,79.287,85.306,79.287,82.918,4144650,0
2000-09-01,83.432,85.405,82.604,84.062,2239778,0
2000-09-05,82.918,82.969,78.722,79.81,2695767,0
2000-09-06,77.737,78.774,75.043,75.249,3628364,0
2000-09-07,75.356,80.746,75.14,80.015,3499200,0
2000-09-08,79.087,79.087,73.177,73.641,3903214,0
2000-09-11,71.981,76.492,70.895,73.796,3892476,0
2000-09-12,74.529,75.821,71.824,72.553,2817572,0
2000-09-13,71.933,74.371,70.997,74.009,2884383,0
2000-09-14,75.249,77.995,74.311,77.322,2630764,0
2000-09-15,76.698,77.016,74.418,76.335,2799603,0
2000-09-18,75.665,75.871,68.823,68.823,4611732,0
2000-09-19,70.066,75.043,68.823,73.796,4798060,0
2000-09-20,74.628,76.286,70.797,74.785,4341591,0
2000-09-21,74.836,75.665,65.506,68.823,2884264,0
2000-09-22,70.689,74.115,68.406,73.284,4942056,0
2000-09-25,75.454,77.895,67.992,68.15,3875833,0
2000-09-26,67.164,71.361,67.164,70.689,12365091,0
2000-09-27,70.689,74.211,70.48,71.981,4642968,0
2000-09-28,71.981,72.553,70.164,72.348,3224593,0
2000-09-29,70.48,71.933,67.992,68.617,3707840,0
2000-10-02,69.238,71.884,69.238,69.65,3675516,0
2000-10-03,70.895,73.796,70.58,70.738,4119202,0
2000-10-04,70.738,76.236,70.066,75.923,4094121,0
2000-10-05,75.923,77.165,74.211,76.335,5273345,0
2000-10-06,76.185,77.371,69.14,69.65,3967730,0
2000-10-09,69.65,71.311,62.288,64.676,7084632,0
2000-10-10,60.737,61.825,55.241,57.53,11750754,0
2000-10-11,54.727,60.016,54.727,56.177,9444286,0
2000-10-12,57.837,59.493,52.654,52.911,4669138,0
2000-10-13,52.556,62.554,52.556,61.825,5663484,0
2000-10-16,61.933,63.117,55.041,55.399,5296501,0
2000-10-17,55.454,56.285,53.327,55.763,5768526,0
2000-10-18,53.69,57.578,50.993,54.214,6193520,0
2000-10-19,58.044,63.334,56.751,63.275,5831118,0
2000-10-20,63.068,68.201,61.461,66.385,4803003,0
2000-10-23,66.177,69.287,63.846,65.506,3755962,0
2000-10-24,63.846,63.846,58.358,60.216,7180992,0
2000-10-25,56.799,58.044,52.338,53.168,9311747,0
2000-10-26,52.861,53.067,48.715,50.739,7190154,0
2000-10-27,51.824,53.69,49.436,49.75,5389723,0
2000-10-30,49.75,51.41,49.236,49.802,4156348,0
2000-10-31,51.824,56.385,50.993,53.896,6237901,0
2000-11-01,52.238,52.238,48.505,49.336,6874304,0
2000-11-02,50.581,52.032,49.336,49.75,5084607,0
2000-11-03,50.581,52.238,49.959,51.669,3832661,0
2000-11-06,53.583,53.583,50.838,51.41,3050930,0
2000-11-07,49.336,49.75,44.362,44.727,7700053,0
2000-11-08,44.777,45.508,38.607,38.923,9435241,0
2000-11-09,37.777,39.8,35.34,38.042,10485422,0
2000-11-10,36.899,37.777,35.812,36.899,5583406,0
2000-11-13,36.692,41.774,36.383,39.958,8373120,0
2000-11-14,42.189,50.581,41.41,46.021,8272297,0
2000-11-15,52.861,55.92,50.993,52.447,14012964,0
2000-11-16,54.312,54.312,50.009,50.374,5553136,0
2000-11-17,50.48,50.681,46.536,49.544,6631538,0
2000-11-20,48.923,51.41,47.363,50.993,5744648,0
2000-11-21,50.263,51.201,47.163,49.13,4230035,0
2000-11-22,50.739,51.618,47.994,48.505,3922626,0
2000-11-24,49.544,51.723,48.871,51.723,1206358,0
2000-11-27,52.447,52.556,45.554,46.121,5063863,0
2000-11-28,46.121,46.799,43.74,44.518,5586662,0
2000-11-29,45.447,46.949,42.911,43.017,6260812,0
2000-11-30,38.243,41.668,37.106,41.142,9236250,0
2000-12-01,41.46,45.091,41.252,43.433,4124391,0
2000-12-04,42.497,42.911,38.871,40.58,6082205,0
2000-12-05,40.631,46.849,40.631,46.536,8157004,0
2000-12-06,46.334,49.75,45.29,48.767,6790370,0
2000-12-07,47.266,47.266,43.12,45.813,5536491,0
2000-12-08,46.849,49.653,46.849,49.336,5894312,0
2000-12-11,49.336,51.201,48.557,50.48,5188804,0
2000-12-12,49.75,50.681,48.871,49.653,3265481,0
2000-12-13,49.75,50.166,44.984,45.241,3969540,0
2000-12-14,46.849,47.006,44.569,45.705,3766086,0
2000-12-15,44.103,44.984,41.824,44.984,4202056,0
2000-12-18,46.434,47.266,43.582,43.997,4468220,0
2000-12-19,44.205,49.236,44.154,45.763,5760446,0
2000-12-20,42.288,43.847,41.875,42.132,5995977,0
2000-12-21,41.51,41.824,38.042,39.336,6521552,0
2000-12-22,40.374,41.41,39.287,40.838,5772268,0
2000-12-26,42.288,43.069,41.41,42.803,2177426,0
2000-12-27,43.12,47.057,42.604,46.069,2851219,0
2000-12-28,46.069,46.434,43.532,44.777,3271869,0
2000-12-29,44.569,44.777,42.338,42.446,3464346,0
2001-01-02,39.8,40.216,37.936,38.973,4245234,0
2001-01-03,38.973,45.241,35.754,45.19,9924153,0
2001-01-04,44.461,44.461,41.974,43.217,7081014,0
2001-01-05,43.217,43.217,38.923,39.485,4367157,0
2001-01-08,39.287,39.287,36.328,38.143,4400925,0
2001-01-09,38.094,38.559,36.582,38.042,4241738,0
2001-01-10,37.106,41.142,36.998,40.787,5217870,0
2001-01-11,39.18,43.847,39.128,43.069,5888525,0
2001-01-12,43.069,43.947,41.875,43.532,4738243,0
2001-01-16,42.911,43.582,42.338,43.582,4758505,0
2001-01-17,48.091,48.822,46.799,47.779,6446057,0
2001-01-18,44.677,49.75,42.288,48.505,17882290,0
2001-01-19,48.35,48.408,46.069,47.522,6151310,0
2001-01-22,47.522,47.935,45.918,46.434,3794790,0
2001-01-23,46.434,47.678,45.397,46.693,3642352,0
2001-01-24,46.693,48.043,45.863,46.9,3300935,0
2001-01-25,46.228,46.849,45.091,45.348,2720128,0
2001-01-26,44.362,45.813,43.633,45.397,3606898,0
2001-01-29,45.397,47.057,44.277,46.998,2430564,0
2001-01-30,46.685,50.374,46.228,50.09,3760539,0
2001-01-31,49.907,53.067,49.671,51.907,4807948,0
2001-02-01,51.079,51.824,48.923,49.087,3776096,0
2001-02-02,49.959,50.523,45.632,45.772,4117755,0
2001-02-05,45.025,45.482,43.407,44.65,3159832,0
2001-02-06,43.947,45.614,43.2,43.483,2779219,0
2001-02-07,43.532,43.532,40.208,40.962,5151901,0
2001-02-08,41.46,42.868,40.714,41.85,3449155,0
2001-02-09,41.85,42.452,39.304,40.208,2914051,0
2001-02-12,38.599,41.269,38.599,39.884,3545029,0
2001-02-13,38.64,40.631,38.64,39.394,3158747,0
2001-02-14,38.764,43.034,38.143,42.257,4263442,0
2001-02-15,43.085,44.362,42.124,42.712,4414676,0
2001-02-16,41.875,41.957,40.048,41.045,5270571,0
2001-02-20,40.216,40.631,37.271,37.271,6927610,0
2001-02-21,36.486,39.073,36.486,37.729,6345234,0
2001-02-22,37.313,39.792,36.94,37.738,5292638,0
2001-02-23,37.522,38.06,35.488,36.609,5479812,0
2001-02-26,36.899,37.437,34.827,35.829,4231965,0
2001-02-27,35.324,35.481,33,33.374,5387674,0
2001-02-28,33.168,33.168,30.681,30.929,6235368,0
2001-03-01,30.845,34.477,30.44,34.164,7358271,0
2001-03-02,32.876,36.651,32.876,35.488,6307123,0
2001-03-05,35.239,36.4,35.076,35.283,3266202,0
2001-03-06,36.899,38.764,36.486,36.899,4725217,0
2001-03-07,36.907,36.907,34.66,35.239,5741270,0
2001-03-08,35.033,35.239,34.203,34.371,3542495,0
2001-03-09,33.374,33.823,32.38,32.901,2891861,0
2001-03-12,32.339,33.334,31.385,31.426,5963655,0
2001-03-13,31.715,33.409,31.344,33.283,4112089,0
2001-03-14,32.339,33.922,31.592,32.852,4176245,0
2001-03-15,34.493,34.701,33.498,33.631,4705923,0
2001-03-16,32.545,33.989,32.545,32.845,5400938,0
2001-03-19,33.334,33.568,32.082,33.29,4282618,0
2001-03-20,33.087,34.164,31.715,31.882,5241867,0
2001-03-21,31.925,33.043,30.681,30.929,5318330,0
2001-03-22,29.868,34.744,29.868,33.614,6135753,0
2001-03-23,35.662,37.024,33.83,36.162,6141663,0
2001-03-26,36.162,36.162,33.168,33.998,3788277,0
2001-03-27,33.583,35.488,32.744,33.399,4788772,0
2001-03-28,32.752,33.417,30.889,31.011,4344127,0
2001-03-29,30.929,32.587,29.642,30.348,4622951,0
2001-03-30,31.054,31.292,29.189,30.049,4923724,0
2001-04-02,29.976,30.348,26.701,27.181,5713655,0
2001-04-03,27.115,27.779,25.583,25.706,5656489,0
2001-04-04,26.112,27.744,25.374,25.697,6841141,0
2001-04-05,27.365,29.659,26.948,29.204,4872351,0
2001-04-06,28.192,29.078,26.74,27.365,4709176,0
2001-04-09,27.365,27.779,25.29,26.45,4025982,0
2001-04-10,27.03,29.85,26.74,28.856,4595573,0
2001-04-11,32.961,34.827,31.856,32.339,6510217,0
2001-04-12,31.592,35.653,30.473,35.132,6053987,0
2001-04-16,33.998,34.744,32.006,32.655,4856067,0
2001-04-17,32.339,34.327,31.651,32.621,4346293,0
2001-04-18,34.194,40.216,34.194,37.563,7187018,0
2001-04-19,37.729,41.045,37.271,40.349,5668912,0
2001-04-20,40.3,41.002,38.824,39.394,3467603,0
2001-04-23,38.807,38.807,36.526,37.396,2422605,0
2001-04-24,37.231,38.724,35.547,36.111,3074689,0
2001-04-25,36.111,37.936,35.538,37.231,3192636,0
2001-04-26,37.437,38.143,35.364,35.364,2561780,0
2001-04-27,36.486,37.231,36.145,37.106,2482666,0
2001-04-30,38.559,40.224,37.645,39.229,4900087,0
2001-05-01,38.473,39.097,37.148,39.055,3568063,0
2001-05-02,40.631,41.875,40.09,41.79,4717133,0
2001-05-03,40.962,41.045,39.386,39.594,3463144,0
2001-05-04,38.35,41.236,37.894,40.349,3371005,0
2001-05-07,40.714,41.46,39.055,39.304,3323125,0
2001-05-08,40.521,40.521,39.336,39.769,2953488,0
2001-05-09,38.559,39.106,37.769,38.434,2767885,0
2001-05-10,39.471,40.257,37.936,37.936,2376901,0
2001-05-11,38.227,38.366,36.817,37.479,2290793,0
2001-05-14,37.437,37.437,36.4,37.313,2138111,0
2001-05-15,37.313,38.906,36.998,37.654,2455893,0
2001-05-16,37.654,39.471,37.148,39.114,2646321,0
2001-05-17,39.18,40.614,38.64,40.134,2548997,0
2001-05-18,39.636,41.096,39.055,40.838,2852904,0
2001-05-21,40.838,44.072,40.654,44.072,3902727,0
2001-05-22,44.031,44.197,42.374,43.159,3158387,0
2001-05-23,42.374,42.497,41.119,41.335,2789112,0
2001-05-24,41.335,41.343,39.329,40.216,3013427,0
2001-05-25,40.423,40.879,39.759,40.3,2086134,0
2001-05-29,39.594,39.726,38.514,38.889,2508471,0
2001-05-30,38.559,38.559,35.53,36.062,4113295,0
2001-05-31,36.145,37.479,36.145,36.94,4042382,0
2001-06-01,37.396,38.417,36.725,38.06,3156578,0
2001-06-04,38.06,38.35,36.899,37.357,1835286,0
2001-06-05,37.437,40.671,37.411,40.3,2730015,0
2001-06-06,40.3,40.838,39.089,40.34,2807803,0
2001-06-07,39.844,42.712,39.675,42.536,5827018,0
2001-06-08,42.513,42.513,39.967,40.887,2108446,0
2001-06-11,40.838,40.838,38.781,39.329,1715413,0
2001-06-12,38.473,38.889,35.861,38.183,4526593,0
2001-06-13,38.193,38.879,36.567,36.567,3141742,0
2001-06-14,36.4,36.4,33.14,33.664,4583996,0
2001-06-15,32.752,34.413,32.339,33.701,4744273,0
2001-06-18,34.413,35.239,33.664,34.078,4324223,0
2001-06-19,35.451,35.987,34.022,34.139,5122716,0
2001-06-20,33.914,34.66,32.339,33.873,5222692,0
2001-06-21,33.583,34.237,32.837,33.374,4001257,0
2001-06-22,33.211,33.954,32.371,32.752,3850749,0
2001-06-25,33.374,33.708,32.712,33.168,2981227,0
2001-06-26,32.339,34.783,32.339,34.52,3459163,0
2001-06-27,34.528,35.033,33.481,34.303,3241119,0
2001-06-28,34.493,36.782,34.493,36.194,3351467,0
2001-06-29,36.194,38.143,35.73,35.861,4049616,0
2001-07-02,36.567,38.4,35.878,37.522,2700591,0
2001-07-03,37.522,38.183,37.191,37.437,1284147,0
2001-07-05,35.158,37.271,35.158,36.285,1997009,0
2001-07-06,35.821,35.829,33.788,33.938,2294530,0
2001-07-09,33.945,34.744,33.683,33.757,4089537,0
2001-07-10,34.413,34.528,31.847,32.156,3716401,0
2001-07-11,32.156,33.515,32.006,32.505,4190238,0
2001-07-12,33.914,38.143,33.664,36.684,5242107,0
2001-07-13,36.684,37.082,35.316,35.688,3688665,0
2001-07-16,35.896,35.987,33,33.583,4325187,0
2001-07-17,33.583,35.033,32.38,34.934,4409847,0
2001-07-18,34.413,35.324,32.256,32.389,4009820,0
2001-07-19,33.583,36.07,33.507,34.867,5347994,0
2001-07-20,34.038,35.861,33.374,35.861,3337959,0
2001-07-23,35.861,36.127,33.914,34.087,2599886,0
2001-07-24,34.063,35.406,33.806,34.9,4971118,0
2001-07-25,34.818,36.153,33.374,35.971,4896229,0
2001-07-26,35.573,40.056,35.451,40.027,6085705,0
2001-07-27,40.032,40.216,38.434,38.973,4426735,0
2001-07-30,39.18,39.377,38.018,38.764,3229904,0
2001-07-31,38.35,39.636,38.143,38.143,4932170,0
2001-08-01,40.631,42.147,40.174,41.46,5902997,0
2001-08-02,41.46,42.338,40.754,41.377,4158400,0
2001-08-03,41.377,41.377,40.15,40.631,2968686,0
2001-08-06,40.09,41.002,39.636,40.705,2867500,0
2001-08-07,40.423,40.548,39.144,39.759,2680211,0
2001-08-08,39.759,41.293,38.143,38.143,3746914,0
2001-08-09,38.391,39.055,37.645,38.202,3266202,0
2001-08-10,38.218,39.784,37.323,39.344,4170461,0
2001-08-13,40.622,40.829,40.134,40.622,3947108,0
2001-08-14,41.045,41.41,40.588,40.639,2892583,0
2001-08-15,40.671,40.995,38.973,39.073,2835541,0
2001-08-16,38.889,40.048,38.009,39.985,4025982,0
2001-08-17,38.973,39.553,38.342,39.519,4143447,0
2001-08-20,39.511,40.548,39.137,39.941,2912362,0
2001-08-21,40.065,40.174,37.479,37.522,3656223,0
2001-08-22,38.143,39.567,37.106,39.503,5655159,0
2001-08-23,39.503,40.654,39.137,40.15,3938185,0
2001-08-24,40.15,41.584,40.15,41.584,4259099,0
2001-08-27,41.418,43.665,41.087,43.532,4761399,0
2001-08-28,43.45,43.731,42.497,42.521,4124750,0
2001-08-29,42.413,43.102,40.19,40.432,3580244,0
2001-08-30,40.464,40.838,38.541,39.055,4284908,0
2001-08-31,38.599,40.134,38.434,39.693,2625218,0
2001-09-04,39.8,40.521,37.463,37.563,4411778,0
2001-09-05,37.357,38.06,35.239,36.791,5717150,0
2001-09-06,36.6,37.016,34.701,35.224,5167938,0
2001-09-07,34.827,36.899,34.554,35.158,5179879,0
2001-09-10,34.95,35.937,34.413,34.758,4303478,0
2001-09-17,32.42,33.043,30.804,32.331,4277070,0
2001-09-18,32.331,32.752,28.839,28.839,3995950,0
2001-09-19,28.848,29.189,25.607,28.126,5865368,0
2001-09-20,27.279,29.023,26.59,26.701,5493558,0
2001-09-21,25.082,26.582,24.792,25.913,5540595,0
2001-09-24,25.922,29.352,25.922,27.612,5472216,0
2001-09-25,27.612,29.642,27.279,29.228,6036500,0
2001-09-26,29.236,29.236,27.081,27.239,4169131,0
2001-09-27,26.948,27.365,24.046,26.573,6915915,0
2001-09-28,26.652,27.902,26.468,27.115,5261645,0
2001-10-01,27.198,27.77,25.54,26.358,3336511,0
2001-10-02,26.358,27.198,26.2,26.652,3868114,0
2001-10-03,26.661,31.418,26.41,30.638,6976212,0
2001-10-04,30.647,32.42,29.85,31.972,5751763,0
2001-10-05,31.51,32.29,29.562,31.708,4407076,0
2001-10-08,31.51,33.026,30.697,32.821,4350032,0
2001-10-09,32.404,32.411,30.316,30.323,4196267,0
2001-10-10,30.117,32.702,30.1,32.702,5424816,0
2001-10-11,33.087,36.651,33.087,36.469,6930868,0
2001-10-12,35.324,35.971,33.655,35.746,5215940,0
2001-10-15,34.701,34.71,32.885,33.168,5541919,0
2001-10-16,33.78,35.076,33.168,34.884,4942298,0
2001-10-17,36.486,36.567,32.911,32.97,5745130,0
2001-10-18,32.339,32.978,29.386,29.686,8870716,0
2001-10-19,29.81,30.364,28.448,29.993,6769506,0
2001-10-22,30.015,32.205,29.103,32.123,4240411,0
2001-10-23,31.715,32.876,30.764,31.353,4579172,0
2001-10-24,31.353,32.837,31.259,32.098,3489672,0
2001-10-25,31.426,34.577,30.729,34.511,4603413,0
2001-10-26,33.998,35.324,33.815,35.239,4902380,0
2001-10-29,34.618,34.626,31.51,32.173,4297330,0
2001-10-30,31.301,31.51,29.189,29.601,6648304,0
2001-10-31,30.681,32.821,30.681,31.51,6414820,0
2001-11-01,31.51,33.334,31.152,33.168,5025031,0
2001-11-02,33.168,34.493,32.587,33.374,4735589,0
2001-11-05,34.289,34.827,33.873,34.827,4522612,0
2001-11-06,34.744,37.271,34.413,36.94,5669998,0
2001-11-07,36.4,38.35,36.07,37.522,6263949,0
2001-11-08,38.143,38.143,35.324,35.653,7666404,0
2001-11-09,35.653,36.899,35.299,36.692,4529005,0
2001-11-12,36.982,38.143,35.789,37.569,4549022,0
2001-11-13,38.871,39.429,38.227,39.321,4023209,0
2001-11-14,39.321,39.8,37.936,38.724,4385487,0
2001-11-15,38.599,38.764,37.563,37.853,3896091,0
2001-11-16,38.324,38.871,37.645,38.391,2688650,0
2001-11-19,38.798,38.798,36.277,36.319,5403470,0
2001-11-20,36.725,36.725,33.533,34.827,5410589,0
2001-11-21,34.827,34.827,33.087,34.493,5011162,0
2001-11-23,34.577,35.232,33.673,34.983,1151123,0
2001-11-26,34.983,37.099,34.983,36.734,4401528,0
2001-11-27,36.486,36.684,34.917,35.495,5768407,0
2001-11-28,35.495,35.495,33.673,33.83,4125955,0
2001-11-29,34.568,35.459,33.515,35.116,3953377,0
2001-11-30,35.123,35.565,33.998,35.239,4028154,0
2001-12-03,35.076,35.451,34.336,34.792,3054189,0
2001-12-04,35.239,37.041,34.908,37.024,5297704,0
2001-12-05,37.313,39.675,37.296,39.195,4846420,0
2001-12-06,39.304,40.134,38.592,39.575,4533708,0
2001-12-07,39.471,39.967,37.479,38.417,3173223,0
2001-12-10,37.729,38.871,37.082,37.28,3011254,0
2001-12-11,37.729,38.64,36.849,37.049,3292613,0
2001-12-12,37.522,38.125,36.692,38.069,3226041,0
2001-12-13,37.191,37.199,35.737,36.486,7362859,0
2001-12-14,36.294,37.944,36.194,37.586,3917680,0
2001-12-17,37.687,38.514,37.645,38.125,3003053,0
2001-12-18,38.183,39.511,38.183,39.137,4055887,0
2001-12-19,38.143,38.227,37.106,37.42,4522131,0
2001-12-20,37.463,37.522,35.191,35.631,5803741,0
2001-12-21,36.153,37.166,36.087,37.024,3421656,0
2001-12-24,36.502,36.858,35.573,35.737,1410896,0
2001-12-26,35.904,37.313,35.904,36.153,2120868,0
2001-12-27,36.486,37.215,36.319,36.667,1831545,0
2001-12-28,37.182,37.604,36.94,37.42,1840231,0
2001-12-31,37.215,37.604,36.651,36.808,2081432,0
