Date,Open,High,Low,Close,Volume,OpenInt
1995-01-03,15,15.112,15,15.057,180468,0
1995-01-04,15.057,15.228,15.057,15.228,133910,0
1995-01-05,15.174,15.287,15.174,15.228,189519,0
1995-01-06,15.228,15.339,15.228,15.339,275291,0
1995-01-09,15.287,15.455,15.228,15.287,158567,0
1995-01-10,15.287,15.631,15.287,15.569,947196,0
1995-01-11,15.516,15.569,15.403,15.455,281195,0
1995-01-12,15.455,15.516,15.455,15.516,176796,0
1995-01-13,15.569,15.569,15.455,15.455,151351,0
1995-01-16,15.516,15.745,15.516,15.745,398712,0
1995-01-17,15.684,15.745,15.631,15.684,268342,0
1995-01-18,15.631,15.799,15.631,15.745,682002,0
1995-01-19,15.684,15.684,15.569,15.569,313852,0
1995-01-20,15.631,15.684,15.455,15.631,798206,0
1995-01-23,15.516,15.631,15.516,15.569,259816,0
1995-01-24,15.569,15.631,15.569,15.569,353462,0
1995-01-25,15.631,15.745,15.569,15.684,198304,0
1995-01-26,15.631,15.684,15.569,15.631,318047,0
1995-01-27,15.745,15.974,15.684,15.912,398183,0
1995-01-30,15.859,15.912,15.745,15.859,209976,0
1995-01-31,15.859,16.088,15.859,16.026,498913,0
1995-02-01,16.026,16.088,15.912,15.974,236468,0
1995-02-02,15.912,16.026,15.859,16.026,213129,0
1995-02-03,16.142,16.377,16.142,16.377,1669727,0
1995-02-06,16.3,16.364,16.186,16.25,512158,0
1995-02-07,16.25,16.423,16.25,16.364,849617,0
1995-02-08,16.364,16.478,16.072,16.127,1286494,0
1995-02-09,16.072,16.072,15.783,15.897,506518,0
1995-02-10,15.897,15.897,15.486,15.607,802535,0
1995-02-13,15.607,15.658,15.486,15.486,197781,0
1995-02-14,15.607,15.783,15.545,15.721,452352,0
1995-02-15,15.783,15.835,15.658,15.783,457205,0
1995-02-16,15.721,15.897,15.658,15.897,570522,0
1995-02-17,15.897,16.01,15.835,15.835,1836291,0
1995-02-21,15.897,15.897,15.783,15.835,178372,0
1995-02-22,15.897,16.127,15.835,16.127,355560,0
1995-02-23,16.186,16.25,16.127,16.186,455765,0
1995-02-24,16.072,16.072,16.01,16.01,103482,0
1995-02-27,16.01,16.072,15.721,15.897,175877,0
1995-02-28,15.897,15.897,15.658,15.783,376676,0
1995-03-01,15.783,15.783,15.486,15.486,925686,0
1995-03-02,15.545,15.545,15.196,15.257,799779,0
1995-03-03,15.196,15.196,14.908,15.196,601997,0
1995-03-06,15.142,15.196,14.967,15.02,412348,0
1995-03-07,14.967,15.02,14.844,15.02,600033,0
1995-03-08,15.083,15.257,15.02,15.142,438583,0
1995-03-09,15.083,15.083,14.908,14.908,858931,0
1995-03-10,14.967,15.196,14.908,15.083,312411,0
1995-03-13,15.196,15.257,15.02,15.02,206828,0
1995-03-14,15.142,15.257,15.083,15.083,993363,0
1995-03-15,15.083,15.142,15.02,15.142,366839,0
1995-03-16,15.02,15.142,15.02,15.083,379170,0
1995-03-17,15.083,15.112,14.967,15.02,533144,0
1995-03-20,14.967,15.083,14.844,14.908,173647,0
1995-03-21,14.908,15.083,14.793,14.844,143221,0
1995-03-22,14.793,14.844,14.677,14.844,574719,0
1995-03-23,14.793,14.844,14.729,14.793,170762,0
1995-03-24,14.844,15.02,14.844,14.967,272407,0
1995-03-27,15.02,15.083,14.844,14.844,554389,0
1995-03-28,14.844,14.908,14.677,14.729,294311,0
1995-03-29,14.729,14.908,14.677,14.844,621150,0
1995-03-30,14.844,14.844,14.793,14.793,253260,0
1995-03-31,14.729,14.793,14.556,14.793,462056,0
1995-04-03,14.729,14.967,14.729,14.908,274378,0
1995-04-04,14.967,15.196,14.967,15.142,876631,0
1995-04-05,15.142,15.371,15.083,15.371,914800,0
1995-04-06,15.371,15.371,15.318,15.371,561734,0
1995-04-07,15.371,15.433,15.196,15.318,331293,0
1995-04-10,15.318,15.318,15.142,15.318,222568,0
1995-04-11,15.318,15.371,15.196,15.257,276736,0
1995-04-12,15.196,15.196,15.02,15.083,178631,0
1995-04-13,15.083,15.196,15.02,15.083,299163,0
1995-04-17,15.142,15.196,14.677,14.793,429665,0
1995-04-18,14.793,14.908,14.793,14.908,351364,0
1995-04-19,14.908,14.967,14.793,14.908,232142,0
1995-04-20,14.908,14.967,14.844,14.844,125646,0
1995-04-21,14.967,15.02,14.844,15.02,386906,0
1995-04-24,14.967,15.196,14.967,15.196,321201,0
1995-04-25,15.142,15.318,15.142,15.318,444618,0
1995-04-26,15.257,15.318,15.257,15.257,240404,0
1995-04-27,15.257,15.371,15.257,15.318,307817,0
1995-04-28,15.257,15.318,15.196,15.257,322509,0
1995-05-01,15.196,15.196,15.083,15.083,339428,0
1995-05-02,15.083,15.083,14.967,15.02,300871,0
1995-05-03,15.083,15.318,15.083,15.196,1835768,0
1995-05-04,15.24,15.364,15.189,15.24,610525,0
1995-05-05,15.425,15.658,15.364,15.658,897753,0
1995-05-08,15.601,15.658,15.54,15.658,574195,0
1995-05-09,15.658,15.835,15.601,15.721,384807,0
1995-05-10,15.783,15.783,15.54,15.658,283817,0
1995-05-11,15.658,15.658,15.54,15.601,208272,0
1995-05-12,15.601,15.658,15.601,15.658,130234,0
1995-05-15,15.783,15.783,15.721,15.783,236992,0
1995-05-16,15.721,15.783,15.658,15.783,349789,0
1995-05-17,15.658,15.721,15.54,15.54,247620,0
1995-05-18,15.601,15.601,15.364,15.425,236603,0
1995-05-19,15.302,15.425,15.302,15.364,355297,0
1995-05-22,15.364,15.425,15.302,15.364,196601,0
1995-05-23,15.425,15.54,15.364,15.54,244081,0
1995-05-24,15.658,15.783,15.486,15.54,219158,0
1995-05-25,15.601,15.959,15.601,15.835,353722,0
1995-05-26,15.959,15.959,15.658,15.721,267947,0
1995-05-30,15.783,16.072,15.783,16.018,306115,0
1995-05-31,16.018,16.256,15.897,16.256,286575,0
1995-06-01,16.134,16.256,16.072,16.256,372738,0
1995-06-02,16.369,16.606,16.316,16.49,517143,0
1995-06-05,16.555,16.67,16.49,16.49,367623,0
1995-06-06,16.49,16.555,16.49,16.49,209060,0
1995-06-07,16.49,16.555,16.134,16.369,270834,0
1995-06-08,16.316,16.369,16.194,16.256,182697,0
1995-06-09,16.256,16.256,15.959,16.134,1854260,0
1995-06-12,16.256,16.49,16.256,16.316,585867,0
1995-06-13,16.369,16.606,16.369,16.555,424417,0
1995-06-14,16.49,16.555,16.432,16.49,179028,0
1995-06-15,16.49,16.49,16.369,16.432,403693,0
1995-06-16,16.369,16.369,16.256,16.316,701154,0
1995-06-19,16.369,16.432,16.316,16.369,397659,0
1995-06-20,16.369,16.369,16.256,16.316,308608,0
1995-06-21,16.316,16.316,16.256,16.316,169451,0
1995-06-22,16.316,16.728,16.316,16.67,847519,0
1995-06-23,16.67,16.67,16.49,16.555,304148,0
1995-06-26,16.555,16.555,16.432,16.432,121710,0
1995-06-27,16.49,16.606,16.432,16.555,374575,0
1995-06-28,16.49,16.79,16.432,16.67,293526,0
1995-06-29,16.606,16.67,16.49,16.49,398581,0
1995-06-30,16.555,16.67,16.555,16.67,449333,0
1995-07-03,16.606,16.67,16.606,16.67,50233,0
1995-07-05,16.606,16.67,16.606,16.606,212863,0
1995-07-06,16.555,16.728,16.369,16.728,396088,0
1995-07-07,16.67,16.67,16.432,16.555,510192,0
1995-07-10,16.49,16.555,16.316,16.369,312017,0
1995-07-11,16.256,16.49,16.256,16.49,360677,0
1995-07-12,16.432,16.606,16.432,16.555,276865,0
1995-07-13,16.49,16.555,16.369,16.432,157648,0
1995-07-14,16.369,16.432,16.316,16.369,229126,0
1995-07-17,16.316,16.369,16.256,16.316,143221,0
1995-07-18,16.256,16.49,16.194,16.432,214698,0
1995-07-19,16.369,16.432,16.256,16.369,473335,0
1995-07-20,16.432,16.432,16.316,16.369,478584,0
1995-07-21,16.256,16.316,16.134,16.316,489992,0
1995-07-24,16.369,16.369,16.256,16.256,289722,0
1995-07-25,16.194,16.49,16.134,16.369,330115,0
1995-07-26,16.369,16.49,16.369,16.49,299951,0
1995-07-27,16.49,16.67,16.49,16.67,191617,0
1995-07-28,16.606,16.606,16.369,16.369,97580,0
1995-07-31,16.369,16.369,16.256,16.369,205915,0
1995-08-01,16.369,16.49,16.369,16.432,167353,0
1995-08-02,16.49,16.606,16.369,16.49,696693,0
1995-08-03,16.369,16.432,16.369,16.369,312279,0
1995-08-04,16.369,16.555,16.369,16.49,270179,0
1995-08-07,16.432,16.728,16.432,16.67,1440338,0
1995-08-08,16.662,16.721,16.478,16.598,984576,0
1995-08-09,16.538,16.598,16.415,16.415,925030,0
1995-08-10,16.415,16.538,16.415,16.478,139679,0
1995-08-11,16.478,16.478,16.234,16.357,222698,0
1995-08-14,16.357,16.538,16.292,16.538,154765,0
1995-08-15,16.415,16.478,16.357,16.415,251818,0
1995-08-16,16.415,16.662,16.415,16.598,271621,0
1995-08-17,16.538,16.662,16.538,16.598,331558,0
1995-08-18,16.598,16.598,16.478,16.538,400679,0
1995-08-21,16.598,16.721,16.598,16.662,179942,0
1995-08-22,16.662,16.662,16.538,16.538,142168,0
1995-08-23,16.538,16.538,16.357,16.415,361856,0
1995-08-24,16.357,16.478,16.357,16.415,218898,0
1995-08-25,16.415,16.721,16.415,16.662,192930,0
1995-08-28,16.721,16.721,16.538,16.598,248143,0
1995-08-29,16.598,16.598,16.478,16.478,218766,0
1995-08-30,16.538,16.598,16.415,16.415,149649,0
1995-08-31,16.415,16.538,16.415,16.478,193454,0
1995-09-01,16.478,16.538,16.415,16.478,131022,0
1995-09-05,16.478,16.538,16.415,16.478,307948,0
1995-09-06,16.415,16.478,16.415,16.415,190434,0
1995-09-07,16.415,16.478,16.357,16.415,120268,0
1995-09-08,16.415,16.538,16.415,16.478,182041,0
1995-09-11,16.598,16.598,16.538,16.598,282114,0
1995-09-12,16.662,16.721,16.598,16.721,145580,0
1995-09-13,16.662,16.721,16.538,16.598,654720,0
1995-09-14,16.662,16.836,16.662,16.836,352150,0
1995-09-15,16.836,16.959,16.721,16.959,797157,0
1995-09-18,16.836,16.897,16.721,16.774,180733,0
1995-09-19,16.774,16.836,16.721,16.836,239357,0
1995-09-20,16.774,16.959,16.721,16.897,317000,0
1995-09-21,16.897,16.959,16.836,16.959,187682,0
1995-09-22,16.836,17.079,16.774,17.079,226898,0
1995-09-25,16.959,17.079,16.959,17.016,158567,0
1995-09-26,17.016,17.323,17.016,17.139,242110,0
1995-09-27,17.016,17.323,16.959,17.323,244341,0
1995-09-28,17.261,17.558,17.261,17.558,291949,0
1995-09-29,17.498,17.621,17.444,17.558,192011,0
1995-10-02,17.444,17.498,17.323,17.444,209191,0
1995-10-03,17.444,17.743,17.444,17.743,1156649,0
1995-10-04,17.621,17.743,17.621,17.743,266502,0
1995-10-05,17.681,17.804,17.621,17.804,259949,0
1995-10-06,17.743,17.804,17.681,17.743,333918,0
1995-10-09,17.743,17.987,17.743,17.987,345855,0
1995-10-10,17.925,18.344,17.925,18.283,504813,0
1995-10-11,18.283,18.283,18.111,18.168,375101,0
1995-10-12,18.224,18.224,18.111,18.168,305069,0
1995-10-13,18.224,18.224,17.925,17.925,437271,0
1995-10-16,17.863,17.987,17.863,17.987,260602,0
1995-10-17,17.987,18.224,17.987,18.224,213259,0
1995-10-18,18.168,18.344,18.168,18.283,234634,0
1995-10-19,18.283,18.468,18.224,18.468,274637,0
1995-10-20,18.468,18.774,18.468,18.774,462187,0
1995-10-23,18.711,18.711,18.468,18.588,245653,0
1995-10-24,18.588,18.774,18.468,18.774,140862,0
1995-10-25,18.774,19.131,18.711,18.947,747184,0
1995-10-26,19.008,19.068,18.947,18.947,574195,0
1995-10-27,18.947,18.947,18.527,18.527,517274,0
1995-10-30,18.527,18.651,18.527,18.651,132076,0
1995-10-31,18.651,18.711,18.406,18.406,409858,0
1995-11-01,18.344,18.527,18.283,18.468,312017,0
1995-11-02,18.588,18.711,18.468,18.588,483568,0
1995-11-03,18.468,18.588,18.468,18.527,441991,0
1995-11-06,18.527,18.527,18.406,18.406,1059596,0
1995-11-07,18.468,18.468,18.283,18.406,2832409,0
1995-11-08,18.337,18.398,18.268,18.337,623902,0
1995-11-09,18.398,18.398,18.209,18.268,726071,0
1995-11-10,18.209,18.209,18.086,18.209,291033,0
1995-11-13,18.147,18.209,18.086,18.086,498252,0
1995-11-14,18.086,18.268,18.025,18.147,238047,0
1995-11-15,18.086,18.147,17.962,18.147,569212,0
1995-11-16,18.147,18.268,18.086,18.147,357528,0
1995-11-17,18.147,18.209,18.086,18.209,476352,0
1995-11-20,18.147,18.268,18.086,18.086,573274,0
1995-11-21,18.025,18.268,18.025,18.209,397924,0
1995-11-22,18.147,18.209,18.086,18.147,218502,0
1995-11-24,18.147,18.209,18.086,18.147,44200,0
1995-11-27,18.147,18.337,18.147,18.209,392812,0
1995-11-28,18.209,18.518,18.209,18.459,1400597,0
1995-11-29,18.459,18.518,18.337,18.518,681479,0
1995-11-30,18.459,18.518,18.398,18.518,375888,0
1995-12-01,18.459,18.582,18.459,18.582,177192,0
1995-12-04,18.518,18.886,18.518,18.886,599767,0
1995-12-05,18.767,19.008,18.767,18.824,290241,0
1995-12-06,18.947,19.068,18.767,18.886,511239,0
1995-12-07,18.767,18.767,18.582,18.642,328408,0
1995-12-08,18.767,18.824,18.702,18.824,335491,0
1995-12-11,18.947,19.008,18.767,18.947,475826,0
1995-12-12,18.947,18.947,18.824,18.886,170762,0
1995-12-13,18.886,19.008,18.886,18.947,479895,0
1995-12-14,19.008,19.131,18.947,19.131,288278,0
1995-12-15,19.375,19.375,19.251,19.375,1098682,0
1995-12-18,19.375,19.556,19.251,19.556,570914,0
1995-12-19,19.499,19.932,19.433,19.87,583114,0
1995-12-20,19.87,19.932,19.433,19.433,566063,0
1995-12-21,19.556,19.739,19.556,19.618,428875,0
1995-12-22,19.618,19.739,19.618,19.618,466780,0
1995-12-26,19.679,19.679,19.556,19.556,99938,0
1995-12-27,19.556,19.679,19.556,19.679,223356,0
1995-12-28,19.618,19.87,19.618,19.87,307164,0
1995-12-29,19.81,19.87,19.679,19.87,510976,0
1996-01-02,19.87,20.236,19.739,20.236,786923,0
1996-01-03,20.174,20.296,20.174,20.236,2395144,0
1996-01-04,20.296,20.48,20.296,20.357,1322166,0
1996-01-05,20.357,20.48,20.236,20.357,641348,0
1996-01-08,20.296,20.417,20.236,20.296,108200,0
1996-01-09,20.296,20.663,20.296,20.6,899587,0
1996-01-10,20.539,20.663,20.48,20.48,576292,0
1996-01-11,20.417,20.663,20.296,20.663,604886,0
1996-01-12,20.725,20.846,20.539,20.539,696429,0
1996-01-15,20.417,20.539,20.296,20.357,343622,0
1996-01-16,20.417,20.846,20.417,20.783,428611,0
1996-01-17,20.906,21.151,20.846,20.906,921228,0
1996-01-18,20.846,20.97,20.725,20.846,954539,0
1996-01-19,20.725,20.97,20.663,20.846,880044,0
1996-01-22,20.906,21.026,20.906,20.97,496551,0
1996-01-23,20.906,21.21,20.846,21.026,625606,0
1996-01-24,21.089,21.282,21.089,21.151,367363,0
1996-01-25,21.151,21.403,21.089,21.364,948638,0
1996-01-26,21.403,21.525,21.21,21.525,508749,0
1996-01-29,21.462,21.648,21.462,21.585,480942,0
1996-01-30,21.525,21.767,21.525,21.585,560557,0
1996-01-31,21.648,21.709,21.585,21.709,390844,0
1996-02-01,21.648,21.709,21.585,21.648,413399,0
1996-02-02,21.648,21.648,21.403,21.462,297329,0
1996-02-05,21.403,21.585,21.403,21.585,540618,0
1996-02-06,21.585,21.648,21.403,21.462,399627,0
1996-02-07,21.462,21.648,21.462,21.585,1249245,0
1996-02-08,21.509,21.567,21.448,21.509,776566,0
1996-02-09,21.567,21.823,21.509,21.692,1195999,0
1996-02-12,21.759,22.065,21.692,22.065,974870,0
1996-02-13,22.006,22.255,21.567,22.006,541143,0
1996-02-14,21.942,22.065,21.759,21.823,462187,0
1996-02-15,21.692,22.065,21.692,21.942,794403,0
1996-02-16,21.882,22.006,21.823,21.823,841095,0
1996-02-20,21.692,21.823,21.567,21.631,831652,0
1996-02-21,21.631,21.759,21.509,21.692,624430,0
1996-02-22,21.759,21.823,21.692,21.823,247095,0
1996-02-23,21.882,22.006,21.823,21.823,574064,0
1996-02-26,21.759,21.759,21.631,21.692,911258,0
1996-02-27,21.692,21.823,21.567,21.631,583503,0
1996-02-28,21.692,21.882,21.692,21.759,553472,0
1996-02-29,21.448,21.567,21.259,21.326,1223670,0
1996-03-01,21.387,21.448,20.954,21.387,832439,0
1996-03-04,21.387,21.631,21.259,21.509,871524,0
1996-03-05,21.387,21.448,21.259,21.448,454841,0
1996-03-06,21.448,21.448,21.134,21.197,219288,0
1996-03-07,21.134,21.387,21.077,21.387,347824,0
1996-03-08,21.259,21.259,20.7,20.883,585343,0
1996-03-11,20.883,20.883,20.7,20.7,541276,0
1996-03-12,20.578,20.639,20.205,20.449,644493,0
1996-03-13,20.388,20.388,20.205,20.265,517536,0
1996-03-14,20.326,20.388,20.265,20.265,549670,0
1996-03-15,20.326,20.326,19.953,20.146,730400,0
1996-03-18,20.265,20.823,20.205,20.823,362120,0
1996-03-19,20.7,20.823,20.52,20.7,454058,0
1996-03-20,20.823,20.954,20.639,20.762,178898,0
1996-03-21,20.823,20.954,20.7,20.954,233719,0
1996-03-22,21.011,21.011,20.883,21.011,180207,0
1996-03-25,21.134,21.259,20.954,21.077,309784,0
1996-03-26,21.011,21.077,20.883,21.011,302313,0
1996-03-27,21.077,21.077,20.762,20.762,1062481,0
1996-03-28,20.7,20.762,20.639,20.762,282375,0
1996-03-29,20.823,20.883,20.7,20.762,469400,0
1996-04-01,20.823,20.823,20.639,20.762,154107,0
1996-04-02,20.762,20.762,20.639,20.762,1967317,0
1996-04-03,20.639,20.7,20.578,20.7,159876,0
1996-04-04,20.639,20.639,20.388,20.449,485010,0
1996-04-08,20.265,20.265,19.581,19.769,1170420,0
1996-04-09,19.769,19.953,19.71,19.833,962937,0
1996-04-10,19.893,20.146,19.769,19.833,1077959,0
1996-04-11,19.769,19.953,19.639,19.953,535503,0
1996-04-12,20.146,20.388,20.074,20.205,324871,0
1996-04-15,20.205,20.265,20.074,20.265,201190,0
1996-04-16,20.146,20.265,20.074,20.074,224535,0
1996-04-17,19.953,20.146,19.953,20.016,1280986,0
1996-04-18,20.016,20.074,19.953,20.074,220076,0
1996-04-19,20.074,20.146,20.016,20.146,333396,0
1996-04-22,20.205,20.326,20.016,20.074,263750,0
1996-04-23,20.016,20.146,20.016,20.074,180075,0
1996-04-24,20.074,20.265,20.016,20.265,215748,0
1996-04-25,20.205,20.388,20.146,20.326,277786,0
1996-04-26,20.449,20.52,20.205,20.265,335491,0
1996-04-29,20.205,20.265,20.146,20.205,389008,0
1996-04-30,20.205,20.205,20.074,20.205,631903,0
1996-05-01,20.146,20.265,20.016,20.016,586259,0
1996-05-02,19.833,19.893,19.71,19.769,273063,0
1996-05-03,19.833,20.016,19.769,19.833,903390,0
1996-05-06,19.769,19.833,19.519,19.639,377856,0
1996-05-07,19.639,19.833,19.581,19.71,661410,0
1996-05-08,19.632,20.326,19.505,20.326,727512,0
1996-05-09,20.26,20.449,20.197,20.388,581278,0
1996-05-10,20.578,20.639,20.388,20.578,1260657,0
1996-05-13,20.449,20.77,20.388,20.7,445006,0
1996-05-14,20.77,20.889,20.7,20.831,255096,0
1996-05-15,20.77,20.889,20.639,20.7,299557,0
1996-05-16,20.578,20.639,20.511,20.578,241193,0
1996-05-17,20.639,20.7,20.511,20.578,343757,0
1996-05-20,20.578,20.639,20.388,20.449,499830,0
1996-05-21,20.388,20.449,20.326,20.388,259162,0
1996-05-22,20.388,20.639,20.326,20.578,742334,0
1996-05-23,20.7,20.831,20.449,20.511,269521,0
1996-05-24,20.639,20.7,20.578,20.7,267558,0
1996-05-28,20.7,20.7,20.449,20.511,226767,0
1996-05-29,20.578,20.578,20.388,20.388,184271,0
1996-05-30,20.449,20.449,20.26,20.326,542453,0
1996-05-31,20.26,20.388,20.197,20.26,527374,0
1996-06-03,20.137,20.26,20.007,20.137,217060,0
1996-06-04,20.197,20.26,20.197,20.197,248143,0
1996-06-05,20.137,20.511,20.137,20.511,427957,0
1996-06-06,20.578,20.77,20.578,20.639,522913,0
1996-06-07,20.388,20.449,20.26,20.449,285658,0
1996-06-10,20.449,20.449,20.326,20.388,390053,0
1996-06-11,20.511,20.639,20.449,20.449,470320,0
1996-06-12,20.449,20.449,20.26,20.26,409858,0
1996-06-13,20.326,20.388,20.197,20.326,215095,0
1996-06-14,20.326,20.388,20.26,20.388,233060,0
1996-06-17,20.449,20.449,20.074,20.137,1029432,0
1996-06-18,20.197,20.326,20.137,20.26,324871,0
1996-06-19,20.26,20.326,20.197,20.197,173257,0
1996-06-20,20.26,20.388,20.197,20.26,345855,0
1996-06-21,20.449,20.7,20.388,20.7,982870,0
1996-06-24,20.77,20.831,20.7,20.77,317658,0
1996-06-25,20.77,20.889,20.7,20.7,451037,0
1996-06-26,20.7,20.77,20.639,20.77,323953,0
1996-06-27,20.639,21.083,20.639,21.02,263618,0
1996-06-28,21.21,21.585,21.142,21.525,1015133,0
1996-07-01,21.462,21.525,21.333,21.462,283425,0
1996-07-02,21.462,21.652,20.954,21.585,333134,0
1996-07-03,21.525,21.585,21.462,21.585,264802,0
1996-07-05,21.395,21.462,20.77,20.831,191484,0
1996-07-08,20.77,21.142,20.7,21.083,693809,0
1996-07-09,21.083,21.274,21.02,21.142,319624,0
1996-07-10,21.21,21.274,21.083,21.142,263883,0
1996-07-11,21.142,21.142,20.889,21.142,942740,0
1996-07-12,21.02,21.585,20.954,21.395,1093438,0
1996-07-15,21.525,21.585,21.333,21.462,464941,0
1996-07-16,21.395,21.652,21.21,21.333,1164126,0
1996-07-17,21.462,21.462,21.02,21.142,475956,0
1996-07-18,21.274,21.717,21.02,21.585,1071139,0
1996-07-19,21.652,21.652,21.274,21.333,371165,0
1996-07-22,21.395,21.585,21.21,21.274,406581,0
1996-07-23,21.21,21.395,21.02,21.21,559637,0
1996-07-24,21.083,21.585,21.02,21.395,517928,0
1996-07-25,21.525,21.525,21.333,21.395,492355,0
1996-07-26,21.333,21.395,21.333,21.395,123417,0
1996-07-29,21.333,21.395,21.083,21.21,375234,0
1996-07-30,21.21,21.274,21.02,21.21,262835,0
1996-07-31,21.142,21.142,20.889,20.954,631510,0
1996-08-01,20.954,21.462,20.831,21.274,1083336,0
1996-08-02,21.652,21.717,21.585,21.652,379560,0
1996-08-05,21.585,21.775,21.525,21.585,215880,0
1996-08-06,21.585,21.585,21.395,21.525,571177,0
1996-08-07,21.509,21.525,21.318,21.448,688038,0
1996-08-08,21.509,21.509,21.318,21.448,599640,0
1996-08-09,21.576,21.64,21.448,21.509,371562,0
1996-08-12,21.509,21.767,21.379,21.64,328803,0
1996-08-13,21.509,21.576,21.448,21.509,190172,0
1996-08-14,21.576,21.64,21.576,21.64,234240,0
1996-08-15,21.576,21.64,21.448,21.448,363692,0
1996-08-16,21.576,21.64,21.576,21.576,336803,0
1996-08-19,21.64,21.64,21.576,21.64,147813,0
1996-08-20,21.576,21.64,21.509,21.509,96133,0
1996-08-21,21.576,21.576,21.448,21.576,203814,0
1996-08-22,21.64,21.7,21.64,21.64,198830,0
1996-08-23,21.7,21.7,21.448,21.509,294046,0
1996-08-26,21.509,21.509,21.448,21.509,209322,0
1996-08-27,21.509,21.7,21.509,21.64,231360,0
1996-08-28,21.576,21.64,21.576,21.64,158698,0
1996-08-29,21.576,21.576,21.19,21.259,279620,0
1996-08-30,21.19,21.64,21.061,21.259,172990,0
1996-09-03,21.061,21.061,20.937,20.937,242110,0
1996-09-04,20.937,20.997,20.74,20.807,154631,0
1996-09-05,20.74,20.807,20.547,20.618,201713,0
1996-09-06,20.547,20.87,20.486,20.74,346380,0
1996-09-09,20.807,20.87,20.677,20.87,231488,0
1996-09-10,20.87,20.87,20.677,20.74,293785,0
1996-09-11,20.74,20.74,20.547,20.74,762005,0
1996-09-12,20.87,21.061,20.807,20.937,464419,0
1996-09-13,21.125,21.318,21.125,21.318,256800,0
1996-09-16,21.448,21.509,21.448,21.448,410512,0
1996-09-17,21.318,21.379,21.19,21.259,241979,0
1996-09-18,21.259,21.318,21.125,21.19,138499,0
1996-09-19,21.061,21.19,20.997,21.061,126696,0
1996-09-20,21.125,21.318,21.061,21.318,553338,0
1996-09-23,21.259,21.379,21.19,21.379,274899,0
1996-09-24,21.379,21.379,21.19,21.259,459830,0
1996-09-25,21.318,21.318,20.997,20.997,321851,0
1996-09-26,21.061,21.125,20.937,21.061,914670,0
1996-09-27,21.061,21.061,20.74,20.87,145974,0
1996-09-30,20.937,20.997,20.807,20.807,233588,0
1996-10-01,20.87,20.937,20.807,20.937,258899,0
1996-10-02,20.997,21.125,20.937,20.997,383362,0
1996-10-03,21.061,21.061,20.937,20.997,292211,0
1996-10-04,21.125,21.379,21.061,21.259,408938,0
1996-10-07,21.379,21.448,21.19,21.259,257589,0
1996-10-08,21.19,21.379,21.19,21.318,167092,0
1996-10-09,21.379,21.379,21.125,21.259,274899,0
1996-10-10,21.125,21.19,20.997,21.061,264146,0
1996-10-11,21.125,21.125,20.87,20.87,621150,0
1996-10-14,20.937,20.997,20.87,20.937,522389,0
1996-10-15,20.937,21.061,20.74,20.87,361200,0
1996-10-16,20.937,20.997,20.74,20.87,397398,0
1996-10-17,20.937,21.061,20.807,20.87,281457,0
1996-10-18,20.87,20.87,20.74,20.807,489468,0
1996-10-21,20.74,20.87,20.74,20.87,565406,0
1996-10-22,20.937,20.937,20.74,20.807,408810,0
1996-10-23,20.74,20.87,20.618,20.74,372349,0
1996-10-24,20.74,20.997,20.74,20.937,315032,0
1996-10-25,20.87,21.125,20.87,21.061,282114,0
1996-10-28,20.997,21.125,20.937,20.937,185841,0
1996-10-29,20.997,21.318,20.997,21.19,340478,0
1996-10-30,21.259,21.448,21.19,21.259,385199,0
1996-10-31,21.318,21.379,21.259,21.318,621806,0
1996-11-01,21.318,21.379,21.19,21.318,1017236,0
1996-11-04,21.318,21.576,21.259,21.576,631638,0
1996-11-05,21.64,21.7,21.576,21.7,576292,0
1996-11-06,21.692,22.08,21.562,22.08,1679827,0
1996-11-07,22.014,22.014,21.823,22.014,922537,0
1996-11-08,22.014,22.014,21.882,22.014,294837,0
1996-11-11,22.014,22.014,21.823,21.823,472025,0
1996-11-12,21.823,21.951,21.752,21.882,436219,0
1996-11-13,21.951,21.951,21.823,21.823,194630,0
1996-11-14,21.752,21.923,21.752,21.882,297329,0
1996-11-15,22.014,22.014,21.692,21.823,511631,0
1996-11-18,21.823,21.823,21.692,21.752,259555,0
1996-11-19,21.823,22.014,21.692,22.014,521730,0
1996-11-20,22.014,22.014,21.823,21.951,393069,0
1996-11-21,22.014,22.014,21.692,21.752,294837,0
1996-11-22,21.752,21.752,21.562,21.623,219158,0
1996-11-25,21.692,21.692,21.493,21.692,201847,0
1996-11-26,21.752,21.823,21.562,21.562,625477,0
1996-11-27,21.623,21.623,21.493,21.493,570522,0
1996-11-29,21.562,21.692,21.493,21.562,123023,0
1996-12-02,21.493,21.493,21.044,21.103,644363,0
1996-12-03,21.175,21.364,20.846,21.044,487498,0
1996-12-04,20.913,21.175,20.913,21.103,272013,0
1996-12-05,21.103,21.103,20.913,21.103,220864,0
1996-12-06,20.718,20.846,20.52,20.846,899716,0
1996-12-09,20.846,20.976,20.846,20.913,352150,0
1996-12-10,20.913,21.044,20.913,20.913,257323,0
1996-12-11,20.846,20.976,20.647,20.913,545341,0
1996-12-12,20.976,20.976,20.718,20.718,639902,0
1996-12-13,20.647,20.783,20.647,20.647,535241,0
1996-12-16,20.647,20.718,20.586,20.647,422712,0
1996-12-17,20.586,20.783,20.586,20.586,359364,0
1996-12-18,20.52,20.846,20.52,20.718,765811,0
1996-12-19,20.783,21.044,20.718,21.044,676887,0
1996-12-20,21.562,21.562,21.233,21.233,1098814,0
1996-12-23,21.233,21.364,21.044,21.233,218634,0
1996-12-24,21.175,21.233,21.175,21.233,104532,0
1996-12-26,21.233,21.433,21.233,21.364,183617,0
1996-12-27,21.433,21.623,21.364,21.623,277652,0
1996-12-30,21.692,21.752,21.623,21.623,301128,0
1996-12-31,21.623,21.692,21.364,21.364,547702,0
1997-01-02,21.433,21.493,21.303,21.364,647118,0
1997-01-03,21.433,21.433,21.233,21.233,438056,0
1997-01-06,21.303,21.303,20.976,21.103,259162,0
1997-01-07,20.976,21.303,20.913,21.303,341134,0
1997-01-08,21.364,21.433,21.233,21.303,270047,0
1997-01-09,21.364,21.493,21.303,21.433,640037,0
1997-01-10,21.364,21.562,21.233,21.562,353331,0
1997-01-13,21.623,21.692,21.562,21.692,306115,0
1997-01-14,21.752,21.882,21.752,21.882,602258,0
1997-01-15,21.823,21.951,21.752,21.823,535375,0
1997-01-16,21.882,21.882,21.752,21.823,400153,0
1997-01-17,21.823,22.08,21.823,22.08,407892,0
1997-01-20,22.08,22.08,21.951,22.014,187550,0
1997-01-21,21.951,22.014,21.882,22.014,508617,0
1997-01-22,22.08,22.273,22.014,22.273,330902,0
1997-01-23,22.34,22.44,22.08,22.141,304803,0
1997-01-24,22.08,22.08,21.752,21.823,313985,0
1997-01-27,21.752,21.882,21.623,21.623,261390,0
1997-01-28,21.823,21.882,21.623,21.692,319102,0
1997-01-29,21.692,21.752,21.493,21.623,264537,0
1997-01-30,21.692,21.951,21.692,21.752,472681,0
1997-01-31,21.823,21.823,21.493,21.493,381792,0
1997-02-03,21.493,21.493,21.303,21.493,369856,0
1997-02-04,21.623,21.623,21.364,21.433,175877,0
1997-02-05,21.493,21.623,21.175,21.364,1942529,0
1997-02-06,21.349,21.548,21.349,21.418,2309631,0
1997-02-07,21.548,21.816,21.485,21.816,602392,0
1997-02-10,21.816,22.014,21.744,22.014,648032,0
1997-02-11,22.014,22.211,21.942,22.08,651181,0
1997-02-12,22.08,22.08,21.882,22.014,427431,0
1997-02-13,22.08,22.08,22.014,22.08,241323,0
1997-02-14,22.08,22.141,22.014,22.141,685939,0
1997-02-18,22.141,22.211,22.014,22.141,713480,0
1997-02-19,22.08,22.211,22.014,22.141,351100,0
1997-02-20,22.08,22.141,21.882,22.08,1154682,0
1997-02-21,22.08,22.08,21.942,22.08,437793,0
1997-02-24,21.942,22.34,21.882,22.211,539962,0
1997-02-25,22.273,22.41,22.211,22.211,611050,0
1997-02-26,22.273,22.273,21.882,22.014,269521,0
1997-02-27,21.942,22.014,21.816,21.816,292343,0
1997-02-28,21.684,22.014,21.617,22.014,288013,0
1997-03-03,21.882,22.014,21.882,21.942,315166,0
1997-03-04,22.014,22.014,21.816,21.882,313720,0
1997-03-05,21.882,21.942,21.744,21.882,232142,0
1997-03-06,21.882,22.273,21.684,21.744,682398,0
1997-03-07,21.744,21.942,21.485,21.617,640295,0
1997-03-10,21.684,21.684,21.418,21.485,412742,0
1997-03-11,21.548,21.548,21.288,21.349,657478,0
1997-03-12,21.418,21.485,21.288,21.349,452485,0
1997-03-13,21.349,21.349,21.16,21.16,259816,0
1997-03-14,21.288,21.349,21.16,21.218,314248,0
1997-03-17,21.089,21.617,21.089,21.485,731707,0
1997-03-18,21.485,21.744,21.349,21.485,387954,0
1997-03-19,21.485,21.617,21.349,21.617,499958,0
1997-03-20,21.548,21.816,21.485,21.816,573539,0
1997-03-21,21.882,21.882,21.744,21.816,430708,0
1997-03-24,21.816,21.942,21.617,21.882,1084514,0
1997-03-25,22.014,22.47,21.942,22.211,677807,0
1997-03-26,22.141,22.273,22.014,22.08,511239,0
1997-03-27,22.141,22.141,21.684,21.744,462318,0
1997-03-31,21.617,22.014,21.548,21.744,462843,0
1997-04-01,21.684,21.816,21.617,21.816,371033,0
1997-04-02,21.684,21.882,21.617,21.816,238704,0
1997-04-03,21.684,21.744,21.548,21.617,209322,0
1997-04-04,21.418,21.548,21.288,21.418,459431,0
1997-04-07,21.418,21.485,21.288,21.349,412874,0
1997-04-08,21.349,21.418,21.16,21.218,237261,0
1997-04-09,21.349,21.349,20.962,21.089,423362,0
1997-04-10,21.089,21.548,21.02,21.485,249846,0
1997-04-11,21.349,21.418,21.089,21.16,306768,0
1997-04-14,21.218,21.218,20.889,21.02,270179,0
1997-04-15,21.218,21.218,20.962,20.962,321201,0
1997-04-16,20.889,21.218,20.823,21.218,556488,0
1997-04-17,21.349,21.485,21.16,21.349,489337,0
1997-04-18,21.349,21.485,21.288,21.485,373003,0
1997-04-21,21.485,21.485,21.089,21.218,215225,0
1997-04-22,21.218,21.288,20.962,21.218,449992,0
1997-04-23,21.16,21.349,20.962,21.218,297197,0
1997-04-24,21.218,21.349,20.823,20.962,256149,0
1997-04-25,20.962,21.02,20.889,20.889,241587,0
1997-04-28,20.889,21.218,20.823,21.218,443437,0
1997-04-29,21.418,21.548,21.288,21.548,299557,0
1997-04-30,21.485,21.548,21.218,21.349,499700,0
1997-05-01,21.218,21.349,21.02,21.349,680296,0
1997-05-02,21.349,21.744,21.288,21.617,450388,0
1997-05-05,21.617,22.08,21.617,22.014,348081,0
1997-05-06,22.141,22.41,22.141,22.273,513731,0
1997-05-07,22.127,22.196,21.594,21.659,2228316,0
1997-05-08,21.594,21.858,21.594,21.731,1313118,0
1997-05-09,21.793,21.858,21.594,21.731,570258,0
1997-05-12,21.793,22.057,21.594,22.057,309916,0
1997-05-13,21.998,22.057,21.525,21.731,514388,0
1997-05-14,21.858,22.057,21.793,21.929,487634,0
1997-05-15,21.858,22.196,21.858,22.196,379300,0
1997-05-16,22.196,22.196,21.929,21.929,474650,0
1997-05-19,21.929,21.998,21.731,21.793,187943,0
1997-05-20,21.731,21.998,21.525,21.793,368412,0
1997-05-21,21.858,21.858,21.426,21.455,364479,0
1997-05-22,21.455,21.525,20.921,21.455,295751,0
1997-05-23,21.594,21.731,21.455,21.731,146367,0
1997-05-27,21.659,21.659,21.326,21.659,228734,0
1997-05-28,21.731,21.731,21.525,21.659,245391,0
1997-05-29,21.731,21.731,21.395,21.525,260998,0
1997-05-30,21.395,21.793,21.326,21.731,218502,0
1997-06-02,21.793,21.793,21.493,21.525,271621,0
1997-06-03,21.455,21.659,21.455,21.594,504813,0
1997-06-04,21.594,21.731,21.395,21.659,453662,0
1997-06-05,21.793,21.793,21.594,21.731,206043,0
1997-06-06,21.659,22.196,21.594,21.858,558850,0
1997-06-09,21.929,21.929,21.659,21.731,440288,0
1997-06-10,21.793,21.929,21.525,21.594,437271,0
1997-06-11,21.731,21.858,21.731,21.858,254047,0
1997-06-12,21.998,22.325,21.929,22.325,379431,0
1997-06-13,22.461,22.531,22.264,22.393,556093,0
1997-06-16,22.393,22.393,22.264,22.393,240931,0
1997-06-17,22.325,22.325,21.929,22.127,1000316,0
1997-06-18,21.998,22.127,21.929,21.998,280801,0
1997-06-19,22.057,22.196,21.998,22.196,539044,0
1997-06-20,22.196,22.264,22.057,22.127,594786,0
1997-06-23,22.127,22.196,21.998,22.057,422321,0
1997-06-24,22.057,22.294,21.958,22.294,363951,0
1997-06-25,22.294,22.294,22.057,22.098,690268,0
1997-06-26,22.057,22.165,22.057,22.127,318835,0
1997-06-27,22.165,22.494,22.165,22.461,542978,0
1997-06-30,22.461,22.531,22.393,22.433,722003,0
1997-07-01,22.393,22.559,22.196,22.461,306903,0
1997-07-02,22.531,22.728,22.433,22.728,555832,0
1997-07-03,22.797,23.063,22.797,22.928,627706,0
1997-07-07,22.996,22.996,22.225,22.728,1143668,0
1997-07-08,22.76,22.896,22.661,22.867,550847,0
1997-07-09,22.867,23.033,22.867,22.965,2084699,0
1997-07-10,22.996,23.4,22.996,23.3,549670,0
1997-07-11,23.362,23.529,23.362,23.468,717545,0
1997-07-14,23.468,23.499,23.362,23.468,868113,0
1997-07-15,23.499,23.699,23.468,23.529,890276,0
1997-07-16,23.529,23.6,23.468,23.499,921883,0
1997-07-17,23.468,23.568,23.235,23.362,1486896,0
1997-07-18,23.333,23.4,23.033,23.235,438583,0
1997-07-21,23.235,23.3,23.094,23.193,556751,0
1997-07-22,23.3,23.568,23.193,23.529,333918,0
1997-07-23,23.568,23.568,23.264,23.362,331952,0
1997-07-24,23.362,23.431,23.163,23.193,846338,0
1997-07-25,23.235,23.264,23.094,23.235,419827,0
1997-07-28,23.264,23.362,23.193,23.193,201060,0
1997-07-29,23.235,23.666,23.193,23.666,781156,0
1997-07-30,23.6,23.895,23.568,23.835,491697,0
1997-07-31,23.799,24.063,23.765,23.934,473598,0
1997-08-01,23.863,23.895,23.666,23.863,390844,0
1997-08-04,23.863,23.863,23.628,23.737,428481,0
1997-08-05,23.737,23.737,23.628,23.699,214570,0
1997-08-06,23.621,23.818,23.485,23.748,789551,0
1997-08-07,23.748,23.818,23.584,23.621,1072450,0
1997-08-08,23.485,23.485,22.973,23.14,722792,0
1997-08-11,23.21,23.651,23.177,23.584,1049103,0
1997-08-12,23.552,23.683,23.377,23.445,325522,0
1997-08-13,23.621,23.621,23.377,23.377,387432,0
1997-08-14,23.515,23.552,23.21,23.346,1037692,0
1997-08-15,23.346,23.377,23.14,23.14,567505,0
1997-08-18,23.14,23.415,23.112,23.377,332607,0
1997-08-19,23.377,23.485,23.177,23.317,488944,0
1997-08-20,23.277,23.415,23.277,23.346,334050,0
1997-08-21,23.346,23.415,23.247,23.277,460352,0
1997-08-22,23.112,23.415,23.112,23.415,399233,0
1997-08-25,23.445,23.683,23.346,23.651,606329,0
1997-08-26,23.651,23.956,23.651,23.79,733417,0
1997-08-27,23.79,23.888,23.748,23.748,479500,0
1997-08-28,23.748,23.888,23.748,23.748,574851,0
1997-08-29,23.748,23.858,23.651,23.683,365395,0
1997-09-02,23.719,23.985,23.719,23.985,621806,0
1997-09-03,24.026,24.293,24.026,24.125,546780,0
1997-09-04,24.095,24.231,24.095,24.194,352019,0
1997-09-05,24.293,24.332,24.095,24.095,327229,0
1997-09-08,24.161,24.431,24.161,24.332,684759,0
1997-09-09,24.332,24.466,24.293,24.399,702595,0
1997-09-10,24.399,24.902,24.332,24.359,770401,0
1997-09-11,24.359,24.431,24.26,24.359,784828,0
1997-09-12,24.399,24.734,24.359,24.704,357788,0
1997-09-15,24.667,24.902,24.667,24.734,307294,0
1997-09-16,24.902,25.147,24.873,25.077,512550,0
1997-09-17,25.147,25.176,24.802,24.84,551639,0
1997-09-18,24.94,25.041,24.774,24.902,391102,0
1997-09-19,24.94,25.01,24.902,24.969,557013,0
1997-09-22,25.077,25.276,25.077,25.107,263490,0
1997-09-23,25.107,25.147,24.94,25.077,246176,0
1997-09-24,25.077,25.147,24.873,24.902,389660,0
1997-09-25,24.902,24.902,24.704,24.734,569602,0
1997-09-26,24.734,24.802,24.667,24.734,574064,0
1997-09-29,24.704,24.704,24.567,24.596,395956,0
1997-09-30,24.596,24.84,24.596,24.667,505600,0
1997-10-01,24.704,24.94,24.667,24.902,280142,0
1997-10-02,24.84,25.147,24.84,25.077,180075,0
1997-10-03,25.345,25.581,24.969,25.176,621278,0
1997-10-06,25.313,25.452,25.107,25.176,227157,0
1997-10-07,25.147,25.345,25.147,25.345,242507,0
1997-10-08,25.276,25.313,24.94,25.01,455364,0
1997-10-09,24.802,24.902,24.704,24.84,148864,0
1997-10-10,24.802,24.969,24.734,24.902,330245,0
1997-10-13,24.969,25.041,24.873,25.01,158307,0
1997-10-14,25.041,25.412,25.01,25.313,286575,0
1997-10-15,25.276,25.276,25.077,25.107,221913,0
1997-10-16,25.147,25.383,25.107,25.276,214439,0
1997-10-17,25.176,25.412,25.041,25.412,560817,0
1997-10-20,25.313,25.717,25.206,25.65,314639,0
1997-10-21,25.617,25.886,25.481,25.886,726332,0
1997-10-22,25.886,25.886,25.687,25.816,326573,0
1997-10-23,25.717,25.993,25.687,25.855,829683,0
1997-10-24,25.923,25.923,25.65,25.816,335886,0
1997-10-27,25.886,25.952,25.01,25.041,426645,0
1997-10-28,24.704,25.345,24.537,25.345,683707,0
1997-10-29,25.481,25.786,25.481,25.687,784170,0
1997-10-30,25.617,25.855,25.452,25.481,462975,0
1997-10-31,25.581,25.816,25.345,25.617,371428,0
1997-11-03,25.756,25.816,25.65,25.717,408020,0
1997-11-04,25.551,25.993,25.511,25.923,837945,0
1997-11-05,25.756,25.993,25.756,25.886,812370,0
1997-11-06,25.84,25.84,25.635,25.665,216796,0
1997-11-07,25.528,25.595,25.359,25.595,260602,0
1997-11-10,25.701,25.87,25.635,25.665,286833,0
1997-11-11,25.733,25.908,25.701,25.87,511900,0
1997-11-12,25.733,26.076,25.733,26.045,890931,0
1997-11-13,25.94,26.182,25.87,26.007,455633,0
1997-11-14,25.978,26.115,25.908,26.007,192143,0
1997-11-17,26.115,26.456,26.115,26.251,295882,0
1997-11-18,26.321,26.321,26.076,26.145,247357,0
1997-11-19,26.145,26.35,26.007,26.321,505600,0
1997-11-20,26.35,26.76,26.35,26.733,776433,0
1997-11-21,26.661,26.833,26.49,26.801,693021,0
1997-11-24,26.76,27.005,26.694,26.974,678856,0
1997-11-25,27.076,27.35,26.868,27.318,732889,0
1997-11-26,27.35,27.456,27.249,27.28,159351,0
1997-11-28,27.28,27.318,27.211,27.211,90496,0
1997-12-01,27.318,27.661,27.144,27.661,352410,0
1997-12-02,27.661,27.661,27.28,27.387,299163,0
1997-12-03,27.387,27.42,27.113,27.211,265194,0
1997-12-04,27.211,27.318,26.9,27.28,181385,0
1997-12-05,27.144,27.249,27.046,27.113,331952,0
1997-12-08,27.144,27.144,26.868,26.974,295622,0
1997-12-09,27.046,27.183,26.94,27.046,384285,0
1997-12-10,27.076,27.211,27.005,27.076,253392,0
1997-12-11,27.076,27.183,26.76,26.76,287359,0
1997-12-12,26.833,27.249,26.833,27.211,442125,0
1997-12-15,27.35,27.798,27.28,27.76,411955,0
1997-12-16,27.898,28.004,27.898,27.936,333918,0
1997-12-17,28.004,28.143,27.898,27.936,421531,0
1997-12-18,27.898,28.28,27.554,28.28,1096582,0
1997-12-19,28.24,28.553,27.936,28.553,837162,0
1997-12-22,27.732,27.967,27.732,27.868,2064501,0
1997-12-23,27.898,28.174,27.898,28.035,724627,0
1997-12-24,27.967,28.105,27.868,28.004,365919,0
1997-12-26,28.075,28.105,28.004,28.075,265325,0
1997-12-29,28.174,28.28,28.004,28.24,469009,0
1997-12-30,28.379,28.379,28.24,28.379,699055,0
1997-12-31,28.379,28.448,28.28,28.349,580752,0
1998-01-02,28.24,28.349,28.105,28.143,353591,0
1998-01-05,28.209,28.379,27.868,28.035,499830,0
1998-01-06,28.035,28.035,27.798,27.967,1151405,0
1998-01-07,27.868,27.898,27.592,27.868,1656743,0
1998-01-08,27.868,28.004,27.76,27.936,686596,0
1998-01-09,28.004,28.004,27.661,27.76,493008,0
1998-01-12,27.691,28.105,27.661,28.075,522519,0
1998-01-13,28.075,28.143,27.691,28.004,368279,0
1998-01-14,27.967,27.967,27.76,27.898,390709,0
1998-01-15,27.76,27.76,27.456,27.527,406712,0
1998-01-16,27.527,27.592,27.42,27.527,566719,0
1998-01-20,27.527,27.592,27.318,27.527,477270,0
1998-01-21,27.387,27.624,27.387,27.624,933031,0
1998-01-22,27.592,27.831,27.554,27.831,354248,0
1998-01-23,27.798,27.868,27.456,27.691,335491,0
1998-01-26,27.732,27.76,27.624,27.691,265719,0
1998-01-27,27.592,27.732,27.387,27.387,508090,0
1998-01-28,27.28,27.387,26.974,27.113,1311674,0
1998-01-29,27.076,27.484,26.94,27.318,603050,0
1998-01-30,27.318,27.318,27.046,27.076,412348,0
1998-02-02,27.144,27.554,27.113,27.387,1117829,0
1998-02-03,27.318,27.387,27.076,27.076,609870,0
1998-02-04,27.076,27.113,26.868,26.868,851589,0
1998-02-05,26.9,27.183,26.9,27.183,2342680,0
1998-02-06,27.166,27.441,27.166,27.412,1276786,0
1998-02-09,27.305,27.335,27.129,27.236,815778,0
1998-02-10,27.236,27.51,27.023,27.265,273980,0
1998-02-11,27.335,27.335,26.953,27.236,246308,0
1998-02-12,27.096,27.412,26.953,27.265,751516,0
1998-02-13,27.265,27.441,27.236,27.305,513731,0
1998-02-17,27.236,27.335,27.236,27.305,334445,0
1998-02-18,27.335,27.441,27.305,27.335,208929,0
1998-02-19,27.335,27.371,27.166,27.196,444220,0
1998-02-20,27.305,27.412,27.166,27.412,1099465,0
1998-02-23,27.412,27.412,27.129,27.196,990870,0
1998-02-24,27.129,27.166,26.883,27.096,291689,0
1998-02-25,27.129,27.196,26.953,27.06,395298,0
1998-02-26,26.991,27.023,26.784,26.883,430842,0
1998-02-27,26.883,26.883,26.678,26.678,658396,0
1998-03-02,26.572,26.924,26.572,26.818,271885,0
1998-03-03,26.883,26.953,26.712,26.746,515961,0
1998-03-04,26.784,26.818,26.678,26.784,330510,0
1998-03-05,26.678,26.818,26.678,26.784,290637,0
1998-03-06,26.818,26.991,26.784,26.883,259686,0
1998-03-09,26.953,27.166,26.818,27.129,561077,0
1998-03-10,27.196,27.647,27.196,27.618,928704,0
1998-03-11,27.647,27.683,27.577,27.577,814862,0
1998-03-12,27.577,27.577,27.305,27.51,429665,0
1998-03-13,27.441,27.51,27.305,27.478,448152,0
1998-03-16,27.577,27.618,27.412,27.618,426645,0
1998-03-17,27.647,27.754,27.577,27.754,433858,0
1998-03-18,27.618,27.891,27.618,27.86,462318,0
1998-03-19,27.754,27.79,27.548,27.647,512419,0
1998-03-20,27.79,28.349,27.683,28.349,633607,0
1998-03-23,28.349,28.417,27.998,28.349,874929,0
1998-03-24,28.349,28.349,28.205,28.24,293000,0
1998-03-25,28.31,28.31,27.928,28.105,555572,0
1998-03-26,28.035,28.174,27.891,27.928,492090,0
1998-03-27,28.067,28.105,27.548,27.618,380482,0
1998-03-30,27.647,27.683,27.51,27.548,302047,0
1998-03-31,27.683,28.24,27.683,27.928,851324,0
1998-04-01,27.959,27.998,27.822,27.959,381920,0
1998-04-02,27.998,28.134,27.891,28.105,259816,0
1998-04-03,28.105,28.205,27.822,28.105,397528,0
1998-04-06,28.174,28.174,27.754,27.79,510320,0
1998-04-07,27.724,27.724,27.478,27.548,357921,0
1998-04-08,27.548,27.548,27.236,27.236,252341,0
1998-04-09,27.305,27.441,27.236,27.335,304671,0
1998-04-13,27.265,27.265,27.023,27.129,470192,0
1998-04-14,27.196,27.236,26.991,27.096,396218,0
1998-04-15,27.096,27.096,26.818,26.953,328934,0
1998-04-16,26.953,26.953,26.678,26.852,356347,0
1998-04-17,26.852,27.096,26.818,27.096,723709,0
1998-04-20,27.06,27.096,26.991,27.096,567634,0
1998-04-21,26.953,26.991,26.712,26.746,721478,0
1998-04-22,26.639,26.712,26.433,26.433,599896,0
1998-04-23,26.433,26.433,26.052,26.052,494186,0
1998-04-24,26.052,26.433,26.052,26.159,969098,0
1998-04-27,25.986,26.014,25.742,25.808,615769,0
1998-04-28,25.848,25.986,25.772,25.808,857488,0
1998-04-29,25.742,25.986,25.565,25.915,452876,0
1998-04-30,26.122,26.712,26.122,26.54,661937,0
1998-05-01,26.54,26.572,26.228,26.365,420482,0
1998-05-04,26.298,26.398,26.191,26.258,593082,0
1998-05-05,26.191,26.328,26.122,26.298,555572,0
1998-05-06,26.243,26.391,26.109,26.282,634393,0
1998-05-07,26.282,26.419,26.215,26.321,366316,0
1998-05-08,26.35,26.776,26.35,26.563,393069,0
1998-05-11,26.596,26.809,26.596,26.703,921621,0
1998-05-12,26.669,26.703,26.282,26.419,217977,0
1998-05-13,26.35,26.456,26.174,26.282,579567,0
1998-05-14,26.282,26.321,26.215,26.282,354378,0
1998-05-15,26.282,26.282,26.109,26.137,357003,0
1998-05-18,26.067,26.137,25.893,25.96,398054,0
1998-05-19,25.756,25.786,25.436,25.474,719644,0
1998-05-20,25.436,25.474,25.261,25.436,941295,0
1998-05-21,25.474,25.581,25.436,25.544,391498,0
1998-05-22,25.474,25.503,25.368,25.436,288013,0
1998-05-26,25.405,25.503,25.329,25.329,299031,0
1998-05-27,25.296,25.368,25.155,25.296,300871,0
1998-05-28,25.296,25.503,25.296,25.474,294311,0
1998-05-29,25.436,25.687,25.436,25.544,273456,0
1998-06-01,25.65,26.809,25.609,26.632,783783,0
1998-06-02,26.596,26.776,26.391,26.669,536817,0
1998-06-03,26.669,26.876,26.596,26.632,249588,0
1998-06-04,26.525,26.739,26.174,26.632,646067,0
1998-06-05,26.669,26.669,26.419,26.563,416281,0
1998-06-08,26.497,26.497,26.321,26.321,208796,0
1998-06-09,26.174,26.497,26.109,26.35,238963,0
1998-06-10,26.419,26.876,26.35,26.563,230962,0
1998-06-11,26.669,26.739,26.109,26.525,562784,0
1998-06-12,26.525,26.809,26.419,26.669,576292,0
1998-06-15,26.669,27.129,26.669,26.983,640164,0
1998-06-16,26.983,27.09,26.525,26.669,387824,0
1998-06-17,26.525,26.596,26.174,26.391,365656,0
1998-06-18,26.391,26.776,26.391,26.739,356871,0
1998-06-19,26.703,26.739,26.243,26.391,423362,0
1998-06-22,26.391,26.563,26.215,26.215,265979,0
1998-06-23,26.419,26.419,26.215,26.321,387432,0
1998-06-24,26.243,26.243,25.863,25.893,671775,0
1998-06-25,25.863,25.893,25.368,25.474,698133,0
1998-06-26,25.474,25.609,25.232,25.329,573012,0
1998-06-29,25.436,25.96,25.436,25.824,549800,0
1998-06-30,25.863,25.863,25.474,25.544,470192,0
1998-07-01,25.609,25.786,25.544,25.786,327363,0
1998-07-02,25.824,25.96,25.756,25.932,311887,0
1998-07-06,26.002,26.174,26.002,26.137,333659,0
1998-07-07,26.109,26.282,25.687,25.717,269521,0
1998-07-08,25.609,25.756,25.544,25.687,345196,0
1998-07-09,25.65,25.687,25.368,25.503,414712,0
1998-07-10,25.405,25.581,25.296,25.368,307427,0
1998-07-13,25.232,25.405,25.016,25.232,243421,0
1998-07-14,25.232,25.368,25.155,25.155,109255,0
1998-07-15,24.873,25.125,24.873,24.978,255486,0
1998-07-16,24.873,25.083,24.667,25.047,241849,0
1998-07-17,25.125,25.329,25.047,25.329,315690,0
1998-07-20,25.232,25.232,25.047,25.232,163286,0
1998-07-21,25.155,25.232,24.978,25.125,316215,0
1998-07-22,25.189,25.296,25.083,25.261,223617,0
1998-07-23,25.189,25.232,24.802,24.909,513992,0
1998-07-24,24.873,24.909,24.627,24.774,207487,0
1998-07-27,24.734,25.125,24.59,24.947,590196,0
1998-07-28,24.802,24.978,24.734,24.909,434382,0
1998-07-29,24.84,24.947,24.627,24.696,397924,0
1998-07-30,24.627,25.016,24.627,24.909,228734,0
1998-07-31,24.84,24.84,24.17,24.17,357395,0
1998-08-03,24.317,25.083,24.276,24.802,1414370,0
1998-08-04,24.802,25.047,24.416,24.416,342311,0
1998-08-05,24.343,24.696,24.276,24.696,1179601,0
1998-08-06,24.611,24.758,24.399,24.466,848961,0
1998-08-07,24.439,24.758,24.117,24.683,346119,0
1998-08-10,24.611,24.717,24.359,24.544,227684,0
1998-08-11,24.399,24.466,24.01,24.293,281586,0
1998-08-12,24.332,25.289,24.293,25.182,411563,0
1998-08-13,25.077,25.223,24.717,24.895,263618,0
1998-08-14,24.864,25.147,24.788,24.864,256668,0
1998-08-17,24.824,25.503,24.824,25.503,254440,0
1998-08-18,25.359,25.572,25.116,25.572,242637,0
1998-08-19,25.503,25.503,24.969,25.077,335362,0
1998-08-20,25.077,25.396,25.077,25.329,401068,0
1998-08-21,25.182,26.039,25.182,26.007,604229,0
1998-08-24,26.007,26.251,25.893,26.145,287359,0
1998-08-25,26.251,26.505,25.544,25.824,272543,0
1998-08-26,25.824,26.221,25.756,25.893,734989,0
1998-08-27,25.717,25.932,25.436,25.65,904045,0
1998-08-28,25.503,25.786,25.041,25.786,1042019,0
1998-08-31,25.893,26.572,25.786,25.824,704432,0
1998-09-01,25.679,25.893,25.436,25.893,715316,0
1998-09-02,25.893,25.893,25.182,25.359,409728,0
1998-09-03,25.223,25.468,24.932,25.252,486715,0
1998-09-04,25.329,25.396,24.895,25.329,313589,0
1998-09-08,25.396,25.932,24.969,25.932,364873,0
1998-09-09,25.932,25.932,25.359,25.679,376543,0
1998-09-10,25.679,25.969,25.468,25.717,377199,0
1998-09-11,25.679,26.039,25.572,26.039,367886,0
1998-09-14,26.182,26.251,25.932,26.221,196469,0
1998-09-15,26.221,26.572,26.039,26.505,401335,0
1998-09-16,26.784,26.784,26.289,26.645,227555,0
1998-09-17,26.505,26.612,26.182,26.328,183880,0
1998-09-18,26.251,26.612,26.221,26.54,909817,0
1998-09-21,26.464,26.678,26.289,26.645,232014,0
1998-09-22,26.859,27.113,26.54,27.113,489337,0
1998-09-23,27.249,27.327,26.891,27.22,533667,0
1998-09-24,27.144,27.249,26.289,26.753,302574,0
1998-09-25,26.612,27.327,26.572,27.005,386641,0
1998-09-28,27.005,27.22,26.891,27.22,212730,0
1998-09-29,27.249,27.57,27.183,27.57,343101,0
1998-09-30,27.433,27.86,27.395,27.86,485274,0
1998-10-01,27.785,27.86,27.541,27.86,969754,0
1998-10-02,27.891,28.89,27.891,28.822,738266,0
1998-10-05,28.822,29.431,28.751,29.391,666132,0
1998-10-06,29.286,29.927,29.11,29.676,791781,0
1998-10-07,29.539,30.071,29.539,29.753,1296461,0
1998-10-08,29.753,30.429,29.713,30.217,1427616,0
1998-10-09,30.071,30.071,29.391,29.391,1343938,0
1998-10-12,29.461,29.461,27.822,28.075,973300,0
1998-10-13,28.182,28.609,28.143,28.609,522126,0
1998-10-14,28.463,30.071,28.463,29.498,1093698,0
1998-10-15,29.539,30.141,29.25,30.071,1242952,0
1998-10-16,30.247,30.247,28.858,29.25,581798,0
1998-10-19,29.25,29.25,28.822,28.89,299557,0
1998-10-20,28.782,28.822,28.182,28.249,505340,0
1998-10-21,28.355,28.503,27.822,28.109,656823,0
1998-10-22,28.109,28.394,27.891,28.355,246831,0
1998-10-23,28.288,28.288,27.822,27.891,370511,0
1998-10-26,27.822,28.004,27.754,27.967,495110,0
1998-10-27,27.967,28.182,27.716,27.967,384151,0
1998-10-28,28.109,28.288,27.928,28.004,342444,0
1998-10-29,28.075,28.075,27.609,27.822,289852,0
1998-10-30,27.822,28.035,27.677,27.928,288410,0
1998-11-02,28.075,28.463,28.004,28.325,465994,0
1998-11-03,28.394,28.539,28.249,28.503,444618,0
1998-11-04,28.539,29.11,28.539,28.716,3349948,0
1998-11-05,28.782,28.89,28.609,28.751,1187469,0
1998-11-06,28.303,28.922,28.303,28.882,2987696,0
1998-11-09,28.922,28.922,28.553,28.661,495369,0
1998-11-10,28.661,29.348,28.661,29.279,438583,0
1998-11-11,29.134,29.134,28.661,28.807,322769,0
1998-11-12,28.882,28.922,28.661,28.737,180075,0
1998-11-13,28.807,29.028,28.698,28.698,644886,0
1998-11-16,28.485,28.807,28.411,28.737,531308,0
1998-11-17,28.737,28.807,28.485,28.631,370119,0
1998-11-18,28.592,28.737,28.518,28.592,403169,0
1998-11-19,28.592,28.737,28.379,28.518,433596,0
1998-11-20,28.592,28.592,28.157,28.233,506780,0
1998-11-23,28.233,28.233,27.945,28.197,288145,0
1998-11-24,28.265,28.303,27.724,27.831,726726,0
1998-11-25,27.724,27.945,27.577,27.724,278176,0
1998-11-27,27.654,27.76,27.472,27.724,299688,0
1998-11-30,27.577,27.577,26.784,26.784,479236,0
1998-12-01,27.005,27.327,26.859,27.113,459959,0
1998-12-02,26.967,27.433,26.967,27.433,377596,0
1998-12-03,27.403,27.433,27.037,27.113,275686,0
1998-12-04,27.183,27.618,27.183,27.577,284998,0
1998-12-07,27.691,27.724,27.152,27.577,148728,0
1998-12-08,27.433,27.577,27.005,27.22,236863,0
1998-12-09,27.365,27.403,26.572,26.639,1088580,0
1998-12-10,26.784,26.859,26.174,26.533,546651,0
1998-12-11,26.533,26.826,26.497,26.826,608034,0
1998-12-14,26.719,27.327,26.719,27.183,917817,0
1998-12-15,27.113,27.22,27.005,27.183,384022,0
1998-12-16,27.037,27.183,26.784,27.113,347824,0
1998-12-17,27.037,27.51,27.037,27.51,261390,0
1998-12-18,27.152,27.433,27.113,27.433,590196,0
1998-12-21,27.327,27.868,27.076,27.403,256278,0
1998-12-22,27.288,27.327,26.826,27.113,617607,0
1998-12-23,27.037,27.258,27.005,27.258,324081,0
1998-12-24,27.183,27.22,26.784,26.826,91678,0
1998-12-28,26.859,26.891,26.719,26.826,342706,0
1998-12-29,26.784,27.076,26.784,27.037,455107,0
1998-12-30,26.932,27.113,26.859,27.113,454841,0
1998-12-31,27.113,27.22,26.967,27.183,484877,0
1999-01-04,27.183,27.548,27.152,27.548,650002,0
1999-01-05,27.548,27.577,27.288,27.472,428350,0
1999-01-06,27.472,27.691,27.183,27.691,830600,0
1999-01-07,27.691,27.691,27.365,27.433,1052645,0
1999-01-08,27.51,27.51,27.076,27.327,919914,0
1999-01-11,27.724,27.724,27.152,27.288,1270492,0
1999-01-12,27.433,27.548,27.22,27.327,619442,0
1999-01-13,27.288,27.831,27.183,27.22,414054,0
1999-01-14,27.152,27.183,26.826,27.183,644753,0
1999-01-15,27.22,27.258,26.967,27.152,409991,0
1999-01-19,27.076,27.076,26.678,26.826,456419,0
1999-01-20,26.719,26.784,26.426,26.497,736302,0
1999-01-21,26.35,26.678,26.35,26.612,421269,0
1999-01-22,26.572,26.746,26.497,26.612,283950,0
1999-01-25,26.533,26.612,26.282,26.464,449861,0
1999-01-26,26.391,26.497,26.032,26.391,481729,0
1999-01-27,26.426,26.426,25.701,25.923,978151,0
1999-01-28,25.848,25.923,25.779,25.808,2076438,0
1999-01-29,25.701,25.779,25.197,25.305,465334,0
1999-02-01,25.305,25.305,24.582,24.618,468745,0
1999-02-02,24.658,24.873,24.513,24.84,698002,0
1999-02-03,24.802,25.345,24.726,25.055,1993810,0
1999-02-04,24.909,25.016,24.474,24.696,768957,0
1999-02-05,24.658,24.696,24.551,24.696,2548462,0
1999-02-08,24.683,25.047,24.529,24.643,2140046,0
1999-02-09,24.824,24.864,24.604,24.604,437401,0
1999-02-10,24.604,24.864,24.459,24.643,422580,0
1999-02-11,24.498,24.864,24.317,24.567,529866,0
1999-02-12,24.604,24.643,23.871,24.056,478845,0
1999-02-16,24.317,24.567,24.095,24.238,463890,0
1999-02-17,24.238,25.01,24.238,24.643,563311,0
1999-02-18,24.788,25.296,24.709,25.155,572227,0
1999-02-19,24.895,25.01,24.567,24.788,419827,0
1999-02-22,24.75,25.338,24.683,25.338,588752,0
1999-02-23,25.338,25.338,24.824,24.969,601473,0
1999-02-24,24.932,25.116,24.604,24.683,290114,0
1999-02-25,24.422,24.683,24.161,24.383,394778,0
1999-02-26,24.459,24.643,24.132,24.383,264407,0
1999-03-01,24.383,24.383,23.949,24.317,355821,0
1999-03-02,24.161,24.683,24.019,24.383,445006,0
1999-03-03,24.343,24.709,24.343,24.709,378118,0
1999-03-04,24.683,25.047,24.604,25.047,345461,0
1999-03-05,25.412,25.481,25.116,25.116,591114,0
1999-03-08,25.189,25.232,24.788,24.932,345855,0
1999-03-09,24.824,24.864,24.422,24.422,600033,0
1999-03-10,24.567,24.604,23.98,24.095,623508,0
1999-03-11,24.238,24.238,23.431,23.949,821292,0
1999-03-12,23.98,24.529,23.949,24.422,652495,0
1999-03-15,24.498,24.824,24.343,24.383,571306,0
1999-03-16,24.343,24.529,24.317,24.459,432810,0
1999-03-17,24.459,24.459,24.095,24.343,236080,0
1999-03-18,24.276,24.567,24.238,24.529,215880,0
1999-03-19,24.498,24.604,24.276,24.276,834926,0
1999-03-22,24.238,24.459,24.161,24.161,440548,0
1999-03-23,24.095,24.201,23.871,24.095,392679,0
1999-03-24,24.161,24.824,23.871,24.709,696429,0
1999-03-25,24.567,24.567,24.343,24.459,297718,0
1999-03-26,24.383,24.459,23.728,23.765,623772,0
1999-03-29,23.835,23.98,23.765,23.871,283554,0
1999-03-30,23.835,23.871,23.431,23.584,640425,0
1999-03-31,23.584,23.651,23.033,23.247,542453,0
1999-04-01,23.177,23.835,23.103,23.765,950477,0
1999-04-05,23.912,24.019,23.584,23.69,430053,0
1999-04-06,23.69,23.871,23.033,23.177,568028,0
1999-04-07,23.247,23.286,22.957,23.218,314900,0
1999-04-08,23.14,23.613,23.103,23.544,508749,0
1999-04-09,23.506,23.506,23.286,23.431,224145,0
1999-04-12,23.286,23.651,23.286,23.613,232536,0
1999-04-13,23.544,23.544,23.14,23.247,268078,0
1999-04-14,23.218,23.286,22.996,23.063,303751,0
1999-04-15,23.033,23.177,22.92,22.92,527374,0
1999-04-16,23.063,23.286,23.033,23.177,439894,0
1999-04-19,23.103,23.912,23.103,23.544,834926,0
1999-04-20,23.69,24.201,23.651,24.161,850536,0
1999-04-21,24.459,24.498,24.095,24.383,527374,0
1999-04-22,24.383,24.383,23.949,24.201,575244,0
1999-04-23,24.317,24.317,23.871,23.949,411171,0
1999-04-26,24.019,24.019,23.799,23.912,605671,0
1999-04-27,23.912,23.949,23.362,23.4,595833,0
1999-04-28,23.544,23.949,23.468,23.765,602392,0
1999-04-29,23.912,24.276,23.799,24.132,1486765,0
1999-04-30,24.132,24.317,24.019,24.276,996772,0
1999-05-03,24.276,24.529,24.201,24.459,524224,0
1999-05-04,24.567,24.567,24.201,24.317,309131,0
1999-05-05,24.317,24.529,24.238,24.529,1482176,0
1999-05-06,24.445,24.667,24.145,24.667,1128581,0
1999-05-07,24.704,24.704,24.293,24.407,246701,0
1999-05-10,24.252,24.667,24.252,24.513,315559,0
1999-05-11,24.445,24.704,24.293,24.445,254310,0
1999-05-12,24.59,24.741,24.365,24.59,329854,0
1999-05-13,24.667,25.147,24.627,25.147,553605,0
1999-05-14,25.001,25.041,24.667,24.704,456155,0
1999-05-17,24.704,25.041,24.704,24.963,419300,0
1999-05-18,24.963,25.107,24.704,25.001,566589,0
1999-05-19,25.147,25.559,25.041,25.444,439760,0
1999-05-20,25.444,25.52,25.147,25.375,405003,0
1999-05-21,25.375,25.595,25.041,25.595,315032,0
1999-05-24,25.52,25.855,25.444,25.595,317393,0
1999-05-25,25.52,26.191,25.52,25.969,579174,0
1999-05-26,26.002,26.115,25.816,26.039,468093,0
1999-05-27,25.893,25.893,25.001,25.375,395956,0
1999-05-28,25.375,25.893,25.375,25.779,334050,0
1999-06-01,25.742,25.742,25.001,25.296,314115,0
1999-06-02,25.375,25.52,25.182,25.261,201453,0
1999-06-03,25.182,25.261,24.848,24.848,326315,0
1999-06-04,24.926,25.405,24.886,25.405,163943,0
1999-06-07,25.296,25.338,25.077,25.107,135219,0
1999-06-08,25.041,25.182,25.001,25.107,248933,0
1999-06-09,25.107,25.182,25.001,25.107,186370,0
1999-06-10,25.107,25.107,24.551,24.667,395039,0
1999-06-11,24.782,24.886,24.407,24.551,401201,0
1999-06-14,24.667,25.296,24.627,24.926,393200,0
1999-06-15,25.077,25.444,24.886,25.261,263095,0
1999-06-16,25.375,25.779,25.261,25.671,641480,0
1999-06-17,25.779,25.779,25.52,25.635,507043,0
1999-06-18,25.701,25.701,25.444,25.635,423761,0
1999-06-21,25.635,25.635,24.963,25.041,195686,0
1999-06-22,24.926,25.296,24.886,25.182,378643,0
1999-06-23,25.182,25.182,24.926,24.926,317658,0
1999-06-24,24.886,25.001,24.667,24.741,413270,0
1999-06-25,23.628,23.737,22.957,23.103,3355850,0
1999-06-28,23.177,23.333,23.063,23.177,1137503,0
1999-06-29,22.92,22.996,22.774,22.842,445400,0
1999-06-30,22.842,22.842,22.247,22.325,772499,0
1999-07-01,22.325,22.507,22.287,22.363,1113895,0
1999-07-02,22.402,22.402,21.99,22.104,808043,0
1999-07-06,21.692,21.842,21.471,21.585,1127926,0
1999-07-07,21.617,21.882,21.548,21.882,1696222,0
1999-07-08,21.767,21.842,21.652,21.767,1228657,0
1999-07-09,21.731,21.842,21.548,21.807,872834,0
1999-07-12,21.731,21.842,21.692,21.767,1280329,0
1999-07-13,21.731,21.915,21.731,21.767,931195,0
1999-07-14,21.767,21.915,21.692,21.767,1482176,0
1999-07-15,21.731,21.842,21.548,21.652,677278,0
1999-07-16,21.652,21.842,21.509,21.509,569732,0
1999-07-19,21.548,21.548,21.395,21.433,1075595,0
1999-07-20,21.509,21.548,21.326,21.395,877685,0
1999-07-21,21.395,21.617,21.395,21.617,371693,0
1999-07-22,21.652,21.692,21.395,21.509,351888,0
1999-07-23,21.395,21.617,21.395,21.471,502976,0
1999-07-26,21.471,21.731,21.395,21.692,452219,0
1999-07-27,21.617,21.767,21.433,21.731,560686,0
1999-07-28,21.767,21.767,21.395,21.433,826405,0
1999-07-29,21.395,21.433,20.954,21.061,1030345,0
1999-07-30,21.026,21.21,20.877,21.026,441465,0
1999-08-02,20.954,21.692,20.913,21.617,913360,0
1999-08-03,21.652,21.882,21.471,21.882,477007,0
1999-08-04,22.029,22.065,21.767,21.807,723055,0
1999-08-05,21.951,21.951,21.692,21.807,1278492,0
1999-08-06,21.866,22.021,21.752,21.908,1265772,0
1999-08-09,21.866,21.908,21.677,21.83,1728353,0
1999-08-10,21.793,21.866,21.601,21.83,473466,0
1999-08-11,21.908,21.908,21.64,21.793,358967,0
1999-08-12,21.793,21.793,21.371,21.409,355035,0
1999-08-13,21.525,21.601,21.371,21.371,363822,0
1999-08-16,21.409,21.409,21.151,21.295,316869,0
1999-08-17,21.295,21.333,20.997,21.266,478584,0
1999-08-18,21.266,21.266,20.997,21.035,254835,0
1999-08-19,21.111,21.601,20.962,21.525,382704,0
1999-08-20,21.525,21.982,21.448,21.942,314900,0
1999-08-23,21.908,21.942,21.677,21.908,278176,0
1999-08-24,22.021,22.089,21.752,21.982,235161,0
1999-08-25,22.127,22.699,22.089,22.661,539306,0
1999-08-26,22.584,22.622,22.316,22.507,381395,0
1999-08-27,22.393,22.661,22.393,22.584,213386,0
1999-08-30,22.547,22.699,22.241,22.28,262309,0
1999-08-31,22.316,22.47,21.942,21.942,560948,0
1999-09-01,21.942,22.057,21.83,21.942,331293,0
1999-09-02,21.942,22.021,21.752,21.982,272931,0
1999-09-03,22.127,22.393,22.089,22.316,231884,0
1999-09-07,22.393,22.393,21.752,21.83,213784,0
1999-09-08,21.752,21.866,21.677,21.717,631510,0
1999-09-09,21.64,21.717,21.448,21.601,430842,0
1999-09-10,21.601,22.057,21.562,21.866,219946,0
1999-09-13,22.021,22.021,21.64,21.83,246570,0
1999-09-14,21.717,21.717,21.448,21.525,263490,0
1999-09-15,21.64,21.793,21.485,21.485,258633,0
1999-09-16,21.485,21.562,21.19,21.295,208535,0
1999-09-17,21.295,21.717,21.295,21.677,511372,0
1999-09-20,21.64,21.752,21.601,21.64,347952,0
1999-09-21,21.601,21.64,21.077,21.151,552029,0
1999-09-22,21.295,21.295,20.997,21.151,276476,0
1999-09-23,21.151,21.151,20.692,20.692,274637,0
1999-09-24,20.77,21.077,20.692,20.731,352676,0
1999-09-27,20.692,20.962,20.655,20.807,296803,0
1999-09-28,20.692,20.692,20.244,20.578,504813,0
1999-09-29,20.539,20.807,20.502,20.618,265455,0
1999-09-30,20.618,20.962,20.578,20.618,390316,0
1999-10-01,20.731,21.151,20.465,21.151,341002,0
1999-10-04,21.151,21.601,21.111,21.601,486585,0
1999-10-05,21.601,21.64,21.077,21.226,513992,0
1999-10-06,21.295,21.525,21.035,21.371,488157,0
1999-10-07,21.371,21.409,20.846,20.846,390576,0
1999-10-08,20.731,20.997,20.731,20.921,427565,0
1999-10-11,20.921,20.921,20.539,20.539,227948,0
1999-10-12,20.539,20.578,20.282,20.434,332081,0
1999-10-13,20.465,20.539,20.319,20.434,290637,0
1999-10-14,20.396,20.921,20.282,20.807,606723,0
1999-10-15,20.692,20.692,20.244,20.244,470845,0
1999-10-18,20.319,20.692,20.244,20.655,653152,0
1999-10-19,20.655,20.692,20.244,20.357,542191,0
1999-10-20,20.357,20.396,20.09,20.205,458384,0
1999-10-21,20.167,20.244,20.09,20.167,536817,0
1999-10-22,20.128,20.357,20.128,20.167,246701,0
1999-10-25,20.09,20.282,20.016,20.09,520814,0
1999-10-26,20.09,20.396,20.016,20.09,523177,0
1999-10-27,20.167,20.731,20.09,20.618,545993,0
1999-10-28,20.618,20.962,20.618,20.807,630460,0
1999-10-29,20.731,20.997,20.731,20.846,542588,0
1999-11-01,20.731,21.077,20.731,20.997,443827,0
1999-11-02,20.921,21.371,20.921,21.226,731448,0
1999-11-03,21.151,21.226,20.997,21.151,836237,0
1999-11-04,21.151,21.266,20.807,20.997,451563,0
1999-11-05,21.151,21.448,21.111,21.266,2178477,0
1999-11-08,21.089,21.403,21.089,21.169,845027,0
1999-11-09,21.169,21.169,20.783,20.898,370643,0
1999-11-10,20.67,20.862,20.556,20.823,1151665,0
1999-11-11,20.709,20.823,20.405,20.783,580881,0
1999-11-12,20.783,20.823,20.48,20.52,501927,0
1999-11-15,20.405,20.52,20.29,20.48,358316,0
1999-11-17,20.594,20.634,20.405,20.52,472946,0
1999-11-18,20.52,20.556,20.244,20.326,284080,0
1999-11-19,20.244,20.326,20.054,20.09,1073366,0
1999-11-22,20.09,20.09,19.672,19.672,560295,0
1999-11-23,19.747,19.825,19.482,19.597,523308,0
1999-11-24,19.672,19.71,19.519,19.632,480682,0
1999-11-26,19.556,19.672,19.519,19.519,205125,0
1999-11-29,19.366,19.407,18.786,18.939,483169,0
1999-11-30,18.824,19.441,18.824,19.291,1033631,0
1999-12-01,19.131,19.366,19.052,19.328,552553,0
1999-12-02,19.366,19.519,19.166,19.166,488157,0
1999-12-03,19.131,19.366,19.094,19.166,547047,0
1999-12-06,19.166,19.407,19.166,19.366,675970,0
1999-12-07,19.366,19.597,19.366,19.482,902343,0
1999-12-08,19.482,19.597,19.407,19.482,705871,0
1999-12-09,19.519,19.672,19.482,19.632,545341,0
1999-12-10,19.672,19.672,19.519,19.519,706925,0
1999-12-13,19.519,19.556,19.209,19.42,1082415,0
1999-12-14,19.291,19.407,19.291,19.366,688038,0
1999-12-15,19.366,19.556,19.291,19.366,676494,0
1999-12-16,19.366,19.482,19.291,19.407,420218,0
1999-12-17,19.407,19.632,19.407,19.441,712170,0
1999-12-20,19.441,19.519,19.407,19.407,577736,0
1999-12-21,19.407,20.054,19.407,19.9,829288,0
1999-12-22,19.747,19.861,19.672,19.861,345461,0
1999-12-23,19.861,20.016,19.861,20.016,325391,0
1999-12-27,19.939,20.09,19.939,20.016,378905,0
1999-12-28,20.054,20.09,19.977,19.977,325659,0
1999-12-29,20.09,20.09,19.672,19.672,393989,0
1999-12-30,19.825,20.167,19.71,20.016,612757,0
1999-12-31,19.9,20.09,19.71,19.747,129451,0
2000-01-03,19.672,19.672,19.131,19.328,520553,0
2000-01-04,19.291,19.632,19.291,19.556,426908,0
2000-01-05,19.556,20.364,19.556,20.29,514388,0
2000-01-06,20.128,20.709,20.128,20.405,567897,0
2000-01-07,20.52,20.747,20.326,20.67,328540,0
2000-01-10,20.67,20.783,20.556,20.594,403561,0
2000-01-11,20.594,20.709,20.594,20.67,292472,0
2000-01-12,20.634,20.862,20.594,20.823,331164,0
2000-01-13,20.823,20.898,20.67,20.783,291689,0
2000-01-14,20.823,20.823,20.594,20.783,694988,0
2000-01-18,20.709,20.747,20.29,20.29,477139,0
2000-01-19,20.29,20.67,20.29,20.556,282640,0
2000-01-20,20.52,20.52,20.326,20.326,365656,0
2000-01-21,20.48,20.898,20.405,20.898,452485,0
2000-01-24,20.898,21.169,20.823,20.823,1122023,0
2000-01-25,20.823,20.976,20.054,20.205,1264855,0
2000-01-26,20.364,20.709,20.205,20.709,666921,0
2000-01-27,20.709,20.976,20.48,20.634,1211733,0
2000-01-28,20.634,20.67,20.205,20.29,468614,0
2000-01-31,20.405,20.634,20.29,20.594,275291,0
2000-02-01,20.594,20.747,20.326,20.709,417334,0
2000-02-02,20.67,20.937,20.634,20.67,1003723,0
2000-02-03,20.709,21.403,20.709,21.364,703249,0
2000-02-04,21.478,21.478,20.823,20.937,1450830,0
2000-02-07,20.898,20.898,20.634,20.709,2676207,0
2000-02-08,20.731,20.97,20.692,20.846,605142,0
2000-02-09,20.807,20.807,20.344,20.381,403300,0
2000-02-10,20.381,20.381,19.679,19.794,523308,0
2000-02-11,19.794,19.991,19.597,19.908,445139,0
2000-02-14,19.908,20.22,19.833,19.87,416549,0
2000-02-15,19.87,19.908,19.597,19.597,307687,0
2000-02-16,19.482,19.597,19.209,19.209,482516,0
2000-02-17,19.243,19.243,18.971,19.047,376543,0
2000-02-18,18.857,18.894,18.659,18.733,669545,0
2000-02-22,18.781,19.131,18.733,19.047,538519,0
2000-02-23,19.008,19.008,18.543,18.781,467431,0
2000-02-24,18.619,18.659,17.757,18.111,856436,0
2000-02-25,18.068,18.068,17.523,17.643,1046877,0
2000-02-28,17.757,18.231,17.606,17.996,440288,0
2000-02-29,17.996,17.996,17.558,17.606,479500,0
2000-03-01,17.606,17.643,17.209,17.246,425203,0
2000-03-02,17.246,17.409,17.246,17.246,597931,0
2000-03-03,17.246,17.409,16.934,17.094,780370,0
2000-03-06,17.094,17.094,16.234,16.389,506388,0
2000-03-07,16.705,17.483,16.621,16.897,1086222,0
2000-03-08,16.743,16.858,16.662,16.743,579835,0
2000-03-09,16.781,16.897,16.505,16.662,564227,0
2000-03-10,16.705,16.743,16.271,16.308,901166,0
2000-03-13,16.662,17.757,16.349,16.584,728692,0
2000-03-14,16.584,16.858,16.389,16.818,601212,0
2000-03-15,16.98,18.231,16.897,17.996,976970,0
2000-03-16,18.147,19.482,18.068,19.358,1190882,0
2000-03-17,19.358,19.407,19.008,19.008,1066679,0
2000-03-20,19.047,19.047,18.693,18.818,384807,0
2000-03-21,18.894,19.008,18.543,18.659,776170,0
2000-03-22,18.733,18.733,17.834,18.268,493008,0
2000-03-23,18.268,18.781,18.268,18.459,446580,0
2000-03-24,18.307,18.818,18.231,18.733,338115,0
2000-03-27,18.733,19.047,18.659,18.781,551505,0
2000-03-28,18.857,18.971,18.344,18.344,315819,0
2000-03-29,18.421,18.931,18.383,18.693,468745,0
2000-03-30,18.733,18.971,18.693,18.733,644753,0
2000-03-31,18.582,18.659,18.307,18.659,414183,0
2000-04-03,18.659,18.894,18.459,18.659,578391,0
2000-04-04,18.781,19.441,18.619,19.282,736823,0
2000-04-05,19.407,20.22,19.321,19.794,691182,0
2000-04-06,19.794,19.908,18.931,19.131,459304,0
2000-04-07,19.131,19.282,18.931,19.094,591377,0
2000-04-10,19.131,19.597,19.094,19.407,599767,0
2000-04-11,19.482,19.947,19.407,19.794,686201,0
2000-04-12,20.106,20.655,20.031,20.458,967266,0
2000-04-13,20.458,21.242,20.417,21.202,734332,0
2000-04-14,21.202,21.516,20.655,20.807,1177768,0
2000-04-17,20.807,21.242,20.22,21.16,962672,0
2000-04-18,21.083,21.282,20.846,21.202,1132519,0
2000-04-19,20.929,21.16,20.578,21.083,443827,0
2000-04-20,20.97,21.16,20.929,21.16,342706,0
2000-04-24,21.16,21.982,21.16,21.908,552816,0
2000-04-25,21.908,22.691,21.793,22.607,482647,0
2000-04-26,22.607,23.666,22.607,23.628,937881,0
2000-04-27,23.628,24.095,23.544,23.858,1396663,0
2000-04-28,23.743,23.781,22.842,22.92,705483,0
2000-05-01,23.392,23.392,22.842,22.842,519501,0
2000-05-02,22.728,22.957,22.057,22.255,683314,0
2000-05-03,21.942,22.021,21.395,21.668,980641,0
2000-05-04,21.793,22.454,21.282,22.141,768170,0
2000-05-05,22.141,22.18,21.433,21.668,2561710,0
2000-05-08,21.652,22.806,21.652,22.41,664299,0
2000-05-09,22.41,22.446,22.247,22.37,429136,0
2000-05-10,22.294,23.048,22.294,23.048,1014611,0
2000-05-11,22.965,23.163,22.806,23.126,590719,0
2000-05-12,23.21,23.21,22.691,22.965,505208,0
2000-05-15,23.012,23.445,22.806,23.286,483169,0
2000-05-16,23.126,23.126,22.37,23.086,366969,0
2000-05-17,22.768,22.768,22.211,22.331,506650,0
2000-05-18,22.331,23.163,22.331,22.89,439105,0
2000-05-19,22.691,23.048,22.607,22.965,490387,0
2000-05-22,22.965,23.728,22.965,23.286,328148,0
2000-05-23,23.445,23.445,22.446,22.607,1066156,0
2000-05-24,22.89,23.445,22.691,22.768,714138,0
2000-05-25,22.768,22.806,22.294,22.531,671378,0
2000-05-26,22.607,22.85,22.531,22.691,501669,0
2000-05-30,22.806,22.806,22.098,22.446,324606,0
2000-05-31,22.446,22.768,22.446,22.653,422450,0
2000-06-01,22.768,22.768,22.134,22.653,497075,0
2000-06-02,22.653,22.653,22.014,22.048,1016186,0
2000-06-05,22.048,22.098,21.333,21.333,537866,0
2000-06-06,21.739,21.934,21.576,21.775,1066156,0
2000-06-07,21.816,22.048,21.816,21.891,449074,0
2000-06-08,22.014,22.014,21.379,21.692,496155,0
2000-06-09,21.891,22.211,21.816,22.048,481073,0
2000-06-12,22.446,22.691,22.294,22.531,618656,0
2000-06-13,22.446,22.89,22.41,22.531,476748,0
2000-06-14,22.446,22.494,21.775,21.816,460088,0
2000-06-15,21.739,22.41,21.739,22.294,748497,0
2000-06-16,21.739,22.331,21.739,22.211,1100911,0
2000-06-19,22.172,22.172,21.418,21.617,800959,0
2000-06-20,21.652,21.652,20.976,21.333,1106680,0
2000-06-21,21.295,21.533,21.134,21.218,682791,0
2000-06-22,21.175,21.175,20.381,20.816,1704483,0
2000-06-23,20.74,20.976,20.381,20.502,1365840,0
2000-06-26,20.502,20.7,20.22,20.663,1236524,0
2000-06-27,20.417,20.502,19.702,19.739,1466568,0
2000-06-28,19.426,20.304,19.107,20.205,1822783,0
2000-06-29,19.947,20.417,19.589,19.589,745351,0
2000-06-30,19.541,20.22,18.749,18.872,2022664,0
2000-07-03,19.107,19.589,19.068,19.589,585343,0
2000-07-05,19.184,20.097,19.184,19.505,779583,0
2000-07-06,19.589,19.861,19.426,19.589,887783,0
2000-07-07,19.625,19.947,19.625,19.825,656823,0
2000-07-10,19.861,20.539,19.861,20.458,905621,0
2000-07-11,20.417,20.898,20.304,20.898,1336591,0
2000-07-12,21.061,21.061,20.663,20.862,1623689,0
2000-07-13,20.7,21.061,20.618,20.976,925686,0
2000-07-14,21.02,21.218,20.417,20.578,1172913,0
2000-07-17,20.417,21.096,20.417,21.061,894213,0
2000-07-18,21.096,21.333,20.937,21.175,659706,0
2000-07-19,21.175,21.455,21.096,21.333,722268,0
2000-07-20,21.333,21.652,21.175,21.533,1155338,0
2000-07-21,21.533,21.652,21.134,21.134,403693,0
2000-07-24,21.175,21.533,20.898,21.493,883981,0
2000-07-25,21.493,21.973,21.218,21.455,598719,0
2000-07-26,21.295,21.379,20.7,20.791,1149045,0
2000-07-27,20.976,21.493,20.937,21.096,931985,0
2000-07-28,21.134,21.652,20.816,21.061,1006743,0
2000-07-31,20.862,21.333,20.816,20.898,1237311,0
2000-08-01,20.898,21.775,20.898,21.739,1268396,0
2000-08-02,21.891,22.134,21.775,21.973,992185,0
2000-08-03,22.134,22.494,21.891,21.982,971590,0
2000-08-04,21.934,22.247,21.418,22.211,1048844,0
2000-08-07,22.172,22.34,21.891,22.331,3852004,0
2000-08-08,23.005,23.21,22.44,22.92,1104059,0
2000-08-09,22.76,22.797,22.478,22.707,1294889,0
2000-08-10,22.722,22.76,22.478,22.728,405658,0
2000-08-11,22.76,22.92,22.637,22.89,1011858,0
2000-08-14,22.882,23.005,22.559,22.682,461008,0
2000-08-15,22.682,23.163,22.682,22.882,823257,0
2000-08-16,22.92,23.086,22.797,22.934,328018,0
2000-08-17,23.247,23.37,23.086,23.286,1000316,0
2000-08-18,23.286,23.445,23.163,23.286,722268,0
2000-08-21,23.163,23.21,22.92,23.126,1003461,0
2000-08-22,23.126,23.286,23.005,23.21,471633,0
2000-08-23,23.086,23.286,22.965,23.247,809356,0
2000-08-24,23.247,23.247,22.76,22.797,380741,0
2000-08-25,22.797,23.005,22.722,22.76,721743,0
2000-08-28,22.682,23.005,22.637,22.76,731707,0
2000-08-29,22.637,22.682,22.355,22.355,654462,0
2000-08-30,22.316,22.682,22.233,22.44,654590,0
2000-08-31,22.559,22.965,22.516,22.768,1076646,0
2000-09-01,22.92,23.04,22.797,22.813,628624,0
2000-09-05,22.842,23.69,22.842,23.493,1669596,0
2000-09-06,23.895,24.544,23.858,24.3,1973219,0
2000-09-07,24.618,24.618,24.139,24.422,1018808,0
2000-09-08,24.582,25.206,24.459,25.206,1159536,0
2000-09-11,25.189,25.915,25.189,25.481,1530175,0
2000-09-12,25.511,25.595,24.667,25.069,1262757,0
2000-09-13,24.909,25.107,24.383,24.459,1553523,0
2000-09-14,24.459,24.459,23.69,24.139,1200586,0
2000-09-15,24.218,24.864,24.177,24.802,1978987,0
2000-09-18,24.618,24.667,24.218,24.416,993889,0
2000-09-19,24.864,24.909,23.568,23.568,1888883,0
2000-09-20,23.568,23.69,22.92,23.086,1155864,0
2000-09-21,23.086,23.493,22.682,22.797,1012512,0
2000-09-22,22.797,23.493,22.76,23.005,807519,0
2000-09-25,23.21,23.324,22.797,23.005,1034283,0
2000-09-26,23.005,23.69,23.005,23.613,1580936,0
2000-09-27,23.406,23.934,23.126,23.904,885555,0
2000-09-28,24.218,25.794,24.056,25.559,3503396,0
2000-09-29,25.27,25.84,25.27,25.359,1558248,0
2000-10-02,25.353,25.436,24.667,25.313,1226295,0
2000-10-03,25.155,25.879,24.947,24.985,1274560,0
2000-10-04,24.985,25.189,23.737,24.618,2164181,0
2000-10-05,24.582,25.033,23.568,23.651,1393122,0
2000-10-06,23.895,24.177,23.651,23.772,894472,0
2000-10-09,23.858,24.139,23.445,23.651,558062,0
2000-10-10,23.651,24.582,23.651,24.139,1260789,0
2000-10-11,24.139,24.582,24.019,24.582,1746848,0
2000-10-12,24.422,25.232,24.218,24.704,1427354,0
2000-10-13,24.741,25.155,24.741,25.155,1152850,0
2000-10-16,24.985,25.756,24.985,25.474,1409514,0
2000-10-17,25.474,25.756,25.27,25.388,681215,0
2000-10-18,25.27,25.511,24.459,24.788,1047133,0
2000-10-19,24.383,24.909,24.139,24.582,653938,0
2000-10-20,24.383,24.824,24.218,24.422,878868,0
2000-10-23,24.618,25.27,24.544,24.741,921097,0
2000-10-24,25.189,25.27,24.383,24.741,866669,0
2000-10-25,24.864,25.27,24.459,24.909,996383,0
2000-10-26,24.741,24.985,24.459,24.864,1266169,0
2000-10-27,24.741,25.879,24.618,25.879,1928361,0
2000-10-30,25.879,27.456,25.794,27.09,2346873,0
2000-10-31,26.932,27.053,26.49,26.891,915982,0
2000-11-01,26.809,27.42,26.686,27.42,1267215,0
2000-11-02,27.42,27.42,26.974,27.09,915200,0
2000-11-03,26.891,27.053,26.645,26.809,547964,0
2000-11-06,26.645,27.174,26.612,26.809,1153897,0
2000-11-07,26.733,26.891,26.122,26.525,3487923,0
2000-11-08,26.513,26.876,26.473,26.719,2930907,0
2000-11-09,26.719,27.129,26.678,27.129,1149962,0
2000-11-10,27.129,27.748,27.005,27.618,1570574,0
2000-11-13,27.618,28.44,27.371,27.577,1705795,0
2000-11-14,27.166,27.288,26.719,26.84,938540,0
2000-11-15,27.005,27.371,26.84,27.249,1324792,0
2000-11-16,27.166,27.905,27.166,27.785,1097106,0
2000-11-17,27.785,28.318,27.618,28.28,821027,0
2000-11-20,28.44,28.85,28.28,28.403,1107728,0
2000-11-21,28.197,28.85,28.027,28.813,1757863,0
2000-11-22,28.644,29.102,28.524,28.692,1379874,0
2000-11-24,28.524,28.524,28.197,28.197,342444,0
2000-11-27,28.233,28.44,27.954,28.364,1410698,0
2000-11-28,28.364,29.057,28.197,28.897,2681713,0
2000-11-29,28.936,29.964,28.936,29.964,1367153,0
2000-11-30,30.126,30.415,30.003,30.247,2673322,0
2000-12-01,30.049,30.169,29.589,29.918,2159195,0
2000-12-04,29.676,30.743,29.676,30.501,2140571,0
2000-12-05,30.501,30.534,30.003,30.501,2550036,0
2000-12-06,30.501,30.865,29.796,29.964,2944546,0
2000-12-07,30.049,30.209,29.469,29.637,1922201,0
2000-12-08,29.589,29.844,28.85,29.713,1441910,0
2000-12-11,29.796,29.796,28.974,29.431,1363350,0
2000-12-12,29.431,29.844,29.385,29.761,1260001,0
2000-12-13,29.796,30.169,29.637,29.796,1456341,0
2000-12-14,29.713,29.881,28.813,28.897,1872096,0
2000-12-15,28.318,29.143,28.318,28.767,2151589,0
2000-12-18,28.767,29.102,28.767,28.897,994939,0
2000-12-19,29.057,29.431,28.936,29.385,1365582,0
2000-12-20,29.431,31.068,29.264,30.743,2881724,0
2000-12-21,30.743,30.743,30.126,30.501,1025365,0
2000-12-22,30.209,30.787,29.844,30.657,598062,0
2000-12-26,31.24,32.183,30.994,31.566,894472,0
2000-12-27,31.602,32.062,31.359,31.528,708496,0
2000-12-28,31.24,31.397,30.743,30.948,728822,0
2000-12-29,30.865,31.068,30.501,30.584,1066808,0
2001-01-02,30.33,30.33,29.761,29.964,1570049,0
2001-01-03,29.964,30.657,28.609,28.767,1919969,0
2001-01-04,28.28,28.318,26.632,27.335,2489309,0
2001-01-05,27.288,27.905,26.801,26.84,1953545,0
2001-01-08,26.84,27.335,26.513,27.288,1655430,0
2001-01-09,27.288,27.785,27.046,27.785,1124257,0
2001-01-10,27.7,28.109,27.211,27.371,1825276,0
2001-01-11,27.456,27.456,25.808,26.182,2037487,0
2001-01-12,26.06,26.632,25.855,26.632,1970072,0
2001-01-16,26.719,26.801,25.932,26.753,2922515,0
2001-01-17,26.753,27.249,26.391,26.753,1671953,0
2001-01-18,26.596,27.166,26.596,27.082,1683627,0
2001-01-19,26.876,27.661,26.343,27.129,1671825,0
2001-01-22,27.335,27.954,27.082,27.371,935919,0
2001-01-23,27.785,28.157,27.661,27.7,620094,0
2001-01-24,27.785,28.561,27.785,28.364,1067336,0
2001-01-25,29.019,29.057,28.609,28.644,1080055,0
2001-01-26,28.731,28.974,28.197,28.524,1525193,0
2001-01-29,28.518,29.431,28.518,28.844,741024,0
2001-01-30,28.897,29.05,28.576,28.89,980248,0
2001-01-31,28.89,28.89,28.28,28.44,1795239,0
2001-02-01,28.44,28.57,28.09,28.288,1402170,0
2001-02-02,28.31,28.807,28.296,28.477,622326,0
2001-02-05,28.609,29.057,28.609,28.936,775777,0
2001-02-06,28.936,29.333,28.928,29.271,3195053,0
2001-02-07,29.827,30.042,29.461,29.575,1016186,0
2001-02-08,29.696,30.186,29.596,30.134,942740,0
2001-02-09,30.401,30.873,30.232,30.743,1389582,0
2001-02-12,30.833,30.978,29.994,30.346,1030479,0
2001-02-13,30.346,30.795,29.873,30.323,906933,0
2001-02-14,30.323,31.184,29.935,30.209,889094,0
2001-02-15,30.163,30.293,29.897,30.24,722920,0
2001-02-16,30.528,30.994,30.528,30.849,1186684,0
2001-02-20,30.665,31.431,30.649,31.316,835585,0
2001-02-21,31.316,31.962,31.217,31.298,897355,0
2001-02-22,31.495,31.948,31.365,31.659,1086351,0
2001-02-23,31.732,31.948,30.682,31.466,1262492,0
2001-02-26,31.474,32.062,31.233,31.521,1160715,0
2001-02-27,31.333,31.796,31.333,31.65,855520,0
2001-02-28,32,32.039,31.365,31.689,1018939,0
2001-03-01,31.732,31.992,31.528,31.695,854076,0
2001-03-02,31.695,31.962,31.076,31.444,1766517,0
2001-03-05,31.444,31.566,31.251,31.374,823914,0
2001-03-06,31.833,31.833,31.167,31.452,1007136,0
2001-03-07,31.133,31.659,31.068,31.488,1232326,0
2001-03-08,30.726,31.423,30.726,31.192,1590116,0
2001-03-09,31.192,31.233,30.726,31.094,1450441,0
2001-03-12,31.033,31.431,30.948,30.971,1186684,0
2001-03-13,30.833,30.865,30.46,30.476,948245,0
2001-03-14,30.163,30.217,29.596,29.72,973163,0
2001-03-15,29.761,30.163,29.728,30.086,920967,0
2001-03-16,30.003,30.262,29.629,29.796,1254490,0
2001-03-19,29.796,29.897,29.292,29.449,784564,0
2001-03-20,29.669,30.148,29.385,29.769,1305379,0
2001-03-21,29.431,29.98,29.173,29.271,2183589,0
2001-03-22,29.271,29.399,27.633,27.998,1497259,0
2001-03-23,28.197,28.667,28.067,28.503,1420794,0
2001-03-26,29.134,29.596,28.997,29.482,903390,0
2001-03-27,29.498,30.126,29.498,29.881,1130159,0
2001-03-28,29.881,30.301,29.531,30.094,1104712,0
2001-03-29,30.094,30.501,29.431,30.501,1189179,0
2001-03-30,30.665,31.351,30.665,31.333,1355745,0
2001-04-02,31.333,31.826,31.298,31.732,1175404,0
2001-04-03,31.574,32.267,31.245,32.008,2069746,0
2001-04-04,31.695,32.131,31.528,31.732,1563754,0
2001-04-05,31.681,31.724,31.259,31.689,1210951,0
2001-04-06,31.894,31.955,30.665,31.559,1939118,0
2001-04-09,31.626,32.665,31.626,32.404,1590639,0
2001-04-10,32.412,33.001,32.297,32.39,1675626,0
2001-04-11,32.062,32.428,31.894,32.139,1122681,0
2001-04-12,32,32.328,31.65,31.992,1123203,0
2001-04-16,32.131,32.481,31.91,32.428,994153,0
2001-04-17,32.396,33.189,32.267,33.128,863518,0
2001-04-18,33.296,33.327,32.665,33.302,2530231,0
2001-04-19,33.008,33.309,32.596,32.672,1081106,0
2001-04-20,32.672,33.098,32.076,32.626,916900,0
2001-04-23,32.929,33.268,32.565,33.168,860241,0
2001-04-24,33.318,33.488,32.328,32.961,1411878,0
2001-04-25,32.953,33.061,32.596,32.862,987199,0
2001-04-26,32.961,33.593,32.862,32.946,948638,0
2001-04-27,33.098,33.327,32.565,33.327,774728,0
2001-04-30,33.296,33.327,32.732,32.894,952313,0
2001-05-01,32.862,33.098,32.831,32.953,864306,0
2001-05-02,32.665,32.764,31.984,32,1257116,0
2001-05-03,32,32.131,31.397,31.626,1419221,0
2001-05-04,31.466,32.367,31.466,32.359,1274165,0
2001-05-07,32.062,32.428,32.062,32.267,1382500,0
2001-05-08,32.465,32.465,31.902,31.955,1874723,0
2001-05-09,31.955,32.23,31.765,31.976,1115334,0
2001-05-10,32.396,32.396,31.826,32.162,1029303,0
2001-05-11,32.672,32.672,32.267,32.518,778661,0
2001-05-14,32.74,32.976,32.665,32.817,914800,0
2001-05-15,32.909,32.909,32.404,32.542,585343,0
2001-05-16,32.801,33.35,32.23,33.35,1218425,0
2001-05-17,33.276,33.309,32.922,33.205,1237311,0
2001-05-18,33.176,33.579,33.091,33.579,1454635,0
2001-05-21,33.741,33.982,33.367,33.962,1163733,0
2001-05-22,34.061,34.288,33.749,33.749,1126486,0
2001-05-23,33.976,34.492,33.815,34.372,1245573,0
2001-05-24,34.385,34.563,34.151,34.5,1042417,0
2001-05-25,34.217,34.379,33.954,34.028,1219342,0
2001-05-29,33.954,33.954,33.416,33.676,945232,0
2001-05-30,33.741,34.174,33.496,33.618,1063271,0
2001-05-31,33.618,34.02,33.579,33.882,1250163,0
2001-06-01,34.02,34.02,33.076,33.076,1368992,0
2001-06-04,33.276,33.549,32.937,33.152,850141,0
2001-06-05,33.309,33.374,32.862,33.152,1384990,0
2001-06-06,33.152,33.184,32.267,32.328,1261178,0
2001-06-07,32.504,32.603,32.031,32.196,1449388,0
2001-06-08,32.062,32.74,32.062,32.579,716499,0
2001-06-11,32.838,33.091,32.678,32.831,1398892,0
2001-06-12,32.672,33.008,32.412,32.732,916248,0
2001-06-13,32.74,32.909,31.848,31.864,1111009,0
2001-06-14,31.864,31.864,30.902,30.964,1132519,0
2001-06-15,31.217,31.976,31.068,31.634,1904098,0
2001-06-18,32.062,32.297,31.626,31.659,709414,0
2001-06-19,31.796,32.031,31.618,31.976,728171,0
2001-06-20,32.031,32.436,31.251,31.732,977754,0
2001-06-21,31.732,31.826,30.507,30.72,1523752,0
2001-06-22,30.812,31.217,30.575,31.055,842274,0
2001-06-25,31.14,31.381,30.712,30.781,725676,0
2001-06-26,30.644,31.251,30.444,31.039,998869,0
2001-06-27,31.017,31.444,30.964,31.259,2040109,0
2001-06-28,31.589,31.856,31.117,31.167,789157,0
2001-06-29,31.251,31.282,30.919,31.159,1366891,0
2001-07-02,31.159,31.796,31.085,31.673,1571887,0
2001-07-03,31.711,31.711,31.217,31.438,564490,0
2001-07-05,31.559,31.717,31.324,31.711,1207803,0
2001-07-06,31.796,31.992,31.618,31.787,751646,0
2001-07-09,32.031,32.565,31.796,32.565,1067726,0
2001-07-10,32.436,32.771,32.404,32.665,931329,0
2001-07-11,32.74,32.801,32.116,32.237,1131732,0
2001-07-12,32.162,32.162,31.642,31.969,693544,0
2001-07-13,31.992,32.245,31.695,31.962,738266,0
2001-07-16,31.984,32.633,31.856,32.314,1005168,0
2001-07-17,32.314,32.396,31.87,32.069,767648,0
2001-07-18,32.062,32.481,31.724,32.008,589276,0
2001-07-19,32.396,32.396,31.826,32.069,909291,0
2001-07-20,32.367,32.367,31.017,31.251,922805,0
2001-07-23,31.351,31.365,29.225,29.299,1932953,0
2001-07-24,29.292,29.292,28.083,28.417,2014006,0
2001-07-25,28.411,28.957,28.012,28.737,4321538,0
2001-07-26,29.011,29.324,28.731,29.186,3034258,0
2001-07-27,29.531,29.835,28.743,29.835,1383681,0
2001-07-30,29.835,30.301,29.15,30.169,1436145,0
2001-07-31,30.034,30.501,29.605,30.377,2113817,0
2001-08-01,30.377,30.542,29.942,30.401,754005,0
2001-08-02,30.849,31.133,30.415,31.017,928704,0
2001-08-03,31.017,31.316,30.507,31.251,771318,0
2001-08-06,30.833,30.833,30.148,30.315,985625,0
2001-08-07,30.308,30.879,30.209,30.743,4802090,0
2001-08-08,30.734,30.812,30.177,30.269,1621988,0
2001-08-09,30.338,30.849,30.134,30.705,598719,0
2001-08-10,30.575,31.002,30.368,30.94,594654,0
2001-08-13,30.781,30.986,30.521,30.542,431632,0
2001-08-14,30.606,30.812,30.338,30.534,706793,0
2001-08-15,30.368,30.627,29.958,30.209,632556,0
2001-08-16,30.134,31.125,30.026,30.986,813154,0
2001-08-17,30.849,31.055,30.575,30.787,637021,0
2001-08-20,30.787,31.046,30.787,31.033,329724,0
2001-08-21,30.674,31.333,30.674,30.795,599767,0
2001-08-22,30.879,30.971,30.606,30.614,1287674,0
2001-08-23,30.682,31.133,30.621,31.017,761877,0
2001-08-24,31.017,31.359,30.819,31.076,515832,0
2001-08-27,31.085,31.438,31.076,31.365,637411,0
2001-08-28,31.535,31.992,31.438,31.796,1456341,0
2001-08-29,31.826,31.886,31.528,31.81,1409514,0
2001-08-30,31.802,32.076,31.359,31.381,901687,0
2001-08-31,31.389,31.618,31.282,31.307,998478,0
2001-09-04,31.359,31.976,31.307,31.802,842145,0
2001-09-05,31.802,31.969,31.689,31.864,1505915,0
2001-09-06,31.802,32.245,31.772,32.116,1038611,0
2001-09-07,32.008,32.282,31.91,32.222,982085,0
2001-09-10,32.282,32.282,31.704,31.924,1063400,0
2001-09-17,33.176,33.176,31.466,31.504,1147864,0
2001-09-18,31.504,32.557,31.153,32.489,1173835,0
2001-09-19,32.764,33.448,31.495,31.976,1306953,0
2001-09-20,31.495,32.42,31.474,32.175,1069432,0
2001-09-21,32.055,32.489,30.948,31.192,1964039,0
2001-09-24,31.226,31.291,30.534,30.674,1163340,0
2001-09-25,31.125,31.125,29.994,30.262,1451094,0
2001-09-26,29.927,30.209,29.064,30.163,1193900,0
2001-09-27,30.063,30.077,29.406,29.994,1421714,0
2001-09-28,29.994,29.994,29.271,29.57,2331794,0
2001-10-01,29.478,30.034,29.209,29.987,1962199,0
2001-10-02,30.063,30.927,30.003,30.858,1113895,0
2001-10-03,30.948,31.359,30.849,31.298,1043464,0
2001-10-04,31.535,31.802,30.781,31.634,862077,0
2001-10-05,31.634,32.116,31.431,31.976,1110746,0
2001-10-08,31.634,31.681,31.282,31.374,1413449,0
2001-10-09,31.397,31.397,30.534,30.674,1585920,0
2001-10-10,30.507,30.507,30.094,30.354,1168717,0
2001-10-11,30.201,30.501,30.026,30.141,1177636,0
2001-10-12,30.094,30.301,29.753,30.148,1209897,0
2001-10-15,30.201,30.232,29.859,30.071,690790,0
2001-10-16,30.134,30.507,30.094,30.408,616032,0
2001-10-17,30.444,30.781,30.338,30.42,632035,0
2001-10-18,30.558,30.558,29.546,29.582,733811,0
2001-10-19,29.589,30.33,29.406,30.224,926606,0
2001-10-22,30.201,30.232,29.546,29.95,661540,0
2001-10-23,29.811,29.819,29.194,29.505,1378566,0
2001-10-24,29.539,29.796,28.844,29.134,1856096,0
2001-10-25,28.906,29.888,28.897,29.704,1256459,0
2001-10-26,29.676,29.676,28.897,29.292,1522304,0
2001-10-29,29.406,29.406,29.003,29.307,1250558,0
2001-10-30,29.378,29.378,28.624,28.89,1564017,0
2001-10-31,28.936,29.019,28.609,28.661,1253837,0
2001-11-01,28.865,29.072,28.455,29.057,1589591,0
2001-11-02,28.936,28.95,28.417,28.928,1178156,0
2001-11-05,29.072,29.935,29.057,29.935,1436536,0
2001-11-06,30.094,30.255,29.655,30.134,4253732,0
2001-11-07,30.542,30.542,30.163,30.338,6049760,0
2001-11-08,30.338,30.986,30.232,30.826,1148520,0
2001-11-09,30.72,31.094,30.42,30.885,865487,0
2001-11-12,30.787,30.819,30.338,30.614,871655,0
2001-11-13,30.994,30.994,30.42,30.841,1022350,0
2001-11-14,30.826,30.826,30.134,30.169,1254231,0
2001-11-15,30.323,30.392,29.143,29.781,1910656,0
2001-11-16,29.819,29.873,29.655,29.819,1659889,0
2001-11-19,29.713,29.775,28.95,29.095,1402695,0
2001-11-20,29.072,29.736,29.072,29.669,1356006,0
2001-11-21,29.563,29.563,28.882,29.217,974741,0
2001-11-23,29.125,29.423,28.989,29.391,327097,0
2001-11-26,29.469,29.469,29.143,29.271,873750,0
2001-11-27,29.505,29.629,29.035,29.449,1272985,0
2001-11-28,29.449,29.449,28.012,28.044,2728800,0
2001-11-29,28.15,28.296,27.534,28.143,3713638,0
2001-11-30,28.609,28.989,28.332,28.609,2283396,0
2001-12-03,28.707,29.05,28.448,28.775,1723105,0
2001-12-04,28.707,29.217,28.463,29.134,989165,0
2001-12-05,29.539,29.676,29.348,29.423,2265298,0
2001-12-06,29.357,29.357,28.844,28.844,1065238,0
2001-12-07,29.125,30.514,29.057,29.72,1372531,0
2001-12-10,29.72,29.72,29.157,29.225,1213439,0
2001-12-11,29.264,29.348,28.737,28.922,1434306,0
2001-12-12,28.913,28.913,28.225,28.813,2479081,0
2001-12-13,28.882,29.371,28.743,29.011,1409125,0
2001-12-14,28.609,29.125,28.432,28.775,1004120,0
2001-12-17,28.782,29.028,28.503,28.807,1131991,0
2001-12-18,28.799,29.233,28.518,29.233,1372010,0
2001-12-19,28.53,30.141,28.394,30.11,2644731,0
2001-12-20,29.888,29.971,29.125,29.522,3466806,0
2001-12-21,29.539,29.596,28.989,29.307,2346484,0
2001-12-24,29.399,29.897,29.391,29.819,555832,0
2001-12-26,29.819,30.126,29.819,29.888,983267,0
2001-12-27,29.827,30.034,29.781,29.964,1188389,0
2001-12-28,30.094,30.141,29.681,30.011,887652,0
2001-12-31,30.055,30.415,29.964,30.186,1364662,0
