Date,Open,High,Low,Close,Volume,OpenInt
1995-01-03,15.808,16.032,15.634,16.032,814036,0
1995-01-04,15.982,16.075,15.982,16.075,708138,0
1995-01-05,16.075,16.166,16.075,16.123,541488,0
1995-01-06,16.123,16.206,16.075,16.123,599361,0
1995-01-09,16.123,16.123,16.032,16.032,237967,0
1995-01-10,16.075,16.166,16.032,16.123,418542,0
1995-01-11,16.075,16.166,16.075,16.123,313125,0
1995-01-12,16.075,16.206,16.032,16.123,342663,0
1995-01-13,16.123,16.123,15.982,16.032,434149,0
1995-01-16,16.032,16.3,15.982,16.3,526120,0
1995-01-17,16.392,16.657,16.392,16.607,396449,0
1995-01-18,16.607,16.607,16.475,16.525,377002,0
1995-01-19,16.206,16.657,16.166,16.607,554696,0
1995-01-20,16.699,16.699,16.392,16.392,1046957,0
1995-01-23,16.3,16.3,16.032,16.075,855336,0
1995-01-24,16.123,16.26,16.123,16.166,420949,0
1995-01-25,16.123,16.3,16.123,16.166,225961,0
1995-01-26,16.166,16.206,16.123,16.166,160888,0
1995-01-27,16.26,16.3,16.123,16.206,256217,0
1995-01-30,16.166,16.166,15.899,15.942,284074,0
1995-01-31,15.808,15.942,15.767,15.899,1401147,0
1995-02-01,15.899,15.942,15.808,15.899,583512,0
1995-02-02,15.899,15.982,15.767,15.899,503066,0
1995-02-03,15.899,16.341,15.899,16.3,1399466,0
1995-02-06,16.3,16.475,16.3,16.341,720387,0
1995-02-07,16.434,16.699,16.434,16.699,784738,0
1995-02-08,16.657,16.923,16.434,16.434,792180,0
1995-02-09,16.525,16.74,16.525,16.566,351306,0
1995-02-10,16.525,16.791,16.525,16.699,387806,0
1995-02-13,16.791,16.791,16.699,16.699,168331,0
1995-02-14,16.74,16.74,16.657,16.74,173852,0
1995-02-15,16.699,16.874,16.699,16.832,261980,0
1995-02-16,16.874,16.874,16.699,16.791,362113,0
1995-02-17,16.832,17.058,16.791,16.965,503549,0
1995-02-21,16.832,17.098,16.832,17.098,426227,0
1995-02-22,17.141,17.283,17.098,17.191,633939,0
1995-02-23,17.234,17.326,17.191,17.326,504750,0
1995-02-24,17.283,17.364,17.283,17.364,330174,0
1995-02-27,17.364,17.5,17.364,17.364,290556,0
1995-02-28,17.364,17.548,17.364,17.548,472091,0
1995-03-01,17.5,17.633,17.364,17.364,374119,0
1995-03-02,17.326,17.456,17.326,17.416,230521,0
1995-03-03,17.364,17.416,17.141,17.141,258138,0
1995-03-06,17.098,17.191,17.009,17.141,336659,0
1995-03-07,17.234,17.326,16.74,16.74,675001,0
1995-03-08,16.832,16.923,16.791,16.923,589277,0
1995-03-09,16.923,17.009,16.923,16.965,225480,0
1995-03-10,17.058,17.283,17.009,17.283,371960,0
1995-03-13,17.283,17.456,17.283,17.416,302318,0
1995-03-14,17.456,17.857,17.456,17.59,1695783,0
1995-03-15,17.633,17.767,17.59,17.722,778737,0
1995-03-16,17.682,17.722,17.5,17.633,896636,0
1995-03-17,17.633,17.633,17.098,17.234,1043841,0
1995-03-20,17.283,17.416,17.234,17.364,470172,0
1995-03-21,17.326,17.722,17.283,17.682,747755,0
1995-03-22,17.59,17.59,17.283,17.364,472091,0
1995-03-23,17.416,17.416,17.326,17.364,304961,0
1995-03-24,17.416,17.59,17.364,17.456,703336,0
1995-03-27,17.59,17.767,17.59,17.722,551815,0
1995-03-28,17.722,17.815,17.633,17.815,506671,0
1995-03-29,17.767,17.898,17.722,17.815,867347,0
1995-03-30,17.857,18.349,17.815,18.349,860141,0
1995-03-31,18.349,18.706,18.083,18.665,1419396,0
1995-04-03,18.614,18.614,18.216,18.216,696370,0
1995-04-04,18.306,18.531,18.216,18.531,495385,0
1995-04-05,18.574,18.574,18.216,18.216,453607,0
1995-04-06,18.216,18.257,18.083,18.124,228843,0
1995-04-07,18.306,18.531,18.216,18.531,352507,0
1995-04-10,18.439,18.439,18.349,18.439,498748,0
1995-04-11,18.483,18.531,18.257,18.306,466813,0
1995-04-12,18.216,18.216,18.032,18.083,487943,0
1995-04-13,18.032,18.257,18.032,18.257,401014,0
1995-04-17,18.39,18.531,18.306,18.349,330414,0
1995-04-18,18.439,18.439,18.257,18.306,281913,0
1995-04-19,18.257,18.306,17.949,18.124,273507,0
1995-04-20,18.124,18.216,18.083,18.216,612086,0
1995-04-21,18.349,18.349,18.174,18.306,752079,0
1995-04-24,18.306,18.614,18.306,18.614,439674,0
1995-04-25,18.531,18.665,18.174,18.174,516755,0
1995-04-26,18.174,18.174,17.949,17.949,616409,0
1995-04-27,17.815,17.898,17.767,17.857,742958,0
1995-04-28,17.857,18.032,17.857,18.032,723749,0
1995-05-01,17.898,18.083,17.857,17.99,714623,0
1995-05-02,17.857,18.032,17.857,17.898,421430,0
1995-05-03,17.949,18.174,17.898,18.174,400292,0
1995-05-04,18.174,18.216,18.174,18.216,506909,0
1995-05-05,18.216,18.257,18.083,18.124,397651,0
1995-05-08,18.083,18.439,18.032,18.306,581350,0
1995-05-09,18.39,18.39,18.306,18.39,435590,0
1995-05-10,18.439,18.574,18.439,18.531,542931,0
1995-05-11,18.614,18.706,18.531,18.574,1094983,0
1995-05-12,18.614,18.614,18.257,18.257,765049,0
1995-05-15,18.306,18.665,18.257,18.665,674280,0
1995-05-16,18.614,19.422,18.614,19.422,1511607,0
1995-05-17,19.106,19.106,18.747,18.747,705735,0
1995-05-18,18.747,18.798,18.439,18.439,265582,0
1995-05-19,18.257,18.665,18.257,18.665,600560,0
1995-05-22,18.665,18.747,18.349,18.439,1249388,0
1995-05-23,18.614,18.841,18.531,18.841,815475,0
1995-05-24,18.841,18.841,18.483,18.574,339781,0
1995-05-25,18.531,18.531,18.306,18.483,271347,0
1995-05-26,18.439,18.531,18.216,18.257,194022,0
1995-05-30,18.531,18.798,18.349,18.798,393571,0
1995-05-31,18.665,19.024,18.665,19.024,557817,0
1995-06-01,18.931,19.024,18.798,18.882,315528,0
1995-06-02,18.798,19.063,18.706,19.024,739831,0
1995-06-05,18.974,19.106,18.974,19.063,492261,0
1995-06-06,19.024,19.063,18.931,19.063,441116,0
1995-06-07,18.974,18.974,18.798,18.882,141438,0
1995-06-08,18.931,18.974,18.798,18.841,259580,0
1995-06-09,18.798,18.882,18.614,18.841,238685,0
1995-06-12,18.882,19.159,18.882,19.106,419503,0
1995-06-13,19.198,19.24,19.063,19.106,771771,0
1995-06-14,19.106,19.106,18.841,18.882,764086,0
1995-06-15,18.931,19.291,18.931,19.159,455762,0
1995-06-16,19.24,19.467,19.24,19.332,1254186,0
1995-06-19,19.291,19.783,19.24,19.689,704535,0
1995-06-20,19.783,19.914,19.649,19.783,627217,0
1995-06-21,19.689,19.872,19.513,19.513,664194,0
1995-06-22,19.553,19.649,19.467,19.598,692049,0
1995-06-23,19.649,19.958,19.553,19.822,943705,0
1995-06-26,19.649,19.914,19.422,19.783,616651,0
1995-06-27,19.739,19.872,19.467,19.467,354668,0
1995-06-28,19.513,19.872,19.467,19.822,611126,0
1995-06-29,19.872,20.056,19.872,20.056,672121,0
1995-06-30,20.098,20.282,20.056,20.056,436070,0
1995-07-03,20.005,20.056,19.923,19.923,153442,0
1995-07-05,19.967,20.282,19.923,20.189,1076252,0
1995-07-06,20.375,20.864,20.321,20.73,1460459,0
1995-07-07,20.596,21.273,20.596,21.18,1510404,0
1995-07-10,21.18,21.448,21.18,21.312,1430204,0
1995-07-11,21.09,21.18,20.596,20.638,1289966,0
1995-07-12,20.73,20.997,20.638,20.955,847172,0
1995-07-13,20.906,20.906,20.681,20.822,367636,0
1995-07-14,20.822,20.822,20.413,20.454,490342,0
1995-07-17,20.548,20.681,20.375,20.681,376281,0
1995-07-18,20.596,20.596,20.375,20.413,280710,0
1995-07-19,20.282,21.048,20.056,20.233,850775,0
1995-07-20,20.233,20.282,19.967,19.967,435835,0
1995-07-21,19.967,20.282,19.967,20.098,771290,0
1995-07-24,20.189,20.189,20.005,20.005,210596,0
1995-07-25,19.967,20.282,19.967,20.146,243250,0
1995-07-26,20.233,20.596,20.056,20.056,876709,0
1995-07-27,20.098,20.454,20.098,20.375,464170,0
1995-07-28,20.282,20.413,20.282,20.321,167613,0
1995-07-31,20.282,20.321,20.146,20.146,310006,0
1995-08-01,20.098,20.189,19.967,20.005,298480,0
1995-08-02,20.098,20.189,19.783,19.783,354668,0
1995-08-03,19.697,19.83,19.553,19.83,819556,0
1995-08-04,19.872,20.056,19.872,19.967,332097,0
1995-08-07,19.923,20.098,19.872,20.098,319368,0
1995-08-08,20.098,20.146,19.923,20.005,801067,0
1995-08-09,19.967,19.967,19.063,19.106,2792691,0
1995-08-10,19.291,19.475,19.063,19.198,1007340,0
1995-08-11,19.198,19.198,18.931,19.024,701893,0
1995-08-14,19.106,19.106,18.747,18.882,499229,0
1995-08-15,18.841,18.974,18.524,18.524,1347119,0
1995-08-16,18.614,18.841,18.574,18.798,1045757,0
1995-08-17,18.841,18.974,18.747,18.974,835165,0
1995-08-18,19.063,19.475,19.063,19.38,1056804,0
1995-08-21,19.38,19.475,19.332,19.38,376522,0
1995-08-22,19.475,19.553,19.38,19.553,399576,0
1995-08-23,19.553,19.649,19.422,19.475,550615,0
1995-08-24,19.422,19.739,19.38,19.739,436070,0
1995-08-25,19.739,19.739,19.607,19.697,177692,0
1995-08-28,19.513,19.513,19.291,19.332,273268,0
1995-08-29,19.063,19.291,19.063,19.247,642582,0
1995-08-30,19.198,19.291,19.106,19.291,697092,0
1995-08-31,19.332,19.422,19.291,19.291,547734,0
1995-09-01,19.38,19.513,19.38,19.422,237967,0
1995-09-05,19.513,19.607,19.332,19.475,329934,0
1995-09-06,19.422,19.83,19.422,19.83,384446,0
1995-09-07,19.739,19.83,19.553,19.553,330897,0
1995-09-08,19.607,19.923,19.607,19.923,362593,0
1995-09-11,19.967,20.189,19.967,20.056,321289,0
1995-09-12,20.098,20.146,20.056,20.056,315288,0
1995-09-13,20.098,20.146,20.005,20.098,356112,0
1995-09-14,20.146,20.413,19.967,20.413,346986,0
1995-09-15,20.506,20.506,19.872,19.872,839010,0
1995-09-18,19.923,19.923,19.649,19.783,1001333,0
1995-09-19,19.739,20.098,19.697,20.098,210351,0
1995-09-20,19.967,20.005,19.83,19.83,326814,0
1995-09-21,19.739,19.739,19.332,19.38,562620,0
1995-09-22,19.063,19.291,18.974,19.198,756406,0
1995-09-25,19.291,19.291,18.974,19.106,458407,0
1995-09-26,19.063,19.159,18.882,18.974,1858595,0
1995-09-27,18.882,18.931,18.747,18.798,643300,0
1995-09-28,18.756,18.841,18.756,18.841,964594,0
1995-09-29,18.841,19.115,18.798,18.841,585673,0
1995-10-02,18.931,19.024,18.614,18.665,388049,0
1995-10-03,18.665,19.024,18.297,18.574,641142,0
1995-10-04,18.483,18.614,18.297,18.297,862062,0
1995-10-05,18.297,18.614,18.257,18.524,845734,0
1995-10-06,18.524,18.706,18.349,18.524,770091,0
1995-10-09,18.614,18.665,18.257,18.349,194746,0
1995-10-10,18.074,18.524,17.982,18.39,396692,0
1995-10-11,18.297,18.483,18.257,18.349,482417,0
1995-10-12,18.524,18.665,18.439,18.614,331136,0
1995-10-13,18.706,18.983,18.665,18.841,537407,0
1995-10-16,18.798,19.205,18.798,19.159,612809,0
1995-10-17,19.159,19.159,18.756,19.072,502830,0
1995-10-18,19.072,19.159,18.756,18.798,430069,0
1995-10-19,18.798,18.841,18.614,18.665,523240,0
1995-10-20,18.574,18.574,18.349,18.483,869266,0
1995-10-23,18.483,18.483,18.216,18.216,353708,0
1995-10-24,18.257,18.614,18.257,18.349,636822,0
1995-10-25,18.349,18.89,18.349,18.798,1049358,0
1995-10-26,18.706,18.756,18.032,18.297,929538,0
1995-10-27,18.297,18.756,18.257,18.756,663712,0
1995-10-30,18.931,19.159,18.841,18.931,597920,0
1995-10-31,18.983,18.983,18.665,18.665,609206,0
1995-11-01,18.756,19.523,18.706,19.523,653387,0
1995-11-02,19.389,19.747,19.389,19.616,562378,0
1995-11-03,19.704,20.064,19.657,20.023,735031,0
1995-11-06,19.838,19.88,19.704,19.747,266301,0
1995-11-07,19.838,19.973,19.792,19.932,367398,0
1995-11-08,19.973,20.107,19.88,20.107,425027,0
1995-11-09,20.064,20.064,19.616,19.704,463687,0
1995-11-10,19.616,19.657,19.523,19.657,362350,0
1995-11-13,19.747,20.064,19.747,20.023,310489,0
1995-11-14,20.107,20.698,20.107,20.471,1019586,0
1995-11-15,20.564,20.564,20.383,20.422,777053,0
1995-11-16,20.471,20.831,20.422,20.74,941782,0
1995-11-17,20.605,20.963,20.422,20.881,976359,0
1995-11-20,20.963,21.239,20.788,21.239,787858,0
1995-11-21,21.199,21.199,20.788,20.881,740794,0
1995-11-22,20.881,20.963,20.698,20.963,554936,0
1995-11-24,20.921,20.963,20.881,20.921,166651,0
1995-11-27,21.013,21.013,20.881,20.921,412539,0
1995-11-28,20.74,20.788,20.605,20.605,856538,0
1995-11-29,20.647,20.647,19.973,20.198,1241942,0
1995-11-30,20.248,20.288,20.064,20.064,562141,0
1995-12-01,20.023,20.023,19.792,19.838,1010458,0
1995-12-04,19.838,20.288,19.747,20.248,594556,0
1995-12-05,20.155,20.383,20.023,20.288,951390,0
1995-12-06,20.564,20.788,20.339,20.788,991730,0
1995-12-07,20.74,20.74,20.422,20.422,514352,0
1995-12-08,20.339,20.515,20.064,20.107,510032,0
1995-12-11,20.107,20.248,19.932,20.107,333298,0
1995-12-12,20.064,20.198,20.064,20.155,449039,0
1995-12-13,20.064,20.198,20.023,20.198,335458,0
1995-12-14,20.198,20.471,19.932,19.932,491783,0
1995-12-15,19.838,19.88,19.657,19.704,1100746,0
1995-12-18,19.747,19.747,19.3,19.34,173372,0
1995-12-19,19.34,19.431,18.983,19.389,1043841,0
1995-12-20,19.704,19.792,19.475,19.523,794103,0
1995-12-21,19.523,19.657,18.706,18.841,1703469,0
1995-12-22,18.89,18.89,18.439,18.524,912966,0
1995-12-26,18.756,18.983,18.665,18.931,676681,0
1995-12-27,18.931,19.205,18.931,18.931,607524,0
1995-12-28,19.072,19.3,19.072,19.205,469928,0
1995-12-29,19.3,19.532,19.124,19.166,377480,0
1996-01-02,19.124,19.572,19.072,19.532,1019344,0
1996-01-03,19.625,19.888,19.572,19.888,680763,0
1996-01-04,19.941,20.072,19.704,19.888,748478,0
1996-01-05,19.848,20.03,19.8,19.979,651947,0
1996-01-08,19.941,20.03,19.941,19.979,105420,0
1996-01-09,20.072,20.163,19.625,19.666,592159,0
1996-01-10,19.572,19.755,19.485,19.572,691330,0
1996-01-11,19.625,19.666,19.389,19.666,508593,0
1996-01-12,19.666,19.848,19.625,19.666,710300,0
1996-01-15,19.666,19.755,19.485,19.532,525401,0
1996-01-16,19.485,19.532,18.89,19.205,614250,0
1996-01-17,19.205,19.205,18.89,19.166,344346,0
1996-01-18,19.205,19.205,18.706,18.706,691090,0
1996-01-19,18.531,18.848,18.531,18.665,1245785,0
1996-01-22,19.348,19.44,18.983,19.166,893278,0
1996-01-23,19.166,19.205,18.89,19.166,489860,0
1996-01-24,19.124,19.124,18.349,18.623,4618624,0
1996-01-25,18.439,18.623,18.297,18.439,2791487,0
1996-01-26,18.483,18.848,18.483,18.756,1619660,0
1996-01-29,18.848,18.848,18.623,18.848,1331029,0
1996-01-30,18.848,19.166,18.848,19.166,1486633,0
1996-01-31,19.255,19.485,19.205,19.389,1020306,0
1996-02-01,19.389,19.44,19.3,19.348,818596,0
1996-02-02,19.348,19.348,18.983,19.072,868062,0
1996-02-05,19.032,19.205,18.983,19.124,1036156,0
1996-02-06,19.072,19.124,18.848,18.89,1735887,0
1996-02-07,18.89,18.939,18.756,18.848,1975534,0
1996-02-08,18.848,19.485,18.848,19.348,1583885,0
1996-02-09,19.3,19.485,19.166,19.44,1361765,0
1996-02-12,19.485,19.941,19.348,19.704,696850,0
1996-02-13,19.625,19.755,19.532,19.625,732390,0
1996-02-14,19.625,19.625,19.032,19.032,1288768,0
1996-02-15,19.124,19.348,19.072,19.205,1160542,0
1996-02-16,19.255,19.3,19.124,19.3,831084,0
1996-02-20,19.205,19.3,18.983,19.124,586392,0
1996-02-21,19.124,19.255,18.89,19.255,714623,0
1996-02-22,19.532,19.572,19.255,19.389,974679,0
1996-02-23,19.485,19.532,19.348,19.485,1236660,0
1996-02-26,19.485,19.572,19.255,19.572,1209046,0
1996-02-27,19.532,19.572,19.532,19.572,542931,0
1996-02-28,19.704,19.755,19.3,19.348,974679,0
1996-02-29,19.3,19.485,19.3,19.348,672356,0
1996-03-01,19.532,19.704,19.325,19.625,679082,0
1996-03-04,19.704,19.755,19.532,19.755,672121,0
1996-03-05,19.666,19.704,19.485,19.625,813553,0
1996-03-06,19.625,20.296,19.625,20.03,1180470,0
1996-03-07,20.072,20.163,19.979,20.072,1144932,0
1996-03-08,20.072,20.072,19.44,19.625,761447,0
1996-03-11,19.572,19.979,19.44,19.979,571505,0
1996-03-12,19.941,20.072,19.485,19.848,731670,0
1996-03-13,19.979,20.479,19.979,20.479,910568,0
1996-03-14,20.479,21.031,20.479,20.889,1036156,0
1996-03-15,20.665,20.848,20.533,20.848,1297168,0
1996-03-18,20.981,21.031,20.797,20.937,745114,0
1996-03-19,21.072,21.072,20.797,20.981,1028949,0
1996-03-20,20.889,21.031,20.391,20.479,885351,0
1996-03-21,20.533,20.572,20.256,20.347,573427,0
1996-03-22,20.391,20.533,20.347,20.533,178897,0
1996-03-25,20.479,20.572,20.44,20.533,583750,0
1996-03-26,20.533,20.572,20.163,20.256,616409,0
1996-03-27,20.072,20.123,19.625,19.625,1199679,0
1996-03-28,19.666,20.082,19.666,19.988,1137248,0
1996-03-29,20.082,20.082,19.808,19.941,949948,0
1996-04-01,20.03,20.356,20.03,20.214,551095,0
1996-04-02,20.305,20.305,20.123,20.263,446400,0
1996-04-03,20.263,20.263,20.082,20.214,322731,0
1996-04-04,20.214,20.214,20.123,20.171,256696,0
1996-04-08,20.214,20.214,19.988,20.03,388529,0
1996-04-09,19.848,20.03,19.848,19.988,499229,0
1996-04-10,19.897,20.082,19.848,19.941,604401,0
1996-04-11,20.988,21.131,20.082,20.629,2274492,0
1996-04-12,20.673,21.68,20.673,21.631,2578254,0
1996-04-15,21.539,21.588,21.221,21.588,1238578,0
1996-04-16,21.539,21.588,21.264,21.264,812592,0
1996-04-17,21.312,21.312,20.946,21.221,472333,0
1996-04-18,21.131,21.357,20.988,21.357,718945,0
1996-04-19,21.406,21.448,21.081,21.131,300159,0
1996-04-22,21.221,21.357,21.04,21.081,304240,0
1996-04-23,21.171,21.312,20.447,20.581,1973373,0
1996-04-24,20.629,20.898,20.541,20.856,1145893,0
1996-04-25,20.763,20.898,20.763,20.856,278548,0
1996-04-26,20.856,20.856,20.447,20.581,856778,0
1996-04-29,20.541,20.856,20.541,20.805,581592,0
1996-04-30,20.856,20.856,20.673,20.856,232444,0
1996-05-01,20.898,20.946,20.714,20.805,323932,0
1996-05-02,20.673,20.946,20.673,20.856,378442,0
1996-05-03,20.946,21.171,20.898,20.898,469211,0
1996-05-06,20.946,21.081,20.714,20.805,492503,0
1996-05-07,20.763,20.805,20.673,20.805,386847,0
1996-05-08,20.714,20.805,20.488,20.805,757124,0
1996-05-09,20.805,20.946,20.714,20.763,462485,0
1996-05-10,20.946,20.946,20.673,20.805,468010,0
1996-05-13,20.805,21.081,20.714,21.081,641382,0
1996-05-14,21.081,21.406,21.081,21.357,1021505,0
1996-05-15,21.357,21.68,21.357,21.448,752079,0
1996-05-16,21.406,21.539,21.406,21.497,649788,0
1996-05-17,21.539,21.539,21.357,21.357,535005,0
1996-05-20,21.406,21.448,21.221,21.312,574387,0
1996-05-21,21.312,21.312,21.131,21.131,846449,0
1996-05-22,21.081,21.171,20.988,21.131,948266,0
1996-05-23,21.04,21.131,20.946,20.988,1014779,0
1996-05-24,21.171,21.588,21.171,21.588,1229935,0
1996-05-28,21.588,21.68,21.497,21.68,645463,0
1996-05-29,21.721,22.221,21.721,21.854,1235460,0
1996-05-30,21.764,21.904,21.764,21.904,593596,0
1996-05-31,21.854,21.854,21.588,21.721,572707,0
1996-06-03,21.631,21.721,21.448,21.721,692533,0
1996-06-04,21.854,21.854,21.68,21.721,269423,0
1996-06-05,21.68,21.721,21.539,21.68,452644,0
1996-06-06,21.631,21.68,21.357,21.357,620493,0
1996-06-07,21.081,21.406,21.081,21.357,732869,0
1996-06-10,21.448,21.448,21.131,21.221,536449,0
1996-06-11,21.171,21.406,21.081,21.221,342663,0
1996-06-12,21.264,21.497,21.221,21.221,535727,0
1996-06-13,21.221,21.264,20.988,21.171,387806,0
1996-06-14,21.131,21.171,21.081,21.081,272065,0
1996-06-17,21.171,21.171,20.988,21.04,185859,0
1996-06-18,20.988,21.131,20.581,20.581,526840,0
1996-06-19,20.673,20.763,20.447,20.447,311688,0
1996-06-20,20.397,20.541,20.263,20.356,415179,0
1996-06-21,20.356,20.397,20.214,20.356,1007340,0
1996-06-24,20.397,20.805,20.397,20.629,783538,0
1996-06-25,20.714,20.856,20.673,20.673,402693,0
1996-06-26,20.581,20.629,20.447,20.629,259097,0
1996-06-27,20.406,20.681,20.311,20.638,364996,0
1996-06-28,20.638,21.189,20.638,21.138,407739,0
1996-07-01,21.189,21.32,20.864,21.28,727587,0
1996-07-02,21.374,21.374,20.955,21.006,543408,0
1996-07-03,21.048,21.138,21.006,21.138,301358,0
1996-07-05,20.955,21.097,20.955,20.955,188501,0
1996-07-08,20.914,20.914,20.454,20.454,447360,0
1996-07-09,20.454,20.638,20.181,20.454,532844,0
1996-07-10,20.454,20.638,20.131,20.638,649305,0
1996-07-11,20.548,20.548,20.181,20.366,392851,0
1996-07-12,20.454,20.454,20.131,20.366,434395,0
1996-07-15,20.311,20.366,19.997,19.997,300403,0
1996-07-16,19.816,19.997,19.712,19.855,506909,0
1996-07-17,19.905,19.905,19.673,19.673,454561,0
1996-07-18,19.58,19.905,19.58,19.816,903361,0
1996-07-19,19.673,19.816,19.625,19.712,478818,0
1996-07-22,19.625,19.816,19.532,19.712,793143,0
1996-07-23,19.855,19.949,19.49,19.58,826040,0
1996-07-24,19.396,19.58,19.255,19.255,524437,0
1996-07-25,19.348,19.44,19.124,19.124,1634313,0
1996-07-26,19.124,19.309,19.072,19.166,684843,0
1996-07-29,19.124,19.255,18.983,19.072,558778,0
1996-07-30,19.124,19.255,19.072,19.213,358512,0
1996-07-31,19.309,19.58,19.213,19.58,538847,0
1996-08-01,19.49,20.039,19.49,19.949,544129,0
1996-08-02,20.181,20.224,19.905,19.997,611606,0
1996-08-05,19.855,19.905,19.712,19.765,180094,0
1996-08-06,19.816,20.039,19.673,19.905,780894,0
1996-08-07,19.905,19.997,19.765,19.997,305922,0
1996-08-08,19.905,20.131,19.816,20.131,510992,0
1996-08-09,20.131,20.224,19.997,20.091,334739,0
1996-08-12,19.997,20.273,19.997,20.224,258856,0
1996-08-13,20.181,20.224,19.673,19.855,401252,0
1996-08-14,19.765,19.905,19.673,19.855,453842,0
1996-08-15,19.997,20.091,19.905,19.997,514835,0
1996-08-16,20.039,20.181,19.949,20.091,360672,0
1996-08-19,20.131,20.311,20.091,20.224,347224,0
1996-08-20,20.181,20.311,20.181,20.224,973962,0
1996-08-21,20.131,20.224,20.091,20.224,268946,0
1996-08-22,20.224,20.406,20.224,20.406,325371,0
1996-08-23,20.498,20.589,20.366,20.366,466813,0
1996-08-26,20.273,20.311,20.181,20.224,135431,0
1996-08-27,20.311,20.311,20.131,20.224,301358,0
1996-08-28,20.181,20.366,20.131,20.131,275668,0
1996-08-29,20.039,20.406,20.039,20.091,467285,0
1996-08-30,20.039,20.181,19.905,20.091,412539,0
1996-09-03,19.905,19.997,19.712,19.765,741275,0
1996-09-04,19.905,19.997,19.712,19.949,511713,0
1996-09-05,19.855,19.997,19.712,19.816,340981,0
1996-09-06,19.905,19.949,19.792,19.905,439674,0
1996-09-09,19.997,20.311,19.949,20.311,442793,0
1996-09-10,20.406,20.638,20.131,20.273,722544,0
1996-09-11,20.273,20.73,20.273,20.589,678601,0
1996-09-12,20.589,21.097,20.589,21.048,573427,0
1996-09-13,21.048,21.555,21.048,21.138,777292,0
1996-09-16,21.189,21.189,20.822,20.822,539568,0
1996-09-17,20.77,21.048,20.77,20.955,783057,0
1996-09-18,20.955,21.006,20.822,20.864,545572,0
1996-09-19,20.77,21.048,20.77,21.048,511234,0
1996-09-20,21.138,21.28,21.048,21.28,779214,0
1996-09-23,21.097,21.28,21.048,21.28,618570,0
1996-09-24,21.189,21.506,21.189,21.28,845970,0
1996-09-25,21.28,21.32,21.189,21.23,439190,0
1996-09-26,21.138,21.23,21.048,21.138,962194,0
1996-09-27,21.013,21.38,21.013,21.239,800588,0
1996-09-30,21.239,21.564,21.239,21.47,408936,0
1996-10-01,21.47,21.47,21.38,21.47,384446,0
1996-10-02,21.47,21.655,21.38,21.564,504990,0
1996-10-03,21.614,21.706,21.614,21.655,585673,0
1996-10-04,21.706,21.888,21.655,21.838,611126,0
1996-10-07,21.931,22.162,21.931,22.021,866624,0
1996-10-08,21.982,22.162,21.982,22.021,592636,0
1996-10-09,21.982,22.071,21.982,22.021,618329,0
1996-10-10,22.021,22.255,21.982,22.255,564781,0
1996-10-11,22.255,22.489,22.255,22.439,462248,0
1996-10-14,22.347,22.762,22.347,22.673,573187,0
1996-10-15,22.762,22.904,22.304,22.304,600318,0
1996-10-16,22.115,22.162,21.888,22.071,498985,0
1996-10-17,22.071,22.255,21.982,22.162,763606,0
1996-10-18,22.255,22.762,22.213,22.712,398853,0
1996-10-21,22.805,22.855,22.673,22.855,587593,0
1996-10-22,22.855,22.855,22.489,22.62,302803,0
1996-10-23,22.489,22.673,22.347,22.347,695649,0
1996-10-24,22.347,22.395,21.706,21.746,1325269,0
1996-10-25,21.706,22.071,21.706,21.746,921129,0
1996-10-28,21.838,22.115,21.797,21.982,671638,0
1996-10-29,21.888,21.982,21.838,21.931,617131,0
1996-10-30,22.115,22.162,21.655,21.655,540287,0
1996-10-31,21.564,22.115,21.564,22.115,704294,0
1996-11-01,23.221,23.871,23.038,23.871,3466248,0
1996-11-04,23.82,24.004,23.639,23.871,2001230,0
1996-11-05,23.871,24.377,23.871,24.328,1243144,0
1996-11-06,24.279,24.564,24.236,24.564,680045,0
1996-11-07,24.47,24.694,24.47,24.606,807789,0
1996-11-08,24.421,24.694,24.421,24.694,711977,0
1996-11-11,24.421,24.785,24.421,24.785,548213,0
1996-11-12,24.747,25.202,24.694,25.069,1153816,0
1996-11-13,24.969,25.11,24.879,24.879,1018859,0
1996-11-14,24.785,25.436,24.747,25.436,981647,0
1996-11-15,25.572,25.572,25.02,25.162,1021505,0
1996-11-18,25.162,25.162,25.02,25.069,541729,0
1996-11-19,25.069,25.069,24.879,25.02,695892,0
1996-11-20,25.02,25.202,24.952,25.162,350586,0
1996-11-21,25.162,25.202,25.11,25.162,157765,0
1996-11-22,25.202,25.344,25.069,25.344,384204,0
1996-11-25,25.344,25.713,25.295,25.661,387327,0
1996-11-26,25.62,25.802,25.386,25.528,994609,0
1996-11-27,25.386,25.76,25.386,25.76,380844,0
1996-11-29,25.76,25.802,25.62,25.62,91488,0
1996-12-02,25.62,25.802,25.479,25.802,470409,0
1996-12-03,25.76,25.802,25.572,25.62,539568,0
1996-12-04,25.572,25.594,25.02,25.162,885593,0
1996-12-05,24.969,25.344,24.564,25.344,1495759,0
1996-12-06,25.253,25.253,24.51,25.162,595758,0
1996-12-09,25.11,25.344,25.11,25.295,420704,0
1996-12-10,25.202,25.479,25.202,25.344,194022,0
1996-12-11,25.162,25.344,24.969,25.344,985486,0
1996-12-12,25.436,25.572,25.02,25.02,667078,0
1996-12-13,24.927,24.927,24.785,24.785,598156,0
1996-12-16,24.836,24.969,24.564,24.564,424066,0
1996-12-17,24.236,24.652,24.236,24.606,554696,0
1996-12-18,24.652,24.785,24.564,24.652,445920,0
1996-12-19,24.836,25.162,24.836,25.162,448078,0
1996-12-20,25.802,25.802,25.572,25.713,846449,0
1996-12-23,25.713,25.76,25.253,25.253,308566,0
1996-12-24,25.295,25.295,25.11,25.253,193542,0
1996-12-26,25.344,25.713,25.344,25.713,125829,0
1996-12-27,25.713,25.76,25.528,25.76,118143,0
1996-12-30,25.862,26.135,25.768,25.811,307602,0
1996-12-31,25.768,25.768,25.536,25.578,353708,0
1997-01-02,25.578,25.578,24.844,25.211,299443,0
1997-01-03,25.304,25.677,25.261,25.628,340263,0
1997-01-06,25.722,25.903,25.536,25.768,481454,0
1997-01-07,25.536,25.677,25.211,25.677,302082,0
1997-01-08,25.722,25.862,25.536,25.811,565980,0
1997-01-09,25.811,25.903,25.628,25.768,363792,0
1997-01-10,25.536,25.862,25.162,25.677,492025,0
1997-01-13,25.628,25.677,25.536,25.628,327055,0
1997-01-14,25.768,25.952,25.768,25.952,581592,0
1997-01-15,25.862,25.994,25.722,25.811,414221,0
1997-01-16,25.903,26.369,25.862,26.319,1101468,0
1997-01-17,26.369,26.459,26.228,26.277,450478,0
1997-01-20,26.277,26.411,25.994,25.994,451440,0
1997-01-21,25.677,26.045,25.628,25.811,571505,0
1997-01-22,25.722,25.722,25.069,25.304,345783,0
1997-01-23,25.304,26.045,25.162,25.952,747521,0
1997-01-24,26.277,26.827,26.228,26.411,1088499,0
1997-01-27,26.187,26.187,25.768,25.811,727587,0
1997-01-28,25.903,26.135,25.578,25.628,684843,0
1997-01-29,25.578,25.952,25.445,25.768,836124,0
1997-01-30,25.862,26.785,25.768,26.644,938181,0
1997-01-31,26.552,26.918,26.411,26.411,481937,0
1997-02-03,26.411,26.696,26.411,26.696,666838,0
1997-02-04,26.696,27.335,26.644,27.335,775851,0
1997-02-05,27.293,27.752,27.244,27.244,980205,0
1997-02-06,27.202,27.57,27.153,27.527,808752,0
1997-02-07,27.662,28.309,27.662,28.267,961475,0
1997-02-10,28.362,28.543,27.852,28.076,936497,0
1997-02-11,27.527,27.802,27.476,27.802,551815,0
1997-02-12,27.711,27.894,27.617,27.852,767930,0
1997-02-13,27.752,28.267,27.752,28.267,535247,0
1997-02-14,28.219,28.219,27.752,27.852,697571,0
1997-02-18,27.942,27.942,27.435,27.711,660351,0
1997-02-19,27.57,27.617,27.202,27.202,706937,0
1997-02-20,27.202,27.244,26.918,27.244,773455,0
1997-02-21,27.244,27.617,27.111,27.617,570062,0
1997-02-24,27.711,27.894,27.435,27.852,629857,0
1997-02-25,27.852,28.494,27.852,28.494,1085140,0
1997-02-26,28.494,28.585,28.267,28.494,602001,0
1997-02-27,28.543,28.726,28.126,28.126,1153337,0
1997-02-28,28.168,28.168,27.435,27.435,724227,0
1997-03-03,27.435,27.662,27.153,27.244,585192,0
1997-03-04,27.153,27.385,27.02,27.153,516037,0
1997-03-05,27.061,27.57,26.97,27.476,717503,0
1997-03-06,27.57,27.57,27.335,27.385,640183,0
1997-03-07,27.435,27.435,27.061,27.293,687007,0
1997-03-10,27.335,27.662,27.153,27.293,1377135,0
1997-03-11,27.202,27.662,26.97,27.476,1045521,0
1997-03-12,27.385,27.527,27.293,27.476,480975,0
1997-03-13,27.385,27.435,26.97,26.97,891354,0
1997-03-14,26.97,27.335,26.97,27.153,660591,0
1997-03-17,27.061,27.617,27.061,27.57,534285,0
1997-03-18,27.527,27.57,27.244,27.385,404374,0
1997-03-19,27.244,27.335,26.827,26.918,530923,0
1997-03-20,26.918,26.918,26.369,26.459,645943,0
1997-03-21,26.459,26.504,25.811,25.903,1140128,0
1997-03-24,25.862,25.862,25.536,25.628,1048160,0
1997-03-25,25.628,25.628,24.614,24.704,1084898,0
1997-03-26,24.888,25.536,24.888,25.352,798425,0
1997-03-27,25.405,25.454,25.171,25.171,455042,0
1997-03-31,25.038,25.405,25.038,25.22,991009,0
1997-04-01,25.22,25.312,24.756,24.944,1101948,0
1997-04-02,24.897,24.944,24.756,24.756,931214,0
1997-04-03,24.66,24.986,24.66,24.944,742474,0
1997-04-04,24.844,24.844,24.66,24.844,587110,0
1997-04-07,24.756,24.986,24.756,24.844,437754,0
1997-04-08,25.038,25.312,24.986,25.268,349387,0
1997-04-09,25.268,25.492,25.22,25.268,488179,0
1997-04-10,24.986,25.454,24.986,25.362,329700,0
1997-04-11,25.268,25.312,25.129,25.22,757844,0
1997-04-14,25.129,25.312,24.986,25.268,720863,0
1997-04-15,25.312,25.961,25.268,25.961,311205,0
1997-04-16,26.012,26.101,25.492,25.872,385883,0
1997-04-17,25.828,25.961,25.635,25.73,257657,0
1997-04-18,25.777,26.101,25.635,26.012,764086,0
1997-04-21,25.961,26.054,25.685,25.73,194746,0
1997-04-22,25.828,26.101,25.828,25.917,422628,0
1997-04-23,26.054,26.153,25.685,25.828,268946,0
1997-04-24,25.635,25.777,25.22,25.22,851494,0
1997-04-25,25.312,25.545,25.312,25.454,271584,0
1997-04-28,25.454,26.012,25.454,25.872,213233,0
1997-04-29,26.012,26.286,25.828,26.243,603687,0
1997-04-30,26.101,26.936,26.101,26.661,435590,0
1997-05-01,26.61,26.661,26.101,26.378,297999,0
1997-05-02,26.286,26.751,26.286,26.751,258617,0
1997-05-05,26.801,27.077,26.751,26.892,482176,0
1997-05-06,27.077,27.586,27.077,27.494,434631,0
1997-05-07,27.685,27.728,27.077,27.077,320811,0
1997-05-08,27.127,27.544,27.077,27.26,194503,0
1997-05-09,27.219,27.451,27.219,27.403,446876,0
1997-05-12,27.544,27.91,27.544,27.774,462728,0
1997-05-13,27.685,27.685,27.31,27.31,629618,0
1997-05-14,27.31,27.728,27.31,27.494,566703,0
1997-05-15,27.494,27.869,27.403,27.869,257176,0
1997-05-16,28.01,28.01,27.634,27.774,494425,0
1997-05-19,27.819,27.869,27.586,27.869,260057,0
1997-05-20,27.819,28.052,27.728,28.052,522278,0
1997-05-21,27.96,28.01,27.634,27.774,686047,0
1997-05-22,27.685,27.819,27.36,27.451,305445,0
1997-05-23,27.774,28.234,27.774,28.234,591197,0
1997-05-27,28.144,28.52,28.01,28.52,340742,0
1997-05-28,28.468,28.52,28.144,28.195,279510,0
1997-05-29,28.426,28.7,28.376,28.61,392851,0
1997-05-30,28.52,28.893,28.335,28.893,395491,0
1997-06-02,28.983,29.634,28.935,29.584,641622,0
1997-06-03,29.493,29.726,29.262,29.403,457447,0
1997-06-04,29.079,29.117,28.66,28.66,563101,0
1997-06-05,28.66,28.841,28.52,28.7,666115,0
1997-06-06,28.752,29.262,28.66,29.262,275427,0
1997-06-09,29.219,29.352,29.117,29.307,149360,0
1997-06-10,29.219,29.868,29.219,29.819,374119,0
1997-06-11,30.001,30.143,29.909,30.001,387091,0
1997-06-12,30.1,30.517,30.05,30.517,402938,0
1997-06-13,30.327,31.026,30.327,31.026,429590,0
1997-06-16,30.975,30.975,30.65,30.703,187780,0
1997-06-17,30.65,31.116,30.558,31.026,691567,0
1997-06-18,30.975,31.208,30.933,31.167,396934,0
1997-06-19,31.208,31.818,30.975,31.535,421662,0
1997-06-20,31.535,31.584,31.308,31.351,516755,0
1997-06-23,31.208,31.259,29.959,29.959,347467,0
1997-06-24,30.233,31.584,30.117,31.584,1047920,0
1997-06-25,31.584,31.65,31.401,31.584,681722,0
1997-06-26,31.535,31.792,31.401,31.492,536683,0
1997-06-27,31.557,31.557,31.251,31.251,763606,0
1997-06-30,31.251,31.691,30.301,30.301,951627,0
1997-07-01,30.86,31.367,30.807,31.001,840932,0
1997-07-02,31.092,31.601,31.042,31.601,311925,0
1997-07-03,31.691,31.792,31.557,31.575,163766,0
1997-07-07,31.676,31.691,31.132,31.367,630336,0
1997-07-08,31.326,32.259,31.3,32.259,374359,0
1997-07-09,32.206,32.233,31.601,31.624,401252,0
1997-07-10,31.65,32.259,31.557,32.066,353472,0
1997-07-11,32.023,32.392,31.975,32.321,305204,0
1997-07-14,32.321,32.321,31.676,31.808,282392,0
1997-07-15,31.715,32.066,31.65,32.023,370038,0
1997-07-16,31.926,32.443,31.926,32.347,427668,0
1997-07-17,32.093,32.302,31.767,31.926,250215,0
1997-07-18,31.881,31.926,31.184,31.3,520596,0
1997-07-21,31.068,31.326,30.86,31.274,552054,0
1997-07-22,31.3,31.808,31.274,31.792,369553,0
1997-07-23,31.926,31.926,31.601,31.65,442793,0
1997-07-24,31.741,32.276,31.557,32.117,654832,0
1997-07-25,31.926,32.023,31.601,32,517717,0
1997-07-28,31.908,32.443,31.908,32.373,394292,0
1997-07-29,32.347,32.347,31.767,31.808,467769,0
1997-07-30,31.808,32.815,31.808,32.698,458645,0
1997-07-31,32.609,33.424,32.489,32.883,428389,0
1997-08-01,32.647,32.841,32.302,32.467,273024,0
1997-08-04,32.443,32.443,32.038,32.158,423585,0
1997-08-05,32.158,32.347,32,32.023,414940,0
1997-08-06,32.066,32.673,32.066,32.532,313125,0
1997-08-07,32.347,32.392,31.881,32.023,430069,0
1997-08-08,31.715,31.951,31.184,31.274,644505,0
1997-08-11,31.251,31.483,31.001,31.184,466569,0
1997-08-12,31.251,31.392,30.535,30.573,697813,0
1997-08-13,30.667,30.694,30.108,30.276,568622,0
1997-08-14,30.367,31.001,30.367,30.86,393571,0
1997-08-15,30.768,30.835,29.758,30.043,443997,0
1997-08-18,29.734,30.417,29.694,30.417,452644,0
1997-08-19,30.508,30.626,29.9,30.367,483138,0
1997-08-20,30.276,31.184,30.159,30.9,704775,0
1997-08-21,30.807,31.184,30.601,30.65,660111,0
1997-08-22,30.65,30.667,29.734,30.343,356832,0
1997-08-25,30.433,30.807,30.183,30.2,468010,0
1997-08-26,30.249,30.65,30.082,30.276,438716,0
1997-08-27,30.318,30.807,30.301,30.768,643300,0
1997-08-28,30.742,30.835,30.392,30.508,410379,0
1997-08-29,30.508,30.65,30.318,30.417,273989,0
1997-09-02,30.484,31.392,30.392,31.392,411096,0
1997-09-03,31.392,31.858,31.326,31.416,450241,0
1997-09-04,31.483,31.509,30.949,30.975,413497,0
1997-09-05,31.068,31.326,30.484,30.949,481454,0
1997-09-08,31.042,31.208,30.926,31.001,254054,0
1997-09-09,31.092,31.691,31.068,31.457,310968,0
1997-09-10,31.457,31.483,31.3,31.3,279510,0
1997-09-11,31.274,31.274,30.86,31.251,527320,0
1997-09-12,31.226,31.951,31.159,31.834,370516,0
1997-09-15,31.926,32.206,31.926,32.143,331619,0
1997-09-16,32.233,32.489,32.038,32.18,517238,0
1997-09-17,32.233,32.584,32.117,32.276,341703,0
1997-09-18,32.276,33.116,32.276,32.532,379642,0
1997-09-19,32.158,32.276,31.808,32.066,592636,0
1997-09-22,31.792,31.858,31.251,31.575,1200161,0
1997-09-23,31.676,31.715,31.483,31.601,673080,0
1997-09-24,31.509,31.575,31.443,31.509,463928,0
1997-09-25,31.416,31.457,31.226,31.226,327055,0
1997-09-26,31.132,31.251,30.975,31.042,394768,0
1997-09-29,30.942,31.2,30.942,31.017,320091,0
1997-09-30,30.926,31.058,30.9,31.042,361152,0
1997-10-01,30.799,31.175,30.667,30.965,645223,0
1997-10-02,30.965,30.965,30.45,30.684,583029,0
1997-10-03,30.965,31.042,30.566,30.782,500907,0
1997-10-06,30.782,30.965,30.71,30.782,465368,0
1997-10-07,30.684,30.71,30.292,30.318,1125722,0
1997-10-08,30.318,30.318,29.569,29.607,475694,0
1997-10-09,29.569,30.033,29.192,29.844,571265,0
1997-10-10,29.75,29.801,29.52,29.701,174333,0
1997-10-13,29.801,29.891,29.607,29.686,224042,0
1997-10-14,29.827,29.844,29.66,29.66,392851,0
1997-10-15,29.686,29.701,29.403,29.403,331136,0
1997-10-16,29.219,29.726,28.999,29.192,325371,0
1997-10-17,28.912,29.167,28.559,28.726,340263,0
1997-10-20,28.82,28.976,27.835,27.977,672598,0
1997-10-21,28.159,29.283,28.159,29.219,656752,0
1997-10-22,29.569,29.75,28.999,29.095,664914,0
1997-10-23,29.095,29.307,28.768,29.095,519879,0
1997-10-24,29.192,29.236,28.043,28.067,1540662,0
1997-10-27,27.977,28.067,27.925,27.951,981647,0
1997-10-28,27.719,28.067,27.02,27.693,1679458,0
1997-10-29,27.693,28.443,27.693,28.019,2279055,0
1997-10-30,27.783,28.186,27.783,28.067,1458296,0
1997-10-31,28.135,28.627,28.067,28.443,611126,0
1997-11-03,28.726,28.884,28.468,28.884,1168701,0
1997-11-04,28.793,28.96,28.627,28.726,414221,0
1997-11-05,28.82,29.569,28.726,29.307,519640,0
1997-11-06,29.377,29.986,29.377,29.959,720145,0
1997-11-07,29.868,29.986,29.701,29.827,2519665,0
1997-11-10,29.774,29.801,28.534,28.627,1468386,0
1997-11-11,28.744,28.999,28.726,28.884,626015,0
1997-11-12,28.652,28.859,28.585,28.585,433432,0
1997-11-13,28.585,28.82,28.067,28.067,1063765,0
1997-11-14,28.067,28.252,27.903,28.093,546773,0
1997-11-17,28.093,28.159,28.043,28.067,999415,0
1997-11-18,28.043,28.96,28.043,28.726,743437,0
1997-11-19,28.676,28.726,28.443,28.484,944664,0
1997-11-20,28.484,28.627,28.326,28.627,636822,0
1997-11-21,28.726,28.768,28.511,28.534,475935,0
1997-11-24,28.252,28.511,28.186,28.276,585673,0
1997-11-25,28.37,28.418,27.903,27.993,550853,0
1997-11-26,28.019,28.61,28.019,28.534,638981,0
1997-11-28,28.534,28.793,28.468,28.7,146721,0
1997-12-01,28.726,29.403,28.7,29.307,640663,0
1997-12-02,29.307,29.801,29.307,29.607,397896,0
1997-12-03,29.569,29.569,28.999,29.167,488901,0
1997-12-04,29.192,29.307,29.095,29.283,792180,0
1997-12-05,29.283,29.584,29.079,29.167,771290,0
1997-12-08,29.167,29.52,29.167,29.167,680763,0
1997-12-09,29.079,29.335,28.999,29.141,568144,0
1997-12-10,29.051,29.465,29.051,29.219,601759,0
1997-12-11,29.095,29.141,28.768,28.884,909123,0
1997-12-12,28.884,28.976,28.067,28.534,657471,0
1997-12-15,28.585,28.585,28.159,28.186,610648,0
1997-12-16,28.234,28.841,28.234,28.82,516994,0
1997-12-17,28.82,28.999,28.726,28.82,439674,0
1997-12-18,28.82,28.841,28.534,28.841,657951,0
1997-12-19,28.726,28.82,28.159,28.82,1124041,0
1997-12-22,28.82,29.051,28.768,28.96,745600,0
1997-12-23,28.859,29.283,28.768,29.219,743196,0
1997-12-24,29.262,29.427,29.262,29.283,283830,0
1997-12-26,29.307,29.543,29.307,29.465,213712,0
1997-12-29,29.52,29.844,29.52,29.726,705019,0
1997-12-30,29.883,30.851,29.819,30.851,722544,0
1997-12-31,30.851,30.918,30.658,30.9,971797,0
1998-01-02,30.9,31.392,30.799,31.392,536928,0
1998-01-05,31.443,31.715,31.226,31.416,657710,0
1998-01-06,31.416,31.416,30.684,30.733,895677,0
1998-01-07,30.733,30.799,30.335,30.385,1344235,0
1998-01-08,30.385,30.385,29.844,29.986,1032314,0
1998-01-09,29.959,29.959,28.76,28.81,1502244,0
1998-01-12,28.434,29.158,28.434,29.111,760244,0
1998-01-13,29.132,29.184,28.717,28.85,669716,0
1998-01-14,28.833,29.07,28.735,29.042,578471,0
1998-01-15,29.017,29.44,29.017,29.184,942022,0
1998-01-16,29.584,29.677,29.368,29.625,506192,0
1998-01-20,29.535,29.677,29.44,29.677,497545,0
1998-01-21,29.726,29.726,29.158,29.493,495627,0
1998-01-22,29.493,29.677,29.493,29.56,919210,0
1998-01-23,29.607,29.677,29.299,29.44,981884,0
1998-01-26,29.44,29.819,29.325,29.726,689407,0
1998-01-27,29.75,30.24,29.726,30.24,1138206,0
1998-01-28,30.24,30.24,29.883,29.986,515315,0
1998-01-29,30.05,30.05,29.883,29.933,781376,0
1998-01-30,29.986,30.218,29.819,30.126,540051,0
1998-02-02,30.641,31.392,30.641,31.392,528761,0
1998-02-03,31.3,31.624,31.017,31.624,544371,0
1998-02-04,31.601,31.715,31.226,31.317,400292,0
1998-02-05,31.317,31.557,31.017,31.535,360193,0
1998-02-06,31.557,31.908,31.457,31.834,341224,0
1998-02-09,31.834,31.834,30.992,31.132,689649,0
1998-02-10,31.274,32.476,31.274,32.311,504027,0
1998-02-11,32.215,32.311,31.792,31.881,504750,0
1998-02-12,31.881,32.117,31.3,32.093,440152,0
1998-02-13,32,32.426,31.699,32.311,344583,0
1998-02-17,32.311,32.568,32.075,32.373,341945,0
1998-02-18,32.347,32.866,32.347,32.632,391651,0
1998-02-19,32.54,32.708,32.311,32.657,331136,0
1998-02-20,32.681,32.964,32.592,32.89,333538,0
1998-02-23,32.798,32.964,32.329,32.657,389726,0
1998-02-24,32.681,32.733,31.767,31.858,672121,0
1998-02-25,31.557,31.699,31.392,31.65,983565,0
1998-02-26,31.575,31.741,31.509,31.65,1750773,0
1998-02-27,31.601,31.741,31.443,31.535,948028,0
1998-03-02,31.443,31.601,31.367,31.443,1235218,0
1998-03-03,31.392,31.557,31.367,31.557,495385,0
1998-03-04,31.535,31.535,31.251,31.367,413742,0
1998-03-05,31.184,31.226,30.9,30.918,942743,0
1998-03-06,31.017,31.159,30.799,30.825,525879,0
1998-03-09,30.851,31.159,30.799,30.918,608004,0
1998-03-10,31.017,31.108,30.618,30.918,495861,0
1998-03-11,30.9,30.992,30.591,30.641,716061,0
1998-03-12,30.825,30.992,30.759,30.918,985005,0
1998-03-13,30.942,30.942,30.5,30.618,1116115,0
1998-03-16,30.618,30.942,30.543,30.942,840932,0
1998-03-17,30.918,31.083,30.684,31.083,790500,0
1998-03-18,31.274,31.317,31.083,31.274,848615,0
1998-03-19,31.132,31.416,31.132,31.274,682926,0
1998-03-20,31.274,31.341,31.042,31.083,573187,0
1998-03-23,31.159,31.457,31.083,31.317,527801,0
1998-03-24,31.367,31.601,31.367,31.443,521320,0
1998-03-25,31.483,31.509,31.274,31.367,606323,0
1998-03-26,31.184,31.226,30.825,31.042,1228495,0
1998-03-27,31.132,31.159,30.782,30.799,964836,0
1998-03-30,30.799,30.965,30.684,30.799,569347,0
1998-03-31,30.984,31.367,30.965,31.251,705255,0
1998-04-01,31.15,31.15,30.776,31.108,592636,0
1998-04-02,31.108,31.392,31.083,31.2,1174225,0
1998-04-03,31.392,31.457,31.175,31.251,671878,0
1998-04-06,31.341,31.392,31.226,31.392,1040951,0
1998-04-07,31.29,31.408,31.15,31.251,729749,0
1998-04-08,31.2,31.457,31.058,31.083,735991,0
1998-04-09,31.175,31.624,31.083,31.251,691810,0
1998-04-13,31.2,31.267,30.825,30.965,822678,0
1998-04-14,31.058,31.624,30.867,31.601,530445,0
1998-04-15,31.808,32.355,31.792,32.233,829401,0
1998-04-16,32.54,32.54,32.048,32.117,699015,0
1998-04-17,32.215,32.898,32.117,32.874,614006,0
1998-04-20,32.823,32.991,32.592,32.758,697092,0
1998-04-21,32.758,33.533,32.733,33.466,1096907,0
1998-04-22,33.367,33.367,32.708,33.157,593355,0
1998-04-23,33.157,33.673,33.157,33.533,596958,0
1998-04-24,33.556,33.649,33.367,33.581,1104346,0
1998-04-27,33.482,33.482,33.184,33.198,992210,0
1998-04-28,33.298,33.298,32.823,32.874,525879,0
1998-04-29,32.964,32.964,32.54,32.758,550853,0
1998-04-30,32.848,33.198,32.733,32.776,491061,0
1998-05-01,32.874,32.898,32.568,32.874,587835,0
1998-05-04,33.367,33.908,33.367,33.507,626254,0
1998-05-05,33.466,33.556,33.198,33.224,517238,0
1998-05-06,33.367,33.533,33.016,33.107,462728,0
1998-05-07,33.224,33.224,32.798,32.823,319132,0
1998-05-08,32.64,33.275,32.592,33.056,1318544,0
1998-05-11,33.157,33.325,33.107,33.198,483856,0
1998-05-12,33.298,34.189,33.198,33.932,917532,0
1998-05-13,33.882,34.164,33.882,34.022,803950,0
1998-05-14,33.932,34.022,33.74,33.932,431511,0
1998-05-15,33.882,33.908,33.415,33.44,308085,0
1998-05-18,33.184,33.341,33.016,33.157,455283,0
1998-05-19,33.107,33.184,32.798,32.964,692288,0
1998-05-20,33.04,33.415,33.04,33.341,546051,0
1998-05-21,33.39,33.533,33.184,33.298,391888,0
1998-05-22,33.247,33.415,33.107,33.184,236526,0
1998-05-26,33.247,33.275,32.311,32.311,596719,0
1998-05-27,32.311,32.373,31.741,32.233,579908,0
1998-05-28,32.285,32.941,32.285,32.776,355392,0
1998-05-29,32.874,33.132,32.798,32.798,541729,0
1998-06-01,32.758,33.367,32.758,33.016,505467,0
1998-06-02,33.016,33.507,32.964,33.04,358750,0
1998-06-03,32.991,33.247,32.64,33.04,420225,0
1998-06-04,33.056,33.056,32.708,32.964,413262,0
1998-06-05,32.874,33.016,32.776,32.798,627934,0
1998-06-08,32.758,33.157,32.758,33.107,648826,0
1998-06-09,33.056,33.107,32.657,32.898,484338,0
1998-06-10,32.874,33.157,32.874,32.941,605841,0
1998-06-11,32.916,33.132,32.515,32.681,910568,0
1998-06-12,32.618,32.776,31.951,32.117,660351,0
1998-06-15,32.048,32.048,31.624,31.65,604401,0
1998-06-16,31.575,32.758,31.575,32.515,410859,0
1998-06-17,32.515,33.325,32.515,32.798,1031350,0
1998-06-18,32.618,32.898,32.618,32.657,552654,0
1998-06-19,32.848,32.848,29.977,30.117,3072920,0
1998-06-22,30.067,30.492,29.458,30.067,1363447,0
1998-06-23,30.117,30.582,29.977,30.441,641260,0
1998-06-24,30.441,30.582,30.067,30.582,650025,0
1998-06-25,30.543,30.582,29.411,29.836,1124399,0
1998-06-26,30.017,30.017,29.316,29.694,889314,0
1998-06-29,29.253,29.916,29.201,29.44,835406,0
1998-06-30,29.493,30.343,29.394,30.292,791222,0
1998-07-01,30.152,30.2,29.158,29.344,530923,0
1998-07-02,29.344,29.394,28.401,28.875,950306,0
1998-07-06,28.875,30.059,28.875,29.959,663233,0
1998-07-07,30.059,30.392,30.009,30.009,661435,0
1998-07-08,30.009,30.009,29.535,29.868,470172,0
1998-07-09,29.916,30.2,29.111,29.158,962072,0
1998-07-10,29.253,29.344,28.543,28.684,1092705,0
1998-07-13,28.684,28.826,28.401,28.543,982847,0
1998-07-14,28.735,29.344,28.735,28.968,319252,0
1998-07-15,28.776,29.017,28.735,28.826,695408,0
1998-07-16,29.017,29.111,28.593,28.776,849933,0
1998-07-17,28.826,28.968,28.684,28.968,674759,0
1998-07-20,28.494,29.299,28.494,28.735,592397,0
1998-07-21,29.158,29.344,28.494,28.494,1132686,0
1998-07-22,28.684,28.968,28.593,28.826,981164,0
1998-07-23,28.968,28.968,28.211,28.211,1434885,0
1998-07-24,28.593,28.826,27.877,28.684,584352,0
1998-07-27,28.593,28.968,28.302,28.776,1102789,0
1998-07-28,28.776,28.776,27.451,28.019,956312,0
1998-07-29,28.401,28.494,27.977,28.159,788942,0
1998-07-30,28.353,28.451,27.643,27.643,940342,0
1998-07-31,27.643,27.643,26.268,26.511,1149015,0
1998-08-03,26.696,27.119,26.319,26.459,1018024,0
1998-08-04,26.511,26.511,25.086,25.228,808393,0
1998-08-05,25.278,25.511,24.802,25.37,1086823,0
1998-08-06,24.802,25.138,24.756,24.995,1197038,0
1998-08-07,25.752,25.897,25.278,25.563,1270637,0
1998-08-10,25.612,25.935,25.42,25.935,812475,0
1998-08-11,25.463,26.038,25.038,25.935,964836,0
1998-08-12,26.22,26.511,26.038,26.459,671998,0
1998-08-13,26.552,26.653,25.752,25.844,727349,0
1998-08-14,25.752,26.128,25.563,25.652,701773,0
1998-08-17,25.612,25.986,25.42,25.935,711861,0
1998-08-18,25.844,26.603,25.652,26.459,729626,0
1998-08-19,26.459,26.696,26.459,26.603,527801,0
1998-08-20,26.603,26.936,26.511,26.836,609206,0
1998-08-21,26.744,26.886,25.935,26.794,1059082,0
1998-08-24,27.219,27.219,26.077,26.319,657592,0
1998-08-25,26.411,26.511,25.563,25.704,1401147,0
1998-08-26,26.744,26.744,24.995,25.228,1227896,0
1998-08-27,25.228,25.228,23.995,24.137,885593,0
1998-08-28,24.328,24.995,23.854,24.186,705735,0
1998-08-31,24.377,24.802,23.095,23.147,549411,0
1998-09-01,23.428,24.756,23.287,24.094,708496,0
1998-09-02,24.137,24.377,23.48,23.953,618329,0
1998-09-03,23.953,24.377,23.62,24.328,553255,0
1998-09-04,24.52,24.614,23.52,23.854,642705,0
1998-09-08,23.854,24.614,23.854,24.614,653510,0
1998-09-09,25.038,25.278,24.279,24.421,498748,0
1998-09-10,24.236,24.236,23.38,23.48,495264,0
1998-09-11,23.48,23.854,23.197,23.854,564300,0
1998-09-14,24.236,24.421,24.094,24.186,837567,0
1998-09-15,23.995,24.995,23.712,24.944,471013,0
1998-09-16,25.138,25.321,24.52,25.228,325252,0
1998-09-17,25.986,26.038,24.421,24.897,563700,0
1998-09-18,24.897,25.086,24.52,24.756,419025,0
1998-09-21,24.236,24.66,23.953,24.279,587714,0
1998-09-22,24.328,24.52,23.48,23.67,643065,0
1998-09-23,23.812,23.812,23.147,23.38,1242420,0
1998-09-24,22.912,23.712,22.912,23.38,1104949,0
1998-09-25,23.38,23.569,22.912,23.52,579791,0
1998-09-28,24.094,24.094,23.147,23.339,736471,0
1998-09-29,23.603,23.705,23.27,23.512,403534,0
1998-09-30,23.322,23.562,22.656,22.656,399094,0
1998-10-01,22.463,22.797,22.089,22.754,737436,0
1998-10-02,22.754,22.989,22.13,22.938,314211,0
1998-10-05,22.938,23.129,22.656,22.938,400412,0
1998-10-06,23.129,24.087,22.849,23.937,564300,0
1998-10-07,23.937,24.756,23.896,24.178,1306175,0
1998-10-08,23.705,24.129,22.797,22.849,731793,0
1998-10-09,22.849,23.937,22.754,23.603,1116839,0
1998-10-12,23.796,24.844,23.796,24.756,329452,0
1998-10-13,24.704,25.563,24.564,25.228,655308,0
1998-10-14,25.268,27.228,25.228,26.603,1096185,0
1998-10-15,26.603,27.228,26.561,27.228,1187554,0
1998-10-16,27.986,28.37,27.6,28.317,478334,0
1998-10-19,28.267,28.267,27.752,28.177,600082,0
1998-10-20,28.177,28.752,27.986,28.177,569942,0
1998-10-21,28.126,28.126,27.127,27.269,336659,0
1998-10-22,27.458,28.7,27.42,28.652,501026,0
1998-10-23,28.461,28.511,26.936,27.703,694211,0
1998-10-26,27.6,28.601,27.6,28.37,965552,0
1998-10-27,28.177,28.317,27.228,27.792,666957,0
1998-10-28,27.792,28.085,27.034,27.561,337261,0
1998-10-29,27.703,28.418,26.892,28.418,643544,0
1998-10-30,28.37,28.935,28.126,28.752,764810,0
1998-11-02,29.316,30.226,29.228,29.419,845970,0
1998-11-03,28.652,31.416,28.652,30.46,1087057,0
1998-11-04,30.46,30.558,29.844,30.417,637540,0
1998-11-05,30.367,31.226,30.033,31.124,408701,0
1998-11-06,30.46,31.034,30.46,30.891,456481,0
1998-11-09,30.843,30.843,30.178,30.601,706578,0
1998-11-10,30.126,30.508,29.933,29.933,385527,0
1998-11-11,29.933,29.933,28.793,28.983,822678,0
1998-11-12,29.175,29.75,28.652,28.893,769366,0
1998-11-13,28.935,30.46,28.177,30.46,623967,0
1998-11-16,30.417,31.034,30.318,31.034,621212,0
1998-11-17,30.933,31.416,30.65,31.175,638501,0
1998-11-18,31.083,31.083,30.417,30.46,573306,0
1998-11-19,30.75,30.792,29.701,30.082,341945,0
1998-11-20,30.226,30.226,29.419,29.933,385405,0
1998-11-23,29.933,31.124,29.511,31.124,490942,0
1998-11-24,30.75,31.226,30.033,30.318,706217,0
1998-11-25,30.318,30.843,29.75,30.792,391288,0
1998-11-27,30.601,30.601,30.082,30.226,104218,0
1998-11-30,29.844,29.891,28.177,29.033,672121,0
1998-12-01,29.316,29.316,28.7,28.935,697452,0
1998-12-02,28.935,28.935,27.934,28.177,455525,0
1998-12-03,28.267,28.418,27.561,27.752,480379,0
1998-12-04,27.752,28.085,27.458,28.085,311688,0
1998-12-07,28.126,28.317,27.894,28.317,309882,0
1998-12-08,28.418,28.461,26.936,27.37,463087,0
1998-12-09,27.51,28.126,27.269,27.986,509074,0
1998-12-10,27.844,28.267,27.792,28.085,478457,0
1998-12-11,27.653,27.792,27.269,27.6,654947,0
1998-12-14,27.6,28.267,27.37,27.986,546169,0
1998-12-15,27.894,28.085,27.127,27.318,699251,0
1998-12-16,27.318,27.844,26.751,27.034,656391,0
1998-12-17,26.936,28.559,26.603,28.418,786662,0
1998-12-18,28.177,28.37,27.792,27.792,612086,0
1998-12-21,27.792,29.419,27.792,28.983,434033,0
1998-12-22,29.316,29.316,27.986,29.033,699373,0
1998-12-23,29.033,29.125,28.461,29.086,437992,0
1998-12-24,29.125,29.419,29.125,29.368,114780,0
1998-12-28,29.175,30.226,29.033,29.792,372797,0
1998-12-29,29.228,29.651,29.175,29.599,289475,0
1998-12-30,29.686,29.686,29.07,29.403,251415,0
1998-12-31,29.449,30.782,29.111,30.591,632258,0
1999-01-04,30.398,30.45,29.543,29.836,728189,0
1999-01-05,29.543,30.209,29.352,29.977,656508,0
1999-01-06,29.836,30.835,29.783,30.641,928454,0
1999-01-07,30.398,30.694,29.836,29.876,826758,0
1999-01-08,29.977,30.742,29.591,30.641,796028,0
1999-01-11,30.591,31.601,30.5,31.359,748118,0
1999-01-12,31.167,31.308,29.977,30.026,765650,0
1999-01-13,28.875,30.258,28.875,30.258,738993,0
1999-01-14,30.117,30.117,29.07,29.262,378564,0
1999-01-15,29.352,30.117,28.684,30.117,349387,0
1999-01-19,30.026,30.358,28.919,29.783,346266,0
1999-01-20,29.876,29.876,28.353,28.393,439190,0
1999-01-21,27.918,29.449,27.677,28.01,807673,0
1999-01-22,27.442,27.918,26.911,27.442,1703711,0
1999-01-25,27.344,27.634,26.911,27.586,991490,0
1999-01-26,27.252,27.536,26.911,27.153,876467,0
1999-01-27,27.153,27.153,26.195,26.386,541006,0
1999-01-28,26.003,26.961,25.862,25.961,677405,0
1999-01-29,26.003,26.003,25.386,25.722,718462,0
1999-02-01,25.722,25.722,25.386,25.528,837805,0
1999-02-02,25.722,25.909,24.952,25.196,783295,0
1999-02-03,25.245,25.386,24.377,24.479,1693743,0
1999-02-04,24.43,25.145,23.854,24.952,1734204,0
1999-02-05,24.952,25.479,24.479,24.669,1285044,0
1999-02-08,25.056,25.436,24.713,25.336,1522532,0
1999-02-09,25.436,25.768,25.056,25.336,875269,0
1999-02-10,25.336,25.811,25.287,25.811,899517,0
1999-02-11,25.722,27.061,25.722,26.436,1605254,0
1999-02-12,26.003,26.485,25.961,26.195,767452,0
1999-02-16,25.528,26.294,25.336,25.668,1130044,0
1999-02-17,25.668,26.538,25.668,26.436,1349882,0
1999-02-18,26.386,26.436,25.336,25.336,795185,0
1999-02-19,25.145,25.722,25.056,25.386,771771,0
1999-02-22,25.668,25.961,25.056,25.961,520837,0
1999-02-23,25.768,25.768,24.186,25.436,664556,0
1999-02-24,25.145,25.245,23.712,24.289,1145650,0
1999-02-25,24.094,24.328,23.712,24.328,638741,0
1999-02-26,24.289,24.763,24.186,24.571,717744,0
1999-03-01,24.479,24.571,23.611,24.186,1321186,0
1999-03-02,24.186,24.571,23.138,23.419,1135326,0
1999-03-03,23.278,23.904,23.229,23.763,1605978,0
1999-03-04,23.904,24.763,23.904,24.479,887513,0
1999-03-05,24.862,25.145,24.479,24.571,764205,0
1999-03-08,24.571,24.763,23.804,24.328,592038,0
1999-03-09,24.328,25.145,24.186,24.811,889195,0
1999-03-10,24.862,24.862,24.186,24.571,554576,0
1999-03-11,24.571,24.763,23.995,24.479,565980,0
1999-03-12,25.145,25.245,24.289,24.328,683764,0
1999-03-15,24.43,24.43,23.804,24.289,672356,0
1999-03-16,24.479,24.479,23.763,23.995,649667,0
1999-03-17,23.953,24.289,23.804,24.236,1726642,0
1999-03-18,24.236,24.713,24.045,24.571,851494,0
1999-03-19,25.336,25.336,24.377,24.952,803950,0
1999-03-22,24.479,25.578,24.377,25.578,1351920,0
1999-03-23,25.386,25.436,24.479,24.713,786180,0
1999-03-24,24.713,25.336,24.571,25.287,894118,0
1999-03-25,25.287,26.195,25.287,26.054,1011301,0
1999-03-26,25.909,26.195,25.578,26.054,871786,0
1999-03-29,26.054,27.061,25.961,26.911,820157,0
1999-03-30,26.901,27.476,26.801,27.094,890997,0
1999-03-31,26.519,26.711,25.745,26.327,570424,0
1999-04-01,26.228,26.277,25.745,26.277,427906,0
1999-04-05,26.228,26.952,25.897,26.711,335340,0
1999-04-06,26.038,26.519,25.745,25.986,522397,0
1999-04-07,25.745,26.561,25.745,26.561,592276,0
1999-04-08,26.711,26.994,26.418,26.711,646184,0
1999-04-09,26.76,26.76,25.935,26.468,431389,0
1999-04-12,26.228,26.952,26.179,26.952,380724,0
1999-04-13,26.952,26.994,26.135,26.135,1395386,0
1999-04-14,26.179,29.017,26.135,28.534,2073508,0
1999-04-15,28.826,32.285,28.627,31.659,2214584,0
1999-04-16,31.124,33.432,31.124,33.432,2285781,0
1999-04-19,35.546,36.796,35.065,35.163,4607458,0
1999-04-20,35.065,35.163,33.814,34.592,1730844,0
1999-04-21,34.4,34.681,33.814,34.249,1066408,0
1999-04-22,34.058,34.106,32.568,33.625,1468141,0
1999-04-23,33.581,33.863,32.285,32.807,1128360,0
1999-04-26,32.285,32.476,31.659,32.233,585792,0
1999-04-27,32.426,32.426,31.317,31.799,1358286,0
1999-04-28,31.849,34.681,31.799,33.773,2172678,0
1999-04-29,34.489,36.124,34.441,36.03,1633472,0
1999-04-30,35.933,36.173,35.499,36.124,1267636,0
1999-05-03,36.124,37.756,36.124,37.756,1787394,0
1999-05-04,37.181,37.856,37.128,37.231,1678135,0
1999-05-05,37.088,37.279,36.03,36.464,1023549,0
1999-05-06,36.415,36.939,35.649,36.073,697211,0
1999-05-07,36.073,37.181,36.03,36.796,434993,0
1999-05-10,36.846,36.89,36.556,36.556,666838,0
1999-05-11,36.697,37.663,36.697,37.42,1106752,0
1999-05-12,37.231,37.231,35.255,36.073,714623,0
1999-05-13,36.124,36.314,35.449,35.649,383726,0
1999-05-14,35.599,35.649,35.065,35.449,672839,0
1999-05-17,34.972,34.972,33.773,33.814,486499,0
1999-05-18,33.814,33.814,32.135,32.717,1114553,0
1999-05-19,33.048,34.783,33,34.632,1095224,0
1999-05-20,34.632,35.163,33.814,34.058,655308,0
1999-05-21,33.863,34.005,33.048,33.673,335340,0
1999-05-24,33.673,34.489,33,33.191,495745,0
1999-05-25,33.383,33.917,32.958,32.958,623967,0
1999-05-26,33.048,33.191,31.367,32.958,1035309,0
1999-05-27,32.568,32.618,31.509,31.557,575587,0
1999-05-28,31.509,32.093,31.509,31.509,571505,0
1999-06-01,32.666,33.29,31.898,33.24,723984,0
1999-06-02,33.24,33.24,32.285,32.476,458285,0
1999-06-03,32.329,32.426,31.608,31.849,722666,0
1999-06-04,32.285,32.807,32.233,32.807,595876,0
1999-06-07,33,33.048,32.18,32.758,452763,0
1999-06-08,33,33,31.991,32.093,362835,0
1999-06-09,32.093,32.093,31.367,31.509,496107,0
1999-06-10,30.933,31.799,30.65,31.509,878389,0
1999-06-11,32.476,32.568,31.608,31.943,404256,0
1999-06-14,31.991,33.533,31.991,33.383,819556,0
1999-06-15,33.341,34.541,33.099,34.198,785459,0
1999-06-16,33.814,34.298,33.625,33.863,837687,0
1999-06-17,33.814,34.681,33.773,34.632,405696,0
1999-06-18,34.592,34.972,34.541,34.972,657349,0
1999-06-21,34.874,35.649,34.783,35.599,693490,0
1999-06-22,35.599,35.649,33.723,34.681,845249,0
1999-06-23,33.625,34.489,33.625,34.4,477976,0
1999-06-24,34.106,34.156,31.317,31.509,1275199,0
1999-06-25,31.509,32.233,31.124,31.509,2029443,0
1999-06-28,32.038,32.093,31.557,31.659,619054,0
1999-06-29,31.65,32.476,31.65,32.084,970358,0
1999-06-30,32.18,32.18,31.076,31.076,1177826,0
1999-07-01,31.167,31.792,30.926,31.699,1273157,0
1999-07-02,31.75,33.149,31.65,33.149,709216,0
1999-07-06,33.099,33.149,32.03,32.666,613881,0
1999-07-07,32.758,32.958,32.515,32.717,275788,0
1999-07-08,32.426,32.807,32.233,32.568,393810,0
1999-07-09,32.618,33.581,32.568,33.191,446999,0
1999-07-12,32.807,33,31.65,31.84,2596745,0
1999-07-13,31.267,32.135,31.116,32.03,1470785,0
1999-07-14,32.03,32.373,31.75,32.084,1003973,0
1999-07-15,32.084,32.373,31.699,31.89,464888,0
1999-07-16,28.66,29.335,27.934,28.52,5547438,0
1999-07-19,28.37,28.418,27.119,27.744,2339690,0
1999-07-20,27.6,28.225,27.26,28.126,2334645,0
1999-07-21,27.885,28.225,27.36,27.503,1194758,0
1999-07-22,27.451,27.552,26.918,27.16,786662,0
1999-07-23,27.069,27.643,27.069,27.451,912365,0
1999-07-26,27.069,27.744,26.827,26.918,957751,0
1999-07-27,27.02,27.16,26.243,26.778,904202,0
1999-07-28,26.778,26.778,25.722,26.394,457086,0
1999-07-29,26.203,26.203,25.668,25.668,507268,0
1999-07-30,25.961,25.961,25.038,25.811,699373,0
1999-08-02,26.003,27.503,25.909,27.211,1115398,0
1999-08-03,27.211,27.211,26.345,27.069,714142,0
1999-08-04,27.26,27.26,26.294,26.294,1211564,0
1999-08-05,26.678,26.918,26.243,26.635,1240863,0
1999-08-06,26.635,26.635,26.294,26.586,810552,0
1999-08-09,26.635,26.678,25.961,26.345,406539,0
1999-08-10,26.345,26.485,26.003,26.243,984882,0
1999-08-11,26.243,26.394,25.62,25.909,643425,0
1999-08-12,25.811,25.811,25.278,25.377,960272,0
1999-08-13,25.76,27.119,25.479,26.827,1371253,0
1999-08-16,26.538,26.827,26.203,26.827,489381,0
1999-08-17,26.485,27.26,26.294,27.211,649545,0
1999-08-18,27.02,27.16,26.635,27.16,1004815,0
1999-08-19,26.877,27.36,26.635,27.31,997013,0
1999-08-20,27.31,28.708,27.211,28.276,1448815,0
1999-08-23,28.225,28.276,27.552,27.744,748959,0
1999-08-24,27.792,28.076,27.211,27.693,457564,0
1999-08-25,27.986,27.986,26.918,27.693,652788,0
1999-08-26,27.643,27.934,27.451,27.792,673800,0
1999-08-27,27.643,28.037,27.16,27.26,663355,0
1999-08-30,27.403,27.403,26.485,26.586,413021,0
1999-08-31,26.394,26.436,26.243,26.243,391408,0
1999-09-01,26.394,26.678,26.243,26.586,904923,0
1999-09-02,26.538,26.586,26.243,26.345,1140250,0
1999-09-03,26.436,26.918,26.345,26.586,499824,0
1999-09-07,26.635,26.635,26.153,26.394,433190,0
1999-09-08,26.203,26.394,26.003,26.243,462002,0
1999-09-09,26.153,26.538,26.054,26.538,322133,0
1999-09-10,26.394,27.36,26.243,26.778,576787,0
1999-09-13,26.436,26.778,26.436,26.778,232563,0
1999-09-14,26.586,26.877,25.62,25.862,808873,0
1999-09-15,26.635,26.877,25.961,26.345,706937,0
1999-09-16,26.153,26.203,25.377,25.519,470651,0
1999-09-17,25.479,25.909,24.802,24.897,553497,0
1999-09-20,25.086,25.668,24.995,25.278,241570,0
1999-09-21,25.086,25.086,24.564,24.704,767452,0
1999-09-22,24.802,24.897,23.164,23.687,2405002,0
1999-09-23,23.687,23.979,23.164,23.252,668997,0
1999-09-24,23.164,23.738,23.062,23.355,845012,0
1999-09-27,23.446,23.687,23.062,23.355,1123798,0
1999-09-28,23.252,23.306,22.871,22.871,1586405,0
1999-09-29,23.055,23.252,21.646,21.697,1453854,0
1999-09-30,21.939,23.205,21.506,22.721,3232366,0
1999-10-01,22.331,22.813,21.896,22.62,1244702,0
1999-10-04,22.912,23.888,22.62,23.446,910084,0
1999-10-05,23.346,23.738,22.912,23.498,424666,0
1999-10-06,23.395,23.929,23.306,23.738,902640,0
1999-10-07,24.029,24.078,23.306,23.738,486621,0
1999-10-08,24.078,25.047,24.078,24.564,696493,0
1999-10-11,24.421,24.421,23.446,23.596,502470,0
1999-10-12,23.687,23.687,22.571,22.571,930976,0
1999-10-13,23.103,23.205,22.379,22.471,616527,0
1999-10-14,22.523,22.721,22.229,22.523,468129,0
1999-10-15,22.912,22.912,20.921,21.264,1254186,0
1999-10-18,21.264,21.605,20.971,21.406,1048279,0
1999-10-19,21.605,21.939,21.065,21.646,1327309,0
1999-10-20,21.646,22.229,21.357,21.506,1607419,0
1999-10-21,21.163,21.455,20.971,21.215,1322746,0
1999-10-22,21.312,21.312,20.822,21.065,689407,0
1999-10-25,21.065,21.939,21.022,21.605,775851,0
1999-10-26,21.746,22.089,21.163,21.215,1081537,0
1999-10-27,21.455,22.281,20.872,22.281,1421080,0
1999-10-28,22.089,22.471,21.264,21.264,1176869,0
1999-10-29,21.697,22.038,20.971,21.357,1350599,0
1999-11-01,21.455,22.281,21.357,21.797,1675735,0
1999-11-02,21.939,22.089,21.697,21.845,985486,0
1999-11-03,21.939,21.939,21.163,21.163,1084298,0
1999-11-04,21.264,21.746,21.264,21.555,599959,0
1999-11-05,21.646,21.746,20.73,20.822,2218186,0
1999-11-08,20.822,20.921,19.949,20.533,876947,0
1999-11-09,20.822,21.113,20.44,20.681,663955,0
1999-11-10,20.681,21.455,20.629,21.264,978403,0
1999-11-11,21.746,22.229,21.312,21.605,1201361,0
1999-11-12,22.912,24.51,22.331,24.17,2029082,0
1999-11-15,24.078,24.907,23.738,24.756,1882002,0
1999-11-17,25.436,26.119,25.436,26.119,1398508,0
1999-11-18,26.021,26.162,25.245,25.73,1414353,0
1999-11-19,25.336,26.311,24.078,24.713,1297891,0
1999-11-22,24.51,24.802,24.27,24.51,1040475,0
1999-11-23,24.713,24.952,24.614,24.907,904324,0
1999-11-24,24.952,25.628,24.907,25.145,783660,0
1999-11-26,25.145,25.145,24.802,25.004,242766,0
1999-11-29,24.853,24.853,24.461,24.66,637061,0
1999-11-30,24.51,25.196,24.461,25.145,802265,0
1999-12-01,24.853,25.336,24.802,25.047,862178,0
1999-12-02,24.952,25.386,24.952,25.336,474851,0
1999-12-03,25.536,25.628,24.51,24.564,990289,0
1999-12-06,24.66,25.004,24.27,24.461,1247108,0
1999-12-07,24.756,24.802,23.888,23.929,1391662,0
1999-12-08,23.787,24.564,23.306,24.564,732390,0
1999-12-09,24.66,24.713,23.787,24.421,534884,0
1999-12-10,24.614,24.66,24.27,24.564,691207,0
1999-12-13,24.078,24.461,23.547,23.687,674040,0
1999-12-14,23.498,24.713,23.395,24.564,626855,0
1999-12-15,24.51,24.51,23.836,24.17,623374,0
1999-12-16,23.979,24.078,23.639,24.029,520956,0
1999-12-17,24.369,24.66,23.596,24.421,1247227,0
1999-12-20,24.27,24.66,23.252,23.738,835406,0
1999-12-21,23.738,24.078,22.571,22.762,977922,0
1999-12-22,23.014,23.498,22.138,22.62,1102906,0
1999-12-23,23.103,24.27,22.721,23.929,505109,0
1999-12-27,23.639,24.461,23.639,23.979,454444,0
1999-12-28,23.787,24.369,23.687,24.369,471616,0
1999-12-29,24.461,26.311,24.461,26.021,857374,0
1999-12-30,25.828,26.311,25.628,25.73,557577,0
1999-12-31,25.722,26.311,25.628,26.212,297876,0
2000-01-03,26.012,26.311,25.578,25.628,661792,0
2000-01-04,25.377,25.427,24.404,24.844,516395,0
2000-01-05,24.844,25.287,24.255,24.986,798786,0
2000-01-06,25.377,27.677,24.844,26.653,1649563,0
2000-01-07,26.696,28.893,26.311,28.502,1440649,0
2000-01-10,27.335,27.819,26.354,26.744,1168943,0
2000-01-11,26.552,27.044,25.329,25.528,1400185,0
2000-01-12,25.768,26.402,25.578,25.968,1768663,0
2000-01-13,25.818,26.552,25.768,25.768,533086,0
2000-01-14,25.768,26.012,25.188,25.287,1425759,0
2000-01-18,25.086,25.287,24.012,24.064,1166300,0
2000-01-19,24.597,24.694,23.962,24.112,977800,0
2000-01-20,23.914,23.914,23.229,23.331,719783,0
2000-01-21,24.212,24.455,22.255,22.596,1109151,0
2000-01-24,24.012,24.012,22.938,23.569,1170147,0
2000-01-25,23.62,24.404,23.229,24.255,1800359,0
2000-01-26,23.82,24.643,23.331,24.597,1199078,0
2000-01-27,24.112,24.353,23.77,24.112,707418,0
2000-01-28,23.914,23.914,22.647,23.278,1033991,0
2000-01-31,23.48,23.48,22.989,23.138,838765,0
2000-02-01,23.138,24.112,23.038,23.914,796745,0
2000-02-02,23.914,24.064,23.48,23.721,940823,0
2000-02-03,23.721,24.255,23.721,24.012,648465,0
2000-02-04,24.212,24.212,23.871,24.112,528041,0
2000-02-07,24.112,24.212,23.82,24.064,602363,0
2000-02-08,23.721,24.112,23.48,23.569,524437,0
2000-02-09,23.278,23.428,22.355,22.355,975400,0
2000-02-10,22.596,22.596,21.523,21.913,973478,0
2000-02-11,21.913,22.154,20.698,21.04,799986,0
2000-02-14,21.47,22.403,21.28,22.403,698291,0
2000-02-15,22.596,23.188,21.964,22.647,738871,0
2000-02-16,22.596,22.849,21.813,21.863,604759,0
2000-02-17,22.154,22.596,21.47,22.255,481454,0
2000-02-18,22.062,22.115,20.748,21.131,541609,0
2000-02-22,20.748,22.115,20.748,21.721,915488,0
2000-02-23,21.863,21.913,21.18,21.23,569223,0
2000-02-24,21.23,21.38,20.356,20.596,1180828,0
2000-02-25,20.788,20.889,20.305,20.406,1241942,0
2000-02-28,20.596,20.988,20.256,20.406,577868,0
2000-02-29,20.256,20.647,20.014,20.107,1165821,0
2000-03-01,20.107,20.406,19.765,20.256,2263451,0
2000-03-02,20.256,20.305,19.863,19.914,1368368,0
2000-03-03,19.914,20.988,19.914,20.548,3128628,0
2000-03-06,20.356,20.356,19.422,19.765,1109033,0
2000-03-07,19.572,19.673,18.597,18.89,1238461,0
2000-03-08,18.69,19.523,17.964,19.372,1916584,0
2000-03-09,18.89,20.356,18.69,19.372,878267,0
2000-03-10,19.712,20.107,19.032,19.475,605723,0
2000-03-13,19.23,19.475,18.549,19.281,1156220,0
2000-03-14,19.281,19.673,18.789,19.422,1186352,0
2000-03-15,19.475,21.773,19.332,21.38,2574895,0
2000-03-16,21.571,23.67,21.571,23.188,1766383,0
2000-03-17,23.138,23.188,21.131,21.523,1106992,0
2000-03-20,21.571,22.506,21.571,21.863,955588,0
2000-03-21,21.673,22.304,21.38,22.255,963153,0
2000-03-22,21.673,21.721,20.406,21.131,994371,0
2000-03-23,21.571,22.544,21.47,22.115,1004334,0
2000-03-24,21.673,22.746,21.673,22.596,1191034,0
2000-03-27,22.255,22.304,21.773,21.813,700932,0
2000-03-28,21.773,22.647,21.773,21.913,780894,0
2000-03-29,21.813,22.453,21.523,22.205,980924,0
2000-03-30,22.395,23.038,22.004,22.596,1144812,0
2000-03-31,22.695,23.578,22.347,22.347,1143012,0
2000-04-03,22.544,23.971,22.544,23.679,973360,0
2000-04-04,23.971,24.07,22.787,23.38,1011301,0
2000-04-05,23.428,24.361,23.138,23.331,944305,0
2000-04-06,23.229,23.921,22.888,23.229,557696,0
2000-04-07,23.138,23.331,22.787,22.989,533086,0
2000-04-10,23.038,23.721,22.787,23.138,431632,0
2000-04-11,23.138,24.614,23.138,24.311,899283,0
2000-04-12,24.66,25.594,24.564,24.907,1300173,0
2000-04-13,24.66,25.103,23.629,23.629,771050,0
2000-04-14,23.629,23.921,22.596,22.746,976602,0
2000-04-17,22.839,23.578,22.746,23.48,1227652,0
2000-04-18,23.48,23.48,22.295,23.086,936497,0
2000-04-19,23.138,23.38,21.664,21.904,914650,0
2000-04-20,21.854,23.871,21.854,23.48,1160177,0
2000-04-24,22.787,25.492,22.787,24.802,1423960,0
2000-04-25,25.145,25.935,24.461,25.739,1573919,0
2000-04-26,24.361,25.545,24.02,24.212,1229576,0
2000-04-27,23.921,24.907,23.629,24.17,694931,0
2000-04-28,23.578,24.66,23.578,24.413,836847,0
2000-05-01,24.212,25.196,23.82,24.802,729989,0
2000-05-02,24.614,25.344,24.51,25.196,1337038,0
2000-05-03,24.853,24.853,23.971,24.02,592276,0
2000-05-04,24.704,25.103,24.311,24.361,565860,0
2000-05-05,23.971,25.004,23.971,24.66,511713,0
2000-05-08,24.564,24.756,24.311,24.564,725307,0
2000-05-09,24.361,24.461,23.82,23.82,1831459,0
2000-05-10,23.921,24.952,23.921,24.51,1114675,0
2000-05-11,25.935,27.51,25.837,27.31,3278951,0
2000-05-12,26.327,28.294,26.084,28.093,1827615,0
2000-05-15,27.111,28.043,26.869,27.36,922332,0
2000-05-16,27.903,27.903,26.476,26.769,625054,0
2000-05-17,26.769,27.552,26.617,26.918,1007697,0
2000-05-18,26.918,27.703,26.918,27.485,600202,0
2000-05-19,27.31,28.534,27.26,28.294,898320,0
2000-05-22,28.494,29.275,28.443,28.76,993769,0
2000-05-23,28.786,30.703,28.534,30.358,1552429,0
2000-05-24,30.45,30.5,28.833,29.325,1343637,0
2000-05-25,29.079,29.377,27.51,27.951,1059566,0
2000-05-26,27.51,27.6,25.935,27.061,876467,0
2000-05-30,27.111,27.36,26.228,27.211,629618,0
2000-05-31,27.6,28.001,27.211,27.211,641863,0
2000-06-01,27.211,28.635,26.769,28.534,625534,0
2000-06-02,28.534,29.718,28.294,28.635,854254,0
2000-06-05,28.684,28.833,28.243,28.294,481340,0
2000-06-06,27.903,28.294,27.412,27.653,575107,0
2000-06-07,27.31,27.703,27.02,27.111,625775,0
2000-06-08,27.02,27.02,26.228,26.528,876467,0
2000-06-09,26.617,26.869,26.277,26.528,812115,0
2000-06-12,27.211,28.144,26.378,26.476,797946,0
2000-06-13,27.111,27.211,26.427,26.476,782456,0
2000-06-14,26.378,27.51,26.378,27.061,616050,0
2000-06-15,27.802,27.903,26.719,27.36,1300413,0
2000-06-16,26.918,27.36,26.378,27.31,831445,0
2000-06-19,27.26,27.51,26.578,26.819,1008777,0
2000-06-20,26.617,26.719,24.461,25.344,1900973,0
2000-06-21,25.056,25.056,24.07,24.564,1029307,0
2000-06-22,24.614,24.952,24.121,24.704,835765,0
2000-06-23,24.802,25.295,24.311,24.361,636580,0
2000-06-26,24.853,25.056,24.07,24.461,1552070,0
2000-06-27,24.66,26.617,24.564,26.084,675480,0
2000-06-28,25.635,26.819,24.952,26.153,666115,0
2000-06-29,25.492,26.327,24.652,25.837,622050,0
2000-06-30,25.344,25.635,24.205,24.353,1242903,0
2000-07-03,24.404,24.756,24.255,24.606,1023666,0
2000-07-05,24.995,25.047,24.501,24.844,975642,0
2000-07-06,25.047,25.047,24.104,24.404,1042275,0
2000-07-07,24.501,24.606,23.712,23.914,680163,0
2000-07-10,23.712,24.353,23.322,23.661,1115634,0
2000-07-11,23.462,24.104,23.12,24.104,1651843,0
2000-07-12,23.914,24.012,23.462,23.812,1066651,0
2000-07-13,24.104,24.554,23.962,24.404,1182391,0
2000-07-14,24.205,24.897,23.962,24.844,2777801,0
2000-07-17,25.295,25.445,24.205,24.353,1065449,0
2000-07-18,24.303,24.501,23.914,24.012,585071,0
2000-07-19,23.962,24.303,23.462,23.661,605603,0
2000-07-20,24.501,24.897,23.962,24.064,1844064,0
2000-07-21,24.303,25.784,24.205,24.844,1922584,0
2000-07-24,25.585,25.585,24.756,25.295,1042275,0
2000-07-25,25.445,26.427,25.245,25.784,1397066,0
2000-07-26,26.084,26.378,25.635,25.784,1228737,0
2000-07-27,25.585,26.877,25.585,26.038,1278081,0
2000-07-28,25.889,26.578,25.739,26.084,748118,0
2000-07-31,26.135,26.827,26.135,26.378,600680,0
2000-08-01,26.378,26.578,26.235,26.378,395968,0
2000-08-02,26.084,26.378,25.935,26.277,857857,0
2000-08-03,26.135,26.97,26.135,26.877,725790,0
2000-08-04,26.877,26.97,26.578,26.877,683524,0
2000-08-07,26.476,27.219,26.476,27.02,757604,0
2000-08-08,27.069,27.318,26.678,27.269,563943,0
2000-08-09,27.57,27.811,27.02,27.37,478334,0
2000-08-10,27.57,27.669,26.778,27.069,410740,0
2000-08-11,26.877,28.109,26.877,27.76,494663,0
2000-08-14,27.669,28.362,27.169,28.259,564300,0
2000-08-15,27.96,28.362,27.269,28.211,503668,0
2000-08-16,28.211,28.7,28.061,28.601,456004,0
2000-08-17,28.401,29.244,28.211,29.192,588794,0
2000-08-18,29.192,29.192,27.96,28.159,663474,0
2000-08-21,28.109,28.362,27.617,28.159,426227,0
2000-08-22,28.109,28.211,27.468,28.159,420463,0
2000-08-23,28.451,29.344,28.061,29.103,1010099,0
2000-08-24,28.952,29.694,28.902,29.493,849814,0
2000-08-25,29.694,29.883,29.394,29.643,606566,0
2000-08-28,29.591,29.883,29.591,29.643,586876,0
2000-08-29,29.792,30.082,29.643,29.883,654471,0
2000-08-30,29.694,29.844,29.141,29.192,407857,0
2000-08-31,28.85,29.141,28.652,28.717,778375,0
2000-09-01,28.7,29.051,27.96,28.902,426227,0
2000-09-05,29.244,29.694,28.802,29.694,827004,0
2000-09-06,29.643,30.926,29.643,30.825,621569,0
2000-09-07,30.535,30.535,28.7,29.244,2194288,0
2000-09-08,29.051,29.192,27.861,28.451,821118,0
2000-09-11,28.451,28.451,27.91,28.109,692049,0
2000-09-12,28.159,28.159,27.42,28.061,751242,0
2000-09-13,28.061,28.061,27.02,27.617,963753,0
2000-09-14,27.617,28.362,27.468,27.861,981647,0
2000-09-15,27.468,27.669,26.927,27.617,1197038,0
2000-09-18,27.468,27.468,26.626,27.044,991131,0
2000-09-19,26.778,27.02,26.378,27.02,963753,0
2000-09-20,26.727,26.97,26.187,26.476,1283844,0
2000-09-21,26.277,26.778,26.084,26.427,1285044,0
2000-09-22,26.476,26.778,25.935,26.778,1475587,0
2000-09-25,26.678,27.069,26.084,26.378,601882,0
2000-09-26,26.277,26.578,25.889,26.135,889555,0
2000-09-27,26.084,26.476,25.837,26.476,623495,0
2000-09-28,26.578,28.219,26.427,28.019,694451,0
2000-09-29,28.019,29.607,27.228,28.618,1292851,0
2000-10-02,28.82,28.82,28.118,28.468,577868,0
2000-10-03,28.768,29.81,28.37,29.359,969756,0
2000-10-04,29.56,30.408,29.262,29.458,925571,0
2000-10-05,29.66,30.108,28.768,30.108,689287,0
2000-10-06,29.909,30.799,29.458,30.258,766369,0
2000-10-09,30.258,31.549,29.56,30.358,980924,0
2000-10-10,30.558,30.9,30.059,30.46,847653,0
2000-10-11,30.65,31.001,29.758,30.258,1088981,0
2000-10-12,30.059,30.059,28.317,29.307,630458,0
2000-10-13,28.82,28.82,27.428,28.568,1060407,0
2000-10-16,28.118,29.71,28.118,29.017,535247,0
2000-10-17,29.219,29.71,28.067,28.52,510752,0
2000-10-18,28.418,28.568,27.819,28.37,561419,0
2000-10-19,27.428,27.428,24.246,26.187,3397332,0
2000-10-20,25.889,27.027,25.784,26.778,968316,0
2000-10-23,26.778,28.019,26.678,27.027,672959,0
2000-10-24,27.228,28.867,27.228,28.867,1565876,0
2000-10-25,28.968,29.219,28.867,29.07,1522172,0
2000-10-26,29.117,29.117,28.067,28.468,831445,0
2000-10-27,28.168,29.411,27.918,28.919,1232336,0
2000-10-30,28.717,29.359,28.717,29.07,1886687,0
2000-10-31,28.768,30.009,28.317,29.66,1059684,0
2000-11-01,30.059,30.059,28.768,29.262,553617,0
2000-11-02,28.618,29.167,28.52,28.867,702374,0
2000-11-03,28.418,29.117,28.168,28.568,817753,0
2000-11-06,28.618,28.82,28.168,28.317,707778,0
2000-11-07,28.717,28.82,28.37,28.618,883668,0
2000-11-08,29.219,29.909,28.168,29.017,764568,0
2000-11-09,29.411,29.458,27.774,28.618,860378,0
2000-11-10,28.219,29.117,27.527,27.527,642822,0
2000-11-13,27.728,28.219,27.077,27.327,1221291,0
2000-11-14,27.527,27.625,25.837,27.428,2767837,0
2000-11-15,27.428,28.168,27.278,27.527,1197640,0
2000-11-16,27.176,27.228,26.187,26.337,615088,0
2000-11-17,26.877,27.819,26.378,26.778,1234860,0
2000-11-20,27.176,27.176,26.286,26.528,550253,0
2000-11-21,26.135,26.827,26.135,26.427,1136764,0
2000-11-22,26.427,26.827,25.739,26.678,645223,0
2000-11-24,26.678,27.228,26.578,26.827,395491,0
2000-11-27,27.027,27.027,26.235,26.827,682203,0
2000-11-28,26.727,27.379,26.476,26.578,909604,0
2000-11-29,26.626,27.428,26.626,27.327,1224654,0
2000-11-30,27.278,27.476,26.976,27.379,864701,0
2000-12-01,28.168,28.168,27.677,27.968,728428,0
2000-12-04,27.625,29.307,27.625,29.219,1227780,0
2000-12-05,29.359,29.359,28.168,29.07,1196560,0
2000-12-06,28.919,29.167,27.869,28.468,959191,0
2000-12-07,28.168,28.669,27.968,28.267,590117,0
2000-12-08,28.118,28.82,27.625,28.717,902883,0
2000-12-11,28.468,28.618,27.625,28.468,665392,0
2000-12-12,28.418,29.017,28.118,28.919,783180,0
2000-12-13,28.768,29.511,28.52,29.307,1229815,0
2000-12-14,29.219,29.758,28.618,28.717,983084,0
2000-12-15,28.418,28.919,28.019,28.019,1124041,0
2000-12-18,28.067,29.56,28.067,29.07,560578,0
2000-12-19,29.167,31.2,29.117,30.108,1215888,0
2000-12-20,30.609,30.703,28.919,29.511,991490,0
2000-12-21,30.108,30.851,29.909,30.65,769252,0
2000-12-22,30.209,31.951,30.209,31.699,1197038,0
2000-12-26,31.699,32.791,30.949,32.489,822678,0
2000-12-27,32.392,33.581,31.251,33.491,977081,0
2000-12-28,32.841,33.44,31.443,33.39,1338593,0
2000-12-29,33.44,33.44,32.592,32.74,948146,0
2001-01-02,32.443,33.39,32.038,32.293,1030148,0
2001-01-03,32.64,33.341,31.492,32.54,1236902,0
2001-01-04,32.443,33.891,32.338,32.991,1477267,0
2001-01-05,33.191,33.29,31.792,32.592,750642,0
2001-01-08,32.489,33.09,32.293,32.54,1070249,0
2001-01-09,31.943,32.338,31.141,31.392,1361648,0
2001-01-10,31.691,32.093,30.492,31.542,1044437,0
2001-01-11,31.392,31.392,30.143,30.392,976721,0
2001-01-12,30.441,30.441,29.344,29.891,673557,0
2001-01-16,29.141,30.292,28.893,29.741,1761459,0
2001-01-17,30.143,30.292,28.992,29.44,962072,0
2001-01-18,29.344,29.643,28.793,29.244,755204,0
2001-01-19,28.841,29.141,28.152,28.692,719544,0
2001-01-22,28.944,29.493,27.951,28.992,1306057,0
2001-01-23,28.992,30.091,28.841,28.992,1160177,0
2001-01-24,28.793,29.543,28.55,29.493,1453136,0
2001-01-25,29.543,30.543,29.493,29.844,1758458,0
2001-01-26,29.643,29.643,28.841,29.042,933377,0
2001-01-29,28.841,29.941,28.593,29.591,789539,0
2001-01-30,30.267,30.385,29.149,30.376,1666368,0
2001-01-31,30.276,30.825,30.075,30.159,1356244,0
2001-02-01,29.741,30.543,29.634,30.301,1151412,0
2001-02-02,30.301,30.582,29.941,30.318,984648,0
2001-02-05,30.327,31.308,30.31,31.092,1192718,0
2001-02-06,31.699,31.733,29.941,30.675,2897386,0
2001-02-07,30.343,31.141,30.091,30.957,894715,0
2001-02-08,31.943,31.943,31.068,31.584,1878761,0
2001-02-09,31.141,31.457,30.984,31.15,1384458,0
2001-02-12,31.351,31.424,30.742,31.132,770812,0
2001-02-13,31.141,31.542,31.068,31.525,1582926,0
2001-02-14,31.943,32.093,31.274,31.5,1346158,0
2001-02-15,32.338,32.426,31.699,31.898,1813449,0
2001-02-16,31.184,31.624,30.742,31.401,1624588,0
2001-02-20,31.826,32.302,31.542,32.151,1225495,0
2001-02-21,31.741,31.858,30.358,31.068,1657485,0
2001-02-22,31.141,31.943,30.5,30.9,893515,0
2001-02-23,31.068,31.068,29.643,29.836,1297052,0
2001-02-26,30.178,31.141,30.067,31.009,1603214,0
2001-02-27,30.9,31.557,30.9,31.408,1100628,0
2001-02-28,31.601,32.383,31.601,32.383,1507646,0
2001-03-01,32.18,32.338,31.509,31.917,1426483,0
2001-03-02,31.984,32.158,31.367,32.102,1137970,0
2001-03-05,31.699,32.496,31.699,32.302,1919946,0
2001-03-06,32.618,33.941,32.338,33.397,2254324,0
2001-03-07,33.397,34.058,33.157,33.941,1439930,0
2001-03-08,33.924,34.456,33.191,34.339,1425882,0
2001-03-09,34.306,34.697,33.698,34.139,1118277,0
2001-03-12,33.581,34.097,32.832,32.89,1171103,0
2001-03-13,32.302,32.815,31.341,32.584,1297295,0
2001-03-14,32.338,33.383,31.943,31.991,934221,0
2001-03-15,31.991,32.143,31.659,31.834,730471,0
2001-03-16,31.226,32.459,31.226,31.707,1556631,0
2001-03-19,31.858,32.758,31.741,32.316,990528,0
2001-03-20,31.141,32.898,30.851,31.758,1956564,0
2001-03-21,31.624,31.632,30.535,30.835,1445450,0
2001-03-22,30.301,30.301,29.07,30.043,1464060,0
2001-03-23,30.143,31.193,30.091,31.009,1431403,0
2001-03-26,31.009,31.943,31.001,31.492,1010340,0
2001-03-27,31.141,31.341,30.582,31.141,2086956,0
2001-03-28,30.667,31.132,30.108,31.042,1058965,0
2001-03-29,30.65,31.175,30.082,30.376,1273401,0
2001-03-30,30.292,31.058,29.891,30.816,1382298,0
2001-04-02,31.29,32.048,31.217,31.776,1964010,0
2001-04-03,31.615,31.615,30.807,30.875,922931,0
2001-04-04,30.477,32.215,30.477,31.849,1545103,0
2001-04-05,31.84,32.898,31.659,32.592,1826173,0
2001-04-06,32.496,32.496,31.29,32.251,852095,0
2001-04-09,32.618,33.658,32.6,33.175,998572,0
2001-04-10,33.706,34.856,33.649,34.724,1658685,0
2001-04-11,34.424,34.6,33.542,34.139,1791237,0
2001-04-12,33.941,34.532,33.466,34.139,1089943,0
2001-04-16,34.106,35.282,33.924,34.505,927374,0
2001-04-17,33.863,34.348,33.581,33.932,1401628,0
2001-04-18,33.941,35.304,33.542,35.282,1225855,0
2001-04-19,34.987,34.987,34.067,34.339,1087660,0
2001-04-20,34.339,34.749,33.692,33.941,839131,0
2001-04-23,33.863,34.987,33.348,33.908,1499362,0
2001-04-24,33.908,35.304,33.891,34.45,881389,0
2001-04-25,33.863,34.505,33.334,34.306,833726,0
2001-04-26,33.908,34.899,33.807,34.741,1063167,0
2001-04-27,34.789,34.908,34.322,34.865,704175,0
2001-04-30,34.583,35.349,33.917,34.497,877190,0
2001-05-01,34.106,34.548,33.823,34.356,759645,0
2001-05-02,34.274,34.424,33.706,34.424,1179750,0
2001-05-03,34.348,34.348,33.424,34.09,861099,0
2001-05-04,33.891,34.775,33.482,34.732,664434,0
2001-05-07,34.932,35.181,34.266,34.365,793747,0
2001-05-08,34.365,35.05,34.33,34.874,652788,0
2001-05-09,34.505,35.432,34.505,35.123,746802,0
2001-05-10,35.264,35.889,35.264,35.704,770931,0
2001-05-11,35.712,35.712,34.956,35.358,1278203,0
2001-05-14,35.413,35.749,35.358,35.749,638741,0
2001-05-15,35.59,36.073,35.404,36.005,726507,0
2001-05-16,35.99,37.671,35.906,37.473,1542342,0
2001-05-17,37.438,38.129,37.412,38.122,2229708,0
2001-05-18,37.714,37.913,36.714,36.909,2404282,0
2001-05-21,36.995,37.198,36.652,36.909,1479791,0
2001-05-22,37.198,37.288,36.67,37.231,1858234,0
2001-05-23,37.154,37.154,36.741,36.915,1614741,0
2001-05-24,36.828,36.995,36.114,36.147,1996787,0
2001-05-25,36.114,36.963,36.114,36.837,1303777,0
2001-05-29,36.915,37.762,36.915,37.191,1169060,0
2001-05-30,37.154,37.42,36.67,36.93,986206,0
2001-05-31,37.005,37.739,36.995,37.531,912249,0
2001-06-01,37.597,37.963,36.59,37.913,1346517,0
2001-06-04,37.913,38.363,37.913,38.305,992332,0
2001-06-05,38.138,38.513,37.606,38.429,1162339,0
2001-06-06,38.513,38.698,38.279,38.398,1450132,0
2001-06-07,38.354,38.752,38.354,38.521,1788231,0
2001-06-08,38.595,38.595,38.112,38.187,779338,0
2001-06-11,37.879,38.112,37.572,37.879,819439,0
2001-06-12,37.671,37.922,37.522,37.898,540287,0
2001-06-13,37.797,38.478,37.756,38.006,696137,0
2001-06-14,37.954,37.963,37.198,37.279,930616,0
2001-06-15,36.757,37.954,36.757,37.671,1253109,0
2001-06-18,37.68,38.322,37.514,37.797,696975,0
2001-06-19,37.671,38.354,37.671,38.163,598402,0
2001-06-20,38.363,39.078,37.954,38.231,1379174,0
2001-06-21,38.037,38.354,37.629,37.655,1187434,0
2001-06-22,37.496,37.714,36.59,36.614,1260673,0
2001-06-25,36.741,37.057,35.948,36.239,662273,0
2001-06-26,35.704,36.828,35.304,36.59,1291531,0
2001-06-27,36.59,37.279,36.512,36.512,1166300,0
2001-06-28,36.388,37.073,36.388,36.646,557696,0
2001-06-29,36.407,37.146,36.407,36.874,797707,0
2001-07-02,36.954,37.879,36.354,37.248,750881,0
2001-07-03,37.073,37.372,36.398,37.239,865059,0
2001-07-05,37.112,37.787,36.915,37.064,624217,0
2001-07-06,37.146,37.214,35.791,36.055,965797,0
2001-07-09,36.273,36.67,36.03,36.473,1037351,0
2001-07-10,36.632,37.339,36.489,36.78,737915,0
2001-07-11,37.073,37.346,36.347,36.606,551454,0
2001-07-12,36.512,37.671,36.473,37.606,926415,0
2001-07-13,37.814,38.006,36.915,37.68,1266434,0
2001-07-16,37.68,37.805,37.313,37.382,856297,0
2001-07-17,37.479,38.363,37.479,38.212,826641,0
2001-07-18,38.171,38.881,37.922,38.371,1229336,0
2001-07-19,38.371,39.496,38.371,38.68,1823772,0
2001-07-20,37.073,37.073,35.523,35.616,3993211,0
2001-07-23,34.015,34.373,32.626,34.216,4183511,0
2001-07-24,33.649,34.322,33.367,33.516,2326722,0
2001-07-25,33.406,34.249,33.357,33.917,1949000,0
2001-07-26,33.965,33.965,33.065,33.448,1593130,0
2001-07-27,33.458,33.891,32.841,33.283,1139648,0
2001-07-30,33.275,33.283,32.373,32.823,967238,0
2001-07-31,32.626,33.233,32.626,32.907,1861831,0
2001-08-01,33.448,33.491,32.958,33.016,1778989,0
2001-08-02,32.883,33.448,32.883,33.247,1177108,0
2001-08-03,33.247,33.814,33.09,33.525,1031470,0
2001-08-06,33.525,34.164,33.474,33.798,1119476,0
2001-08-07,33.849,34.172,33.649,34.116,904801,0
2001-08-08,33.973,34.365,33.607,33.665,1217089,0
2001-08-09,33.692,33.849,33.275,33.367,722666,0
2001-08-10,33.424,34.149,33.107,33.924,473891,0
2001-08-13,34.058,34.322,33.632,33.917,844770,0
2001-08-14,33.773,34.106,33.692,33.973,531765,0
2001-08-15,33.917,34.266,33.367,33.448,717145,0
2001-08-16,33.247,33.257,32.883,33.107,835889,0
2001-08-17,32.941,33.406,32.941,33.325,516037,0
2001-08-20,33.325,33.357,32.74,33.191,577989,0
2001-08-21,33.191,33.798,33.191,33.334,441836,0
2001-08-22,33.533,33.917,32.857,33.564,992931,0
2001-08-23,33.564,34.005,33.257,33.782,715580,0
2001-08-24,33.749,34.257,33.732,34.257,825321,0
2001-08-27,35.065,35.098,34.655,34.759,1085376,0
2001-08-28,34.514,34.821,34.09,34.45,739955,0
2001-08-29,34.415,34.767,34.09,34.106,702853,0
2001-08-30,34.058,34.257,33.732,33.891,805151,0
2001-08-31,33.863,34.541,33.849,34.172,730951,0
2001-09-04,34.298,34.856,34.005,34.33,571505,0
2001-09-05,34.257,34.373,33.849,34.298,443275,0
2001-09-06,34.13,34.149,33.849,33.863,573787,0
2001-09-07,33.706,33.732,33.206,33.29,999894,0
2001-09-10,33.406,33.732,32.807,32.832,693609,0
2001-09-17,30.825,31.092,29.827,30.209,2079749,0
2001-09-18,30.626,31.317,30.233,30.24,1309899,0
2001-09-19,30.2,30.551,28.37,29.275,1802885,0
2001-09-20,29.465,29.465,28.252,28.252,1130884,0
2001-09-21,25.994,27.685,25.994,27.077,2472001,0
2001-09-24,27.57,29.669,27.57,29.253,1089222,0
2001-09-25,29.335,29.576,28.902,29.427,957751,0
2001-09-26,29.66,29.801,29.079,29.734,704897,0
2001-09-27,29.819,30.343,29.386,30.267,963994,0
2001-09-28,30.226,31.433,30.108,31.267,774414,0
2001-10-01,31.267,31.448,30.168,31.132,809953,0
2001-10-02,31.132,31.29,30.441,31.267,938542,0
2001-10-03,31.267,31.424,30.591,31.208,1064125,0
2001-10-04,31.326,31.492,30.742,31.076,518196,0
2001-10-05,31.076,31.767,30.658,31.15,768290,0
2001-10-08,30.957,31.042,29.986,30.335,627815,0
2001-10-09,30.335,30.816,30.226,30.425,774170,0
2001-10-10,30.343,31.676,30.043,31.632,1026787,0
2001-10-11,31.525,32.874,31.525,32.6,1298136,0
2001-10-12,32.329,32.329,31.724,32.117,735031,0
2001-10-15,31.934,31.943,31.608,31.767,511112,0
2001-10-16,31.808,32.251,31.092,31.509,1254786,0
2001-10-17,31.509,31.641,30.24,30.694,1814651,0
2001-10-18,30.535,30.835,30.126,30.558,1006255,0
2001-10-19,30.591,30.703,29.29,29.844,1621585,0
2001-10-22,30.392,31.707,30.026,31.632,1509085,0
2001-10-23,31.608,31.943,30.957,31.783,1404148,0
2001-10-24,31.783,32.505,30.851,32.03,1392026,0
2001-10-25,31.684,32.549,31.29,32.459,1277361,0
2001-10-26,32.452,33.298,32.373,33.233,733230,0
2001-10-29,32.991,33.065,32.54,32.708,957268,0
2001-10-30,32.008,32.689,31.943,32.355,800588,0
2001-10-31,32.329,32.689,32.215,32.452,636701,0
2001-11-01,32.532,33.257,32.197,33.247,793747,0
2001-11-02,33.191,34.4,32.733,34.04,817995,0
2001-11-05,34.164,34.632,33.549,33.948,795425,0
2001-11-06,33.957,34.608,33.482,34.574,572828,0
2001-11-07,34.164,34.241,33.732,34.058,1124520,0
2001-11-08,34.097,34.749,33.924,34.365,928094,0
2001-11-09,34.164,34.829,33.957,34.565,453484,0
2001-11-12,34.565,34.608,33.841,34.049,753401,0
2001-11-13,34.13,35.172,34.116,34.856,665753,0
2001-11-14,35.139,35.657,35.05,35.516,575945,0
2001-11-15,35.572,36.347,35.555,36.082,1344478,0
2001-11-16,36.281,36.306,35.941,36.14,637897,0
2001-11-19,36.464,37.057,36.415,36.773,777173,0
2001-11-20,36.773,37.239,36.388,37.057,901202,0
2001-11-21,36.828,36.954,36.512,36.679,522278,0
2001-11-23,36.75,37.154,36.464,37.128,249130,0
2001-11-26,37.239,37.563,36.75,37.339,699852,0
2001-11-27,37.279,37.496,36.819,37.014,942022,0
2001-11-28,36.765,37.172,36.598,36.78,418904,0
2001-11-29,36.705,36.97,36.147,36.855,912727,0
2001-11-30,36.855,37.279,36.828,37.049,792545,0
2001-12-03,37.049,37.198,36.598,36.954,1146133,0
2001-12-04,36.954,37.77,36.75,37.77,1020063,0
2001-12-05,37.77,38.972,37.77,38.564,1291649,0
2001-12-06,38.212,38.822,37.905,38.478,748118,0
2001-12-07,37.972,38.212,37.487,37.805,974801,0
2001-12-10,37.805,38.006,36.606,36.922,853414,0
2001-12-11,36.954,37.946,36.954,37.572,752560,0
2001-12-12,37.572,37.572,36.697,37.214,495745,0
2001-12-13,37.049,37.128,36.306,36.547,911769,0
2001-12-14,36.464,36.89,36.147,36.371,972399,0
2001-12-17,36.388,37.721,36.388,37.721,1468864,0
2001-12-18,37.68,38.972,37.68,38.571,2532870,0
2001-12-19,38.09,38.389,37.889,38.187,785099,0
2001-12-20,38.287,38.822,38.212,38.604,1029307,0
2001-12-21,38.595,38.604,37.597,38.006,2116009,0
2001-12-24,37.721,38.195,37.721,38.09,445074,0
2001-12-26,38.09,38.171,37.988,38.045,620370,0
2001-12-27,37.847,38.138,37.68,38.081,778136,0
2001-12-28,38.255,38.255,37.889,38.231,477736,0
2001-12-31,38.104,38.363,38.081,38.18,1101828,0
