Date,Open,High,Low,Close,Volume,OpenInt
1995-01-03,0.2357,0.26517,0.2357,0.2357,136610,0
1995-01-04,0.2357,0.24278,0.2357,0.2357,162914,0
1995-01-06,0.2357,0.2357,0.2357,0.2357,5941,0
1995-01-09,0.2357,0.2357,0.2357,0.2357,3395,0
1995-01-10,0.24985,0.24985,0.2357,0.2357,174792,0
1995-01-11,0.2357,0.26517,0.2357,0.26517,53457,0
1995-01-12,0.2357,0.2357,0.2357,0.2357,11879,0
1995-01-13,0.2357,0.26517,0.2357,0.26517,62789,0
1995-01-16,0.24985,0.26517,0.2357,0.26517,114549,0
1995-01-17,0.24777,0.27696,0.24777,0.27696,77872,0
1995-01-18,0.24749,0.24749,0.24749,0.24749,6853,0
1995-01-19,0.27931,0.29464,0.26517,0.29464,53457,0
1995-01-20,0.26517,0.27931,0.26517,0.26517,25455,0
1995-01-23,0.27696,0.29214,0.27696,0.27696,104399,0
1995-01-24,0.27834,0.32999,0.27834,0.32999,509222,0
1995-01-25,0.3216,0.33686,0.30642,0.30642,422390,0
1995-01-26,0.29242,0.30642,0.29242,0.30642,8549,0
1995-01-27,0.30878,0.32409,0.29464,0.29464,189217,0
1995-01-30,0.3216,0.3216,0.29242,0.30642,91490,0
1995-01-31,0.29464,0.29464,0.29464,0.29464,79760,0
1995-02-01,0.29242,0.3216,0.29242,0.30642,57288,0
1995-02-02,0.29464,0.29464,0.29464,0.29464,24607,0
1995-02-03,0.29214,0.29214,0.27696,0.27696,130927,0
1995-02-06,0.27696,0.27696,0.27696,0.27696,35083,0
1995-02-07,0.28514,0.29214,0.27696,0.27696,142052,0
1995-02-08,0.30642,0.30642,0.30642,0.30642,5129,0
1995-02-10,0.27696,0.27696,0.27696,0.27696,856,0
1995-02-13,0.30642,0.30642,0.27717,0.30642,76097,0
1995-02-15,0.27696,0.27696,0.27696,0.27696,35083,0
1995-02-17,0.27696,0.27696,0.27696,0.27696,12837,0
1995-02-21,0.27696,0.27696,0.27696,0.27696,49633,0
1995-02-22,0.27696,0.30614,0.27696,0.27696,18827,0
1995-02-23,0.27696,0.27696,0.27696,0.27696,70170,0
1995-02-24,0.30614,0.30614,0.27696,0.27696,47065,0
1995-03-01,0.27696,0.27696,0.27696,0.27696,856,0
1995-03-02,0.30614,0.30614,0.27696,0.27696,123225,0
1995-03-06,0.27931,0.29464,0.27931,0.29464,46669,0
1995-03-07,0.29464,0.29464,0.29464,0.29464,11879,0
1995-03-08,0.27696,0.27696,0.27696,0.27696,9413,0
1995-03-09,0.27696,0.29214,0.27696,0.27696,68458,0
1995-03-10,0.29464,0.29464,0.27931,0.29464,100124,0
1995-03-13,0.27931,0.30878,0.27931,0.29464,145943,0
1995-03-14,0.27717,0.30642,0.27717,0.30642,268482,0
1995-03-15,0.32409,0.32409,0.29464,0.29464,50911,0
1995-03-16,0.29464,0.29464,0.29464,0.29464,56850,0
1995-03-17,0.29464,0.29464,0.29464,0.29464,23759,0
1995-03-21,0.29464,0.32409,0.29464,0.29464,124732,0
1995-03-22,0.29464,0.29464,0.29464,0.29464,11879,0
1995-03-23,0.29464,0.29464,0.29464,0.29464,10183,0
1995-03-27,0.29464,0.29464,0.29464,0.29464,11879,0
1995-03-28,0.29464,0.32409,0.29464,0.29464,58547,0
1995-03-29,0.29464,0.29464,0.29464,0.29464,65335,0
1995-03-30,0.30878,0.30878,0.29464,0.29464,64487,0
1995-03-31,0.29464,0.30878,0.29464,0.29464,140852,0
1995-04-03,0.29464,0.29464,0.29464,0.29464,21213,0
1995-04-04,0.29464,0.29464,0.29464,0.29464,5091,0
1995-04-05,0.29464,0.29464,0.29464,0.29464,31395,0
1995-04-06,0.30642,0.30642,0.30642,0.30642,70112,0
1995-04-07,0.29464,0.29464,0.29464,0.29464,9334,0
1995-04-10,0.29464,0.29464,0.29464,0.29464,2546,0
1995-04-11,0.29464,0.30171,0.29464,0.29464,32244,0
1995-04-12,0.30642,0.30642,0.29942,0.30642,153905,0
1995-04-13,0.30878,0.32409,0.29464,0.32409,167156,0
1995-04-17,0.32409,0.32409,0.32409,0.32409,11879,0
1995-04-18,0.29464,0.32409,0.29464,0.29464,69578,0
1995-04-19,0.32409,0.32409,0.29464,0.29464,16121,0
1995-04-21,0.29464,0.29464,0.29464,0.29464,2546,0
1995-04-24,0.3207,0.33588,0.30558,0.33588,178348,0
1995-04-25,0.33117,0.33942,0.32409,0.32409,53457,0
1995-04-26,0.33942,0.33942,0.30878,0.32409,25455,0
1995-04-27,0.30642,0.30642,0.30642,0.30642,41043,0
1995-04-28,0.33686,0.33686,0.30642,0.30642,84650,0
1995-05-01,0.33942,0.33942,0.32409,0.32409,36486,0
1995-05-02,0.33942,0.33942,0.32409,0.32409,2546,0
1995-05-03,0.30642,0.3216,0.30642,0.30642,717377,0
1995-05-04,0.33686,0.33686,0.30642,0.30642,372798,0
1995-05-05,0.30642,0.3216,0.30642,0.30642,373651,0
1995-05-08,0.30878,0.33942,0.30878,0.32409,354677,0
1995-05-09,0.33588,0.33588,0.30558,0.33588,579632,0
1995-05-10,0.33616,0.36535,0.33616,0.36535,628836,0
1995-05-11,0.36888,0.38303,0.33942,0.35356,481956,0
1995-05-12,0.33588,0.34988,0.33588,0.33588,210931,0
1995-05-15,0.35356,0.35356,0.33942,0.35356,152731,0
1995-05-16,0.33616,0.36535,0.33616,0.36535,89099,0
1995-05-17,0.36507,0.36507,0.33588,0.33588,295819,0
1995-05-18,0.33616,0.36535,0.33616,0.36535,30841,0
1995-05-19,0.35356,0.35356,0.35356,0.35356,30545,0
1995-05-22,0.35474,0.37013,0.3406,0.34767,125155,0
1995-05-23,0.36888,0.36888,0.35356,0.35356,17819,0
1995-05-25,0.36507,0.36507,0.33588,0.33588,75454,0
1995-05-26,0.33942,0.36063,0.33942,0.35356,8484,0
1995-05-30,0.34767,0.34767,0.34767,0.34767,10148,0
1995-05-31,0.36188,0.36188,0.34767,0.34767,90484,0
1995-06-01,0.35356,0.36063,0.34649,0.35356,68729,0
1995-06-02,0.34767,0.35474,0.34767,0.34767,93866,0
1995-06-05,0.36188,0.36188,0.34767,0.34767,52429,0
1995-06-06,0.34767,0.34767,0.34767,0.34767,34671,0
1995-06-07,0.35474,0.35474,0.34767,0.34767,23678,0
1995-06-08,0.34538,0.35945,0.34538,0.35945,68104,0
1995-06-09,0.35945,0.35945,0.35945,0.35945,19580,0
1995-06-12,0.34767,0.35474,0.34767,0.34767,120080,0
1995-06-13,0.34649,0.36063,0.34649,0.35356,44123,0
1995-06-14,0.35474,0.35474,0.34767,0.34767,67651,0
1995-06-15,0.34767,0.34767,0.34767,0.34767,13530,0
1995-06-16,0.34767,0.35474,0.34767,0.34767,515837,0
1995-06-19,0.35474,0.35474,0.34767,0.34767,130227,0
1995-06-20,0.36063,0.36063,0.34649,0.35356,420012,0
1995-06-21,0.34767,0.34767,0.34767,0.34767,105704,0
1995-06-23,0.34538,0.35945,0.34538,0.35945,180475,0
1995-06-26,0.34649,0.35356,0.34649,0.35356,13576,0
1995-06-27,0.34767,0.34767,0.34767,0.34767,21141,0
1995-06-28,0.34649,0.36063,0.34649,0.35356,101822,0
1995-06-29,0.35356,0.36063,0.34649,0.35356,191763,0
1995-06-30,0.35121,0.35121,0.34767,0.34767,34671,0
1995-07-05,0.36063,0.36063,0.35356,0.35356,121338,0
1995-07-06,0.36188,0.36188,0.34767,0.34767,19451,0
1995-07-10,0.34767,0.34767,0.34767,0.34767,6764,0
1995-07-11,0.34538,0.35945,0.34538,0.35945,34052,0
1995-07-12,0.34767,0.34767,0.34767,0.34767,52429,0
1995-07-13,0.34649,0.35356,0.34649,0.35356,189217,0
1995-07-14,0.34767,0.34767,0.34767,0.34767,2538,0
1995-07-17,0.36188,0.36188,0.34767,0.34767,27061,0
1995-07-18,0.34649,0.36063,0.34649,0.35356,83154,0
1995-07-19,0.34767,0.34767,0.34767,0.34767,15220,0
1995-07-20,0.36188,0.36188,0.34767,0.34767,50738,0
1995-07-21,0.34767,0.34767,0.34767,0.34767,10148,0
1995-07-24,0.34538,0.35945,0.34538,0.35945,8512,0
1995-07-25,0.36063,0.36063,0.35356,0.35356,56003,0
1995-07-26,0.34538,0.35945,0.34538,0.35945,131099,0
1995-07-27,0.35945,0.35945,0.35945,0.35945,58739,0
1995-07-28,0.36063,0.3901,0.34649,0.35356,345344,0
1995-07-31,0.34767,0.34767,0.34767,0.34767,9302,0
1995-08-01,0.38892,0.38892,0.38892,0.38892,17873,0
1995-08-02,0.34649,0.36063,0.34649,0.35356,34790,0
1995-08-03,0.39135,0.39135,0.37713,0.37713,36372,0
1995-08-04,0.35356,0.36888,0.35356,0.35356,73820,0
1995-08-07,0.34649,0.35356,0.34649,0.35356,37334,0
1995-08-08,0.38434,0.38434,0.34767,0.34767,45663,0
1995-08-09,0.34649,0.35356,0.34649,0.35356,10183,0
1995-08-10,0.35356,0.35356,0.35356,0.35356,2546,0
1995-08-11,0.34538,0.35945,0.34538,0.35945,25539,0
1995-08-15,0.34538,0.35945,0.34538,0.35945,11917,0
1995-08-16,0.38434,0.38434,0.34767,0.34767,32136,0
1995-08-17,0.35356,0.35356,0.35356,0.35356,30545,0
1995-08-21,0.37713,0.37713,0.37713,0.37713,11841,0
1995-08-22,0.37484,0.38892,0.35953,0.38892,84257,0
1995-08-23,0.39141,0.39141,0.34767,0.34767,74416,0
1995-08-24,0.34649,0.36063,0.34649,0.35356,34790,0
1995-08-25,0.34649,0.38303,0.34649,0.35356,21213,0
1995-08-28,0.37935,0.37935,0.36535,0.36535,11994,0
1995-08-29,0.35017,0.37935,0.34316,0.36535,46262,0
1995-08-30,0.34316,0.36535,0.34316,0.36535,29129,0
1995-08-31,0.34316,0.36535,0.34316,0.36535,72822,0
1995-09-01,0.36888,0.36888,0.35356,0.35356,180733,0
1995-09-05,0.34767,0.34767,0.34767,0.34767,12685,0
1995-09-06,0.35474,0.35474,0.34767,0.34767,5075,0
1995-09-07,0.34767,0.34767,0.34767,0.34767,13530,0
1995-09-11,0.36535,0.36535,0.36535,0.36535,8567,0
1995-09-12,0.34649,0.3901,0.34649,0.38303,99277,0
1995-09-13,0.34767,0.34767,0.34767,0.34767,13530,0
1995-09-14,0.35356,0.35356,0.35356,0.35356,15273,0
1995-09-15,0.35356,0.36888,0.35356,0.35356,19515,0
1995-09-18,0.35474,0.35474,0.34767,0.34767,49046,0
1995-09-21,0.38434,0.38434,0.34767,0.34767,5075,0
1995-09-22,0.34767,0.34767,0.34767,0.34767,15220,0
1995-09-25,0.38303,0.38303,0.38303,0.38303,8484,0
1995-09-27,0.34767,0.34767,0.34767,0.34767,845,0
1995-09-28,0.34767,0.34767,0.34767,0.34767,11838,0
1995-09-29,0.34649,0.36063,0.34649,0.35356,67881,0
1995-10-02,0.37713,0.37713,0.37713,0.37713,9305,0
1995-10-03,0.37596,0.37596,0.34649,0.35356,232491,0
1995-10-04,0.34316,0.36535,0.34316,0.36535,202186,0
1995-10-05,0.37013,0.37013,0.34767,0.34767,108242,0
1995-10-06,0.34767,0.37013,0.34767,0.34767,84565,0
1995-10-10,0.34767,0.34767,0.34767,0.34767,31288,0
1995-10-12,0.36535,0.36535,0.36535,0.36535,2570,0
1995-10-13,0.36535,0.36535,0.36535,0.36535,23987,0
1995-10-16,0.34767,0.37013,0.34767,0.34767,52429,0
1995-10-18,0.34767,0.34767,0.34767,0.34767,11838,0
1995-10-20,0.34649,0.35356,0.34649,0.35356,77214,0
1995-10-23,0.34649,0.35356,0.34649,0.35356,68729,0
1995-10-24,0.34649,0.35356,0.34649,0.35356,338556,0
1995-10-25,0.34767,0.34767,0.34767,0.34767,2538,0
1995-10-26,0.34767,0.35121,0.34767,0.34767,58349,0
1995-10-27,0.35356,0.35356,0.34649,0.35356,42425,0
1995-10-31,0.35356,0.35356,0.35356,0.35356,53457,0
1995-11-01,0.34538,0.3677,0.34538,0.35945,97048,0
1995-11-02,0.38303,0.38303,0.38303,0.38303,5091,0
1995-11-03,0.35356,0.35356,0.34649,0.35356,170550,0
1995-11-06,0.35356,0.35356,0.35356,0.35356,11879,0
1995-11-07,0.36188,0.36188,0.34767,0.34767,58349,0
1995-11-08,0.35474,0.35474,0.34767,0.34767,102322,0
1995-11-09,0.35474,0.35474,0.34767,0.34767,186885,0
1995-11-10,0.35356,0.35356,0.35356,0.35356,15273,0
1995-11-13,0.35356,0.35356,0.35356,0.35356,58547,0
1995-11-14,0.36888,0.36888,0.34649,0.35356,66183,0
1995-11-15,0.34767,0.34767,0.34767,0.34767,5920,0
1995-11-16,0.35474,0.35474,0.34767,0.34767,90484,0
1995-11-17,0.34767,0.34767,0.34767,0.34767,46511,0
1995-11-20,0.34767,0.37013,0.34767,0.34767,47355,0
1995-11-21,0.36535,0.36535,0.36535,0.36535,2570,0
1995-11-22,0.34649,0.35356,0.34649,0.35356,61941,0
1995-11-24,0.34767,0.34767,0.34767,0.34767,23678,0
1995-11-27,0.34538,0.35945,0.34538,0.35945,23837,0
1995-11-29,0.34649,0.36063,0.34649,0.35356,192612,0
1995-11-30,0.36174,0.3842,0.35467,0.37713,219925,0
1995-12-01,0.37596,0.38303,0.35356,0.38303,173096,0
1995-12-04,0.35238,0.38178,0.35238,0.35945,69806,0
1995-12-05,0.38178,0.38178,0.35945,0.35945,94494,0
1995-12-06,0.38101,0.45372,0.35876,0.45372,788098,0
1995-12-07,0.45613,0.45613,0.41248,0.44199,47516,0
1995-12-08,0.45613,0.45613,0.41248,0.41248,56850,0
1995-12-11,0.45114,0.45114,0.40798,0.43018,102937,0
1995-12-12,0.4266,0.45613,0.4266,0.44199,72123,0
1995-12-13,0.4266,0.44199,0.4266,0.44199,77214,0
1995-12-14,0.42427,0.45364,0.42427,0.42427,74231,0
1995-12-15,0.42427,0.42427,0.42427,0.42427,5120,0
1995-12-18,0.42427,0.42427,0.42427,0.42427,75938,0
1995-12-19,0.39834,0.41248,0.38303,0.41248,493834,0
1995-12-20,0.41581,0.41581,0.39481,0.39481,31677,0
1995-12-22,0.4395,0.4395,0.42427,0.42427,109214,0
1995-12-26,0.42427,0.42427,0.42427,0.42427,21329,0
1995-12-27,0.41248,0.44199,0.41248,0.44199,67881,0
1995-12-28,0.41248,0.4266,0.41248,0.41248,33940,0
1995-12-29,0.41248,0.41248,0.41248,0.41248,18667,0
1996-01-02,0.45613,0.45613,0.41248,0.44199,24607,0
1996-01-03,0.41248,0.44199,0.41248,0.44199,256250,0
1996-01-04,0.41248,0.4266,0.41248,0.41248,34790,0
1996-01-08,0.41248,0.41248,0.41248,0.41248,8484,0
1996-01-09,0.41131,0.42544,0.41131,0.41837,86792,0
1996-01-10,0.44074,0.44074,0.41131,0.41837,27228,0
1996-01-11,0.44199,0.44199,0.44199,0.44199,2546,0
1996-01-12,0.41248,0.44199,0.41248,0.44199,50911,0
1996-01-15,0.44199,0.44199,0.44199,0.44199,11879,0
1996-01-17,0.41248,0.44199,0.41248,0.44199,16121,0
1996-01-18,0.41131,0.41837,0.41131,0.41837,74880,0
1996-01-22,0.41248,0.44199,0.41248,0.44199,44123,0
1996-01-23,0.44199,0.44199,0.44199,0.44199,30545,0
1996-01-24,0.44199,0.44199,0.44199,0.44199,99277,0
1996-01-26,0.43018,0.43018,0.43018,0.43018,16299,0
1996-01-29,0.45613,0.48558,0.44199,0.47144,542198,0
1996-01-30,0.47144,0.48558,0.44199,0.47144,346193,0
1996-01-31,0.47618,0.49848,0.46911,0.48317,121930,0
1996-02-01,0.45613,0.5009,0.45613,0.5009,31395,0
1996-02-02,0.46911,0.49848,0.46911,0.48317,381135,0
1996-02-05,0.5009,0.5303,0.48558,0.5303,193462,0
1996-02-06,0.48941,0.5185,0.48941,0.5185,49662,0
1996-02-07,0.5162,0.5456,0.49382,0.5303,464136,0
1996-02-08,0.5282,0.5868,0.5282,0.5716,707168,0
1996-02-09,0.587,0.6011,0.5647,0.6011,233404,0
1996-02-12,0.6258,0.6777,0.6034,0.6482,1070822,0
1996-02-13,0.6482,0.6635,0.6188,0.6482,833238,0
1996-02-14,0.6635,0.6635,0.6188,0.6482,94185,0
1996-02-15,0.6482,0.6635,0.6188,0.6482,94185,0
1996-02-16,0.6188,0.6635,0.5892,0.5892,286798,0
1996-02-20,0.5868,0.5868,0.48359,0.5716,878423,0
1996-02-21,0.5739,0.5892,0.5598,0.5892,391163,0
1996-02-22,0.5892,0.5892,0.5598,0.5598,168006,0
1996-02-23,0.5598,0.5892,0.5598,0.5892,93336,0
1996-02-26,0.5892,0.5892,0.5598,0.5598,52608,0
1996-02-27,0.5892,0.5892,0.5598,0.5598,31395,0
1996-02-28,0.5598,0.5598,0.5598,0.5598,28001,0
1996-02-29,0.5575,0.5716,0.5575,0.5716,40044,0
1996-03-01,0.5575,0.5868,0.5575,0.5716,160179,0
1996-03-04,0.5598,0.5892,0.5598,0.5892,81457,0
1996-03-05,0.5892,0.5892,0.5598,0.5598,46669,0
1996-03-06,0.5892,0.5892,0.5892,0.5892,11879,0
1996-03-07,0.581,0.581,0.5586,0.5657,47615,0
1996-03-08,0.5598,0.5892,0.5598,0.5892,52608,0
1996-03-11,0.5575,0.5868,0.5435,0.5716,103946,0
1996-03-12,0.5435,0.5716,0.5435,0.5716,38341,0
1996-03-13,0.5422,0.5702,0.5422,0.5422,392007,0
1996-03-14,0.5422,0.5702,0.5422,0.5422,106756,0
1996-03-18,0.5422,0.5422,0.5422,0.5422,62345,0
1996-03-19,0.5716,0.5716,0.5716,0.5716,2556,0
1996-03-20,0.5456,0.5739,0.5456,0.5598,17819,0
1996-03-21,0.555,0.555,0.541,0.5481,112110,0
1996-03-22,0.5456,0.5739,0.5456,0.5598,94185,0
1996-03-25,0.541,0.555,0.541,0.5481,53061,0
1996-03-26,0.5422,0.5422,0.5422,0.5422,13665,0
1996-03-27,0.5435,0.5716,0.5435,0.5716,36638,0
1996-03-28,0.541,0.5481,0.541,0.5481,28242,0
1996-03-29,0.5422,0.5422,0.5422,0.5422,3416,0
1996-04-01,0.5702,0.5702,0.5422,0.5422,5126,0
1996-04-03,0.5716,0.5716,0.5575,0.5716,69865,0
1996-04-04,0.5422,0.5702,0.5422,0.5422,30745,0
1996-04-08,0.5739,0.5739,0.5456,0.5598,18667,0
1996-04-10,0.541,0.5481,0.541,0.5481,35088,0
1996-04-11,0.5716,0.5868,0.5575,0.5716,109909,0
1996-04-12,0.6011,0.6609,0.587,0.6011,971097,0
1996-04-15,0.6317,0.6317,0.5881,0.5951,92671,0
1996-04-16,0.5871,0.6305,0.5871,0.6305,218032,0
1996-04-17,0.6163,0.6304,0.6011,0.6011,81776,0
1996-04-19,0.6305,0.6305,0.6012,0.6305,163524,0
1996-04-22,0.6305,0.6305,0.6012,0.6305,193332,0
1996-04-23,0.628,0.628,0.5988,0.607,134252,0
1996-04-24,0.6011,0.6011,0.6011,0.6011,28964,0
1996-04-25,0.6304,0.6304,0.6011,0.6011,42591,0
1996-04-26,0.628,0.628,0.5988,0.607,109453,0
1996-04-29,0.6012,0.6305,0.6012,0.6305,193332,0
1996-04-30,0.6305,0.6305,0.6012,0.6305,49397,0
1996-05-01,0.6305,0.6305,0.6305,0.6305,61322,0
1996-05-02,0.6012,0.6305,0.6012,0.6305,83464,0
1996-05-03,0.6329,0.6329,0.6188,0.6188,5091,0
1996-05-06,0.6011,0.6304,0.6011,0.6011,47704,0
1996-05-07,0.5988,0.607,0.5988,0.607,57292,0
1996-05-08,0.6011,0.6163,0.6011,0.6011,51112,0
1996-05-10,0.6034,0.6188,0.6034,0.6188,30545,0
1996-05-13,0.6011,0.6304,0.6011,0.6011,111591,0
1996-05-14,0.6011,0.6163,0.6011,0.6011,59629,0
1996-05-15,0.628,0.628,0.5988,0.607,164181,0
1996-05-16,0.6329,0.6329,0.6034,0.6188,77214,0
1996-05-17,0.6329,0.6482,0.6329,0.6482,75518,0
1996-05-20,0.6482,0.6777,0.6188,0.6777,540502,0
1996-05-21,0.6777,0.7802,0.6635,0.766,905361,0
1996-05-22,0.766,0.825,0.7224,0.825,1106460,0
1996-05-23,0.825,0.825,0.7507,0.7956,1092882,0
1996-05-24,0.8225,0.8225,0.7638,0.7778,305538,0
1996-05-28,0.7931,0.7931,0.7485,0.7778,177877,0
1996-05-29,0.7956,0.7956,0.766,0.766,109457,0
1996-05-30,0.766,0.7956,0.766,0.766,23759,0
1996-05-31,0.766,0.7802,0.7507,0.766,220613,0
1996-06-03,0.7802,0.7802,0.7366,0.7366,49215,0
1996-06-04,0.7623,0.7623,0.6896,0.7189,393089,0
1996-06-05,0.693,0.7071,0.693,0.7071,50911,0
1996-06-06,0.7188,0.7188,0.6895,0.6895,40937,0
1996-06-07,0.6893,0.7034,0.66,0.66,74216,0
1996-06-10,0.6635,0.7071,0.6635,0.6777,136610,0
1996-06-11,0.7071,0.7224,0.6777,0.6777,28001,0
1996-06-12,0.6777,0.7071,0.6777,0.7071,22061,0
1996-06-13,0.7202,0.7484,0.7049,0.7484,171089,0
1996-06-14,0.7619,0.7619,0.66,0.66,334399,0
1996-06-17,0.7034,0.7034,0.66,0.66,406909,0
1996-06-18,0.6635,0.693,0.5598,0.5892,744144,0
1996-06-19,0.6188,0.6635,0.5739,0.6482,249462,0
1996-06-20,0.6482,0.6482,0.5892,0.5892,22061,0
1996-06-21,0.6482,0.6482,0.6188,0.6188,21213,0
1996-06-24,0.6482,0.6482,0.6482,0.6482,10183,0
1996-06-25,0.6456,0.6456,0.6011,0.6011,6816,0
1996-06-26,0.6482,0.6482,0.6482,0.6482,13576,0
1996-06-27,0.6458,0.6458,0.6012,0.6305,30660,0
1996-06-28,0.6482,0.6482,0.6482,0.6482,11879,0
1996-07-01,0.6188,0.7071,0.6188,0.7071,93336,0
1996-07-02,0.6482,0.693,0.6482,0.6482,73820,0
1996-07-03,0.7071,0.7071,0.6482,0.6482,18667,0
1996-07-08,0.6482,0.6482,0.6482,0.6482,23759,0
1996-07-09,0.6482,0.6482,0.6482,0.6482,18667,0
1996-07-10,0.7035,0.7035,0.6895,0.6895,52879,0
1996-07-11,0.7071,0.7071,0.6635,0.6777,38183,0
1996-07-12,0.6635,0.6777,0.6635,0.6777,27153,0
1996-07-15,0.6635,0.6777,0.6635,0.6777,124732,0
1996-07-16,0.6589,0.6659,0.6589,0.6659,211920,0
1996-07-17,0.66,0.6893,0.66,0.66,334399,0
1996-07-18,0.66,0.66,0.66,0.66,19620,0
1996-07-19,0.6635,0.6777,0.6635,0.6777,187521,0
1996-07-22,0.6601,0.6895,0.6601,0.6895,53731,0
1996-07-23,0.667,0.6893,0.66,0.66,449561,0
1996-07-24,0.667,0.6741,0.66,0.66,85306,0
1996-07-25,0.667,0.667,0.66,0.66,37534,0
1996-07-26,0.66,0.6893,0.66,0.66,128811,0
1996-07-29,0.7186,0.7186,0.66,0.66,16207,0
1996-07-30,0.7186,0.7186,0.66,0.66,57153,0
1996-07-31,0.66,0.6893,0.66,0.66,30709,0
1996-08-02,0.6743,0.7189,0.6743,0.7189,65655,0
1996-08-05,0.7189,0.7189,0.7189,0.7189,5116,0
1996-08-06,0.7189,0.7189,0.7189,0.7189,18759,0
1996-08-07,0.7224,0.7224,0.6777,0.6777,9334,0
1996-08-09,0.7071,0.7071,0.7071,0.7071,18667,0
1996-08-12,0.6777,0.7071,0.6777,0.6777,52608,0
1996-08-13,0.6743,0.7189,0.6743,0.7189,46045,0
1996-08-14,0.7366,0.7366,0.7071,0.7071,89943,0
1996-08-15,0.7366,0.7366,0.7366,0.7366,84002,0
1996-08-16,0.7802,0.825,0.766,0.825,394558,0
1996-08-19,0.7931,0.8377,0.7638,0.7778,348943,0
1996-08-20,0.7956,0.7956,0.7366,0.766,108610,0
1996-08-21,0.7202,0.7636,0.7202,0.7484,90225,0
1996-08-22,0.7507,0.766,0.7507,0.766,31395,0
1996-08-23,0.7756,0.8201,0.7756,0.7837,96459,0
1996-08-26,0.8097,0.8238,0.8014,0.8014,25493,0
1996-08-27,0.7638,0.8084,0.7638,0.7778,46809,0
1996-08-29,0.766,0.825,0.766,0.7956,49215,0
1996-08-30,0.7802,0.825,0.7802,0.825,33940,0
1996-09-03,0.7802,0.7956,0.7366,0.7366,187521,0
1996-09-04,0.7189,0.7471,0.7189,0.7189,209762,0
1996-09-05,0.7189,0.733,0.7189,0.7189,103175,0
1996-09-06,0.7224,0.7366,0.7224,0.7366,103519,0
1996-09-09,0.766,0.766,0.7366,0.7366,31395,0
1996-09-10,0.766,0.766,0.7224,0.7366,111156,0
1996-09-11,0.766,0.766,0.7224,0.766,19515,0
1996-09-12,0.7178,0.7248,0.7178,0.7248,65760,0
1996-09-13,0.766,0.766,0.7507,0.766,30545,0
1996-09-16,0.7366,0.7366,0.7366,0.7366,31395,0
1996-09-17,0.7366,0.7507,0.7224,0.7366,50911,0
1996-09-18,0.7623,0.7623,0.7189,0.7189,3411,0
1996-09-19,0.766,0.766,0.766,0.766,849,0
1996-09-20,0.7178,0.7248,0.7178,0.7248,70031,0
1996-09-23,0.7484,0.7484,0.7484,0.7484,61285,0
1996-09-24,0.7484,0.7484,0.7484,0.7484,5959,0
1996-09-25,0.7471,0.7471,0.7189,0.7189,83563,0
1996-09-26,0.766,0.766,0.7366,0.766,81457,0
1996-09-27,0.766,0.766,0.7366,0.7366,47516,0
1996-10-01,0.7543,0.7543,0.7543,0.7543,6109,0
1996-10-02,0.7515,0.8073,0.7515,0.8073,58592,0
1996-10-03,0.7693,0.825,0.7693,0.825,38217,0
1996-10-04,0.825,0.8426,0.806,0.825,87354,0
1996-10-07,0.8426,0.8792,0.8251,0.8426,310478,0
1996-10-08,0.8824,0.8824,0.828,0.8367,127161,0
1996-10-09,0.8087,0.8278,0.7719,0.7719,75492,0
1996-10-10,0.825,0.825,0.825,0.825,2731,0
1996-10-11,0.7719,0.7719,0.7528,0.7719,19042,0
1996-10-14,0.7543,0.7543,0.7543,0.7543,20365,0
1996-10-15,0.7499,0.7602,0.7499,0.7602,21166,0
1996-10-16,0.8073,0.8073,0.8073,0.8073,1363,0
1996-10-17,0.8043,0.8233,0.7677,0.7956,84112,0
1996-10-18,0.7719,0.8087,0.7719,0.7719,14282,0
1996-10-21,0.825,0.825,0.825,0.825,27299,0
1996-10-22,0.772,0.7896,0.772,0.7896,19042,0
1996-10-23,0.7487,0.8043,0.7487,0.7956,54023,0
1996-10-24,0.7719,0.7896,0.7719,0.7719,44207,0
1996-10-25,0.7719,0.7719,0.7719,0.7719,8841,0
1996-10-28,0.7515,0.8073,0.7515,0.8073,59951,0
1996-10-29,0.8055,0.8055,0.7499,0.7602,156352,0
1996-10-30,0.7911,0.7911,0.7543,0.7543,38693,0
1996-10-31,0.7631,0.7896,0.7529,0.7896,67327,0
1996-11-01,0.7543,0.7911,0.7543,0.7543,8145,0
1996-11-04,0.7543,0.7543,0.7543,0.7543,21043,0
1996-11-05,0.7543,0.7734,0.7543,0.7543,253875,0
1996-11-06,0.7734,0.7734,0.7543,0.7543,202964,0
1996-11-07,0.7189,0.7366,0.7189,0.7366,10183,0
1996-11-08,0.716,0.7248,0.716,0.7248,131544,0
1996-11-11,0.7189,0.7543,0.7189,0.7543,4074,0
1996-11-12,0.713,0.713,0.713,0.713,10268,0
1996-11-14,0.713,0.7481,0.713,0.713,10268,0
1996-11-15,0.7189,0.7366,0.7189,0.7366,4752,0
1996-11-18,0.713,0.7218,0.713,0.713,34907,0
1996-11-19,0.713,0.7306,0.713,0.713,40381,0
1996-11-20,0.713,0.7306,0.713,0.713,136199,0
1996-11-21,0.7144,0.7232,0.6778,0.6953,164634,0
1996-11-22,0.6778,0.7144,0.6778,0.6953,34840,0
1996-11-25,0.6778,0.7495,0.6778,0.6953,97004,0
1996-11-26,0.7263,0.7351,0.6983,0.7071,74826,0
1996-11-27,0.7071,0.7071,0.7071,0.7071,8163,0
1996-11-29,0.7071,0.7071,0.6983,0.7071,138766,0
1996-12-02,0.6982,0.707,0.6807,0.6895,95917,0
1996-12-03,0.704,0.704,0.6587,0.6777,69691,0
1996-12-04,0.6616,0.7174,0.6616,0.7071,408134,0
1996-12-05,0.7161,0.7703,0.7161,0.7425,179917,0
1996-12-06,0.7189,0.7366,0.7189,0.7366,27153,0
1996-12-09,0.744,0.7719,0.7352,0.7719,200631,0
1996-12-10,0.7352,0.7719,0.7352,0.7719,50327,0
1996-12-11,0.7734,0.8294,0.7543,0.7543,118112,0
1996-12-12,0.7734,0.7734,0.7189,0.7366,129652,0
1996-12-13,0.7144,0.7319,0.6953,0.6953,28692,0
1996-12-16,0.7425,0.7425,0.7337,0.7425,56565,0
1996-12-17,0.7407,0.7407,0.6953,0.6953,8199,0
1996-12-18,0.7513,0.7513,0.697,0.7425,27260,0
1996-12-19,0.7543,0.7543,0.7543,0.7543,11540,0
1996-12-20,0.7481,0.7481,0.713,0.713,21903,0
1996-12-23,0.7189,0.7543,0.7189,0.7366,30545,0
1996-12-24,0.7161,0.7513,0.7161,0.7425,197635,0
1996-12-27,0.7543,0.7543,0.7543,0.7543,1357,0
1996-12-30,0.7528,0.7719,0.7528,0.7719,43527,0
1996-12-31,0.7911,0.7911,0.7366,0.7366,44123,0
1997-01-02,0.7323,0.7602,0.7323,0.7602,30725,0
1997-01-03,0.7337,0.7425,0.7337,0.7425,17038,0
1997-01-06,0.7734,0.7734,0.7189,0.7543,59735,0
1997-01-07,0.7911,0.7911,0.7366,0.7366,14254,0
1997-01-08,0.7306,0.7847,0.713,0.713,27377,0
1997-01-09,0.7481,0.7481,0.713,0.713,54070,0
1997-01-10,0.7543,0.7734,0.7366,0.7543,36656,0
1997-01-13,0.7734,0.7734,0.7189,0.7366,93675,0
1997-01-14,0.7175,0.7719,0.7175,0.7719,123780,0
1997-01-15,0.7189,0.7543,0.7189,0.7366,42085,0
1997-01-16,0.7543,0.7734,0.7189,0.7366,56342,0
1997-01-17,0.7706,0.8073,0.7339,0.8073,101513,0
1997-01-20,0.8624,1.0267,0.8624,0.99,1999837,0
1997-01-21,1.0419,1.0609,0.878,0.878,1125501,0
1997-01-22,0.9533,1.009,0.8975,0.99,553655,0
1997-01-23,1.043,1.043,0.9711,1.0253,290833,0
1997-01-24,1.043,1.043,0.9887,1.0253,171359,0
1997-01-27,1.0443,1.0443,0.99,0.99,115232,0
1997-01-28,1.0443,1.0443,0.9342,0.99,623202,0
1997-01-29,1.0119,1.0119,0.9193,0.937,276710,0
1997-01-30,0.9914,0.9914,0.9267,0.9546,174310,0
1997-01-31,0.937,0.937,0.8825,0.9193,121022,0
1997-02-03,0.9546,0.9546,0.8988,0.9546,104859,0
1997-02-04,0.956,0.956,0.9193,0.9193,48951,0
1997-02-05,0.9546,1.0104,0.9208,0.9546,73537,0
1997-02-06,0.9723,0.9723,0.9723,0.9723,24548,0
1997-02-07,0.9752,0.9752,0.937,0.937,111500,0
1997-02-10,0.9737,0.9737,0.9178,0.9546,37449,0
1997-02-11,0.9166,0.9723,0.9166,0.9723,20457,0
1997-02-12,0.9546,0.9914,0.9356,0.9546,57196,0
1997-02-13,1.0119,1.0119,0.937,0.937,47592,0
1997-02-14,0.937,1.0119,0.937,0.937,17676,0
1997-02-18,0.9384,1.0135,0.9016,0.9016,95713,0
1997-02-19,0.9001,0.9752,0.9001,0.9193,21077,0
1997-02-20,0.9208,0.9767,0.9016,0.9016,14934,0
1997-02-21,0.9752,0.9752,0.9002,0.937,62548,0
1997-02-24,0.9002,0.9752,0.9002,0.937,111500,0
1997-02-25,0.9016,0.9767,0.9016,0.9016,10183,0
1997-02-26,0.9016,0.9576,0.9016,0.9016,20365,0
1997-02-27,0.8975,0.9723,0.8975,0.9723,22503,0
1997-02-28,0.9001,0.9752,0.9001,0.9193,20397,0
1997-03-03,0.9016,0.9767,0.9016,0.9016,53625,0
1997-03-04,0.9001,0.9752,0.9001,0.9193,43513,0
1997-03-05,0.9546,0.9737,0.8988,0.9546,28598,0
1997-03-06,0.9193,0.937,0.9193,0.937,4759,0
1997-03-07,0.8975,0.9723,0.8975,0.9723,23867,0
1997-03-10,0.9208,0.9208,0.9016,0.9016,15614,0
1997-03-11,0.9016,0.9296,0.9016,0.9016,62451,0
1997-03-12,0.9193,0.9281,0.9001,0.9193,97225,0
1997-03-13,0.9016,0.9767,0.9016,0.9016,21043,0
1997-03-14,0.9752,0.9752,0.9193,0.9193,45553,0
1997-03-17,0.9752,0.9752,0.9001,0.9193,14957,0
1997-03-18,0.9576,0.9576,0.9016,0.9016,12897,0
1997-03-19,0.8972,0.9074,0.8972,0.9074,20463,0
1997-03-20,0.9529,0.9529,0.8972,0.9074,14325,0
1997-03-21,0.9016,0.9208,0.9016,0.9016,19006,0
1997-03-24,0.8972,0.9339,0.8972,0.9074,39562,0
1997-03-25,0.9002,0.937,0.9002,0.937,7479,0
1997-03-26,0.9001,0.9193,0.9001,0.9193,1358,0
1997-03-31,0.9208,0.9208,0.9016,0.9016,35298,0
1997-04-01,0.9016,0.9576,0.9016,0.9016,31225,0
1997-04-02,0.9576,0.9576,0.9016,0.9016,14934,0
1997-04-03,0.9016,0.9384,0.9016,0.9016,46838,0
1997-04-04,0.9016,0.9016,0.9016,0.9016,12219,0
1997-04-07,0.8972,0.9074,0.8972,0.9074,30013,0
1997-04-08,0.9016,0.9576,0.9016,0.9016,34619,0
1997-04-09,0.9546,0.9546,0.9546,0.9546,4085,0
1997-04-10,0.8972,0.9529,0.8972,0.9074,43656,0
1997-04-11,0.9208,0.9208,0.9016,0.9016,97070,0
1997-04-14,0.9002,0.9561,0.9002,0.937,34675,0
1997-04-15,0.9576,0.9576,0.9016,0.9016,20365,0
1997-04-17,0.9178,0.9546,0.8988,0.9546,29959,0
1997-04-18,0.9031,0.937,0.9001,0.9193,81587,0
1997-04-21,0.937,0.937,0.9002,0.937,59828,0
1997-04-22,0.9193,0.937,0.9193,0.937,59150,0
1997-04-23,0.9002,0.937,0.9002,0.937,20397,0
1997-04-24,0.9282,0.9752,0.9282,0.937,29916,0
1997-04-25,0.9193,0.9752,0.9193,0.9193,63910,0
1997-04-28,0.9193,0.9193,0.9193,0.9193,5439,0
1997-04-29,0.9208,0.9208,0.9016,0.9016,6109,0
1997-04-30,0.896,0.9428,0.896,0.9428,36204,0
1997-05-01,0.9472,0.9752,0.9193,0.9193,25157,0
1997-05-02,0.9752,0.9752,0.9193,0.9193,114901,0
1997-05-05,0.9193,0.9752,0.9193,0.9193,12917,0
1997-05-06,0.9193,0.937,0.9193,0.937,23795,0
1997-05-07,0.9193,0.9193,0.9193,0.9193,14957,0
1997-05-08,0.956,0.956,0.9193,0.9193,42833,0
1997-05-09,0.9178,0.9546,0.9178,0.9546,59237,0
1997-05-12,0.956,0.956,0.9193,0.9193,19717,0
1997-05-13,0.9163,0.9252,0.9163,0.9252,9549,0
1997-05-14,0.9472,0.9472,0.9193,0.9193,45553,0
1997-05-15,0.9193,0.9193,0.9193,0.9193,14278,0
1997-05-16,0.9163,0.9252,0.9163,0.9252,31375,0
1997-05-19,0.9178,0.9546,0.9178,0.9546,16342,0
1997-05-20,0.9193,0.937,0.9193,0.9193,14278,0
1997-05-21,0.9193,0.9193,0.9193,0.9193,8838,0
1997-05-22,0.9546,0.9546,0.9178,0.9546,28598,0
1997-05-23,0.9546,0.9546,0.9178,0.9546,34726,0
1997-05-27,0.9561,0.9928,0.9193,0.937,76826,0
1997-05-28,0.937,0.9752,0.937,0.937,26515,0
1997-05-29,0.9914,0.9914,0.9356,0.9546,99413,0
1997-05-30,0.9752,0.9752,0.9193,0.937,72746,0
1997-06-02,0.9721,0.9721,0.9163,0.9252,37513,0
1997-06-03,0.9721,0.9721,0.9163,0.9252,8185,0
1997-06-04,0.9752,0.9752,0.9193,0.9193,19717,0
1997-06-05,0.9163,0.9252,0.9163,0.9252,47745,0
1997-06-06,0.9163,0.934,0.9163,0.9252,49109,0
1997-06-09,0.9163,0.9252,0.9163,0.9252,36148,0
1997-06-10,0.9163,0.9721,0.9163,0.9252,96850,0
1997-06-11,0.9723,0.9723,0.9341,0.9723,2046,0
1997-06-12,0.937,0.9472,0.9193,0.9193,182213,0
1997-06-13,0.9752,0.9752,0.9193,0.9193,14278,0
1997-06-16,0.9193,0.9281,0.9193,0.9193,14957,0
1997-06-17,0.953,0.953,0.9163,0.9252,47062,0
1997-06-18,0.9163,0.9442,0.9163,0.9252,32738,0
1997-06-19,0.9472,0.9472,0.9193,0.9193,47593,0
1997-06-20,0.937,0.9648,0.9193,0.9193,16317,0
1997-06-23,0.9193,0.9561,0.9193,0.937,103341,0
1997-06-24,0.9326,0.9604,0.915,0.9428,66257,0
1997-06-25,0.9752,0.9752,0.937,0.937,16317,0
1997-06-26,0.9356,0.9546,0.9356,0.9546,49706,0
1997-06-27,0.9163,0.9252,0.9163,0.9252,86622,0
1997-06-30,0.9163,0.934,0.9163,0.9252,4773,0
1997-07-01,0.9458,0.9546,0.9458,0.9546,14300,0
1997-07-02,0.9341,0.9723,0.9341,0.9723,5455,0
1997-07-03,0.9737,0.9914,0.9546,0.9546,12255,0
1997-07-07,0.937,0.9561,0.937,0.937,7479,0
1997-07-08,0.937,0.9561,0.937,0.937,12917,0
1997-07-09,0.937,0.937,0.937,0.937,4759,0
1997-07-10,0.9326,0.9516,0.9326,0.9428,30054,0
1997-07-11,0.9342,0.99,0.9342,0.99,34092,0
1997-07-14,0.9914,0.9914,0.9356,0.9546,26555,0
1997-07-15,0.9882,0.9882,0.9326,0.9428,34837,0
1997-07-16,0.9342,0.99,0.9342,0.99,20455,0
1997-07-17,0.9546,0.9914,0.9546,0.9546,96008,0
1997-07-18,0.9516,0.9516,0.9326,0.9428,24589,0
1997-07-21,0.9882,0.9882,0.9326,0.9428,54643,0
1997-07-22,0.943,0.9883,0.943,0.9605,186452,0
1997-07-23,0.9608,1.0077,0.9608,1.0077,28676,0
1997-07-24,1.0074,1.0074,0.9605,0.9605,32100,0
1997-07-25,0.9621,1.0267,0.9621,0.99,111821,0
1997-07-28,1.0252,1.0252,0.9711,1.0077,51208,0
1997-07-29,1.0089,1.0089,0.962,0.9723,112513,0
1997-07-30,1.0106,1.0194,0.9739,1.0194,23827,0
1997-07-31,0.993,1.1225,0.9753,1.0666,430959,0
1997-08-01,1.0826,1.0826,0.9902,1.0548,88616,0
1997-08-04,1.0269,1.0548,1.0269,1.0548,302653,0
1997-08-05,1.0285,1.1107,1.0285,1.0842,96653,0
1997-08-06,1.0461,1.1019,1.0461,1.1019,40157,0
1997-08-07,1.0639,1.174,1.0639,1.1373,150601,0
1997-08-08,1.1006,1.1549,1.1006,1.1373,100172,0
1997-08-11,1.174,1.174,1.1006,1.1373,11584,0
1997-08-12,1.1372,1.1372,1.1005,1.1196,72919,0
1997-08-13,1.1374,1.1549,1.1197,1.1549,158086,0
1997-08-14,1.1373,1.174,1.1197,1.1373,94721,0
1997-08-15,1.1212,1.1756,1.1212,1.1667,104801,0
1997-08-18,1.1741,1.2107,1.1549,1.1549,94033,0
1997-08-19,1.1536,1.1727,1.1536,1.1727,79819,0
1997-08-20,1.1916,1.1916,1.1549,1.1549,162174,0
1997-08-21,1.1578,1.1578,1.0299,1.1314,78844,0
1997-08-22,1.0475,1.1314,1.0475,1.1314,13594,0
1997-08-26,1.1284,1.1284,1.0448,1.1196,34074,0
1997-08-27,1.1314,1.1314,1.1314,1.1314,7478,0
1997-08-28,1.1357,1.1357,1.0169,1.1079,189030,0
1997-08-29,1.0108,1.1019,1.0108,1.1019,35392,0
1997-09-02,1.1019,1.1107,1.0285,1.0842,36755,0
1997-09-03,1.0077,1.0077,1.0077,1.0077,2731,0
1997-09-04,1.1225,1.1401,1.0578,1.0666,45544,0
1997-09-05,1.0578,1.0666,1.0578,1.0666,5437,0
1997-09-09,1.0551,1.1373,1.0551,1.1373,69508,0
1997-09-10,1.1549,1.1549,1.1196,1.1196,92001,0
1997-09-11,1.1196,1.1196,1.1196,1.1196,31350,0
1997-09-12,1.1019,1.1019,1.1019,1.1019,63980,0
1997-09-16,1.1549,1.174,1.083,1.1373,68826,0
1997-09-17,1.136,1.2093,1.136,1.1727,45709,0
1997-09-18,1.1284,1.1739,1.1196,1.1196,85185,0
1997-09-19,1.083,1.1549,1.083,1.1373,47018,0
1997-09-22,1.0994,1.2285,1.0994,1.1903,199193,0
1997-09-23,1.23,1.23,1.1919,1.2021,66087,0
1997-09-24,1.1903,1.2094,1.1903,1.1903,105054,0
1997-09-25,1.2139,1.2139,1.2139,1.2139,97867,0
1997-09-26,1.2213,1.2492,1.2213,1.2316,51033,0
1997-09-29,1.1936,1.3789,1.1936,1.3789,242171,0
1997-09-30,1.4155,1.4698,1.3038,1.3141,279617,0
1997-10-01,1.432,1.432,1.3306,1.432,253296,0
1997-10-02,1.4127,1.4127,1.357,1.4024,32721,0
1997-10-03,1.3933,1.6499,1.3933,1.6323,462310,0
1997-10-06,1.6487,1.7219,1.5929,1.6853,616864,0
1997-10-07,1.6853,1.7586,1.6121,1.6853,349373,0
1997-10-08,1.631,1.7219,1.5211,1.6676,141259,0
1997-10-09,1.5969,1.5969,1.5969,1.5969,35397,0
1997-10-10,1.5973,1.7633,1.5973,1.7265,210289,0
1997-10-13,1.7633,1.8368,1.7074,1.7265,184427,0
1997-10-14,1.7619,1.8354,1.7252,1.7619,186617,0
1997-10-15,1.7453,1.7453,1.4704,1.5439,72092,0
1997-10-16,1.5439,1.6542,1.5439,1.5439,26525,0
1997-10-17,1.5053,1.5245,1.3217,1.432,77624,0
1997-10-20,1.5223,1.6499,1.43,1.6499,117958,0
1997-10-21,1.5426,1.6719,1.5426,1.5969,58538,0
1997-10-22,1.6894,1.6894,1.4882,1.5969,109590,0
1997-10-23,1.4513,1.5806,1.4336,1.5439,78893,0
1997-10-24,1.6683,1.6683,1.5027,1.5027,4094,0
1997-10-27,1.5039,1.6141,1.4306,1.4673,43619,0
1997-10-28,1.3952,1.542,1.3584,1.4142,91926,0
1997-10-29,1.4143,1.5597,1.4143,1.432,67409,0
1997-10-30,1.3776,1.432,1.3585,1.432,136862,0
1997-10-31,1.5053,1.5244,1.4142,1.4142,16342,0
1997-11-03,1.4192,1.5203,1.3914,1.5203,6145,0
1997-11-04,1.5263,1.5616,1.5263,1.5616,8841,0
1997-11-05,1.5249,1.5968,1.5249,1.5792,51734,0
1997-11-06,1.45,1.5969,1.45,1.5969,11571,0
1997-11-07,1.5231,1.5231,1.4673,1.4673,51114,0
1997-11-10,1.4143,1.5509,1.4143,1.432,23831,0
1997-11-11,1.4143,1.4686,1.4143,1.432,16342,0
1997-11-12,1.4157,1.4245,1.3966,1.3966,27890,0
1997-11-13,1.5027,1.5027,1.5027,1.5027,17052,0
1997-11-14,1.432,1.432,1.432,1.432,5447,0
1997-11-17,1.5053,1.5053,1.432,1.432,5447,0
1997-11-18,1.5321,1.5321,1.5321,1.5321,2046,0
1997-11-19,1.4144,1.4496,1.4144,1.4496,19063,0
1997-11-20,1.4319,1.4319,1.4142,1.4142,13618,0
1997-11-21,1.3966,1.3966,1.3966,1.3966,5443,0
1997-11-24,1.3919,1.3919,1.3187,1.3553,192464,0
1997-11-25,1.3218,1.4496,1.2851,1.4496,43576,0
1997-11-26,1.432,1.432,1.432,1.432,6128,0
1997-11-28,1.32,1.32,1.32,1.32,13637,0
1997-12-01,1.32,1.32,1.32,1.32,23866,0
1997-12-02,1.3201,1.3376,1.2834,1.3376,27954,0
1997-12-03,1.3381,1.4673,1.3381,1.4673,61340,0
1997-12-04,1.4686,1.4686,1.432,1.4496,16341,0
1997-12-05,1.2997,1.4286,1.2997,1.3553,30031,0
1997-12-08,1.3553,1.3553,1.3553,1.3553,4777,0
1997-12-09,1.4286,1.4286,1.3553,1.3553,6825,0
1997-12-10,1.3585,1.432,1.3585,1.432,20427,0
1997-12-11,1.3934,1.3934,1.3376,1.3376,12953,0
1997-12-12,1.3394,1.432,1.3394,1.432,21108,0
1997-12-15,1.3553,1.3553,1.3553,1.3553,4095,0
1997-12-16,1.4701,1.4701,1.3966,1.3966,2720,0
1997-12-17,1.32,1.3933,1.32,1.32,9547,0
1997-12-18,1.3022,1.3022,1.2846,1.2846,8174,0
1997-12-19,1.2847,1.3023,1.2847,1.3023,14985,0
1997-12-22,1.2846,1.2846,1.2846,1.2846,22476,0
1997-12-23,1.2934,1.2934,1.1745,1.2846,203661,0
1997-12-24,1.2008,1.2463,1.2008,1.2375,17734,0
1997-12-26,1.2316,1.2493,1.2316,1.2493,2041,0
1997-12-29,1.2302,1.2846,1.2302,1.2846,41550,0
1997-12-30,1.3553,1.4286,1.3553,1.3553,4777,0
1997-12-31,1.3231,1.3966,1.3039,1.3966,55100,0
1998-01-02,1.432,1.432,1.432,1.432,680,0
1998-01-05,1.3598,1.4333,1.323,1.3789,35372,0
1998-01-06,1.3966,1.3966,1.3966,1.3966,22447,0
1998-01-07,1.3231,1.3966,1.3231,1.3966,24487,0
1998-01-08,1.2466,1.32,1.2466,1.32,8864,0
1998-01-09,1.2466,1.32,1.1909,1.32,34773,0
1998-01-12,1.229,1.32,1.229,1.32,9547,0
1998-01-13,1.2847,1.3213,1.2847,1.3023,30650,0
1998-01-14,1.2479,1.3125,1.2479,1.2846,23159,0
1998-01-15,1.2669,1.3213,1.2669,1.2669,32696,0
1998-01-16,1.32,1.32,1.2466,1.32,24545,0
1998-01-20,1.2657,1.32,1.2657,1.32,15000,0
1998-01-21,1.32,1.32,1.2833,1.32,29319,0
1998-01-22,1.3595,1.4153,1.2493,1.2493,58515,0
1998-01-23,1.32,1.32,1.32,1.32,1364,0
1998-01-26,1.3227,1.3227,1.2316,1.2493,10205,0
1998-01-27,1.3213,1.3213,1.2479,1.3023,25201,0
1998-01-28,1.3036,1.3139,1.2493,1.2493,61238,0
1998-01-29,1.2479,1.3023,1.2113,1.3023,32694,0
1998-01-30,1.2507,1.2507,1.1771,1.2139,54371,0
1998-02-02,1.1727,1.2826,1.1536,1.1727,32064,0
1998-02-03,1.1549,1.2107,1.1549,1.1549,38159,0
1998-02-04,1.2826,1.2826,1.1184,1.1727,45027,0
1998-02-05,1.167,1.3036,1.167,1.2493,105464,0
1998-02-06,1.3022,1.3022,1.2479,1.2669,26564,0
1998-02-09,1.2139,1.2507,1.2139,1.2139,20389,0
1998-02-10,1.2125,1.2493,1.2125,1.2493,25176,0
1998-02-11,1.1903,1.1903,1.1903,1.1903,7503,0
1998-02-12,1.1757,1.2493,1.1757,1.2493,13608,0
1998-02-13,1.2107,1.2107,1.1549,1.1549,27255,0
1998-02-17,1.1757,1.2493,1.1757,1.2493,53754,0
1998-02-18,1.1549,1.1549,1.1549,1.1549,23850,0
1998-02-19,1.2651,1.2651,1.1185,1.1903,66852,0
1998-02-20,1.2491,1.2491,1.1565,1.1845,104116,0
1998-02-23,1.1536,1.2284,1.1536,1.1727,24559,0
1998-02-24,1.1771,1.2139,1.1771,1.2139,61168,0
1998-02-25,1.2139,1.2331,1.2139,1.2139,20389,0
1998-02-27,1.1746,1.3023,1.1746,1.3023,155295,0
1998-03-02,1.3213,1.3213,1.2669,1.2669,71525,0
1998-03-03,1.2493,1.3036,1.2125,1.2493,15650,0
1998-03-04,1.2845,1.3213,1.2669,1.2669,8174,0
1998-03-05,1.3112,1.32,1.229,1.32,10228,0
1998-03-06,1.283,1.283,1.2552,1.2552,32736,0
1998-03-09,1.2493,1.2493,1.2125,1.2493,58515,0
1998-03-10,1.2302,1.2669,1.2302,1.2669,4087,0
1998-03-11,1.2213,1.3036,1.2213,1.2316,54436,0
1998-03-12,1.2125,1.2493,1.2037,1.2493,34700,0
1998-03-13,1.2493,1.2493,1.2493,1.2493,38783,0
1998-03-16,1.2125,1.2684,1.1757,1.2493,31978,0
1998-03-17,1.2833,1.32,1.2099,1.32,51138,0
1998-03-18,1.3023,1.3023,1.3023,1.3023,25201,0
1998-03-19,1.2466,1.32,1.2466,1.32,5454,0
1998-03-20,1.2846,1.2846,1.2846,1.2846,8856,0
1998-03-23,1.286,1.286,1.2493,1.2493,20412,0
1998-03-24,1.2479,1.2846,1.1378,1.2846,68115,0
1998-03-25,1.286,1.3036,1.2316,1.2493,17012,0
1998-03-26,1.2493,1.2493,1.2493,1.2493,680,0
1998-03-27,1.3036,1.3227,1.2493,1.2493,44226,0
1998-03-30,1.2316,1.2316,1.2316,1.2316,8164,0
1998-03-31,1.2302,1.2669,1.2111,1.2669,86510,0
1998-04-01,1.3036,1.3036,1.2493,1.2493,9526,0
1998-04-02,1.2668,1.2668,1.2198,1.2198,29294,0
1998-04-03,1.2198,1.2198,1.2198,1.2198,2042,0
1998-04-06,1.2493,1.2493,1.2493,1.2493,23135,0
1998-04-07,1.2845,1.3124,1.2479,1.2669,102176,0
1998-04-08,1.3036,1.3036,1.2493,1.2493,19732,0
1998-04-09,1.2493,1.2684,1.2493,1.2493,22453,0
1998-04-13,1.2464,1.3006,1.2464,1.2552,13640,0
1998-04-14,1.2671,1.3023,1.2671,1.3023,74242,0
1998-04-15,1.267,1.3022,1.267,1.2846,25202,0
1998-04-16,1.2846,1.2846,1.2846,1.2846,6129,0
1998-04-17,1.3036,1.3036,1.2493,1.2493,4083,0
1998-04-20,1.286,1.286,1.2493,1.2493,34021,0
1998-04-21,1.3102,1.6121,1.3102,1.4201,208111,0
1998-04-22,1.5568,1.5568,1.466,1.5027,36835,0
1998-04-23,1.3763,1.4673,1.3763,1.4673,64065,0
1998-04-24,1.5973,1.8001,1.396,1.7443,417163,0
1998-04-27,2.0525,2.0891,1.6859,1.815,527957,0
1998-04-28,2.0179,2.037,1.8521,1.9269,295049,0
1998-04-29,2.0002,2.0002,1.8725,1.8916,111670,0
1998-04-30,2.0205,2.0205,1.7266,1.7443,141551,0
1998-05-01,1.7442,1.8544,1.6722,1.7265,202121,0
1998-05-04,1.6899,1.8368,1.6899,1.7443,50359,0
1998-05-05,1.7402,1.8325,1.7036,1.815,57980,0
1998-05-06,1.6885,1.7619,1.6885,1.7619,34054,0
1998-05-07,1.6885,1.8354,1.6885,1.7619,87177,0
1998-05-08,1.8339,1.8706,1.7973,1.7973,26582,0
1998-05-11,1.909,1.909,1.7621,1.8267,66057,0
1998-05-12,1.7252,1.8442,1.7252,1.7619,29967,0
1998-05-13,1.7593,1.8326,1.7593,1.8326,27965,0
1998-05-14,1.7634,1.8368,1.7443,1.7443,32666,0
1998-05-15,1.7619,1.8177,1.7061,1.7619,35417,0
1998-05-18,1.7239,1.825,1.7239,1.7796,109742,0
1998-05-19,1.7814,1.8916,1.7814,1.8916,72179,0
1998-05-20,1.9062,1.9062,1.8505,1.8974,36146,0
1998-05-21,1.8945,1.9121,1.7841,1.8562,88386,0
1998-05-22,1.8151,1.8326,1.8151,1.8326,34102,0
1998-05-26,1.8325,1.8502,1.815,1.815,37516,0
1998-05-27,1.8163,1.8896,1.7796,1.7796,143821,0
1998-05-28,1.7619,1.7619,1.7619,1.7619,8173,0
1998-05-29,1.7061,1.7619,1.7061,1.7619,17708,0
1998-06-01,1.7959,1.8326,1.7681,1.8326,98220,0
1998-06-02,1.7986,1.7986,1.7619,1.7619,8173,0
1998-06-03,1.7606,1.8163,1.7606,1.7796,12951,0
1998-06-04,1.8163,1.8163,1.7973,1.7973,20447,0
1998-06-05,1.7606,1.7973,1.7606,1.7973,6816,0
1998-06-08,1.8385,1.8754,1.8385,1.8562,46232,0
1998-06-09,1.7959,1.8326,1.7959,1.8326,21827,0
1998-06-10,1.8326,1.8326,1.8326,1.8326,21145,0
1998-06-11,1.8883,1.8883,1.7959,1.8326,4776,0
1998-06-12,1.8354,1.8354,1.7252,1.7619,13623,0
1998-06-15,1.7797,1.8296,1.7797,1.7973,173806,0
1998-06-16,1.7797,1.8163,1.7797,1.7973,323075,0
1998-06-17,1.7603,1.7603,1.7236,1.7324,53853,0
1998-06-18,1.7239,1.8163,1.7239,1.7796,192899,0
1998-06-19,1.7796,1.7796,1.7796,1.7796,14994,0
1998-06-22,1.8279,1.8279,1.7266,1.7443,8166,0
1998-06-23,1.7177,1.7265,1.7177,1.7265,8847,0
1998-06-24,1.7592,1.815,1.7592,1.815,118688,0
1998-06-25,1.7959,1.815,1.7959,1.815,50477,0
1998-06-26,1.8345,1.9446,1.7978,1.9446,211228,0
1998-06-29,1.9992,2.1371,1.8905,2.0094,927927,0
1998-06-30,2.1314,2.1491,1.8375,2.0212,210210,0
1998-07-01,2.0106,2.0106,1.8725,1.9092,65367,0
1998-07-02,1.8712,2.0179,1.8712,1.9269,39522,0
1998-07-06,1.9092,1.9092,1.8725,1.9092,17022,0
1998-07-07,1.8385,1.9312,1.7651,1.8562,73429,0
1998-07-08,1.8537,1.9828,1.8537,1.974,195399,0
1998-07-09,1.9473,1.9473,1.8547,1.8739,12248,0
1998-07-10,1.9106,1.9106,1.8739,1.8739,6802,0
1998-07-13,1.9092,1.9092,1.9092,1.9092,680,0
1998-07-14,1.9091,1.9091,1.8916,1.8916,11576,0
1998-07-15,1.8706,1.8706,1.7973,1.7973,8180,0
1998-07-17,1.8004,1.8739,1.8004,1.8739,43546,0
1998-07-20,1.799,1.8916,1.799,1.8916,27918,0
1998-07-21,1.7905,1.9828,1.7258,1.974,215143,0
1998-07-22,1.8339,1.8339,1.7973,1.7973,6135,0
1998-07-23,1.7624,1.9092,1.7624,1.9092,294832,0
1998-07-24,1.8385,1.8562,1.8385,1.8562,1358,0
1998-07-27,1.7991,1.9827,1.7991,1.9092,59237,0
1998-07-28,1.7986,1.7986,1.7619,1.7619,51080,0
1998-07-29,1.7177,1.7443,1.7177,1.7443,29263,0
1998-07-30,1.7029,1.7029,1.5755,1.6853,95532,0
1998-07-31,1.6146,1.6146,1.6146,1.6146,4088,0
1998-08-03,1.616,1.616,1.5792,1.5792,12253,0
1998-08-04,1.4157,1.5068,1.379,1.3966,170060,0
1998-08-05,1.3939,1.5406,1.3763,1.4673,53841,0
1998-08-06,1.3966,1.5435,1.3966,1.3966,19048,0
1998-08-07,1.4673,1.4673,1.413,1.4673,76333,0
1998-08-10,1.7955,1.8322,1.649,1.7502,251746,0
1998-08-11,1.8368,1.8368,1.6163,1.7265,204844,0
1998-08-12,1.9087,1.9087,1.6151,1.7619,54487,0
1998-08-13,1.872,1.872,1.7619,1.7619,36777,0
1998-08-14,1.7219,1.7219,1.6853,1.6853,13647,0
1998-08-17,1.7634,1.7634,1.6899,1.7443,35389,0
1998-08-18,1.7965,1.8332,1.6323,1.6323,24548,0
1998-08-19,1.76,1.76,1.6499,1.6499,8181,0
1998-08-20,1.6513,1.688,1.6146,1.6146,14988,0
1998-08-21,1.7233,1.7233,1.6133,1.6499,24545,0
1998-08-24,1.7233,1.7233,1.6133,1.6499,59320,0
1998-08-25,1.6174,1.6909,1.5439,1.5439,46247,0
1998-08-26,1.6316,1.6316,1.466,1.5027,50478,0
1998-08-27,1.485,1.5392,1.4292,1.485,154171,0
1998-08-28,1.6155,1.6155,1.432,1.432,39494,0
1998-08-31,1.4686,1.4686,1.3585,1.432,29959,0
1998-09-01,1.4143,1.5788,1.4041,1.432,109626,0
1998-09-02,1.5244,1.5244,1.3952,1.4142,109629,0
1998-09-03,1.3598,1.4157,1.3231,1.3966,111559,0
1998-09-04,1.3744,1.3919,1.3187,1.3553,44362,0
1998-09-08,1.451,1.4701,1.3966,1.3966,61902,0
1998-09-09,1.5968,1.5968,1.5792,1.5792,17019,0
1998-09-10,1.4673,1.4673,1.4673,1.4673,25216,0
1998-09-11,1.3937,1.4024,1.3937,1.4024,10225,0
1998-09-14,1.5421,1.5421,1.3952,1.432,7491,0
1998-09-15,1.4333,1.4333,1.3966,1.3966,10204,0
1998-09-16,1.3966,1.479,1.3966,1.3966,23129,0
1998-09-18,1.379,1.3966,1.379,1.3966,35372,0
1998-09-21,1.3934,1.3934,1.2657,1.3376,24544,0
1998-09-22,1.3508,1.3553,1.3508,1.3553,4761,0
1998-09-23,1.3585,1.432,1.3585,1.432,19746,0
1998-09-24,1.4157,1.4157,1.3687,1.3789,14286,0
1998-09-25,1.3642,1.3642,1.3363,1.3553,69615,0
1998-09-28,1.3597,1.3597,1.323,1.3317,119735,0
1998-09-29,1.3376,1.3376,1.3376,1.3376,11590,0
1998-09-30,1.3217,1.4142,1.3217,1.4142,12259,0
1998-10-01,1.5392,1.5392,1.3926,1.485,26605,0
1998-10-02,1.4673,1.4673,1.4673,1.4673,683,0
1998-10-05,1.3395,1.5054,1.3395,1.4496,37448,0
1998-10-06,1.3966,1.3966,1.3966,1.3966,680,0
1998-10-07,1.3933,1.3933,1.32,1.32,69547,0
1998-10-08,1.32,1.32,1.32,1.32,31365,0
1998-10-09,1.3009,1.3375,1.3009,1.32,8864,0
1998-10-12,1.3376,1.3376,1.3376,1.3376,8864,0
1998-10-13,1.4139,1.4139,1.3023,1.3023,5450,0
1998-10-14,1.3342,1.4555,1.3342,1.4555,21024,0
1998-10-19,1.4924,1.6747,1.4924,1.6441,120862,0
1998-10-20,1.6558,1.6558,1.4539,1.6558,13618,0
1998-10-21,1.5364,1.5364,1.4555,1.4555,6183,0
1998-10-22,1.6323,1.6323,1.6323,1.6323,2480,0
1998-10-26,1.6558,1.6558,1.6558,1.6558,6808,0
1998-10-27,1.4731,1.4731,1.4731,1.4731,619,0
1998-10-29,1.4731,1.4731,1.4731,1.4731,1856,0
1998-10-30,1.4708,1.5321,1.4708,1.5321,14880,0
1998-11-03,1.5319,1.5722,1.432,1.432,15504,0
1998-11-04,1.5321,1.632,1.5321,1.5321,30384,0
1998-11-09,1.5321,1.5321,1.5321,1.5321,4341,0
1998-11-10,1.5557,1.5557,1.5557,1.5557,2474,0
1998-11-11,1.5557,1.5557,1.5557,1.5557,1238,0
1998-11-12,1.5505,1.5505,1.4909,1.4909,21096,0
1998-11-13,1.4918,1.5514,1.4918,1.5321,65106,0
1998-11-16,1.4748,1.567,1.4748,1.5557,9894,0
1998-11-17,1.6031,1.6031,1.5321,1.5321,16121,0
1998-11-18,1.5523,1.5734,1.533,1.5734,48956,0
1998-11-19,1.6033,1.6323,1.6033,1.6323,3100,0
1998-11-20,1.6349,1.7156,1.6349,1.6558,82949,0
1998-11-23,1.6971,1.7375,1.6971,1.6971,32173,0
1998-11-24,1.7144,1.8161,1.6757,1.7855,253353,0
1998-11-25,1.818,1.818,1.7581,1.7678,19185,0
1998-11-27,1.8409,1.9219,1.7794,1.8798,22872,0
1998-11-30,1.8781,1.8781,1.6162,1.6971,47640,0
1998-12-01,1.5557,1.6171,1.5363,1.5557,12368,0
1998-12-02,1.5627,1.5627,1.5321,1.5321,45884,0
1998-12-03,1.5144,1.5144,1.5144,1.5144,9291,0
1998-12-04,1.4959,1.5978,1.4361,1.4555,90897,0
1998-12-07,1.3796,1.5311,1.3796,1.4909,31023,0
1998-12-08,1.5311,1.5311,1.4506,1.4909,58942,0
1998-12-09,1.4699,1.5505,1.4699,1.4909,41571,0
1998-12-10,1.5505,1.5505,1.4909,1.4909,14271,0
1998-12-11,1.4749,1.4749,1.4555,1.4555,4329,0
1998-12-14,1.4959,1.4959,1.4458,1.4555,28444,0
1998-12-15,1.4555,1.4555,1.4555,1.4555,30918,0
1998-12-16,1.4547,1.4547,1.4142,1.4142,40216,0
1998-12-17,1.3746,1.4555,1.3746,1.4555,21024,0
1998-12-18,1.4361,1.4959,1.4361,1.4555,26590,0
1998-12-21,1.4555,1.4555,1.4555,1.4555,4329,0
1998-12-22,1.4538,1.6117,1.4506,1.4909,102374,0
1998-12-23,1.4353,1.4951,1.3738,1.4142,27224,0
1998-12-24,1.4142,1.4142,1.4142,1.4142,5568,0
1998-12-28,1.674,1.674,1.3708,1.5321,6820,0
1998-12-29,1.6154,1.6769,1.5347,1.6558,146087,0
1998-12-30,1.676,1.676,1.6146,1.6146,2479,0
1998-12-31,1.5363,1.5767,1.5168,1.5557,11130,0
1999-01-04,1.6075,1.6075,1.4555,1.4555,21643,0
1999-01-05,1.4555,1.4555,1.4555,1.4555,4946,0
1999-01-06,1.4538,1.4731,1.4538,1.4731,6810,0
1999-01-07,1.4959,1.4959,1.4555,1.4555,12985,0
1999-01-08,1.4517,1.4614,1.4517,1.4614,17359,0
1999-01-11,1.4711,1.4711,1.4517,1.4614,22938,0
1999-01-12,1.4458,1.4555,1.3844,1.4555,28444,0
1999-01-13,1.4053,1.4555,1.4053,1.4555,28444,0
1999-01-14,1.4652,1.5557,1.4652,1.5557,5567,0
1999-01-15,1.4665,1.4665,1.4261,1.4261,16062,0
1999-01-19,1.5439,1.5439,1.5439,1.5439,1239,0
1999-01-20,1.4909,1.4909,1.4909,1.4909,14892,0
1999-01-22,1.4555,1.4555,1.4555,1.4555,9894,0
1999-01-25,1.4042,1.4947,1.4042,1.485,34040,0
1999-01-26,1.483,1.6137,1.483,1.5734,150587,0
1999-01-27,1.6874,1.6971,1.6162,1.6971,163338,0
1999-01-28,1.6979,1.7788,1.6979,1.7384,140379,0
1999-01-29,1.7368,1.8482,1.656,1.8385,157841,0
1999-02-01,1.6971,1.8183,1.6971,1.7973,14231,0
1999-02-02,1.7366,1.7366,1.6558,1.6558,22285,0
1999-02-03,1.5743,1.7358,1.5743,1.7148,18579,0
1999-02-04,1.7357,1.7357,1.5742,1.6146,40258,0
1999-02-05,1.6558,1.6558,1.6558,1.6558,1856,0
1999-02-08,1.655,1.7568,1.655,1.7148,37779,0
1999-02-09,1.6154,1.7366,1.6154,1.6558,4333,0
1999-02-10,1.6549,1.7357,1.6146,1.6146,99716,0
1999-02-11,1.778,1.778,1.6971,1.6971,15469,0
1999-02-12,1.7357,1.776,1.6146,1.6146,14244,0
1999-02-16,1.6971,1.7973,1.6971,1.6971,92187,0
1999-02-17,1.7758,1.8161,1.7354,1.7855,164152,0
1999-02-18,1.7543,1.7737,1.7543,1.7737,75040,0
1999-02-19,1.7779,1.7973,1.7779,1.7973,24130,0
1999-02-22,1.7585,1.8393,1.7585,1.7973,48879,0
1999-02-23,1.8279,1.8393,1.7585,1.7973,123743,0
1999-02-24,1.7855,1.7855,1.7855,1.7855,37166,0
1999-02-26,1.6954,1.7148,1.676,1.7148,22915,0
1999-03-01,1.6971,1.6971,1.6971,1.6971,2474,0
1999-03-02,1.7384,1.7384,1.7384,1.7384,1855,0
1999-03-03,1.6558,1.6558,1.6558,1.6558,1239,0
1999-03-04,1.6365,1.7384,1.6365,1.7384,40815,0
1999-03-05,1.7384,1.7384,1.7384,1.7384,1238,0
1999-03-08,1.6316,1.6735,1.6316,1.6735,6203,0
1999-03-09,1.6558,1.6558,1.6558,1.6558,1239,0
1999-03-10,1.6558,1.6769,1.6154,1.6558,42092,0
1999-03-11,1.6549,1.6549,1.6146,1.6146,13625,0
1999-03-12,1.6323,1.6532,1.6129,1.6323,280237,0
1999-03-15,1.6146,1.6146,1.6146,1.6146,619,0
1999-03-16,1.6146,1.6339,1.6146,1.6146,17961,0
1999-03-17,1.6146,1.6146,1.6146,1.6146,14865,0
1999-03-18,1.6146,1.6146,1.6146,1.6146,619,0
1999-03-19,1.6171,1.6365,1.5557,1.5557,106981,0
1999-03-22,1.5821,1.5821,1.5321,1.5321,35343,0
1999-03-23,1.5321,1.5514,1.5321,1.5321,40924,0
1999-03-24,1.5557,1.5557,1.5557,1.5557,12368,0
1999-03-25,1.676,1.676,1.6146,1.6146,6194,0
1999-03-26,1.5969,1.5969,1.5969,1.5969,4950,0
1999-03-29,1.5557,1.5557,1.5557,1.5557,618,0
1999-03-30,1.4918,1.5934,1.4515,1.5321,82468,0
1999-03-31,1.4918,1.6531,1.4112,1.5321,161837,0
1999-04-01,1.4951,1.5969,1.4547,1.5969,29698,0
1999-04-05,1.4706,1.4706,1.432,1.432,121550,0
1999-04-06,1.4361,1.5364,1.4361,1.4555,46377,0
1999-04-07,1.485,1.485,1.4349,1.485,4950,0
1999-04-08,1.4345,1.4845,1.4345,1.4731,17953,0
1999-04-09,1.464,1.485,1.464,1.485,2475,0
1999-04-12,1.4543,1.4947,1.4543,1.485,75501,0
1999-04-13,1.4699,1.4909,1.4506,1.4909,15511,0
1999-04-14,1.4534,1.4534,1.413,1.4437,84836,0
1999-04-15,1.4231,1.4942,1.2922,1.4731,161578,0
1999-04-16,1.4538,1.4942,1.2922,1.373,106483,0
1999-04-19,1.4555,1.4555,1.4555,1.4555,18550,0
1999-04-20,1.4506,1.4909,1.4506,1.4909,11167,0
1999-04-21,1.5319,1.5319,1.432,1.432,44650,0
1999-04-22,1.3746,1.4555,1.3746,1.4555,6183,0
1999-04-23,1.4142,1.4547,1.3738,1.4142,45166,0
1999-04-26,1.4519,1.4519,1.3907,1.3907,44629,0
1999-04-27,1.4506,1.4909,1.3796,1.4909,49637,0
1999-04-28,1.5321,1.5514,1.5321,1.5321,25424,0
1999-04-29,1.5973,1.5973,1.4648,1.5262,110717,0
1999-04-30,1.5742,1.5742,1.5144,1.5144,2479,0
1999-05-03,1.5144,1.5338,1.4934,1.5144,13009,0
1999-05-04,1.5532,1.5645,1.5144,1.5144,99100,0
1999-05-05,1.5127,1.5725,1.5127,1.5321,46505,0
1999-05-06,1.5321,1.5321,1.5321,1.5321,19222,0
1999-05-07,1.567,1.567,1.5168,1.5557,37722,0
1999-05-10,1.5363,1.5557,1.5363,1.5557,12368,0
1999-05-11,1.5338,1.5338,1.5144,1.5144,375964,0
1999-05-12,1.5118,1.5311,1.4909,1.4909,19234,0
1999-05-13,1.4909,1.4909,1.4909,1.4909,8686,0
1999-05-14,1.4515,1.5321,1.4515,1.5321,68207,0
1999-05-17,1.4731,1.4731,1.4731,1.4731,4952,0
1999-05-18,1.4749,1.4749,1.4555,1.4555,21024,0
1999-05-20,1.4513,1.4706,1.432,1.432,75659,0
1999-05-21,1.4353,1.4353,1.4142,1.4142,11755,0
1999-05-24,1.4555,1.4555,1.4361,1.4555,126143,0
1999-05-25,1.4361,1.4555,1.4151,1.4555,5566,0
1999-05-26,1.432,1.432,1.432,1.432,619,0
1999-05-27,1.4151,1.4555,1.4151,1.4555,4329,0
1999-05-28,1.4151,1.4555,1.4151,1.4555,56270,0
1999-06-01,1.4959,1.4959,1.4555,1.4555,14841,0
1999-06-02,1.4547,1.4547,1.4142,1.4142,6806,0
1999-06-04,1.4337,1.5338,1.4337,1.5144,112727,0
1999-06-07,1.5144,1.5338,1.4934,1.5144,128832,0
1999-06-08,1.5144,1.5144,1.5144,1.5144,26014,0
1999-06-09,1.4918,1.5321,1.4708,1.5321,164938,0
1999-06-10,1.5127,1.5321,1.5127,1.5321,127113,0
1999-06-11,1.4942,1.5345,1.4134,1.4731,11762,0
1999-06-14,1.4918,1.5321,1.4918,1.5321,138894,0
1999-06-15,1.5409,1.5505,1.4909,1.4909,91206,0
1999-06-16,1.5345,1.5345,1.4538,1.4731,78623,0
1999-06-17,1.4489,1.4731,1.4231,1.4731,79861,0
1999-06-18,1.4208,1.5321,1.4208,1.5321,102310,0
1999-06-21,1.5327,1.6441,1.5134,1.6441,198959,0
1999-06-22,1.6154,1.6558,1.6154,1.6558,8048,0
1999-06-23,1.6323,1.6323,1.6129,1.6323,82460,0
1999-06-24,1.6163,1.6163,1.5969,1.5969,10518,0
1999-06-25,1.6558,1.6963,1.6558,1.6558,60663,0
1999-06-28,1.6339,1.6549,1.6146,1.6146,29109,0
1999-06-29,1.6339,1.6339,1.6146,1.6146,9909,0
1999-06-30,1.6146,1.6146,1.6146,1.6146,13005,0
1999-07-01,1.676,1.7148,1.655,1.7148,91661,0
1999-07-02,1.6958,1.7363,1.6958,1.7265,92873,0
1999-07-06,1.6857,1.7148,1.676,1.7148,83608,0
1999-07-07,1.6979,1.7384,1.6979,1.7384,70498,0
1999-07-08,1.7737,1.793,1.7334,1.7737,52095,0
1999-07-09,1.7952,1.7952,1.7144,1.7855,76810,0
1999-07-12,1.7737,1.814,1.7737,1.7737,77521,0
1999-07-13,1.8175,1.8385,1.8175,1.8385,34043,0
1999-07-14,1.7965,1.8982,1.7771,1.8385,76753,0
1999-07-15,1.8071,1.9185,1.8071,1.8974,104033,0
1999-07-16,1.937,1.9564,1.937,1.9564,76200,0
1999-07-19,1.9665,2.0165,1.9052,1.9858,120879,0
1999-07-20,2.0204,2.0398,1.959,1.9799,24130,0
1999-07-21,1.9766,2.0073,1.9363,1.9977,61975,0
1999-07-22,1.9748,1.9748,1.9151,1.9151,18609,0
1999-07-23,1.9432,2.0094,1.919,2.0094,16716,0
1999-07-26,1.9344,1.9344,1.9151,1.9151,5584,0
1999-07-27,1.9062,1.9175,1.8562,1.8562,17966,0
1999-07-28,1.778,1.778,1.6971,1.6971,6187,0
1999-07-29,1.6972,1.6972,1.5969,1.5969,17323,0
1999-07-30,1.614,1.756,1.614,1.756,16730,0
1999-08-02,1.6931,1.7737,1.6125,1.7737,124656,0
1999-08-03,1.7173,1.7384,1.7173,1.7384,6183,0
1999-08-04,1.7156,1.7156,1.6558,1.6558,5570,0
1999-08-05,1.6971,1.6971,1.6971,1.6971,81050,0
1999-08-06,1.6971,1.6971,1.6971,1.6971,1856,0
1999-08-09,1.7077,1.7384,1.7077,1.7384,4329,0
1999-08-10,1.6525,1.8444,1.6122,1.8444,40316,0
1999-08-11,1.9201,1.9201,1.6971,1.6971,8043,0
1999-08-12,1.7761,1.7761,1.655,1.7148,24773,0
1999-08-16,1.6971,1.7973,1.6971,1.7973,40216,0
1999-08-18,1.6785,1.7384,1.6785,1.7384,4329,0
1999-08-20,1.7737,1.7737,1.7737,1.7737,1860,0
1999-08-23,1.6853,1.6853,1.6853,1.6853,3097,0
1999-08-24,1.7136,1.7443,1.7136,1.7443,3719,0
1999-08-25,1.6971,1.6971,1.6971,1.6971,1856,0
1999-08-26,1.6847,1.6993,1.5734,1.5734,27265,0
1999-08-27,1.5973,1.5973,1.5165,1.5262,23504,0
1999-08-30,1.5934,1.5934,1.5321,1.5321,2481,0
1999-08-31,1.5725,1.6127,1.5321,1.5321,11162,0
1999-09-01,1.5851,1.5851,1.5851,1.5851,2475,0
1999-09-02,1.5321,1.5321,1.5321,1.5321,2481,0
1999-09-03,1.5359,1.5763,1.5262,1.5262,40823,0
1999-09-07,1.5734,1.5943,1.5734,1.5734,15492,0
1999-09-08,1.5759,1.5969,1.5759,1.5969,2474,0
1999-09-09,1.5943,1.5943,1.5734,1.5734,7436,0
1999-09-10,1.5321,1.5321,1.5321,1.5321,619,0
1999-09-13,1.5321,1.5321,1.5321,1.5321,2481,0
1999-09-14,1.5557,1.5557,1.5557,1.5557,2474,0
1999-09-15,1.5505,1.5505,1.4909,1.4909,4343,0
1999-09-16,1.4959,1.5557,1.4959,1.5557,21644,0
1999-09-17,1.5969,1.5969,1.5969,1.5969,3094,0
1999-09-20,1.5851,1.5851,1.485,1.485,6189,0
1999-09-21,1.4927,1.5734,1.4927,1.5734,3099,0
1999-09-22,1.4934,1.5144,1.4531,1.5144,16104,0
1999-09-23,1.5027,1.5027,1.5027,1.5027,3719,0
1999-09-24,1.5027,1.5027,1.5027,1.5027,619,0
1999-09-28,1.5557,1.5557,1.5557,1.5557,7422,0
1999-09-29,1.6172,1.6172,1.4555,1.4555,175612,0
1999-09-30,1.5152,1.5152,1.0806,1.373,564605,0
1999-10-01,1.3633,1.373,1.3633,1.373,62526,0
1999-10-04,1.4556,1.4556,1.3553,1.3553,66159,0
1999-10-05,1.3536,1.373,1.3325,1.373,37764,0
1999-10-06,1.3423,1.3423,1.2115,1.2728,130630,0
1999-10-07,1.3043,1.335,1.2947,1.3141,17921,0
1999-10-08,1.3141,1.335,1.2639,1.3141,31513,0
1999-10-11,1.2934,1.3646,1.2934,1.3435,80409,0
1999-10-12,1.3425,1.3538,1.3376,1.3376,32808,0
1999-10-13,1.3387,1.3435,1.3387,1.3435,19792,0
1999-10-14,1.3642,1.5338,1.3642,1.5144,179619,0
1999-10-15,1.3519,1.4519,1.3519,1.3907,48349,0
1999-10-18,1.3612,1.3612,1.3612,1.3612,1860,0
1999-10-19,1.5161,1.5161,1.4142,1.4142,38360,0
1999-10-20,1.37,1.4909,1.37,1.4909,1862,0
1999-10-21,1.3907,1.3907,1.3907,1.3907,619,0
1999-10-22,1.392,1.4534,1.392,1.4437,15480,0
1999-10-25,1.4117,1.4117,1.3907,1.3907,4339,0
1999-10-26,1.432,1.432,1.432,1.432,21087,0
1999-10-27,1.4731,1.4731,1.4731,1.4731,2475,0
1999-10-28,1.5363,1.5977,1.4554,1.5557,79153,0
1999-10-29,1.5977,1.5977,1.5557,1.5557,118111,0
1999-11-01,1.5523,1.5734,1.5427,1.5734,61970,0
1999-11-02,1.5856,1.5969,1.5549,1.5969,27222,0
1999-11-03,1.5943,1.5943,1.5523,1.5734,8675,0
1999-11-04,1.5557,1.5557,1.5557,1.5557,14841,0
1999-11-05,1.5557,1.5557,1.5557,1.5557,618,0
1999-11-08,1.5712,1.5712,1.5503,1.5616,5585,0
1999-11-09,1.5969,1.5969,1.5969,1.5969,4330,0
1999-11-10,1.5734,1.5734,1.5734,1.5734,6817,0
1999-11-11,1.5734,1.5734,1.5734,1.5734,20452,0
1999-11-12,1.5557,1.5767,1.5557,1.5557,98941,0
1999-11-15,1.5734,1.5734,1.5523,1.5734,9297,0
1999-11-17,1.5536,1.5536,1.5439,1.5439,39012,0
1999-11-18,1.5418,1.5418,1.5321,1.5321,10542,0
1999-11-19,1.5321,1.5321,1.4515,1.5321,51466,0
1999-11-22,1.4699,1.4909,1.4699,1.4909,37848,0
1999-11-23,1.4699,1.4909,1.4699,1.4909,75695,0
1999-11-24,1.4861,1.5557,1.4861,1.5557,90285,0
1999-11-26,1.5544,1.5755,1.4736,1.485,16710,0
1999-11-29,1.5005,1.5005,1.4909,1.4909,8686,0
1999-11-30,1.5127,1.5321,1.5127,1.5321,31003,0
1999-12-01,1.5557,1.5557,1.5557,1.5557,618,0
1999-12-02,1.5321,1.5514,1.5321,1.5321,45265,0
1999-12-03,1.5321,1.5514,1.5321,1.5321,13021,0
1999-12-06,1.5363,1.567,1.5363,1.5557,60603,0
1999-12-07,1.5148,1.5439,1.5148,1.5439,169048,0
1999-12-08,1.5262,1.5456,1.5262,1.5262,14844,0
1999-12-09,1.5262,1.5359,1.5262,1.5262,51957,0
1999-12-10,1.4208,1.5321,1.4208,1.5321,36583,0
1999-12-13,1.5355,1.5969,1.5161,1.5969,36503,0
1999-12-14,1.5452,1.5969,1.5452,1.5969,7424,0
1999-12-15,1.5931,1.6028,1.5721,1.6028,22945,0
1999-12-16,1.6146,1.6146,1.6146,1.6146,63793,0
1999-12-17,1.5936,1.6323,1.5936,1.6323,94858,0
1999-12-20,1.6154,1.6558,1.6154,1.6558,42092,0
1999-12-21,1.6971,1.6971,1.6971,1.6971,66821,0
1999-12-22,1.6951,1.7952,1.6951,1.7855,117073,0
1999-12-23,1.8183,1.8183,1.7973,1.7973,25986,0
1999-12-27,1.8184,1.8184,1.6357,1.6971,55685,0
1999-12-28,1.6357,1.6971,1.6357,1.6971,23511,0
1999-12-30,1.6436,1.6436,1.6323,1.6323,16120,0
2000-01-03,1.6839,1.6839,1.6323,1.6323,55180,0
2000-01-04,1.6323,1.6436,1.6323,1.6323,42781,0
2000-01-05,1.6323,1.6532,1.5936,1.6323,31000,0
2000-01-06,1.6251,1.6558,1.6251,1.6558,45188,0
2000-01-07,1.6323,1.6532,1.6323,1.6323,32240,0
2000-01-10,1.6369,1.6676,1.6369,1.6676,65534,0
2000-01-11,1.6328,1.6441,1.6328,1.6441,4960,0
2000-01-12,1.6664,1.6971,1.6664,1.6971,12375,0
2000-01-13,1.703,1.703,1.6626,1.703,8682,0
2000-01-14,1.6441,1.6441,1.6328,1.6441,20454,0
2000-01-18,1.6357,1.6971,1.5759,1.6971,42690,0
2000-01-19,1.6948,1.7352,1.6641,1.7206,33456,0
2000-01-20,1.736,1.8974,1.736,1.8974,72453,0
2000-01-21,1.7783,1.9303,1.7783,1.9092,72374,0
2000-01-24,1.929,1.9387,1.8078,1.8385,16092,0
2000-01-25,1.8167,1.9185,1.8071,1.8974,109608,0
2000-01-26,1.8458,1.8798,1.8458,1.8798,47599,0
2000-01-27,1.879,1.879,1.7384,1.7384,30301,0
2000-01-28,1.6745,1.815,1.6745,1.815,26654,0
2000-01-31,1.6735,1.6735,1.6735,1.6735,1241,0
2000-02-01,1.778,1.778,1.5759,1.5969,76099,0
2000-02-02,1.6742,1.6742,1.6323,1.6323,8681,0
2000-02-03,1.6146,1.676,1.6146,1.6146,19200,0
2000-02-04,1.5734,1.5734,1.5734,1.5734,4337,0
2000-02-07,1.5339,1.6146,1.5339,1.6146,26630,0
2000-02-08,1.6171,1.6171,1.5557,1.5557,16078,0
2000-02-09,1.5557,1.5557,1.5557,1.5557,6183,0
2000-02-10,1.5523,1.5943,1.5523,1.5734,12393,0
2000-02-11,1.5706,1.5706,1.485,1.485,25374,0
2000-02-14,1.508,1.5742,1.4724,1.5144,109012,0
2000-02-15,1.575,1.575,1.4731,1.4731,3714,0
2000-02-16,1.5734,1.5734,1.5734,1.5734,4956,0
2000-02-17,1.564,1.564,1.5027,1.5027,12392,0
2000-02-22,1.5351,1.5351,1.4736,1.485,45797,0
2000-02-23,1.4727,1.4727,1.4437,1.4437,26628,0
2000-02-24,1.4449,1.4449,1.4142,1.4142,3094,0
2000-02-25,1.4416,1.4416,1.432,1.432,9923,0
2000-02-28,1.4397,1.485,1.4349,1.485,6189,0
2000-03-01,1.432,1.432,1.432,1.432,619,0
2000-03-02,1.4322,1.4968,1.4322,1.4968,6201,0
2000-03-03,1.4731,1.4731,1.4731,1.4731,7430,0
2000-03-06,1.5165,1.5262,1.5165,1.5262,25978,0
2000-03-07,1.5855,1.7973,1.5855,1.6971,274086,0
2000-03-08,1.6154,1.777,1.5961,1.6558,58188,0
2000-03-09,1.6555,1.7572,1.5747,1.7265,152931,0
2000-03-10,1.5513,1.703,1.532,1.703,85573,0
2000-03-13,1.6441,1.6441,1.6441,1.6441,619,0
2000-03-14,1.5376,1.6441,1.5376,1.6441,10537,0
2000-03-15,1.6441,1.694,1.5327,1.6441,47105,0
2000-03-16,1.6567,1.7165,1.6357,1.6971,97137,0
2000-03-17,1.695,1.7354,1.6142,1.6853,117080,0
2000-03-20,1.6971,1.6971,1.6971,1.6971,14849,0
2000-03-21,1.6543,1.756,1.6543,1.756,34697,0
2000-03-22,1.6971,1.7278,1.6971,1.6971,42690,0
2000-03-23,1.6954,1.7358,1.6954,1.7148,105905,0
2000-03-24,1.7334,1.7737,1.7334,1.7737,94267,0
2000-03-27,1.7477,1.8091,1.7477,1.8091,38968,0
2000-03-28,1.7767,1.867,1.7767,1.8267,67486,0
2000-03-29,1.7539,1.9151,1.7539,1.9151,32879,0
2000-03-30,1.8393,1.8393,1.7681,1.7973,14231,0
2000-03-31,1.8562,1.8562,1.7948,1.8562,29738,0
2000-04-03,1.7755,1.8562,1.7755,1.8562,27260,0
2000-04-04,1.8604,1.8798,1.7794,1.8798,60581,0
2000-04-05,1.7764,1.8974,1.7764,1.8974,32202,0
2000-04-06,1.8982,1.8982,1.8385,1.8385,11761,0
2000-04-07,1.7783,1.9092,1.7783,1.9092,21031,0
2000-04-10,1.8859,1.8859,1.815,1.815,16735,0
2000-04-11,1.7973,1.8781,1.7973,1.7973,4330,0
2000-04-12,1.774,1.8547,1.4515,1.5321,115953,0
2000-04-13,1.6134,1.6441,1.5424,1.6441,36569,0
2000-04-14,1.6567,1.6971,1.6357,1.6971,9898,0
2000-04-17,1.6971,1.6971,1.6971,1.6971,1238,0
2000-04-18,1.626,1.6971,1.626,1.6971,4330,0
2000-04-19,1.6162,1.6971,1.6162,1.6971,17323,0
2000-04-20,1.6737,1.6932,1.6028,1.6028,16124,0
2000-04-24,1.6737,1.6737,1.6028,1.6028,24185,0
2000-04-25,1.6154,1.6558,1.5961,1.6558,142374,0
2000-04-26,1.6163,1.6567,1.5969,1.5969,24128,0
2000-04-27,1.6146,1.6146,1.4531,1.5144,58220,0
2000-04-28,1.4532,1.6146,1.4532,1.6146,5575,0
2000-05-01,1.4554,1.5557,1.4554,1.5557,17932,0
2000-05-02,1.6127,1.6127,1.4321,1.5321,35963,0
2000-05-03,1.4617,1.4617,1.3758,1.4261,50660,0
2000-05-04,1.4248,1.4555,1.3245,1.4555,52561,0
2000-05-05,1.4134,1.4731,1.3827,1.4731,26002,0
2000-05-08,1.4951,1.5355,1.4142,1.4142,59395,0
2000-05-09,1.4312,1.4909,1.4312,1.4909,28540,0
2000-05-10,1.4513,1.4706,1.432,1.432,107905,0
2000-05-11,1.4555,1.4555,1.4555,1.4555,1855,0
2000-05-12,1.4741,1.5355,1.4142,1.4142,58159,0
2000-05-15,1.485,1.485,1.3929,1.485,16710,0
2000-05-16,1.4591,1.485,1.4543,1.485,8047,0
2000-05-17,1.4955,1.5262,1.4955,1.5262,24741,0
2000-05-18,1.5027,1.5027,1.5027,1.5027,1239,0
2000-05-19,1.5027,1.5027,1.5027,1.5027,3719,0
2000-05-22,1.5021,1.5069,1.4261,1.4261,27183,0
2000-05-23,1.424,1.424,1.3933,1.4142,21037,0
2000-05-24,1.413,1.4437,1.413,1.4437,17338,0
2000-05-25,1.4457,1.5557,1.415,1.5557,32155,0
2000-05-26,1.5144,1.5144,1.5144,1.5144,15485,0
2000-05-30,1.4452,1.4452,1.3789,1.3789,9897,0
2000-06-01,1.4437,1.4534,1.4437,1.4437,22912,0
2000-06-02,1.4114,1.492,1.4114,1.4614,34718,0
2000-06-05,1.4973,1.4973,1.4261,1.4261,14210,0
2000-06-06,1.4819,1.4819,1.432,1.432,4341,0
2000-06-07,1.485,1.485,1.485,1.485,619,0
2000-06-08,1.485,1.485,1.485,1.485,49512,0
2000-06-09,1.5734,1.5734,1.4427,1.5734,14253,0
2000-06-13,1.5616,1.5616,1.5616,1.5616,1241,0
2000-06-14,1.4555,1.4555,1.4555,1.4555,2473,0
2000-06-15,1.4555,1.4555,1.4555,1.4555,1238,0
2000-06-16,1.5215,1.5505,1.4909,1.4909,39090,0
2000-06-19,1.4614,1.492,1.4517,1.4614,35958,0
2000-06-21,1.4337,1.5144,1.4337,1.5144,25395,0
2000-06-22,1.5003,1.5262,1.4745,1.5262,12989,0
2000-06-26,1.4731,1.4731,1.4731,1.4731,3714,0
2000-06-27,1.4909,1.4909,1.4909,1.4909,1241,0
2000-06-28,1.5215,1.5505,1.4909,1.4909,22337,0
2000-06-29,1.4909,1.4909,1.4909,1.4909,32263,0
2000-06-30,1.5311,1.5311,1.4909,1.4909,6204,0
2000-07-03,1.5265,1.5557,1.5265,1.5557,5567,0
2000-07-06,1.5005,1.5005,1.4909,1.4909,13648,0
2000-07-07,1.5627,1.5627,1.4918,1.5321,11780,0
2000-07-10,1.4909,1.4909,1.4909,1.4909,9927,0
2000-07-11,1.4909,1.4909,1.4909,1.4909,77557,0
2000-07-12,1.4909,1.4909,1.4909,1.4909,39090,0
2000-07-13,1.4909,1.4909,1.4909,1.4909,621,0
2000-07-14,1.4934,1.5144,1.4934,1.5144,28491,0
2000-07-17,1.4909,1.4909,1.4909,1.4909,2481,0
2000-07-18,1.5168,1.5557,1.5168,1.5557,28446,0
2000-07-19,1.4515,1.5321,1.4515,1.5321,40924,0
2000-07-20,1.4959,1.5557,1.4959,1.5557,19169,0
2000-07-21,1.5144,1.5144,1.5144,1.5144,3097,0
2000-07-25,1.5523,1.583,1.533,1.5734,96053,0
2000-07-26,1.5742,1.6146,1.5742,1.6146,47070,0
2000-07-27,1.5742,1.6146,1.5742,1.6146,23535,0
2000-07-28,1.5742,1.6146,1.5742,1.6146,61934,0
2000-07-31,1.5726,1.6742,1.4516,1.6323,115319,0
2000-08-01,1.6954,1.7761,1.6954,1.7148,68746,0
2000-08-02,1.6882,1.7593,1.6882,1.7384,17316,0
2000-08-03,1.6931,1.8043,1.6931,1.7737,146361,0
2000-08-04,1.735,1.7948,1.7044,1.756,9296,0
2000-08-07,1.756,1.756,1.756,1.756,22307,0
2000-08-08,1.7448,1.756,1.5736,1.756,42752,0
2000-08-09,1.6237,1.756,1.5736,1.756,12392,0
2000-08-10,1.7585,1.7585,1.6971,1.6971,1238,0
2000-08-11,1.725,1.725,1.5023,1.5734,16111,0
2000-08-14,1.5005,1.5118,1.4909,1.4909,16133,0
2000-08-15,1.6154,1.6558,1.6154,1.6558,3095,0
2000-08-18,1.6175,1.6676,1.6175,1.6676,19166,0
2000-08-21,1.6462,1.6558,1.6251,1.6558,12999,0
2000-08-22,1.655,1.7148,1.605,1.7148,128820,0
2000-08-24,1.6466,1.6466,1.5851,1.5851,1856,0
2000-08-25,1.6971,1.6971,1.6971,1.6971,619,0
2000-08-29,1.6129,1.6323,1.6129,1.6323,3720,0
2000-08-31,1.6971,1.6971,1.6971,1.6971,619,0
2000-09-01,1.695,1.7757,1.6853,1.6853,58230,0
2000-09-05,1.6971,1.6971,1.6664,1.6971,22893,0
2000-09-06,1.7754,1.7754,1.756,1.756,3099,0
2000-09-07,1.6624,1.7737,1.6624,1.7737,5581,0
2000-09-11,1.7026,1.7026,1.6735,1.6735,6822,0
2000-09-12,1.6971,1.6971,1.6777,1.6971,42072,0
2000-09-13,1.6979,1.7384,1.6979,1.7384,22880,0
2000-09-14,1.7225,1.7678,1.7225,1.7678,4333,0
2000-09-15,1.6943,1.7443,1.6943,1.7443,8057,0
2000-09-18,1.6777,1.7473,1.6777,1.6971,7424,0
2000-09-19,1.7265,1.7265,1.7265,1.7265,3095,0
2000-09-20,1.7473,1.7473,1.6971,1.6971,45784,0
2000-09-21,1.6735,1.6928,1.6735,1.6735,39075,0
2000-09-22,1.6785,1.7384,1.6785,1.7384,18551,0
2000-09-25,1.6756,1.695,1.6756,1.6853,8672,0
2000-09-26,1.7073,1.7073,1.6735,1.6735,12405,0
2000-09-27,1.6753,1.7657,1.6543,1.756,205082,0
2000-09-28,1.7455,1.7455,1.7148,1.7148,12386,0
2000-09-29,1.7265,1.7265,1.7265,1.7265,4335,0
2000-10-03,1.7265,1.7265,1.7265,1.7265,4954,0
2000-10-04,1.7331,1.8444,1.7331,1.8444,150721,0
2000-10-05,1.818,1.818,1.7678,1.7678,6807,0
2000-10-06,1.7686,1.8091,1.7686,1.8091,1855,0
2000-10-09,1.8368,1.8562,1.8368,1.8562,39651,0
2000-10-10,1.8966,1.9272,1.8562,1.8562,79301,0
2000-10-11,1.7737,1.7737,1.7737,1.7737,12404,0
2000-10-12,1.7163,1.8857,1.7163,1.8857,41536,0
2000-10-13,1.92,1.92,1.7277,1.8798,14297,0
2000-10-16,1.7923,1.8798,1.7486,1.8798,57759,0
2000-10-17,1.9234,1.9269,1.9234,1.9269,7991,0
2000-10-18,1.8393,1.9269,1.8393,1.9269,1712,0
2000-10-19,1.9261,1.9261,1.8385,1.8385,1142,0
2000-10-20,1.8385,1.8385,1.8385,1.8385,5141,0
2000-10-23,1.9225,1.9261,1.8385,1.8385,1714,0
2000-10-24,1.8416,1.9466,1.7611,1.9151,106822,0
2000-10-25,1.9437,1.9786,1.816,1.9681,61732,0
2000-10-26,1.9799,1.9799,1.8591,1.9151,13711,0
2000-10-30,1.8455,1.8455,1.7913,1.7913,16021,0
2000-10-31,1.9051,1.9051,1.8385,1.8385,2285,0
2000-11-01,1.9051,1.9051,1.8385,1.8385,6282,0
2000-11-02,1.9038,1.9038,1.8373,1.8916,2286,0
2000-11-03,1.8368,1.9681,1.8368,1.9033,40014,0
2000-11-06,2.0001,2.0001,1.9441,1.9564,19447,0
2000-11-07,1.9556,1.9556,1.9328,1.9328,8584,0
2000-11-08,1.8467,1.9446,1.8467,1.9446,13153,0
2000-11-09,1.9369,2.0035,1.9264,2.0035,15418,0
2000-11-10,1.9565,2.0212,1.9442,2.0212,137836,0
2000-11-13,1.9253,2.0965,1.9253,2.086,58956,0
2000-11-14,2.0172,2.089,2.0172,2.033,136608,0
2000-11-15,2.0212,2.0212,1.9565,2.0212,11440,0
2000-11-16,1.9556,1.9556,1.9328,1.9328,9155,0
2000-11-17,1.966,1.966,1.9328,1.9328,1718,0
2000-11-20,1.9393,2.0566,1.9358,2.0566,18854,0
2000-11-21,1.9328,1.9328,1.9328,1.9328,5151,0
2000-11-22,1.9455,2.033,1.9455,2.033,8574,0
2000-11-27,1.9446,1.9446,1.9446,1.9446,2858,0
2000-11-28,2.033,2.033,2.033,2.033,571,0
2000-11-29,1.9454,1.9681,1.9454,1.9681,35439,0
2000-11-30,1.9253,1.9918,1.9253,1.9918,15427,0
2000-12-01,1.9918,1.9918,1.9918,1.9918,571,0
2000-12-04,1.9269,1.9269,1.9269,1.9269,1142,0
2000-12-05,1.9577,2.0119,1.9577,1.9681,92028,0
2000-12-06,1.9966,1.9966,1.9564,1.9564,22879,0
2000-12-07,1.9585,1.9918,1.9042,1.9918,10284,0
2000-12-11,1.9484,1.9484,1.8398,1.8503,17121,0
2000-12-12,1.9147,1.9918,1.8482,1.9918,15998,0
2000-12-14,1.8811,1.9457,1.8811,1.8916,271457,0
2000-12-15,1.8368,2.0555,1.8368,1.9033,16005,0
2000-12-18,1.9707,1.9707,1.9164,1.9269,12559,0
2000-12-19,1.9454,2.0119,1.9244,1.9681,54873,0
2000-12-20,1.9918,2.0793,1.9462,2.0566,130267,0
2000-12-21,2.0541,2.0978,1.9894,2.0978,215656,0
2000-12-22,2.0978,2.1188,2.0209,2.0978,152731,0
2000-12-26,2.0541,2.0978,2.0541,2.0978,5148,0
2000-12-27,2.0978,2.0978,2.0978,2.0978,6292,0
2000-12-28,2.0978,2.131,2.0768,2.0978,70932,0
2000-12-29,2.0576,2.0978,2.0576,2.0978,15444,0
2001-01-02,2.1003,2.1003,1.9918,2.0566,83988,0
2001-01-03,2.0338,2.0566,1.9918,2.0566,136553,0
2001-01-04,2.0566,2.0566,2.0566,2.0566,571,0
2001-01-05,1.9681,1.9681,1.9681,1.9681,571,0
2001-01-08,1.969,1.9918,1.969,1.9918,13712,0
2001-01-09,1.9918,1.9918,1.9918,1.9918,10284,0
2001-01-10,1.9935,2.046,1.9918,1.9918,98274,0
2001-01-11,1.9885,2.0094,1.9885,2.0094,2862,0
2001-01-12,1.9885,2.0094,1.8784,2.0094,20604,0
2001-01-16,1.9883,1.9918,1.8814,1.9918,13712,0
2001-01-17,1.967,2.0212,1.9338,2.0212,21733,0
2001-01-18,2.0119,2.0451,1.8807,1.9681,70307,0
2001-01-19,1.926,2.1344,1.926,2.0801,79957,0
2001-01-22,1.9459,2.1541,1.9459,2.1332,62288,0
2001-01-23,2.1722,2.1862,2.1424,2.1862,20012,0
2001-01-24,2.1809,2.1862,2.1652,2.1862,25158,0
2001-01-25,2.1902,2.4742,2.1902,2.3866,741343,0
2001-01-26,2.3848,2.4951,2.3638,2.4514,459175,0
2001-01-29,2.3803,2.4676,2.3592,2.3924,224883,0
2001-01-30,2.4718,2.4737,2.4089,2.4631,121014,0
2001-01-31,2.4698,2.6256,2.4698,2.6045,407341,0
2001-02-01,2.6108,2.6685,2.581,2.581,140584,0
2001-02-02,2.5833,2.6445,2.5833,2.6341,102342,0
2001-02-05,2.6366,2.6435,2.5352,2.5456,42324,0
2001-02-06,2.547,2.5802,2.547,2.5574,8003,0
2001-02-07,2.5617,2.581,2.5372,2.581,40575,0
2001-02-08,2.5833,2.6445,2.5693,2.6341,190393,0
2001-02-09,2.6341,2.6568,2.5798,2.6341,302456,0
2001-02-12,2.6327,2.6327,2.6223,2.6223,109830,0
2001-02-13,2.581,2.6247,2.581,2.581,58862,0
2001-02-14,2.5938,2.6445,2.5903,2.6341,185248,0
2001-02-15,2.6252,2.7564,2.6042,2.746,668514,0
2001-02-16,2.7772,2.798,2.7106,2.7106,249315,0
2001-02-20,2.7559,2.7559,2.4287,2.5162,180023,0
2001-02-21,2.5066,2.5066,2.1685,2.2981,268892,0
2001-02-22,2.2341,2.4321,2.2341,2.3866,148382,0
2001-02-23,2.3629,2.3629,2.1985,2.3629,63417,0
2001-02-26,2.2941,2.4269,2.2941,2.4042,41751,0
2001-02-27,2.4142,2.6223,2.4142,2.6223,111545,0
2001-02-28,2.4935,2.6247,2.4287,2.5162,40578,0
2001-03-01,2.5162,2.5162,2.4287,2.5162,21716,0
2001-03-02,2.4847,2.5179,2.4076,2.4514,40549,0
2001-03-05,2.4488,2.5152,2.4278,2.4278,22869,0
2001-03-06,2.4303,2.4514,2.4076,2.4514,22846,0
2001-03-07,2.4478,2.4478,2.3167,2.3394,17730,0
2001-03-08,2.3437,2.3647,2.2439,2.2981,47384,0
2001-03-09,2.2336,2.4278,2.2302,2.4278,69178,0
2001-03-12,2.4303,2.4514,2.3638,2.4514,103370,0
2001-03-13,2.4303,2.4514,2.3743,2.4514,20560,0
2001-03-14,2.3655,2.3866,2.3217,2.3866,12557,0
2001-03-15,2.3946,2.4926,2.3946,2.4926,118911,0
2001-03-16,2.3638,2.4723,2.3638,2.4514,10280,0
2001-03-19,2.4619,2.4847,2.4076,2.4514,86809,0
2001-03-20,2.4107,2.528,2.4072,2.528,161082,0
2001-03-21,2.5162,2.5704,2.4707,2.5162,129730,0
2001-03-22,2.4786,2.503,2.4157,2.4926,99474,0
2001-03-23,2.5267,2.5704,2.5162,2.5162,70866,0
2001-03-26,2.5678,2.6045,2.5171,2.6045,230237,0
2001-03-27,2.5999,2.6786,2.5369,2.6576,563567,0
2001-03-28,2.6796,2.7461,2.6148,2.6989,223400,0
2001-03-29,2.7338,2.8108,2.7128,2.8108,326251,0
2001-03-30,2.8257,3.0058,2.8187,2.9934,1140389,0
2001-04-02,3.098,3.1261,3.0054,3.0701,593135,0
2001-04-03,3.0177,3.0825,2.6031,2.799,309822,0
2001-04-04,2.81,2.9955,2.81,2.964,81156,0
2001-04-05,3.0468,3.1045,3.0171,3.0171,147513,0
2001-04-06,3.0159,3.0159,2.7975,2.8638,75499,0
2001-04-09,2.9399,2.9504,2.714,2.7578,70247,0
2001-04-10,2.8092,2.9702,2.7567,2.9405,89701,0
2001-04-11,2.9356,2.9689,2.7975,2.9286,72065,0
2001-04-12,2.9276,2.9276,2.8053,2.8874,167637,0
2001-04-16,2.9172,2.9172,2.8141,2.8403,18881,0
2001-04-17,2.8845,3.1642,2.8197,3.1467,175613,0
2001-04-18,3.2283,3.2738,3.1478,3.2528,288198,0
2001-04-19,3.2738,3.3263,3.2038,3.3176,232478,0
2001-04-20,3.2463,3.3181,2.9226,3.1939,250280,0
2001-04-23,3.1523,3.3691,3.1487,3.3412,209800,0
2001-04-24,3.3478,3.4177,3.3216,3.4177,457039,0
2001-04-25,3.4206,3.4225,3.2123,3.2999,298755,0
2001-04-26,3.2389,3.3703,3.2389,3.3353,358694,0
2001-04-27,3.3969,3.4039,3.283,3.3706,199889,0
2001-04-30,3.409,3.409,3.2953,3.3058,42901,0
2001-05-01,3.298,3.3662,3.1652,3.2351,92641,0
2001-05-02,3.263,3.3556,3.235,3.3294,43463,0
2001-05-03,3.346,3.3478,3.1467,3.1467,29174,0
2001-05-04,3.1498,3.1498,2.8892,2.9994,210989,0
2001-05-07,2.9746,3.1408,2.9746,3.1408,93156,0
2001-05-08,3.1271,3.1375,3.0764,3.1113,56066,0
2001-05-09,3.1123,3.3221,3.1123,3.1998,150988,0
2001-05-10,3.1952,3.2354,3.1129,3.2056,8005,0
2001-05-11,3.2324,3.2324,3.0156,3.1467,33751,0
2001-05-14,3.1494,3.2753,3.1249,3.2351,59474,0
2001-05-15,3.1906,3.1906,3.1032,3.1644,90947,0
2001-05-16,3.1467,3.2079,3.103,3.1467,36610,0
2001-05-17,3.1523,3.1523,2.9859,2.9876,89080,0
2001-05-18,2.9824,3.1467,2.9824,3.1467,80085,0
2001-05-21,3.3188,3.5322,3.1474,3.4884,1235272,0
2001-05-22,3.6394,3.7583,3.5152,3.7006,2204287,0
2001-05-23,3.7462,3.762,3.4136,3.5887,678070,0
2001-05-24,3.6648,3.6665,3.2553,3.5002,466252,0
2001-05-25,3.5582,3.5844,3.4585,3.518,233115,0
2001-05-29,3.614,3.614,3.2393,3.2409,237017,0
2001-05-30,2.9416,3.1518,2.6265,2.7578,1095396,0
2001-05-31,2.7801,2.8607,2.6559,2.8344,372655,0
2001-06-01,2.7678,2.815,2.6506,2.7696,238917,0
2001-06-04,2.5699,2.8968,2.5699,2.8933,418141,0
2001-06-05,2.9076,2.9688,2.6432,2.799,390749,0
2001-06-06,2.6782,2.8498,2.6782,2.799,160526,0
2001-06-07,2.8031,2.8101,2.6876,2.7401,84530,0
2001-06-08,2.6961,2.6961,2.3372,2.416,452956,0
2001-06-11,2.4154,2.4943,2.3279,2.3629,222813,0
2001-06-12,2.2752,2.3628,2.1457,2.2805,260547,0
2001-06-13,2.2504,2.5288,2.2504,2.3748,488783,0
2001-06-14,2.3792,2.4527,2.1953,2.3512,164506,0
2001-06-15,2.2674,2.3268,2.2306,2.2569,132035,0
2001-06-18,2.2724,2.2899,1.949,2.0801,354691,0
2001-06-19,2.0297,2.1556,1.9231,2.0035,462745,0
2001-06-20,1.8898,2.0455,1.888,2.0035,435482,0
2001-06-21,2.0556,2.1412,2.012,2.0801,286613,0
2001-06-22,2.1671,2.3595,2.0709,2.3159,236692,0
2001-06-25,2.312,2.3172,2.1438,2.2156,87925,0
2001-06-26,2.1868,2.2689,2.185,2.2392,22884,0
2001-06-27,2.2681,2.4327,2.2681,2.3276,258273,0
2001-06-28,2.3436,2.6636,2.2456,2.4573,576353,0
2001-06-29,2.4484,2.6635,2.4484,2.6635,36024,0
2001-07-02,2.458,2.6644,2.402,2.416,181201,0
2001-07-03,2.4167,2.4867,2.3728,2.4867,13705,0
2001-07-05,2.4129,2.516,2.4129,2.4514,76067,0
2001-07-06,2.4488,2.4488,2.3159,2.4278,128728,0
2001-07-09,2.3631,2.4244,2.3439,2.3807,18281,0
2001-07-10,2.4065,2.4065,2.3453,2.3453,50278,0
2001-07-11,2.3544,2.3544,2.1109,2.251,296275,0
2001-07-12,2.2481,2.4669,2.2481,2.3689,321231,0
2001-07-13,2.3708,2.6002,2.3708,2.4514,133640,0
2001-07-16,2.4472,2.4472,2.2339,2.4455,21739,0
2001-07-17,2.2927,2.4483,2.2927,2.4396,22301,0
2001-07-18,2.3753,2.4648,2.2475,2.251,105038,0
2001-07-19,2.2808,2.3649,2.2808,2.3159,51378,0
2001-07-20,2.32,2.4514,2.2412,2.4514,51971,0
2001-07-23,2.3956,2.4481,2.2731,2.357,112092,0
2001-07-24,2.397,2.579,2.2921,2.3866,109165,0
2001-07-25,2.4413,2.5339,2.3259,2.4396,466370,0
2001-07-26,2.5647,2.7118,2.5401,2.7048,668900,0
2001-07-27,2.718,2.718,2.4034,2.5869,319240,0
2001-07-30,2.6574,2.6574,2.4668,2.528,65735,0
2001-07-31,2.6181,2.6339,2.4693,2.6163,85654,0
2001-08-01,2.6139,2.6594,2.5369,2.6576,76018,0
2001-08-02,2.6173,2.6435,2.5928,2.5928,8568,0
2001-08-03,2.6045,2.6517,2.5694,2.6517,47960,0
2001-08-06,2.5752,2.6574,2.5664,2.6399,19435,0
2001-08-07,2.622,2.6727,2.5923,2.6045,107551,0
2001-08-08,2.6109,2.6774,2.5934,2.5987,129719,0
2001-08-09,2.6642,2.6642,2.6223,2.6223,8580,0
2001-08-10,2.5993,2.6045,2.5609,2.6045,69222,0
2001-08-13,2.5834,2.6272,2.5834,2.5869,8566,0
2001-08-14,2.5726,2.6251,2.5726,2.6163,17143,0
2001-08-15,2.6073,2.6073,2.5723,2.581,95440,0
2001-08-16,2.5812,2.6249,2.5812,2.5987,48573,0
2001-08-17,2.5987,2.5987,2.59,2.5987,18858,0
2001-08-20,2.6252,2.6252,2.4956,2.5044,129045,0
2001-08-21,2.4926,2.5801,2.4752,2.4926,28013,0
2001-08-22,2.47,2.491,2.3896,2.3983,54346,0
2001-08-23,2.4015,2.4505,2.3629,2.3629,16568,0
2001-08-24,2.4781,2.5096,2.352,2.4396,151886,0
2001-08-27,2.441,2.441,2.3674,2.4042,50825,0
2001-08-28,2.4371,2.4494,2.3654,2.3689,59445,0
2001-08-29,2.3974,2.4219,2.3799,2.4219,28573,0
2001-08-30,2.4238,2.4396,2.3801,2.4396,22857,0
2001-08-31,2.3743,2.4514,2.3674,2.4514,61110,0
2001-09-04,2.4001,2.407,2.372,2.3983,10855,0
2001-09-05,2.372,2.3983,2.3633,2.3983,43412,0
2001-09-06,2.3991,2.469,2.3639,2.469,18846,0
2001-09-07,2.4079,2.4079,2.3483,2.357,22272,0
2001-09-10,2.4043,2.4462,2.357,2.357,34314,0
2001-09-17,2.1898,2.4352,2.0094,2.0094,113022,0
2001-09-18,2.0115,2.099,1.9031,1.9328,229257,0
2001-09-19,2.0252,2.0794,1.854,1.9151,357681,0
2001-09-20,1.8729,1.9167,1.866,1.8974,214807,0
2001-09-21,1.8787,1.884,1.6474,1.6912,170040,0
2001-09-24,1.7517,1.8183,1.75,1.7973,93623,0
2001-09-25,1.7678,1.8641,1.7678,1.7678,31994,0
2001-09-26,1.7694,1.927,1.7431,1.8798,67927,0
2001-09-27,1.8997,1.9505,1.898,1.9505,32013,0
2001-09-28,1.923,2.2115,1.923,2.0978,73220,0
2001-10-01,2.0994,2.0994,1.8299,1.8562,73164,0
2001-10-02,1.8906,1.9256,1.8906,1.9151,47985,0
2001-10-03,1.9182,1.997,1.8744,1.9269,102185,0
2001-10-04,1.9304,1.9881,1.8954,1.9269,44076,0
2001-10-05,1.9286,1.9286,1.9235,1.9269,5147,0
2001-10-08,2.0022,2.0022,1.969,1.9918,6287,0
2001-10-09,1.9906,2.0116,1.8367,1.9977,49736,0
2001-10-10,1.9278,2.0223,1.9278,2.0153,22273,0
2001-10-11,2.0234,2.0759,1.9814,2.0742,53085,0
2001-10-12,2.0638,2.0987,2.0462,2.0742,34879,0
2001-10-15,2.0477,2.1509,2.046,2.1037,6290,0
2001-10-16,2.1467,2.1467,2.1449,2.1449,6853,0
2001-10-17,2.1467,2.1484,2.1449,2.1449,17720,0
2001-10-18,2.1719,2.2209,2.1719,2.2156,25693,0
2001-10-19,2.1684,2.2156,2.1667,2.2156,99580,0
2001-10-22,2.1862,2.1862,2.1862,2.1862,2858,0
2001-10-23,2.1887,2.1887,2.1449,2.1449,80527,0
2001-10-24,2.1321,2.1321,2.0447,2.0447,52642,0
2001-10-25,2.2046,2.2833,2.1783,2.2746,224614,0
2001-10-26,2.2166,2.4144,2.2166,2.3689,306369,0
2001-10-29,2.4003,2.4458,2.3689,2.3689,21721,0
2001-10-30,2.3644,2.3837,2.3276,2.3276,83996,0
2001-10-31,2.3525,2.3997,2.3384,2.3629,37136,0
2001-11-01,2.4122,2.5346,2.4122,2.4926,128720,0
2001-11-02,2.5171,2.5485,2.4926,2.4926,16019,0
2001-11-05,2.5373,2.5373,2.4533,2.469,21130,0
2001-11-06,2.4506,2.4926,2.4489,2.4926,40590,0
2001-11-07,2.4976,2.5519,2.4941,2.5221,156443,0
2001-11-08,2.5243,2.5574,2.5119,2.5574,95534,0
2001-11-09,2.5634,2.6282,2.5475,2.6282,79958,0
2001-11-12,2.6214,2.7106,2.6162,2.7106,96004,0
2001-11-13,2.7059,2.7987,2.6342,2.7637,353886,0
2001-11-14,3.5763,3.5855,3.2186,3.2763,165132,0
2001-11-15,3.2622,3.2922,3.2115,3.2115,48147,0
2001-11-16,3.2152,3.2152,3.0375,3.0583,38560,0
2001-11-19,3.0558,3.065,3.0419,3.0465,6510,0
2001-11-20,3.1329,3.1467,3.0429,3.1467,3036,0
2001-11-21,3.1474,3.1498,3.0691,3.1291,10401,0
2001-11-23,3.1451,3.1451,3.076,3.076,2604,0
2001-11-26,3.1121,3.1467,3.066,3.1467,34703,0
2001-11-27,3.1218,3.1333,3.0296,3.0642,15627,0
2001-11-28,3.0652,3.169,3.0652,3.1113,30372,0
2001-11-29,3.1795,3.2233,3.0182,3.2233,33854,0
2001-11-30,3.1825,3.1825,3.0534,3.0995,21262,0
2001-12-03,3.0576,3.1681,3.0553,3.1291,483480,0
2001-12-04,3.1989,3.1989,2.9984,3.0583,130506,0
2001-12-05,3.0878,3.1684,3.0301,3.0878,201362,0
2001-12-06,3.1233,3.2641,3.091,3.2409,506343,0
2001-12-07,3.2518,3.4388,3.1272,3.1526,234846,0
2001-12-10,3.1711,3.2056,3.1365,3.2056,82387,0
2001-12-11,3.2059,3.252,3.1828,3.2174,97989,0
2001-12-12,3.2295,3.3217,3.2156,3.2409,293053,0
2001-12-13,3.2752,3.2752,3.0424,3.1231,226909,0
2001-12-14,3.1158,3.1619,2.6542,2.7165,414211,0
2001-12-17,2.7122,2.8252,2.3293,2.6752,576255,0
2001-12-18,2.665,2.8957,2.6027,2.7342,188530,0
2001-12-19,2.7217,2.7217,2.6756,2.6871,22980,0
2001-12-20,2.6772,2.7811,2.5872,2.7696,155981,0
2001-12-21,2.776,2.799,2.7069,2.799,10853,0
2001-12-24,2.7926,2.8158,2.7696,2.7696,37261,0
2001-12-26,2.6456,2.6687,2.5741,2.581,55879,0
2001-12-27,2.6512,2.6512,2.5936,2.6282,38170,0
2001-12-28,2.6268,2.696,2.5692,2.5692,47739,0
2001-12-31,2.5943,2.675,2.5943,2.6104,41196,0
