Date,Open,High,Low,Close,Volume,OpenInt
1995-01-03,3.4134,3.4134,3.3669,3.3758,2622138,0
1995-01-04,3.3758,3.3758,3.3525,3.3669,749331,0
1995-01-05,3.3525,3.3525,3.2946,3.2946,1136918,0
1995-01-06,3.2946,3.3059,3.2595,3.2713,1837672,0
1995-01-09,3.2827,3.2946,3.2216,3.2481,2311040,0
1995-01-10,3.2336,3.2481,3.1524,3.1988,4074299,0
1995-01-11,3.2102,3.2336,3.1754,3.1869,2937379,0
1995-01-12,3.1636,3.1988,3.1636,3.1869,3335303,0
1995-01-13,3.1636,3.2216,3.1404,3.2102,2825760,0
1995-01-16,3.2336,3.3059,3.1869,3.3059,7050953,0
1995-01-17,3.3059,3.3669,3.2595,3.3525,2423701,0
1995-01-18,3.3293,3.3293,3.2827,3.3059,3772497,0
1995-01-19,3.2946,3.3059,3.2713,3.2827,1113141,0
1995-01-20,3.2827,3.2827,3.2102,3.2713,2256263,0
1995-01-23,3.2595,3.2595,3.2216,3.2481,4453610,0
1995-01-24,3.2595,3.2595,3.1869,3.2102,2801992,0
1995-01-25,3.1988,3.2102,3.1869,3.1869,3531671,0
1995-01-26,3.1869,3.1988,3.1869,3.1988,757600,0
1995-01-27,3.2102,3.2336,3.1754,3.2102,2491915,0
1995-01-30,3.2216,3.2216,3.1988,3.2102,1976176,0
1995-01-31,3.1988,3.2336,3.1988,3.2216,1845936,0
1995-02-01,3.2216,3.3176,3.2216,3.3059,1944126,0
1995-02-02,3.2946,3.3176,3.2827,3.2827,875431,0
1995-02-03,3.2827,3.602,3.2827,3.5323,3341504,0
1995-02-06,3.4946,3.5788,3.4861,3.5674,2532228,0
1995-02-07,3.5441,3.6746,3.5441,3.6399,3086218,0
1995-02-08,3.6136,3.6863,3.6136,3.6631,2222154,0
1995-02-09,3.6514,3.7094,3.6514,3.6863,2123966,0
1995-02-10,3.6746,3.6979,3.6514,3.6979,2213886,0
1995-02-13,3.6863,3.6979,3.5788,3.5788,2890873,0
1995-02-14,3.5788,3.6136,3.5558,3.602,1681600,0
1995-02-15,3.5788,3.6631,3.5788,3.6136,2081592,0
1995-02-16,3.6136,3.6283,3.5788,3.5904,2208721,0
1995-02-17,3.5674,3.5674,3.5323,3.5323,768971,0
1995-02-21,3.5441,3.5441,3.4714,3.4714,1889350,0
1995-02-22,3.4861,3.5788,3.4714,3.5788,2073321,0
1995-02-23,3.5904,3.7213,3.5904,3.6979,2411292,0
1995-02-24,3.6746,3.7326,3.6399,3.7094,1109008,0
1995-02-27,3.7094,3.7094,3.6283,3.6283,1564809,0
1995-02-28,3.6399,3.6863,3.6283,3.6863,566396,0
1995-03-01,3.6746,3.6979,3.6514,3.6514,1286789,0
1995-03-02,3.6399,3.6631,3.6136,3.6399,1039758,0
1995-03-03,3.6136,3.6283,3.5788,3.5788,1282652,0
1995-03-06,3.5441,3.5788,3.5441,3.5788,777241,0
1995-03-07,3.5674,3.5674,3.5092,3.5209,773102,0
1995-03-08,3.5323,3.5441,3.4946,3.4946,676982,0
1995-03-09,3.5209,3.5323,3.4714,3.4714,536418,0
1995-03-10,3.4714,3.5209,3.4714,3.5209,2847459,0
1995-03-13,3.5323,3.5674,3.5209,3.5674,700756,0
1995-03-14,3.5674,3.6863,3.5674,3.6399,1622687,0
1995-03-15,3.6514,3.6514,3.6136,3.6514,732794,0
1995-03-16,3.6399,3.6514,3.6283,3.6399,873360,0
1995-03-17,3.5441,3.6136,3.5441,3.5788,1820104,0
1995-03-20,3.5674,3.5674,3.5323,3.5558,689389,0
1995-03-21,3.5558,3.5788,3.5441,3.5558,6746060,0
1995-03-22,3.5788,3.6514,3.5788,3.6514,2297608,0
1995-03-23,3.6283,3.6746,3.6283,3.6631,1165856,0
1995-03-24,3.6746,3.7706,3.6746,3.7706,1905878,0
1995-03-27,3.7706,3.7937,3.7326,3.7706,962249,0
1995-03-28,3.7472,3.8051,3.7472,3.7706,964307,0
1995-03-29,3.7472,3.7589,3.7213,3.7213,1367400,0
1995-03-30,3.7326,3.7706,3.7213,3.7589,702821,0
1995-03-31,3.7472,3.7472,3.6979,3.6979,1088335,0
1995-04-03,3.7213,3.7213,3.6631,3.6979,442364,0
1995-04-04,3.6979,3.7326,3.6979,3.7213,553989,0
1995-04-05,3.7094,3.7213,3.6863,3.7094,987053,0
1995-04-06,3.7213,3.7326,3.7213,3.7213,798948,0
1995-04-07,3.7094,3.7213,3.6746,3.6863,582922,0
1995-04-10,3.7094,3.7094,3.6746,3.6979,359677,0
1995-04-11,3.6863,3.7326,3.6863,3.7326,599464,0
1995-04-12,3.7213,3.7589,3.6979,3.7589,453736,0
1995-04-13,3.7589,3.7706,3.6979,3.7706,741061,0
1995-04-17,3.8283,3.8663,3.817,3.8401,1375671,0
1995-04-18,3.8518,3.8518,3.8283,3.8401,743139,0
1995-04-19,3.817,3.8283,3.8051,3.8051,655274,0
1995-04-20,3.7937,3.7937,3.7213,3.7706,375179,0
1995-04-21,3.7706,3.8051,3.7589,3.7706,385516,0
1995-04-24,3.7589,3.782,3.7589,3.7589,418591,0
1995-04-25,3.7706,3.9127,3.7706,3.8778,1298155,0
1995-04-26,3.8778,3.9009,3.8051,3.8283,772064,0
1995-04-27,3.782,3.782,3.6399,3.6514,4242767,0
1995-04-28,3.6399,3.8401,3.6399,3.8283,1994774,0
1995-05-01,3.817,3.8518,3.782,3.7937,758631,0
1995-05-02,3.782,3.817,3.7706,3.7937,540551,0
1995-05-03,3.8051,3.8401,3.8051,3.8283,548819,0
1995-05-04,3.817,3.9243,3.817,3.9009,683183,0
1995-05-05,3.9127,3.9127,3.8778,3.9009,1319864,0
1995-05-08,3.8778,3.9853,3.8778,3.9853,1167925,0
1995-05-09,3.9853,4.1622,3.9853,4.1508,2529125,0
1995-05-10,4.1622,4.2231,4.1508,4.1622,1659901,0
1995-05-11,4.1508,4.1508,4.0662,4.0896,695587,0
1995-05-12,4.0896,4.1273,4.0896,4.0896,401023,0
1995-05-15,4.0896,4.1394,4.0783,4.1394,637710,0
1995-05-16,4.1394,4.1856,4.1394,4.1622,2133270,0
1995-05-17,4.1622,4.1622,4.0432,4.0551,556052,0
1995-05-18,4.0551,4.0551,3.959,3.959,1596850,0
1995-05-19,3.9708,4.0085,3.9127,3.9968,864058,0
1995-05-22,3.9968,4.0896,3.9968,4.0896,1275415,0
1995-05-23,4.1044,4.1622,4.1044,4.1273,1360167,0
1995-05-24,4.1622,4.2814,4.1622,4.2814,3560615,0
1995-05-25,4.2697,4.2814,4.197,4.2087,1378763,0
1995-05-26,4.2087,4.2087,4.1394,4.1508,573628,0
1995-05-30,4.1508,4.1508,4.0896,4.1044,419626,0
1995-05-31,4.1044,4.1622,4.0662,4.1622,1862479,0
1995-06-01,4.1394,4.197,4.1394,4.1508,1148279,0
1995-06-02,4.1622,4.2582,4.1508,4.2231,1450086,0
1995-06-05,4.2087,4.3657,4.2087,4.3281,3873788,0
1995-06-06,4.3047,4.3657,4.2926,4.351,1015990,0
1995-06-07,4.3281,4.3281,4.2814,4.2814,1590652,0
1995-06-08,4.3047,4.3281,4.2464,4.2926,972579,0
1995-06-09,4.2697,4.2697,4.1508,4.1508,413427,0
1995-06-12,4.174,4.1856,4.1508,4.1622,743139,0
1995-06-13,4.1508,4.174,4.1129,4.1129,1291951,0
1995-06-14,4.1273,4.1394,4.0783,4.0896,2273835,0
1995-06-15,4.0896,4.0896,4.0551,4.0783,1120378,0
1995-06-16,4.0662,4.1129,4.0432,4.1129,835116,0
1995-06-19,4.1044,4.1856,4.0896,4.1622,2144634,0
1995-06-20,4.174,4.1856,4.1129,4.1129,990150,0
1995-06-21,4.1394,4.2814,4.1273,4.2582,1891422,0
1995-06-22,4.2697,4.351,4.2582,4.351,1306416,0
1995-06-23,4.3162,4.3888,4.3162,4.3394,898169,0
1995-06-26,4.3394,4.3657,4.197,4.197,1556546,0
1995-06-27,4.2087,4.2464,4.1622,4.174,1952397,0
1995-06-28,4.1508,4.174,4.1394,4.1622,1059404,0
1995-06-29,4.1622,4.197,4.1394,4.1856,559156,0
1995-06-30,4.197,4.2321,4.1856,4.2321,628405,0
1995-07-03,4.2087,4.2087,4.1508,4.174,838220,0
1995-07-05,4.1622,4.2697,4.1394,4.2582,2689329,0
1995-07-06,4.2464,4.3047,4.2231,4.3047,1677474,0
1995-07-07,4.3162,4.4844,4.3162,4.4701,1220634,0
1995-07-10,4.4701,4.4844,4.4352,4.4352,385516,0
1995-07-11,4.4468,4.4584,4.4234,4.4352,563294,0
1995-07-12,4.4234,4.4234,4.3394,4.3768,854753,0
1995-07-13,4.3768,4.3888,4.3162,4.3281,562256,0
1995-07-14,4.3394,4.3394,4.2582,4.2697,510583,0
1995-07-17,4.2814,4.2814,4.2321,4.2582,1592714,0
1995-07-18,4.2464,4.2464,4.1394,4.174,2254196,0
1995-07-19,4.1856,4.2321,4.0432,4.0551,1604094,0
1995-07-20,4.0783,4.197,4.0662,4.1508,429960,0
1995-07-21,4.1129,4.1622,4.1129,4.1273,487840,0
1995-07-24,4.1044,4.1508,4.1044,4.1129,987053,0
1995-07-25,4.1129,4.1273,4.1044,4.1129,1051134,0
1995-07-26,4.1273,4.2321,4.1129,4.1394,1467654,0
1995-07-27,4.2321,4.5658,4.2321,4.5193,8124825,0
1995-07-28,4.5193,4.8415,4.5193,4.7573,4302711,0
1995-07-31,4.769,4.769,4.65,4.7457,2522915,0
1995-08-01,4.7457,4.7457,4.6965,4.7225,804116,0
1995-08-02,4.7343,4.769,4.7225,4.7225,1072833,0
1995-08-03,4.7343,4.7343,4.6732,4.6732,1093514,0
1995-08-04,4.6848,4.6848,4.6615,4.6732,936404,0
1995-08-07,4.6732,4.6732,4.6384,4.6384,715224,0
1995-08-08,4.6384,4.6848,4.5891,4.5891,2009237,0
1995-08-09,4.6034,4.65,4.5076,4.5193,1131753,0
1995-08-10,4.5193,4.6384,4.5193,4.6267,1599954,0
1995-08-11,4.6034,4.6153,4.5776,4.5891,465102,0
1995-08-14,4.6153,4.6267,4.5776,4.5891,267695,0
1995-08-15,4.5891,4.6034,4.5542,4.5542,867161,0
1995-08-16,4.5542,4.6732,4.5425,4.6384,637710,0
1995-08-17,4.6267,4.7457,4.6267,4.7457,1057329,0
1995-08-18,4.7225,4.769,4.7225,4.7457,562256,0
1995-08-21,4.7457,4.7573,4.7079,4.7079,892993,0
1995-08-22,4.7225,4.7225,4.6848,4.6848,284225,0
1995-08-23,4.6848,4.7457,4.6848,4.7343,634608,0
1995-08-24,4.7573,4.769,4.7079,4.769,1199958,0
1995-08-25,4.769,4.7922,4.7573,4.7573,375179,0
1995-08-28,4.7573,4.9462,4.7573,4.9344,1931722,0
1995-08-29,4.9462,5.1609,4.9462,5.1492,2801992,0
1995-08-30,5.1376,5.3262,5.1376,5.2799,2079522,0
1995-08-31,5.2566,5.2566,5.2072,5.2335,814448,0
1995-09-01,5.2217,5.303,5.2217,5.2914,1248543,0
1995-09-05,5.2914,5.3756,5.2799,5.3756,938473,0
1995-09-06,5.4336,5.4597,5.4104,5.4597,972579,0
1995-09-07,5.3989,5.3989,5.2072,5.2335,1191699,0
1995-09-08,5.2566,5.3262,5.2566,5.303,419626,0
1995-09-11,5.3408,5.3408,5.2914,5.303,516784,0
1995-09-12,5.3147,5.3147,5.245,5.2566,938473,0
1995-09-13,5.2566,5.2566,5.1957,5.2072,1518305,0
1995-09-14,5.2335,5.2566,5.2217,5.245,864058,0
1995-09-15,5.1609,5.3872,5.1609,5.3756,1472823,0
1995-09-18,5.3756,5.4829,5.3756,5.4455,2296572,0
1995-09-19,5.4455,5.4597,5.4336,5.4336,1046999,0
1995-09-20,5.4455,5.5178,5.4104,5.4104,2534292,0
1995-09-21,5.3872,5.4336,5.3756,5.3989,516784,0
1995-09-22,5.4104,5.4336,5.3756,5.3872,1242344,0
1995-09-25,5.3756,5.3872,5.364,5.3872,1193765,0
1995-09-26,5.3756,5.4104,5.3756,5.3989,1038732,0
1995-09-27,5.3872,5.3989,5.3524,5.3756,728661,0
1995-09-28,5.3756,5.5061,5.3756,5.4947,625306,0
1995-09-29,5.5061,5.5178,5.4684,5.4829,1309519,0
1995-10-02,5.4829,5.5178,5.3989,5.3989,563294,0
1995-10-03,5.4104,5.4104,5.3262,5.3524,1477986,0
1995-10-04,5.364,5.364,5.2914,5.2914,263553,0
1995-10-05,5.2799,5.2799,5.1957,5.1957,539516,0
1995-10-06,5.2217,5.303,5.2072,5.2914,1524500,0
1995-10-09,5.2799,5.2799,5.2335,5.2335,528152,0
1995-10-10,5.2335,5.245,5.1259,5.1609,797913,0
1995-10-11,5.1609,5.2799,5.1609,5.2072,1130717,0
1995-10-12,5.2072,5.3147,5.1957,5.2914,723492,0
1995-10-13,5.303,5.4829,5.303,5.422,433062,0
1995-10-16,5.4455,5.5061,5.3872,5.3989,1487293,0
1995-10-17,5.3872,5.3872,5.303,5.3524,422730,0
1995-10-18,5.3408,5.3524,5.2681,5.2914,781373,0
1995-10-19,5.2799,5.3147,5.245,5.2566,537459,0
1995-10-20,5.245,5.245,5.1259,5.1259,792739,0
1995-10-23,5.1259,5.1376,5.0651,5.0651,1080067,0
1995-10-24,5.0766,5.1027,5.0417,5.0534,1079036,0
1995-10-25,5.0651,5.0651,4.9112,4.9112,611868,0
1995-10-26,4.9112,4.9112,4.7079,4.8155,1726050,0
1995-10-27,4.7922,4.9577,4.769,4.9462,1788063,0
1995-10-30,4.9462,4.9838,4.8764,4.8878,534352,0
1995-10-31,4.8998,4.8998,4.827,4.827,654244,0
1995-11-01,4.8503,4.9577,4.827,4.9577,530223,0
1995-11-02,4.9344,5.0303,4.9112,5.0184,476468,0
1995-11-03,5.0417,5.0651,4.9692,5.0303,902298,0
1995-11-06,5.0417,5.0651,4.9954,5.0184,335901,0
1995-11-07,4.9954,5.0417,4.9577,4.9838,384491,0
1995-11-08,4.9692,4.9692,4.8649,4.8878,1177218,0
1995-11-09,4.9112,5.0651,4.8998,5.0184,463029,0
1995-11-10,5.0184,5.0303,4.9577,4.9954,274921,0
1995-11-13,5.0071,5.0184,4.9838,4.9954,1487293,0
1995-11-14,4.9692,4.9692,4.8998,4.8998,533318,0
1995-11-15,4.8998,4.8998,4.8155,4.8415,530223,0
1995-11-16,4.8503,4.8878,4.8155,4.8764,1067662,0
1995-11-17,4.8998,4.9577,4.8998,4.9228,651143,0
1995-11-20,4.9228,4.9228,4.8764,4.8998,932271,0
1995-11-21,4.8503,4.8649,4.769,4.8415,1355005,0
1995-11-22,4.8415,4.8764,4.8155,4.8649,736929,0
1995-11-24,4.8503,4.9344,4.8503,4.9228,119893,0
1995-11-27,4.8998,4.9228,4.8415,4.8503,715224,0
1995-11-28,4.8649,4.8878,4.8415,4.8503,850623,0
1995-11-29,4.8415,4.9112,4.8155,4.9112,752432,0
1995-11-30,4.9228,5.0303,4.8503,5.0303,1117275,0
1995-12-01,5.0184,5.0417,4.9838,5.0417,1053195,0
1995-12-04,5.0766,5.1027,5.0184,5.0417,2070228,0
1995-12-05,5.0417,5.1376,5.0417,5.0534,1098678,0
1995-12-06,5.0766,5.1609,5.0651,5.1376,1380839,0
1995-12-07,5.1259,5.1376,5.0884,5.1027,206706,0
1995-12-08,5.0884,5.1145,5.0884,5.1145,1891422,0
1995-12-11,5.1145,5.1376,5.0766,5.0884,1083171,0
1995-12-12,5.0884,5.1259,5.0651,5.1027,1154485,0
1995-12-13,5.1145,5.1145,5.0534,5.0534,866124,0
1995-12-14,5.0766,5.0884,5.0184,5.0184,678019,0
1995-12-15,5.0071,5.0417,4.9577,5.0071,1067662,0
1995-12-18,4.827,4.8649,4.6615,4.6732,1446982,0
1995-12-19,4.6615,4.6615,4.5425,4.5776,2706890,0
1995-12-20,4.6034,4.6034,4.5076,4.5076,2334814,0
1995-12-21,4.4844,4.5076,4.4468,4.5076,3236079,0
1995-12-22,4.531,4.6384,4.531,4.6153,2207691,0
1995-12-26,4.6153,4.65,4.5891,4.6384,878529,0
1995-12-27,4.6267,4.6732,4.6267,4.65,944680,0
1995-12-28,4.6384,4.769,4.6384,4.7457,1625789,0
1995-12-29,4.7573,4.8155,4.7573,4.7922,1036652,0
1996-01-02,4.7805,4.7922,4.7225,4.769,1469719,0
1996-01-03,4.7922,4.8503,4.7922,4.827,1146221,0
1996-01-04,4.8155,4.8503,4.7573,4.769,1349827,0
1996-01-05,4.769,4.769,4.6965,4.7343,1294019,0
1996-01-08,4.7573,4.8038,4.7573,4.8038,548819,0
1996-01-09,4.8038,4.8038,4.6965,4.6965,1651631,0
1996-01-10,4.7079,4.7079,4.4961,4.5076,1691944,0
1996-01-11,4.531,4.6153,4.531,4.5425,1963764,0
1996-01-12,4.5542,4.5542,4.4961,4.5076,1153455,0
1996-01-15,4.531,4.5425,4.4584,4.4701,1266109,0
1996-01-16,4.4701,4.4701,4.4122,4.4352,2483642,0
1996-01-17,4.4352,4.6153,4.4352,4.5891,1424244,0
1996-01-18,4.6034,4.6034,4.4961,4.5776,1130717,0
1996-01-19,4.5776,4.6153,4.531,4.5891,1566875,0
1996-01-22,4.5891,4.6384,4.5542,4.6384,3643301,0
1996-01-23,4.6384,4.6965,4.6034,4.6848,1627856,0
1996-01-24,4.6848,4.7922,4.6848,4.7079,2167373,0
1996-01-25,4.6848,4.7922,4.6848,4.7805,3006634,0
1996-01-26,4.769,4.8415,4.7343,4.8415,2090887,0
1996-01-29,4.8155,4.8878,4.8038,4.8649,1444922,0
1996-01-30,4.8764,5.0071,4.8649,5.0071,1430451,0
1996-01-31,5.0071,5.1145,4.9838,5.1027,1256807,0
1996-02-01,5.1145,5.1725,5.0884,5.1259,700756,0
1996-02-02,5.1259,5.1492,5.0071,5.0071,1599954,0
1996-02-05,5.0071,5.0417,4.9462,5.0417,1889350,0
1996-02-06,5.0651,5.1145,5.0534,5.1027,1487293,0
1996-02-07,5.1145,5.1492,5.1027,5.1492,611868,0
1996-02-08,5.1259,5.4336,5.1259,5.4104,1317789,0
1996-02-09,5.4104,5.4104,5.3408,5.3872,1048027,0
1996-02-12,5.3872,5.4829,5.3524,5.4829,623241,0
1996-02-13,5.4597,5.4684,5.4336,5.4597,565356,0
1996-02-14,5.4455,5.4947,5.422,5.4684,680085,0
1996-02-15,5.4684,5.4684,5.3524,5.3872,1083171,0
1996-02-16,5.3989,5.4597,5.3872,5.422,832015,0
1996-02-20,5.422,5.422,5.2914,5.303,751399,0
1996-02-21,5.3262,5.422,5.3147,5.3524,935373,0
1996-02-22,5.3756,5.4684,5.3756,5.4455,1573076,0
1996-02-23,5.4455,5.5061,5.4455,5.4829,1642330,0
1996-02-26,5.4684,5.4829,5.422,5.4455,932271,0
1996-02-27,5.4336,5.4455,5.3872,5.422,858891,0
1996-02-28,5.4104,5.5178,5.4104,5.4947,1400475,0
1996-02-29,5.4829,5.4947,5.4829,5.4829,861990,0
1996-03-01,5.4829,5.4829,5.4336,5.4455,499210,0
1996-03-04,5.4455,5.5789,5.4455,5.5789,1197897,0
1996-03-05,5.5295,5.6137,5.5295,5.5789,969481,0
1996-03-06,5.6021,5.6253,5.5526,5.5789,766905,0
1996-03-07,5.5873,5.6137,5.4829,5.4947,441332,0
1996-03-08,5.4455,5.4455,5.2335,5.2681,1865576,0
1996-03-11,5.2799,5.2914,5.2072,5.2072,1440786,0
1996-03-12,5.2335,5.245,5.1145,5.1839,773102,0
1996-03-13,5.1957,5.2566,5.1725,5.1957,2127067,0
1996-03-14,5.1839,5.303,5.1839,5.2914,1259909,0
1996-03-15,5.2681,5.3408,5.2681,5.3408,1059404,0
1996-03-18,5.4104,5.4684,5.3872,5.4455,1113141,0
1996-03-19,5.4684,5.4947,5.422,5.4829,754502,0
1996-03-20,5.4829,5.5061,5.4336,5.4455,983950,0
1996-03-21,5.422,5.4597,5.4104,5.4336,1028392,0
1996-03-22,5.4455,5.4455,5.4104,5.4455,1105909,0
1996-03-25,5.4336,5.4947,5.4336,5.4597,206706,0
1996-03-26,5.4684,5.5295,5.422,5.5061,521948,0
1996-03-27,5.5061,5.5644,5.4829,5.4947,591201,0
1996-03-28,5.5178,5.5178,5.4336,5.4684,668720,0
1996-03-29,5.4947,5.5178,5.422,5.422,1203064,0
1996-04-01,5.4336,5.6833,5.4336,5.6483,898169,0
1996-04-02,5.6483,5.7066,5.6253,5.6601,534352,0
1996-04-03,5.6367,5.6367,5.5526,5.6137,640807,0
1996-04-04,5.6483,5.6833,5.5644,5.5873,659413,0
1996-04-08,5.4684,5.4829,5.303,5.303,1251643,0
1996-04-09,5.3262,5.4104,5.3262,5.3989,961213,0
1996-04-10,5.3872,5.3872,5.2799,5.2914,835116,0
1996-04-11,5.3147,5.3147,5.1957,5.2072,889897,0
1996-04-12,5.2072,5.245,5.1839,5.245,780338,0
1996-04-15,5.2566,5.2799,5.2072,5.2799,2383389,0
1996-04-16,5.2335,5.3147,5.2335,5.245,1059404,0
1996-04-17,5.245,5.2681,5.2217,5.2566,1033557,0
1996-04-18,5.2681,5.2799,5.2566,5.2566,883690,0
1996-04-19,5.2681,5.303,5.2566,5.303,586033,0
1996-04-22,5.3147,5.3872,5.303,5.3408,297664,0
1996-04-23,5.3408,5.4684,5.3408,5.4597,548819,0
1996-04-24,5.4455,5.5412,5.4455,5.5178,628405,0
1996-04-25,5.5178,5.5295,5.3989,5.422,731762,0
1996-04-26,5.422,5.4684,5.422,5.4684,634608,0
1996-04-29,5.4455,5.4597,5.422,5.4597,673882,0
1996-04-30,5.4455,5.4597,5.422,5.4455,333838,0
1996-05-01,5.4336,5.6137,5.4336,5.5873,1102811,0
1996-05-02,5.5644,5.5644,5.4104,5.422,445471,0
1996-05-03,5.4336,5.4684,5.3989,5.4104,594301,0
1996-05-06,5.4104,5.4104,5.2681,5.2681,404117,0
1996-05-07,5.2799,5.2914,5.2072,5.2072,542622,0
1996-05-08,5.2217,5.2335,5.1027,5.2217,1813899,0
1996-05-09,5.2566,5.2681,5.2072,5.2335,1225802,0
1996-05-10,5.2681,5.3872,5.2566,5.3872,740032,0
1996-05-13,5.3756,5.3872,5.303,5.3872,363812,0
1996-05-14,5.4104,5.4684,5.4104,5.4336,387597,0
1996-05-15,5.4455,5.5061,5.422,5.4947,592227,0
1996-05-16,5.4684,5.4684,5.3872,5.4104,855786,0
1996-05-17,5.4336,5.5061,5.4336,5.4684,898169,0
1996-05-20,5.4829,5.5178,5.4684,5.4947,1386009,0
1996-05-21,5.5061,5.5644,5.4684,5.5412,1059404,0
1996-05-22,5.5412,5.6137,5.5295,5.6021,493008,0
1996-05-23,5.6021,5.6367,5.5873,5.6137,537459,0
1996-05-24,5.6021,5.6253,5.5873,5.6137,378287,0
1996-05-28,5.6137,5.6253,5.5873,5.6021,634608,0
1996-05-29,5.5873,5.6137,5.5412,5.5789,685251,0
1996-05-30,5.5644,5.6021,5.5526,5.6021,292493,0
1996-05-31,5.5873,5.6367,5.5644,5.6367,608762,0
1996-06-03,5.6021,5.6137,5.5644,5.5789,345215,0
1996-06-04,5.5644,5.6021,5.5526,5.5789,344171,0
1996-06-05,5.5789,5.6137,5.5789,5.5873,284225,0
1996-06-06,5.6137,5.6137,5.5412,5.5412,1075932,0
1996-06-07,5.4829,5.4947,5.364,5.3872,1522432,0
1996-06-10,5.422,5.6137,5.422,5.6137,1481089,0
1996-06-11,5.5873,5.5873,5.5412,5.5526,671817,0
1996-06-12,5.5526,5.6137,5.5526,5.6021,1054232,0
1996-06-13,5.6021,5.6253,5.5873,5.6253,804116,0
1996-06-14,5.6253,5.6253,5.5873,5.5873,253220,0
1996-06-17,5.6021,5.6253,5.5526,5.5644,240819,0
1996-06-18,5.5526,5.5644,5.5178,5.5295,496111,0
1996-06-19,5.5178,5.5412,5.4829,5.4947,410327,0
1996-06-20,5.4684,5.4829,5.3756,5.3872,798948,0
1996-06-21,5.3872,5.4455,5.364,5.4104,1249575,0
1996-06-24,5.422,5.4947,5.3989,5.4684,961213,0
1996-06-25,5.5295,5.721,5.5295,5.6717,1460425,0
1996-06-26,5.6483,5.6483,5.5526,5.5526,570524,0
1996-06-27,5.5644,5.7066,5.5644,5.6976,961213,0
1996-06-28,5.721,5.875,5.721,5.8023,1558611,0
1996-07-01,5.8137,5.8517,5.7791,5.8137,2087797,0
1996-07-02,5.8137,5.8981,5.8023,5.8981,681111,0
1996-07-03,5.875,5.8864,5.8631,5.875,936404,0
1996-07-05,5.8023,5.8137,5.7444,5.7444,1656792,0
1996-07-08,5.7066,5.7559,5.6976,5.6976,1892449,0
1996-07-09,5.6833,5.6976,5.6367,5.6976,1099715,0
1996-07-10,5.6833,5.6833,5.5644,5.6137,828912,0
1996-07-11,5.6253,5.6253,5.4104,5.4455,867161,0
1996-07-12,5.4713,5.5526,5.4336,5.4713,652183,0
1996-07-15,5.4829,5.4829,5.2681,5.2799,1257842,0
1996-07-16,5.303,5.303,4.9228,5.1376,3634000,0
1996-07-17,5.1957,5.4713,5.1957,5.4713,1220634,0
1996-07-18,5.4713,5.6833,5.4713,5.5873,1914152,0
1996-07-19,5.5873,5.5873,5.5178,5.5412,528152,0
1996-07-22,5.5295,5.5412,5.5061,5.5412,990150,0
1996-07-23,5.5178,5.5295,5.4597,5.4713,2196320,0
1996-07-24,5.4455,5.4455,5.2681,5.303,2527056,0
1996-07-25,5.3408,5.3524,5.2566,5.2914,3253653,0
1996-07-26,5.303,5.422,5.303,5.3262,2328617,0
1996-07-29,5.3262,5.3524,5.3147,5.3408,662519,0
1996-07-30,5.3262,5.364,5.2681,5.364,959141,0
1996-07-31,5.3524,5.364,5.3262,5.3262,531254,0
1996-08-01,5.3408,5.5412,5.3408,5.5178,1470757,0
1996-08-02,5.4947,5.6717,5.4947,5.6253,1393238,0
1996-08-05,5.6253,5.6253,5.5526,5.5644,1053195,0
1996-08-06,5.5644,5.6137,5.5295,5.5873,426859,0
1996-08-07,5.6367,5.7066,5.6021,5.7066,1736385,0
1996-08-08,5.7066,5.7066,5.6137,5.6137,663541,0
1996-08-09,5.6483,5.6976,5.6483,5.6601,221192,0
1996-08-12,5.6601,5.6833,5.6253,5.6601,138498,0
1996-08-13,5.6601,5.6601,5.6253,5.6483,267695,0
1996-08-14,5.6367,5.6367,5.5412,5.5789,1283686,0
1996-08-15,5.5526,5.5644,5.5295,5.5526,691441,0
1996-08-16,5.5526,5.6021,5.5295,5.6021,824783,0
1996-08-19,5.6021,5.6253,5.5873,5.6253,755528,0
1996-08-20,5.6483,5.6717,5.6253,5.6601,637710,0
1996-08-21,5.6601,5.7326,5.6367,5.7326,1404610,0
1996-08-22,5.721,5.7675,5.6601,5.7675,1042861,0
1996-08-23,5.7559,5.7675,5.721,5.7326,574663,0
1996-08-26,5.7444,5.7559,5.6367,5.6483,326605,0
1996-08-27,5.6601,5.7444,5.6601,5.721,505414,0
1996-08-28,5.7444,5.7675,5.7326,5.7559,395857,0
1996-08-29,5.7559,5.7791,5.7066,5.7326,629439,0
1996-08-30,5.7326,5.7326,5.6483,5.6601,755528,0
1996-09-03,5.6253,5.7066,5.6137,5.6601,607739,0
1996-09-04,5.6601,5.6717,5.5789,5.5789,728661,0
1996-09-05,5.5789,5.6367,5.5789,5.6367,975678,0
1996-09-06,5.6367,5.6483,5.5789,5.6483,1136918,0
1996-09-09,5.6601,5.84,5.6601,5.8023,1286789,0
1996-09-10,5.8023,5.8023,5.6833,5.6833,881626,0
1996-09-11,5.6833,5.7675,5.6833,5.7675,261490,0
1996-09-12,5.7559,5.84,5.7559,5.8256,363812,0
1996-09-13,5.8981,6.0286,5.8981,5.9214,806177,0
1996-09-16,5.9444,6.0053,5.9444,5.9444,702821,0
1996-09-17,5.9592,5.9939,5.9444,5.9707,1458351,0
1996-09-18,5.9707,6.0172,5.9707,5.9939,649084,0
1996-09-19,5.9939,5.9939,5.9214,5.933,286299,0
1996-09-20,5.9214,5.9444,5.9097,5.9444,1054232,0
1996-09-23,5.9214,5.9592,5.8864,5.9592,1025295,0
1996-09-24,5.9592,5.9939,5.9097,5.9939,751399,0
1996-09-25,5.9822,6.1477,5.9822,6.1477,1033557,0
1996-09-26,6.1477,6.3363,6.1477,6.29,1599954,0
1996-09-27,6.3013,6.3859,6.3013,6.3859,665617,0
1996-09-30,6.4698,6.528,6.3132,6.3132,1033557,0
1996-10-01,6.3743,6.4438,6.3624,6.432,526083,0
1996-10-02,6.4552,6.4552,6.3973,6.3973,442364,0
1996-10-03,6.4204,6.4204,6.3363,6.4204,757600,0
1996-10-04,6.4438,6.6236,6.4438,6.5744,858891,0
1996-10-07,6.5628,6.6353,6.5511,6.6004,778271,0
1996-10-08,6.6123,6.6817,6.6123,6.6353,1440786,0
1996-10-09,6.6236,6.6236,6.5397,6.6236,1269215,0
1996-10-10,6.6123,6.7312,6.6123,6.7193,978785,0
1996-10-11,6.7193,6.9458,6.7193,6.827,2283138,0
1996-10-14,6.827,6.827,6.6935,6.6935,1067662,0
1996-10-15,6.7427,6.7892,6.7193,6.7193,987053,0
1996-10-16,6.7312,6.7312,6.6584,6.6704,725561,0
1996-10-17,6.6817,6.8007,6.6353,6.7776,637710,0
1996-10-18,6.766,6.8502,6.766,6.8502,921937,0
1996-10-21,6.8358,6.8358,6.7427,6.766,640807,0
1996-10-22,6.766,6.766,6.6353,6.6468,1041829,0
1996-10-23,6.6468,6.6704,6.6236,6.6704,582922,0
1996-10-24,6.6817,6.7312,6.6704,6.6817,625306,0
1996-10-25,6.6704,6.6817,6.6584,6.6817,419626,0
1996-10-28,6.6935,6.7081,6.6123,6.6236,2293473,0
1996-10-29,6.6236,6.6935,6.6004,6.6584,983950,0
1996-10-30,6.6704,6.6817,6.6584,6.6704,870258,0
1996-10-31,6.6817,6.7542,6.6704,6.7081,1021161,0
1996-11-01,6.7193,6.7542,6.7081,6.7312,725561,0
1996-11-04,6.7193,6.8007,6.7193,6.8007,1028392,0
1996-11-05,6.8007,7.004,6.8007,6.9691,1469719,0
1996-11-06,6.9691,7.0882,6.9315,7.0735,1779797,0
1996-11-07,7.0506,7.0998,7.0506,7.0998,1098678,0
1996-11-08,7.0998,7.1113,7.0619,7.0735,978785,0
1996-11-11,6.827,6.8358,6.7892,6.7892,2207691,0
1996-11-12,6.8123,6.827,6.7312,6.7776,4476348,0
1996-11-13,6.766,6.7892,6.7542,6.7892,600498,0
1996-11-14,6.8007,6.827,6.7776,6.8123,584998,0
1996-11-15,6.8123,6.9081,6.7892,6.8007,1526567,0
1996-11-18,6.8007,6.8358,6.7892,6.8123,681111,0
1996-11-19,6.8123,6.827,6.7892,6.7892,9022991,0
1996-11-20,6.8007,6.8007,6.766,6.7892,838220,0
1996-11-21,6.7776,6.8007,6.766,6.8007,531254,0
1996-11-22,6.7892,6.8007,6.7776,6.7892,1392206,0
1996-11-25,6.8007,6.8358,6.7776,6.827,1171029,0
1996-11-26,6.8502,6.8502,6.7776,6.7776,855786,0
1996-11-27,6.8502,6.8502,6.7193,6.766,777241,0
1996-11-29,6.7542,6.8007,6.7542,6.8007,442364,0
1996-12-02,6.827,6.8358,6.6817,6.6935,843384,0
1996-12-03,6.6935,6.766,6.6584,6.6584,3140988,0
1996-12-04,6.6584,6.6584,6.4204,6.4552,4901147,0
1996-12-05,6.4815,6.5047,6.4204,6.432,754502,0
1996-12-06,6.4204,6.4552,6.2784,6.4204,1765314,0
1996-12-09,6.4204,6.5164,6.4204,6.4815,562256,0
1996-12-10,6.4815,6.4931,6.432,6.4698,1777720,0
1996-12-11,6.4438,6.4438,6.3247,6.4204,1010821,0
1996-12-12,6.4438,6.4438,6.2433,6.2552,1840776,0
1996-12-13,6.2172,6.2319,6.0984,6.1594,2419561,0
1996-12-16,6.2087,6.29,6.1942,6.1942,1466628,0
1996-12-17,6.1942,6.1942,6.1246,6.1477,2095024,0
1996-12-18,6.2433,6.3363,6.2319,6.3247,1127617,0
1996-12-19,6.2784,6.3973,6.2784,6.3973,1463529,0
1996-12-20,6.3973,6.432,6.3743,6.3973,1054232,0
1996-12-23,6.3859,6.3859,6.2784,6.3363,1017022,0
1996-12-24,6.351,6.3743,6.3132,6.3363,1009791,0
1996-12-26,6.351,6.3624,6.2552,6.351,1249575,0
1996-12-27,6.3624,6.3859,6.351,6.3743,855786,0
1996-12-30,6.3743,6.4552,6.3624,6.4438,1725012,0
1996-12-31,6.4698,6.5047,6.4438,6.5047,2695529,0
1997-01-02,6.3624,6.4552,6.3013,6.3859,2590104,0
1997-01-03,6.3743,6.4931,6.3743,6.4815,1881077,0
1997-01-06,6.4815,6.4931,6.4552,6.4698,1065600,0
1997-01-07,6.4438,6.4815,6.3247,6.4815,1782903,0
1997-01-08,6.4698,6.6123,6.4698,6.6004,1581345,0
1997-01-09,6.6236,6.6704,6.5744,6.6353,891963,0
1997-01-10,6.5628,6.7081,6.5628,6.6935,1581345,0
1997-01-13,6.6468,6.7193,6.6468,6.6935,778271,0
1997-01-14,6.7081,6.8616,6.7081,6.8358,1532767,0
1997-01-15,6.7776,6.975,6.7776,6.9574,2144295,0
1997-01-16,6.9574,7.0824,6.9574,7.0619,2426800,0
1997-01-17,7.0474,7.1897,7.0272,7.1897,1686776,0
1997-01-20,7.1897,7.5263,7.1694,7.4189,4528378,0
1997-01-21,7.4567,7.5089,7.4567,7.5089,1039758,0
1997-01-22,7.4917,7.599,7.4567,7.5815,968792,0
1997-01-23,7.7062,7.8486,7.6685,7.7761,4701326,0
1997-01-24,7.8311,7.9385,7.6685,7.6891,3598863,0
1997-01-27,7.6891,7.7062,7.5815,7.6337,3030400,0
1997-01-28,7.654,7.7062,7.5815,7.599,1541389,0
1997-01-29,7.6163,7.6337,7.4917,7.5815,2635583,0
1997-01-30,7.6163,7.7761,7.6163,7.7588,1650249,0
1997-01-31,7.8311,7.8311,7.7761,7.7761,1923110,0
1997-02-03,7.8311,8.0258,7.8137,7.9733,921937,0
1997-02-04,7.9733,7.9733,7.9037,7.9733,1852820,0
1997-02-05,8.0258,8.0808,7.9037,7.956,1399443,0
1997-02-06,7.9908,8.0808,7.9908,8.0633,1218914,0
1997-02-07,8.1678,8.3653,8.098,8.3478,3202660,0
1997-02-10,8.3653,8.3826,8.1332,8.1678,1619244,0
1997-02-11,8.2581,8.313,8.223,8.2403,936404,0
1997-02-12,8.2581,8.3653,8.2056,8.3653,1231319,0
1997-02-13,8.4206,8.9719,8.4206,8.9203,3257789,0
1997-02-14,9.0236,9.0619,8.9551,9.0236,1965141,0
1997-02-18,9.0236,9.1694,9.0096,9.1154,1881768,0
1997-02-19,9.0787,9.2563,9.0787,9.1859,970172,0
1997-02-20,9.1492,9.2204,8.8296,8.8819,2752712,0
1997-02-21,8.8645,8.9371,8.7598,8.9371,1481435,0
1997-02-24,8.9551,8.9719,8.6525,8.705,1648184,0
1997-02-25,8.7397,8.8123,8.6525,8.6525,1865920,0
1997-02-26,8.6876,8.8123,8.5973,8.705,4356809,0
1997-02-27,8.7397,8.7397,8.4903,8.4903,1850765,0
1997-02-28,8.4554,8.4903,8.1535,8.3478,2969076,0
1997-03-03,8.3304,8.4554,8.2581,8.4378,1506933,0
1997-03-04,8.4554,8.4554,8.313,8.3653,1331917,0
1997-03-05,8.3653,8.5454,8.3478,8.5074,709710,0
1997-03-06,8.4206,8.9027,8.4206,8.9027,2373055,0
1997-03-07,8.8645,9.1859,8.8645,9.1317,2342740,0
1997-03-10,9.1492,9.2914,9.1492,9.2563,2122244,0
1997-03-11,9.2379,9.2379,9.0236,9.0236,870944,0
1997-03-12,8.9897,9.0236,8.67,8.705,1303667,0
1997-03-13,8.705,8.705,8.525,8.525,1280240,0
1997-03-14,8.5626,8.705,8.5074,8.705,1856276,0
1997-03-17,8.6876,8.6876,8.3653,8.4378,845453,0
1997-03-18,8.4206,8.525,8.313,8.313,779301,0
1997-03-19,8.2955,8.5454,8.2955,8.5454,2656257,0
1997-03-20,8.5454,8.5454,8.4206,8.5454,642873,0
1997-03-21,8.5801,8.6525,8.5454,8.5626,1797022,0
1997-03-24,8.4903,8.5074,8.1332,8.2403,3397656,0
1997-03-25,8.2753,8.313,8.223,8.2581,2248342,0
1997-03-26,8.2403,8.2581,7.9908,8.0462,1127962,0
1997-03-27,8.0633,8.1157,7.6685,7.7412,1520022,0
1997-03-31,7.7239,7.7239,7.2766,7.2766,3676719,0
1997-04-01,7.4189,7.5263,7.384,7.5263,2126380,0
1997-04-02,7.4741,7.5263,7.4017,7.4017,2282794,0
1997-04-03,7.3144,7.4567,7.2971,7.4392,2375814,0
1997-04-04,7.4189,7.5468,7.3323,7.4917,1340183,0
1997-04-07,7.5641,7.866,7.5641,7.866,2009933,0
1997-04-08,7.8311,7.8834,7.7062,7.7965,1094196,0
1997-04-09,7.866,7.956,7.8137,7.8486,964662,0
1997-04-10,7.8486,7.8486,7.599,7.654,993588,0
1997-04-11,7.654,7.654,7.4189,7.4917,1739829,0
1997-04-14,7.5089,7.599,7.4392,7.5815,970172,0
1997-04-15,7.6163,7.8311,7.6163,7.7062,1472481,0
1997-04-16,7.6891,7.7062,7.5815,7.6337,1125207,0
1997-04-17,7.6337,7.6337,7.5468,7.5641,1411156,0
1997-04-18,7.5468,7.654,7.4567,7.6163,1351208,0
1997-04-21,7.6337,7.7062,7.5089,7.5263,658030,0
1997-04-22,7.5468,7.6891,7.5263,7.654,695245,0
1997-04-23,7.6337,7.7588,7.6337,7.6685,1429761,0
1997-04-24,7.9183,7.9908,7.8137,7.8834,3033159,0
1997-04-25,7.7965,7.8311,7.7412,7.7588,1065945,0
1997-04-28,7.7239,7.8486,7.6685,7.7761,978435,0
1997-04-29,7.8834,8.3304,7.8834,8.2403,2624556,0
1997-04-30,8.3478,8.4903,8.2403,8.4378,2198729,0
1997-05-01,8.3478,8.5801,8.2955,8.5454,2434382,0
1997-05-02,8.525,8.8296,8.5074,8.8123,1952049,0
1997-05-05,8.8123,9.1154,8.7397,9.0973,2034051,0
1997-05-06,8.9897,8.9897,8.7745,8.8645,1517265,0
1997-05-07,8.8819,8.9027,8.8123,8.8645,1002552,0
1997-05-08,8.8471,8.9027,8.7948,8.8296,914346,0
1997-05-09,8.8471,8.9719,8.8123,8.8645,943295,0
1997-05-12,8.8819,8.9203,8.8123,8.8296,1259559,0
1997-05-13,8.8471,8.8645,8.8123,8.8471,838565,0
1997-05-14,8.9371,8.9719,8.8471,8.8819,1246472,0
1997-05-15,8.8471,8.9719,8.8296,8.9719,935720,0
1997-05-16,8.9719,8.9719,8.8296,8.8471,1035630,0
1997-05-19,8.8471,8.9551,8.8123,8.9551,897132,0
1997-05-20,8.9719,9.1154,8.8819,9.0973,1431826,0
1997-05-21,9.1492,9.2563,8.9371,8.9719,1020470,0
1997-05-22,8.9897,8.9897,8.8819,8.9371,692484,0
1997-05-23,8.9371,9.2563,8.9371,9.2204,850271,0
1997-05-27,9.2563,9.3293,9.2204,9.2379,1414604,0
1997-05-28,9.1317,9.1859,9.0236,9.1859,1825958,0
1997-05-29,9.1859,9.1859,9.0973,9.1694,1525535,0
1997-05-30,9.1154,9.2914,9.0619,9.2379,1175498,0
1997-06-02,9.2737,9.4187,9.2737,9.4187,1177570,0
1997-06-03,9.4187,9.563,9.3469,9.563,863365,0
1997-06-04,9.526,9.596,9.4187,9.4702,693178,0
1997-06-05,9.4534,9.4871,9.3984,9.4534,978435,0
1997-06-06,9.4187,9.614,9.4187,9.614,721428,0
1997-06-09,9.596,9.811,9.596,9.776,943295,0
1997-06-10,9.776,9.776,9.631,9.738,1347073,0
1997-06-11,9.776,9.792,9.702,9.776,966037,0
1997-06-12,9.811,9.972,9.776,9.879,2067123,0
1997-06-13,9.879,10.076,9.879,10.007,1584794,0
1997-06-16,10.025,10.094,10.007,10.094,1031491,0
1997-06-17,10.112,10.397,10.076,10.397,911606,0
1997-06-18,10.364,10.504,10.237,10.504,1043202,0
1997-06-19,10.468,10.504,10.345,10.381,700756,0
1997-06-20,10.31,10.667,10.293,10.595,1850765,0
1997-06-23,10.524,10.736,10.452,10.595,3000771,0
1997-06-24,10.632,10.647,10.435,10.452,1477986,0
1997-06-25,10.486,10.632,10.418,10.504,1590997,0
1997-06-26,10.468,10.504,10.345,10.354,895751,0
1997-06-27,10.468,10.55,10.435,10.477,1059741,0
1997-06-30,10.516,10.516,10.345,10.354,781373,0
1997-07-01,10.354,10.381,10.354,10.364,1958252,0
1997-07-02,10.364,10.612,10.354,10.604,1278174,0
1997-07-03,10.754,10.775,10.667,10.718,1379464,0
1997-07-07,10.793,10.845,10.632,10.701,1428378,0
1997-07-08,10.701,10.701,10.612,10.632,832365,0
1997-07-09,10.667,10.727,10.364,10.364,794465,0
1997-07-10,10.345,10.595,10.345,10.55,1023919,0
1997-07-11,10.659,10.935,10.638,10.862,941232,0
1997-07-14,10.896,10.917,10.766,10.775,884044,0
1997-07-15,10.793,10.896,10.754,10.784,882664,0
1997-07-16,10.862,11.084,10.862,11.084,1722603,0
1997-07-17,11.084,11.23,11.033,11.182,1172750,0
1997-07-18,11.217,11.23,11.092,11.13,1455251,0
1997-07-21,11.101,11.111,10.896,10.896,934337,0
1997-07-22,10.845,11.379,10.827,11.372,1526920,0
1997-07-23,11.335,11.559,11.274,11.559,2075396,0
1997-07-24,11.584,11.737,11.479,11.737,1502803,0
1997-07-25,11.737,11.98,11.737,11.799,1260941,0
1997-07-28,11.729,11.843,11.63,11.808,1246472,0
1997-07-29,11.817,11.98,11.79,11.967,828229,0
1997-07-30,11.967,12.201,11.967,12.191,1241649,0
1997-07-31,12.201,12.307,12.11,12.12,1383590,0
1997-08-01,12.12,12.339,11.967,12.339,1086611,0
1997-08-04,12.274,12.274,11.924,11.959,1102462,0
1997-08-05,11.88,11.889,11.682,11.716,1134855,0
1997-08-06,11.7,12.057,11.691,12.057,1428378,0
1997-08-07,12.057,12.129,11.851,11.861,748303,0
1997-08-08,11.7,11.773,11.31,11.335,1201686,0
1997-08-11,11.398,11.406,11.182,11.236,1594441,0
1997-08-12,11.274,11.328,11.167,11.182,842691,0
1997-08-13,11.274,11.352,11.167,11.182,936404,0
1997-08-14,11.274,11.451,11.201,11.245,418937,0
1997-08-15,11.267,11.267,10.954,11.123,933646,0
1997-08-18,11.146,11.146,10.845,11.14,838565,0
1997-08-19,11.175,11.209,10.987,11.158,979814,0
1997-08-20,11.379,11.485,11.352,11.433,1477306,0
1997-08-21,11.443,11.443,11.335,11.406,1096955,0
1997-08-22,11.274,11.274,10.987,11.158,2048521,0
1997-08-25,11.192,11.344,11.111,11.209,863365,0
1997-08-26,11.201,11.209,11.067,11.075,811690,0
1997-08-27,11.13,11.192,11.101,11.111,815127,0
1997-08-28,11.075,11.13,10.853,11.123,1465589,0
1997-08-29,11.092,11.13,11.023,11.042,978435,0
1997-09-02,11.209,11.23,11.084,11.14,1825958,0
1997-09-03,11.175,11.192,11.158,11.182,1155522,0
1997-09-04,11.182,11.559,11.167,11.502,1874193,0
1997-09-05,11.502,11.649,11.352,11.406,1340183,0
1997-09-08,11.433,11.533,11.389,11.416,516784,0
1997-09-09,11.451,11.468,11.406,11.443,936404,0
1997-09-10,11.479,11.479,11.255,11.267,1205823,0
1997-09-11,11.291,11.541,11.274,11.502,2746512,0
1997-09-12,11.502,11.623,11.502,11.593,3825549,0
1997-09-15,11.7,11.765,11.666,11.674,1409094,0
1997-09-16,11.737,12.266,11.737,12.266,1819754,0
1997-09-17,12.307,12.339,12.1,12.12,943981,0
1997-09-18,12.12,12.339,12.11,12.339,1123137,0
1997-09-19,12.339,12.592,12.339,12.557,1787374,0
1997-09-22,12.611,12.932,12.611,12.86,1207204,0
1997-09-23,12.845,13.047,12.845,13.002,1544834,0
1997-09-24,13.002,13.147,12.905,13.138,1489705,0
1997-09-25,13.128,13.263,12.479,12.512,1655770,0
1997-09-26,12.529,13.476,12.529,13.342,2579772,0
1997-09-29,13.342,13.377,13.173,13.351,1551718,0
1997-09-30,13.342,13.457,13.288,13.288,999107,0
1997-10-01,13.254,13.43,13.254,13.356,1423564,0
1997-10-02,13.351,13.618,13.322,13.555,993588,0
1997-10-03,13.644,13.843,13.636,13.787,1655073,0
1997-10-06,13.822,14.027,13.822,13.963,1238201,0
1997-10-07,13.975,14.341,13.851,14.294,1812859,0
1997-10-08,14.262,14.278,13.843,13.914,1354652,0
1997-10-09,13.769,13.769,13.356,13.395,2233182,0
1997-10-10,13.377,13.377,12.915,13.322,1722603,0
1997-10-13,13.43,13.627,13.43,13.573,1064569,0
1997-10-14,13.611,13.835,13.611,13.752,1094196,0
1997-10-15,13.787,14.055,13.752,13.975,1071458,0
1997-10-16,14.119,14.413,13.843,13.851,2178062,0
1997-10-17,13.868,13.943,13.769,13.923,1331917,0
1997-10-20,13.923,14.11,13.923,14.027,1218914,0
1997-10-21,14.045,14.502,14.045,14.403,1538627,0
1997-10-22,14.44,14.812,14.394,14.777,1368430,0
1997-10-23,14.636,14.636,14.11,14.394,3436929,0
1997-10-24,14.591,14.699,14.422,14.554,2971835,0
1997-10-27,14.199,14.199,13.056,13.056,3299128,0
1997-10-28,12.557,13.671,12.538,13.555,3594034,0
1997-10-29,13.414,13.611,13.085,13.207,2916716,0
1997-10-30,12.932,13.173,12.932,13.011,2248342,0
1997-10-31,13.198,13.368,12.806,12.823,3818660,0
1997-11-03,12.896,13.128,12.896,13.103,2144295,0
1997-11-04,13.12,13.305,13.109,13.279,1146560,0
1997-11-05,13.43,13.43,13.198,13.288,1548275,0
1997-11-06,13.305,13.322,13.147,13.254,915051,0
1997-11-07,13.18,13.18,12.557,12.851,2007865,0
1997-11-10,12.823,13.12,12.68,12.715,1207204,0
1997-11-11,12.707,12.707,12.23,12.339,2417845,0
1997-11-12,12.201,12.487,12.022,12.022,2434382,0
1997-11-13,12.022,12.165,11.344,12.083,1893482,0
1997-11-14,12.358,12.487,12.066,12.458,1808736,0
1997-11-17,12.641,13.198,12.641,13.128,2696909,0
1997-11-18,13.109,13.138,12.977,13.056,1586171,0
1997-11-19,13.056,13.442,12.932,13.322,1491079,0
1997-11-20,13.322,13.422,13.254,13.288,1575155,0
1997-11-21,13.288,13.377,13.244,13.27,1987199,0
1997-11-24,13.254,13.254,12.761,12.836,1411156,0
1997-11-25,12.86,12.985,12.755,12.77,2344116,0
1997-11-26,12.806,12.823,12.649,12.698,1651631,0
1997-11-28,12.715,12.845,12.707,12.823,1091439,0
1997-12-01,13.02,13.653,13.011,13.611,2023024,0
1997-12-02,13.644,13.778,13.466,13.594,1415984,0
1997-12-03,13.586,13.663,13.448,13.663,579488,0
1997-12-04,13.663,13.805,13.663,13.735,1112112,0
1997-12-05,13.679,14.055,13.627,14.055,1039758,0
1997-12-08,14.055,14.162,14.018,14.092,811690,0
1997-12-09,14.092,14.119,13.86,13.877,1116248,0
1997-12-10,13.886,13.886,13.476,13.539,1342250,0
1997-12-11,13.503,13.503,13.056,13.27,1273341,0
1997-12-12,13.237,13.334,12.915,13.27,999107,0
1997-12-15,13.342,13.448,13.072,13.342,1433894,0
1997-12-16,13.368,13.521,13.27,13.314,848206,0
1997-12-17,13.314,13.334,13.072,13.072,930206,0
1997-12-18,13.056,13.056,12.415,12.495,1887281,0
1997-12-19,12.283,12.433,12.057,12.387,1737758,0
1997-12-22,12.505,12.622,12.358,12.538,1004621,0
1997-12-23,12.557,12.586,12.092,12.396,1066638,0
1997-12-24,12.415,12.467,12.073,12.092,670436,0
1997-12-26,12.129,12.23,12.039,12.073,658727,0
1997-12-29,12.066,12.201,11.988,12.066,2576325,0
1997-12-30,12.1,12.761,12.1,12.557,1484884,0
1997-12-31,12.557,12.586,12.405,12.405,2178062,0
1998-01-02,12.458,12.565,12.449,12.547,1599954,0
1998-01-05,12.557,13.072,12.505,12.641,2191151,0
1998-01-06,12.622,12.915,12.529,12.878,1303667,0
1998-01-07,12.788,12.845,12.467,12.52,3328067,0
1998-01-08,12.424,12.495,12.368,12.387,1157592,0
1998-01-09,12.377,12.377,11.843,11.861,2036114,0
1998-01-12,11.274,11.773,11.274,11.682,4859800,0
1998-01-13,11.716,11.88,11.7,11.825,2082969,0
1998-01-14,11.916,12.173,11.872,11.941,1613735,0
1998-01-15,11.941,11.941,11.7,11.753,1327785,0
1998-01-16,11.988,12.057,11.932,11.988,1385658,0
1998-01-20,11.953,12.057,11.811,11.897,2687949,0
1998-01-21,11.916,11.932,11.716,11.811,1693663,0
1998-01-22,11.559,11.615,11.201,11.344,3242627,0
1998-01-23,11.274,11.313,10.974,10.987,4757138,0
1998-01-26,11.095,11.258,10.845,11.095,2943919,0
1998-01-27,11.059,11.379,11.023,11.239,2724472,0
1998-01-28,11.258,11.811,11.258,11.811,1942403,0
1998-01-29,12.557,12.631,12.358,12.471,2965970,0
1998-01-30,12.985,12.985,12.668,12.788,1948609,0
1998-02-02,12.985,13.237,12.896,13.237,1724671,0
1998-02-03,13.414,13.555,13.342,13.395,1368781,0
1998-02-04,13.27,13.843,13.254,13.696,1544834,0
1998-02-05,13.752,14.128,13.539,13.627,1586515,0
1998-02-06,13.627,13.644,13.47,13.484,1435616,0
1998-02-09,13.524,13.627,13.183,13.237,1685054,0
1998-02-10,13.254,13.843,13.128,13.735,2008557,0
1998-02-11,13.752,14.11,13.735,14.021,1774284,0
1998-02-12,14.055,14.128,13.86,14.071,1013233,0
1998-02-13,14.039,14.039,13.555,13.573,1080765,0
1998-02-17,13.877,14.021,13.769,13.967,1217535,0
1998-02-18,13.895,14.001,13.877,13.967,664240,0
1998-02-19,13.984,14.341,13.895,14.235,1446292,0
1998-02-20,14.269,14.522,14.253,14.467,1264050,0
1998-02-23,14.626,14.946,14.591,14.767,1020123,0
1998-02-24,14.554,14.824,14.522,14.68,1383590,0
1998-02-25,14.75,14.894,14.75,14.843,1181017,0
1998-02-26,14.982,15.11,14.929,14.982,2044388,0
1998-02-27,15,15,14.449,14.554,1247165,0
1998-03-02,14.626,14.699,14.305,14.467,1250609,0
1998-03-03,14.467,14.609,14.323,14.554,881287,0
1998-03-04,14.554,14.75,14.235,14.235,672505,0
1998-03-05,14.055,14.394,13.951,14.199,766556,0
1998-03-06,14.199,14.699,14.165,14.699,1007031,0
1998-03-09,14.75,14.912,14.591,14.591,1160003,0
1998-03-10,14.591,14.946,14.591,14.843,1255438,0
1998-03-11,14.982,15.163,14.982,15.057,810310,0
1998-03-12,15.021,15.142,14.912,15.057,879558,0
1998-03-13,15.126,15.466,15.126,15.267,754843,0
1998-03-16,15.305,15.522,15.215,15.267,811690,0
1998-03-17,15.267,15.858,15.252,15.735,1738794,0
1998-03-18,15.766,16.141,15.766,15.946,1572394,0
1998-03-19,15.946,15.946,15.679,15.858,1172402,0
1998-03-20,15.876,15.876,15.715,15.766,810656,0
1998-03-23,15.766,15.766,15.483,15.501,685251,0
1998-03-24,15.522,15.766,15.522,15.696,705224,0
1998-03-25,15.84,16.338,15.715,15.75,1260258,0
1998-03-26,15.911,16.054,15.766,15.858,1083171,0
1998-03-27,15.84,15.98,15.501,15.501,567418,0
1998-03-30,15.536,15.623,14.843,15.197,1311938,0
1998-03-31,15.449,15.483,15.126,15.267,1474895,0
1998-04-01,15.267,15.41,15.197,15.378,763801,0
1998-04-02,15.41,15.98,15.378,15.41,1146560,0
1998-04-03,15.483,16.054,15.449,15.766,753127,0
1998-04-06,15.84,16.123,15.696,15.84,1283334,0
1998-04-07,15.84,15.914,15.554,15.572,1594441,0
1998-04-08,15.641,15.663,15.179,15.285,1025641,0
1998-04-09,15.395,16.395,15.285,16.037,2656598,0
1998-04-13,16.215,16.518,16.054,16.356,1301257,0
1998-04-14,16.265,16.446,15.98,16.235,774144,0
1998-04-15,16.395,16.395,16.037,16.037,1346730,0
1998-04-16,16.037,16.054,15.806,15.964,579137,0
1998-04-17,15.98,16.356,15.927,16.338,1025983,0
1998-04-20,16.265,16.356,15.785,16.338,1197209,0
1998-04-21,15.876,16.395,15.623,16.02,1944817,0
1998-04-22,15.98,15.98,15.766,15.823,1279551,0
1998-04-23,15.766,15.766,14.946,14.946,1656456,0
1998-04-24,14.554,14.843,14.269,14.378,3447268,0
1998-04-27,13.843,14.11,13.735,13.951,1906228,0
1998-04-28,15.98,15.98,14.982,15.233,53655948,0
1998-04-29,15.252,15.285,15.179,15.215,8042823,0
1998-04-30,15.233,15.395,15.233,15.339,4145955,0
1998-05-01,15.339,15.483,15.252,15.483,2695188,0
1998-05-04,15.483,15.806,15.483,15.656,3551662,0
1998-05-05,15.696,15.823,15.641,15.75,1747411,0
1998-05-06,15.785,15.785,15.623,15.696,2491221,0
1998-05-07,15.641,15.806,15.554,15.715,2979065,0
1998-05-08,15.641,15.895,15.641,15.735,1611664,0
1998-05-11,15.696,15.766,15.449,15.449,1553094,0
1998-05-12,15.449,15.536,15.179,15.536,2197347,0
1998-05-13,15.339,15.41,15.179,15.179,2038528,0
1998-05-14,15.197,15.215,14.912,14.912,2150151,0
1998-05-15,14.843,14.879,14.68,14.716,2477446,0
1998-05-18,14.626,14.68,14.522,14.68,2217335,0
1998-05-19,14.68,14.716,14.484,14.571,1640947,0
1998-05-20,14.502,14.982,14.502,14.879,1637159,0
1998-05-21,14.86,14.879,14.699,14.75,961901,0
1998-05-22,14.68,14.68,14.235,14.285,960177,0
1998-05-26,14.269,14.269,13.914,14.021,2014407,0
1998-05-27,13.914,13.914,13.573,13.808,1886938,0
1998-05-28,13.877,14.11,13.843,13.984,1608568,0
1998-05-29,13.895,13.984,13.895,13.951,1279551,0
1998-06-01,13.951,14.144,13.808,14.021,1930006,0
1998-06-02,13.967,14.055,13.877,13.931,1054917,0
1998-06-03,14.001,14.285,13.877,13.895,1188587,0
1998-06-04,13.843,14.269,13.627,13.914,1548617,0
1998-06-05,13.984,14.359,13.914,14.341,1277825,0
1998-06-08,14.484,14.522,14.071,14.341,1707098,0
1998-06-09,14.341,14.539,14.235,14.359,1274721,0
1998-06-10,14.341,14.378,14.235,14.285,955011,0
1998-06-11,14.269,14.269,13.967,14.071,1191699,0
1998-06-12,14.001,14.039,13.627,14.021,1104527,0
1998-06-15,13.877,14.092,13.825,13.843,945368,0
1998-06-16,13.843,13.951,13.713,13.931,1141391,0
1998-06-17,14.199,14.843,14.199,14.484,1409777,0
1998-06-18,14.554,14.699,14.341,14.359,668720,0
1998-06-19,14.554,14.824,14.305,14.554,1939652,0
1998-06-22,14.092,14.68,13.951,14.165,1633378,0
1998-06-23,14.165,14.429,14.039,14.429,1114873,0
1998-06-24,14.359,15.339,14.305,15.339,1517952,0
1998-06-25,15.378,15.395,14.912,15,777923,0
1998-06-26,14.806,14.982,14.626,14.946,1112802,0
1998-06-29,15,15.267,14.982,15.233,783094,0
1998-06-30,15.305,15.41,14.965,15.41,961901,0
1998-07-01,15.378,15.41,14.767,15.267,1475927,0
1998-07-02,15.197,15.322,14.86,15.285,808585,0
1998-07-06,15.285,15.483,15.197,15.466,714880,0
1998-07-07,15.554,15.663,14.946,15.038,1276445,0
1998-07-08,14.982,15.357,14.767,15.267,1341905,0
1998-07-09,15.233,15.233,14.806,14.806,959141,0
1998-07-10,14.767,15.057,14.522,14.843,1371535,0
1998-07-13,14.767,14.806,14.429,14.429,1768763,0
1998-07-14,14.199,14.359,14.092,14.092,1898656,0
1998-07-15,14.199,14.323,13.769,13.808,2655904,0
1998-07-16,13.735,14.039,13.555,13.967,2553578,0
1998-07-17,14.144,14.626,13.86,14.305,2576325,0
1998-07-20,14.269,14.285,13.877,14.213,1747750,0
1998-07-21,14.213,14.213,13.752,13.931,1732250,0
1998-07-22,13.808,13.951,13.713,13.843,1299877,0
1998-07-23,13.713,13.769,12.915,12.985,2756166,0
1998-07-24,12.915,12.932,12.377,12.736,2901892,0
1998-07-27,12.31,12.932,12.274,12.932,1349141,0
1998-07-28,12.896,12.969,12.201,12.68,1856618,0
1998-07-29,12.68,12.77,12.274,12.29,1826989,0
1998-07-30,12.339,12.631,12.274,12.595,2308289,0
1998-07-31,12.668,12.668,12.29,12.433,2340668,0
1998-08-03,12.358,12.377,12.129,12.201,1925178,0
1998-08-04,12.29,12.31,11.559,11.916,1969276,0
1998-08-05,11.916,12.167,11.502,11.843,2490192,0
1998-08-06,11.861,12.129,11.737,12.129,889210,0
1998-08-07,12.201,12.415,11.7,11.843,2040248,0
1998-08-10,11.828,12.094,11.756,11.811,1824925,0
1998-08-11,11.773,11.79,11.416,11.773,1805629,0
1998-08-12,11.756,11.828,11.523,11.523,2048862,0
1998-08-13,11.559,11.682,11.379,11.398,2623868,0
1998-08-14,11.454,11.63,11.291,11.328,1543452,0
1998-08-17,11.472,11.756,11.239,11.682,1559993,0
1998-08-18,11.682,12.112,11.682,12.094,2242482,0
1998-08-19,12.022,12.039,11.433,11.433,2702415,0
1998-08-20,11.454,11.811,11.454,11.7,2625247,0
1998-08-21,11.649,11.649,11.217,11.454,2406129,0
1998-08-24,11.488,11.63,11.146,11.416,1534146,0
1998-08-25,11.773,11.916,11.596,11.682,2050926,0
1998-08-26,11.574,11.596,11.239,11.328,1083171,0
1998-08-27,11.258,11.258,10.383,10.383,2339641,0
1998-08-28,10.486,10.578,10.06,10.13,2766498,0
1998-08-31,10.169,10.275,9.1859,9.2032,3508595,0
1998-09-01,9.2032,9.4013,8.8819,9.2914,2591827,0
1998-09-02,9.2914,9.648,9.0787,9.2737,3516863,0
1998-09-03,9.1859,9.2032,8.3478,8.5626,6760175,0
1998-09-04,8.5074,8.525,7.4189,7.6685,6141078,0
1998-09-08,8.705,8.7221,7.9531,8.4524,4805024,0
1998-09-09,8.4524,8.4524,7.9531,8.0084,1737758,0
1998-09-10,7.7062,7.7761,7.3493,7.6512,2478481,0
1998-09-11,7.6337,8.2581,7.5786,8.2581,2893973,0
1998-09-14,8.2753,8.9897,8.2753,8.6876,2428177,0
1998-09-15,8.6876,8.6876,8.4903,8.525,2336190,0
1998-09-16,8.5944,8.9719,8.4903,8.5944,2692767,0
1998-09-17,8.2403,8.2753,8.0258,8.2753,2333096,0
1998-09-18,8.2753,8.2753,7.7761,7.8486,2378913,0
1998-09-21,7.8486,7.8486,7.3493,7.5263,3927534,0
1998-09-22,7.5961,7.8486,7.5641,7.7588,3042121,0
1998-09-23,7.8311,8.705,7.8311,8.6497,4306507,0
1998-09-24,8.5626,8.7745,8.4524,8.5801,3512379,0
1998-09-25,8.5074,8.9203,7.9531,8.7598,2778903,0
1998-09-28,8.792,9.0619,8.792,8.792,3647096,0
1998-09-29,8.9719,8.9897,8.5454,8.6497,2002699,0
1998-09-30,8.5801,9.1492,8.5074,8.525,3457607,0
1998-10-01,8.5626,8.5944,8.1332,8.2403,3848289,0
1998-10-02,8.2581,8.4206,8.1883,8.4206,2243175,0
1998-10-05,8.3478,8.3653,7.9733,8.223,2006831,0
1998-10-06,8.2926,8.6148,7.9037,8.2056,1749130,0
1998-10-07,8.223,8.223,7.7412,7.9037,2685192,0
1998-10-08,7.7062,8.2581,7.5641,8.2056,5241187,0
1998-10-09,8.2753,8.4524,7.9908,8.3478,3143747,0
1998-10-12,8.4903,8.8095,8.4349,8.6321,2421979,0
1998-10-13,8.6497,8.7221,8.3304,8.4349,1834574,0
1998-10-14,8.4903,8.9897,8.4349,8.8095,1425624,0
1998-10-15,8.7745,9.776,8.6674,9.776,2585968,0
1998-10-16,9.972,10.667,9.918,10.632,3343570,0
1998-10-19,10.632,11.023,10.578,10.917,1936886,0
1998-10-20,10.845,10.987,10.793,10.827,2241107,0
1998-10-21,10.667,10.683,10.169,10.169,1448708,0
1998-10-22,10.185,10.383,9.958,10.383,1390485,0
1998-10-23,10.383,10.383,9.3636,9.4871,5125425,0
1998-10-26,9.4187,9.669,9.2032,9.545,2039215,0
1998-10-27,9.617,9.776,9.2768,9.2768,2972177,0
1998-10-28,9.545,9.58,8.9897,9.1694,2005800,0
1998-10-29,9.4013,9.99,9.2409,9.958,1918981,0
1998-10-30,10.025,10.793,10.025,10.793,3071748,0
1998-11-02,10.738,10.793,10.345,10.418,1942750,0
1998-11-03,10.364,10.56,10.345,10.468,1241998,0
1998-11-04,10.486,10.738,10.486,10.701,2006831,0
1998-11-05,10.718,10.809,10.4,10.738,1004621,0
1998-11-06,10.987,11.023,10.809,10.957,1565847,0
1998-11-09,10.899,11.059,10.345,10.543,1437342,0
1998-11-10,10.418,10.468,10.266,10.328,1587552,0
1998-11-11,10.31,10.364,9.702,9.792,1226834,0
1998-11-12,9.882,9.918,9.719,9.792,1228901,0
1998-11-13,9.776,10.13,9.76,10.076,1051814,0
1998-11-16,10.185,10.383,10.185,10.293,1257502,0
1998-11-17,10.345,10.917,10.345,10.738,3935113,0
1998-11-18,10.738,10.738,10.345,10.455,1638539,0
1998-11-19,10.418,10.757,10.345,10.701,2009587,0
1998-11-20,10.917,11.916,10.88,11.559,3360791,0
1998-11-23,12.415,13.02,12.325,12.809,4677895,0
1998-11-24,12.826,12.932,12.77,12.845,2623868,0
1998-11-25,12.845,12.915,12.433,12.595,1996496,0
1998-11-27,12.471,12.826,12.471,12.52,760702,0
1998-11-30,12.649,12.649,12.182,12.201,1017370,0
1998-12-01,12.129,12.147,11.79,12.073,1668857,0
1998-12-02,12.057,12.377,11.988,12.201,936754,0
1998-12-03,12.167,12.182,11.843,11.897,1246127,0
1998-12-04,11.666,11.971,11.666,11.897,1067322,0
1998-12-07,11.971,12.129,11.843,11.861,764838,0
1998-12-08,11.79,11.843,11.313,11.433,1853516,0
1998-12-09,11.416,11.454,11.201,11.379,1103501,0
1998-12-10,11.344,11.344,11.003,11.13,1383937,0
1998-12-11,11.059,11.059,10.775,10.862,1454912,0
1998-12-14,10.793,10.862,10.632,10.647,1206853,0
1998-12-15,10.632,11.454,10.504,11.416,1950331,0
1998-12-16,11.472,11.472,11.258,11.398,1255780,0
1998-12-17,11.328,11.932,11.328,11.916,1650939,0
1998-12-18,11.916,11.932,11.379,11.379,1945846,0
1998-12-21,11.666,12.538,11.63,12.487,2083660,0
1998-12-22,12.52,12.595,12.094,12.257,2133956,0
1998-12-23,11.274,11.344,10.683,10.88,4142857,0
1998-12-24,10.957,10.987,10.701,10.827,1345350,0
1998-12-28,10.862,11.075,10.701,10.757,1237518,0
1998-12-29,10.701,10.775,10.345,10.435,1517952,0
1998-12-30,10.455,10.486,9.918,10.076,2688984,0
1998-12-31,10.096,10.275,9.1317,9.1317,3000079,0
1999-01-04,9.599,10.578,9.599,10.203,5043428,0
1999-01-05,10.275,10.738,10.275,10.632,2472623,0
1999-01-06,10.775,10.957,10.775,10.793,3360112,0
1999-01-07,10.418,10.827,10.418,10.504,2759263,0
1999-01-08,10.345,10.455,10.13,10.418,6098693,0
1999-01-11,10.418,10.524,9.99,10.203,3170281,0
1999-01-12,10.185,10.185,9.882,10.025,2188733,0
1999-01-13,9.669,9.828,9.58,9.702,2470207,0
1999-01-14,9.669,9.669,9.0787,9.1154,3983350,0
1999-01-15,9.1694,9.684,9.1694,9.526,3421430,0
1999-01-19,9.563,9.669,9.2593,9.4013,2566678,0
1999-01-20,9.4187,9.719,9.3119,9.4187,2592520,0
1999-01-21,9.1317,9.1694,8.7745,8.792,3658806,0
1999-01-22,7.7062,9.0067,7.7062,8.8819,9211097,0
1999-01-25,8.8296,8.9203,8.6674,8.8471,3338746,0
1999-01-26,8.8471,9.0619,8.8471,8.8471,4740258,0
1999-01-27,8.9203,9.1317,8.8095,8.8095,1746376,0
1999-01-28,8.8645,9.0619,8.8645,9.0067,2119836,0
1999-01-29,9.0619,9.563,9.0067,9.563,3317040,0
1999-02-01,9.4187,9.776,9.2032,9.617,3698081,0
1999-02-02,9.545,9.631,9.2032,9.4871,2465385,0
1999-02-03,9.4534,9.776,9.4187,9.669,2217679,0
1999-02-04,9.599,9.617,9.4871,9.526,1874879,0
1999-02-05,9.4871,9.4871,9.3469,9.4187,2746512,0
1999-02-08,9.4871,9.918,9.4534,9.631,3587834,0
1999-02-09,9.631,9.776,9.563,9.617,6500070,0
1999-02-10,9.599,9.617,9.1694,9.3293,3065200,0
1999-02-11,9.2768,9.506,9.2593,9.3119,2699662,0
1999-02-12,9.2032,9.2032,8.7598,8.9027,2835746,0
1999-02-16,8.8471,8.9719,8.5944,8.9203,2516032,0
1999-02-17,8.7745,9.0447,8.705,8.7598,2356861,0
1999-02-18,8.9203,9.0787,8.8819,8.9203,1730522,0
1999-02-19,8.7745,9.2032,8.705,8.9203,2067123,0
1999-02-22,8.9719,9.563,8.9719,9.545,1887281,0
1999-02-23,9.545,9.669,9.2409,9.2409,2035775,0
1999-02-24,9.3119,9.58,8.9371,9.0236,1810460,0
1999-02-25,8.9719,9.1694,8.5944,8.8819,2150501,0
1999-02-26,8.8645,9.0787,8.6876,9.0787,1340520,0
1999-03-01,9.1317,9.3846,8.9371,9.3293,1137954,0
1999-03-02,9.2914,9.2914,8.792,8.8095,1448023,0
1999-03-03,8.792,9.0236,8.6497,9.0067,2037154,0
1999-03-04,9.0447,9.2593,8.7598,9.0787,1832852,0
1999-03-05,9.4871,9.506,9.2768,9.4356,3059345,0
1999-03-08,9.3636,9.4534,8.9027,9.0787,1324344,0
1999-03-09,9.1317,9.2768,8.9203,9.2768,1150359,0
1999-03-10,9.2204,9.4013,8.9897,9.3846,1576176,0
1999-03-11,9.4187,9.702,9.2914,9.631,3009735,0
1999-03-12,9.2032,9.4356,8.9897,9.1492,3802127,0
1999-03-15,9.0973,9.1859,8.7745,8.8296,3108256,0
1999-03-16,8.792,9.2032,8.792,9.0236,3648821,0
1999-03-17,8.9522,8.9719,8.6321,8.7598,2413367,0
1999-03-18,8.705,9.2032,8.705,9.2032,2136031,0
1999-03-19,9.3293,9.3293,8.8471,8.9371,2254541,0
1999-03-22,8.9203,8.9203,8.6876,8.7598,1738108,0
1999-03-23,8.7598,8.7598,8.1332,8.2403,3235388,0
1999-03-24,8.2581,8.3478,8.2056,8.3304,5490958,0
1999-03-25,8.2581,8.6674,8.2056,8.6321,1109352,0
1999-03-26,8.5074,8.5801,8.2753,8.3304,1862479,0
1999-03-29,8.3653,8.5626,8.3304,8.5454,1978234,0
1999-03-30,8.4031,8.5454,8.2753,8.3478,913667,0
1999-03-31,8.3304,8.3826,7.9531,8.0258,2150151,0
1999-04-01,8.0258,8.3101,7.9531,8.0462,2402341,0
1999-04-05,8.0808,8.0952,7.8834,8.0258,1733969,0
1999-04-06,7.9037,7.9908,7.7761,7.7761,1404610,0
1999-04-07,7.8108,7.9733,7.7412,7.866,2449884,0
1999-04-08,7.8486,8.4524,7.8108,8.3478,2312422,0
1999-04-09,8.2403,8.4206,8.223,8.2753,1860412,0
1999-04-12,8.2056,8.4206,8.1157,8.2753,2117762,0
1999-04-13,8.2753,8.3826,8.2403,8.3101,1801153,0
1999-04-14,8.2926,8.2926,8.0084,8.1505,1935863,0
1999-04-15,8.1505,8.9719,8.1505,8.8095,5282877,0
1999-04-16,8.9897,10.007,8.9027,9.99,6984462,0
1999-04-19,10.203,11.075,9.702,9.862,6696793,0
1999-04-20,9.936,10.169,9.776,9.845,1769455,0
1999-04-21,9.811,10.22,9.599,10.22,1264389,0
1999-04-22,10.147,10.383,9.99,10.13,2066434,0
1999-04-23,10.115,10.275,9.99,10.043,1143463,0
1999-04-26,10.043,10.275,10.043,10.275,1262320,0
1999-04-27,10.418,11.416,10.418,11.344,6002578,0
1999-04-28,11.361,11.379,11.13,11.201,3084148,0
1999-04-29,11.344,11.416,11.149,11.328,1665407,0
1999-04-30,11.416,11.843,11.379,11.416,5791733,0
1999-05-03,11.398,11.454,11.059,11.416,2075732,0
1999-05-04,11.488,11.666,11.416,11.454,1930344,0
1999-05-05,11.523,11.523,10.862,11.217,1531392,0
1999-05-06,11.274,11.313,10.987,11.274,1072151,0
1999-05-07,11.398,11.666,11.328,11.472,4694775,0
1999-05-10,11.488,11.488,11.239,11.361,1517611,0
1999-05-11,11.361,11.454,11.291,11.416,1256462,0
1999-05-12,11.398,11.488,11.167,11.416,1292988,0
1999-05-13,11.398,12.826,11.274,12.698,4726476,0
1999-05-14,12.631,12.68,12.325,12.573,4136998,0
1999-05-17,12.698,12.826,12.003,12.167,2259707,0
1999-05-18,12.147,12.698,12.039,12.573,2367541,0
1999-05-19,12.505,12.845,12.415,12.845,2138093,0
1999-05-20,12.809,12.809,12.415,12.649,1218220,0
1999-05-21,12.505,12.614,12.415,12.505,1138638,0
1999-05-24,12.557,12.614,12.274,12.274,1489015,0
1999-05-25,12.29,12.342,11.716,11.716,2139129,0
1999-05-26,11.773,11.88,11.454,11.811,5046532,0
1999-05-27,11.7,11.843,11.523,11.828,3734255,0
1999-05-28,11.828,12.487,11.828,12.415,1450777,0
1999-06-01,12.487,12.631,12.274,12.631,3632616,0
1999-06-02,12.595,12.668,12.022,12.147,2768913,0
1999-06-03,12.167,12.29,11.843,11.861,1867301,0
1999-06-04,11.861,11.861,10.862,11.274,5490958,0
1999-06-07,11.328,11.828,11.217,11.79,2600434,0
1999-06-08,11.79,11.79,11.615,11.682,1811483,0
1999-06-09,11.666,11.682,11.201,11.398,1641988,0
1999-06-10,11.344,11.344,11.003,11.217,2341706,0
1999-06-11,11.217,11.454,11.023,11.095,1654732,0
1999-06-14,11.149,11.167,10.845,10.957,3139263,0
1999-06-15,11.201,11.274,10.845,10.974,2253513,0
1999-06-16,11.114,11.7,11.095,11.433,2498463,0
1999-06-17,11.433,11.454,11.313,11.344,782753,0
1999-06-18,11.313,11.398,11.291,11.398,1425624,0
1999-06-21,11.398,11.596,11.313,11.379,2360660,0
1999-06-22,11.433,11.433,10.935,10.987,2195625,0
1999-06-23,10.957,10.987,10.862,10.917,2052655,0
1999-06-24,10.862,10.88,10.486,10.486,1395997,0
1999-06-25,10.524,10.809,10.486,10.504,1374983,0
1999-06-28,10.543,10.845,10.543,10.738,1340878,0
1999-06-29,10.524,10.598,10.455,10.504,1905542,0
1999-06-30,10.598,11.649,10.4,11.596,4347841,0
1999-07-01,11.454,11.953,11.379,11.953,3035564,0
1999-07-02,11.916,12.003,11.843,11.971,1559993,0
1999-07-06,11.971,12.396,11.932,12.094,1796327,0
1999-07-07,12.039,12.094,11.666,11.897,1051814,0
1999-07-08,11.88,11.88,11.574,11.7,1142429,0
1999-07-09,11.7,12.039,11.7,12.003,1279551,0
1999-07-12,12.003,12.094,11.861,11.971,958114,0
1999-07-13,11.416,11.523,11.13,11.433,1602016,0
1999-07-14,11.488,11.574,11.313,11.433,729345,0
1999-07-15,11.488,11.541,11.291,11.433,1337084,0
1999-07-16,11.416,11.416,11.059,11.313,896451,0
1999-07-19,11.274,11.291,10.957,11.059,804798,0
1999-07-20,11.095,11.201,10.88,10.899,1846282,0
1999-07-21,10.935,11.042,10.935,11.023,1355005,0
1999-07-22,11.059,11.258,10.935,10.974,1478334,0
1999-07-23,11.313,11.313,10.718,10.757,1810460,0
1999-07-26,10.809,10.987,10.738,10.845,1267147,0
1999-07-27,10.88,11.361,10.862,11.328,1594094,0
1999-07-28,11.361,11.488,11.13,11.182,1465933,0
1999-07-29,11.095,11.095,10.757,10.88,995311,0
1999-07-30,11.059,11.182,10.88,10.88,1551376,0
1999-08-02,10.809,11.059,10.632,10.917,1532085,0
1999-08-03,10.974,11.003,10.667,10.701,1585485,0
1999-08-04,10.667,11.003,10.56,10.598,582922,0
1999-08-05,10.56,10.683,10.455,10.598,1212715,0
1999-08-06,10.598,10.683,10.472,10.504,2221124,0
1999-08-09,10.543,10.647,10.504,10.632,540551,0
1999-08-10,10.701,10.701,10.383,10.504,1423211,0
1999-08-11,10.504,10.775,10.435,10.683,950529,0
1999-08-12,10.667,10.683,10.486,10.578,1006689,0
1999-08-13,10.598,10.974,10.598,10.935,1017370,0
1999-08-16,10.935,10.957,10.718,10.957,786882,0
1999-08-17,11.095,11.258,10.935,11.258,727622,0
1999-08-18,11.313,11.313,11.023,11.167,909192,0
1999-08-19,10.917,11.114,10.793,11.059,740719,0
1999-08-20,11.167,11.182,11.023,11.13,757260,0
1999-08-23,11.167,11.201,11.059,11.149,1289885,0
1999-08-24,11.201,11.201,11.059,11.167,836148,0
1999-08-25,11.167,11.167,10.899,10.987,1103151,0
1999-08-26,10.632,11.095,10.598,10.987,844767,0
1999-08-27,10.899,10.917,10.647,10.667,1002902,0
1999-08-30,10.701,10.701,10.076,10.147,1704339,0
1999-08-31,10.22,10.524,10.076,10.257,1240963,0
1999-09-01,10.257,10.257,10.043,10.115,1125207,0
1999-09-02,10.076,10.076,9.76,9.899,865086,0
1999-09-03,9.99,10.043,9.918,10.007,1736732,0
1999-09-07,10.007,10.043,9.862,9.862,1966523,0
1999-09-08,9.811,9.845,9.545,9.563,1773586,0
1999-09-09,9.4871,9.4871,9.0067,9.1492,3035915,0
1999-09-10,9.1492,9.58,9.1492,9.2593,2155318,0
1999-09-13,9.2032,9.2204,9.0787,9.1154,2120520,0
1999-09-14,9.0619,9.1154,8.9522,8.9719,2308973,0
1999-09-15,8.9719,9.0447,8.8095,8.8095,1739829,0
1999-09-16,8.7397,8.8095,8.6674,8.7221,1593406,0
1999-09-17,8.705,8.9203,8.705,8.7221,1396340,0
1999-09-20,8.7397,8.8296,8.705,8.7397,1619933,0
1999-09-21,8.6674,8.8471,8.6321,8.705,2955302,0
1999-09-22,8.705,8.8645,8.5626,8.705,3273969,0
1999-09-23,8.5973,8.6674,8.4903,8.5973,3608159,0
1999-09-24,8.5801,8.7745,8.5626,8.7221,2453678,0
1999-09-27,8.792,8.9027,8.6321,8.705,2355135,0
1999-09-28,8.5454,8.7397,8.5454,8.7221,1490055,0
1999-09-29,8.6674,8.8819,8.6148,8.8296,976032,0
1999-09-30,8.9897,9.0619,8.6674,8.7221,1852486,0
1999-10-01,8.6321,8.6321,8.2926,8.3653,981884,0
1999-10-04,8.3826,8.5074,8.3653,8.4524,2070228,0
1999-10-05,8.3826,8.8095,8.3653,8.5973,1219945,0
1999-10-06,8.6497,9.1694,8.6497,8.9371,1420461,0
1999-10-07,8.8645,9.0787,8.7397,8.8296,1000832,0
1999-10-08,8.7745,8.8819,8.5454,8.6674,1176198,0
1999-10-11,8.7221,8.7221,8.4524,8.525,955353,0
1999-10-12,8.5074,8.6674,8.4903,8.5626,961901,0
1999-10-13,8.5626,8.5801,8.2056,8.2753,1346730,0
1999-10-14,8.3101,8.4206,8.1157,8.223,863027,0
1999-10-15,8.1505,8.1505,7.8311,7.8311,1508996,0
1999-10-18,7.8486,8.0462,7.8108,7.9531,1266804,0
1999-10-19,7.9908,8.0633,7.9183,7.9356,2535323,0
1999-10-20,8.0084,8.2753,8.0084,8.2753,960870,0
1999-10-21,8.2403,8.6876,8.1332,8.4524,1567569,0
1999-10-22,8.4349,9.0787,8.3826,9.0447,1072151,0
1999-10-25,8.9719,8.9719,8.5626,8.8819,997385,0
1999-10-26,8.8095,8.9897,8.7745,8.792,693861,0
1999-10-27,8.7598,9.0236,8.7397,9.0067,2051960,0
1999-10-28,9.1492,9.4356,9.1317,9.4013,2139814,0
1999-10-29,9.4702,9.99,9.4013,9.99,2391319,0
1999-11-01,9.958,9.958,9.617,9.776,1333976,0
1999-11-02,9.776,9.828,9.526,9.526,1286439,0
1999-11-03,9.4187,9.4187,9.0236,9.1694,2222846,0
1999-11-04,9.1694,9.526,9.1694,9.3636,1250953,0
1999-11-05,9.526,9.719,9.4013,9.4534,1082144,0
1999-11-08,9.506,9.506,8.9719,9.0236,1392206,0
1999-11-09,9.0619,9.2409,9.0619,9.1317,1345350,0
1999-11-10,8.9203,8.9719,8.8296,8.8296,654586,0
1999-11-11,8.8819,8.9027,8.705,8.792,559845,0
1999-11-12,8.792,9.4871,8.6674,9.4187,1299528,0
1999-11-15,9.3846,9.3846,9.2032,9.3119,644939,0
1999-11-17,9.4871,9.526,9.2768,9.3846,1080414,0
1999-11-18,9.1694,9.4187,9.1492,9.3636,666994,0
1999-11-19,9.3846,9.599,9.3119,9.599,1429761,0
1999-11-22,9.4702,9.599,9.4013,9.545,1626830,0
1999-11-23,9.58,9.76,9.2204,9.4013,3276728,0
1999-11-24,9.3846,9.702,9.3469,9.631,4491851,0
1999-11-26,9.563,9.563,9.2914,9.3469,795154,0
1999-11-29,9.1317,9.2409,8.8645,9.0067,1376363,0
1999-11-30,8.9897,9.2593,8.9371,8.9719,2480547,0
1999-12-01,8.8819,9.0619,8.8645,9.0067,1245098,0
1999-12-02,8.9371,9.1154,8.8095,8.8095,902641,0
1999-12-03,8.8819,9.2914,8.8819,9.1317,1264050,0
1999-12-06,9.0619,9.0619,8.8296,8.8645,1073870,0
1999-12-07,8.792,9.0067,8.705,8.9897,1208578,0
1999-12-08,9.0067,9.1694,8.7221,8.7598,1242344,0
1999-12-09,8.7598,8.9897,8.7598,8.9027,833394,0
1999-12-10,8.9027,9.1859,8.9027,8.9897,1227878,0
1999-12-13,9.2409,9.2409,8.6321,8.6497,5209837,0
1999-12-14,8.5973,8.7745,8.5973,8.7397,2436453,0
1999-12-15,8.705,8.9371,8.6876,8.792,2883290,0
1999-12-16,8.8095,8.8095,8.5973,8.6876,2048170,0
1999-12-17,8.6674,8.8819,8.6148,8.8645,4876003,0
1999-12-20,8.7397,8.9027,8.5973,8.6674,3008007,0
1999-12-21,8.7397,8.8296,8.5973,8.792,1518992,0
1999-12-22,8.7221,8.7397,8.5626,8.5973,995311,0
1999-12-23,8.6148,8.8471,8.5801,8.8471,2059545,0
1999-12-27,8.7745,8.9522,8.7598,8.7745,1944817,0
1999-12-28,8.705,9.0447,8.6497,8.9897,2422329,0
1999-12-29,9.0236,9.2204,8.9719,9.2204,866810,0
1999-12-30,9.1492,9.2409,9.0447,9.1859,560534,0
1999-12-31,9.2593,9.2593,9.1317,9.1492,533318,0
2000-01-03,9.1317,9.2593,8.8819,9.0447,1376011,0
2000-01-04,9.0236,9.0619,8.7221,8.8819,1801840,0
2000-01-05,8.8645,9.0447,8.6876,9.0236,2828164,0
2000-01-06,9.0067,9.811,9.0067,9.58,4187641,0
2000-01-07,9.862,9.862,9.4187,9.648,1672646,0
2000-01-10,9.719,9.776,9.599,9.702,878529,0
2000-01-11,9.58,9.684,9.4871,9.545,959141,0
2000-01-12,9.4356,9.648,9.4356,9.58,1008755,0
2000-01-13,9.684,9.76,9.526,9.58,3339087,0
2000-01-14,9.58,9.617,9.3636,9.526,5847203,0
2000-01-18,9.4702,9.617,9.3846,9.506,1493152,0
2000-01-19,9.4871,9.58,9.4356,9.506,1271623,0
2000-01-20,9.4871,9.828,9.4534,9.776,2389595,0
2000-01-21,10.169,10.328,9.99,10.096,3318071,0
2000-01-24,10.115,10.364,10.115,10.22,2050586,0
2000-01-25,10.293,11.182,10.257,10.987,5550568,0
2000-01-26,10.486,10.987,10.31,10.845,3103437,0
2000-01-27,10.812,10.812,10.435,10.524,2277624,0
2000-01-28,10.486,10.486,10.147,10.203,1629575,0
2000-01-31,10.203,10.24,10.06,10.185,1937236,0
2000-02-01,10.185,10.185,9.936,9.99,1823199,0
2000-02-02,9.99,10.328,9.776,10.147,8308798,0
2000-02-03,10.22,10.293,10.025,10.096,932965,0
2000-02-04,10.076,10.435,10.076,10.364,2651771,0
2000-02-07,10.275,10.4,10.147,10.147,1494876,0
2000-02-08,10.203,10.22,9.99,10.025,1178259,0
2000-02-09,10.025,10.025,9.563,9.58,1238553,0
2000-02-10,9.617,9.899,9.4356,9.4702,1132097,0
2000-02-11,9.4013,9.684,9.2768,9.4187,1121416,0
2000-02-14,9.4187,9.4187,9.0236,9.0973,1739141,0
2000-02-15,9.0973,9.2409,9.0236,9.1859,2520856,0
2000-02-16,9.1694,9.669,8.8471,9.2032,2414742,0
2000-02-17,9.1492,9.1492,8.792,8.8296,1602710,0
2000-02-18,8.8095,8.9027,8.4206,8.5074,2349637,0
2000-02-22,8.5626,8.6497,8.3653,8.4726,6728820,0
2000-02-23,8.4726,8.705,8.223,8.3653,1145533,0
2000-02-24,8.4031,8.4031,8.0258,8.223,3696706,0
2000-02-25,8.223,8.2403,7.9037,7.9037,2493981,0
2000-02-28,7.9733,8.0258,7.8486,7.9531,3055900,0
2000-02-29,7.6685,7.8834,7.5786,7.7588,2966665,0
2000-03-01,7.6337,7.8311,7.0272,7.7588,6392928,0
2000-03-02,7.7588,7.8311,7.5786,7.8108,3245386,0
2000-03-03,7.7239,8.0633,7.6891,7.9356,1413569,0
2000-03-06,8.5074,8.5454,7.8486,7.9183,3085180,0
2000-03-07,7.9531,7.9908,7.5089,7.5263,1975482,0
2000-03-08,7.5263,7.5468,7.1897,7.2246,2005109,0
2000-03-09,7.2246,7.5263,7.0794,7.5089,3040398,0
2000-03-10,7.2766,7.767,7.1897,7.4917,2974238,0
2000-03-13,7.367,7.4189,7.2246,7.3493,3705323,0
2000-03-14,7.2766,7.3116,7.1345,7.1897,4456712,0
2000-03-15,7.6891,8.0808,7.2072,7.9908,2664523,0
2000-03-16,7.9183,8.7397,7.9037,8.6876,4014355,0
2000-03-17,9.1317,9.1317,8.5626,8.5626,3829690,0
2000-03-20,8.5626,8.7745,8.2926,8.4031,1677811,0
2000-03-21,8.3304,8.5801,8.1678,8.5626,1354302,0
2000-03-22,8.4903,8.6674,8.2581,8.5973,1545517,0
2000-03-23,8.525,9.0973,8.4524,9.0973,2221124,0
2000-03-24,9.0236,9.899,8.9897,9.702,4176278,0
2000-03-27,9.669,9.719,9.1317,9.2914,2576325,0
2000-03-28,9.3293,9.4356,8.9897,9.0787,2216650,0
2000-03-29,9.0973,9.4702,9.0619,9.0787,2702415,0
2000-03-30,9.1154,9.4534,8.9522,9.3636,2307600,0
2000-03-31,9.2032,9.631,9.0973,9.545,2179783,0
2000-04-03,9.545,9.972,9.545,9.631,2073671,0
2000-04-04,9.702,9.776,9.1317,9.3293,2417498,0
2000-04-05,9.3469,9.845,9.2593,9.719,2427144,0
2000-04-06,9.741,9.99,9.702,9.918,1266804,0
2000-04-07,9.845,9.918,9.617,9.684,1281269,0
2000-04-10,9.4534,9.631,9.3469,9.4534,1692628,0
2000-04-11,9.599,9.811,9.4871,9.76,2227668,0
2000-04-12,9.794,10.345,9.776,10.345,3789732,0
2000-04-13,10.169,10.185,9.918,9.918,3968871,0
2000-04-14,9.845,9.845,8.9522,9.0787,2352039,0
2000-04-17,8.8645,9.0973,8.7745,8.9027,2184949,0
2000-04-18,8.7598,9.4871,8.5801,9.4534,1594094,0
2000-04-19,9.3846,9.669,9.0973,9.3469,1306416,0
2000-04-20,9.1694,9.506,9.1694,9.506,1001864,0
2000-04-24,9.545,9.669,9.3636,9.617,1994083,0
2000-04-25,9.4534,9.918,9.3636,9.882,1670234,0
2000-04-26,9.702,9.811,9.3469,9.58,1646809,0
2000-04-27,9.3119,9.3636,8.8296,9.1694,2561166,0
2000-04-28,9.563,9.563,8.9203,9.2032,2563921,0
2000-05-01,8.8471,9.4187,8.8471,8.9897,3801440,0
2000-05-02,8.9522,9.0973,8.8645,9.0236,2288304,0
2000-05-03,8.9522,9.1859,8.6148,8.7745,2152221,0
2000-05-04,8.7397,8.7745,8.525,8.525,977410,0
2000-05-05,8.525,8.8645,8.4903,8.4903,951224,0
2000-05-08,8.5626,8.9027,8.525,8.7745,1224766,0
2000-05-09,8.705,9.0236,8.5801,8.7221,913667,0
2000-05-10,8.7598,8.7745,8.4349,8.5454,916771,0
2000-05-11,8.6321,8.7745,8.525,8.7598,1030460,0
2000-05-12,8.6321,8.9719,8.6148,8.8645,894721,0
2000-05-15,9.0973,9.2032,9.0787,9.1694,1061125,0
2000-05-16,9.1492,9.2204,9.0619,9.1859,1310897,0
2000-05-17,8.9897,9.1859,8.9027,9.0973,1008755,0
2000-05-18,9.0619,9.4871,9.0447,9.0973,950185,0
2000-05-19,8.7397,9.0067,8.5074,8.525,1328472,0
2000-05-22,8.5973,8.7745,8.2056,8.4726,1293677,0
2000-05-23,8.525,8.7221,8.4903,8.6321,1355005,0
2000-05-24,8.6876,9.0619,8.6876,8.8296,1425972,0
2000-05-25,8.7598,9.0236,8.2926,8.4031,1458704,0
2000-05-26,8.4726,8.6321,8.3826,8.4349,2619390,0
2000-05-30,8.4206,8.5973,8.3826,8.5454,1070776,0
2000-05-31,8.4349,8.7598,8.3826,8.5626,2298640,0
2000-06-01,8.5454,8.8471,8.4349,8.6876,2600434,0
2000-06-02,8.7598,9.3636,8.7598,9.2593,2036457,0
2000-06-05,9.2914,9.4013,9.0973,9.1317,1187906,0
2000-06-06,9.0619,9.0973,8.8471,8.9897,1126237,0
2000-06-07,8.9719,9.4871,8.9719,9.3119,1737071,0
2000-06-08,9.2593,9.3119,8.8095,8.8296,1312279,0
2000-06-09,8.8645,9.2409,8.6497,8.7221,1862479,0
2000-06-12,8.792,8.8819,8.5801,8.6148,779301,0
2000-06-13,8.5801,8.8471,8.5801,8.8296,840281,0
2000-06-14,9.0973,9.0973,8.8296,8.8296,2088827,0
2000-06-15,8.8095,8.8095,8.0462,8.4349,4390568,0
2000-06-16,8.4349,8.525,8.3478,8.4206,2536362,0
2000-06-19,8.4031,8.9897,8.4031,8.7745,3011454,0
2000-06-20,8.7397,8.9203,8.705,8.8471,2024057,0
2000-06-21,8.7745,8.8819,8.4349,8.5626,1497973,0
2000-06-22,8.4903,8.5801,8.4206,8.525,1344665,0
2000-06-23,8.5454,8.5454,8.1678,8.3478,1382563,0
2000-06-26,8.3826,8.792,8.3304,8.7745,2335848,0
2000-06-27,8.792,8.9719,8.6497,8.7598,1009454,0
2000-06-28,8.6876,8.9203,8.6497,8.821,1391516,0
2000-06-29,8.7598,8.9897,8.6497,8.8095,2187709,0
2000-06-30,8.8471,9.0619,8.5626,8.6674,2699662,0
2000-07-03,8.6148,8.8819,8.5626,8.8471,1114175,0
2000-07-05,8.8819,9.0787,8.7598,8.8296,1610635,0
2000-07-06,8.9027,8.9719,8.6321,8.9371,868188,0
2000-07-07,8.9897,9.1317,8.9897,9.0973,1228564,0
2000-07-10,9.0619,9.2032,8.9203,9.1317,2549447,0
2000-07-11,9.1154,9.506,9.1154,9.3636,2499498,0
2000-07-12,9.702,9.99,9.58,9.741,3878607,0
2000-07-13,9.741,10.096,9.741,10.007,2009587,0
2000-07-14,10.06,10.24,10.007,10.096,1600989,0
2000-07-17,10.06,10.06,9.599,9.776,1925521,0
2000-07-18,9.776,9.776,9.4356,9.58,773448,0
2000-07-19,9.599,9.599,9.3119,9.3846,873012,0
2000-07-20,9.4013,9.776,9.3636,9.631,3788002,0
2000-07-21,9.702,9.882,9.599,9.719,1977201,0
2000-07-24,9.719,9.776,9.599,9.648,1413229,0
2000-07-25,9.684,9.702,9.563,9.648,1218914,0
2000-07-26,9.631,9.631,9.4534,9.4871,1575493,0
2000-07-27,9.4871,9.918,9.4871,9.828,1176198,0
2000-07-28,9.882,10.076,9.828,9.882,3150296,0
2000-07-31,9.958,10.328,9.936,10.24,3594726,0
2000-08-01,10.31,10.4,10.147,10.257,1319864,0
2000-08-02,10.115,10.257,10.096,10.185,1599266,0
2000-08-03,10.147,10.169,9.958,10.007,1562746,0
2000-08-04,10.076,10.56,10.076,10.435,2404750,0
2000-08-07,10.486,10.827,10.293,10.775,1745341,0
2000-08-08,10.738,10.738,10.543,10.701,1599954,0
2000-08-09,10.418,10.524,10.147,10.345,2232834,0
2000-08-10,10.455,10.524,10.115,10.147,1336047,0
2000-08-11,10.22,10.328,10.043,10.115,2098476,0
2000-08-14,10.169,10.185,9.918,10.169,1653695,0
2000-08-15,10.185,10.185,9.958,9.958,1442163,0
2000-08-16,9.845,10.025,9.845,9.882,1397023,0
2000-08-17,9.958,10.115,9.918,9.99,1446982,0
2000-08-18,9.845,9.972,9.741,9.828,1342597,0
2000-08-21,9.776,10.345,9.684,10.22,1504175,0
2000-08-22,10.275,10.738,10.22,10.364,1858689,0
2000-08-23,10.383,10.472,10.257,10.383,1416322,0
2000-08-24,10.418,10.472,10.345,10.345,1597887,0
2000-08-25,10.383,10.718,10.383,10.615,1829063,0
2000-08-28,10.543,10.667,10.472,10.524,1203757,0
2000-08-29,10.504,10.647,10.275,10.578,980846,0
2000-08-30,10.504,10.845,10.504,10.615,974988,0
2000-08-31,10.647,10.974,10.632,10.845,1943786,0
2000-09-01,11.114,11.114,10.827,11.075,1615454,0
2000-09-05,11.003,11.258,10.935,10.987,2732042,0
2000-09-06,11.042,11.574,11.023,11.258,1618555,0
2000-09-07,11.329,11.329,11.095,11.114,1498665,0
2000-09-08,10.974,11.398,10.974,11.379,1677474,0
2000-09-11,11.379,12.112,11.329,12.103,2699662,0
2000-09-12,11.988,12.342,11.79,12.31,2590452,0
2000-09-13,12.31,12.896,12.29,12.725,4641374,0
2000-09-14,12.736,13.024,12.52,12.641,4500471,0
2000-09-15,12.77,12.788,11.953,11.962,2636272,0
2000-09-18,12.167,12.257,11.932,11.997,2343427,0
2000-09-19,12.129,12.538,12.129,12.461,2930141,0
2000-09-20,12.631,12.715,12.487,12.512,3242282,0
2000-09-21,12.452,12.452,11.88,12.139,2031636,0
2000-09-22,12.201,12.788,12.094,12.707,1623037,0
2000-09-25,12.779,12.785,12.443,12.499,1656109,0
2000-09-26,12.631,12.631,11.932,12.036,1294708,0
2000-09-27,11.988,12.415,11.988,12.315,1923460,0
2000-09-28,12.384,12.842,12.384,12.761,1582728,0
2000-09-29,12.686,12.767,12.473,12.68,1202035,0
2000-10-02,12.611,12.985,12.538,12.941,3134442,0
2000-10-03,12.487,12.557,12.274,12.433,3109636,0
2000-10-04,12.433,12.433,11.732,12.003,3541667,0
2000-10-05,11.7,12.554,11.618,12.08,3477933,0
2000-10-06,12.215,12.244,11.593,11.669,1796676,0
2000-10-09,11.646,11.729,11.329,11.63,1329507,0
2000-10-10,11.7,11.817,11.014,11.239,2313106,0
2000-10-11,11.173,11.355,11.061,11.227,2772010,0
2000-10-12,11.344,11.366,10.618,10.853,2282098,0
2000-10-13,10.886,11.089,10.803,11.033,1883838,0
2000-10-16,11.101,11.17,10.932,11.087,1670576,0
2000-10-17,11.201,11.214,10.748,10.833,1569978,0
2000-10-18,10.873,10.948,10.486,10.627,2004763,0
2000-10-19,10.627,11.127,10.56,10.982,1176198,0
2000-10-20,10.982,11.562,10.982,11.454,1245445,0
2000-10-23,11.416,11.416,11.014,11.101,758631,0
2000-10-24,11.146,11.53,11.146,11.53,996007,0
2000-10-25,11.416,11.7,11.201,11.332,2609742,0
2000-10-26,11.274,11.274,10.902,11.098,1752228,0
2000-10-27,10.902,11.465,10.886,11.465,1708821,0
2000-10-30,11.416,12.013,11.284,11.883,2529813,0
2000-10-31,11.883,12.227,11.574,12.227,1850072,0
2000-11-01,12.158,12.158,11.549,11.823,2258683,0
2000-11-02,11.773,12.032,11.602,11.68,1860412,0
2000-11-03,11.659,11.84,11.456,11.527,2779247,0
2000-11-06,11.547,11.547,11.158,11.412,1870745,0
2000-11-07,11.358,11.465,11.214,11.319,1198236,0
2000-11-08,11.372,11.386,10.977,11.13,1395309,0
2000-11-09,11.185,11.379,11.12,11.188,2108469,0
2000-11-10,11.185,11.185,10.902,10.99,1727766,0
2000-11-13,10.839,11.017,10.458,10.712,1259224,0
2000-11-14,10.685,10.73,10.461,10.598,3266395,0
2000-11-15,10.685,10.886,10.546,10.873,1197209,0
2000-11-16,10.845,11.158,10.845,10.957,903337,0
2000-11-17,10.948,10.987,10.744,10.917,1219945,0
2000-11-20,10.948,10.974,10.604,10.772,1145533,0
2000-11-21,10.647,10.704,10.234,10.701,2067806,0
2000-11-22,10.73,10.83,10.162,10.378,2856760,0
2000-11-24,10.446,10.79,10.446,10.477,727622,0
2000-11-27,10.546,10.902,10.546,10.795,1982715,0
2000-11-28,10.858,10.964,10.55,10.55,1764976,0
2000-11-29,10.553,10.629,10.364,10.528,2010620,0
2000-11-30,10.528,10.751,10.06,10.335,1353964,0
2000-12-01,10.465,10.604,10.418,10.438,1210297,0
2000-12-04,10.475,10.518,10.22,10.275,1456284,0
2000-12-05,10.345,10.87,10.331,10.701,2038528,0
2000-12-06,10.775,11.125,10.504,10.543,1704692,0
2000-12-07,10.575,10.907,10.475,10.701,1426316,0
2000-12-08,10.701,11.18,10.632,11.13,2636272,0
2000-12-11,11.101,11.372,11.059,11.344,1295735,0
2000-12-12,11.13,11.13,10.578,10.715,2045766,0
2000-12-13,10.715,10.873,10.275,10.307,1808736,0
2000-12-14,10.345,10.36,9.858,10.034,2548415,0
2000-12-15,9.845,10.141,9.845,9.845,2474685,0
2000-12-18,9.802,10.461,9.689,10.432,4347841,0
2000-12-19,10.432,10.945,10.432,10.581,1943096,0
2000-12-20,10.73,10.858,10.461,10.56,1951019,0
2000-12-21,10.546,10.987,10.432,10.845,4432250,0
2000-12-22,10.701,10.914,10.701,10.845,1271970,0
2000-12-26,10.845,10.902,10.546,10.853,1127617,0
2000-12-27,10.923,10.923,10.665,10.855,1250272,0
2000-12-28,10.907,10.907,10.718,10.864,2430937,0
2000-12-29,10.932,11.155,10.87,10.893,1477648,0
2001-01-02,10.864,10.979,10.578,10.718,2409922,0
2001-01-03,10.793,11.536,10.691,11.433,4188332,0
2001-01-04,11.577,11.817,11.164,11.233,2194937,0
2001-01-05,11.304,11.376,11.008,11.12,1667476,0
2001-01-08,11.177,11.177,10.951,11.107,807212,0
2001-01-09,11.107,11.14,10.87,10.873,864744,0
2001-01-10,10.799,11.12,10.799,11.056,1496593,0
2001-01-11,11.125,11.43,11.02,11.104,1332609,0
2001-01-12,11.164,11.335,11.003,11.078,1836641,0
2001-01-16,11.064,11.412,11.005,11.291,1108321,0
2001-01-17,11.294,11.536,11.294,11.398,2111223,0
2001-01-18,11.328,11.687,11.049,11.527,2492263,0
2001-01-19,11.577,11.608,11.392,11.445,1701589,0
2001-01-22,11.436,11.666,11.379,11.623,1881077,0
2001-01-23,11.652,11.906,11.649,11.787,942599,0
2001-01-24,11.935,12.12,11.78,12.006,1708478,0
2001-01-25,11.974,12.209,11.577,12.155,2227668,0
2001-01-26,12.225,12.836,12.225,12.427,3309119,0
2001-01-29,12.427,13.58,12.377,13.451,5768987,0
2001-01-30,13.377,13.723,13.22,13.583,4186614,0
2001-01-31,13.524,13.527,13.186,13.368,2485024,0
2001-02-01,13.183,13.69,13.152,13.674,2680370,0
2001-02-02,13.603,13.808,13.41,13.564,4125972,0
2001-02-05,13.564,13.564,13.216,13.351,2582523,0
2001-02-06,13.322,13.322,12.749,12.774,3659835,0
2001-02-07,12.774,12.851,12.638,12.652,2578738,0
2001-02-08,12.652,12.817,12.535,12.562,2163932,0
2001-02-09,12.562,12.562,12.236,12.363,2773731,0
2001-02-12,12.579,12.677,12.371,12.677,3134103,0
2001-02-13,12.293,12.595,12.293,12.565,3467595,0
2001-02-14,12.638,12.693,12.449,12.473,1133817,0
2001-02-15,12.408,12.492,12.337,12.377,2301743,0
2001-02-16,12.377,12.464,12.32,12.421,1791159,0
2001-02-20,12.377,12.424,11.793,11.837,3133413,0
2001-02-21,11.891,11.988,11.793,11.837,1989263,0
2001-02-22,11.864,11.864,11.505,11.825,3191642,0
2001-02-23,11.808,11.864,11.451,11.851,2319650,0
2001-02-26,12.076,12.225,11.72,12.218,1789782,0
2001-02-27,12.288,12.354,11.935,12.201,1422182,0
2001-02-28,12.236,12.236,11.864,11.932,1161720,0
2001-03-01,11.932,11.932,11.666,11.77,2515002,0
2001-03-02,11.823,12.29,11.78,12.251,2670374,0
2001-03-05,12.195,12.348,11.967,12.11,1541728,0
2001-03-06,12.236,12.396,12.076,12.144,1287817,0
2001-03-07,12.218,12.266,12.039,12.251,920219,0
2001-03-08,12.348,12.565,12.263,12.415,2254541,0
2001-03-09,12.436,12.489,12.071,12.225,1980990,0
2001-03-12,12.15,12.153,11.677,11.768,2567370,0
2001-03-13,11.72,11.74,11.556,11.605,2380983,0
2001-03-14,11.349,11.465,11.092,11.261,2154294,0
2001-03-15,11.236,11.559,11.236,11.536,2149807,0
2001-03-16,11.267,11.52,11.173,11.173,3771464,0
2001-03-19,11.173,11.574,11.011,11.514,2581487,0
2001-03-20,11.577,11.677,11.056,11.078,2092269,0
2001-03-21,11.049,11.177,10.864,10.867,2611462,0
2001-03-22,10.821,10.821,9.776,10.316,3574052,0
2001-03-23,10.563,11.104,10.449,11.053,3521687,0
2001-03-26,11.053,11.335,11.039,11.114,2031289,0
2001-03-27,11.133,11.361,10.97,11.335,2331019,0
2001-03-28,11.281,11.335,10.951,11.117,1627165,0
2001-03-29,11.155,11.278,10.993,11.107,2037495,0
2001-03-30,11.104,11.269,11.008,11.201,1641290,0
2001-04-02,11.127,11.574,11.067,11.338,2006831,0
2001-04-03,11.267,11.313,10.638,10.73,1770145,0
2001-04-04,10.566,10.824,10.325,10.56,1824582,0
2001-04-05,10.624,11.325,10.609,11.325,3304988,0
2001-04-06,11.284,11.297,10.864,10.893,2387869,0
2001-04-09,10.926,11.284,10.896,11.067,1855928,0
2001-04-10,11.067,11.768,11.067,11.768,9195592,0
2001-04-11,12.029,12.299,11.965,12.274,4711316,0
2001-04-12,12.203,12.304,12.123,12.247,2452304,0
2001-04-16,12.247,12.368,11.945,12.029,2245933,0
2001-04-17,12.013,12.244,11.886,12.244,2280042,0
2001-04-18,12.239,12.888,12.103,12.888,3395249,0
2001-04-19,12.888,12.888,12.485,12.672,2210789,0
2001-04-20,12.616,12.616,12.399,12.616,1548964,0
2001-04-23,12.384,12.446,12.293,12.415,1541728,0
2001-04-24,12.415,12.658,12.415,12.512,2440927,0
2001-04-25,12.527,12.672,12.274,12.672,1328472,0
2001-04-26,12.601,12.999,12.464,12.915,3167863,0
2001-04-27,13.059,13.117,12.863,12.915,2114331,0
2001-04-30,12.915,12.941,12.396,12.499,2202521,0
2001-05-01,12.57,12.728,12.269,12.728,2261085,0
2001-05-02,12.658,12.707,12.43,12.547,2578738,0
2001-05-03,12.557,12.57,12.17,12.307,2288304,0
2001-05-04,12.307,12.384,12.142,12.384,1935863,0
2001-05-07,12.384,12.485,12.201,12.307,1286789,0
2001-05-08,12.272,12.368,12.083,12.15,5876829,0
2001-05-09,12.097,12.17,12.029,12.1,993251,0
2001-05-10,12.155,12.26,12.036,12.12,1679880,0
2001-05-11,12.12,12.126,11.872,11.912,1548964,0
2001-05-14,11.971,12,11.74,11.971,1908304,0
2001-05-15,12.042,12.126,11.886,12.003,1397372,0
2001-05-16,12,12.515,11.828,12.458,2091584,0
2001-05-17,12.473,12.71,12.371,12.622,3172692,0
2001-05-18,12.631,12.634,12.449,12.562,2372027,0
2001-05-21,12.541,12.728,12.512,12.677,1689179,0
2001-05-22,12.646,12.929,12.631,12.86,3356315,0
2001-05-23,12.888,13.044,12.788,12.888,2806457,0
2001-05-24,12.86,12.945,12.793,12.878,1184466,0
2001-05-25,12.829,12.915,12.749,12.842,1248894,0
2001-05-29,12.77,12.829,12.742,12.799,5341449,0
2001-05-30,12.728,12.95,12.631,12.646,1475927,0
2001-05-31,12.631,12.799,12.631,12.742,2335500,0
2001-06-01,12.631,12.672,12.467,12.646,1464552,0
2001-06-04,12.658,12.779,12.57,12.77,858200,0
2001-06-05,12.845,13.024,12.815,12.999,1791500,0
2001-06-06,12.985,12.985,12.713,12.774,1868682,0
2001-06-07,12.713,12.782,12.52,12.704,1443540,0
2001-06-08,12.704,12.704,12.461,12.576,1120039,0
2001-06-11,12.586,12.616,12.368,12.446,1092474,0
2001-06-12,12.368,12.485,12.26,12.439,1780482,0
2001-06-13,12.363,12.686,12.332,12.439,1804941,0
2001-06-14,12.384,12.384,12.263,12.384,1823541,0
2001-06-15,12.313,12.557,12.167,12.458,3645022,0
2001-06-18,12.415,12.583,12.339,12.562,1901756,0
2001-06-19,12.638,12.896,12.638,12.788,3232980,0
2001-06-20,12.848,13.342,12.848,13.216,4901147,0
2001-06-21,13.288,13.573,13.201,13.573,2857442,0
2001-06-22,13.573,13.573,13.147,13.254,1318482,0
2001-06-25,13.316,13.387,13.059,13.117,2168065,0
2001-06-26,12.893,12.985,12.77,12.971,3184062,0
2001-06-27,12.966,13.216,12.938,13.088,2124308,0
2001-06-28,13.059,13.288,13.011,13.032,2609050,0
2001-06-29,12.971,13.109,12.836,13.109,2284856,0
2001-07-02,13.075,13.106,12.941,13.097,1691944,0
2001-07-03,13.097,13.106,12.911,12.974,1790472,0
2001-07-05,12.991,13.069,12.95,12.994,1797363,0
2001-07-06,12.991,12.994,12.761,12.788,1701589,0
2001-07-09,12.719,12.848,12.661,12.823,962585,0
2001-07-10,12.764,12.845,12.628,12.668,1616145,0
2001-07-11,12.619,12.672,12.446,12.538,2224911,0
2001-07-12,12.489,12.935,12.489,12.864,1916226,0
2001-07-13,12.867,13.005,12.761,12.947,1203410,0
2001-07-16,13.014,13.032,12.833,12.848,1323645,0
2001-07-17,12.875,13.134,12.788,13.117,2005109,0
2001-07-18,13.106,13.141,12.991,13.134,1465933,0
2001-07-19,13.177,13.213,13.017,13.114,1987199,0
2001-07-20,13.117,13.152,12.988,13.085,1302288,0
2001-07-23,13.062,13.186,12.991,13.047,1002552,0
2001-07-24,12.963,12.963,12.695,12.752,2160143,0
2001-07-25,12.774,12.89,12.719,12.875,1693663,0
2001-07-26,12.689,12.963,12.436,12.945,3087594,0
2001-07-27,12.649,12.817,12.619,12.701,2570462,0
2001-07-30,12.447,12.731,11.988,12.384,6435988,0
2001-07-31,12.348,12.604,12.342,12.368,2805090,0
2001-08-01,12.315,12.589,12.257,12.439,2063680,0
2001-08-02,12.476,12.638,12.461,12.579,1171711,0
2001-08-03,12.604,12.604,12.424,12.557,945368,0
2001-08-06,12.505,12.573,12.328,12.371,1586515,0
2001-08-07,12.387,12.541,12.332,12.363,959491,0
2001-08-08,12.328,12.43,12.263,12.285,1373950,0
2001-08-09,12.272,12.325,12.1,12.227,1196179,0
2001-08-10,12.188,12.3,12.044,12.266,943981,0
2001-08-13,12.266,12.342,12.173,12.328,1221666,0
2001-08-14,12.371,12.489,12.263,12.315,1556886,0
2001-08-15,12.328,12.43,12.318,12.361,1516234,0
2001-08-16,12.328,12.358,12.144,12.272,1255780,0
2001-08-17,12.233,12.233,11.959,12.022,1960666,0
2001-08-20,12.022,12.115,12.016,12.073,1705034,0
2001-08-21,12.086,12.29,11.79,11.874,3513075,0
2001-08-22,11.929,12.115,11.872,12.071,1351899,0
2001-08-23,11.959,12.155,11.959,12.029,1789438,0
2001-08-24,12.115,12.512,12.076,12.399,2407857,0
2001-08-27,12.418,12.447,12.201,12.225,922974,0
2001-08-28,12.218,12.278,11.843,11.867,3313595,0
2001-08-29,11.886,12.003,11.834,11.874,1951712,0
2001-08-30,11.814,11.903,11.615,11.7,1208920,0
2001-08-31,11.7,12.034,11.666,11.768,1627856,0
2001-09-04,11.759,12.068,11.615,11.78,1544489,0
2001-09-05,11.729,11.825,11.615,11.677,1957913,0
2001-09-06,11.627,11.643,11.316,11.352,3322556,0
2001-09-07,11.3,11.379,10.987,11.008,2587690,0
2001-09-10,10.984,11.376,10.91,11.294,3803848,0
2001-09-17,11.155,11.155,10.31,10.381,2967351,0
2001-09-18,10.381,10.51,10.162,10.209,1928280,0
2001-09-19,10.266,10.391,10.037,10.18,3794201,0
2001-09-20,9.902,10.023,9.617,9.62,5218105,0
2001-09-21,9.2495,9.636,9.0758,9.1492,5448600,0
2001-09-24,9.339,10.18,9.339,9.76,2911537,0
2001-09-25,9.689,9.891,9.53,9.771,2287266,0
2001-09-26,9.879,9.936,9.708,9.825,1363263,0
2001-09-27,9.2623,9.551,9.1348,9.4623,4066376,0
2001-09-28,9.636,9.981,9.58,9.942,2462283,0
2001-10-01,9.879,9.879,9.651,9.684,2020271,0
2001-10-02,9.719,9.735,9.4326,9.623,4514589,0
2001-10-03,9.4623,9.992,9.3499,9.902,3077941,0
2001-10-04,9.896,10.127,9.851,9.902,1820441,0
2001-10-05,9.896,9.933,9.714,9.828,2407507,0
2001-10-08,9.726,9.766,9.526,9.594,1058367,0
2001-10-09,9.523,9.808,9.506,9.763,1119691,0
2001-10-10,9.676,10.01,9.662,9.945,1422527,0
2001-10-11,9.921,10.381,9.921,10.215,3628485,0
2001-10-12,10.141,10.18,9.566,9.681,5147475,0
2001-10-15,9.689,9.837,9.566,9.662,1982715,0
2001-10-16,9.662,9.856,9.594,9.738,1564471,0
2001-10-17,9.894,10.01,9.4623,9.566,1908640,0
2001-10-18,9.52,9.681,9.3816,9.4474,1080765,0
2001-10-19,9.3786,9.4356,9.1916,9.3816,1762918,0
2001-10-22,9.309,9.676,9.309,9.64,1115555,0
2001-10-23,9.623,9.766,9.1059,9.2263,4520449,0
2001-10-24,9.3003,9.4073,9.1752,9.3293,1618212,0
2001-10-25,9.1059,9.4682,9.0038,9.342,2803014,0
2001-10-26,9.342,9.566,9.3208,9.506,2036457,0
2001-10-29,9.4623,9.4623,9.2178,9.2652,1707098,0
2001-10-30,9.232,9.235,8.9342,9.0729,1415984,0
2001-10-31,9.1465,9.2563,9.0909,9.2032,3288791,0
2001-11-01,9.1492,9.3052,8.8471,9.2768,2042656,0
2001-11-02,9.2032,9.4454,9.1628,9.4206,1327785,0
2001-11-05,9.4623,9.75,9.4206,9.747,2103642,0
2001-11-06,9.719,9.921,9.608,9.914,1381869,0
2001-11-07,9.914,10.124,9.914,10.069,2550827,0
2001-11-08,10.18,10.435,10.108,10.127,3071397,0
2001-11-09,10.108,10.15,9.945,10.094,1292299,0
2001-11-12,10.108,10.209,9.773,9.921,2668308,0
2001-11-13,10.079,10.612,10.079,10.583,5215006,0
2001-11-14,10.553,10.79,10.495,10.653,2191490,0
2001-11-15,10.638,10.751,10.578,10.667,1211335,0
2001-11-16,10.653,10.701,10.501,10.569,1307458,0
2001-11-19,10.569,10.855,10.569,10.718,1571703,0
2001-11-20,10.68,10.754,10.595,10.675,782058,0
2001-11-21,10.624,10.675,10.465,10.595,1105909,0
2001-11-23,10.569,10.779,10.569,10.769,303529,0
2001-11-26,10.612,10.741,10.54,10.712,1742242,0
2001-11-27,10.754,10.781,10.51,10.578,3222985,0
2001-11-28,10.553,10.569,10.295,10.307,1855928,0
2001-11-29,10.295,10.48,10.209,10.394,2722744,0
2001-11-30,10.408,10.426,10.237,10.251,1498665,0
2001-12-03,10.237,10.237,9.969,10.094,2605606,0
2001-12-04,10.108,10.169,10.007,10.108,1886249,0
2001-12-05,10.18,10.438,10.174,10.403,2362378,0
2001-12-06,10.34,10.629,10.34,10.583,2605952,0
2001-12-07,10.598,10.653,10.397,10.587,1494532,0
2001-12-10,10.553,10.754,10.438,10.44,1265080,0
2001-12-11,10.438,10.48,10.266,10.408,2098476,0
2001-12-12,10.381,10.381,10.132,10.254,1111423,0
2001-12-13,10.254,10.254,10.096,10.108,751746,0
2001-12-14,10.037,10.05,9.851,9.995,2741345,0
2001-12-17,9.981,10.121,9.894,9.967,2035775,0
2001-12-18,10.01,10.072,9.911,10.023,3240209,0
2001-12-19,10.023,10.174,9.942,10.144,3233322,0
2001-12-20,10.193,10.193,10.053,10.112,1730184,0
2001-12-21,10.094,10.124,10.023,10.05,4265507,0
2001-12-24,10.05,10.112,10.05,10.074,446493,0
2001-12-26,10.074,10.266,10.053,10.094,1344665,0
2001-12-27,10.112,10.23,9.978,10.121,1365335,0
2001-12-28,10.121,10.287,10.115,10.2,1480750,0
2001-12-31,10.115,10.29,10.085,10.135,1348108,0
