Date,Open,High,Low,Close,Volume,OpenInt
1995-01-03,3.5581,3.5828,3.5334,3.5828,416304,0
1995-01-04,3.5828,3.6077,3.5828,3.6077,116114,0
1995-01-05,3.6077,3.6077,3.5828,3.5828,119009,0
1995-01-06,3.5828,3.7568,3.5828,3.7568,300995,0
1995-01-09,3.7818,3.8311,3.7818,3.8065,446092,0
1995-01-10,3.8311,3.9057,3.8311,3.856,322090,0
1995-01-11,3.856,3.8809,3.6575,3.7069,225780,0
1995-01-12,3.6822,3.7319,3.6822,3.7319,137853,0
1995-01-13,3.7319,3.7818,3.6822,3.7568,146710,0
1995-01-16,3.7319,3.7568,3.7069,3.7568,64579,0
1995-01-17,3.7568,3.8311,3.7319,3.8311,41228,0
1995-01-18,3.8065,3.8809,3.8065,3.8311,218378,0
1995-01-19,3.7818,3.8065,3.7568,3.7818,132703,0
1995-01-20,3.7818,3.8311,3.7568,3.7818,54115,0
1995-01-23,3.7568,3.7568,3.7069,3.7319,261052,0
1995-01-24,3.7568,3.7818,3.7319,3.7568,209198,0
1995-01-25,3.7568,3.7568,3.6822,3.7319,38167,0
1995-01-26,3.7319,3.7818,3.7069,3.7818,140753,0
1995-01-27,3.8065,3.9057,3.8065,3.9057,324827,0
1995-01-30,3.8809,3.9306,3.856,3.8809,328534,0
1995-01-31,3.9804,4.2038,3.9804,4.1542,1854914,0
1995-02-01,4.1791,4.2287,4.1045,4.1045,2443695,0
1995-02-02,4.1542,4.2038,4.1293,4.2038,155567,0
1995-02-03,4.1791,4.2785,4.1791,4.2534,658839,0
1995-02-06,4.2534,4.2534,4.2038,4.2038,394721,0
1995-02-07,4.2038,4.2038,4.1293,4.1542,500043,0
1995-02-08,4.1542,4.1542,4.1293,4.1542,188262,0
1995-02-09,4.1542,4.1542,4.1293,4.1542,278606,0
1995-02-10,4.1293,4.1542,4.0796,4.1045,283113,0
1995-02-13,4.1045,4.1045,4.0547,4.0796,70695,0
1995-02-14,4.0547,4.1045,4.03,4.1045,144304,0
1995-02-15,4.0796,4.1045,4.0796,4.1045,224171,0
1995-02-16,4.0796,4.0796,4.005,4.0547,151222,0
1995-02-17,4.005,4.03,3.9306,3.9554,111602,0
1995-02-21,3.9804,4.005,3.9306,4.005,571870,0
1995-02-22,4.005,4.005,3.9804,4.005,194866,0
1995-02-23,4.005,4.03,3.9804,4.005,196634,0
1995-02-24,3.9804,4.005,3.9804,4.005,106126,0
1995-02-27,3.9804,4.03,3.9554,3.9804,449640,0
1995-02-28,3.9804,4.0796,3.9554,4.0796,218378,0
1995-03-01,4.0796,4.1293,4.0547,4.0796,699094,0
1995-03-02,4.0796,4.0796,4.03,4.0547,252682,0
1995-03-03,4.0547,4.1045,4.0547,4.0796,547231,0
1995-03-06,4.0547,4.0547,4.03,4.0547,106772,0
1995-03-07,4.0547,4.0547,3.9804,4.005,512925,0
1995-03-08,4.005,4.0547,3.9804,4.0547,155895,0
1995-03-09,4.03,4.1045,4.03,4.0796,552218,0
1995-03-10,4.0796,4.1791,4.0796,4.1542,68767,0
1995-03-13,4.1791,4.2038,4.1542,4.1542,130125,0
1995-03-14,4.1791,4.2038,4.1542,4.2038,137205,0
1995-03-15,4.2038,4.2038,4.1791,4.2038,161692,0
1995-03-16,4.1791,4.2785,4.1791,4.2785,493440,0
1995-03-17,4.2785,4.3033,4.2287,4.2287,395206,0
1995-03-20,4.2038,4.3033,4.2038,4.2287,171673,0
1995-03-21,4.2534,4.2534,4.1791,4.1791,95497,0
1995-03-22,4.1293,4.2038,4.1293,4.1791,353816,0
1995-03-23,4.1791,4.2287,4.1293,4.1293,207910,0
1995-03-24,4.1293,4.2287,4.1293,4.2287,96947,0
1995-03-27,4.3033,4.3033,4.2534,4.2785,221757,0
1995-03-28,4.2785,4.2785,4.2287,4.2785,78430,0
1995-03-29,4.2785,4.3033,4.2534,4.2785,86480,0
1995-03-30,4.3033,4.328,4.2534,4.2785,187939,0
1995-03-31,4.2287,4.2287,4.1542,4.1542,246236,0
1995-04-03,4.1791,4.2038,4.1542,4.1791,201628,0
1995-04-04,4.2038,4.2785,4.1791,4.2785,304532,0
1995-04-05,4.2785,4.328,4.2785,4.3033,231098,0
1995-04-06,4.2785,4.3528,4.2785,4.3528,95342,0
1995-04-07,4.328,4.3779,4.328,4.3528,189068,0
1995-04-10,4.3779,4.4025,4.328,4.4025,351237,0
1995-04-11,4.3779,4.3779,4.3033,4.328,493440,0
1995-04-12,4.3528,4.3779,4.328,4.3779,126099,0
1995-04-13,4.4025,4.5018,4.4025,4.4771,152345,0
1995-04-17,4.4522,4.5018,4.4148,4.4771,272491,0
1995-04-18,4.5018,4.5765,4.5018,4.5268,456564,0
1995-04-19,4.5515,4.5765,4.4274,4.4771,100490,0
1995-04-20,4.4771,4.5018,4.4274,4.4771,53468,0
1995-04-21,4.4274,4.5018,4.4025,4.4771,88573,0
1995-04-24,4.5018,4.5018,4.4274,4.4771,164264,0
1995-04-25,4.4274,4.5018,4.4274,4.4771,75527,0
1995-04-26,4.5018,4.6261,4.5018,4.5515,107418,0
1995-04-27,4.5765,4.6012,4.4522,4.5018,200985,0
1995-04-28,4.5018,4.5018,4.3779,4.4522,141077,0
1995-05-01,4.4274,4.4522,4.4025,4.4522,51534,0
1995-05-02,4.4522,4.4522,4.3779,4.4522,130125,0
1995-05-03,4.4771,4.5018,4.4274,4.4771,81488,0
1995-05-04,4.4771,4.4771,4.4025,4.4274,203237,0
1995-05-05,4.4522,4.4522,4.3779,4.4522,91314,0
1995-05-08,4.4522,4.4771,4.4274,4.4522,74723,0
1995-05-09,4.4522,4.4522,4.2785,4.3033,229651,0
1995-05-10,4.3779,4.3779,4.328,4.328,157501,0
1995-05-11,4.3528,4.3779,4.3033,4.328,130448,0
1995-05-12,4.3033,4.3779,4.3033,4.3528,58621,0
1995-05-15,4.3528,4.3528,4.2534,4.2785,78430,0
1995-05-16,4.2785,4.2785,4.0547,4.1542,263148,0
1995-05-17,4.1791,4.1791,4.1045,4.1045,110477,0
1995-05-18,4.1542,4.2038,4.1293,4.1791,251390,0
1995-05-19,4.1542,4.1791,4.0547,4.0796,96789,0
1995-05-22,4.0796,4.1045,4.0547,4.0547,96789,0
1995-05-23,4.0547,4.0547,4.03,4.0547,97272,0
1995-05-24,4.0547,4.1293,4.0547,4.0796,199373,0
1995-05-25,4.0796,4.1045,4.03,4.03,164589,0
1995-05-26,4.0547,4.1045,4.005,4.0796,222083,0
1995-05-30,4.0547,4.1293,4.0547,4.1293,215160,0
1995-05-31,4.1293,4.2534,4.1045,4.2534,370240,0
1995-06-01,4.2287,4.2785,4.1791,4.2287,288430,0
1995-06-02,4.2287,4.2785,4.2287,4.2785,157823,0
1995-06-05,4.2287,4.2785,4.2287,4.2785,192126,0
1995-06-06,4.2287,4.3033,4.2287,4.2534,84387,0
1995-06-07,4.2534,4.2534,4.1791,4.2287,134631,0
1995-06-08,4.2038,4.2785,4.2038,4.2534,122071,0
1995-06-09,4.2534,4.2534,4.2287,4.2534,96304,0
1995-06-12,4.2534,4.2534,4.1542,4.1791,91793,0
1995-06-13,4.1542,4.1791,4.1045,4.1542,58943,0
1995-06-14,4.1293,4.2038,4.1045,4.1791,71023,0
1995-06-15,4.2287,4.2785,4.1791,4.1791,52659,0
1995-06-16,4.1791,4.4025,4.1542,4.4025,129155,0
1995-06-19,4.3779,4.4522,4.328,4.3528,175699,0
1995-06-20,4.3528,4.4522,4.3528,4.4522,75368,0
1995-06-21,4.4274,4.4274,4.3033,4.3033,154604,0
1995-06-22,4.328,4.3779,4.3033,4.3779,123037,0
1995-06-23,4.4274,4.4274,4.2785,4.2785,140589,0
1995-06-26,4.3033,4.4025,4.3033,4.3779,67641,0
1995-06-27,4.4025,4.4274,4.328,4.3528,56205,0
1995-06-28,4.3779,4.3779,4.328,4.3528,34464,0
1995-06-29,4.3033,4.4025,4.3033,4.4025,167160,0
1995-06-30,4.4025,4.4025,4.328,4.3528,263148,0
1995-07-03,4.3528,4.3779,4.3528,4.3779,157341,0
1995-07-05,4.3528,4.4522,4.3528,4.3528,173447,0
1995-07-06,4.3528,4.4771,4.3528,4.4771,120302,0
1995-07-07,4.4771,4.5018,4.3779,4.4025,180369,0
1995-07-10,4.3528,4.4274,4.3528,4.3528,95665,0
1995-07-11,4.3779,4.3779,4.3528,4.3779,58298,0
1995-07-12,4.3779,4.4771,4.3779,4.4771,1892918,0
1995-07-13,4.4522,4.4771,4.4522,4.4522,52181,0
1995-07-14,4.4274,4.4771,4.3779,4.4771,142849,0
1995-07-17,4.4771,4.5018,4.4771,4.5018,3154061,0
1995-07-18,4.5515,4.5515,4.4522,4.4522,216764,0
1995-07-19,4.4274,4.4274,4.3033,4.328,257998,0
1995-07-20,4.328,4.3528,4.2038,4.2287,60552,0
1995-07-21,4.2534,4.3033,4.1791,4.2038,141235,0
1995-07-24,4.2287,4.2785,4.2038,4.2534,71664,0
1995-07-25,4.2534,4.2534,4.2287,4.2287,37523,0
1995-07-26,4.2534,4.2534,4.1045,4.1045,328047,0
1995-07-27,4.1791,4.328,4.1791,4.2287,365570,0
1995-07-28,4.2287,4.2287,4.1293,4.1542,109348,0
1995-07-31,4.1791,4.2287,4.1045,4.2038,84548,0
1995-08-01,4.2534,4.3779,4.2534,4.3528,421454,0
1995-08-02,4.328,4.4522,4.328,4.4274,198732,0
1995-08-03,4.3779,4.4025,4.3779,4.3779,101138,0
1995-08-04,4.4025,4.4522,4.3528,4.4274,85514,0
1995-08-07,4.4274,4.4522,4.3779,4.4522,186971,0
1995-08-08,4.4522,4.4522,4.4274,4.4274,141077,0
1995-08-09,4.4522,4.4522,4.4274,4.4522,43640,0
1995-08-10,4.4522,4.4895,4.4522,4.4522,112407,0
1995-08-11,4.5018,4.5268,4.4771,4.5268,229487,0
1995-08-14,4.5268,4.5826,4.5268,4.5826,167006,0
1995-08-15,4.5515,4.5826,4.5018,4.5018,445452,0
1995-08-16,4.5018,4.5268,4.4771,4.5018,147515,0
1995-08-17,4.5018,4.5515,4.5018,4.5515,225626,0
1995-08-18,4.5268,4.5515,4.5018,4.5515,234166,0
1995-08-21,4.5268,4.5515,4.5268,4.5515,118851,0
1995-08-22,4.5268,4.5515,4.5268,4.5515,80199,0
1995-08-23,4.5515,4.5515,4.4771,4.5018,126261,0
1995-08-24,4.5018,4.5268,4.5018,4.5018,38809,0
1995-08-25,4.5268,4.5268,4.5018,4.5268,85195,0
1995-08-28,4.5268,4.5826,4.5268,4.5826,189068,0
1995-08-29,4.5515,4.5826,4.5515,4.5826,147038,0
1995-08-30,4.5826,4.6075,4.5515,4.6075,119814,0
1995-08-31,4.5826,4.6075,4.5826,4.6075,114819,0
1995-09-01,4.5826,4.6075,4.5515,4.5826,107737,0
1995-09-05,4.6075,4.6324,4.5515,4.5826,169096,0
1995-09-06,4.6075,4.6324,4.5826,4.6324,123521,0
1995-09-07,4.6324,4.6324,4.5515,4.5826,94370,0
1995-09-08,4.5826,4.6075,4.5515,4.5515,91147,0
1995-09-11,4.5268,4.6075,4.5268,4.6075,58784,0
1995-09-12,4.6075,4.6324,4.5826,4.6324,117562,0
1995-09-13,4.6075,4.6324,4.6075,4.6324,154922,0
1995-09-14,4.6075,4.7565,4.6075,4.7315,114669,0
1995-09-15,4.7565,4.9552,4.7565,4.9304,243180,0
1995-09-18,4.9304,4.9799,4.9304,4.9799,162975,0
1995-09-19,4.9799,4.9799,4.8806,4.9055,159918,0
1995-09-20,4.9055,4.9055,4.8806,4.9055,98078,0
1995-09-21,4.9304,4.9552,4.8806,4.9304,262985,0
1995-09-22,4.8806,4.9304,4.8806,4.9304,65058,0
1995-09-25,4.9304,5.0297,4.9304,5.005,57817,0
1995-09-26,5.0297,5.0795,4.9799,5.005,138177,0
1995-09-27,5.005,5.0297,4.9552,4.9552,84064,0
1995-09-28,4.9799,4.9799,4.9055,4.9304,78755,0
1995-09-29,4.9304,4.9304,4.8558,4.9055,164264,0
1995-10-02,4.9304,5.005,4.9055,4.9799,236899,0
1995-10-03,5.005,5.0545,4.9552,4.9799,272170,0
1995-10-04,4.9799,5.0297,4.9799,5.0297,168619,0
1995-10-05,5.0297,5.0297,4.9799,5.0297,158949,0
1995-10-06,4.9799,4.9799,4.9552,4.9799,120462,0
1995-10-09,4.9799,4.9799,4.831,4.9055,94692,0
1995-10-10,4.9304,4.9304,4.8061,4.831,68284,0
1995-10-11,4.8558,4.9799,4.8558,4.9799,110477,0
1995-10-12,4.9304,4.9552,4.8806,4.9552,71664,0
1995-10-13,5.0795,5.1042,5.005,5.1042,202917,0
1995-10-16,5.1042,5.5513,5.1042,5.5513,504556,0
1995-10-17,5.5513,5.6756,5.4272,5.4518,703605,0
1995-10-18,5.4518,5.5264,5.3028,5.3278,283280,0
1995-10-19,5.3526,5.3772,5.3278,5.3772,245432,0
1995-10-20,5.3772,5.3772,5.3278,5.3526,160402,0
1995-10-23,5.3526,5.3526,5.3028,5.3278,236093,0
1995-10-24,5.3278,5.3526,5.3028,5.3028,109994,0
1995-10-25,5.3278,5.3278,5.2532,5.2779,339482,0
1995-10-26,5.3028,5.3028,5.2283,5.2532,134476,0
1995-10-27,5.2532,5.3028,5.1538,5.3028,327403,0
1995-10-30,5.3278,5.3772,5.2779,5.3772,208068,0
1995-10-31,5.3772,5.4021,5.3028,5.3028,331591,0
1995-11-01,5.3028,5.4272,5.3028,5.4272,158301,0
1995-11-02,5.4272,5.5264,5.3772,5.5264,99687,0
1995-11-03,5.5264,5.6506,5.5264,5.6506,310335,0
1995-11-06,5.6257,5.6506,5.5763,5.5763,158629,0
1995-11-07,5.6009,5.6257,5.5513,5.5763,137853,0
1995-11-08,5.5763,5.6257,5.5513,5.6257,491023,0
1995-11-09,5.6257,5.6506,5.6009,5.6257,49763,0
1995-11-10,5.5763,5.6756,5.5763,5.6506,107094,0
1995-11-13,5.6506,5.7499,5.6257,5.7499,180211,0
1995-11-14,5.7995,5.9486,5.7995,5.8245,321608,0
1995-11-15,5.8245,5.8494,5.7499,5.8245,534028,0
1995-11-16,5.8245,5.8494,5.7749,5.8245,227880,0
1995-11-17,5.7995,5.8494,5.7749,5.7995,203237,0
1995-11-20,5.7995,5.874,5.7749,5.7995,157019,0
1995-11-21,5.7995,5.7995,5.7251,5.7251,151541,0
1995-11-22,5.7499,5.7499,5.5513,5.6506,167486,0
1995-11-24,5.6506,5.7004,5.6257,5.6756,18038,0
1995-11-27,5.6756,5.7749,5.6756,5.7499,39779,0
1995-11-28,5.7499,5.7995,5.7251,5.7749,129155,0
1995-11-29,5.7499,5.7995,5.7499,5.7749,216764,0
1995-11-30,5.7749,5.7995,5.7749,5.7749,252037,0
1995-12-01,5.7749,5.8245,5.7749,5.7749,107577,0
1995-12-04,5.7995,5.7995,5.7749,5.7995,82775,0
1995-12-05,5.7499,5.8245,5.7499,5.7995,223371,0
1995-12-06,5.7499,5.7995,5.7499,5.7749,93731,0
1995-12-07,5.7251,5.7995,5.7251,5.7995,125128,0
1995-12-08,5.7251,5.7995,5.7004,5.7995,137373,0
1995-12-11,5.7749,5.7749,5.7004,5.7499,66351,0
1995-12-12,5.8245,5.8245,5.7995,5.7995,212260,0
1995-12-13,5.8245,5.874,5.8245,5.874,214032,0
1995-12-14,5.8245,5.8494,5.7995,5.7995,1570025,0
1995-12-15,5.7251,5.874,5.7251,5.874,401969,0
1995-12-18,5.874,5.874,5.7995,5.8245,144450,0
1995-12-19,5.8494,5.8494,5.7499,5.7995,98078,0
1995-12-20,5.7251,5.7251,5.4518,5.4518,343185,0
1995-12-21,5.4768,5.4768,5.2035,5.3028,334168,0
1995-12-22,5.3526,5.3772,5.1292,5.1292,205652,0
1995-12-26,5.2283,5.5513,5.2283,5.5264,149610,0
1995-12-27,5.5763,5.6009,5.4768,5.4768,91957,0
1995-12-28,5.4272,5.4518,5.2035,5.2779,184874,0
1995-12-29,5.2532,5.3772,5.2532,5.3526,270556,0
1996-01-02,5.3526,5.4768,5.3028,5.4768,251555,0
1996-01-03,5.4768,5.5513,5.4768,5.5513,108707,0
1996-01-04,5.5513,5.5513,5.2283,5.3028,467514,0
1996-01-05,5.3278,5.3278,5.0795,5.1292,351883,0
1996-01-08,5.1538,5.3028,5.1538,5.2779,239313,0
1996-01-09,5.3028,5.3028,5.1538,5.2035,199697,0
1996-01-10,5.1787,5.1787,4.9055,4.9055,158789,0
1996-01-11,4.9055,5.005,4.9055,5.005,514699,0
1996-01-12,5.0297,5.0297,4.8682,4.9304,320155,0
1996-01-15,4.9304,5.0795,4.9304,4.9799,326276,0
1996-01-16,4.9799,4.9799,4.9055,4.9304,389729,0
1996-01-17,4.9055,4.9552,4.9055,4.9304,179404,0
1996-01-18,4.9304,4.9304,4.831,4.8558,362993,0
1996-01-19,4.8061,5.1787,4.7812,4.9304,1277085,0
1996-01-22,4.9552,5.0297,4.8806,4.9055,611648,0
1996-01-23,4.8806,4.9055,4.8061,4.8806,438362,0
1996-01-24,4.9055,5.2283,4.8806,5.2035,528063,0
1996-01-25,5.1787,5.1787,5.0795,5.0795,578634,0
1996-01-26,5.0795,5.0795,4.9799,5.005,1542486,0
1996-01-29,5.0297,5.0795,4.9799,5.005,866420,0
1996-01-30,5.0297,5.0795,5.005,5.0795,434015,0
1996-01-31,5.1042,5.1787,5.1042,5.1787,274420,0
1996-02-01,5.1787,5.2532,5.1538,5.1538,336583,0
1996-02-02,5.1538,5.1538,5.1042,5.1292,295360,0
1996-02-05,5.1292,5.1538,5.0795,5.0795,350272,0
1996-02-06,5.1042,5.1538,5.1042,5.1292,184232,0
1996-02-07,5.1538,5.1538,5.0795,5.1292,266692,0
1996-02-08,5.1292,5.1538,5.0795,5.0795,1031170,0
1996-02-09,5.0545,5.1042,5.0297,5.0545,371688,0
1996-02-12,5.0545,5.0795,5.005,5.0297,637740,0
1996-02-13,5.005,5.0545,5.005,5.0297,277157,0
1996-02-14,5.0297,5.0795,5.0297,5.0545,130928,0
1996-02-15,5.0545,5.1042,5.0545,5.1042,256221,0
1996-02-16,5.1042,5.1292,5.0297,5.1292,400520,0
1996-02-20,5.0795,5.1787,5.0795,5.1292,648367,0
1996-02-21,5.1042,5.1292,5.0795,5.1042,416784,0
1996-02-22,5.3772,5.3772,5.2779,5.3028,1764569,0
1996-02-23,5.3028,5.3526,5.2779,5.3278,624369,0
1996-02-26,5.3526,5.3772,5.3028,5.3028,455429,0
1996-02-27,5.3028,5.4272,5.3028,5.3772,606815,0
1996-02-28,5.3772,5.5264,5.3772,5.5014,696678,0
1996-02-29,5.5763,5.7251,5.5513,5.6506,993973,0
1996-03-01,5.6009,5.7004,5.4768,5.4768,350595,0
1996-03-04,5.5264,5.6756,5.5264,5.6756,363963,0
1996-03-05,5.6009,5.7251,5.6009,5.6506,270233,0
1996-03-06,5.9738,5.9738,5.8245,5.8245,892029,0
1996-03-07,5.8494,5.8494,5.7995,5.8245,280217,0
1996-03-08,5.7749,5.7749,5.6756,5.7004,392467,0
1996-03-11,5.6257,5.7499,5.6133,5.7499,292619,0
1996-03-12,5.7004,5.7251,5.6756,5.7251,181823,0
1996-03-13,5.7749,5.8245,5.7499,5.7749,374431,0
1996-03-14,5.7995,5.7995,5.7251,5.7251,296641,0
1996-03-15,5.7251,5.7995,5.7251,5.7749,386508,0
1996-03-18,5.7749,5.8245,5.7499,5.7749,233838,0
1996-03-19,5.8059,5.9549,5.8059,5.9299,234315,0
1996-03-20,5.9797,5.9797,5.9053,5.9549,443356,0
1996-03-21,6.0542,6.1039,6.0294,6.079,757072,0
1996-03-22,6.0045,6.253,6.0045,6.253,439493,0
1996-03-25,6.228,6.3028,6.228,6.3028,229487,0
1996-03-26,6.253,6.3028,6.1784,6.1784,195670,0
1996-03-27,6.1286,6.1784,6.0294,6.1039,3631562,0
1996-03-28,6.1039,6.1784,6.079,6.1286,169419,0
1996-03-29,6.1784,6.1784,6.1286,6.1536,204527,0
1996-04-01,6.1784,6.253,6.1536,6.228,818272,0
1996-04-02,6.2779,6.2779,6.1536,6.2032,121914,0
1996-04-03,6.1784,6.2032,6.1286,6.1286,171995,0
1996-04-04,6.1039,6.1536,6.1039,6.1286,148966,0
1996-04-08,6.079,6.079,5.9299,6.0294,195022,0
1996-04-09,6.0542,6.0542,5.9053,5.9797,126906,0
1996-04-10,5.9797,5.9797,5.8556,5.8804,181823,0
1996-04-11,5.9299,5.9299,5.6319,5.7313,245272,0
1996-04-12,5.781,6.0045,5.781,5.8804,201146,0
1996-04-15,5.9053,5.9797,5.8804,5.9797,236412,0
1996-04-16,5.9797,5.9797,5.9299,5.9299,207268,0
1996-04-17,5.9299,5.9299,5.8556,5.8804,189548,0
1996-04-18,5.8307,5.8804,5.781,5.781,160080,0
1996-04-19,5.8059,5.8059,5.7562,5.781,184401,0
1996-04-22,5.781,5.8556,5.7313,5.8556,427093,0
1996-04-23,5.8556,5.8804,5.8059,5.8307,252518,0
1996-04-24,5.8307,5.8556,5.8307,5.8307,132217,0
1996-04-25,5.8307,5.8307,5.7562,5.781,147679,0
1996-04-26,5.7562,5.781,5.7313,5.7562,134153,0
1996-04-29,5.781,5.781,5.6815,5.7064,108707,0
1996-04-30,5.7064,5.9053,5.7064,5.8804,259283,0
1996-05-01,5.8556,5.8556,5.781,5.8059,186487,0
1996-05-02,5.8307,5.8307,5.6815,5.6815,327083,0
1996-05-03,5.6815,5.7064,5.6815,5.7064,269912,0
1996-05-06,5.7064,5.7064,5.6071,5.6319,431923,0
1996-05-07,5.6319,5.6319,5.5573,5.5573,333040,0
1996-05-08,5.5823,5.5823,5.5078,5.5573,191806,0
1996-05-09,5.5573,5.5823,5.5573,5.5823,363963,0
1996-05-10,5.5823,5.6568,5.5573,5.6568,1031656,0
1996-05-13,5.6568,5.8059,5.6319,5.781,689592,0
1996-05-14,5.781,6.079,5.781,6.0045,616803,0
1996-05-15,6.0045,6.1039,6.0045,6.079,332077,0
1996-05-16,6.0045,6.0542,6.0045,6.0542,120462,0
1996-05-17,6.0294,6.1039,6.0294,6.1039,140434,0
1996-05-20,6.1536,6.253,6.1536,6.228,259928,0
1996-05-21,6.2032,6.253,6.1536,6.1784,304051,0
1996-05-22,6.1784,6.2779,6.1536,6.2779,243180,0
1996-05-23,6.2779,6.2779,6.2032,6.228,184232,0
1996-05-24,6.228,6.253,6.2032,6.228,76494,0
1996-05-28,6.228,6.253,6.1784,6.1784,217892,0
1996-05-29,6.2032,6.3271,6.1784,6.3028,418876,0
1996-05-30,6.3028,6.3767,6.3028,6.3767,562209,0
1996-05-31,6.3767,6.3767,6.3271,6.3271,204849,0
1996-06-03,6.3271,6.3271,6.2779,6.3028,204043,0
1996-06-04,6.3767,6.8555,6.3767,6.8555,1429436,0
1996-06-05,6.8309,6.8309,6.7546,6.8309,938731,0
1996-06-06,6.8309,6.8309,6.7316,6.8051,579118,0
1996-06-07,6.7316,6.7806,6.7063,6.7806,491188,0
1996-06-10,6.8051,6.8051,6.7546,6.7806,452054,0
1996-06-11,6.7806,6.8051,6.7546,6.7806,310817,0
1996-06-12,6.8051,7.0789,6.8051,7.0298,1383534,0
1996-06-13,7.0298,7.0298,6.9051,7.0298,619861,0
1996-06-14,7.004,7.004,6.9291,6.9541,774462,0
1996-06-17,6.9541,7.004,6.9541,6.9794,242693,0
1996-06-18,6.9851,7.0346,6.9541,7.0346,205982,0
1996-06-19,7.0101,7.0346,6.9851,7.0346,187618,0
1996-06-20,7.0101,7.0607,6.9291,6.9291,372174,0
1996-06-21,6.9851,7.0607,6.9291,6.9541,439975,0
1996-06-24,6.9851,7.0101,6.9541,7.0101,143329,0
1996-06-25,7.0101,7.0101,6.9291,6.9291,128192,0
1996-06-26,6.9051,7.1097,6.9051,6.9051,304699,0
1996-06-27,6.9051,6.9291,6.8555,6.8555,206781,0
1996-06-28,6.8793,6.9291,6.8555,6.9051,291656,0
1996-07-01,6.9291,6.9851,6.9051,6.9291,289561,0
1996-07-02,6.9541,6.9851,6.9291,6.9851,196311,0
1996-07-03,6.9851,6.9851,6.8793,6.9541,275543,0
1996-07-05,6.9291,6.9541,6.8555,6.8793,126099,0
1996-07-08,6.8051,6.9541,6.8051,6.8555,204203,0
1996-07-09,6.8793,6.9051,6.8555,6.8793,194699,0
1996-07-10,6.8793,6.9051,6.8555,6.8793,210969,0
1996-07-11,6.9051,6.9051,6.8051,6.8555,248008,0
1996-07-12,6.8793,6.8793,6.8309,6.8793,150898,0
1996-07-15,6.8793,6.8793,6.8309,6.8309,179728,0
1996-07-16,6.8555,6.9291,6.7806,6.8309,368470,0
1996-07-17,6.8555,6.8555,6.8051,6.8555,795888,0
1996-07-18,6.8309,6.9291,6.8309,6.9051,903625,0
1996-07-19,6.9051,6.9291,6.9051,6.9291,900079,0
1996-07-22,6.9291,7.0101,6.9051,6.9541,556566,0
1996-07-23,6.9541,7.0101,6.9541,6.9851,246236,0
1996-07-24,6.9541,6.9851,6.9051,6.9291,288596,0
1996-07-25,6.9541,7.0101,6.9291,6.9541,460751,0
1996-07-26,6.9541,7.0101,6.9291,7.0101,238989,0
1996-07-29,7.0101,7.0101,6.9291,6.9541,82137,0
1996-07-30,6.9541,7.0101,6.9291,7.0101,276193,0
1996-07-31,7.0101,7.0607,6.9851,7.0346,401485,0
1996-08-01,7.085,7.2099,7.085,7.1831,1067404,0
1996-08-02,7.1593,7.2099,7.1593,7.1831,570418,0
1996-08-05,7.2099,7.2099,7.1593,7.1831,248654,0
1996-08-06,7.1831,7.2099,7.1593,7.1831,267981,0
1996-08-07,7.1831,7.2587,7.1831,7.2099,271040,0
1996-08-08,7.1831,7.2342,7.1593,7.2099,359613,0
1996-08-09,7.2099,7.2587,7.1593,7.2099,217251,0
1996-08-12,7.2342,7.3336,7.2342,7.3336,300832,0
1996-08-13,7.3589,7.5318,7.3589,7.4828,482812,0
1996-08-14,7.4576,7.6312,7.4576,7.6312,531443,0
1996-08-15,7.6312,7.8055,7.6068,7.8055,717456,0
1996-08-16,7.8055,8.005,7.8055,7.9541,601020,0
1996-08-19,7.9541,8.0527,7.9541,7.979,655452,0
1996-08-20,7.979,8.005,7.9541,8.005,448184,0
1996-08-21,7.979,7.979,7.905,7.9287,383448,0
1996-08-22,7.8803,7.9287,7.8301,7.9287,607137,0
1996-08-23,7.979,8.0289,7.9541,8.0289,564944,0
1996-08-26,8.0289,8.0527,7.979,8.0289,210805,0
1996-08-27,8.0289,8.1773,7.9541,8.129,353495,0
1996-08-28,8.1521,8.2761,8.129,8.2522,681058,0
1996-08-29,8.2761,8.3019,8.0527,8.129,202271,0
1996-08-30,8.129,8.129,8.0289,8.0527,136566,0
1996-09-03,8.005,8.0786,7.9541,8.0786,317581,0
1996-09-04,7.979,8.005,7.8301,7.8552,650294,0
1996-09-05,7.8552,7.8552,7.6312,7.6809,382317,0
1996-09-06,7.6312,7.6557,7.5571,7.6068,492632,0
1996-09-09,7.6557,7.8552,7.6312,7.8301,474278,0
1996-09-10,7.8301,8.005,7.8301,7.979,408247,0
1996-09-11,7.9287,8.0289,7.905,7.979,256707,0
1996-09-12,8.005,8.1521,8.005,8.1038,490220,0
1996-09-13,8.1038,8.2025,8.0786,8.0786,768826,0
1996-09-16,8.1038,8.129,8.0786,8.0786,282796,0
1996-09-17,8.0786,8.1038,8.0289,8.0527,244306,0
1996-09-18,7.9861,8.0842,7.9861,8.0596,192931,0
1996-09-19,8.11,8.136,8.0596,8.11,306630,0
1996-09-20,8.11,8.136,8.0842,8.11,298576,0
1996-09-23,8.11,8.4581,8.0842,8.4581,580242,0
1996-09-24,8.4581,8.6555,8.4581,8.5567,433213,0
1996-09-25,8.5567,8.5813,8.507,8.5316,317416,0
1996-09-26,8.5567,8.6807,8.5567,8.5813,293746,0
1996-09-27,8.6555,9.233,8.6555,9.1085,1398348,0
1996-09-30,9.0594,9.0854,9.0105,9.0334,1030848,0
1996-10-01,9.0854,9.2093,9.0854,9.1085,667851,0
1996-10-02,9.1085,9.1085,8.7366,8.7857,882202,0
1996-10-03,8.762,8.762,8.5316,8.6807,478304,0
1996-10-04,8.6555,8.7366,8.6317,8.7366,171995,0
1996-10-07,8.7366,8.7366,8.6807,8.6807,194382,0
1996-10-08,8.6807,8.6807,8.4581,8.4581,310171,0
1996-10-09,8.4826,8.6555,8.4069,8.6071,692014,0
1996-10-10,8.6071,8.7051,8.6071,8.6807,268299,0
1996-10-11,8.7051,8.762,8.6807,8.7366,159272,0
1996-10-14,8.7051,8.8865,8.7051,8.8614,675101,0
1996-10-15,8.8368,8.8614,8.7857,8.8614,697486,0
1996-10-16,8.8865,8.9608,8.8614,8.9608,278447,0
1996-10-17,8.9608,9.0105,8.9348,8.9608,248654,0
1996-10-18,8.986,8.986,8.8614,8.9348,267013,0
1996-10-21,8.9608,8.986,8.8865,8.9348,192611,0
1996-10-22,8.9348,8.986,8.8614,8.986,373460,0
1996-10-23,9.0334,9.0854,8.986,9.0594,363639,0
1996-10-24,8.986,9.1343,8.986,9.0594,570418,0
1996-10-25,9.0594,9.0854,8.8368,8.8614,310009,0
1996-10-28,8.8368,8.8614,8.6555,8.7051,518245,0
1996-10-29,8.6555,8.6807,8.5813,8.6317,286337,0
1996-10-30,8.6555,8.6555,8.4581,8.4581,426284,0
1996-10-31,8.507,8.5316,8.4826,8.507,196793,0
1996-11-01,8.5567,8.5813,8.4826,8.4826,403416,0
1996-11-04,8.507,8.507,8.4069,8.4322,369111,0
1996-11-05,8.4581,8.4826,8.4069,8.4581,125128,0
1996-11-06,8.507,8.762,8.507,8.7366,250423,0
1996-11-07,8.7366,9.2093,8.7366,9.1343,567039,0
1996-11-08,9.1343,9.258,9.1343,9.2093,280379,0
1996-11-11,9.1841,9.1841,9.1085,9.1085,130607,0
1996-11-12,9.1085,9.4572,9.1085,9.3822,412920,0
1996-11-13,9.3577,9.3822,9.2833,9.3332,162656,0
1996-11-14,9.3077,9.4326,9.2833,9.3332,233029,0
1996-11-15,9.4572,9.804,9.4572,9.804,469931,0
1996-11-18,9.78,9.804,9.4572,9.506,333201,0
1996-11-19,9.4572,9.4821,9.3822,9.3822,169901,0
1996-11-20,9.3822,9.581,9.3822,9.581,131092,0
1996-11-21,9.581,9.581,9.3822,9.581,295678,0
1996-11-22,9.581,9.581,9.3077,9.3332,413882,0
1996-11-25,9.2833,9.2833,9.1343,9.1582,655617,0
1996-11-26,9.1582,9.1582,8.9608,9.0105,540310,0
1996-11-27,8.9608,8.9915,8.9348,8.9608,229330,0
1996-11-29,8.9915,9.14,8.9608,9.0658,244625,0
1996-12-02,9.016,9.016,8.7122,8.7366,601342,0
1996-12-03,8.7857,8.8101,8.6381,8.6381,527743,0
1996-12-04,8.5875,8.6128,8.5134,8.5624,568975,0
1996-12-05,8.5875,8.6128,8.5134,8.5875,500690,0
1996-12-06,8.5371,8.6618,8.4881,8.6381,626468,0
1996-12-09,8.7366,8.8368,8.5624,8.7857,377814,0
1996-12-10,8.7857,8.8614,8.7857,8.8101,214032,0
1996-12-11,8.762,8.762,8.6618,8.7122,107737,0
1996-12-12,8.7366,8.7857,8.5371,8.5875,254609,0
1996-12-13,8.6128,8.7122,8.5624,8.7122,147679,0
1996-12-16,8.7122,8.9608,8.7122,8.8614,339644,0
1996-12-17,8.8101,8.8368,8.6381,8.6381,282152,0
1996-12-18,8.6381,8.7122,8.6381,8.6618,106288,0
1996-12-19,8.6128,9.016,8.6128,9.016,160080,0
1996-12-20,9.14,9.3891,9.14,9.3392,417748,0
1996-12-23,9.3156,9.3644,9.1153,9.14,179078,0
1996-12-24,9.1153,9.14,9.1153,9.1153,38976,0
1996-12-26,9.1644,9.1903,9.1153,9.1644,93889,0
1996-12-27,9.2148,9.3644,9.2148,9.3644,108059,0
1996-12-30,9.3891,9.587,9.3891,9.538,188421,0
1996-12-31,9.563,9.712,9.563,9.685,259767,0
1997-01-02,9.639,9.639,9.4128,9.514,335298,0
1997-01-03,9.538,9.66,9.4632,9.587,428540,0
1997-01-06,9.563,9.81,9.563,9.763,315968,0
1997-01-07,9.763,9.763,9.587,9.685,93731,0
1997-01-08,9.738,9.786,9.612,9.639,135765,0
1997-01-09,9.639,9.786,9.639,9.712,197599,0
1997-01-10,9.66,10.032,9.66,10.01,206300,0
1997-01-13,9.986,10.135,9.936,10.11,273611,0
1997-01-14,10.135,10.135,10.059,10.059,182628,0
1997-01-15,10.032,10.239,10.032,10.135,259767,0
1997-01-16,10.084,10.935,10.032,10.537,603916,0
1997-01-17,10.487,10.588,10.413,10.438,282796,0
1997-01-20,10.438,10.487,10.388,10.487,408566,0
1997-01-21,10.513,10.961,10.464,10.961,894122,0
1997-01-22,11.059,11.133,10.935,11.085,1082384,0
1997-01-23,11.085,11.306,10.961,11.209,581051,0
1997-01-24,11.209,11.209,11.01,11.133,229487,0
1997-01-27,11.085,11.085,10.985,11.01,198249,0
1997-01-28,11.034,11.209,11.034,11.133,706344,0
1997-01-29,11.109,11.209,11.085,11.133,354460,0
1997-01-30,11.157,11.356,11.133,11.283,319832,0
1997-01-31,11.306,11.439,11.306,11.356,260090,0
1997-02-03,11.356,11.356,11.306,11.333,254609,0
1997-02-04,11.283,11.356,11.258,11.333,179884,0
1997-02-05,11.333,11.389,11.306,11.389,294385,0
1997-02-06,11.389,11.512,11.389,11.484,159434,0
1997-02-07,11.512,11.611,11.512,11.588,222725,0
1997-02-10,11.563,11.637,11.439,11.463,416460,0
1997-02-11,11.512,11.512,11.306,11.333,186332,0
1997-02-12,11.356,11.389,11.306,11.306,205982,0
1997-02-13,11.356,11.709,11.356,11.709,399068,0
1997-02-14,11.709,11.835,11.709,11.788,256221,0
1997-02-18,11.81,12.307,11.788,12.307,569618,0
1997-02-19,12.357,13.009,12.357,12.81,922786,0
1997-02-20,12.885,12.91,12.662,12.761,598122,0
1997-02-21,12.687,12.91,12.687,12.786,495531,0
1997-02-24,12.786,13.109,12.736,13.083,323863,0
1997-02-25,13.059,13.182,12.687,12.786,549487,0
1997-02-26,12.81,12.81,12.611,12.634,481043,0
1997-02-27,12.662,12.71,12.505,12.531,667528,0
1997-02-28,12.531,12.558,12.332,12.332,324020,0
1997-03-03,12.332,12.455,12.233,12.382,247845,0
1997-03-04,12.432,12.662,12.432,12.634,201465,0
1997-03-05,12.634,12.71,12.233,12.382,323057,0
1997-03-06,12.407,12.634,12.382,12.558,229487,0
1997-03-07,12.586,12.687,12.531,12.558,272324,0
1997-03-10,12.505,12.71,12.505,12.71,149289,0
1997-03-11,12.761,12.834,12.611,12.634,219339,0
1997-03-12,12.586,12.586,12.407,12.481,185523,0
1997-03-13,12.558,12.558,12.332,12.357,160560,0
1997-03-14,12.407,12.531,12.407,12.531,143490,0
1997-03-17,12.531,12.558,12.233,12.382,232872,0
1997-03-18,12.382,12.505,12.158,12.233,282954,0
1997-03-19,12.191,12.487,12.191,12.388,335938,0
1997-03-20,12.388,12.388,12.088,12.165,207268,0
1997-03-21,12.238,12.413,12.215,12.215,238667,0
1997-03-24,12.238,12.263,11.992,11.992,279733,0
1997-03-25,12.065,12.438,12.041,12.438,445937,0
1997-03-26,12.563,12.769,12.46,12.46,276032,0
1997-03-27,12.487,12.538,12.115,12.138,309687,0
1997-03-31,12.088,12.115,11.463,11.463,494405,0
1997-04-01,11.439,11.841,10.941,11.637,1381764,0
1997-04-02,11.611,11.866,11.588,11.768,604562,0
1997-04-03,11.816,11.866,11.338,11.338,388923,0
1997-04-04,11.338,11.439,11.24,11.439,421770,0
1997-04-07,11.463,11.611,11.463,11.588,590071,0
1997-04-08,11.637,11.637,11.538,11.563,209198,0
1997-04-09,11.611,11.637,11.389,11.414,124971,0
1997-04-10,11.414,11.588,11.362,11.512,160560,0
1997-04-11,11.463,11.463,10.99,11.065,348981,0
1997-04-14,11.015,11.115,10.816,11.115,504392,0
1997-04-15,11.164,11.538,11.164,11.484,439652,0
1997-04-16,11.588,11.768,11.588,11.692,338839,0
1997-04-17,11.742,11.941,11.692,11.692,473792,0
1997-04-18,11.716,11.816,11.611,11.716,312265,0
1997-04-21,11.742,12.016,11.742,11.793,319678,0
1997-04-22,11.793,11.916,11.742,11.866,402933,0
1997-04-23,12.016,12.138,11.941,11.941,314201,0
1997-04-24,11.965,12.138,11.965,12.065,473146,0
1997-04-25,12.016,12.041,11.666,11.666,259767,0
1997-04-28,11.611,11.692,11.484,11.637,472186,0
1997-04-29,11.742,12.138,11.742,12.138,438362,0
1997-04-30,12.088,12.215,12.041,12.065,393915,0
1997-05-01,12.115,12.138,11.793,11.816,631941,0
1997-05-02,11.816,11.841,11.768,11.816,429508,0
1997-05-05,11.816,11.816,11.716,11.793,518566,0
1997-05-06,11.793,11.816,11.716,11.793,696678,0
1997-05-07,11.793,11.816,11.742,11.768,481520,0
1997-05-08,11.793,11.841,11.742,11.768,338354,0
1997-05-09,11.768,11.816,11.637,11.716,568648,0
1997-05-12,11.793,11.891,11.742,11.866,665762,0
1997-05-13,11.992,12.065,11.841,11.992,1605461,0
1997-05-14,11.992,12.065,11.611,11.611,1342953,0
1997-05-15,11.692,11.916,11.538,11.538,1003792,0
1997-05-16,11.611,11.611,11.389,11.463,1030040,0
1997-05-19,11.538,11.611,11.463,11.611,1490630,0
1997-05-20,11.538,11.692,11.538,11.692,1122487,0
1997-05-21,11.692,11.841,11.463,11.611,1584846,0
1997-05-22,11.611,11.611,11.313,11.538,1983104,0
1997-05-23,11.538,11.916,11.463,11.841,1671164,0
1997-05-27,11.692,11.841,11.538,11.768,998318,0
1997-05-28,11.916,12.364,11.841,12.287,2796380,0
1997-05-29,12.736,12.892,12.138,12.662,3092222,0
1997-05-30,12.586,12.736,12.511,12.662,1753455,0
1997-06-02,12.736,13.041,12.736,12.964,1640563,0
1997-06-03,12.964,12.964,12.736,12.814,1653927,0
1997-06-04,12.814,12.964,12.814,12.892,1336993,0
1997-06-05,12.892,12.964,12.511,12.662,1980207,0
1997-06-06,12.662,12.814,12.586,12.586,1367429,0
1997-06-09,12.586,13.041,12.586,13.003,1473725,0
1997-06-10,12.814,12.964,12.736,12.892,2331283,0
1997-06-11,12.964,13.114,12.814,12.892,791699,0
1997-06-12,13.041,13.414,13.041,13.337,1894529,0
1997-06-13,13.337,14.09,13.337,14.015,1838809,0
1997-06-16,14.015,14.09,13.561,13.86,2547245,0
1997-06-17,13.785,13.86,13.561,13.561,1346494,0
1997-06-18,13.507,13.73,13.425,13.507,2032711,0
1997-06-19,13.579,14.101,13.579,14.101,1915789,0
1997-06-20,14.101,14.176,13.507,13.951,870449,0
1997-06-23,13.951,14.101,13.803,13.878,793949,0
1997-06-24,13.951,14.027,13.165,13.916,2920545,0
1997-06-25,13.803,14.027,13.579,13.767,872541,0
1997-06-26,13.579,13.73,13.507,13.579,1384664,0
1997-06-27,13.73,13.951,13.656,13.951,802489,0
1997-06-30,13.767,13.878,13.507,13.803,1899039,0
1997-07-01,13.767,13.767,13.35,13.617,772689,0
1997-07-02,13.656,13.767,13.579,13.691,759168,0
1997-07-03,13.656,13.878,13.656,13.803,1251155,0
1997-07-07,13.878,14.442,13.878,14.442,1373390,0
1997-07-08,14.325,14.517,14.251,14.442,1140362,0
1997-07-09,14.407,14.481,14.363,14.407,880428,0
1997-07-10,14.407,14.816,14.064,14.778,1254059,0
1997-07-11,14.778,14.928,14.742,14.778,1106699,0
1997-07-14,14.704,14.742,14.288,14.288,621473,0
1997-07-15,14.666,14.928,14.666,14.89,1628162,0
1997-07-16,15.002,15.791,15.002,15.754,2519871,0
1997-07-17,15.791,16.124,15.754,15.939,1308812,0
1997-07-18,16.164,16.204,15.493,16.204,1283847,0
1997-07-21,16.05,16.803,16.05,16.431,2008389,0
1997-07-22,16.394,17.331,16.28,17.331,1420254,0
1997-07-23,17.254,17.367,16.28,16.504,1904515,0
1997-07-24,16.766,17.182,16.05,17.101,3124754,0
1997-07-25,17.101,17.405,16.989,17.405,1268550,0
1997-07-28,17.665,17.704,17.254,17.294,733562,0
1997-07-29,17.063,17.925,16.876,17.854,1625425,0
1997-07-30,18.001,18.604,17.777,18.38,1752811,0
1997-07-31,18.38,18.977,18.343,18.642,1730264,0
1997-08-01,18.79,18.79,17.89,18.491,1341988,0
1997-08-04,18.491,18.566,18.076,18.194,896217,0
1997-08-05,18.155,18.304,18.155,18.155,898147,0
1997-08-06,18.001,18.714,18.001,18.642,1316219,0
1997-08-07,18.566,18.679,18.155,18.155,701185,0
1997-08-08,18.039,18.039,16.84,17.964,1835911,0
1997-08-11,17.925,17.925,16.729,17.027,1895013,0
1997-08-12,17.101,17.331,15.901,16.204,1800481,0
1997-08-13,16.467,16.579,15.493,15.604,2449651,0
1997-08-14,15.678,15.791,15.455,15.53,1047432,0
1997-08-15,15.151,15.829,15.151,15.754,3296268,0
1997-08-18,15.343,15.939,15.3,15.42,1117972,0
1997-08-19,15.678,16.504,15.642,16.504,1804181,0
1997-08-20,16.543,16.952,16.467,16.876,1907093,0
1997-08-21,16.989,17.22,16.914,17.182,872058,0
1997-08-22,17.027,17.254,16.431,17.182,793145,0
1997-08-25,17.182,17.254,16.729,16.803,504231,0
1997-08-26,16.84,16.84,16.467,16.467,872541,0
1997-08-27,16.504,16.543,16.28,16.28,795241,0
1997-08-28,16.28,16.319,16.05,16.242,898630,0
1997-08-29,16.204,16.653,16.164,16.504,778973,0
1997-09-02,16.504,16.84,16.504,16.729,1495144,0
1997-09-03,16.766,17.063,16.653,16.876,666566,0
1997-09-04,17.027,17.027,16.579,16.766,662538,0
1997-09-05,16.729,16.952,16.691,16.84,645631,0
1997-09-08,16.84,17.182,16.84,17.027,353816,0
1997-09-09,17.027,17.101,16.952,17.063,522431,0
1997-09-10,17.22,17.517,17.182,17.254,1208800,0
1997-09-11,17.101,17.101,16.579,16.616,598926,0
1997-09-12,16.543,17.063,16.431,17.027,634838,0
1997-09-15,17.138,17.182,16.579,16.766,1059676,0
1997-09-16,16.803,17.101,16.766,16.952,919725,0
1997-09-17,16.972,17.045,16.593,16.664,759007,0
1997-09-18,16.627,16.858,16.627,16.858,1035679,0
1997-09-19,16.822,16.858,16.74,16.858,991229,0
1997-09-22,16.778,17.007,16.74,16.822,601020,0
1997-09-23,16.703,16.778,15.914,16.221,716649,0
1997-09-24,16.368,16.368,15.992,15.992,872217,0
1997-09-25,16.108,16.254,15.84,15.953,834697,0
1997-09-26,15.992,16.254,15.84,16.032,812790,0
1997-09-29,16.183,16.443,16.183,16.221,943235,0
1997-09-30,16.221,16.478,16.183,16.221,2161540,0
1997-10-01,16.221,16.555,16.221,16.478,518887,0
1997-10-02,16.407,16.593,16.293,16.332,1447950,0
1997-10-03,16.443,16.478,16.183,16.293,708436,0
1997-10-06,16.407,16.555,16.332,16.368,648847,0
1997-10-07,16.332,16.332,15.802,16.071,1541523,0
1997-10-08,16.221,16.517,15.914,16.517,1199620,0
1997-10-09,16.407,16.443,15.953,16.183,618250,0
1997-10-10,16.221,16.293,16.032,16.183,676230,0
1997-10-13,16.183,16.332,15.953,16.221,544653,0
1997-10-14,17.082,17.565,17.045,17.38,1964908,0
1997-10-15,17.305,18.208,17.268,18.208,2281201,0
1997-10-16,18.208,18.586,18.208,18.244,1915304,0
1997-10-17,18.317,18.355,17.723,17.945,900723,0
1997-10-20,18.057,18.095,17.491,17.836,1019575,0
1997-10-21,18.021,18.586,18.021,18.474,1015225,0
1997-10-22,18.474,18.586,18.279,18.392,618250,0
1997-10-23,18.279,18.279,17.649,17.984,739037,0
1997-10-24,18.474,18.474,17.908,17.945,763679,0
1997-10-27,17.908,17.984,16.896,16.972,790247,0
1997-10-28,15.914,17.232,15.319,17.232,1403023,0
1997-10-29,17.649,17.945,16.478,16.478,973032,0
1997-10-30,16.293,16.934,16.254,16.822,688146,0
1997-10-31,17.007,17.305,16.858,16.858,920208,0
1997-11-03,17.417,17.649,17.345,17.454,581692,0
1997-11-04,17.417,17.649,17.38,17.53,370565,0
1997-11-05,17.684,17.908,17.454,17.871,339482,0
1997-11-06,17.871,17.871,17.604,17.649,204363,0
1997-11-07,17.345,17.38,16.972,17.268,430955,0
1997-11-10,17.417,17.454,17.268,17.38,216604,0
1997-11-11,17.984,17.984,17.649,17.796,467030,0
1997-11-12,17.796,17.945,17.565,17.565,396975,0
1997-11-13,17.565,17.836,16.703,17.268,517440,0
1997-11-14,17.417,17.454,17.157,17.268,439170,0
1997-11-17,17.417,17.836,17.193,17.684,768669,0
1997-11-18,17.604,18.392,17.604,18.13,1354706,0
1997-11-19,18.13,18.317,17.945,18.095,330301,0
1997-11-20,18.317,18.355,18.168,18.168,391501,0
1997-11-21,18.317,18.317,18.021,18.095,278447,0
1997-11-24,18.244,18.317,17.565,17.796,421770,0
1997-11-25,17.945,18.244,17.796,18.168,1164837,0
1997-11-26,18.168,18.586,18.168,18.474,692490,0
1997-11-28,18.509,18.548,18.355,18.355,184874,0
1997-12-01,18.45,18.745,18.373,18.56,1369200,0
1997-12-02,18.708,19.461,18.708,19.273,2347875,0
1997-12-03,19.273,19.841,19.238,19.763,1879391,0
1997-12-04,19.841,20.1,19.763,19.914,1294158,0
1997-12-05,19.61,20.59,19.61,20.59,886071,0
1997-12-08,20.776,21.037,20.25,20.287,1367429,0
1997-12-09,19.802,19.841,19.535,19.802,1091401,0
1997-12-10,19.802,20.135,19.61,19.914,669460,0
1997-12-11,20.063,20.063,19.571,19.841,456080,0
1997-12-12,19.914,20.25,19.841,19.951,704573,0
1997-12-15,20.441,20.441,20.135,20.324,523884,0
1997-12-16,20.135,20.361,20.063,20.361,455278,0
1997-12-17,20.287,20.516,20.211,20.361,731945,0
1997-12-18,20.479,20.479,19.876,19.876,468642,0
1997-12-19,19.841,20.479,19.763,20.361,1034232,0
1997-12-22,20.135,20.702,20.135,20.404,602789,0
1997-12-23,20.441,20.59,20.063,20.063,316453,0
1997-12-24,20.441,20.441,19.914,20.1,186652,0
1997-12-26,20.1,20.211,19.988,20.175,92925,0
1997-12-29,20.1,20.927,20.1,20.441,375234,0
1997-12-30,20.516,21.527,20.479,21.379,1011677,0
1997-12-31,21.342,21.641,21.342,21.379,544653,0
1998-01-02,21.379,21.379,20.59,21.037,888807,0
1998-01-05,21.075,21.603,21.037,21.527,926329,0
1998-01-06,21.527,21.945,21.379,21.906,821007,0
1998-01-07,21.827,22.205,21.753,21.787,982853,0
1998-01-08,21.945,22.503,21.945,22.167,1628485,0
1998-01-09,22.429,22.429,20.815,21.156,733562,0
1998-01-12,20.441,21.641,20.441,21,792179,0
1998-01-13,21.342,21.603,21.305,21.603,437074,0
1998-01-14,21.715,21.87,21.641,21.787,442226,0
1998-01-15,21.787,21.787,21.192,21.416,305663,0
1998-01-16,21.492,22.094,21.492,21.906,468313,0
1998-01-20,22.539,22.539,21.454,21.565,1457937,0
1998-01-21,20.287,20.361,18.784,19.914,3532675,0
1998-01-22,19.951,20.404,19.125,19.571,1488697,0
1998-01-23,19.69,19.727,19.015,19.461,781710,0
1998-01-26,19.461,20.25,19.015,19.802,966753,0
1998-01-27,19.876,20.063,19.69,19.69,748537,0
1998-01-28,19.727,20.063,19.653,19.727,592164,0
1998-01-29,19.876,19.876,19.35,19.385,849837,0
1998-01-30,19.535,19.535,19.015,19.163,1018610,0
1998-02-02,19.31,19.69,19.31,19.69,962565,0
1998-02-03,19.841,20.175,19.653,19.763,1067886,0
1998-02-04,19.876,19.988,19.727,19.876,889612,0
1998-02-05,20.025,20.135,19.461,19.461,1118940,0
1998-02-06,19.653,19.802,19.31,19.69,636291,0
1998-02-09,19.763,19.914,19.201,19.423,994454,0
1998-02-10,19.461,19.841,19.423,19.571,585075,0
1998-02-11,19.571,19.763,19.498,19.571,456241,0
1998-02-12,19.571,19.69,19.088,19.535,631777,0
1998-02-13,19.535,19.841,19.535,19.802,686529,0
1998-02-17,19.876,19.914,19.535,19.571,1108635,0
1998-02-18,19.653,20.1,19.571,20.063,737587,0
1998-02-19,20.211,20.516,20.1,20.441,1036485,0
1998-02-20,20.516,20.59,20.324,20.552,465899,0
1998-02-23,20.59,20.59,19.988,20.211,674939,0
1998-02-24,20.175,20.175,19.763,19.763,520655,0
1998-02-25,19.914,20.287,19.914,20.063,997357,0
1998-02-26,19.988,20.404,19.841,20.063,954352,0
1998-02-27,20.063,20.1,19.727,19.914,954352,0
1998-03-02,19.802,19.988,19.727,19.763,1173211,0
1998-03-03,19.802,19.841,19.61,19.763,675423,0
1998-03-04,19.763,19.763,19.461,19.498,496984,0
1998-03-05,19.498,19.535,19.163,19.535,655776,0
1998-03-06,19.69,19.951,19.69,19.914,1004115,0
1998-03-09,19.914,20.552,19.841,20.516,1936726,0
1998-03-10,20.441,20.516,19.876,20.516,1306881,0
1998-03-11,20.479,20.516,19.802,19.841,803453,0
1998-03-12,20.135,20.287,19.876,19.876,906682,0
1998-03-13,19.951,19.988,19.69,19.876,1639922,0
1998-03-16,19.914,20.211,19.841,20.211,677030,0
1998-03-17,20.361,20.552,20.25,20.404,1227806,0
1998-03-18,20.379,21.205,20.379,21.056,1164514,0
1998-03-19,21.167,21.355,20.906,21.019,894771,0
1998-03-20,21.019,21.205,20.751,20.906,991711,0
1998-03-23,21.355,21.807,21.093,21.242,1156624,0
1998-03-24,21.511,21.918,21.427,21.733,785255,0
1998-03-25,21.882,21.918,21.511,21.845,685728,0
1998-03-26,21.845,22.186,21.427,22.186,834856,0
1998-03-27,22.261,22.335,22.069,22.105,678805,0
1998-03-30,22.149,22.745,22.105,22.485,724379,0
1998-03-31,22.485,22.745,22.031,22.069,677996,0
1998-04-01,22.149,22.261,21.807,22.031,723892,0
1998-04-02,21.882,21.993,21.393,21.393,791534,0
1998-04-03,21.511,21.957,21.473,21.807,1527993,0
1998-04-06,22.105,23.013,22.105,22.707,1000891,0
1998-04-07,23.162,23.162,22.827,23.013,1157270,0
1998-04-08,23.385,23.385,22.707,22.899,654644,0
1998-04-09,23.049,23.459,22.671,22.863,792504,0
1998-04-13,22.827,22.863,22.485,22.863,731143,0
1998-04-14,24.062,24.216,23.764,23.986,1177561,0
1998-04-15,24.216,24.931,24.098,24.364,846128,0
1998-04-16,24.254,24.254,23.689,23.764,585237,0
1998-04-17,23.689,24.293,23.652,24.137,1498682,0
1998-04-20,24.293,24.737,24.254,24.737,491188,0
1998-04-21,24.737,24.737,23.689,24.062,768342,0
1998-04-22,24.137,24.553,24.098,24.364,697967,0
1998-04-23,24.403,24.442,23.986,24.062,563014,0
1998-04-24,24.023,24.216,23.423,23.496,647882,0
1998-04-27,23.162,23.31,22.372,22.707,773982,0
1998-04-28,23.614,23.689,22.448,22.707,1360502,0
1998-04-29,22.707,22.899,22.707,22.827,481520,0
1998-04-30,23.162,23.31,22.707,22.707,750304,0
1998-05-01,22.863,23.013,22.707,22.899,608910,0
1998-05-04,22.937,23.049,22.707,22.977,695875,0
1998-05-05,23.013,23.013,22.521,22.559,441104,0
1998-05-06,22.707,22.937,22.485,22.634,769956,0
1998-05-07,22.671,22.745,21.918,21.918,1218302,0
1998-05-08,21.957,22.783,21.957,22.409,607946,0
1998-05-11,22.559,22.827,22.335,22.372,450924,0
1998-05-12,22.409,22.671,22.105,22.485,292619,0
1998-05-13,22.559,22.827,22.372,22.783,397454,0
1998-05-14,22.707,22.827,22.521,22.597,513575,0
1998-05-15,22.521,22.559,21.807,22.031,764482,0
1998-05-18,22.069,22.105,21.658,21.77,1186255,0
1998-05-19,21.918,22.069,21.584,21.695,528390,0
1998-05-20,21.621,21.733,21.427,21.427,545618,0
1998-05-21,21.473,21.77,21.427,21.77,643695,0
1998-05-22,21.807,22.485,21.807,22.186,611807,0
1998-05-26,22.223,22.261,21.957,22.149,736458,0
1998-05-27,22.069,22.372,21.807,22.298,691688,0
1998-05-28,22.448,22.707,22.372,22.597,509225,0
1998-05-29,22.745,22.827,22.335,22.597,329494,0
1998-06-01,22.863,22.863,21.882,22.149,608267,0
1998-06-02,21.807,22.409,21.393,22.223,745157,0
1998-06-03,22.223,23.013,22.223,22.977,755463,0
1998-06-04,23.385,23.385,23.013,23.385,780587,0
1998-06-05,23.31,23.838,23.013,23.838,1126992,0
1998-06-08,23.689,23.764,23.273,23.614,997505,0
1998-06-09,23.54,23.912,23.2,23.838,625984,0
1998-06-10,23.838,24.023,23.578,23.951,432081,0
1998-06-11,23.951,23.951,23.2,23.801,418876,0
1998-06-12,23.912,23.951,23.162,23.385,731945,0
1998-06-15,23.123,24.062,22.827,23.838,847259,0
1998-06-16,23.764,23.986,23.235,23.912,483613,0
1998-06-17,24.049,24.39,24.011,24.199,483945,0
1998-06-18,24.234,24.234,23.976,24.088,642734,0
1998-06-19,23.559,24.049,23.559,24.049,765124,0
1998-06-22,24.049,24.162,23.751,24.011,306788,0
1998-06-23,24.088,24.234,23.976,24.234,1011035,0
1998-06-24,24.088,24.162,23.411,24.011,953223,0
1998-06-25,24.123,24.837,24.011,24.088,1086568,0
1998-06-26,24.011,24.088,23.676,24.049,1365172,0
1998-06-29,24.049,24.088,23.559,23.676,1003309,0
1998-06-30,23.713,23.713,23.521,23.559,850314,0
1998-07-01,24.234,24.234,23.484,23.676,939375,0
1998-07-02,23.598,23.79,23.598,23.633,385863,0
1998-07-06,23.751,23.9,23.713,23.713,432081,0
1998-07-07,23.826,24.162,23.633,23.862,879139,0
1998-07-08,24.011,24.011,23.713,23.751,1596760,0
1998-07-09,23.79,24.049,23.633,23.713,1284494,0
1998-07-10,23.938,24.049,23.521,24.049,1273542,0
1998-07-13,23.976,24.123,23.826,24.123,461391,0
1998-07-14,24.011,24.39,23.938,24.39,271519,0
1998-07-15,24.39,24.577,24.234,24.54,719868,0
1998-07-16,24.69,25.032,24.653,24.69,1791786,0
1998-07-17,24.69,24.69,24.088,24.123,542075,0
1998-07-20,24.279,24.279,24.162,24.162,719707,0
1998-07-21,24.234,24.234,23.447,23.484,466383,0
1998-07-22,23.149,23.187,20.628,21.269,12877298,0
1998-07-23,21.112,21.187,20.776,20.853,2607155,0
1998-07-24,20.853,21.187,20.398,20.741,1501905,0
1998-07-27,20.702,20.702,19.907,20.1,1126831,0
1998-07-28,19.834,19.834,19.646,19.722,2302133,0
1998-07-29,19.684,19.684,19.385,19.461,1032296,0
1998-07-30,19.571,20.175,19.498,20.175,2075061,0
1998-07-31,20.175,20.175,19.571,19.834,1228453,0
1998-08-03,19.872,19.907,19.722,19.796,2897194,0
1998-08-04,19.834,19.834,18.97,19.156,1590967,0
1998-08-05,19.081,19.081,17.088,17.691,2883830,0
1998-08-06,17.461,17.543,16.858,17.201,2313084,0
1998-08-07,17.237,17.729,17.014,17.424,2537097,0
1998-08-10,17.424,18.22,17.051,17.803,9810528,0
1998-08-11,17.461,17.498,17.014,17.051,1684855,0
1998-08-12,17.164,17.387,16.598,17.164,2403756,0
1998-08-13,17.164,17.579,17.014,17.126,2721172,0
1998-08-14,17.424,17.424,17.051,17.088,1104124,0
1998-08-17,17.088,17.351,16.858,17.312,830670,0
1998-08-18,17.424,17.461,16.785,16.979,1493368,0
1998-08-19,16.979,17.312,16.902,17.312,615512,0
1998-08-20,17.237,17.237,16.785,16.858,1915789,0
1998-08-21,16.672,16.71,15.959,16.254,1721569,0
1998-08-24,16.562,16.71,15.735,16.221,998318,0
1998-08-25,16.183,16.822,16.108,16.822,2319691,0
1998-08-26,16.562,16.562,15.207,15.659,2244323,0
1998-08-27,15.207,15.207,14.375,14.902,2882378,0
1998-08-28,14.902,15.014,14.188,14.94,1610933,0
1998-08-31,15.28,15.28,14.15,14.413,1514945,0
1998-09-01,14.53,14.755,13.81,14.413,2264773,0
1998-09-02,14.567,15.014,14.494,14.977,1707717,0
1998-09-03,14.679,15.132,14.641,15.058,959027,0
1998-09-04,15.094,15.356,14.866,15.058,656903,0
1998-09-08,15.356,16.144,15.356,16.144,1298826,0
1998-09-09,16.411,16.672,15.997,16.411,1837361,0
1998-09-10,15.959,15.959,15.543,15.735,1247453,0
1998-09-11,15.581,16.411,15.581,16.299,820362,0
1998-09-14,16.447,16.672,16.144,16.337,453986,0
1998-09-15,16.108,16.634,16.108,16.447,815210,0
1998-09-16,16.28,16.622,16.28,16.586,515022,0
1998-09-17,16.438,16.586,16.209,16.586,1141486,0
1998-09-18,16.438,16.622,16.242,16.586,1119423,0
1998-09-21,16.438,16.473,15.53,16.058,1181589,0
1998-09-22,16.058,16.17,15.678,15.791,949522,0
1998-09-23,15.829,16.736,15.791,16.659,624209,0
1998-09-24,16.659,16.773,15.829,16.058,736617,0
1998-09-25,15.678,15.872,15.42,15.568,659481,0
1998-09-28,15.678,15.946,15.039,15.568,1137619,0
1998-09-29,15.604,15.678,15.381,15.642,886391,0
1998-09-30,15.568,15.568,14.816,15.227,946461,0
1998-10-01,15.002,15.188,13.796,13.796,1105891,0
1998-10-02,15.678,15.678,14.096,14.966,7381973,0
1998-10-05,14.928,15.678,14.736,15.604,3901953,0
1998-10-06,16.13,16.846,16.058,16.773,6457415,0
1998-10-07,16.883,17.789,16.736,17.411,30928005,0
1998-10-08,17.261,18.244,17.261,17.864,7227207,0
1998-10-09,18.021,18.66,17.373,18.503,4006796,0
1998-10-12,18.697,19.261,18.697,18.957,2973046,0
1998-10-13,18.846,19.074,18.468,18.503,3520435,0
1998-10-14,18.503,18.503,18.021,18.057,2545316,0
1998-10-15,18.021,18.168,17.789,18.095,2686710,0
1998-10-16,18.095,18.317,17.901,18.13,2184894,0
1998-10-19,18.13,18.503,17.864,18.503,5003824,0
1998-10-20,18.697,19.976,18.548,19.789,3197703,0
1998-10-21,19.9,21.181,19.9,20.504,6745203,0
1998-10-22,20.504,21.827,20.39,21.447,4210998,0
1998-10-23,21.336,21.938,20.956,21.746,2160414,0
1998-10-26,21.746,22.274,21.635,21.635,1594827,0
1998-10-27,21.864,22.161,21.409,21.559,1912568,0
1998-10-28,21.409,21.672,21.298,21.486,1559556,0
1998-10-29,21.523,21.709,21.181,21.635,1736873,0
1998-10-30,21.709,21.864,21.409,21.709,2418733,0
1998-11-02,22.012,22.764,21.901,22.615,2766101,0
1998-11-03,22.615,23.411,22.274,23.142,1397711,0
1998-11-04,23.291,23.559,22.467,23.142,2110650,0
1998-11-05,22.918,23.068,22.615,22.802,1866670,0
1998-11-06,22.802,22.802,22.274,22.274,1046630,0
1998-11-09,22.317,22.802,22.049,22.69,1394811,0
1998-11-10,22.764,23.856,22.764,23.669,1757320,0
1998-11-11,23.669,23.669,22.764,23.068,1323787,0
1998-11-12,22.918,23.521,22.846,23.447,814884,0
1998-11-13,23.521,24.345,23.521,24.234,1447629,0
1998-11-16,24.123,24.837,23.745,24.724,3092222,0
1998-11-17,24.049,24.123,23.219,23.521,2925381,0
1998-11-18,23.521,23.521,22.653,22.958,1412199,0
1998-11-19,23.372,23.521,23.291,23.447,895408,0
1998-11-20,23.521,23.598,23.33,23.447,851284,0
1998-11-23,23.598,24.088,23.33,23.976,1008944,0
1998-11-24,23.976,24.123,23.783,24.123,768185,0
1998-11-25,24.123,24.162,23.82,23.938,544331,0
1998-11-27,23.856,23.856,23.598,23.669,180211,0
1998-11-30,23.598,23.633,22.802,22.846,1409301,0
1998-12-01,22.764,22.846,22.236,22.578,2227731,0
1998-12-02,22.565,22.863,22.076,22.863,1090433,0
1998-12-03,22.863,23.62,22.713,23.508,1276920,0
1998-12-04,23.434,23.732,23.279,23.585,1278212,0
1998-12-07,23.241,23.695,22.944,23.695,838562,0
1998-12-08,23.62,23.62,23.206,23.206,1277889,0
1998-12-09,22.982,22.982,22.603,22.863,1113143,0
1998-12-10,22.713,22.751,22.037,22.037,745475,0
1998-12-11,21.28,21.393,20.529,20.864,2814419,0
1998-12-14,20.149,20.714,20.149,20.299,1756031,0
1998-12-15,20.075,21.658,19.92,21.658,2393288,0
1998-12-16,21.056,21.056,20.529,20.714,1336190,0
1998-12-17,20.946,21.056,20.373,20.751,635641,0
1998-12-18,20.455,20.529,19.964,19.964,4033044,0
1998-12-21,19.964,20.864,19.92,19.92,945975,0
1998-12-22,19.964,20.529,19.964,20.529,804742,0
1998-12-23,20.224,22.335,20.224,22.335,1555209,0
1998-12-24,21.807,22.261,21.807,22.111,378454,0
1998-12-28,22.186,22.455,21.695,21.77,472505,0
1998-12-29,21.77,22.603,21.733,22.565,564782,0
1998-12-30,22.641,22.641,21.733,21.964,818107,0
1998-12-31,21.999,21.999,21.131,21.584,777847,0
1999-01-04,21.621,21.621,20.714,20.9,2231437,0
1999-01-05,20.981,21.131,20.602,20.641,1366625,0
1999-01-06,20.641,20.788,20.262,20.788,1556500,0
1999-01-07,20.455,20.491,19.659,19.881,1418319,0
1999-01-08,19.697,20.149,19.623,20.112,2668349,0
1999-01-11,20.001,20.455,19.964,20.373,1046794,0
1999-01-12,20.373,20.714,20.262,20.714,1247453,0
1999-01-13,20.224,21.056,20.112,20.714,1068210,0
1999-01-14,20.714,20.981,20.565,20.678,1391266,0
1999-01-15,21.131,21.925,20.827,21.733,1841868,0
1999-01-19,21.695,21.999,21.584,21.621,2564317,0
1999-01-20,21.621,21.621,20.529,20.529,1734776,0
1999-01-21,20.565,20.678,20.262,20.491,2529852,0
1999-01-22,20.373,20.827,20.188,20.491,960311,0
1999-01-25,20.455,20.602,20.299,20.491,1050175,0
1999-01-26,20.529,20.946,20.299,20.864,1781321,0
1999-01-27,20.714,21.658,20.41,21.584,1871502,0
1999-01-28,21.695,21.925,21.546,21.658,1033907,0
1999-01-29,21.621,21.621,21.019,21.355,1071915,0
1999-02-01,21.317,21.317,20.9,20.981,506484,0
1999-02-02,20.641,21.019,20.623,20.714,818747,0
1999-02-03,20.714,20.9,20.641,20.827,1348107,0
1999-02-04,20.714,20.827,20.602,20.678,737101,0
1999-02-05,20.678,20.788,20.224,20.299,668661,0
1999-02-08,20.075,20.224,19.733,20.224,963370,0
1999-02-09,20.075,20.149,19.473,19.584,1347625,0
1999-02-10,19.473,19.509,19.207,19.43,977701,0
1999-02-11,19.473,19.808,19.169,19.769,824387,0
1999-02-12,19.623,19.623,19.39,19.584,794596,0
1999-02-16,19.92,20.262,19.92,20.224,921493,0
1999-02-17,19.964,20.373,19.659,19.697,380228,0
1999-02-18,19.584,19.808,19.39,19.473,635487,0
1999-02-19,19.317,20.001,19.02,19.769,1414454,0
1999-02-22,19.317,19.39,18.865,19.317,2541609,0
1999-02-23,19.39,19.881,19.317,19.509,1523322,0
1999-02-24,19.509,19.623,19.355,19.473,1197528,0
1999-02-25,19.509,19.509,19.169,19.43,931159,0
1999-02-26,19.43,19.43,18.566,18.714,923106,0
1999-03-01,18.188,19.131,18.188,19.057,1172730,0
1999-03-02,18.983,19.584,18.899,19.02,1227483,0
1999-03-03,18.899,20.001,18.899,19.43,2382818,0
1999-03-04,19.584,21.131,19.584,20.602,1679696,0
1999-03-05,20.678,21.056,20.491,20.981,1675513,0
1999-03-08,20.602,20.9,20.41,20.864,791214,0
1999-03-09,20.714,21.056,20.565,20.9,576702,0
1999-03-10,20.946,20.946,20.41,20.602,1135847,0
1999-03-11,20.602,20.751,20.336,20.455,1501261,0
1999-03-12,20.491,20.788,20.491,20.714,874633,0
1999-03-15,20.641,21.317,20.641,21.242,1028437,0
1999-03-16,21.695,21.77,21.511,21.658,1751685,0
1999-03-17,21.684,21.684,21.192,21.379,960791,0
1999-03-18,21.229,21.759,21.229,21.684,543531,0
1999-03-19,21.379,21.647,21.118,21.156,818429,0
1999-03-22,20.628,20.741,20.545,20.583,816336,0
1999-03-23,20.324,20.361,19.907,19.907,839687,0
1999-03-24,19.945,20.211,19.796,19.834,929874,0
1999-03-25,19.872,20.175,19.796,20.175,425001,0
1999-03-26,20.175,20.175,19.492,19.64,948877,0
1999-03-29,18.817,20.211,18.817,20.129,812952,0
1999-03-30,19.039,19.528,19.002,19.039,1269675,0
1999-03-31,18.77,18.888,18.13,18.279,1940910,0
1999-04-01,18.438,18.548,17.984,18.548,1048561,0
1999-04-05,18.208,18.926,18.208,18.77,1136014,0
1999-04-06,18.279,18.733,18.279,18.733,956123,0
1999-04-07,18.697,18.697,17.717,17.945,1112659,0
1999-04-08,17.945,18.13,17.678,17.945,1190120,0
1999-04-09,17.945,18.13,17.491,18.095,991229,0
1999-04-12,18.095,18.398,17.678,18.398,696518,0
1999-04-13,19.039,19.267,18.279,18.317,1068210,0
1999-04-14,18.317,18.398,17.604,17.604,883007,0
1999-04-15,17.908,18.095,17.53,18.057,1241817,0
1999-04-16,18.438,18.733,18.279,18.438,1132467,0
1999-04-19,18.438,18.697,17.828,17.864,965464,0
1999-04-20,18.279,18.926,18.279,18.733,2326935,0
1999-04-21,18.888,20.095,18.733,20.095,1191410,0
1999-04-22,20.095,20.095,19.64,19.872,1118135,0
1999-04-23,19.872,20.018,19.64,19.872,527100,0
1999-04-26,19.834,20.095,19.757,20.057,669460,0
1999-04-27,20.095,21.759,20.095,21.72,2934552,0
1999-04-28,21.72,22.063,21.684,22.063,2034964,0
1999-04-29,22.024,22.212,21.037,21.192,630973,0
1999-04-30,21.037,21.416,20.398,20.853,816336,0
1999-05-03,20.741,21.269,20.741,21.229,447545,0
1999-05-04,21.081,21.156,20.665,20.665,368307,0
1999-05-05,20.702,21.229,20.25,21.229,502779,0
1999-05-06,21.156,21.156,20.287,20.545,696840,0
1999-05-07,20.583,20.853,19.757,19.796,1000572,0
1999-05-10,20.175,20.361,19.757,19.834,458013,0
1999-05-11,19.834,20.545,19.677,20.435,488128,0
1999-05-12,20.287,20.324,19.834,20.057,515668,0
1999-05-13,20.057,20.474,19.834,20.324,334490,0
1999-05-14,19.907,20.25,19.677,20.129,663662,0
1999-05-17,20.018,20.018,19.677,19.796,463812,0
1999-05-18,19.796,20.583,19.64,20.545,933739,0
1999-05-19,21.305,21.416,20.815,20.963,3093511,0
1999-05-20,20.963,21.379,20.888,21.156,780101,0
1999-05-21,21.118,21.305,20.888,21.305,816172,0
1999-05-24,21.454,21.647,21.269,21.533,1191733,0
1999-05-25,21.454,22.137,21.416,21.945,1793719,0
1999-05-26,21.794,22.441,21.492,21.987,1693870,0
1999-05-27,21.833,21.833,21.192,21.609,802806,0
1999-05-28,21.609,22.286,21.609,21.906,1324590,0
1999-06-01,21.833,21.833,21.192,21.454,1098812,0
1999-06-02,21.454,21.454,20.927,20.963,580730,0
1999-06-03,21.118,21.379,20.963,21.305,389088,0
1999-06-04,21.416,22.359,21.269,22.359,1406084,0
1999-06-07,22.063,22.665,21.987,22.553,989781,0
1999-06-08,22.286,22.478,21.684,21.906,869640,0
1999-06-09,21.609,22.249,21.609,22.249,650294,0
1999-06-10,21.906,22.063,21.379,21.684,602633,0
1999-06-11,21.533,21.684,20.474,21.081,951773,0
1999-06-14,21.229,21.492,21,21.305,481364,0
1999-06-15,20.628,21.269,20.628,20.665,1099295,0
1999-06-16,20.572,20.572,19.893,20.275,2034157,0
1999-06-17,20.572,20.572,19.859,20.195,693139,0
1999-06-18,20.229,20.229,19.362,19.441,2013543,0
1999-06-21,19.74,20.156,19.398,20.044,2081667,0
1999-06-22,20.006,20.572,19.704,19.74,1977145,0
1999-06-23,19.893,19.97,19.515,19.591,716814,0
1999-06-24,19.479,19.553,19.026,19.175,1577593,0
1999-06-25,19.175,19.776,19.156,19.286,545458,0
1999-06-28,19.441,19.859,19.286,19.441,646275,0
1999-06-29,19.062,20.572,18.834,20.195,1502064,0
1999-06-30,19.74,19.74,18.001,18.001,3281771,0
1999-07-01,18.528,19.286,18.528,19.136,2947285,0
1999-07-02,19.362,19.666,19.25,19.479,842266,0
1999-07-06,19.479,19.479,18.797,18.871,726150,0
1999-07-07,18.871,18.871,18.418,18.61,1205259,0
1999-07-08,18.759,18.759,18.343,18.418,1229575,0
1999-07-09,18.418,19.213,18.418,18.759,1502865,0
1999-07-12,18.906,18.944,18.232,18.61,475081,0
1999-07-13,18.232,18.683,18.232,18.418,1785185,0
1999-07-14,18.194,18.343,17.925,17.964,1362760,0
1999-07-15,17.964,18.456,17.925,18.232,1278534,0
1999-07-16,18.269,18.418,18.001,18.149,700057,0
1999-07-19,18.076,18.149,17.623,17.777,944366,0
1999-07-20,17.925,18.232,17.547,17.777,994933,0
1999-07-21,18.076,18.076,17.242,17.318,1034554,0
1999-07-22,17.318,17.512,16.983,16.983,904107,0
1999-07-23,17.02,17.131,16.374,16.531,1392232,0
1999-07-26,16.113,16.447,15.919,15.959,1970866,0
1999-07-27,16.411,17.207,16.299,16.864,3285637,0
1999-07-28,17.02,17.854,16.983,17.547,4739387,0
1999-07-29,17.318,17.659,17.242,17.659,2403112,0
1999-07-30,17.816,17.816,17.131,17.659,2183769,0
1999-08-02,17.473,17.473,17.02,17.131,695231,0
1999-08-03,17.17,17.399,17.17,17.28,619699,0
1999-08-04,17.28,17.28,16.337,16.374,2996399,0
1999-08-05,16.374,16.411,15.997,16.26,1693545,0
1999-08-06,16.568,17.02,16.447,16.531,1510280,0
1999-08-09,16.531,17.131,16.531,17.095,1119583,0
1999-08-10,17.095,17.28,16.946,17.131,1577431,0
1999-08-11,17.058,17.242,16.864,17.058,1620432,0
1999-08-12,17.131,17.28,16.946,16.946,814564,0
1999-08-13,17.058,17.659,17.058,17.512,1479678,0
1999-08-16,17.437,17.473,16.864,16.946,990101,0
1999-08-17,16.946,17.058,16.826,17.02,1175467,0
1999-08-18,17.02,17.17,16.902,17.095,682832,0
1999-08-19,17.058,17.058,16.485,16.753,1293672,0
1999-08-20,16.826,16.826,16.26,16.568,895408,0
1999-08-23,16.641,16.864,16.604,16.826,808285,0
1999-08-24,16.753,17.095,16.677,17.02,873989,0
1999-08-25,17.02,17.399,16.864,17.318,1978754,0
1999-08-26,17.242,17.659,17.242,17.623,1374675,0
1999-08-27,17.623,17.733,17.095,17.131,623567,0
1999-08-30,17.131,17.207,16.716,16.902,739355,0
1999-08-31,17.242,17.318,17.02,17.207,1731877,0
1999-09-01,17.207,17.207,16.753,16.902,523074,0
1999-09-02,16.677,16.677,16.337,16.447,523234,0
1999-09-03,16.568,16.677,16.337,16.374,959027,0
1999-09-07,16.374,16.374,16.113,16.225,770120,0
1999-09-08,16.225,16.411,15.884,16.299,704411,0
1999-09-09,16.299,16.299,15.735,15.772,683798,0
1999-09-10,15.809,15.846,15.431,15.467,776237,0
1999-09-13,15.393,15.809,15.28,15.393,765124,0
1999-09-14,15.244,15.356,14.784,14.94,809893,0
1999-09-15,15.077,15.455,14.928,15.114,1523968,0
1999-09-16,15.188,15.306,14.846,15.039,734687,0
1999-09-17,15.151,15.455,15.077,15.077,1336190,0
1999-09-20,15.227,15.262,14.772,15.188,665762,0
1999-09-21,15.381,15.642,15.262,15.381,1294317,0
1999-09-22,15.455,15.604,15.002,15.493,1157751,0
1999-09-23,15.493,15.493,14.587,14.736,1093172,0
1999-09-24,14.772,15.077,14.467,14.736,649013,0
1999-09-27,15.077,15.077,14.393,14.467,545940,0
1999-09-28,14.393,14.66,13.827,14.09,1096555,0
1999-09-29,14.245,14.467,14.015,14.09,907645,0
1999-09-30,14.127,14.127,13.636,13.674,1137938,0
1999-10-01,13.561,13.599,13.296,13.487,1498362,0
1999-10-04,13.636,13.79,12.952,13.258,1146317,0
1999-10-05,13.561,13.561,13.145,13.33,947591,0
1999-10-06,13.487,14.698,13.487,14.66,1188183,0
1999-10-07,14.698,15.077,14.282,14.356,1103964,0
1999-10-08,14.467,14.772,14.43,14.736,665438,0
1999-10-11,14.736,14.736,14.467,14.467,616317,0
1999-10-12,14.393,14.43,13.903,14.09,510677,0
1999-10-13,14.17,14.17,13.414,13.414,545297,0
1999-10-14,13.414,14.17,13.414,13.866,1048077,0
1999-10-15,14.17,14.17,13.33,13.37,875599,0
1999-10-18,13.487,13.866,13.258,13.748,546746,0
1999-10-19,14.09,14.245,13.636,13.866,855309,0
1999-10-20,14.015,14.17,13.748,14.09,1432011,0
1999-10-21,14.09,14.319,13.827,14.09,610200,0
1999-10-22,14.207,14.393,14.09,14.356,1199142,0
1999-10-25,14.319,14.55,14.127,14.356,674133,0
1999-10-26,14.282,14.467,13.977,14.319,1031331,0
1999-10-27,14.506,14.809,14.127,14.698,853056,0
1999-10-28,15.077,15.262,14.928,15.227,1371939,0
1999-10-29,15.455,15.908,15.306,15.493,1035520,0
1999-11-01,15.493,15.493,15.039,15.306,554476,0
1999-11-02,15.343,15.343,14.55,14.55,796851,0
1999-11-03,14.772,15.53,14.587,15.493,1003473,0
1999-11-04,15.381,15.42,13.939,14.17,1772936,0
1999-11-05,14.17,14.393,13.866,13.939,1343921,0
1999-11-08,13.939,14.43,13.827,14.282,1590479,0
1999-11-09,14.319,14.319,13.37,13.599,1468566,0
1999-11-10,13.448,13.748,13.033,13.258,1655056,0
1999-11-11,13.296,13.33,11.556,12.35,9649641,0
1999-11-12,12.574,13.219,12.197,13.182,3517218,0
1999-11-15,13.414,13.561,13.145,13.33,2585571,0
1999-11-17,13.414,13.939,13.296,13.296,1125707,0
1999-11-18,13.33,13.414,13.219,13.33,1512047,0
1999-11-19,13.561,13.711,13.258,13.296,1330231,0
1999-11-22,13.33,14.015,13.296,13.674,2247218,0
1999-11-23,13.674,13.79,13.414,13.599,1473725,0
1999-11-24,13.748,13.866,13.636,13.674,2335953,0
1999-11-26,13.79,13.79,13.33,13.33,626468,0
1999-11-29,13.37,13.414,12.88,12.99,1386597,0
1999-11-30,12.952,13.07,12.692,12.839,1708360,0
1999-12-01,12.756,12.903,12.674,12.792,1583873,0
1999-12-02,12.634,12.717,12.145,12.184,3707246,0
1999-12-03,12.072,12.524,12.034,12.257,3152129,0
1999-12-06,12.294,12.294,11.611,11.65,2150593,0
1999-12-07,11.768,11.841,11.233,11.27,2800730,0
1999-12-08,11.306,11.538,10.929,10.929,2434999,0
1999-12-09,11.046,11.085,10.208,10.283,3213010,0
1999-12-10,10.321,11.427,10.245,11.157,4800585,0
1999-12-13,11.841,11.841,10.929,10.929,4515534,0
1999-12-14,10.853,11.197,10.78,10.966,2403276,0
1999-12-15,10.929,11.233,10.853,11.085,2182963,0
1999-12-16,10.929,11.003,10.588,10.742,1616727,0
1999-12-17,10.929,10.929,10.625,10.892,3298038,0
1999-12-20,10.816,11.003,10.816,11.003,2757404,0
1999-12-21,11.003,11.389,11.003,11.157,2548854,0
1999-12-22,11.233,11.306,11.046,11.233,3947368,0
1999-12-23,11.233,11.389,11.157,11.306,1301886,0
1999-12-27,11.27,11.768,11.046,11.576,1848151,0
1999-12-28,11.804,12.22,11.576,11.916,1925128,0
1999-12-29,12.145,12.563,12.145,12.22,2120796,0
1999-12-30,12.524,12.563,12.376,12.376,1199142,0
1999-12-31,12.22,12.332,12.22,12.22,752080,0
2000-01-03,11.916,12.22,11.389,12.109,1821737,0
2000-01-04,12.22,12.257,11.768,11.804,2310827,0
2000-01-05,11.768,12.145,11.768,11.992,3229107,0
2000-01-06,11.954,12.487,11.954,12.487,2470910,0
2000-01-07,12.717,12.827,12.145,12.634,5892305,0
2000-01-10,13.059,13.133,12.563,12.563,1210090,0
2000-01-11,12.756,12.827,12.413,12.634,1396263,0
2000-01-12,12.978,13.059,12.827,13.059,1693545,0
2000-01-13,13.013,13.059,12.717,12.827,973193,0
2000-01-14,12.903,13.059,12.756,12.941,927457,0
2000-01-18,12.978,13.697,12.903,13.474,1644754,0
2000-01-19,13.317,13.474,13.133,13.401,1596113,0
2000-01-20,13.437,13.661,13.317,13.623,1336837,0
2000-01-21,13.661,14.574,13.586,14.306,2368003,0
2000-01-24,14.344,14.344,13.964,14.082,1384664,0
2000-01-25,14.121,15.748,14.121,15.525,4643247,0
2000-01-26,15.561,15.901,15.486,15.598,2486049,0
2000-01-27,15.598,15.748,14.268,14.461,2765143,0
2000-01-28,14.461,14.5,13.549,13.661,1578239,0
2000-01-31,14.268,15.635,14.194,15.332,2579615,0
2000-02-01,15.332,15.979,15.332,15.829,2478966,0
2000-02-02,15.791,15.939,15.22,15.866,2333856,0
2000-02-03,15.791,17.001,15.791,17.001,2916035,0
2000-02-04,16.889,18.368,16.889,17.723,5953825,0
2000-02-07,17.841,17.878,16.736,17.305,2863053,0
2000-02-08,17.157,17.38,17.001,17.232,1898236,0
2000-02-09,17.157,17.345,17.001,17.345,1667779,0
2000-02-10,17.305,17.498,16.927,17.118,1690006,0
2000-02-11,17.157,17.305,16.966,17.193,1457778,0
2000-02-14,17.193,17.232,16.549,16.889,1282884,0
2000-02-15,16.966,17.193,16.697,16.966,1304302,0
2000-02-16,16.242,16.28,15.71,16.13,2679467,0
2000-02-17,16.13,16.659,16.13,16.473,1066922,0
2000-02-18,16.473,16.473,16.014,16.089,1955082,0
2000-02-22,16.17,16.209,15.598,16.17,2301168,0
2000-02-23,16.089,16.549,15.332,15.332,1460356,0
2000-02-24,15.486,15.486,14.536,14.953,2209048,0
2000-02-25,14.878,14.878,14.232,14.536,1292224,0
2000-02-28,14.461,14.5,14.232,14.461,1774875,0
2000-02-29,14.306,14.574,14.157,14.194,2102924,0
2000-03-01,14.232,14.232,14.039,14.194,1666492,0
2000-03-02,14.003,14.039,13.437,13.964,1443283,0
2000-03-03,13.815,13.892,13.623,13.853,977868,0
2000-03-06,13.778,13.778,12.717,12.941,1623330,0
2000-03-07,12.792,13.245,12.449,12.941,1606902,0
2000-03-08,12.792,13.317,12.717,13.245,1231993,0
2000-03-09,13.097,13.283,12.792,13.245,643213,0
2000-03-10,13.245,13.245,12.674,12.756,773337,0
2000-03-13,12.487,12.524,12.145,12.184,876889,0
2000-03-14,12.184,12.903,12.034,12.6,1322984,0
2000-03-15,12.717,13.853,12.524,13.474,1317669,0
2000-03-16,13.623,14.039,13.623,13.964,1853305,0
2000-03-17,13.99,13.99,13.537,13.537,1480000,0
2000-03-20,13.537,13.803,13.308,13.308,795888,0
2000-03-21,13.152,13.841,13.114,13.454,661896,0
2000-03-22,13.308,13.686,13.077,13.232,674776,0
2000-03-23,13.193,13.419,12.846,13.382,1011677,0
2000-03-24,13.232,13.343,13.077,13.343,739521,0
2000-03-27,12.622,13.077,12.622,12.622,785255,0
2000-03-28,12.736,13.193,12.622,12.93,785740,0
2000-03-29,12.93,13.343,12.892,13.152,806194,0
2000-03-30,13.152,13.382,12.81,13.152,1235860,0
2000-03-31,13.308,13.308,12.964,13.114,977543,0
2000-04-03,12.964,13.501,12.736,13.454,2563835,0
2000-04-04,13.537,13.76,12.964,13.343,2418733,0
2000-04-05,13.152,13.454,13.152,13.382,1351002,0
2000-04-06,13.382,13.382,12.238,12.505,1262917,0
2000-04-07,12.544,12.586,11.978,12.203,2452552,0
2000-04-10,12.165,12.505,12.016,12.238,1313483,0
2000-04-11,12.395,13.152,12.395,13.003,1462930,0
2000-04-12,12.774,13.193,12.774,12.846,640315,0
2000-04-13,12.697,13.308,12.622,13.114,859171,0
2000-04-14,12.93,13.041,12.357,12.505,1020382,0
2000-04-17,12.846,12.964,12.32,12.93,969812,0
2000-04-18,12.81,13.419,12.81,13.077,1771811,0
2000-04-19,13.152,13.686,13.077,13.077,696678,0
2000-04-20,13.232,13.308,12.81,13.077,1231029,0
2000-04-24,13.077,13.232,12.93,13.152,1465505,0
2000-04-25,13.382,14.407,13.152,14.183,1862325,0
2000-04-26,14.524,14.524,13.76,13.841,1434426,0
2000-04-27,13.501,13.686,13.152,13.193,667851,0
2000-04-28,13.271,13.343,12.846,12.964,2661264,0
2000-05-01,12.467,12.93,12.467,12.736,1533307,0
2000-05-02,12.662,12.81,12.467,12.544,1625103,0
2000-05-03,12.505,12.697,12.395,12.467,1026987,0
2000-05-04,12.467,12.93,12.467,12.736,380549,0
2000-05-05,12.662,12.662,12.282,12.357,512122,0
2000-05-08,12.505,12.544,12.32,12.432,1277406,0
2000-05-09,12.697,12.964,12.622,12.81,989945,0
2000-05-10,12.774,12.964,12.697,12.846,1096069,0
2000-05-11,12.964,13.152,12.81,13.152,2089234,0
2000-05-12,13.308,13.454,13.003,13.077,1013294,0
2000-05-15,13.382,13.951,13.003,13.003,2098735,0
2000-05-16,10.189,10.189,8.8984,9.731,32731064,0
2000-05-17,9.581,9.81,9.3156,9.731,11571553,0
2000-05-18,9.886,9.922,9.203,9.203,6016473,0
2000-05-19,9.581,9.692,8.8164,8.8984,6195874,0
2000-05-22,8.9348,9.203,8.5134,9.1218,3830293,0
2000-05-23,9.2401,9.4266,9.1218,9.3156,4336777,0
2000-05-24,9.3891,10.263,9.3527,10.032,7618545,0
2000-05-25,9.997,10.263,9.922,10.079,4035619,0
2000-05-26,9.997,10.458,9.961,10.34,2648867,0
2000-05-30,10.34,10.418,10.263,10.302,1784054,0
2000-05-31,10.227,10.495,10.117,10.418,2668028,0
2000-06-01,10.34,10.91,10.302,10.872,2306160,0
2000-06-02,10.947,11.138,10.872,11.065,3232972,0
2000-06-05,11.065,11.333,10.872,10.947,1789528,0
2000-06-06,10.641,11.556,10.641,11.214,1989222,0
2000-06-07,11.214,11.446,10.947,11.177,1121516,0
2000-06-08,10.947,11.065,10.761,11.028,1093653,0
2000-06-09,10.985,11.028,10.495,10.606,905552,0
2000-06-12,10.606,10.681,10.418,10.495,1112340,0
2000-06-13,10.418,10.641,10.418,10.57,693139,0
2000-06-14,10.495,10.681,10.495,10.606,1084959,0
2000-06-15,10.641,10.641,10.418,10.531,886391,0
2000-06-16,10.032,10.606,10.032,10.531,1734776,0
2000-06-19,10.227,10.641,10.151,10.57,1777935,0
2000-06-20,10.57,10.606,10.227,10.34,1619464,0
2000-06-21,10.377,10.418,10.117,10.189,671233,0
2000-06-22,10.117,10.151,10.079,10.117,602148,0
2000-06-23,10.189,10.189,9.922,9.961,561242,0
2000-06-26,9.997,10.377,9.922,10.189,1013455,0
2000-06-27,10.302,10.34,10.151,10.302,1165962,0
2000-06-28,10.34,10.34,9.886,10.239,929064,0
2000-06-29,10.189,10.302,9.997,10.189,952421,0
2000-06-30,10.227,10.263,9.81,9.922,1770529,0
2000-07-03,10.079,10.418,10.032,10.263,811664,0
2000-07-05,10.263,10.761,10.227,10.57,1227483,0
2000-07-06,10.57,10.761,10.458,10.761,1055491,0
2000-07-07,10.606,10.872,10.57,10.681,1171601,0
2000-07-10,10.681,10.724,10.458,10.531,1369363,0
2000-07-11,10.681,10.798,10.531,10.681,1162421,0
2000-07-12,10.681,10.761,10.606,10.681,883326,0
2000-07-13,10.761,11.102,10.724,11.102,1589031,0
2000-07-14,11.028,11.214,10.798,10.947,833087,0
2000-07-17,10.872,10.872,10.495,10.625,923753,0
2000-07-18,10.798,11.369,10.798,11.214,1812399,0
2000-07-19,11.479,11.859,11.369,11.479,2481701,0
2000-07-20,11.517,11.749,11.289,11.369,1613673,0
2000-07-21,11.517,11.517,11.214,11.251,1234086,0
2000-07-24,11.369,11.749,11.177,11.407,1628968,0
2000-07-25,11.479,11.709,11.407,11.637,863360,0
2000-07-26,11.593,11.637,11.369,11.369,1046148,0
2000-07-27,11.517,11.673,11.333,11.333,692977,0
2000-07-28,11.479,11.637,11.407,11.479,767862,0
2000-07-31,11.637,11.788,11.556,11.788,1127152,0
2000-08-01,11.749,12.088,11.556,11.978,735007,0
2000-08-02,12.016,12.088,11.709,12.052,490705,0
2000-08-03,11.978,12.016,11.709,11.788,662214,0
2000-08-04,11.898,12.505,11.593,12.203,1312351,0
2000-08-07,12.203,12.238,12.016,12.127,655933,0
2000-08-08,12.622,12.736,12.505,12.544,1239399,0
2000-08-09,12.622,12.697,12.357,12.395,741128,0
2000-08-10,12.467,12.505,12.203,12.238,611488,0
2000-08-11,12.357,12.774,12.32,12.467,694105,0
2000-08-14,12.622,12.736,12.467,12.697,480877,0
2000-08-15,12.622,12.736,12.432,12.544,766736,0
2000-08-16,12.395,12.467,12.052,12.32,1157430,0
2000-08-17,12.32,12.432,12.165,12.165,1201237,0
2000-08-18,12.016,12.282,12.016,12.165,1251155,0
2000-08-21,12.165,12.32,12.052,12.165,1511246,0
2000-08-22,12.165,12.282,12.052,12.203,798621,0
2000-08-23,12.165,12.282,12.088,12.203,612295,0
2000-08-24,12.203,12.238,12.016,12.088,499559,0
2000-08-25,12.016,12.016,11.479,11.593,898954,0
2000-08-28,11.637,12.544,11.593,12.203,2515196,0
2000-08-29,12.203,12.238,11.407,11.673,821975,0
2000-08-30,11.673,11.941,11.517,11.517,903625,0
2000-08-31,11.369,11.556,11.251,11.338,1419445,0
2000-09-01,11.333,11.859,11.289,11.479,797496,0
2000-09-05,11.333,11.788,11.214,11.517,972707,0
2000-09-06,11.289,11.673,11.289,11.556,1658440,0
2000-09-07,11.556,11.556,11.138,11.177,718582,0
2000-09-08,11.102,11.138,10.641,11.028,1509309,0
2000-09-11,11.028,11.028,10.872,10.91,662380,0
2000-09-12,10.91,11.177,10.798,11.138,575252,0
2000-09-13,11.138,11.138,10.681,10.836,748697,0
2000-09-14,10.761,10.836,10.189,10.302,1600945,0
2000-09-15,10.363,10.899,10.289,10.289,1578398,0
2000-09-18,10.363,10.445,10.135,10.215,1021025,0
2000-09-19,10.215,10.215,10.097,10.215,688146,0
2000-09-20,10.327,10.327,9.719,9.757,3579056,0
2000-09-21,9.829,10.02,9.757,9.829,1023119,0
2000-09-22,9.91,10.251,9.829,9.91,847579,0
2000-09-25,10.059,10.059,9.719,9.719,1071915,0
2000-09-26,9.757,9.986,9.719,9.91,815047,0
2000-09-27,9.949,9.986,9.791,9.949,520655,0
2000-09-28,9.986,10.02,9.829,9.949,409861,0
2000-09-29,10.02,10.02,9.719,9.719,637251,0
2000-10-02,9.757,10.097,9.757,10.02,973354,0
2000-10-03,9.91,10.097,9.872,9.949,763995,0
2000-10-04,9.986,10.135,9.679,9.757,540789,0
2000-10-05,9.949,10.215,9.719,9.829,1180459,0
2000-10-06,9.949,10.135,9.791,9.791,1024890,0
2000-10-09,9.872,10.059,9.829,9.829,624209,0
2000-10-10,9.949,9.986,9.791,9.791,940017,0
2000-10-11,9.872,9.91,9.606,9.719,859815,0
2000-10-12,9.757,9.791,9.3773,9.4504,1401253,0
2000-10-13,9.563,9.606,9.1841,9.2949,1126831,0
2000-10-16,9.4504,9.526,9.2212,9.2949,782835,0
2000-10-17,9.606,10.667,9.526,10.63,11348346,0
2000-10-18,10.63,10.667,9.91,10.4,883815,0
2000-10-19,10.289,10.557,10.097,10.557,775913,0
2000-10-20,10.713,10.748,10.177,10.289,532900,0
2000-10-23,10.363,10.363,10.177,10.251,509385,0
2000-10-24,10.363,10.482,10.251,10.482,737261,0
2000-10-25,10.63,10.748,10.4,10.482,623725,0
2000-10-26,10.4,10.667,10.289,10.63,918112,0
2000-10-27,10.748,11.128,10.667,11.015,1236503,0
2000-10-30,11.128,11.202,10.86,11.128,741128,0
2000-10-31,11.052,11.24,10.899,11.202,568648,0
2000-11-01,11.202,11.625,11.128,11.504,1433463,0
2000-11-02,11.663,11.735,11.433,11.468,3116218,0
2000-11-03,11.468,11.663,11.468,11.663,545618,0
2000-11-06,11.625,11.775,11.625,11.775,457367,0
2000-11-07,11.775,11.853,11.015,11.24,1108635,0
2000-11-08,11.319,11.504,11.164,11.24,860626,0
2000-11-09,11.283,11.816,11.283,11.735,772049,0
2000-11-10,11.735,12.158,11.735,12.158,1440546,0
2000-11-13,12.197,12.197,11.551,12.041,1343755,0
2000-11-14,12.004,12.158,11.625,12.077,884778,0
2000-11-15,11.965,12.004,11.735,11.891,726631,0
2000-11-16,12.004,12.004,11.775,11.929,443356,0
2000-11-17,11.965,12.004,11.663,11.816,673973,0
2000-11-20,11.891,12.197,11.663,11.891,1851050,0
2000-11-21,11.775,13.375,11.775,13.375,3345548,0
2000-11-22,12.917,12.917,12.041,12.655,1349555,0
2000-11-24,12.655,12.729,12.538,12.655,290685,0
2000-11-27,12.538,12.769,12.344,12.729,649979,0
2000-11-28,12.769,13.225,12.729,13.182,1238596,0
2000-11-29,13.133,13.437,13.02,13.437,1081573,0
2000-11-30,13.437,13.437,13.289,13.401,1136815,0
2000-12-01,13.206,13.251,12.941,13.059,1099777,0
2000-12-04,12.984,13.206,12.903,12.984,975448,0
2000-12-05,12.903,13.667,12.827,13.555,3122662,0
2000-12-06,13.592,13.704,13.324,13.667,592969,0
2000-12-07,13.592,14.127,13.519,14.015,2215816,0
2000-12-08,12.827,12.827,12.028,12.178,3155350,0
2000-12-11,12.102,12.102,11.19,11.264,1896465,0
2000-12-12,11.3,11.492,11.144,11.144,1088020,0
2000-12-13,11.19,11.414,11.144,11.338,561724,0
2000-12-14,11.264,11.3,10.841,10.879,658188,0
2000-12-15,10.767,11.034,10.767,10.803,1568411,0
2000-12-18,10.961,11.264,10.767,11.073,587326,0
2000-12-19,11.144,11.414,11.109,11.264,899756,0
2000-12-20,11.3,11.57,11.109,11.459,1153726,0
2000-12-21,11.459,11.57,11.3,11.375,644018,0
2000-12-22,11.3,11.722,11.19,11.492,818107,0
2000-12-26,11.459,11.643,11.375,11.375,464938,0
2000-12-27,11.459,11.605,11.375,11.57,837593,0
2000-12-28,11.643,11.679,11.414,11.531,813275,0
2000-12-29,11.531,11.679,11.492,11.605,532737,0
2001-01-02,11.492,11.57,11.227,11.227,426769,0
2001-01-03,11.375,11.605,11.19,11.264,957574,0
2001-01-04,11.227,11.375,10.941,11.144,770597,0
2001-01-05,11.144,11.338,11.034,11.073,536283,0
2001-01-08,10.841,11.264,10.767,10.996,824069,0
2001-01-09,10.996,11.264,10.996,11.144,570586,0
2001-01-10,11.073,11.227,10.996,11.109,653357,0
2001-01-11,11.144,11.19,10.575,10.575,1192217,0
2001-01-12,10.5,10.916,10.5,10.767,812632,0
2001-01-16,10.648,10.916,10.382,10.5,1194311,0
2001-01-17,10.537,10.612,10.5,10.537,754978,0
2001-01-18,10.5,10.537,10.308,10.345,771566,0
2001-01-19,10.345,10.612,10.345,10.537,1138909,0
2001-01-22,10.692,11.034,10.648,10.961,1205904,0
2001-01-23,11.375,11.605,11.034,11.492,2019338,0
2001-01-24,11.492,12.065,11.492,11.91,1328296,0
2001-01-25,12.065,12.065,11.799,11.871,1025695,0
2001-01-26,11.871,12.028,11.799,11.91,539340,0
2001-01-29,11.971,12.127,11.793,11.978,672685,0
2001-01-30,11.878,12.22,11.847,12.203,917795,0
2001-01-31,12.203,12.674,11.847,12.344,1523968,0
2001-02-01,12.37,12.648,11.847,12.607,1183197,0
2001-02-02,12.558,12.655,12.376,12.563,843873,0
2001-02-05,12.569,13.114,12.558,12.984,1084152,0
2001-02-06,12.984,13.009,12.834,12.839,830350,0
2001-02-07,12.839,13.07,12.834,13.033,896217,0
2001-02-08,13.033,13.561,13.033,13.356,1113949,0
2001-02-09,13.356,13.512,12.984,13.2,638383,0
2001-02-12,13.165,13.461,13.047,13.317,864330,0
2001-02-13,13.07,13.225,13.07,13.182,617608,0
2001-02-14,13.182,13.317,13.009,13.059,834371,0
2001-02-15,12.91,13.317,12.22,12.774,1991481,0
2001-02-16,12.93,13.425,12.827,13.425,1297862,0
2001-02-20,13.419,13.437,13.165,13.37,997993,0
2001-02-21,13.363,14.053,13.213,13.946,2205991,0
2001-02-22,13.898,14.053,13.724,14.021,3257131,0
2001-02-23,13.99,13.99,13.102,13.289,1016996,0
2001-02-26,13.437,13.99,13.165,13.785,1315413,0
2001-02-27,13.866,13.951,13.656,13.772,1027464,0
2001-02-28,13.929,14.039,13.656,13.866,1227806,0
2001-03-01,14.109,14.599,13.929,14.442,1805795,0
2001-03-02,14.536,14.593,13.866,14.127,1513012,0
2001-03-05,14.053,14.202,13.803,13.916,1222649,0
2001-03-06,13.898,14.053,13.686,13.767,1012810,0
2001-03-07,13.767,14.145,13.686,13.892,759491,0
2001-03-08,14.021,14.306,14.009,14.306,708757,0
2001-03-09,14.082,14.506,13.935,14.294,713268,0
2001-03-12,14.294,14.35,13.916,13.97,689754,0
2001-03-13,13.898,14.015,13.467,13.736,890418,0
2001-03-14,13.133,13.437,13.07,13.363,786383,0
2001-03-15,13.317,13.656,13.121,13.599,631134,0
2001-03-16,12.853,13.697,12.853,13.425,1807890,0
2001-03-19,13.43,13.656,13.317,13.442,686856,0
2001-03-20,13.43,13.43,13.047,13.109,650462,0
2001-03-21,12.971,13.065,12.729,12.873,609715,0
2001-03-22,12.544,12.941,12.449,12.898,1443606,0
2001-03-23,12.898,13.033,12.445,13.027,989297,0
2001-03-26,13.027,13.121,12.853,13.033,859011,0
2001-03-27,13.003,13.182,12.978,13.182,811344,0
2001-03-28,13.158,13.337,12.866,12.923,703278,0
2001-03-29,10.86,11.258,10.86,11.079,4785124,0
2001-03-30,11.079,11.079,10.81,10.879,2012904,0
2001-04-02,10.879,10.972,10.798,10.879,1848151,0
2001-04-03,10.922,10.954,10.295,10.345,1353422,0
2001-04-04,10.327,10.363,9.973,10.158,1779224,0
2001-04-05,10.283,10.283,9.791,9.949,5593405,0
2001-04-06,9.916,9.942,9.798,9.916,3308181,0
2001-04-09,9.916,10.005,9.834,9.922,1933987,0
2001-04-10,10.065,10.123,9.992,10.097,2413902,0
2001-04-11,9.973,10.22,9.719,10.01,5384214,0
2001-04-12,10.01,10.314,9.854,10.314,3351499,0
2001-04-16,10.345,11.258,10.345,10.954,2768040,0
2001-04-17,10.83,10.947,10.774,10.935,1137299,0
2001-04-18,10.794,11.202,10.767,11.121,923106,0
2001-04-19,11.446,11.474,10.774,10.954,1208643,0
2001-04-20,10.86,11.097,10.713,10.978,1149700,0
2001-04-23,11.227,11.414,11.073,11.138,1080452,0
2001-04-24,11.258,11.382,11.183,11.19,544009,0
2001-04-25,11.109,11.474,11.015,11.246,503586,0
2001-04-26,11.097,11.171,10.954,11.022,1763280,0
2001-04-27,11.022,11.433,11.015,11.4,1371617,0
2001-04-30,11.4,11.463,11.079,11.097,862074,0
2001-05-01,11.046,11.427,11.046,11.362,762382,0
2001-05-02,11.214,11.277,10.713,11.034,1375966,0
2001-05-03,11.015,11.079,10.648,10.78,687179,0
2001-05-04,10.588,11.01,10.557,10.922,635161,0
2001-05-07,10.892,11.171,10.774,11.015,1321210,0
2001-05-08,10.86,11.202,10.525,10.836,1389174,0
2001-05-09,10.86,10.916,10.593,10.648,715361,0
2001-05-10,10.83,10.83,10.464,10.5,812314,0
2001-05-11,10.618,10.706,10.475,10.636,568165,0
2001-05-14,10.636,10.83,10.57,10.78,858047,0
2001-05-15,10.681,10.899,10.661,10.78,543531,0
2001-05-16,10.648,11.202,10.588,11.102,598443,0
2001-05-17,11.227,11.227,10.892,10.941,466705,0
2001-05-18,10.941,10.99,10.774,10.99,639343,0
2001-05-21,10.954,10.985,10.557,10.729,823421,0
2001-05-22,10.736,10.736,10.445,10.5,965302,0
2001-05-23,10.525,10.525,10.251,10.382,1482094,0
2001-05-24,10.4,10.5,10.345,10.458,744672,0
2001-05-25,10.464,10.518,10.352,10.382,704090,0
2001-05-29,10.233,10.371,10.145,10.34,2265094,0
2001-05-30,10.371,10.495,10.22,10.245,1098001,0
2001-05-31,10.314,10.388,10.129,10.208,744510,0
2001-06-01,10.345,10.495,10.164,10.413,942114,0
2001-06-04,10.4,10.406,10.189,10.34,583305,0
2001-06-05,10.314,10.4,10.251,10.314,993806,0
2001-06-06,10.388,10.495,10.239,10.4,1623172,0
2001-06-07,10.431,10.495,10.345,10.438,1681468,0
2001-06-08,10.413,10.495,10.406,10.464,558503,0
2001-06-11,10.464,10.464,10.363,10.371,749179,0
2001-06-12,10.345,10.4,10.251,10.295,4495082,0
2001-06-13,10.295,10.393,10.196,10.283,570264,0
2001-06-14,10.302,10.302,10.01,10.026,657547,0
2001-06-15,9.968,10.151,9.936,9.949,1525417,0
2001-06-18,9.956,9.956,9.757,9.769,755303,0
2001-06-19,9.816,9.872,9.692,9.816,936474,0
2001-06-20,9.816,9.936,9.757,9.816,753688,0
2001-06-21,9.786,9.968,9.738,9.942,959666,0
2001-06-22,9.942,9.956,9.757,9.847,1026500,0
2001-06-25,9.922,10.051,9.88,9.997,926973,0
2001-06-26,9.88,9.968,9.816,9.847,1461323,0
2001-06-27,9.816,9.968,9.786,9.949,767220,0
2001-06-28,9.968,10.276,9.968,10.184,994131,0
2001-06-29,10.34,10.34,10.026,10.026,1788722,0
2001-07-02,10.059,10.22,9.979,10.158,1190445,0
2001-07-03,10.184,10.327,10.092,10.283,498110,0
2001-07-05,10.245,10.371,10.129,10.184,703123,0
2001-07-06,10.215,10.321,10.092,10.215,1510280,0
2001-07-09,10.245,10.418,10.245,10.352,1317187,0
2001-07-10,10.345,10.4,10.308,10.345,1115235,0
2001-07-11,10.518,11.414,10.413,10.947,5260203,0
2001-07-12,10.947,10.996,10.767,10.872,2930695,0
2001-07-13,10.872,10.947,10.794,10.892,654003,0
2001-07-16,10.892,10.947,10.767,10.879,883494,0
2001-07-17,10.487,10.582,9.233,9.233,5543161,0
2001-07-18,9.2949,9.506,9.2949,9.3644,2058637,0
2001-07-19,9.3644,9.4504,9.1841,9.2463,1258083,0
2001-07-20,9.2463,9.4761,9.203,9.4128,1461803,0
2001-07-23,9.3263,9.4444,8.9733,8.9733,1456002,0
2001-07-24,9.1085,9.1085,8.8984,8.9223,983982,0
2001-07-25,9.016,9.1282,8.9481,9.1218,1293033,0
2001-07-26,9.1085,9.1707,9.016,9.1582,651912,0
2001-07-27,9.0979,9.1085,8.8492,8.8921,825839,0
2001-07-30,8.9223,8.9544,8.6807,8.8368,1310907,0
2001-07-31,8.8984,9.1841,8.8368,8.9671,1289486,0
2001-08-01,9.0274,9.0334,8.6317,8.6443,1043734,0
2001-08-02,8.6807,8.9544,8.5939,8.9412,2105664,0
2001-08-03,8.8984,9.0105,8.743,8.8368,744672,0
2001-08-06,8.8368,8.9223,8.762,8.8432,539821,0
2001-08-07,8.8368,9.0462,8.804,9.0334,962079,0
2001-08-08,9.0334,9.3577,8.986,9.203,1526063,0
2001-08-09,9.3891,9.3891,9.147,9.203,4536633,0
2001-08-10,9.1707,9.2519,9.1582,9.203,1327975,0
2001-08-13,9.203,9.3577,9.14,9.1965,760131,0
2001-08-14,9.203,9.3263,9.1707,9.1903,478947,0
2001-08-15,9.2519,9.3891,9.147,9.2833,867869,0
2001-08-16,9.2833,9.4266,9.233,9.3822,1038097,0
2001-08-17,9.2949,9.4572,9.2093,9.4128,578470,0
2001-08-20,9.4128,9.4444,9.3392,9.3577,410985,0
2001-08-21,9.3448,9.3448,9.1085,9.1518,1276920,0
2001-08-22,9.1707,9.233,9.0531,9.1518,725505,0
2001-08-23,9.1085,9.203,9.0721,9.1153,782197,0
2001-08-24,9.1085,9.494,9.079,9.4444,949844,0
2001-08-27,9.4444,9.57,9.3577,9.395,584107,0
2001-08-28,9.3577,9.487,9.2647,9.3577,747248,0
2001-08-29,9.3019,9.3891,9.14,9.1903,561242,0
2001-08-30,9.233,9.2949,9.1965,9.233,614062,0
2001-08-31,9.1707,9.3577,9.14,9.3077,600054,0
2001-09-04,9.2949,9.557,9.2647,9.4761,1015389,0
2001-09-05,9.3577,9.654,9.2463,9.514,1010395,0
2001-09-06,9.66,9.66,9.3392,9.3891,1057743,0
2001-09-07,9.3077,9.3704,9.203,9.2401,1107506,0
2001-09-10,9.203,9.576,9.1903,9.538,1148572,0
2001-09-17,8.8984,9.3019,8.8865,9.233,1459064,0
2001-09-18,9.079,9.3156,9.0334,9.2212,728247,0
2001-09-19,9.1582,9.3773,8.9733,9.2949,1717862,0
2001-09-20,9.203,9.2274,8.9544,8.9544,1726721,0
2001-09-21,8.4322,9.0231,8.2592,8.9544,2232075,0
2001-09-24,8.9608,9.3263,8.9608,9.3263,974968,0
2001-09-25,9.3263,9.4761,9.14,9.2212,979316,0
2001-09-26,9.2274,9.2519,8.8368,8.9608,696518,0
2001-09-27,9.0334,9.2093,9.0105,9.1841,846612,0
2001-09-28,9.3263,9.4632,9.0979,9.4128,1150985,0
2001-10-01,9.3577,9.3577,9.0462,9.1085,921984,0
2001-10-02,9.3263,9.3577,9.091,9.203,1069822,0
2001-10-03,9.14,9.203,9.079,9.1707,807475,0
2001-10-04,9.4444,9.4444,9.091,9.1085,1123773,0
2001-10-05,9.14,9.4197,9.1282,9.4197,1210738,0
2001-10-08,9.506,9.763,9.3577,9.763,1361957,0
2001-10-09,9.763,10.005,9.692,9.973,1745890,0
2001-10-10,9.936,10.184,9.854,10.01,819882,0
2001-10-11,10.164,10.245,9.929,9.929,1023920,0
2001-10-12,9.847,9.91,9.631,9.786,683477,0
2001-10-15,9.786,9.804,9.631,9.724,1040345,0
2001-10-16,9.847,10.418,9.834,10.327,2662716,0
2001-10-17,10.4,10.706,10.327,10.599,2044620,0
2001-10-18,10.736,11.115,10.706,10.947,3240543,0
2001-10-19,10.978,11.073,10.736,10.774,5270515,0
2001-10-22,11.041,11.041,10.872,11.028,2180870,0
2001-10-23,11.041,11.197,10.961,10.978,2455771,0
2001-10-24,11.01,11.345,10.972,11.264,1224100,0
2001-10-25,11.133,11.663,11.085,11.657,1781961,0
2001-10-26,11.657,11.799,11.582,11.643,1603525,0
2001-10-29,11.593,11.599,11.414,11.531,998958,0
2001-10-30,11.625,11.625,11.345,11.414,1508665,0
2001-10-31,11.351,11.446,11.197,11.258,1462448,0
2001-11-01,11.258,11.704,11.197,11.657,1933504,0
2001-11-02,11.657,11.685,11.551,11.637,1502865,0
2001-11-05,11.643,11.749,11.593,11.685,810537,0
2001-11-06,11.625,11.657,11.593,11.65,1034714,0
2001-11-07,11.657,11.947,11.625,11.722,2069746,0
2001-11-08,11.749,11.922,11.749,11.891,1113143,0
2001-11-09,11.841,11.841,11.663,11.755,696518,0
2001-11-12,11.599,11.775,11.484,11.742,1009747,0
2001-11-13,11.716,11.835,11.65,11.729,1788239,0
2001-11-14,11.729,11.749,11.657,11.704,855952,0
2001-11-15,11.657,11.698,11.382,11.525,1222169,0
2001-11-16,11.625,11.698,11.427,11.498,4208911,0
2001-11-19,11.563,11.563,11.356,11.531,731945,0
2001-11-20,11.446,11.446,11.003,11.059,2724555,0
2001-11-21,11.102,11.102,10.836,10.996,1248096,0
2001-11-23,10.892,10.978,10.81,10.972,416623,0
2001-11-26,10.978,10.996,10.91,10.978,724701,0
2001-11-27,10.86,10.86,10.557,10.674,1343273,0
2001-11-28,10.674,10.674,10.413,10.431,1868600,0
2001-11-29,10.513,10.563,10.438,10.5,1220563,0
2001-11-30,10.5,10.81,10.487,10.729,1419445,0
2001-12-03,10.575,10.582,10.302,10.464,1944130,0
2001-12-04,10.699,11.157,10.636,10.99,4208258,0
2001-12-05,12.301,12.37,11.934,11.992,8427633,0
2001-12-06,12.021,12.021,11.375,11.685,2684779,0
2001-12-07,11.835,12.109,11.788,11.978,2307612,0
2001-12-10,12.021,12.052,11.81,11.853,862715,0
2001-12-11,11.762,11.859,11.742,11.841,1272095,0
2001-12-12,11.804,11.922,11.775,11.859,810056,0
2001-12-13,11.859,11.916,11.749,11.768,739521,0
2001-12-14,11.742,11.829,11.685,11.685,971103,0
2001-12-17,11.685,11.835,11.611,11.749,1093172,0
2001-12-18,11.742,11.775,11.704,11.768,534670,0
2001-12-19,11.709,11.866,11.685,11.799,1162585,0
2001-12-20,11.835,11.866,11.698,11.804,769956,0
2001-12-21,11.866,11.971,11.716,11.847,1826087,0
2001-12-24,11.835,11.835,11.775,11.793,190997,0
2001-12-26,11.685,11.947,11.685,11.816,763995,0
2001-12-27,11.958,11.971,11.704,11.829,465578,0
2001-12-28,11.829,11.866,11.663,11.742,925523,0
2001-12-31,11.735,11.835,11.637,11.65,728405,0
