Date,Open,High,Low,Close,Volume,OpenInt
1995-01-03,6.7337,6.7337,6.644,6.7237,670712,0
1995-01-04,6.6937,6.7037,6.654,6.6838,251177,0
1995-01-05,6.6838,6.7037,6.6042,6.6739,807143,0
1995-01-06,6.6739,6.6937,6.6241,6.6838,430676,0
1995-01-09,6.6937,6.6937,6.654,6.6838,322255,0
1995-01-10,6.7037,6.7037,6.654,6.654,705347,0
1995-01-11,6.6838,6.7637,6.644,6.7037,645714,0
1995-01-12,6.7337,6.9229,6.7337,6.9029,1258901,0
1995-01-13,6.893,7.1421,6.893,7.1222,1572120,0
1995-01-16,7.1222,7.1421,7.0624,7.1321,727935,0
1995-01-17,7.1023,7.1321,7.0424,7.1321,817984,0
1995-01-18,7.1222,7.1421,7.1023,7.1421,616501,0
1995-01-19,7.1321,7.162,7.1222,7.1421,755341,0
1995-01-20,7.1421,7.1421,7.0923,7.1023,766484,0
1995-01-23,7.0624,7.1222,7.0126,7.1023,701734,0
1995-01-24,7.1023,7.1023,7.0424,7.0824,268646,0
1995-01-25,7.0524,7.1321,7.0224,7.0923,602948,0
1995-01-26,7.1222,7.1222,7.0524,7.1222,383995,0
1995-01-27,7.1321,7.2616,7.1023,7.2118,443627,0
1995-01-30,7.2217,7.2217,7.1421,7.1421,273464,0
1995-01-31,7.1421,7.1719,7.1222,7.1719,974596,0
1995-02-01,7.1719,7.2118,7.162,7.1819,1183909,0
1995-02-02,7.1819,7.2118,7.1719,7.2118,609875,0
1995-02-03,7.2118,7.3214,7.2118,7.2616,1065550,0
1995-02-06,7.2815,7.3015,7.2616,7.2815,521330,0
1995-02-07,7.3314,7.3713,7.2915,7.3713,280092,0
1995-02-08,7.3314,7.4508,7.3314,7.421,554760,0
1995-02-09,7.421,7.4408,7.4111,7.421,246962,0
1995-02-10,7.421,7.5604,7.4111,7.5007,875208,0
1995-02-13,7.5206,7.5604,7.5007,7.5604,561989,0
1995-02-14,7.69,7.929,7.6501,7.889,2860538,0
1995-02-15,7.879,7.899,7.7796,7.8094,2139230,0
1995-02-16,7.879,7.9589,7.8593,7.9589,822201,0
1995-02-17,7.9589,8.0186,7.939,7.9689,755341,0
1995-02-21,7.9789,8.0186,7.899,7.919,774014,0
1995-02-22,7.919,8.0186,7.899,7.9689,1507370,0
1995-02-23,7.9988,7.9988,7.939,7.9988,820696,0
1995-02-24,7.9988,8.0586,7.9988,8.0586,763774,0
1995-02-27,8.0486,8.0486,7.9789,7.9988,583974,0
1995-02-28,7.9988,8.0386,7.9988,8.0386,360804,0
1995-03-01,8.0386,8.0486,7.9988,8.0087,396644,0
1995-03-02,7.9988,7.9988,7.939,7.9689,845694,0
1995-03-03,7.9789,7.9988,7.9689,7.9988,420738,0
1995-03-06,7.9988,8.0186,7.9589,8.0087,192449,0
1995-03-07,7.939,7.939,7.7995,7.8394,312918,0
1995-03-08,7.8394,7.889,7.8194,7.8593,309303,0
1995-03-09,7.879,7.879,7.7697,7.7697,305388,0
1995-03-10,7.7399,7.919,7.7399,7.899,492718,0
1995-03-13,7.899,7.9589,7.8593,7.879,452662,0
1995-03-14,7.889,8.0386,7.889,7.9689,751425,0
1995-03-15,7.9589,7.9789,7.919,7.9689,1287513,0
1995-03-16,7.939,8.0784,7.929,8.0784,701734,0
1995-03-17,8.0983,8.0983,7.9988,8.0486,527053,0
1995-03-20,8.0586,8.0586,8.0087,8.0386,425556,0
1995-03-21,8.0386,8.0784,7.9988,8.0586,613489,0
1995-03-22,8.0486,8.0586,8.0386,8.0386,590601,0
1995-03-23,8.0186,8.0386,7.9589,7.9589,968872,0
1995-03-24,7.9789,7.9988,7.9689,7.9689,387308,0
1995-03-27,7.9689,8.0186,7.9689,8.0087,545425,0
1995-03-28,8.0087,8.0087,7.9689,7.9789,262623,0
1995-03-29,7.9789,8.0087,7.9689,8.0087,1010435,0
1995-03-30,8.0087,8.0087,7.9589,7.9988,733055,0
1995-03-31,7.9689,7.9789,7.889,7.929,521028,0
1995-04-03,7.899,7.919,7.8493,7.8493,794794,0
1995-04-04,7.879,7.889,7.8194,7.8493,768894,0
1995-04-05,7.879,7.879,7.8394,7.8493,525545,0
1995-04-06,7.8493,7.8493,7.7796,7.7995,321953,0
1995-04-07,7.7995,7.8094,7.7598,7.7796,464108,0
1995-04-10,7.7796,7.7995,7.7796,7.7796,436098,0
1995-04-11,7.8094,7.8094,7.7,7.7,443326,0
1995-04-12,7.72,7.7299,7.69,7.7,362311,0
1995-04-13,7.7299,7.8194,7.7299,7.8094,672518,0
1995-04-17,7.8394,7.8394,7.72,7.72,388814,0
1995-04-18,7.72,7.72,7.6202,7.6501,449047,0
1995-04-19,7.6202,7.6501,7.5305,7.5405,1603140,0
1995-04-20,7.5305,7.5405,7.2516,7.2616,2992451,0
1995-04-21,7.2815,7.5305,7.2416,7.5305,2303970,0
1995-04-24,7.5305,7.5305,7.4408,7.5305,534581,0
1995-04-25,7.5206,7.6003,7.4608,7.5604,1031516,0
1995-04-26,7.5803,7.72,7.5604,7.7,451758,0
1995-04-27,7.7299,7.8194,7.7299,7.8094,1076090,0
1995-04-28,7.8394,7.8394,7.68,7.7,434290,0
1995-05-01,7.72,7.7399,7.5704,7.6003,881834,0
1995-05-02,7.6003,7.6003,7.5206,7.5704,816479,0
1995-05-03,7.6003,7.7796,7.6003,7.66,1183909,0
1995-05-04,7.66,7.66,7.5803,7.6003,859850,0
1995-05-05,7.6202,7.7399,7.6003,7.68,497838,0
1995-05-08,7.7,7.7598,7.66,7.7,860751,0
1995-05-09,7.7299,7.879,7.72,7.879,676132,0
1995-05-10,7.919,7.9689,7.8593,7.879,456577,0
1995-05-11,7.879,7.879,7.8493,7.8593,293041,0
1995-05-12,7.8493,7.879,7.8194,7.879,462602,0
1995-05-15,7.889,8.0386,7.889,8.0386,375563,0
1995-05-16,7.9988,7.9988,7.899,7.899,552953,0
1995-05-17,7.879,7.889,7.8094,7.8194,434893,0
1995-05-18,7.8094,7.8094,7.7399,7.7399,372853,0
1995-05-19,7.72,7.7399,7.7,7.7299,521028,0
1995-05-22,7.7598,7.7796,7.7299,7.7598,305991,0
1995-05-23,7.8094,7.8194,7.7697,7.7995,727032,0
1995-05-24,7.8394,7.889,7.8194,7.8493,602948,0
1995-05-25,7.879,7.919,7.8194,7.899,477057,0
1995-05-26,7.919,7.939,7.899,7.899,611380,0
1995-05-30,7.899,7.929,7.8493,7.8493,689987,0
1995-05-31,7.879,7.9589,7.8394,7.929,643606,0
1995-06-01,7.919,7.9689,7.889,7.939,607465,0
1995-06-02,7.9589,7.9789,7.919,7.9589,827321,0
1995-06-05,7.9589,7.9689,7.929,7.9589,605960,0
1995-06-06,7.9589,7.9689,7.919,7.939,758655,0
1995-06-07,7.9689,7.9689,7.929,7.9689,870690,0
1995-06-08,8.1183,8.1583,7.939,7.9589,1586879,0
1995-06-09,7.9589,7.9689,7.7796,7.7995,429773,0
1995-06-12,7.7796,7.899,7.7796,7.8194,752932,0
1995-06-13,7.8593,7.9988,7.8493,7.9789,347855,0
1995-06-14,7.9789,7.9789,7.939,7.9589,284307,0
1995-06-15,7.939,8.0087,7.939,7.9789,467720,0
1995-06-16,7.9988,7.9988,7.9589,7.9689,800517,0
1995-06-19,7.9689,8.0386,7.9689,8.0386,696311,0
1995-06-20,8.0586,8.0784,8.0186,8.0486,547230,0
1995-06-21,8.0784,8.1383,8.0586,8.1383,734561,0
1995-06-22,8.2177,8.3774,8.2078,8.3374,977304,0
1995-06-23,8.2876,8.2876,8.2477,8.2577,714682,0
1995-06-26,8.2277,8.2777,8.2177,8.2777,434893,0
1995-06-27,8.2577,8.2876,8.2277,8.2577,709263,0
1995-06-28,8.2777,8.3274,8.2477,8.2777,856837,0
1995-06-29,8.2876,8.2876,8.178,8.2277,618308,0
1995-06-30,8.2577,8.2876,8.2277,8.2277,713480,0
1995-07-03,8.2577,8.2876,8.2477,8.2777,125288,0
1995-07-05,8.2777,8.2876,8.2177,8.2277,373754,0
1995-07-06,8.2777,8.3873,8.2477,8.3873,574035,0
1995-07-07,8.3774,8.4569,8.3574,8.447,588792,0
1995-07-10,8.4171,8.4171,8.2976,8.3574,649026,0
1995-07-11,8.3574,8.3774,8.2976,8.3574,603249,0
1995-07-12,8.3274,8.3674,8.3076,8.3574,271658,0
1995-07-13,8.3274,8.3674,8.2777,8.2777,635173,0
1995-07-14,8.2577,8.3574,8.2477,8.2777,656858,0
1995-07-17,8.2876,8.4569,8.2777,8.447,648424,0
1995-07-18,8.5068,8.6162,8.4969,8.5367,1089944,0
1995-07-19,8.5865,8.6561,8.5466,8.5665,1042359,0
1995-07-20,8.5068,8.5268,8.3774,8.3774,803228,0
1995-07-21,8.3774,8.4071,8.3574,8.3774,687878,0
1995-07-24,8.3674,8.4569,8.3674,8.437,482479,0
1995-07-25,8.437,8.5268,8.3774,8.4969,727633,0
1995-07-26,8.4969,8.5865,8.437,8.5765,990255,0
1995-07-27,8.5665,8.6561,8.5665,8.6461,456577,0
1995-07-28,8.6262,8.706,8.6062,8.696,243649,0
1995-07-31,8.696,8.696,8.5367,8.5466,429172,0
1995-08-01,8.5665,8.6461,8.5367,8.5865,218954,0
1995-08-02,9.1444,9.562,9.1444,9.4631,3812243,0
1995-08-03,9.4927,9.4927,9.3634,9.4431,1090245,0
1995-08-04,9.4131,9.542,9.3833,9.542,1234808,0
1995-08-07,9.542,9.682,9.542,9.602,1247458,0
1995-08-08,9.4927,9.622,9.4927,9.582,970379,0
1995-08-09,9.622,9.622,9.572,9.602,1774508,0
1995-08-10,9.602,9.622,9.502,9.522,998990,0
1995-08-11,9.522,9.542,9.4031,9.4131,1357085,0
1995-08-14,9.3833,9.4927,9.3634,9.4631,617403,0
1995-08-15,9.4927,9.532,9.4631,9.4927,785457,0
1995-08-16,9.522,9.532,9.4927,9.532,485490,0
1995-08-17,9.542,9.622,9.542,9.612,887557,0
1995-08-18,9.612,9.622,9.572,9.602,1006219,0
1995-08-21,9.622,9.771,9.612,9.741,998990,0
1995-08-22,9.771,9.781,9.731,9.761,932733,0
1995-08-23,9.741,9.771,9.731,9.761,696311,0
1995-08-24,9.761,9.781,9.741,9.771,723418,0
1995-08-25,9.801,9.931,9.801,9.921,553255,0
1995-08-28,9.941,10.051,9.901,9.921,882435,0
1995-08-29,9.941,10.011,9.931,9.981,1093558,0
1995-08-30,10.001,10.13,9.981,10.11,2149169,0
1995-08-31,10.14,10.26,10.14,10.26,1600130,0
1995-09-01,10.25,10.569,10.24,10.549,1215532,0
1995-09-05,10.609,10.619,10.489,10.569,1158912,0
1995-09-06,10.569,10.649,10.549,10.609,1385997,0
1995-09-07,10.609,10.609,10.419,10.489,1279382,0
1995-09-08,10.419,10.429,10.34,10.34,550542,0
1995-09-11,10.35,10.379,10.21,10.35,1008929,0
1995-09-12,10.449,10.459,10.409,10.459,1045974,0
1995-09-13,10.419,10.539,10.419,10.539,764678,0
1995-09-14,10.579,10.767,10.569,10.688,1091148,0
1995-09-15,10.707,10.807,10.698,10.747,1775413,0
1995-09-18,10.767,10.827,10.707,10.767,1111929,0
1995-09-19,10.747,10.787,10.747,10.777,677640,0
1995-09-20,10.747,10.787,10.707,10.737,1666387,0
1995-09-21,10.737,10.737,10.499,10.579,936347,0
1995-09-22,10.449,10.589,10.449,10.579,980316,0
1995-09-25,10.589,10.688,10.579,10.629,645111,0
1995-09-26,10.659,10.668,10.609,10.629,1585071,0
1995-09-27,10.549,10.609,10.499,10.579,696311,0
1995-09-28,10.579,11.246,10.579,11.226,5706318,0
1995-09-29,11.186,11.186,11.047,11.047,1311909,0
1995-10-02,11.106,11.455,11.096,11.226,3504745,0
1995-10-03,11.455,11.455,11.286,11.415,1447436,0
1995-10-04,11.386,11.455,11.296,11.336,875810,0
1995-10-05,11.336,11.336,11.246,11.266,429773,0
1995-10-06,11.266,11.306,11.166,11.206,740583,0
1995-10-09,10.867,11.017,10.867,10.897,1269744,0
1995-10-10,10.659,10.777,10.629,10.747,1816371,0
1995-10-11,10.767,10.947,10.767,10.947,1147768,0
1995-10-12,10.947,10.947,10.707,10.857,963752,0
1995-10-13,10.897,10.927,10.807,10.927,1748308,0
1995-10-16,10.817,10.887,10.737,10.827,843886,0
1995-10-17,10.817,10.827,10.777,10.777,946887,0
1995-10-18,10.777,10.827,10.579,10.609,1116749,0
1995-10-19,10.499,10.609,10.499,10.579,1336906,0
1995-10-20,10.609,10.867,10.609,10.698,1243242,0
1995-10-23,10.747,10.747,10.609,10.649,753835,0
1995-10-24,10.619,10.659,10.35,10.37,678241,0
1995-10-25,10.419,10.429,10.1,10.19,905928,0
1995-10-26,10.19,10.19,10.11,10.18,893579,0
1995-10-27,10.18,10.449,10.18,10.37,1390212,0
1995-10-30,10.549,10.549,10.28,10.509,935442,0
1995-10-31,10.499,10.529,10.34,10.509,1067356,0
1995-11-01,11.007,11.106,10.897,11.096,3610157,0
1995-11-02,11.086,11.186,11.027,11.146,855932,0
1995-11-03,11.146,11.326,11.146,11.326,1008025,0
1995-11-06,11.326,11.326,11.136,11.256,444831,0
1995-11-07,11.256,11.256,11.086,11.226,1024891,0
1995-11-08,11.226,11.246,11.146,11.216,755341,0
1995-11-09,11.256,11.256,11.027,11.027,1341723,0
1995-11-10,10.927,11.206,10.897,11.126,814973,0
1995-11-13,11.126,11.126,11.007,11.027,496032,0
1995-11-14,11.007,11.096,10.947,11.066,528557,0
1995-11-15,11.096,11.096,10.847,10.907,551148,0
1995-11-16,10.937,11.106,10.847,10.977,754738,0
1995-11-17,10.987,11.007,10.927,10.947,479466,0
1995-11-20,10.927,10.927,10.767,10.817,834247,0
1995-11-21,10.817,11.066,10.787,11.057,1015855,0
1995-11-22,11.066,11.226,11.027,11.226,620114,0
1995-11-24,11.136,11.216,11.136,11.146,96375,0
1995-11-27,11.166,11.256,11.166,11.226,625836,0
1995-11-28,11.226,11.336,11.216,11.306,791481,0
1995-11-29,12.203,12.203,11.655,11.744,1909735,0
1995-11-30,11.744,11.764,11.655,11.665,1760054,0
1995-12-01,11.655,11.774,11.615,11.615,572832,0
1995-12-04,11.625,11.724,11.585,11.665,1228182,0
1995-12-05,11.665,11.884,11.615,11.804,1526042,0
1995-12-06,11.824,12.024,11.824,11.884,836356,0
1995-12-07,11.904,11.904,11.704,11.814,763774,0
1995-12-08,11.724,11.824,11.585,11.764,560482,0
1995-12-11,11.645,11.685,11.615,11.645,976101,0
1995-12-12,11.645,11.655,11.425,11.455,2324751,0
1995-12-13,11.455,11.455,11.286,11.326,687878,0
1995-12-14,11.286,11.286,11.136,11.216,549039,0
1995-12-15,11.405,11.455,11.306,11.455,1486589,0
1995-12-18,11.425,11.455,11.286,11.296,699324,0
1995-12-19,11.136,11.246,11.057,11.246,906228,0
1995-12-20,11.246,11.246,11.136,11.226,798710,0
1995-12-21,11.226,11.296,11.176,11.206,742690,0
1995-12-22,11.176,11.226,11.176,11.216,552953,0
1995-12-26,11.186,11.226,11.176,11.216,399656,0
1995-12-27,11.256,11.296,11.027,11.047,2001292,0
1995-12-28,11.057,11.066,10.927,10.987,592405,0
1995-12-29,10.977,11.186,10.947,10.947,1573024,0
1996-01-02,10.947,11.256,10.947,11.256,965258,0
1996-01-03,11.286,11.655,11.186,11.366,2039540,0
1996-01-04,11.455,11.495,11.326,11.366,963151,0
1996-01-05,11.346,11.366,11.216,11.306,1261310,0
1996-01-08,11.346,11.376,11.326,11.376,132215,0
1996-01-09,11.346,11.376,11.296,11.306,1190535,0
1996-01-10,11.246,11.266,11.066,11.106,876111,0
1996-01-11,11.106,11.246,11.066,11.246,792386,0
1996-01-12,11.455,11.615,11.366,11.615,1454966,0
1996-01-15,11.615,11.814,11.615,11.814,1194451,0
1996-01-16,11.824,11.964,11.814,11.964,789674,0
1996-01-17,11.964,12.282,11.944,12.183,1082414,0
1996-01-18,12.621,12.661,12.461,12.651,1649825,0
1996-01-19,12.591,12.611,12.372,12.382,2063936,0
1996-01-22,12.332,12.411,12.213,12.223,646617,0
1996-01-23,12.252,12.411,12.223,12.411,446037,0
1996-01-24,12.372,12.571,12.372,12.411,513800,0
1996-01-25,12.421,12.501,12.292,12.302,561385,0
1996-01-26,12.302,12.302,12.103,12.183,543917,0
1996-01-29,12.183,12.451,12.183,12.451,592405,0
1996-01-30,12.421,12.551,12.382,12.511,460193,0
1996-01-31,12.511,12.591,12.431,12.581,1070970,0
1996-02-01,12.571,12.571,12.282,12.292,884544,0
1996-02-02,12.292,12.332,12.014,12.063,723418,0
1996-02-05,12.093,12.133,11.984,12.093,344542,0
1996-02-06,12.103,12.411,12.063,12.332,1055008,0
1996-02-07,12.342,12.451,12.342,12.451,624934,0
1996-02-08,12.621,12.99,12.621,12.73,1665786,0
1996-02-09,12.701,12.711,12.461,12.581,936347,0
1996-02-12,12.531,12.78,12.531,12.581,1541702,0
1996-02-13,12.651,12.99,12.651,12.9,1562484,0
1996-02-14,13.209,13.209,12.701,12.73,1457376,0
1996-02-15,12.621,12.85,12.621,12.631,1227881,0
1996-02-16,12.621,12.701,12.451,12.471,1342026,0
1996-02-20,12.213,12.421,12.213,12.421,1079403,0
1996-02-21,12.421,12.611,12.421,12.531,745402,0
1996-02-22,12.571,12.82,12.571,12.711,992063,0
1996-02-23,12.83,12.85,12.631,12.75,1472433,0
1996-02-26,12.73,12.77,12.551,12.74,583071,0
1996-02-27,12.79,12.81,12.571,12.571,858943,0
1996-02-28,12.651,12.89,12.651,12.711,886652,0
1996-02-29,12.611,12.691,12.541,12.571,880026,0
1996-03-01,12.591,12.75,12.511,12.75,336109,0
1996-03-04,12.711,12.94,12.701,12.83,586382,0
1996-03-05,12.91,13.059,12.85,13.049,486695,0
1996-03-06,13.049,13.308,13.03,13.219,719503,0
1996-03-07,13.179,13.189,12.94,13.099,408090,0
1996-03-08,12.98,12.98,12.053,12.282,1367022,0
1996-03-11,12.183,12.411,12.083,12.302,1242937,0
1996-03-12,12.223,12.252,11.884,12.223,921889,0
1996-03-13,12.252,12.491,12.213,12.411,949597,0
1996-03-14,12.411,12.581,12.411,12.541,552049,0
1996-03-15,12.571,12.571,12.372,12.491,784856,0
1996-03-18,12.491,12.611,12.461,12.511,580662,0
1996-03-19,12.511,12.511,12.421,12.511,630053,0
1996-03-20,12.541,12.541,12.312,12.411,403872,0
1996-03-21,12.431,12.491,12.302,12.372,404173,0
1996-03-22,12.372,12.581,12.342,12.511,553255,0
1996-03-25,12.511,12.531,12.203,12.203,589696,0
1996-03-26,12.213,12.292,12.203,12.213,1033322,0
1996-03-27,12.282,12.292,12.173,12.203,447543,0
1996-03-28,12.203,12.332,12.103,12.183,587287,0
1996-03-29,12.213,12.252,12.103,12.123,436701,0
1996-04-01,12.252,12.292,12.173,12.233,550242,0
1996-04-02,12.233,12.312,12.133,12.282,612585,0
1996-04-03,12.282,12.282,12.063,12.093,926709,0
1996-04-04,12.063,12.123,11.704,11.774,1778725,0
1996-04-08,11.405,11.525,11.266,11.425,1713975,0
1996-04-09,11.505,11.615,11.366,11.455,1606154,0
1996-04-10,11.136,11.216,10.987,11.057,1483276,0
1996-04-11,11.057,11.096,10.688,10.807,2755730,0
1996-04-12,11.007,11.086,10.947,11.057,2773198,0
1996-04-15,11.086,11.086,10.927,11.007,948694,0
1996-04-16,11.027,11.047,10.897,10.927,1083619,0
1996-04-17,10.867,11.017,10.867,10.937,573734,0
1996-04-18,10.967,11.057,10.937,11.017,732151,0
1996-04-19,11.047,11.057,10.987,11.027,911047,0
1996-04-22,11.057,11.176,10.967,11.086,1014048,0
1996-04-23,11.106,11.455,11.106,11.425,1151382,0
1996-04-24,11.455,11.944,11.445,11.894,1407079,0
1996-04-25,11.854,11.864,11.545,11.615,1033926,0
1996-04-26,11.694,11.764,11.625,11.665,705949,0
1996-04-29,11.625,11.625,11.495,11.545,327976,0
1996-04-30,11.575,12.024,11.565,12.024,641798,0
1996-05-01,11.934,12.053,11.824,11.824,1344133,0
1996-05-02,11.505,11.545,11.007,11.027,2416911,0
1996-05-03,11.346,11.445,11.136,11.136,5520796,0
1996-05-06,11.246,11.246,11.086,11.136,1515199,0
1996-05-07,11.146,11.186,11.126,11.146,1244145,0
1996-05-08,11.146,11.455,11.106,11.346,1350158,0
1996-05-09,11.366,11.565,11.346,11.565,799011,0
1996-05-10,11.774,12.053,11.685,11.844,934237,0
1996-05-13,11.844,11.984,11.694,11.964,575541,0
1996-05-14,12.063,12.143,12.004,12.044,1004111,0
1996-05-15,12.014,12.183,12.014,12.143,744499,0
1996-05-16,12.053,12.083,11.884,11.894,1325160,0
1996-05-17,11.934,12.093,11.924,11.984,1757644,0
1996-05-20,12.063,12.123,12.024,12.083,776121,0
1996-05-21,12.083,12.143,12.063,12.143,605658,0
1996-05-22,12.123,12.183,12.053,12.183,726127,0
1996-05-23,12.183,12.252,12.044,12.123,671915,0
1996-05-24,12.133,12.302,12.083,12.292,338217,0
1996-05-28,12.233,12.312,12.143,12.282,402367,0
1996-05-29,12.282,12.282,12.024,12.044,462602,0
1996-05-30,12.014,12.223,11.964,12.133,393031,0
1996-05-31,12.103,12.262,11.984,12.183,390018,0
1996-06-03,12.173,12.252,12.083,12.083,359902,0
1996-06-04,12.083,12.203,12.053,12.053,671615,0
1996-06-05,12.103,12.123,12.044,12.083,731249,0
1996-06-06,12.133,12.143,12.044,12.053,602346,0
1996-06-07,11.665,11.824,11.645,11.784,950501,0
1996-06-10,11.854,11.864,11.724,11.724,341230,0
1996-06-11,11.764,11.924,11.704,11.724,273464,0
1996-06-12,11.774,11.904,11.704,11.724,286114,0
1996-06-13,11.694,11.764,11.655,11.704,379778,0
1996-06-14,11.814,11.814,11.694,11.774,445133,0
1996-06-17,11.824,11.924,11.784,11.894,435195,0
1996-06-18,11.904,11.974,11.894,11.894,414715,0
1996-06-19,11.884,11.934,11.864,11.864,455975,0
1996-06-20,11.884,11.944,11.824,11.934,858341,0
1996-06-21,11.924,12.063,11.884,12.063,859850,0
1996-06-24,12.063,12.372,12.063,12.372,1151382,0
1996-06-25,12.372,12.421,12.063,12.183,521330,0
1996-06-26,12.123,12.262,12.123,12.233,656858,0
1996-06-27,12.203,12.382,12.203,12.282,586685,0
1996-06-28,12.203,12.501,12.203,12.501,495430,0
1996-07-01,12.511,12.571,12.302,12.571,374960,0
1996-07-02,12.631,12.631,12.511,12.571,338217,0
1996-07-03,12.571,12.651,12.511,12.631,427665,0
1996-07-05,12.511,12.511,12.093,12.103,275273,0
1996-07-08,12.103,12.223,11.904,11.934,433388,0
1996-07-09,12.014,12.123,11.904,11.904,664086,0
1996-07-10,11.904,11.904,11.734,11.844,1184513,0
1996-07-11,11.665,11.685,11.346,11.525,2585266,0
1996-07-12,11.525,11.694,11.495,11.694,833043,0
1996-07-15,11.665,11.694,11.455,11.455,574938,0
1996-07-16,11.455,11.565,11.246,11.455,851715,0
1996-07-17,11.545,11.645,11.505,11.565,497537,0
1996-07-18,11.625,11.824,11.575,11.784,454170,0
1996-07-19,11.804,11.804,11.565,11.784,715284,0
1996-07-22,11.724,11.724,11.465,11.545,396644,0
1996-07-23,11.605,11.645,11.306,11.336,559578,0
1996-07-24,11.336,11.535,11.296,11.445,474950,0
1996-07-25,11.455,11.505,11.376,11.445,604151,0
1996-07-26,11.405,11.405,11.206,11.346,623126,0
1996-07-29,11.386,11.405,11.186,11.186,533680,0
1996-07-30,11.246,11.386,11.216,11.266,528857,0
1996-07-31,11.256,11.505,11.256,11.296,936347,0
1996-08-01,11.376,11.465,11.336,11.465,511089,0
1996-08-02,11.575,11.665,11.565,11.655,522233,0
1996-08-05,11.665,11.685,11.585,11.655,484286,0
1996-08-06,11.694,11.764,11.665,11.694,814973,0
1996-08-07,11.824,12.063,11.814,11.964,946887,0
1996-08-08,12.044,12.143,12.024,12.103,460794,0
1996-08-09,12.093,12.312,12.093,12.233,530366,0
1996-08-12,12.173,12.392,12.173,12.332,574636,0
1996-08-13,12.332,12.332,12.173,12.183,403269,0
1996-08-14,12.282,12.511,12.213,12.392,697817,0
1996-08-15,12.312,12.631,12.312,12.511,463504,0
1996-08-16,12.591,12.75,12.591,12.711,641498,0
1996-08-19,12.691,12.77,12.691,12.74,855932,0
1996-08-20,12.83,12.83,12.73,12.77,419232,0
1996-08-21,12.711,12.74,12.651,12.73,629752,0
1996-08-22,12.74,12.78,12.671,12.77,215037,0
1996-08-23,12.77,12.77,12.511,12.581,726427,0
1996-08-26,12.551,12.551,12.362,12.421,612285,0
1996-08-27,12.451,12.501,12.421,12.491,640895,0
1996-08-28,12.461,12.571,12.461,12.491,616501,0
1996-08-29,12.461,12.461,12.133,12.183,1217942,0
1996-08-30,12.183,12.372,12.133,12.312,618006,0
1996-09-03,12.133,12.203,12.083,12.173,886049,0
1996-09-04,12.173,12.173,12.063,12.083,574035,0
1996-09-05,12.044,12.143,12.044,12.123,390018,0
1996-09-06,12.063,12.411,12.063,12.252,246660,0
1996-09-09,12.262,12.531,12.262,12.531,345746,0
1996-09-10,12.501,12.541,12.421,12.541,499647,0
1996-09-11,12.541,12.691,12.531,12.571,480973,0
1996-09-12,12.581,12.73,12.571,12.571,419232,0
1996-09-13,12.661,12.78,12.661,12.78,430978,0
1996-09-16,12.78,12.91,12.78,12.91,365623,0
1996-09-17,12.91,12.91,12.591,12.621,392126,0
1996-09-18,12.621,12.631,12.531,12.581,345746,0
1996-09-19,12.551,12.551,12.461,12.471,549039,0
1996-09-20,12.621,12.83,12.591,12.83,633065,0
1996-09-23,12.701,12.701,12.621,12.691,340326,0
1996-09-24,12.711,12.73,12.541,12.591,740583,0
1996-09-25,12.621,12.621,12.392,12.451,521330,0
1996-09-26,12.531,12.701,12.461,12.631,309606,0
1996-09-27,12.621,12.77,12.581,12.77,336410,0
1996-09-30,12.77,12.98,12.711,12.711,455975,0
1996-10-01,12.711,12.86,12.671,12.86,229192,0
1996-10-02,12.99,13.059,12.95,12.99,378272,0
1996-10-03,12.99,13.109,12.98,13.069,548134,0
1996-10-04,13.209,13.537,13.209,13.368,939357,0
1996-10-07,13.387,13.457,13.288,13.447,295149,0
1996-10-08,13.467,13.497,13.377,13.407,246660,0
1996-10-09,13.457,13.457,13.209,13.249,527053,0
1996-10-10,13.249,13.368,13.129,13.308,224374,0
1996-10-11,13.288,13.377,13.139,13.219,302679,0
1996-10-14,13.288,13.338,13.209,13.269,233408,0
1996-10-15,13.269,13.269,13.089,13.099,315327,0
1996-10-16,13.209,13.259,12.94,13.189,375863,0
1996-10-17,13.249,13.377,13.179,13.219,538196,0
1996-10-18,13.249,13.527,13.249,13.527,766183,0
1996-10-21,13.527,13.537,13.427,13.527,159621,0
1996-10-22,13.527,13.527,13.298,13.298,177993,0
1996-10-23,13.229,13.467,13.099,13.457,184618,0
1996-10-24,13.427,13.427,13.259,13.259,238529,0
1996-10-25,13.189,13.537,13.169,13.467,337917,0
1996-10-28,13.537,13.587,13.368,13.407,388814,0
1996-10-29,13.427,13.547,13.338,13.497,187330,0
1996-10-30,13.527,13.587,13.377,13.527,362913,0
1996-10-31,13.617,13.925,13.617,13.845,883642,0
1996-11-01,13.855,13.985,13.845,13.935,551448,0
1996-11-04,13.935,13.935,13.855,13.905,377370,0
1996-11-05,13.905,14.084,13.905,14.064,587888,0
1996-11-06,14.084,14.463,14.064,14.463,608972,0
1996-11-07,14.324,14.423,14.264,14.304,493020,0
1996-11-08,14.264,14.493,14.184,14.423,455673,0
1996-11-11,14.463,14.553,14.443,14.443,221662,0
1996-11-12,14.443,14.543,14.324,14.453,553855,0
1996-11-13,14.403,14.603,14.324,14.453,450254,0
1996-11-14,14.373,14.583,14.324,14.493,425859,0
1996-11-15,14.473,14.653,14.373,14.553,672818,0
1996-11-18,14.473,14.952,14.463,14.782,312616,0
1996-11-19,14.712,14.742,14.543,14.603,583974,0
1996-11-20,14.692,14.702,14.503,14.663,580359,0
1996-11-21,14.732,14.832,14.663,14.782,371647,0
1996-11-22,14.782,14.832,14.702,14.712,337011,0
1996-11-25,14.712,14.982,14.702,14.942,588191,0
1996-11-26,14.972,15.211,14.792,14.852,495430,0
1996-11-27,14.812,14.952,14.752,14.872,454470,0
1996-11-29,14.852,15.021,14.852,14.992,137034,0
1996-12-02,15.011,15.011,14.752,14.852,535484,0
1996-12-03,14.872,14.942,14.613,14.623,804733,0
1996-12-04,14.543,14.603,14.343,14.503,781543,0
1996-12-05,14.523,14.633,14.523,14.583,651738,0
1996-12-06,14.473,14.603,14.373,14.553,794192,0
1996-12-09,14.633,14.692,14.603,14.633,845091,0
1996-12-10,14.623,14.772,14.533,14.543,343639,0
1996-12-11,14.463,14.463,14.254,14.413,402367,0
1996-12-12,14.373,14.463,14.254,14.254,583974,0
1996-12-13,14.184,14.294,14.054,14.164,575842,0
1996-12-16,14.214,14.324,14.164,14.164,597526,0
1996-12-17,13.975,14.084,13.865,14.015,1158008,0
1996-12-18,14.054,14.164,14.024,14.164,1084222,0
1996-12-19,14.294,14.383,14.224,14.373,551148,0
1996-12-20,14.473,14.752,14.363,14.583,1520017,0
1996-12-23,14.613,14.682,14.523,14.583,375563,0
1996-12-24,14.603,14.623,14.543,14.583,204799,0
1996-12-26,14.613,14.742,14.613,14.692,392427,0
1996-12-27,14.663,14.782,14.623,14.742,360503,0
1996-12-30,14.822,14.822,14.623,14.623,573132,0
1996-12-31,14.663,14.742,14.463,14.493,464408,0
1997-01-02,14.503,14.523,14.224,14.343,729439,0
1997-01-03,14.453,14.623,14.373,14.373,857438,0
1997-01-06,14.413,14.633,14.403,14.633,912552,0
1997-01-07,14.633,14.742,14.533,14.732,579156,0
1997-01-08,14.832,14.992,14.832,14.982,1039649,0
1997-01-09,14.982,15.808,14.982,15.65,1084222,0
1997-01-10,15.331,15.47,15.091,15.151,1327870,0
1997-01-13,15.211,15.301,15.141,15.251,582467,0
1997-01-14,15.271,15.45,15.251,15.291,1071872,0
1997-01-15,15.251,15.47,15.251,15.45,458386,0
1997-01-16,15.45,15.63,15.311,15.59,891171,0
1997-01-17,15.59,15.768,15.58,15.748,1079403,0
1997-01-20,15.768,15.898,15.768,15.808,345445,0
1997-01-21,15.778,16.007,15.778,15.908,558072,0
1997-01-22,15.908,16.097,15.818,16.087,740583,0
1997-01-23,16.546,16.814,16.227,16.227,1345037,0
1997-01-24,16.207,16.307,15.888,15.888,857740,0
1997-01-27,15.748,15.818,15.66,15.669,821297,0
1997-01-28,15.888,15.908,15.748,15.748,601743,0
1997-01-29,15.778,15.898,15.709,15.898,404173,0
1997-01-30,15.948,16.147,15.908,15.908,455975,0
1997-01-31,15.948,16.257,15.948,16.087,393332,0
1997-02-03,16.107,16.287,16.057,16.287,650233,0
1997-02-04,16.267,16.327,16.137,16.267,363215,0
1997-02-05,16.386,16.406,16.047,16.207,692095,0
1997-02-06,16.127,16.127,15.908,15.948,382488,0
1997-02-07,16.017,16.456,16.017,16.436,698420,0
1997-02-10,16.496,16.695,16.456,16.626,577348,0
1997-02-11,16.715,16.715,16.486,16.616,700225,0
1997-02-12,16.616,16.755,16.596,16.705,490911,0
1997-02-13,16.735,17.023,16.666,16.934,403269,0
1997-02-14,16.993,17.142,16.944,17.112,474346,0
1997-02-18,17.142,17.142,16.944,17.073,316834,0
1997-02-19,17.092,17.102,16.974,16.984,424954,0
1997-02-20,16.974,17.053,16.814,16.824,510186,0
1997-02-21,16.824,16.954,16.774,16.874,551448,0
1997-02-24,16.824,16.824,16.536,16.695,696011,0
1997-02-25,16.794,16.794,16.546,16.616,608067,0
1997-02-26,16.626,16.705,16.327,16.436,299366,0
1997-02-27,16.426,16.506,16.187,16.187,398452,0
1997-02-28,16.287,16.496,16.207,16.217,826418,0
1997-03-03,16.137,16.217,16.087,16.217,505367,0
1997-03-04,16.187,16.376,16.187,16.257,532774,0
1997-03-05,16.217,16.257,15.978,16.087,1049889,0
1997-03-06,15.908,16.017,15.699,15.948,2272950,0
1997-03-07,15.978,16.616,15.978,16.496,692696,0
1997-03-10,16.506,16.784,16.426,16.784,613189,0
1997-03-11,16.745,16.974,16.656,16.904,857438,0
1997-03-12,16.904,16.954,16.725,16.735,572228,0
1997-03-13,16.666,16.666,16.376,16.376,730948,0
1997-03-14,16.496,16.656,16.466,16.576,452361,0
1997-03-17,16.576,16.656,16.347,16.466,482779,0
1997-03-18,16.496,16.546,16.366,16.466,437302,0
1997-03-19,16.386,16.506,16.227,16.307,485189,0
1997-03-20,16.327,16.347,16.147,16.187,668302,0
1997-03-21,16.207,16.257,16.177,16.177,1000496,0
1997-03-24,16.247,16.416,16.127,16.416,1179391,0
1997-03-25,16.436,16.586,16.406,16.436,483381,0
1997-03-26,16.436,16.456,16.287,16.287,656556,0
1997-03-27,16.307,16.307,15.898,16.017,787265,0
1997-03-31,15.988,15.988,15.49,15.49,1094161,0
1997-04-01,15.38,15.729,15.38,15.62,624029,0
1997-04-02,15.59,15.61,15.38,15.39,517716,0
1997-04-03,15.37,15.41,15.271,15.331,394838,0
1997-04-04,15.311,15.54,15.151,15.51,714380,0
1997-04-07,15.51,15.748,15.51,15.729,585780,0
1997-04-08,15.699,15.699,15.55,15.669,394235,0
1997-04-09,15.669,15.729,15.38,15.46,363215,0
1997-04-10,15.43,15.66,15.42,15.55,294548,0
1997-04-11,15.5,15.5,15.221,15.291,671615,0
1997-04-14,15.271,15.38,15.051,15.351,404173,0
1997-04-15,15.51,15.54,15.42,15.47,354779,0
1997-04-16,15.47,15.47,15.271,15.42,515307,0
1997-04-17,15.43,15.43,15.271,15.311,774014,0
1997-04-18,15.341,15.351,15.091,15.251,793290,0
1997-04-21,15.231,15.231,14.742,14.832,1108615,0
1997-04-22,14.872,15.191,14.862,15.151,1064343,0
1997-04-23,15.171,15.331,15.151,15.211,446037,0
1997-04-24,15.211,15.271,15.141,15.251,434290,0
1997-04-25,15.271,15.351,15.221,15.291,213532,0
1997-04-28,15.261,15.57,15.211,15.53,536388,0
1997-04-29,15.669,16.187,15.66,16.167,495430,0
1997-04-30,16.167,16.227,15.948,15.948,624934,0
1997-05-01,16.287,16.496,16.287,16.406,1153492,0
1997-05-02,16.386,16.755,16.386,16.755,609273,0
1997-05-05,16.755,16.993,16.646,16.974,518619,0
1997-05-06,16.944,17.421,16.914,17.182,1056513,0
1997-05-07,17.073,17.172,16.984,17.023,766183,0
1997-05-08,17.023,17.71,16.974,17.71,637282,0
1997-05-09,17.93,18.269,17.83,17.95,1262516,0
1997-05-12,17.95,18.229,17.95,18.229,786362,0
1997-05-13,18.398,18.398,18.219,18.249,733656,0
1997-05-14,18.139,18.289,18.109,18.169,836356,0
1997-05-15,18.169,18.169,18.069,18.129,660171,0
1997-05-16,18.099,18.109,18.029,18.059,989051,0
1997-05-19,18.059,18.368,18.029,18.289,543917,0
1997-05-20,18.259,18.259,18.089,18.249,700225,0
1997-05-21,18.189,18.299,18.149,18.189,653243,0
1997-05-22,18.189,18.249,18.139,18.219,496032,0
1997-05-23,18.189,18.428,18.129,18.428,317738,0
1997-05-27,18.378,18.458,18.249,18.378,408090,0
1997-05-28,18.189,18.328,18.169,18.308,542713,0
1997-05-29,18.308,18.308,18.229,18.269,461094,0
1997-05-30,18.269,18.538,18.099,18.428,394235,0
1997-06-02,18.458,18.608,18.378,18.588,542111,0
1997-06-03,18.538,19.026,18.508,18.747,527053,0
1997-06-04,18.618,18.737,18.418,18.528,437603,0
1997-06-05,18.528,18.608,18.428,18.508,526449,0
1997-06-06,18.538,18.837,18.528,18.827,580662,0
1997-06-09,18.827,19.026,18.787,18.937,355385,0
1997-06-10,18.917,19.036,18.857,18.947,404173,0
1997-06-11,18.976,19.016,18.837,18.956,367431,0
1997-06-12,19.016,19.633,18.976,19.544,752932,0
1997-06-13,19.544,19.594,19.454,19.594,583071,0
1997-06-16,19.633,19.663,19.454,19.544,366225,0
1997-06-17,19.584,19.703,19.295,19.653,418027,0
1997-06-18,19.514,19.544,19.414,19.504,573132,0
1997-06-19,19.544,19.624,19.414,19.624,431882,0
1997-06-20,19.624,19.862,19.594,19.862,605658,0
1997-06-23,19.832,19.832,19.106,19.106,558676,0
1997-06-24,19.106,19.624,19.016,19.554,644209,0
1997-06-25,19.494,19.554,19.026,19.116,527655,0
1997-06-26,19.126,19.196,18.986,19.066,322255,0
1997-06-27,19.146,19.235,18.976,19.016,569518,0
1997-06-30,19.146,19.146,18.737,18.827,580662,0
1997-07-01,18.637,19.096,18.598,19.056,380682,0
1997-07-02,19.056,19.564,18.937,19.514,387308,0
1997-07-03,19.673,19.912,19.673,19.812,202387,0
1997-07-07,19.892,20.181,19.892,19.951,492718,0
1997-07-08,19.942,19.971,19.862,19.951,573734,0
1997-07-09,20.021,20.071,19.464,19.504,496333,0
1997-07-10,19.494,19.783,19.494,19.703,1080909,0
1997-07-11,19.673,19.753,19.624,19.693,552953,0
1997-07-14,19.733,19.793,19.564,19.673,277079,0
1997-07-15,19.783,19.783,19.524,19.653,1064043,0
1997-07-16,19.663,20.111,19.624,20.071,1358589,0
1997-07-17,20.071,20.261,19.912,20.151,550542,0
1997-07-18,20.101,20.101,19.624,19.733,671014,0
1997-07-21,19.554,19.633,19.514,19.514,272562,0
1997-07-22,19.594,19.643,19.444,19.614,501753,0
1997-07-23,19.733,20.151,19.604,20.121,774917,0
1997-07-24,20.091,20.131,19.812,20.051,614995,0
1997-07-25,20.101,20.291,20.101,20.261,608067,0
1997-07-28,20.42,21.027,20.42,20.888,475250,0
1997-07-29,20.888,21.077,20.58,20.997,502958,0
1997-07-30,20.997,21.177,20.759,20.759,471033,0
1997-07-31,20.839,21.296,20.839,21.157,723418,0
1997-08-01,21.157,21.177,20.789,20.869,575541,0
1997-08-04,20.839,21.057,20.789,20.878,354479,0
1997-08-05,20.849,20.878,20.57,20.62,284307,0
1997-08-06,20.62,20.729,20.43,20.709,422243,0
1997-08-07,20.759,21.057,20.34,20.34,655653,0
1997-08-08,20.34,20.42,19.942,20.231,762268,0
1997-08-11,20.221,20.33,19.991,20.211,374659,0
1997-08-12,20.261,20.261,19.733,19.733,461698,0
1997-08-13,19.942,19.942,19.305,19.354,817984,0
1997-08-14,19.384,19.624,19.245,19.454,733956,0
1997-08-15,19.305,19.315,18.986,18.986,630053,0
1997-08-18,18.956,19.295,18.947,19.295,621018,0
1997-08-19,19.414,19.464,19.354,19.464,843886,0
1997-08-20,19.464,19.773,19.414,19.663,373754,0
1997-08-21,19.624,19.773,19.544,19.564,432485,0
1997-08-22,19.514,19.633,19.196,19.404,461094,0
1997-08-25,19.404,19.454,19.265,19.374,699624,0
1997-08-26,19.464,19.504,19.305,19.384,843283,0
1997-08-27,19.394,19.474,19.265,19.374,685168,0
1997-08-28,19.344,19.604,19.226,19.394,672518,0
1997-08-29,19.394,19.584,19.305,19.454,337314,0
1997-09-02,19.514,19.942,19.514,19.743,452361,0
1997-09-03,19.812,20.39,19.793,20.291,474346,0
1997-09-04,20.36,20.55,20.291,20.43,520124,0
1997-09-05,20.47,20.799,20.35,20.62,412608,0
1997-09-08,20.789,21.077,20.789,20.849,334603,0
1997-09-09,20.759,20.789,20.5,20.51,404777,0
1997-09-10,20.261,20.43,20.131,20.291,467720,0
1997-09-11,20.221,20.221,19.862,19.951,552351,0
1997-09-12,19.892,20.141,19.624,20.141,397247,0
1997-09-15,20.051,20.261,20.021,20.171,222267,0
1997-09-16,20.31,20.918,20.271,20.769,532171,0
1997-09-17,20.819,20.819,20.36,20.45,646617,0
1997-09-18,20.46,20.55,20.36,20.5,791180,0
1997-09-19,20.261,20.35,19.951,20.151,1055008,0
1997-09-22,20.211,20.39,20.051,20.37,851715,0
1997-09-23,20.37,20.37,20.111,20.211,496333,0
1997-09-24,20.231,20.271,19.783,19.793,363215,0
1997-09-25,19.803,20.011,19.803,19.892,733055,0
1997-09-26,19.892,19.991,19.753,19.862,530667,0
1997-09-29,19.862,19.942,19.753,19.773,608972,0
1997-09-30,19.733,19.942,19.594,19.753,546930,0
1997-10-01,19.753,19.753,18.408,19.116,3247846,0
1997-10-02,17.611,18.249,16.974,18.249,11731579,0
1997-10-03,18.538,18.637,18.408,18.478,2605144,0
1997-10-06,18.508,18.827,18.508,18.667,962849,0
1997-10-07,18.687,19.076,18.687,19.006,1638982,0
1997-10-08,19.096,19.096,18.717,18.737,1334194,0
1997-10-09,18.707,19.096,18.687,18.857,1759148,0
1997-10-10,18.877,18.877,18.558,18.558,1035733,0
1997-10-13,18.558,18.588,18.328,18.338,804132,0
1997-10-14,18.348,18.438,18.139,18.139,1678134,0
1997-10-15,18.009,18.079,17.979,18.029,2175069,0
1997-10-16,18.059,18.139,17.82,17.93,1150178,0
1997-10-17,17.93,18.029,17.8,17.83,1128495,0
1997-10-20,17.86,17.86,17.581,17.651,1765171,0
1997-10-21,17.74,18.029,17.69,17.95,1069766,0
1997-10-22,17.979,17.979,17.71,17.87,849006,0
1997-10-23,18.029,18.179,17.89,17.93,703841,0
1997-10-24,18.069,18.109,17.79,17.97,696011,0
1997-10-27,17.611,17.77,17.292,17.292,810758,0
1997-10-28,17.073,17.092,16.067,16.954,2513286,0
1997-10-29,17.132,17.172,16.834,16.834,1058923,0
1997-10-30,16.834,16.834,16.496,16.695,1214629,0
1997-10-31,16.755,16.914,16.227,16.466,1506467,0
1997-11-03,16.755,16.794,16.576,16.596,1116749,0
1997-11-04,16.606,17.053,16.446,17.023,1218244,0
1997-11-05,17.152,17.292,17.112,17.172,1108615,0
1997-11-06,17.182,17.212,16.974,16.974,1253781,0
1997-11-07,16.864,16.904,16.546,16.606,637282,0
1997-11-10,16.656,16.705,16.496,16.566,580359,0
1997-11-11,16.596,16.894,16.566,16.656,877014,0
1997-11-12,16.546,16.675,16.347,16.436,583974,0
1997-11-13,16.596,16.596,16.227,16.297,646919,0
1997-11-14,16.496,17.073,16.456,17.023,459891,0
1997-11-17,17.232,17.491,17.182,17.491,512596,0
1997-11-18,17.531,17.601,17.411,17.451,605055,0
1997-11-19,17.451,17.87,17.451,17.501,523137,0
1997-11-20,17.611,17.989,17.611,17.96,433087,0
1997-11-21,17.989,18.089,17.551,17.87,377370,0
1997-11-24,17.85,17.93,17.421,17.471,402367,0
1997-11-25,17.471,17.471,16.974,17.441,1432980,0
1997-11-26,17.491,17.71,17.491,17.67,324363,0
1997-11-28,17.87,17.87,17.74,17.74,163838,0
1997-12-01,17.77,18.299,17.77,18.249,454470,0
1997-12-02,18.269,18.637,18.219,18.219,586382,0
1997-12-03,18.249,18.628,18.229,18.498,429773,0
1997-12-04,18.558,18.857,18.518,18.747,543917,0
1997-12-05,18.717,18.867,18.628,18.777,454170,0
1997-12-08,18.747,18.797,18.707,18.777,531870,0
1997-12-09,18.797,18.837,18.588,18.697,7541965,0
1997-12-10,18.348,18.358,17.83,17.95,943574,0
1997-12-11,17.651,17.651,17.192,17.192,860150,0
1997-12-12,17.172,17.172,16.824,16.974,1145962,0
1997-12-15,17.023,17.242,17.023,17.142,751425,0
1997-12-16,17.232,17.551,17.232,17.491,639087,0
1997-12-17,17.511,17.591,17.272,17.292,682758,0
1997-12-18,17.292,17.292,16.944,16.944,942972,0
1997-12-19,16.814,16.864,16.546,16.804,1472433,0
1997-12-22,17.87,17.87,17.182,17.471,1163429,0
1997-12-23,17.451,17.81,17.451,17.591,815876,0
1997-12-24,17.66,17.71,17.551,17.651,464108,0
1997-12-26,17.651,17.67,17.581,17.651,132818,0
1997-12-29,17.611,18.109,17.591,18.029,726427,0
1997-12-30,18.059,18.388,17.999,18.308,657459,0
1997-12-31,18.289,18.508,18.269,18.289,599033,0
1998-01-02,18.348,18.368,18.249,18.279,293642,0
1998-01-05,18.328,18.518,18.139,18.269,589996,0
1998-01-06,18.269,18.328,18.129,18.249,457482,0
1998-01-07,18.189,18.229,18.009,18.009,582166,0
1998-01-08,17.95,18.169,17.93,18.089,625836,0
1998-01-09,18.109,18.677,18.029,18.039,1159514,0
1998-01-12,17.989,18.249,17.979,18.199,730948,0
1998-01-13,18.199,18.408,18.199,18.259,507777,0
1998-01-14,18.348,18.348,18.109,18.308,442725,0
1998-01-15,18.299,18.299,18.059,18.089,377972,0
1998-01-16,18.408,18.408,18.089,18.099,709563,0
1998-01-20,18.348,18.667,18.249,18.667,573132,0
1998-01-21,18.637,18.717,18.488,18.588,273766,0
1998-01-22,18.558,18.777,18.508,18.737,416823,0
1998-01-23,18.667,18.667,18.468,18.508,368936,0
1998-01-26,18.488,18.707,18.488,18.588,376465,0
1998-01-27,18.588,18.797,18.508,18.528,603249,0
1998-01-28,18.538,18.618,18.488,18.558,970379,0
1998-01-29,18.558,18.687,18.378,18.378,771303,0
1998-01-30,18.388,18.388,17.83,17.989,813769,0
1998-02-02,18.089,18.139,17.82,18.029,1640789,0
1998-02-03,18.059,18.438,17.97,18.388,833947,0
1998-02-04,18.408,18.558,18.289,18.518,842381,0
1998-02-05,18.697,18.907,18.667,18.857,636679,0
1998-02-06,18.907,19.066,18.887,19.036,378876,0
1998-02-09,19.066,19.196,18.947,19.106,621620,0
1998-02-10,19.354,19.354,18.986,19.106,415618,0
1998-02-11,19.136,19.305,18.956,19.036,922191,0
1998-02-12,19.016,19.076,18.907,19.016,602346,0
1998-02-13,19.016,19.116,18.976,19.016,366225,0
1998-02-17,19.106,19.106,18.837,18.917,650233,0
1998-02-18,18.907,18.927,18.797,18.877,509585,0
1998-02-19,18.877,18.877,18.747,18.827,474950,0
1998-02-20,18.827,18.847,18.697,18.797,620114,0
1998-02-23,18.777,18.817,18.618,18.737,905024,0
1998-02-24,18.737,18.937,18.687,18.837,963752,0
1998-02-25,18.897,19.892,18.897,19.783,1126988,0
1998-02-26,19.773,20.021,19.703,19.932,959837,0
1998-02-27,20.151,20.35,20.021,20.261,699324,0
1998-03-02,20.55,20.709,20.38,20.39,843886,0
1998-03-03,20.34,20.41,20.34,20.37,949597,0
1998-03-04,20.37,20.37,20.101,20.181,955621,0
1998-03-05,20.211,20.221,20.021,20.061,646017,0
1998-03-06,20.061,20.34,20.061,20.251,805035,0
1998-03-09,20.251,20.46,20.241,20.291,752329,0
1998-03-10,20.45,20.659,20.34,20.629,1374251,0
1998-03-11,20.58,20.679,20.41,20.41,583974,0
1998-03-12,20.41,20.679,20.34,20.649,995375,0
1998-03-13,20.649,20.809,20.49,20.799,514404,0
1998-03-16,21.107,21.436,21.107,21.416,1268239,0
1998-03-17,21.416,21.416,21.296,21.386,557170,0
1998-03-18,21.476,21.685,21.436,21.615,573132,0
1998-03-19,21.596,21.596,21.356,21.416,495128,0
1998-03-20,21.526,21.954,21.336,21.954,727633,0
1998-03-23,21.954,21.954,21.556,21.576,455071,0
1998-03-24,21.855,21.855,21.546,21.596,755341,0
1998-03-25,21.635,21.954,21.635,21.765,622524,0
1998-03-26,21.765,22.014,21.765,21.984,649026,0
1998-03-27,22.024,22.064,21.665,21.665,594817,0
1998-03-30,21.775,21.815,21.675,21.755,552953,0
1998-03-31,21.855,21.885,21.745,21.745,664388,0
1998-04-01,21.745,21.815,21.665,21.775,464108,0
1998-04-02,21.775,22.144,21.745,22.104,402969,0
1998-04-03,22.094,22.094,21.715,21.735,841476,0
1998-04-06,22.014,22.383,22.014,22.254,742690,0
1998-04-07,22.363,22.363,22.054,22.094,552351,0
1998-04-08,22.064,22.074,21.675,21.735,335205,0
1998-04-09,21.705,21.934,21.596,21.825,666797,0
1998-04-13,21.825,21.905,21.675,21.865,435797,0
1998-04-14,21.865,22.024,21.795,21.954,600839,0
1998-04-15,21.964,22.563,21.964,22.563,636679,0
1998-04-16,22.483,22.493,22.264,22.353,470131,0
1998-04-17,22.353,22.731,22.274,22.731,461999,0
1998-04-20,22.702,22.702,22.313,22.323,273766,0
1998-04-21,22.174,22.393,22.074,22.254,341230,0
1998-04-22,22.224,22.791,22.114,22.543,642400,0
1998-04-23,22.523,22.543,21.875,22.054,312918,0
1998-04-24,22.064,22.154,21.685,21.845,471637,0
1998-04-27,21.865,22.104,21.436,21.745,1000797,0
1998-04-28,21.934,21.934,21.436,21.795,764678,0
1998-04-29,21.775,21.775,21.396,21.496,297860,0
1998-04-30,21.635,22.084,21.635,21.954,717996,0
1998-05-01,22.114,22.483,22.114,22.483,502657,0
1998-05-04,22.274,22.483,22.174,22.184,337917,0
1998-05-05,22.194,22.333,22.174,22.283,502055,0
1998-05-06,22.274,22.313,22.184,22.234,550242,0
1998-05-07,22.214,22.443,22.164,22.234,443326,0
1998-05-08,22.313,22.592,22.313,22.473,948694,0
1998-05-11,22.473,22.741,22.423,22.423,509585,0
1998-05-12,22.393,22.463,22.234,22.433,371347,0
1998-05-13,22.373,22.642,22.373,22.632,451157,0
1998-05-14,22.642,22.712,22.563,22.592,449952,0
1998-05-15,22.563,22.692,22.483,22.563,716792,0
1998-05-18,22.751,22.831,22.134,22.293,863161,0
1998-05-19,22.513,22.513,22.114,22.373,1041756,0
1998-05-20,22.393,22.493,22.194,22.413,817984,0
1998-05-21,22.413,22.513,22.274,22.293,1205293,0
1998-05-22,22.194,22.333,22.074,22.274,1043262,0
1998-05-26,22.274,22.572,21.994,21.994,797203,0
1998-05-27,22.014,22.054,21.536,21.715,1856428,0
1998-05-28,21.835,22.034,21.715,21.835,1515801,0
1998-05-29,21.915,22.114,21.795,21.795,1376961,0
1998-06-01,21.715,21.954,21.715,21.775,1267335,0
1998-06-02,21.915,22.034,21.915,21.934,1860645,0
1998-06-03,21.915,21.915,21.675,21.735,1317028,0
1998-06-04,21.635,21.635,21.436,21.615,1039950,0
1998-06-05,21.615,22.154,21.536,22.114,1299862,0
1998-06-08,22.433,22.612,22.293,22.293,1267335,0
1998-06-09,22.293,22.672,22.293,22.493,1179391,0
1998-06-10,22.353,22.751,22.333,22.453,1427860,0
1998-06-11,22.393,22.393,22.074,22.114,842681,0
1998-06-12,22.074,22.234,21.934,21.994,1158912,0
1998-06-15,21.915,22.174,21.476,21.476,1624825,0
1998-06-16,21.516,21.635,21.257,21.596,2645500,0
1998-06-17,21.715,22.313,21.675,22.194,964356,0
1998-06-18,22.114,22.194,21.895,21.895,796302,0
1998-06-19,21.635,22.034,21.635,21.915,2623515,0
1998-06-22,21.994,22.473,21.994,22.014,1473938,0
1998-06-23,22.194,22.353,22.114,22.194,1135421,0
1998-06-24,22.074,22.353,22.074,22.234,1392020,0
1998-06-25,22.313,22.572,22.114,22.114,1265528,0
1998-06-26,22.114,22.473,22.114,22.313,1071872,0
1998-06-29,22.353,22.771,22.353,22.652,845994,0
1998-06-30,22.612,22.751,21.954,21.954,1925998,0
1998-07-01,22.194,22.592,22.194,22.353,1593806,0
1998-07-02,22.433,22.751,22.353,22.612,1368831,0
1998-07-06,22.632,23.408,22.632,23.269,1394731,0
1998-07-07,23.269,23.428,22.989,23.029,1151081,0
1998-07-08,23.109,23.388,23.069,23.269,998086,0
1998-07-09,23.229,23.269,23.009,23.009,910444,0
1998-07-10,22.949,23.308,22.791,23.209,817383,0
1998-07-13,23.129,23.229,22.909,22.929,665892,0
1998-07-14,22.929,23.707,22.929,23.627,1305284,0
1998-07-15,23.548,23.548,22.89,22.909,1188126,0
1998-07-16,22.989,23.069,22.731,23.029,1334194,0
1998-07-17,22.989,23.069,22.909,22.989,796302,0
1998-07-20,22.909,22.969,22.672,22.771,336410,0
1998-07-21,22.851,22.909,22.592,22.731,1031516,0
1998-07-22,22.811,23.149,22.811,22.949,1024589,0
1998-07-23,22.87,22.949,21.994,22.214,1054707,0
1998-07-24,22.154,22.154,21.695,21.795,979714,0
1998-07-27,21.675,22.254,21.675,22.054,904119,0
1998-07-28,21.974,21.974,20.779,20.779,3485169,0
1998-07-29,21.077,21.556,21.037,21.077,1657354,0
1998-07-30,20.997,21.077,20.251,20.6,3016544,0
1998-07-31,21.396,21.775,20.878,21.017,2790665,0
1998-08-03,21.077,21.376,21.077,21.276,1388707,0
1998-08-04,21.316,21.596,21.157,21.197,4944352,0
1998-08-05,21.157,21.516,20.938,21.316,2417512,0
1998-08-06,21.237,21.276,20.45,20.859,2952094,0
1998-08-07,20.679,20.749,20.45,20.48,1736862,0
1998-08-10,20.53,20.679,20.37,20.669,1522729,0
1998-08-11,20.53,20.56,20.33,20.33,1435389,0
1998-08-12,20.35,20.719,20.35,20.56,2331377,0
1998-08-13,20.48,20.639,20.33,20.37,1657053,0
1998-08-14,20.051,20.091,19.554,19.733,1598926,0
1998-08-17,19.812,20.35,19.733,20.35,1066452,0
1998-08-18,20.271,20.908,20.191,20.37,1625731,0
1998-08-19,20.48,21.157,20.48,20.938,1217942,0
1998-08-20,20.987,21.596,20.987,21.257,1736561,0
1998-08-21,20.938,21.197,20.38,21.097,1598926,0
1998-08-24,21.117,21.396,21.057,21.237,1038142,0
1998-08-25,21.476,21.615,21.237,21.237,2307283,0
1998-08-26,21.197,21.476,20.997,21.117,1361301,0
1998-08-27,21.117,21.117,20.221,20.48,1818783,0
1998-08-28,20.46,20.719,19.812,19.852,1780834,0
1998-08-31,19.932,20.051,18.498,18.518,2577437,0
1998-09-01,18.558,19.594,18.199,19.295,1823600,0
1998-09-02,19.216,19.892,19.096,19.693,2727118,0
1998-09-03,19.255,19.773,19.176,19.554,3339702,0
1998-09-04,19.812,19.812,19.116,19.594,2441908,0
1998-09-08,19.594,19.713,19.534,19.713,1625731,0
1998-09-09,19.653,19.852,19.374,19.733,1418826,0
1998-09-10,19.653,19.673,18.697,18.937,2711155,0
1998-09-11,18.777,19.295,18.618,19.235,1497431,0
1998-09-14,19.812,19.932,19.594,19.633,2621105,0
1998-09-15,19.653,20.141,19.574,19.991,2446125,0
1998-09-16,19.971,20.53,19.971,20.4,1507670,0
1998-09-17,20.211,20.679,20.051,20.639,2062130,0
1998-09-18,20.61,20.997,20.54,20.839,2182597,0
1998-09-21,20.61,21.077,20.46,20.987,1627837,0
1998-09-22,21.316,21.456,21.257,21.416,1121869,0
1998-09-23,21.456,21.795,21.237,21.795,1728429,0
1998-09-24,21.755,22.074,21.416,21.536,1582963,0
1998-09-25,21.456,22.074,21.356,21.655,1075186,0
1998-09-28,21.675,22.054,21.496,21.915,1003807,0
1998-09-29,21.934,22.313,21.875,22.054,1289020,0
1998-09-30,21.915,21.915,21.037,21.037,1267335,0
1998-10-01,20.839,21.117,20.53,20.54,2281986,0
1998-10-02,20.59,21.117,20.56,20.61,2325956,0
1998-10-05,20.679,20.699,20.271,20.679,1505261,0
1998-10-06,20.997,21.476,20.997,21.037,1190235,0
1998-10-07,21.137,21.296,20.957,21.117,2055503,0
1998-10-08,20.53,20.839,20.291,20.679,2324751,0
1998-10-09,20.669,20.759,20.37,20.37,2895474,0
1998-10-12,20.48,20.639,19.733,19.733,1459182,0
1998-10-13,19.932,20.091,19.753,20.091,1481467,0
1998-10-14,20.051,20.56,20.011,20.171,2109112,0
1998-10-15,19.892,21.516,19.892,21.396,3599014,0
1998-10-16,21.875,21.915,21.356,21.416,1785952,0
1998-10-19,21.237,21.875,21.237,21.775,1270045,0
1998-10-20,21.775,22.353,21.715,22.194,1258901,0
1998-10-21,22.154,22.473,21.556,22.333,2461483,0
1998-10-22,22.254,22.672,21.695,22.672,1788363,0
1998-10-23,22.672,22.909,22.074,22.692,1395333,0
1998-10-26,22.771,22.771,21.795,21.915,2125978,0
1998-10-27,21.994,22.274,21.974,22.154,1728128,0
1998-10-28,22.114,22.174,21.635,21.915,1373047,0
1998-10-29,21.915,22.074,21.396,22.014,1819684,0
1998-10-30,22.274,23.308,22.174,23.209,2319932,0
1998-11-02,23.149,23.747,23.069,23.747,1617898,0
1998-11-03,23.747,24.664,23.667,24.585,2955106,0
1998-11-04,24.903,25.64,24.903,25.082,4391098,0
1998-11-05,24.903,24.903,24.246,24.565,1888052,0
1998-11-06,24.505,24.545,23.807,23.887,1719093,0
1998-11-09,23.308,24.086,23.308,23.986,1505261,0
1998-11-10,23.966,23.966,23.229,23.289,1911542,0
1998-11-11,23.627,23.946,23.468,23.488,789074,0
1998-11-12,23.448,23.807,23.388,23.707,1134217,0
1998-11-13,23.727,24.066,23.388,23.647,748715,0
1998-11-16,23.588,24.086,23.588,24.026,1029709,0
1998-11-17,24.106,24.465,24.026,24.285,1225472,0
1998-11-18,24.246,24.585,24.126,24.525,911047,0
1998-11-19,24.545,24.624,24.405,24.585,953814,0
1998-11-20,24.942,25.281,24.883,25.142,1340219,0
1998-11-23,25.461,26.158,25.401,26.158,1913952,0
1998-11-24,26.208,26.208,25.7,25.81,2214523,0
1998-11-25,25.81,25.89,25.421,25.6,2299755,0
1998-11-27,25.222,25.381,25.142,25.142,707755,0
1998-11-30,25.002,25.441,24.763,24.763,1326665,0
1998-12-01,24.703,24.703,24.345,24.604,1284199,0
1998-12-02,24.525,24.942,24.465,24.863,854126,0
1998-12-03,24.683,24.703,24.206,24.385,1243843,0
1998-12-04,24.505,25.301,24.505,25.242,1131806,0
1998-12-07,24.903,25.361,24.903,25.341,1205293,0
1998-12-08,25.361,25.361,24.703,24.803,1540799,0
1998-12-09,24.763,24.763,24.206,24.285,1095967,0
1998-12-10,24.325,24.485,24.106,24.445,1919374,0
1998-12-11,24.465,24.465,23.926,23.946,1671509,0
1998-12-14,23.548,23.867,22.949,23.049,1502549,0
1998-12-15,23.049,23.308,22.791,23.109,1598624,0
1998-12-16,23.229,24.006,23.229,23.548,2305476,0
1998-12-17,23.548,25.062,23.548,24.982,2610264,0
1998-12-18,24.505,24.585,24.066,24.186,3059311,0
1998-12-21,24.266,25.182,24.266,24.703,1664883,0
1998-12-22,24.783,26.018,24.783,25.182,2044057,0
1998-12-23,25.461,25.64,25.102,25.341,1988643,0
1998-12-24,25.261,25.381,25.022,25.022,431882,0
1998-12-28,24.942,25.042,24.664,24.664,1300765,0
1998-12-29,24.743,24.942,24.425,24.703,1296851,0
1998-12-30,24.723,24.903,24.585,24.743,1747403,0
1998-12-31,24.863,24.962,24.425,24.604,1153492,0
1999-01-04,25.142,25.261,24.505,24.703,2362698,0
1999-01-05,24.743,25.022,24.703,24.903,1086028,0
1999-01-06,25.461,25.461,25.022,25.461,2300658,0
1999-01-07,25.501,25.86,25.341,25.84,2524730,0
1999-01-08,26.256,26.845,26.128,26.416,4737747,0
1999-01-11,27.283,27.503,26.575,26.575,3450233,0
1999-01-12,26.575,27.004,26.366,27.004,2365109,0
1999-01-13,26.575,27.204,25.78,26.526,3327356,0
1999-01-14,26.098,26.286,26.018,26.188,2115738,0
1999-01-15,26.336,26.715,26.188,26.635,1755234,0
1999-01-19,26.416,26.605,25.76,26.108,1932624,0
1999-01-20,25.78,26.256,25.501,25.68,1436594,0
1999-01-21,24.823,25.401,24.823,25.142,3648406,0
1999-01-22,25.142,25.301,24.823,24.843,2216932,0
1999-01-25,24.843,25.222,24.843,24.982,2068755,0
1999-01-26,24.823,25.222,24.823,24.982,2495817,0
1999-01-27,25.062,25.281,24.505,24.505,1627837,0
1999-01-28,25.142,25.281,24.783,25.002,1573024,0
1999-01-29,26.098,26.496,25.8,26.208,2035324,0
1999-02-01,26.256,26.256,25.68,25.958,1751017,0
1999-02-02,25.81,25.81,25.122,25.461,1161322,0
1999-02-03,25.301,25.62,25.062,25.142,3176469,0
1999-02-04,24.664,24.823,24.106,24.803,3804110,0
1999-02-05,24.783,24.783,24.305,24.325,1295042,0
1999-02-08,24.505,24.823,24.365,24.385,2558460,0
1999-02-09,24.385,24.465,23.408,23.408,1908230,0
1999-02-10,23.787,24.783,23.508,24.465,2547620,0
1999-02-11,24.505,24.624,24.266,24.465,2205487,0
1999-02-12,24.505,24.903,24.186,24.604,2425945,0
1999-02-16,24.743,25.182,24.505,24.783,1867270,0
1999-02-17,24.505,24.743,23.687,23.887,1598926,0
1999-02-18,24.146,24.325,24.026,24.046,2520513,0
1999-02-19,24.046,24.644,23.986,24.505,2399442,0
1999-02-22,24.505,25.84,24.186,25.81,2412695,0
1999-02-23,25.76,25.86,25.142,25.7,2780728,0
1999-02-24,26.048,26.256,25.421,25.78,2452148,0
1999-02-25,25.62,25.7,25.242,25.541,1666690,0
1999-02-26,25.62,25.68,24.823,24.982,1351062,0
1999-03-01,25.062,25.301,24.783,25.301,1749210,0
1999-03-02,25.341,25.68,25.281,25.461,2080802,0
1999-03-03,25.461,25.581,24.923,24.982,1658256,0
1999-03-04,24.982,24.982,24.066,24.186,3499325,0
1999-03-05,25.461,25.461,24.982,25.381,2248856,0
1999-03-08,25.301,25.381,24.585,24.624,1158912,0
1999-03-09,24.585,24.903,24.285,24.305,2167539,0
1999-03-10,24.186,24.365,23.986,24.325,2990946,0
1999-03-11,24.365,25.142,24.325,25.102,2295539,0
1999-03-12,25.421,25.66,25.361,25.521,1761257,0
1999-03-15,25.441,25.938,25.441,25.918,2292225,0
1999-03-16,26.256,26.286,25.62,25.918,2335895,0
1999-03-17,26.098,26.098,25.381,25.6,2078694,0
1999-03-18,25.62,26.048,25.541,25.86,2261505,0
1999-03-19,25.968,26.336,25.78,26.128,1663376,0
1999-03-22,25.938,27.204,25.89,27.104,2760850,0
1999-03-23,26.805,26.884,26.416,26.635,2269637,0
1999-03-24,26.605,26.765,26.366,26.526,1975391,0
1999-03-25,26.725,26.884,26.605,26.805,2548221,0
1999-03-26,26.805,27.283,26.585,27.243,1820589,0
1999-03-29,27.243,27.523,26.954,27.164,1893773,0
1999-03-30,27.164,27.423,26.645,26.725,1514296,0
1999-03-31,26.795,26.875,26.526,26.665,2749707,0
1999-04-01,26.845,27.283,26.805,27.224,2303369,0
1999-04-05,27.224,27.662,27.204,27.642,2749707,0
1999-04-06,27.642,27.662,27.144,27.184,1523330,0
1999-04-07,27.144,27.582,27.144,27.582,1457376,0
1999-04-08,26.805,26.805,25.86,26.178,2923784,0
1999-04-09,26.128,26.316,25.938,26.316,2895474,0
1999-04-12,26.725,27.164,26.575,27.084,2313307,0
1999-04-13,27.084,27.403,27.064,27.243,1671509,0
1999-04-14,27.243,27.881,27.243,27.682,1535378,0
1999-04-15,27.682,28.44,27.642,28.161,2121460,0
1999-04-16,28.081,28.678,27.921,28.618,1600130,0
1999-04-19,28.558,28.956,28.44,28.44,1448942,0
1999-04-20,28.519,28.738,28.121,28.638,1454966,0
1999-04-21,28.798,28.857,28.161,28.4,1254083,0
1999-04-22,28.161,28.36,27.403,27.981,1992557,0
1999-04-23,28.141,28.479,28.041,28.44,1606154,0
1999-04-26,28.24,28.3,27.802,27.822,824310,0
1999-04-27,27.782,27.901,27.323,27.662,1583566,0
1999-04-28,27.642,28.479,27.602,27.602,1533269,0
1999-04-29,28.001,28.2,27.483,28.081,2078994,0
1999-04-30,28.041,28.081,27.682,27.742,1322750,0
1999-05-03,27.842,29.076,27.802,29.076,1760054,0
1999-05-04,29.076,29.514,28.161,28.2,1646511,0
1999-05-05,28.2,28.818,27.961,28.758,1093558,0
1999-05-06,28.598,28.996,28.578,28.838,2201271,0
1999-05-07,28.818,29.793,28.818,29.733,1452254,0
1999-05-10,29.992,31.069,29.952,30.929,2510575,0
1999-05-11,30.949,31.388,30.211,30.63,3071961,0
1999-05-12,30.55,30.55,29.992,30.152,4256474,0
1999-05-13,30.152,30.211,29.872,30.112,1158912,0
1999-05-14,29.753,29.972,29.275,29.674,1763366,0
1999-05-17,29.514,29.634,29.275,29.355,1657053,0
1999-05-18,29.195,29.872,29.195,29.475,1338713,0
1999-05-19,29.753,30.829,29.753,30.71,1443219,0
1999-05-20,30.59,30.949,29.952,30.251,2027193,0
1999-05-21,30.172,30.55,30.112,30.291,1021577,0
1999-05-24,30.231,30.869,30.112,30.451,2118147,0
1999-05-25,30.391,30.869,29.992,29.992,1860645,0
1999-05-26,29.992,30.012,28.818,29.475,2869573,0
1999-05-27,29.355,29.534,28.956,28.976,1850706,0
1999-05-28,29.554,29.753,29.235,29.674,2150675,0
1999-06-01,29.594,29.832,29.375,29.773,2180188,0
1999-06-02,29.694,30.471,29.694,30.231,1847393,0
1999-06-03,30.391,30.471,30.112,30.231,1897989,0
1999-06-04,30.192,30.55,30.112,30.55,1117650,0
1999-06-07,30.511,30.809,30.391,30.75,1347746,0
1999-06-08,30.71,30.73,30.55,30.71,1265828,0
1999-06-09,30.431,30.61,29.952,30.132,1380577,0
1999-06-10,30.152,30.152,29.435,29.594,1741079,0
1999-06-11,29.514,29.832,29.455,29.694,1477251,0
1999-06-14,29.753,30.391,29.753,30.391,1518212,0
1999-06-15,30.391,30.849,30.391,30.53,1519115,0
1999-06-16,30.829,31.069,30.75,31.009,2152481,0
1999-06-17,30.929,30.929,30.411,30.53,2436787,0
1999-06-18,30.53,30.61,30.271,30.391,2792774,0
1999-06-21,30.231,30.391,30.092,30.132,1513393,0
1999-06-22,29.872,29.892,28.917,29.076,2446125,0
1999-06-23,28.996,29.056,28.638,28.976,2156999,0
1999-06-24,29.036,29.056,28.081,28.26,3104488,0
1999-06-25,28.26,28.36,27.702,27.782,1755234,0
1999-06-28,28.001,28.479,27.981,28.32,2994259,0
1999-06-29,28.001,28.121,27.941,28.101,1458880,0
1999-06-30,28.041,28.877,28.001,28.32,2789160,0
1999-07-01,28.44,28.558,28.121,28.28,1357687,0
1999-07-02,28.798,29.435,28.758,29.415,2703929,0
1999-07-06,29.415,29.674,28.937,28.956,2270541,0
1999-07-07,28.976,29.395,28.917,29.116,1764270,0
1999-07-08,29.036,29.554,28.976,29.275,1357687,0
1999-07-09,29.076,29.255,28.897,29.116,1278477,0
1999-07-12,29.036,29.036,28.36,28.4,1758547,0
1999-07-13,28.32,28.598,27.881,27.921,1369733,0
1999-07-14,27.921,27.921,27.523,27.802,1416414,0
1999-07-15,28.081,28.758,28.081,28.618,2453051,0
1999-07-16,28.798,29.554,28.778,29.554,1729334,0
1999-07-19,29.495,29.832,28.956,28.976,1977801,0
1999-07-20,29.036,29.335,28.818,28.877,1250467,0
1999-07-21,28.838,29.116,28.499,28.499,1813661,0
1999-07-22,28.638,28.857,28.26,28.44,1054707,0
1999-07-23,28.44,28.598,27.702,27.842,726127,0
1999-07-26,27.802,28.38,27.762,28.34,1214629,0
1999-07-27,28.4,28.877,27.961,28.061,1871186,0
1999-07-28,28.001,28.181,27.582,27.722,1135421,0
1999-07-29,27.642,28.32,27.642,28.081,2412695,0
1999-07-30,28.101,28.44,27.881,28.061,1516102,0
1999-08-02,28.061,28.519,28.021,28.479,1898293,0
1999-08-03,27.602,27.682,25.86,26.605,7198930,0
1999-08-04,26.884,27.164,25.81,26.336,3259592,0
1999-08-05,26.496,27.204,26.496,26.964,4104982,0
1999-08-06,26.884,27.044,26.795,26.984,1966958,0
1999-08-09,26.964,27.164,26.506,26.526,1782038,0
1999-08-10,26.526,26.655,26.078,26.416,1776918,0
1999-08-11,26.416,26.765,26.198,26.316,1874800,0
1999-08-12,26.396,27.124,26.346,26.964,2069055,0
1999-08-13,27.562,28.041,27.503,28.001,1698916,0
1999-08-16,27.921,28.161,27.562,28.061,1262215,0
1999-08-17,28.32,28.499,28.161,28.24,2605746,0
1999-08-18,28.32,28.32,27.762,27.782,2178684,0
1999-08-19,27.782,28.161,27.204,27.961,1843177,0
1999-08-20,28.121,28.778,27.961,28.678,1661269,0
1999-08-23,28.479,29.335,28.479,29.295,1848598,0
1999-08-24,29.116,29.395,28.976,29.295,2090741,0
1999-08-25,29.295,29.534,29.195,29.455,1995270,0
1999-08-26,29.435,29.594,29.116,29.235,1717587,0
1999-08-27,29.156,29.514,29.076,29.395,1546221,0
1999-08-30,29.036,29.036,28.678,28.678,1581157,0
1999-08-31,28.678,29.116,28.578,28.578,2254879,0
1999-09-01,28.598,29.096,28.598,29.096,972186,0
1999-09-02,29.056,29.076,28.32,28.838,2153384,0
1999-09-03,28.956,30.032,28.937,29.852,1513995,0
1999-09-07,29.773,29.952,29.574,29.733,1612178,0
1999-09-08,29.634,30.032,29.395,29.634,2088331,0
1999-09-09,29.435,29.514,28.838,29.096,2287406,0
1999-09-10,29.096,29.455,28.996,29.235,2033818,0
1999-09-13,29.156,29.156,28.46,28.46,1858235,0
1999-09-14,28.519,28.519,27.762,27.802,2522925,0
1999-09-15,27.682,28.36,27.443,27.782,3134605,0
1999-09-16,27.802,28.28,27.782,28.061,1271852,0
1999-09-17,28.061,28.996,28.061,28.479,2344328,0
1999-09-20,28.4,28.718,28.36,28.578,1132711,0
1999-09-21,28.499,28.996,28.28,28.598,1786857,0
1999-09-22,28.678,29.036,28.519,28.558,1773606,0
1999-09-23,28.618,29.255,28.618,29.076,3526130,0
1999-09-24,29.036,29.176,28.181,28.678,3606542,0
1999-09-27,28.678,28.738,28.081,28.081,2002195,0
1999-09-28,27.762,27.762,27.164,27.523,4999466,0
1999-09-29,27.443,27.762,27.423,27.682,1954913,0
1999-09-30,27.602,27.642,23.707,24.743,14046088,0
1999-10-01,24.505,25.381,24.305,25.281,10426596,0
1999-10-04,24.505,24.743,24.006,24.026,4830510,0
1999-10-05,24.026,24.585,23.548,24.046,8184968,0
1999-10-06,24.086,24.305,23.089,23.149,6690852,0
1999-10-07,23.229,23.229,22.712,23.049,4293217,0
1999-10-08,22.969,23.089,22.513,22.692,3439091,0
1999-10-11,22.692,22.692,22.074,22.333,2792474,0
1999-10-12,22.313,22.313,21.855,22.154,5150956,0
1999-10-13,21.994,22.433,21.835,22.094,3584859,0
1999-10-14,22.094,22.731,21.895,22.453,3265314,0
1999-10-15,21.954,21.974,21.396,21.615,2410285,0
1999-10-18,21.476,21.994,21.356,21.755,2559365,0
1999-10-19,21.835,21.875,20.918,20.938,2622611,0
1999-10-20,20.938,21.147,20.749,20.829,1479963,0
1999-10-21,20.878,20.997,20.33,20.639,1700120,0
1999-10-22,20.719,21.037,20.719,20.769,3380664,0
1999-10-25,20.839,20.938,20.56,20.61,1940155,0
1999-10-26,20.61,20.829,20.191,20.4,1885642,0
1999-10-27,20.45,21.436,20.45,21.316,4409770,0
1999-10-28,22.433,23.249,22.114,23.209,3823086,0
1999-10-29,23.548,24.026,23.468,23.787,4027281,0
1999-11-01,23.787,23.827,23.229,23.348,2443714,0
1999-11-02,25.581,25.84,24.942,25.022,5172641,0
1999-11-03,25.142,25.461,24.982,25.042,3287901,0
1999-11-04,25.082,25.561,25.062,25.461,3659849,0
1999-11-05,25.78,26.575,25.76,26.286,3111415,0
1999-11-08,26.256,26.725,26.237,26.476,2221148,0
1999-11-09,26.655,26.845,25.938,26.336,2057309,0
1999-11-10,26.416,26.416,25.78,25.918,1665786,0
1999-11-11,26.256,26.346,25.62,25.62,1830527,0
1999-11-12,25.89,26.884,25.86,26.526,2211211,0
1999-11-15,26.496,26.805,26.496,26.715,1426354,0
1999-11-17,27.363,27.762,27.204,27.523,3258687,0
1999-11-18,27.523,27.543,26.984,27.283,2632550,0
1999-11-19,27.124,27.194,26.655,26.655,2261505,0
1999-11-22,26.655,27.204,26.635,27.044,3758634,0
1999-11-23,26.964,26.984,25.84,25.84,2211812,0
1999-11-24,25.81,26.078,25.7,25.7,3682438,0
1999-11-26,25.7,25.72,25.142,25.281,1445027,0
1999-11-29,25.361,25.521,24.843,25.501,2219341,0
1999-11-30,25.421,26.416,25.301,26.178,2834336,0
1999-12-01,25.938,25.958,25.74,25.74,2350051,0
1999-12-02,25.81,25.938,25.461,25.581,2239821,0
1999-12-03,25.7,26.546,25.62,26.366,2781931,0
1999-12-06,26.286,26.416,25.78,25.89,1395634,0
1999-12-07,25.918,25.918,25.182,25.182,2653632,0
1999-12-08,25.381,25.7,24.903,24.903,2804219,0
1999-12-09,24.903,25.501,24.903,25.461,1922385,0
1999-12-10,25.7,26.098,25.301,25.301,1965153,0
1999-12-13,25.261,25.541,25.042,25.202,1870584,0
1999-12-14,25.162,25.341,24.923,25.042,2019364,0
1999-12-15,25.002,25.341,24.923,25.142,1750716,0
1999-12-16,25.062,25.062,24.644,24.763,1712468,0
1999-12-17,24.505,24.585,24.186,24.186,3425235,0
1999-12-20,24.146,24.186,23.767,23.986,1779329,0
1999-12-21,23.847,23.906,23.468,23.468,1583566,0
1999-12-22,23.468,24.743,23.468,24.405,1758547,0
1999-12-23,24.823,25.162,24.525,24.982,1454664,0
1999-12-27,24.962,25.182,24.046,24.126,1198668,0
1999-12-28,24.126,24.425,24.066,24.126,1394429,0
1999-12-29,24.166,25.222,24.086,25.022,1005616,0
1999-12-30,25.182,25.581,25.102,25.441,1065550,0
1999-12-31,25.381,25.7,25.321,25.64,552049,0
2000-01-03,25.561,25.62,24.763,24.962,2108812,0
2000-01-04,24.146,24.942,23.827,24.863,2082910,0
2000-01-05,24.803,25.341,24.763,24.763,1577844,0
2000-01-06,24.763,26.655,24.763,25.958,2028699,0
2000-01-07,26.735,27.164,26.396,27.084,1751922,0
2000-01-10,27.034,27.243,26.845,26.924,2422633,0
2000-01-11,26.735,26.735,26.198,26.237,1701023,0
2000-01-12,26.128,26.276,26.048,26.276,1880824,0
2000-01-13,26.098,27.004,26.018,26.765,1861247,0
2000-01-14,26.286,26.556,25.501,25.66,1877510,0
2000-01-18,25.062,25.541,24.823,25.142,1790171,0
2000-01-19,25.222,25.541,24.445,24.644,2140735,0
2000-01-20,24.703,24.863,24.066,24.166,1749210,0
2000-01-21,24.226,24.226,23.289,23.727,2515695,0
2000-01-24,23.707,23.707,22.831,22.89,1642294,0
2000-01-25,23.149,23.229,22.672,22.751,1573024,0
2000-01-26,23.308,23.548,22.87,23.149,2640983,0
2000-01-27,23.229,23.468,22.751,23.049,1498334,0
2000-01-28,22.909,23.348,22.87,23.089,2566895,0
2000-01-31,22.909,23.069,22.373,22.831,1304379,0
2000-02-01,22.909,23.189,22.851,22.87,1237519,0
2000-02-02,23.229,23.627,23.109,23.468,3361388,0
2000-02-03,23.548,24.046,23.269,23.807,3180083,0
2000-02-04,24.046,24.206,23.946,24.146,2319030,0
2000-02-07,24.266,24.305,23.887,24.266,2159107,0
2000-02-08,23.468,24.106,23.109,23.787,3489686,0
2000-02-09,24.186,24.664,23.747,24.505,5397013,0
2000-02-10,24.823,25.222,24.763,25.102,3917955,0
2000-02-11,25.381,25.581,25.301,25.421,3117137,0
2000-02-14,25.501,25.501,25.222,25.441,1371843,0
2000-02-15,25.461,25.481,24.982,25.242,3468304,0
2000-02-16,25.182,25.441,25.062,25.082,3738758,0
2000-02-17,25.182,25.421,25.022,25.301,2428657,0
2000-02-18,24.823,25.142,24.465,24.505,2957214,0
2000-02-22,24.505,24.664,23.946,24.126,2647609,0
2000-02-23,24.026,24.345,23.667,23.867,3480352,0
2000-02-24,23.867,23.867,23.229,23.229,2935830,0
2000-02-25,23.308,23.707,22.831,22.909,2489494,0
2000-02-28,22.909,23.548,22.909,23.508,3058709,0
2000-02-29,23.308,23.827,23.269,23.488,2900593,0
2000-03-01,23.568,23.767,22.87,23.069,6120429,0
2000-03-02,22.989,23.009,22.154,22.293,2816567,0
2000-03-03,22.373,22.929,22.373,22.672,2586771,0
2000-03-06,22.592,22.612,21.675,21.855,1986836,0
2000-03-07,21.316,21.316,20.51,20.859,3087622,0
2000-03-08,20.769,21.077,20.48,20.59,2295839,0
2000-03-09,20.48,20.53,20.151,20.37,2721698,0
2000-03-10,20.45,20.56,20.131,20.291,2072368,0
2000-03-13,20.251,20.251,19.434,19.474,2561773,0
2000-03-14,19.554,20.131,19.494,19.534,2456064,0
2000-03-15,19.554,20.918,19.554,20.699,3496915,0
2000-03-16,20.699,21.316,20.59,20.997,5746675,0
2000-03-17,20.53,20.749,19.334,20.071,7151043,0
2000-03-20,20.011,20.829,20.011,20.689,3855612,0
2000-03-21,20.719,22.333,20.719,22.333,4405252,0
2000-03-22,22.234,23.189,21.994,22.731,3979694,0
2000-03-23,22.751,23.966,22.592,23.269,2952094,0
2000-03-24,23.348,24.505,23.229,24.266,2968058,0
2000-03-27,24.266,24.505,23.867,24.086,2967153,0
2000-03-28,23.867,23.946,23.169,23.169,3904101,0
2000-03-29,23.169,23.906,23.109,23.588,2728926,0
2000-03-30,23.667,25.142,23.508,24.803,2866260,0
2000-03-31,24.505,25.261,24.106,24.106,2657246,0
2000-04-03,24.345,25.66,24.345,25.461,1940155,0
2000-04-04,25.461,25.461,24.186,24.823,3049975,0
2000-04-05,24.823,25.441,24.803,25.202,2108209,0
2000-04-06,25.142,25.86,24.942,25.401,2268733,0
2000-04-07,25.321,25.62,24.505,24.565,1602840,0
2000-04-10,24.624,26.128,24.604,25.72,2390408,0
2000-04-11,26.416,27.662,26.276,26.884,3525226,0
2000-04-12,26.735,27.523,26.605,26.964,1985028,0
2000-04-13,26.964,27.283,26.585,26.984,2399142,0
2000-04-14,26.825,26.825,25.441,25.68,2468712,0
2000-04-17,25.76,26.237,25.381,25.76,2520513,0
2000-04-18,25.76,26.018,25.461,25.88,1688374,0
2000-04-19,25.142,25.7,24.743,25.301,1956117,0
2000-04-20,25.062,26.526,25.062,26.208,2247349,0
2000-04-24,26.178,26.655,25.86,26.655,2189526,0
2000-04-25,26.526,26.556,25.78,26.078,1663075,0
2000-04-26,26.098,26.256,25.541,25.918,1453158,0
2000-04-27,25.84,25.958,24.982,25.301,1989246,0
2000-04-28,24.823,25.381,24.385,25.381,2177478,0
2000-05-01,25.301,25.301,24.923,25.122,2276264,0
2000-05-02,24.664,24.683,23.827,23.867,4985913,0
2000-05-03,23.548,24.345,23.348,23.588,3931809,0
2000-05-04,24.186,24.683,23.946,24.425,2911135,0
2000-05-05,24.385,24.664,24.046,24.166,2564786,0
2000-05-08,24.246,25.242,24.246,25.082,2180792,0
2000-05-09,24.903,25.461,24.664,24.743,2483168,0
2000-05-10,24.743,24.743,24.026,24.186,1845585,0
2000-05-11,24.345,24.942,24.266,24.345,2691279,0
2000-05-12,24.743,25.521,24.624,25.132,1827817,0
2000-05-15,24.982,26.735,24.982,26.128,3367109,0
2000-05-16,26.735,27.363,26.655,26.765,2533163,0
2000-05-17,26.735,27.044,26.416,26.685,2064839,0
2000-05-18,26.735,27.543,26.735,27.523,1872089,0
2000-05-19,27.602,27.941,27.204,27.562,2201872,0
2000-05-22,27.642,28.558,27.503,28.3,3004800,0
2000-05-23,28.3,28.618,27.642,28.618,2692182,0
2000-05-24,28.598,28.917,28.2,28.519,3003595,0
2000-05-25,28.519,28.618,28.041,28.4,2024482,0
2000-05-26,28.041,28.28,27.742,27.921,1187222,0
2000-05-30,27.682,28.22,27.283,28.22,1560375,0
2000-05-31,28.141,28.618,28.021,28.26,1654643,0
2000-06-01,28.041,28.061,27.562,27.822,2578339,0
2000-06-02,28.44,28.718,28.28,28.44,2259697,0
2000-06-05,28.638,28.698,27.941,27.961,1960332,0
2000-06-06,27.762,27.782,26.655,26.884,2058213,0
2000-06-07,27.204,27.802,27.084,27.443,1852211,0
2000-06-08,27.562,27.782,27.204,27.602,1667292,0
2000-06-09,27.682,28.46,27.682,28.161,1622718,0
2000-06-12,28.2,29.076,28.2,28.877,2422933,0
2000-06-13,29.195,30.351,28.818,29.932,3137014,0
2000-06-14,29.892,30.152,29.614,29.872,3609855,0
2000-06-15,29.852,30.112,29.495,29.992,2351556,0
2000-06-16,29.793,30.291,29.275,29.275,3659849,0
2000-06-19,29.275,30.59,29.275,30.391,2600926,0
2000-06-20,30.411,31.109,30.371,30.511,3348738,0
2000-06-21,29.912,30.032,29.694,29.773,2446125,0
2000-06-22,29.634,29.992,29.315,29.733,2525935,0
2000-06-23,29.594,30.351,29.594,29.753,3676717,0
2000-06-26,29.832,30.132,29.674,29.813,1877510,0
2000-06-27,29.813,29.972,29.694,29.932,2082910,0
2000-06-28,30.112,30.67,30.032,30.61,2762657,0
2000-06-29,30.511,31.667,30.511,31.069,2904508,0
2000-06-30,30.79,30.969,29.743,29.753,4351042,0
2000-07-03,29.912,30.192,29.475,30.192,1038142,0
2000-07-05,30.192,30.77,30.072,30.231,2019364,0
2000-07-06,30.251,31.228,30.052,30.909,2124772,0
2000-07-07,30.989,31.886,30.989,31.727,2616889,0
2000-07-10,31.189,31.807,31.189,31.807,3573714,0
2000-07-11,31.827,32.283,31.667,31.767,3287901,0
2000-07-12,31.986,32.792,31.936,32.732,3072866,0
2000-07-13,32.463,32.542,32.005,32.165,2614481,0
2000-07-14,32.085,32.085,31.747,31.747,3115631,0
2000-07-17,31.707,32.333,31.508,32.293,2329872,0
2000-07-18,31.428,31.508,30.79,31.208,4038124,0
2000-07-19,31.268,31.388,30.829,30.849,1474239,0
2000-07-20,30.849,31.408,30.829,31.288,1333592,0
2000-07-21,31.288,31.328,30.869,30.889,1125784,0
2000-07-24,30.869,30.869,30.411,30.59,1287513,0
2000-07-25,30.55,30.989,30.411,30.849,1540198,0
2000-07-26,30.869,31.198,30.79,31.189,3386386,0
2000-07-27,31.667,32.065,31.368,31.827,2492204,0
2000-07-28,31.787,31.787,31.109,31.268,1571820,0
2000-07-31,31.747,31.966,31.627,31.787,2085018,0
2000-08-01,31.468,32.244,31.468,32.224,1488395,0
2000-08-02,30.391,31.169,30.391,30.73,4943147,0
2000-08-03,30.55,31.169,30.231,30.949,4059204,0
2000-08-04,30.969,32.303,30.909,31.926,4200455,0
2000-08-07,31.926,32.542,31.866,32.523,2912941,0
2000-08-08,32.443,33.011,32.005,32.861,2141940,0
2000-08-09,32.622,32.622,32.005,32.333,1610369,0
2000-08-10,32.702,32.931,32.383,32.403,1318535,0
2000-08-11,32.473,33.708,32.473,33.479,1329074,0
2000-08-14,33.409,33.548,33.091,33.091,2576832,0
2000-08-15,33.091,33.389,32.782,32.782,2061225,0
2000-08-16,33.17,33.389,32.712,32.712,2263012,0
2000-08-17,32.652,33.289,32.463,32.463,1548630,0
2000-08-18,32.463,32.542,32.204,32.204,1691686,0
2000-08-21,32.204,32.224,31.747,32.065,1492310,0
2000-08-22,32.065,32.523,31.906,32.244,1760956,0
2000-08-23,32.443,32.702,31.308,31.388,2059118,0
2000-08-24,30.79,31.308,30.79,30.969,1653740,0
2000-08-25,31.189,31.189,30.889,30.989,942972,0
2000-08-28,30.989,31.767,30.989,31.547,1971777,0
2000-08-29,31.468,31.508,31.129,31.308,2236208,0
2000-08-30,31.189,31.468,31.109,31.208,1430570,0
2000-08-31,31.189,31.228,30.949,30.949,2322643,0
2000-09-01,30.969,30.969,29.654,29.952,2053996,0
2000-09-05,29.952,30.511,29.932,30.261,2032011,0
2000-09-06,30.311,30.55,30.211,30.271,1439606,0
2000-09-07,30.311,30.371,29.435,29.435,2051586,0
2000-09-08,28.798,28.956,28.32,28.618,3286999,0
2000-09-11,28.598,29.455,28.598,29.255,2264818,0
2000-09-12,29.435,29.634,28.877,28.877,2193742,0
2000-09-13,28.956,29.076,28.798,29.016,2718986,0
2000-09-14,29.195,29.912,29.156,29.674,2081404,0
2000-09-15,29.674,29.674,28.956,28.956,3818266,0
2000-09-18,28.956,28.996,27.782,28.041,2488891,0
2000-09-19,28.001,28.44,27.921,28.22,3087622,0
2000-09-20,28.24,28.28,27.642,28.001,2831626,0
2000-09-21,28.558,28.917,28.081,28.32,2284997,0
2000-09-22,28.718,29.654,28.638,29.534,2544909,0
2000-09-25,29.912,30.132,29.514,29.962,3030098,0
2000-09-26,30.869,30.869,29.872,30.471,3815857,0
2000-09-27,30.55,33.091,30.471,32.572,3876995,0
2000-09-28,32.782,33.011,32.224,33.011,3485771,0
2000-09-29,32.782,33.728,32.782,33.219,3179782,0
2000-10-02,33.219,34.854,33.111,34.615,3252063,0
2000-10-03,34.525,34.525,33.768,34.047,2191934,0
2000-10-04,34.685,35.004,34.077,34.306,2770789,0
2000-10-05,34.286,35.791,34.286,35.781,2303970,0
2000-10-06,36.517,36.805,34.994,34.994,3188515,0
2000-10-09,34.994,35.242,34.695,34.775,1560074,0
2000-10-10,34.775,35.86,34.575,35.162,2476241,0
2000-10-11,34.844,35.701,34.725,35.661,2354568,0
2000-10-12,35.641,35.721,34.894,35.242,3480050,0
2000-10-13,35.242,35.88,35.192,35.88,1998884,0
2000-10-16,35.641,36.865,35.521,36.677,2671703,0
2000-10-17,36.677,36.995,35.591,36.657,2307886,0
2000-10-18,36.438,36.915,36.118,36.567,1930517,0
2000-10-19,35.8,36.537,35.8,36.118,1738670,0
2000-10-20,36.118,36.627,35.91,36.248,1863357,0
2000-10-23,36.248,36.248,34.804,34.934,1584168,0
2000-10-24,34.944,36.059,34.894,35.372,2227172,0
2000-10-25,34.446,35.034,34.446,34.844,1833840,0
2000-10-26,35.004,36.138,34.874,35.481,2714468,0
2000-10-27,35.481,36.736,35.481,36.487,1908530,0
2000-10-30,36.487,37.822,36.418,37.723,4124258,0
2000-10-31,37.723,39.137,37.723,38.808,4626012,0
2000-11-01,38.19,38.19,37.234,38.19,2679533,0
2000-11-02,38.19,38.19,36.597,36.736,2357881,0
2000-11-03,36.756,37.802,36.647,36.945,2684049,0
2000-11-06,37.015,38.11,37.015,37.862,3931207,0
2000-11-07,37.075,38.838,37.045,38.15,2353965,0
2000-11-08,38.092,40.412,37.792,39.785,2884933,0
2000-11-09,39.297,40.641,38.31,39.207,2913243,0
2000-11-10,38.828,41.687,38.828,41.099,3085213,0
2000-11-13,41.099,42.694,40.262,40.731,4531444,0
2000-11-14,40.651,40.721,39.586,40.332,3410781,0
2000-11-15,40.342,41.338,39.756,40.471,2824396,0
2000-11-16,40.551,41.766,40.412,41.766,2136519,0
2000-11-17,41.368,42.165,40.322,40.82,1880520,0
2000-11-20,39.457,40.571,38.629,40.123,2959324,0
2000-11-21,39.776,40.054,39.137,39.437,1756138,0
2000-11-22,39.696,39.696,38.31,39.197,1591094,0
2000-11-24,38.828,39.656,38.43,39.237,1238421,0
2000-11-27,39.616,39.616,38.092,38.509,2488589,0
2000-11-28,38.509,39.347,38.43,38.43,2401852,0
2000-11-29,38.41,39.964,38.41,39.776,1618802,0
2000-11-30,40.412,42.594,40.332,41.926,3792366,0
2000-12-01,42.165,42.514,40.402,40.701,2727419,0
2000-12-04,40.412,41.846,40.163,40.681,1658558,0
2000-12-05,40.731,41.926,40.731,41.477,1951901,0
2000-12-06,40.89,41.896,40.89,41.447,1743186,0
2000-12-07,41.148,41.667,40.014,40.88,1674219,0
2000-12-08,40.91,41.976,40.601,41.129,1783244,0
2000-12-11,41.05,42.245,40.89,40.89,1445930,0
2000-12-12,40.601,40.95,39.656,40.451,2208500,0
2000-12-13,40.531,41.278,39.028,39.307,2450642,0
2000-12-14,39.317,39.377,37.264,39.048,2777414,0
2000-12-15,37.772,38.858,37.772,37.982,4037520,0
2000-12-18,37.723,38.978,37.553,38.748,3541188,0
2000-12-19,38.828,38.858,37.324,38.35,2253373,0
2000-12-20,38.27,40.95,37.972,40.721,3483664,0
2000-12-21,40.441,41,39.864,40.551,2213619,0
2000-12-22,40.551,42.275,40.551,41.936,2339208,0
2000-12-26,41.637,42.325,41.477,41.896,1070367,0
2000-12-27,41.477,42.913,41.158,42.335,1588987,0
2000-12-28,42.016,43.072,41.727,43.072,2513286,0
2000-12-29,43.072,43.631,42.205,42.205,1595914,0
2001-01-02,42.534,43.052,40.79,40.97,1875101,0
2001-01-03,40.87,41.746,40.601,41,2893666,0
2001-01-04,40.521,40.521,36.05,36.368,5166918,0
2001-01-05,36.657,38.32,35.97,36.687,4363389,0
2001-01-08,37.483,38.35,36.835,37.952,1932624,0
2001-01-09,37.972,38.38,37.842,38.22,2676822,0
2001-01-10,38.22,39.327,38.22,39.167,3179480,0
2001-01-11,39.008,39.127,36.607,37.134,1856126,0
2001-01-12,37.124,37.124,35.671,36.756,2678932,0
2001-01-16,36.368,37.453,36.228,36.766,3637864,0
2001-01-17,36.766,36.766,36.288,36.418,2785847,0
2001-01-18,36.418,36.835,36.328,36.457,2479856,0
2001-01-19,36.457,36.687,34.376,34.934,4913029,0
2001-01-22,35.014,37.244,35.014,36.557,2485880,0
2001-01-23,36.637,38.14,36.637,37.423,2572015,0
2001-01-24,36.687,38.729,36.687,38.44,3155385,0
2001-01-25,37.583,38.489,37.284,37.892,2236509,0
2001-01-26,37.892,39.068,37.892,38.689,2347340,0
2001-01-29,39.247,39.327,37.164,37.164,1950696,0
2001-01-30,36.687,36.687,35.731,36.398,2464796,0
2001-01-31,36.408,36.408,34.824,35.462,3444813,0
2001-02-01,35.462,36.756,35.382,36.368,3782426,0
2001-02-02,37.294,38.032,37.294,37.802,3526732,0
2001-02-05,38.37,39.327,38.14,38.768,2274757,0
2001-02-06,38.609,38.609,37.433,37.483,1601938,0
2001-02-07,38.12,39.117,38.092,38.22,2413598,0
2001-02-08,38.22,39.048,37.683,38.569,2696399,0
2001-02-09,38.609,38.609,33.499,35.332,12321877,0
2001-02-12,36.687,36.687,35.591,36.118,6219516,0
2001-02-13,36.208,36.288,35.641,35.91,3173758,0
2001-02-14,35.781,36.089,34.186,34.456,3608650,0
2001-02-15,34.695,34.725,34.087,34.535,3595400,0
2001-02-16,34.535,34.974,34.476,34.655,1991655,0
2001-02-20,34.675,34.934,33.578,33.917,3273445,0
2001-02-21,33.917,34.127,33.339,33.678,2329271,0
2001-02-22,33.917,34.007,33.339,33.818,3627324,0
2001-02-23,34.057,34.236,32.224,32.602,3144243,0
2001-02-26,32.702,34.057,32.702,33.847,2615685,0
2001-02-27,33.847,35.731,33.847,35.372,3394516,0
2001-02-28,35.641,35.641,34.795,34.994,2492204,0
2001-03-01,34.775,35.651,33.977,35.083,2952697,0
2001-03-02,34.695,36.975,34.695,35.87,2629237,0
2001-03-05,35.412,35.412,34.745,35.192,3263808,0
2001-03-06,35.202,35.571,34.884,35.222,1392623,0
2001-03-07,35.014,35.412,34.944,35.103,2219341,0
2001-03-08,35.103,36.05,35.103,35.88,1934132,0
2001-03-09,35.93,36.138,35.721,35.84,2384986,0
2001-03-12,35.771,36.069,35.392,35.462,2584664,0
2001-03-13,35.412,35.551,34.416,35.452,3800798,0
2001-03-14,34.874,35.192,34.525,34.765,2531356,0
2001-03-15,34.954,35.581,34.924,35.531,1970873,0
2001-03-16,34.874,35.651,33.708,34.166,2963238,0
2001-03-19,34.336,34.914,33.608,34.795,2915050,0
2001-03-20,34.715,34.984,33.758,33.758,1847693,0
2001-03-21,33.449,34.316,33.081,33.141,3573112,0
2001-03-22,33.151,33.151,31.777,32.125,5330454,0
2001-03-23,32.313,33.598,32.165,32.961,2352158,0
2001-03-26,33.2,34.156,33.2,33.608,1752224,0
2001-03-27,33.359,33.847,33.359,33.528,2392214,0
2001-03-28,33.18,33.259,31.836,32.095,4318515,0
2001-03-29,32.343,33.947,32.204,33.708,3300249,0
2001-03-30,34.236,34.974,33.907,34.346,2844876,0
2001-04-02,34.316,35.302,34.007,34.097,3135207,0
2001-04-03,33.788,34.077,33.449,33.538,2258795,0
2001-04-04,33.339,33.977,33.031,33.628,2411188,0
2001-04-05,33.917,34.226,33.2,34.077,3101475,0
2001-04-06,33.758,34.296,32.921,33.379,1741984,0
2001-04-09,33.219,33.379,32.772,33.239,1915157,0
2001-04-10,32.095,32.792,31.856,32.632,5493088,0
2001-04-11,32.632,32.632,31.986,32.263,3597507,0
2001-04-12,32.155,32.951,32.045,32.413,2936734,0
2001-04-16,32.313,32.632,31.896,31.996,2717782,0
2001-04-17,32.145,32.283,31.607,32.045,4234488,0
2001-04-18,32.155,32.463,31.946,32.194,4120342,0
2001-04-19,32.224,32.463,32.095,32.263,3019255,0
2001-04-20,32.234,32.443,32.075,32.283,3240317,0
2001-04-23,32.443,32.732,32.145,32.184,1481768,0
2001-04-24,32.184,32.303,31.258,31.298,3283685,0
2001-04-25,31.518,32.244,31.198,31.846,5122043,0
2001-04-26,32.313,33.439,31.707,32.871,3114729,0
2001-04-27,33.758,34.246,33.598,34.236,3410178,0
2001-04-30,34.077,34.515,34.027,34.137,2591290,0
2001-05-01,33.917,34.954,33.808,34.785,2104292,0
2001-05-02,31.039,31.119,29.275,29.704,21238394,0
2001-05-03,29.136,29.455,28.42,28.728,12044496,0
2001-05-04,28.798,29.116,28.21,28.638,9877860,0
2001-05-07,28.588,28.897,28.081,28.101,4152267,0
2001-05-08,28.479,28.638,28.2,28.479,4460367,0
2001-05-09,28.479,29.435,28.46,29.435,6007793,0
2001-05-10,29.435,29.554,28.828,28.986,4892550,0
2001-05-11,28.986,29.882,28.986,29.753,4628723,0
2001-05-14,29.832,30.012,29.245,29.684,2916253,0
2001-05-15,29.684,30.082,29.385,29.862,2893666,0
2001-05-16,29.783,30.909,29.783,30.76,3149965,0
2001-05-17,30.311,30.361,29.773,30.072,6802886,0
2001-05-18,30.072,30.202,29.902,29.982,3009316,0
2001-05-21,30.062,30.6,30.012,30.361,2817469,0
2001-05-22,30.361,30.809,29.912,30.231,1716986,0
2001-05-23,30.351,30.351,29.822,29.912,2058213,0
2001-05-24,29.753,30.231,29.753,30.062,2940047,0
2001-05-25,29.962,29.962,29.245,29.435,3233088,0
2001-05-29,29.435,30.092,29.325,30.072,2038940,0
2001-05-30,29.753,30.072,29.435,29.763,2221148,0
2001-05-31,29.773,30.461,29.485,30.221,2857828,0
2001-06-01,30.231,30.231,29.624,29.832,2493108,0
2001-06-04,29.594,29.832,29.534,29.832,2551834,0
2001-06-05,29.704,29.852,29.355,29.594,3750503,0
2001-06-06,29.674,29.882,29.574,29.862,3262301,0
2001-06-07,29.932,30.231,29.714,30.082,2148865,0
2001-06-08,30.341,30.59,30.182,30.441,1137229,0
2001-06-11,30.481,30.64,30.182,30.192,1551039,0
2001-06-12,30.202,30.58,29.952,30.53,2157300,0
2001-06-13,30.6,31.099,30.52,30.53,1709456,0
2001-06-14,30.361,30.361,29.634,29.664,1817578,0
2001-06-15,29.215,29.723,29.215,29.614,3380362,0
2001-06-18,29.733,30.002,29.634,29.803,1462494,0
2001-06-19,29.852,30.112,29.694,29.743,1101690,0
2001-06-20,29.763,30.371,29.763,30.032,1987740,0
2001-06-21,30.032,30.76,30.032,30.431,2050082,0
2001-06-22,30.341,30.55,30.241,30.341,1447436,0
2001-06-25,30.321,30.6,30.032,30.032,1523933,0
2001-06-26,30.032,30.63,29.952,30.182,2027493,0
2001-06-27,30.192,30.77,30.192,30.501,1727828,0
2001-06-28,30.501,31.338,30.501,30.66,2570508,0
2001-06-29,30.6,30.949,30.341,30.76,3808327,0
2001-07-02,30.71,30.889,30.53,30.65,1309497,0
2001-07-03,30.78,30.979,30.7,30.76,805035,0
2001-07-05,30.76,30.76,30.251,30.371,2506959,0
2001-07-06,30.311,30.481,29.892,29.922,2156395,0
2001-07-09,29.922,30.341,29.832,30.311,1557665,0
2001-07-10,30.341,30.341,30.122,30.142,2149769,0
2001-07-11,30.241,30.819,30.112,30.421,2141338,0
2001-07-12,30.66,31.079,30.341,30.989,2110920,0
2001-07-13,31.946,32.981,31.916,32.045,5417793,0
2001-07-16,32.363,32.413,31.976,32.214,2475941,0
2001-07-17,32.184,32.562,32.045,32.204,2493108,0
2001-07-18,32.263,32.662,32.135,32.582,2242232,0
2001-07-19,32.572,32.871,32.363,32.652,1265828,0
2001-07-20,32.652,32.772,32.055,32.085,1662473,0
2001-07-23,32.075,32.204,31.757,31.817,1036937,0
2001-07-24,31.657,32.105,31.298,31.538,1818179,0
2001-07-25,31.139,31.508,30.819,31.408,1651630,0
2001-07-26,31.238,31.946,31.179,31.916,1616394,0
2001-07-27,31.846,32.165,31.528,31.976,1514899,0
2001-07-30,31.996,33.359,31.866,32.463,2098872,0
2001-07-31,32.463,32.812,32.105,32.204,3850493,0
2001-08-01,28.32,28.867,27.762,27.822,17280382,0
2001-08-02,27.822,28.41,27.772,28.35,7336866,0
2001-08-03,28.35,28.489,28.35,28.45,3970660,0
2001-08-06,28.41,28.877,28.41,28.738,2910232,0
2001-08-07,28.738,29.036,28.678,28.857,3084913,0
2001-08-08,28.748,28.986,28.698,28.818,2295539,0
2001-08-09,28.768,28.927,28.34,28.618,2539488,0
2001-08-10,28.618,29.136,28.509,28.848,1915457,0
2001-08-13,29.056,29.176,28.41,28.41,1960935,0
2001-08-14,28.35,28.877,28.35,28.788,1631453,0
2001-08-15,28.788,29.166,28.738,28.927,1630549,0
2001-08-16,28.897,29.116,28.798,29.066,1564291,0
2001-08-17,28.976,29.026,28.867,28.947,1235712,0
2001-08-20,28.897,29.016,28.877,28.907,1033021,0
2001-08-21,28.897,29.305,28.897,28.897,1451953,0
2001-08-22,28.897,29.375,28.748,29.265,1351963,0
2001-08-23,29.116,29.485,28.956,29.415,1679037,0
2001-08-24,29.415,29.415,28.818,28.917,1969669,0
2001-08-27,28.768,29.245,28.678,29.046,1649522,0
2001-08-28,29.116,29.325,29.056,29.215,1729334,0
2001-08-29,29.315,29.644,29.245,29.355,1893773,0
2001-08-30,29.325,29.485,29.116,29.215,1691083,0
2001-08-31,29.275,29.365,28.897,28.897,1678436,0
2001-09-04,28.927,29.485,28.897,29.275,1940455,0
2001-09-05,29.275,29.375,28.718,29.126,1682651,0
2001-09-06,29.106,29.215,28.738,28.848,1558268,0
2001-09-07,28.578,28.578,27.612,27.792,3058108,0
2001-09-10,27.792,28.808,27.782,28.608,2181997,0
2001-09-17,28.031,28.041,27.184,27.552,4163712,0
2001-09-18,27.552,28.071,27.483,27.921,2681340,0
2001-09-19,27.951,28.001,27.233,27.473,4048664,0
2001-09-20,26.984,27.094,26.386,26.536,3456560,0
2001-09-21,26.078,26.227,25.381,25.75,4489882,0
2001-09-24,25.76,25.89,24.873,25.142,4563968,0
2001-09-25,25.122,25.122,24.325,25.002,6566769,0
2001-09-26,25.002,25.84,24.942,25.78,5139210,0
2001-09-27,25.86,25.88,25.62,25.83,4855807,0
2001-09-28,26.098,26.745,25.908,26.725,3629431,0
2001-10-01,26.904,27.064,26.266,26.715,3037627,0
2001-10-02,26.715,26.815,26.585,26.795,2136219,0
2001-10-03,26.795,27.632,26.685,27.293,2864754,0
2001-10-04,27.453,27.523,27.064,27.313,1435990,0
2001-10-05,27.473,27.552,26.565,27.323,2125073,0
2001-10-08,27.333,27.333,26.426,26.556,1999787,0
2001-10-09,26.426,27.194,26.386,27.104,2056105,0
2001-10-10,27.363,27.523,26.984,27.373,1438401,0
2001-10-11,27.403,27.692,27.104,27.104,1791676,0
2001-10-12,27.104,27.114,26.416,26.805,2144952,0
2001-10-15,26.745,27.064,26.526,26.914,1607358,0
2001-10-16,27.034,27.453,26.894,27.283,1287814,0
2001-10-17,27.313,27.323,26.426,26.904,2168443,0
2001-10-18,26.745,26.904,25.7,25.9,2666884,0
2001-10-19,25.73,25.908,25.391,25.79,2405165,0
2001-10-22,25.75,25.85,25.132,25.81,3238810,0
2001-10-23,25.83,25.84,25.461,25.571,1570013,0
2001-10-24,25.381,25.411,24.813,24.972,3625216,0
2001-10-25,24.942,25.132,24.495,24.913,3433669,0
2001-10-26,24.913,25.002,24.654,24.833,1851309,0
2001-10-29,24.793,24.823,24.096,24.525,2788558,0
2001-10-30,24.525,24.585,23.877,23.986,2069356,0
2001-10-31,24.166,24.166,23.199,23.488,3911329,0
2001-11-01,23.488,23.488,22.513,23.079,7840126,0
2001-11-02,24.654,26.286,24.654,25.75,10859683,0
2001-11-05,26.018,26.585,26.008,26.068,3641178,0
2001-11-06,26.088,27.303,26.088,26.904,3028893,0
2001-11-07,26.904,27.054,25.81,25.81,4875986,0
2001-11-08,25.86,26.705,25.86,26.346,2380167,0
2001-11-09,26.346,26.536,26.088,26.118,2528947,0
2001-11-12,26.198,26.775,25.78,26.396,1885942,0
2001-11-13,26.585,27.383,26.585,27.104,2105800,0
2001-11-14,27.233,27.652,26.964,27.044,2275358,0
2001-11-15,27.204,27.373,26.894,27.084,1792278,0
2001-11-16,27.453,27.822,27.273,27.662,2971069,0
2001-11-19,27.712,28.678,27.552,28.41,3171046,0
2001-11-20,28.36,28.748,27.971,28.33,2752116,0
2001-11-21,28.39,29.006,28.161,28.469,2238617,0
2001-11-23,28.469,28.917,28.469,28.758,712876,0
2001-11-26,29.006,29.006,28.578,29.006,3127678,0
2001-11-27,28.598,29.295,28.519,29.126,3135808,0
2001-11-28,28.838,29.295,28.838,29.096,2427450,0
2001-11-29,28.937,29.485,28.758,29.375,1788964,0
2001-11-30,29.325,29.644,29.195,29.395,2100979,0
2001-12-03,29.066,29.574,28.966,29.375,2750610,0
2001-12-04,29.385,29.564,29.006,29.485,2395527,0
2001-12-05,29.166,29.584,28.917,29.375,2592796,0
2001-12-06,29.534,30.062,29.385,29.952,1648317,0
2001-12-07,29.644,30.58,29.644,30.391,2197356,0
2001-12-10,29.972,30.192,29.584,29.584,2033518,0
2001-12-11,29.723,29.793,29.544,29.624,1535981,0
2001-12-12,29.624,29.714,29.136,29.295,1423643,0
2001-12-13,29.186,29.205,28.917,29.016,1824203,0
2001-12-14,29.036,29.036,28.758,28.907,2415103,0
2001-12-17,28.698,29.136,28.588,28.778,3038530,0
2001-12-18,29.076,29.215,28.937,29.166,2178382,0
2001-12-19,28.778,29.704,28.778,29.684,1954008,0
2001-12-20,29.684,29.832,29.235,29.832,1830225,0
2001-12-21,29.445,29.524,28.976,29.086,3254771,0
2001-12-24,28.778,29.205,28.778,29.136,547230,0
2001-12-26,29.056,29.455,29.056,29.315,1040851,0
2001-12-27,29.106,29.604,29.106,29.564,1157106,0
2001-12-28,29.644,30.112,29.624,30.032,1350158,0
2001-12-31,29.813,30.361,29.704,29.962,1204689,0
