Date,Open,High,Low,Close,Volume,OpenInt
1995-01-03,12.586,12.586,12.451,12.521,163435,0
1995-01-04,12.521,12.586,12.521,12.521,92249,0
1995-01-05,12.521,12.586,12.521,12.521,124732,0
1995-01-06,12.521,12.657,12.451,12.521,268755,0
1995-01-09,12.521,12.792,12.521,12.727,208991,0
1995-01-10,12.727,12.727,12.586,12.657,311137,0
1995-01-11,12.727,12.792,12.586,12.586,206453,0
1995-01-12,12.586,12.657,12.586,12.657,266091,0
1995-01-13,12.727,12.792,12.586,12.792,148083,0
1995-01-16,12.727,13.004,12.727,12.931,405543,0
1995-01-17,12.863,13.004,12.863,13.004,116990,0
1995-01-18,12.931,13.066,12.863,13.004,197065,0
1995-01-19,12.931,13.066,12.863,12.931,202139,0
1995-01-20,12.931,12.931,12.727,12.792,206071,0
1995-01-23,12.657,12.727,12.586,12.727,71186,0
1995-01-24,12.657,12.863,12.657,12.792,78292,0
1995-01-25,12.792,12.792,12.727,12.792,64969,0
1995-01-26,12.792,12.863,12.727,12.863,254416,0
1995-01-27,12.863,13.004,12.792,12.931,587131,0
1995-01-30,12.931,12.931,12.863,12.863,218504,0
1995-01-31,12.792,13.004,12.792,12.863,293879,0
1995-02-01,12.863,13.066,12.863,13.066,728480,0
1995-02-02,13.041,13.183,13.041,13.115,288933,0
1995-02-03,13.115,13.317,13.115,13.256,320274,0
1995-02-06,13.183,13.317,13.183,13.317,88062,0
1995-02-07,13.256,13.388,13.256,13.388,100879,0
1995-02-08,13.53,13.596,13.256,13.317,194398,0
1995-02-09,13.317,13.462,13.256,13.317,323953,0
1995-02-10,13.256,13.462,13.256,13.388,79434,0
1995-02-13,13.388,13.53,13.317,13.388,66111,0
1995-02-14,13.388,13.53,13.388,13.462,250232,0
1995-02-15,13.388,13.666,13.388,13.666,294643,0
1995-02-16,13.666,13.666,13.53,13.596,472796,0
1995-02-17,13.596,13.666,13.462,13.596,313169,0
1995-02-21,13.596,13.666,13.53,13.53,210638,0
1995-02-22,13.53,13.596,13.462,13.462,549438,0
1995-02-23,13.53,13.53,13.317,13.462,428007,0
1995-02-24,13.462,13.462,13.183,13.256,1094565,0
1995-02-27,13.256,13.256,13.183,13.183,305556,0
1995-02-28,13.183,13.256,13.115,13.256,285884,0
1995-03-01,13.256,13.256,13.115,13.183,125113,0
1995-03-02,13.115,13.115,12.981,12.981,97071,0
1995-03-03,12.981,12.981,12.838,12.838,77532,0
1995-03-06,12.766,12.838,12.631,12.838,139836,0
1995-03-07,12.766,12.838,12.704,12.766,396662,0
1995-03-08,12.766,12.909,12.766,12.838,241346,0
1995-03-09,12.838,12.909,12.766,12.766,65602,0
1995-03-10,12.838,12.838,12.766,12.766,299462,0
1995-03-13,12.704,12.838,12.704,12.766,298193,0
1995-03-14,12.981,12.981,12.704,12.838,985438,0
1995-03-15,12.838,12.838,12.704,12.838,118390,0
1995-03-16,12.766,12.981,12.766,12.838,172447,0
1995-03-17,12.766,12.981,12.704,12.766,129682,0
1995-03-20,12.704,12.704,12.631,12.631,236654,0
1995-03-21,12.631,12.704,12.492,12.492,306568,0
1995-03-22,12.562,12.631,12.492,12.562,208485,0
1995-03-23,12.492,12.562,12.492,12.492,106206,0
1995-03-24,12.562,12.631,12.492,12.562,314818,0
1995-03-27,12.704,12.766,12.631,12.631,113444,0
1995-03-28,12.562,12.631,12.492,12.631,129938,0
1995-03-29,12.562,12.631,12.562,12.562,210131,0
1995-03-30,12.766,12.838,12.766,12.838,376739,0
1995-03-31,12.766,12.909,12.704,12.909,118390,0
1995-04-03,12.838,12.909,12.766,12.909,116613,0
1995-04-04,13.041,13.317,12.981,13.317,197442,0
1995-04-05,13.256,13.388,13.256,13.388,124859,0
1995-04-06,13.388,13.388,13.183,13.183,81846,0
1995-04-07,13.183,13.183,13.041,13.041,44030,0
1995-04-10,13.041,13.115,12.981,12.981,65981,0
1995-04-11,13.115,13.115,12.981,12.981,220918,0
1995-04-12,12.981,13.041,12.909,13.041,36164,0
1995-04-13,13.041,13.183,13.041,13.183,50248,0
1995-04-17,13.183,13.317,13.041,13.183,476097,0
1995-04-18,13.183,13.256,13.041,13.115,370780,0
1995-04-19,12.981,13.115,12.428,12.981,66111,0
1995-04-20,13.115,13.115,12.981,12.981,76893,0
1995-04-21,12.981,13.041,12.909,12.981,246805,0
1995-04-24,12.981,13.041,12.838,12.838,108872,0
1995-04-25,12.909,12.909,12.766,12.838,150747,0
1995-04-26,12.909,12.981,12.838,12.838,85779,0
1995-04-27,12.909,13.115,12.838,12.838,331947,0
1995-04-28,12.909,12.909,12.838,12.838,145926,0
1995-05-01,12.838,12.909,12.766,12.838,141612,0
1995-05-02,12.814,12.885,12.68,12.744,417222,0
1995-05-03,12.744,12.814,12.744,12.814,644733,0
1995-05-04,12.814,13.026,12.744,12.885,204550,0
1995-05-05,12.885,13.026,12.814,12.956,141231,0
1995-05-08,12.956,13.026,12.814,12.956,219141,0
1995-05-09,12.885,13.026,12.885,12.956,168131,0
1995-05-10,12.956,13.1,12.885,12.885,232465,0
1995-05-11,12.885,12.885,12.814,12.814,59133,0
1995-05-12,12.68,12.744,12.61,12.61,394760,0
1995-05-15,12.68,12.744,12.61,12.68,180952,0
1995-05-16,12.744,12.885,12.68,12.744,344510,0
1995-05-17,12.814,12.885,12.744,12.885,162675,0
1995-05-18,12.885,12.885,12.68,12.68,309616,0
1995-05-19,12.61,12.744,12.61,12.68,124986,0
1995-05-22,12.814,12.814,12.744,12.744,439805,0
1995-05-23,12.814,12.814,12.744,12.814,237411,0
1995-05-24,12.814,13.026,12.814,12.956,136535,0
1995-05-25,13.026,13.234,12.956,13.159,267739,0
1995-05-26,13.234,13.234,13.1,13.159,306949,0
1995-05-30,13.302,13.376,13.234,13.376,266471,0
1995-05-31,13.302,13.445,13.302,13.445,419124,0
1995-06-01,13.513,13.588,13.376,13.588,137679,0
1995-06-02,13.513,13.863,13.513,13.791,310504,0
1995-06-05,13.934,14.137,13.863,14.069,535990,0
1995-06-06,14.004,14.069,13.934,13.934,474448,0
1995-06-07,13.934,13.934,13.791,13.791,484218,0
1995-06-08,13.791,13.863,13.721,13.721,240839,0
1995-06-09,13.721,13.721,13.588,13.649,339432,0
1995-06-12,13.588,13.791,13.588,13.721,96564,0
1995-06-13,13.791,13.791,13.649,13.649,44411,0
1995-06-14,13.721,13.791,13.649,13.649,55704,0
1995-06-15,13.649,13.721,13.649,13.649,52278,0
1995-06-16,13.649,13.721,13.649,13.721,100879,0
1995-06-19,13.649,13.721,13.649,13.721,140466,0
1995-06-20,13.649,13.791,13.649,13.721,97958,0
1995-06-21,13.721,13.791,13.649,13.791,147195,0
1995-06-22,13.721,14.004,13.649,14.004,114834,0
1995-06-23,14.004,14.137,13.934,13.934,181582,0
1995-06-26,13.863,14.004,13.791,13.791,133235,0
1995-06-27,13.934,14.004,13.791,13.791,218379,0
1995-06-28,13.721,13.791,13.649,13.721,936966,0
1995-06-29,13.863,13.863,13.721,13.791,372174,0
1995-06-30,13.721,13.791,13.649,13.649,598548,0
1995-07-03,13.721,13.791,13.649,13.721,37302,0
1995-07-05,13.863,13.863,13.721,13.721,218001,0
1995-07-06,13.721,13.791,13.721,13.721,197065,0
1995-07-07,13.649,13.791,13.649,13.721,197065,0
1995-07-10,13.649,13.721,13.588,13.588,155061,0
1995-07-11,13.588,13.649,12.885,13.513,163819,0
1995-07-12,13.445,13.513,13.376,13.445,418617,0
1995-07-13,13.445,13.649,13.445,13.649,373695,0
1995-07-14,13.588,13.649,13.588,13.649,42000,0
1995-07-17,13.588,13.721,13.588,13.649,278017,0
1995-07-18,13.791,13.791,13.649,13.721,160643,0
1995-07-19,13.721,13.721,13.513,13.513,126636,0
1995-07-20,13.513,13.649,13.445,13.513,257718,0
1995-07-21,13.588,13.649,13.513,13.649,231703,0
1995-07-24,13.588,13.791,13.588,13.791,314437,0
1995-07-25,13.721,13.863,13.721,13.791,207087,0
1995-07-26,13.791,13.863,13.721,13.791,175998,0
1995-07-27,13.721,13.863,13.721,13.863,177650,0
1995-07-28,13.791,13.863,13.721,13.863,82734,0
1995-07-31,13.791,14.069,13.791,13.934,223964,0
1995-08-01,13.863,13.934,13.791,13.863,128414,0
1995-08-02,13.863,14.004,13.863,13.863,97958,0
1995-08-03,13.934,13.934,13.791,13.934,67506,0
1995-08-04,13.998,14.069,13.925,13.998,709194,0
1995-08-07,13.925,14.069,13.925,13.998,736985,0
1995-08-08,14.069,14.137,13.998,14.069,121561,0
1995-08-09,14.069,14.137,14.069,14.137,169398,0
1995-08-10,14.069,14.137,13.998,13.998,382197,0
1995-08-11,13.998,14.069,13.925,13.998,254923,0
1995-08-14,13.998,13.998,13.855,13.925,190464,0
1995-08-15,13.925,13.925,13.855,13.855,150876,0
1995-08-16,13.855,13.998,13.784,13.998,263683,0
1995-08-17,13.998,14.137,13.925,14.137,138815,0
1995-08-18,14.137,14.279,14.069,14.21,101260,0
1995-08-21,14.21,14.279,14.21,14.279,93388,0
1995-08-22,14.137,14.21,14.137,14.21,211273,0
1995-08-23,14.21,14.21,13.925,13.998,110649,0
1995-08-24,13.998,14.069,13.855,13.925,160010,0
1995-08-25,13.925,13.998,13.925,13.998,76008,0
1995-08-28,13.998,14.069,13.925,14.069,196046,0
1995-08-29,13.998,13.998,13.925,13.925,124229,0
1995-08-30,13.925,13.998,13.784,13.784,577483,0
1995-08-31,13.855,13.855,13.713,13.855,94281,0
1995-09-01,13.784,13.998,13.784,13.855,104558,0
1995-09-05,13.925,13.925,13.855,13.925,105067,0
1995-09-06,13.925,13.925,13.784,13.784,117753,0
1995-09-07,13.713,13.784,13.571,13.64,149983,0
1995-09-08,13.713,13.713,13.571,13.713,254669,0
1995-09-11,13.855,14.35,13.855,14.069,415695,0
1995-09-12,14.21,14.35,14.137,14.21,443741,0
1995-09-13,14.279,14.279,13.855,13.855,196555,0
1995-09-14,13.925,14.35,13.925,14.279,196302,0
1995-09-15,14.21,14.485,14.21,14.485,497795,0
1995-09-18,14.413,14.627,14.413,14.556,351870,0
1995-09-19,14.485,14.556,14.35,14.35,118771,0
1995-09-20,14.413,14.556,14.413,14.485,183358,0
1995-09-21,14.485,14.556,14.413,14.413,73467,0
1995-09-22,14.413,14.485,14.35,14.485,254669,0
1995-09-25,14.556,14.627,14.485,14.556,218504,0
1995-09-26,14.485,14.698,14.485,14.627,157095,0
1995-09-27,14.556,14.769,14.485,14.769,257971,0
1995-09-28,14.769,14.839,14.698,14.769,121308,0
1995-09-29,14.839,14.839,14.769,14.769,118136,0
1995-10-02,14.839,14.839,14.627,14.769,110396,0
1995-10-03,14.627,14.839,14.627,14.839,231070,0
1995-10-04,14.769,14.982,14.769,14.911,165973,0
1995-10-05,14.839,14.982,14.839,14.982,126892,0
1995-10-06,14.911,15.193,14.911,15.193,184626,0
1995-10-09,15.053,15.122,14.982,14.982,295911,0
1995-10-10,14.982,15.053,14.911,15.053,115979,0
1995-10-11,15.053,15.122,14.982,15.053,213940,0
1995-10-12,14.982,15.193,14.982,15.122,217365,0
1995-10-13,15.193,15.4,15.122,15.328,924406,0
1995-10-16,15.193,15.4,15.193,15.4,105067,0
1995-10-17,15.264,15.4,15.264,15.328,162546,0
1995-10-18,15.4,15.4,15.328,15.328,170668,0
1995-10-19,15.328,15.4,15.328,15.328,137425,0
1995-10-20,15.328,15.4,15.264,15.264,505029,0
1995-10-23,15.264,15.4,15.264,15.264,211273,0
1995-10-24,15.328,15.4,15.264,15.264,149478,0
1995-10-25,15.328,15.4,15.264,15.4,94662,0
1995-10-26,15.471,15.682,15.471,15.612,156710,0
1995-10-27,15.541,15.652,15.541,15.612,407447,0
1995-10-30,15.541,15.755,15.541,15.755,236143,0
1995-10-31,15.682,15.682,15.541,15.541,90472,0
1995-11-01,15.612,15.612,15.4,15.471,121435,0
1995-11-02,15.541,15.612,15.4,15.471,105704,0
1995-11-03,15.471,15.682,15.471,15.612,1072106,0
1995-11-06,15.604,15.746,15.534,15.604,550959,0
1995-11-07,15.675,15.746,15.534,15.675,539922,0
1995-11-08,15.675,15.746,15.534,15.604,28803,0
1995-11-09,15.604,15.675,15.462,15.534,86033,0
1995-11-10,15.462,15.534,15.319,15.462,221551,0
1995-11-13,15.391,15.604,15.25,15.534,211908,0
1995-11-14,15.462,15.534,15.391,15.391,80701,0
1995-11-15,15.391,15.462,15.391,15.462,356566,0
1995-11-16,15.462,15.746,15.462,15.604,430289,0
1995-11-17,15.604,15.675,15.534,15.534,189321,0
1995-11-20,15.462,15.534,15.391,15.462,217874,0
1995-11-21,15.391,15.462,15.25,15.25,115087,0
1995-11-22,15.319,15.391,15.25,15.319,105955,0
1995-11-24,15.25,15.675,15.25,15.604,63447,0
1995-11-27,15.604,15.675,15.534,15.604,158739,0
1995-11-28,15.534,15.604,15.534,15.604,173076,0
1995-11-29,15.534,15.534,15.462,15.534,47835,0
1995-11-30,15.462,15.534,15.391,15.462,95168,0
1995-12-01,15.534,15.604,15.462,15.534,146179,0
1995-12-04,15.462,15.746,15.462,15.675,293375,0
1995-12-05,15.675,15.816,15.675,15.746,158866,0
1995-12-06,15.816,15.958,15.746,15.888,417851,0
1995-12-07,15.888,15.958,15.888,15.958,249213,0
1995-12-08,15.888,15.958,15.816,15.958,233355,0
1995-12-11,15.816,15.958,15.816,15.888,129682,0
1995-12-12,15.888,15.958,15.888,15.888,221935,0
1995-12-13,15.958,16.027,15.888,16.027,257971,0
1995-12-14,15.958,16.1,15.958,16.027,272056,0
1995-12-15,15.958,16.172,15.958,16.172,433460,0
1995-12-18,16.1,16.241,16.027,16.172,211399,0
1995-12-19,16.241,16.81,16.172,16.739,194142,0
1995-12-20,16.739,16.739,16.455,16.526,290706,0
1995-12-21,16.526,16.666,16.455,16.666,95424,0
1995-12-22,16.598,16.879,16.598,16.879,411001,0
1995-12-26,16.81,16.879,16.81,16.879,131968,0
1995-12-27,16.81,17.02,16.81,16.953,238938,0
1995-12-28,16.879,17.02,16.879,16.953,147701,0
1995-12-29,16.953,16.953,16.879,16.953,126510,0
1996-01-02,16.953,17.165,16.81,17.02,133235,0
1996-01-03,17.306,17.306,16.953,17.093,388415,0
1996-01-04,17.093,17.093,16.879,16.953,192369,0
1996-01-05,16.953,17.02,16.879,16.953,155444,0
1996-01-08,16.953,17.165,16.953,17.093,35782,0
1996-01-09,17.093,17.165,16.953,17.165,115724,0
1996-01-10,16.953,17.02,16.739,16.739,237538,0
1996-01-11,16.739,16.879,16.666,16.81,259620,0
1996-01-12,16.739,16.81,16.666,16.739,77658,0
1996-01-15,16.739,16.81,16.666,16.739,176632,0
1996-01-16,16.81,16.953,16.81,16.953,127144,0
1996-01-17,17.02,17.448,17.02,17.448,411889,0
1996-01-18,17.376,17.448,17.306,17.306,332963,0
1996-01-19,17.306,17.376,17.235,17.306,173076,0
1996-01-22,17.235,17.275,17.093,17.093,263935,0
1996-01-23,17.093,17.235,17.02,17.235,116234,0
1996-01-24,17.165,17.376,17.165,17.235,281824,0
1996-01-25,17.165,17.306,17.165,17.306,146307,0
1996-01-26,17.235,17.376,17.165,17.306,149225,0
1996-01-29,17.376,17.519,17.306,17.376,234496,0
1996-01-30,17.376,17.598,17.235,17.598,154682,0
1996-01-31,17.598,17.669,17.448,17.669,314818,0
1996-02-01,17.519,17.598,17.448,17.519,149860,0
1996-02-02,17.598,17.598,17.376,17.448,205562,0
1996-02-05,17.376,17.731,17.376,17.731,784312,0
1996-02-06,17.661,18.016,17.661,17.944,782537,0
1996-02-07,17.872,18.016,17.731,17.944,756018,0
1996-02-08,17.944,18.085,17.872,18.085,112809,0
1996-02-09,18.085,18.156,17.944,17.944,112047,0
1996-02-12,17.944,18.156,17.944,18.156,134756,0
1996-02-13,18.085,18.228,18.016,18.228,233482,0
1996-02-14,18.156,18.228,18.156,18.228,345016,0
1996-02-15,18.156,18.228,18.156,18.156,102908,0
1996-02-16,18.156,18.228,17.803,18.085,164198,0
1996-02-20,18.016,18.016,17.661,17.661,395522,0
1996-02-21,17.661,17.661,17.369,17.59,257718,0
1996-02-22,17.59,17.731,17.59,17.731,88825,0
1996-02-23,17.803,17.803,17.661,17.803,105448,0
1996-02-26,17.731,17.731,17.439,17.439,183610,0
1996-02-27,17.439,17.661,17.3,17.661,743199,0
1996-02-28,17.731,17.872,17.59,17.59,267739,0
1996-02-29,17.519,17.661,17.369,17.369,538270,0
1996-03-01,17.519,17.519,17.369,17.439,196302,0
1996-03-04,17.369,17.519,17.369,17.439,191984,0
1996-03-05,17.369,17.369,17.227,17.227,209370,0
1996-03-06,17.156,17.3,17.086,17.156,498303,0
1996-03-07,17.086,17.227,17.013,17.227,106843,0
1996-03-08,16.945,16.945,16.439,16.59,381057,0
1996-03-11,16.59,16.732,16.368,16.658,300480,0
1996-03-12,16.59,16.59,16.085,16.439,252006,0
1996-03-13,16.516,16.59,16.226,16.298,199977,0
1996-03-14,16.368,16.658,16.154,16.154,120292,0
1996-03-15,16.085,16.368,15.902,16.298,277134,0
1996-03-18,16.516,17.086,16.516,16.873,410365,0
1996-03-19,16.801,17.013,16.732,17.013,245534,0
1996-03-20,17.013,17.3,16.945,17.156,642454,0
1996-03-21,17.086,17.156,17.086,17.086,124732,0
1996-03-22,17.086,17.3,17.086,17.156,473178,0
1996-03-25,17.227,17.227,17.013,17.013,131716,0
1996-03-26,17.013,17.086,16.873,16.945,216349,0
1996-03-27,17.013,17.369,17.013,17.227,316721,0
1996-03-28,17.156,17.156,16.945,17.013,194524,0
1996-03-29,17.013,17.013,16.732,16.873,280939,0
1996-04-01,16.945,17.227,16.873,17.227,141865,0
1996-04-02,17.227,17.369,17.156,17.3,81466,0
1996-04-03,17.227,17.369,17.156,17.3,93134,0
1996-04-04,17.227,17.227,17.013,17.086,112934,0
1996-04-08,16.945,16.945,16.226,16.368,90980,0
1996-04-09,16.516,16.658,16.439,16.658,383337,0
1996-04-10,16.59,16.59,16.439,16.439,326744,0
1996-04-11,16.439,16.439,16.298,16.368,110522,0
1996-04-12,16.439,16.732,16.368,16.658,278522,0
1996-04-15,16.732,16.732,16.59,16.59,59767,0
1996-04-16,16.732,16.801,16.658,16.801,78671,0
1996-04-17,16.732,16.732,16.516,16.516,94789,0
1996-04-18,16.658,16.658,16.59,16.658,107858,0
1996-04-19,16.658,16.658,16.516,16.658,63573,0
1996-04-22,16.59,16.658,16.59,16.59,93261,0
1996-04-23,16.516,16.516,16.439,16.516,137931,0
1996-04-24,16.516,16.59,16.439,16.516,96312,0
1996-04-25,16.439,16.516,16.368,16.516,145544,0
1996-04-26,16.516,16.658,16.439,16.59,129556,0
1996-04-29,16.59,16.658,16.516,16.59,55957,0
1996-04-30,16.658,16.801,16.59,16.658,107603,0
1996-05-01,16.658,16.658,16.59,16.59,199723,0
1996-05-02,16.59,16.59,16.226,16.368,158234,0
1996-05-03,16.368,16.516,16.235,16.439,985818,0
1996-05-06,16.439,16.511,16.289,16.439,345396,0
1996-05-07,16.368,16.439,16.146,16.439,408208,0
1996-05-08,16.511,16.581,16.368,16.511,1501632,0
1996-05-09,16.511,16.793,16.511,16.793,628748,0
1996-05-10,16.793,16.945,16.724,16.793,210638,0
1996-05-13,16.793,16.873,16.724,16.724,107476,0
1996-05-14,16.793,17.013,16.793,16.945,83748,0
1996-05-15,16.945,16.945,16.793,16.793,105193,0
1996-05-16,16.873,16.873,16.724,16.793,273962,0
1996-05-17,16.793,17.013,16.793,16.945,158486,0
1996-05-20,16.945,17.013,16.873,17.013,100752,0
1996-05-21,17.013,17.013,16.873,16.945,575453,0
1996-05-22,16.873,16.945,16.793,16.945,122197,0
1996-05-23,17.156,17.306,16.945,17.086,296671,0
1996-05-24,17.086,17.306,17.013,17.156,181836,0
1996-05-28,17.227,17.306,16.945,17.013,96945,0
1996-05-29,17.013,17.086,16.793,16.873,72329,0
1996-05-30,16.873,16.873,16.724,16.873,139966,0
1996-05-31,16.793,16.793,16.581,16.581,145037,0
1996-06-03,16.511,16.724,16.511,16.511,250864,0
1996-06-04,16.581,16.724,16.511,16.651,108238,0
1996-06-05,16.651,17.086,16.651,17.086,129809,0
1996-06-06,17.086,17.156,17.013,17.156,128539,0
1996-06-07,17.013,17.086,16.724,17.013,190208,0
1996-06-10,17.013,17.013,16.793,16.793,123464,0
1996-06-11,16.793,16.945,16.793,16.945,229169,0
1996-06-12,16.873,16.945,16.873,16.945,122197,0
1996-06-13,16.873,17.013,16.873,16.945,124483,0
1996-06-14,16.945,17.013,16.873,16.873,315832,0
1996-06-17,16.945,17.013,16.793,17.013,177775,0
1996-06-18,17.013,17.156,16.945,17.156,84891,0
1996-06-19,17.156,17.156,16.873,16.945,56594,0
1996-06-20,17.013,17.086,16.945,17.086,85272,0
1996-06-21,17.086,17.306,17.013,17.306,261141,0
1996-06-24,17.306,17.376,17.156,17.306,134883,0
1996-06-25,17.376,17.519,17.306,17.448,120419,0
1996-06-26,17.448,17.519,17.376,17.376,315579,0
1996-06-27,17.519,17.59,17.376,17.59,194651,0
1996-06-28,17.59,18.023,17.519,17.812,664784,0
1996-07-01,17.812,17.951,17.661,17.881,218631,0
1996-07-02,17.951,18.236,17.812,18.094,249088,0
1996-07-03,18.094,18.094,17.731,17.812,222823,0
1996-07-05,17.661,17.661,17.519,17.519,80323,0
1996-07-08,17.448,17.661,17.306,17.59,158739,0
1996-07-09,17.519,17.731,17.448,17.731,245284,0
1996-07-10,17.661,17.881,17.59,17.812,114456,0
1996-07-11,17.731,17.731,17.59,17.661,115215,0
1996-07-12,17.661,17.812,17.59,17.812,106968,0
1996-07-15,17.731,17.951,17.661,17.812,180692,0
1996-07-16,17.661,17.881,17.661,17.731,238555,0
1996-07-17,17.731,17.731,17.59,17.661,112682,0
1996-07-18,17.59,17.731,17.519,17.661,83875,0
1996-07-19,17.661,17.731,17.519,17.661,182468,0
1996-07-22,17.661,17.812,17.519,17.731,392980,0
1996-07-23,17.661,17.812,17.661,17.812,324334,0
1996-07-24,17.812,17.812,17.519,17.59,295276,0
1996-07-25,17.519,17.812,17.519,17.661,223838,0
1996-07-26,17.661,17.661,17.448,17.59,292867,0
1996-07-29,17.448,17.59,17.376,17.448,98466,0
1996-07-30,17.519,17.519,17.376,17.448,220791,0
1996-07-31,17.448,17.519,17.376,17.519,70301,0
1996-08-01,17.448,17.812,17.448,17.661,180059,0
1996-08-02,17.731,17.881,17.661,17.731,127272,0
1996-08-05,17.881,17.881,17.661,17.812,1665576,0
1996-08-06,17.819,17.967,17.746,17.967,470893,0
1996-08-07,17.967,18.039,17.819,18.039,376105,0
1996-08-08,17.967,18.039,17.889,18.039,69914,0
1996-08-09,18.11,18.11,17.819,17.819,97581,0
1996-08-12,17.889,17.967,17.746,17.889,64714,0
1996-08-13,17.889,17.889,17.746,17.889,56340,0
1996-08-14,17.819,17.967,17.819,17.967,99863,0
1996-08-15,17.819,17.967,17.819,17.967,48090,0
1996-08-16,17.967,18.11,17.967,18.039,47331,0
1996-08-19,18.039,18.039,17.889,17.889,37302,0
1996-08-20,17.889,18.039,17.746,17.967,450974,0
1996-08-21,17.889,17.967,17.819,17.967,55957,0
1996-08-22,17.889,17.967,17.819,17.819,293246,0
1996-08-23,17.889,17.889,17.819,17.819,210511,0
1996-08-26,17.746,17.746,17.526,17.526,253149,0
1996-08-27,17.526,17.676,17.526,17.526,148972,0
1996-08-28,17.676,17.676,17.385,17.456,137931,0
1996-08-29,17.456,17.598,17.456,17.456,72834,0
1996-08-30,17.456,17.456,17.306,17.385,64841,0
1996-09-03,17.306,17.456,17.165,17.385,105448,0
1996-09-04,17.385,17.385,17.235,17.235,129809,0
1996-09-05,17.165,17.235,16.873,17.02,128539,0
1996-09-06,16.945,17.093,16.945,16.945,90221,0
1996-09-09,17.02,17.093,16.873,16.945,132855,0
1996-09-10,16.945,17.02,16.873,17.02,43013,0
1996-09-11,16.945,17.02,16.873,16.873,48346,0
1996-09-12,17.02,17.093,16.873,16.873,173076,0
1996-09-13,16.945,17.02,16.873,16.873,80197,0
1996-09-16,16.945,17.093,16.873,17.093,115852,0
1996-09-17,17.02,17.165,16.945,17.165,255943,0
1996-09-18,17.093,17.306,17.093,17.093,100752,0
1996-09-19,17.093,17.385,17.093,17.385,212670,0
1996-09-20,17.385,17.385,17.235,17.306,551342,0
1996-09-23,17.235,17.235,17.165,17.235,311520,0
1996-09-24,17.165,17.235,17.093,17.165,257971,0
1996-09-25,17.165,17.385,17.093,17.385,626970,0
1996-09-26,17.456,17.526,17.385,17.456,266978,0
1996-09-27,17.526,17.526,17.306,17.385,302128,0
1996-09-30,17.385,17.819,17.385,17.526,394505,0
1996-10-01,17.526,17.746,17.526,17.746,335501,0
1996-10-02,17.746,17.889,17.746,17.889,161661,0
1996-10-03,17.819,17.889,17.746,17.746,279416,0
1996-10-04,17.819,18.039,17.598,17.967,688385,0
1996-10-07,17.967,17.967,17.746,17.819,68015,0
1996-10-08,17.819,17.967,17.819,17.819,207591,0
1996-10-09,17.889,17.889,17.676,17.746,89205,0
1996-10-10,17.746,17.819,17.676,17.819,69660,0
1996-10-11,17.889,18.039,17.819,18.039,193890,0
1996-10-14,17.967,18.039,17.889,17.889,272181,0
1996-10-15,18.039,18.039,17.819,17.819,108111,0
1996-10-16,17.819,17.819,17.676,17.746,129428,0
1996-10-17,17.746,18.039,17.746,18.039,189957,0
1996-10-18,17.967,18.039,17.889,17.967,162930,0
1996-10-21,17.967,18.11,17.967,17.967,101512,0
1996-10-22,17.967,18.039,17.967,18.039,104686,0
1996-10-23,18.039,18.179,18.039,18.179,278522,0
1996-10-24,18.11,18.179,18.039,18.11,141865,0
1996-10-25,17.967,18.11,17.967,18.039,202521,0
1996-10-28,18.039,18.179,18.039,18.11,220413,0
1996-10-29,18.179,18.473,18.039,18.403,143766,0
1996-10-30,18.473,18.694,18.403,18.623,136281,0
1996-10-31,18.623,18.623,18.403,18.403,219268,0
1996-11-01,18.403,18.403,18.039,18.33,165846,0
1996-11-04,18.403,18.473,18.254,18.33,225484,0
1996-11-05,18.473,18.542,18.403,18.542,2903653,0
1996-11-06,18.559,18.703,18.488,18.488,597404,0
1996-11-07,18.488,18.703,18.488,18.629,355040,0
1996-11-08,18.629,18.629,18.408,18.629,233611,0
1996-11-11,18.703,18.778,18.629,18.703,89079,0
1996-11-12,18.778,18.778,18.629,18.703,45556,0
1996-11-13,18.629,18.703,18.629,18.629,58498,0
1996-11-14,18.559,18.629,18.338,18.408,389939,0
1996-11-15,18.778,19.002,18.778,18.921,311520,0
1996-11-18,18.921,19.002,18.778,19.002,140849,0
1996-11-19,19.002,19.223,19.002,19.223,261906,0
1996-11-20,19.07,19.143,18.778,19.07,327630,0
1996-11-21,19.07,19.143,19.002,19.07,1328047,0
1996-11-22,19.002,19.143,19.002,19.07,128286,0
1996-11-25,19.07,19.223,19.002,19.223,187801,0
1996-11-26,19.143,19.292,19.002,19.143,234496,0
1996-11-27,19.223,19.223,19.143,19.223,149478,0
1996-11-29,19.223,19.223,19.002,19.07,444499,0
1996-12-02,18.921,19.223,18.778,19.223,222061,0
1996-12-03,19.223,19.513,19.223,19.292,181456,0
1996-12-04,19.362,19.362,19.143,19.362,143766,0
1996-12-05,19.362,19.362,19.07,19.07,192875,0
1996-12-06,18.778,19.143,18.629,19.002,385621,0
1996-12-09,19.002,19.292,19.002,19.223,210893,0
1996-12-10,19.07,19.143,19.002,19.07,180692,0
1996-12-11,18.852,18.921,18.703,18.703,150621,0
1996-12-12,18.852,18.852,18.408,18.408,163945,0
1996-12-13,18.408,18.408,18.048,18.338,213430,0
1996-12-16,18.338,18.559,18.27,18.559,179297,0
1996-12-17,18.559,18.852,18.408,18.852,164957,0
1996-12-18,18.852,19.002,18.703,18.778,304288,0
1996-12-19,18.921,19.143,18.778,19.143,567331,0
1996-12-20,19.442,19.442,19.143,19.223,355552,0
1996-12-23,19.292,19.442,19.223,19.362,170161,0
1996-12-24,19.442,19.582,19.442,19.582,200868,0
1996-12-26,19.582,19.582,19.362,19.582,93772,0
1996-12-27,19.582,19.655,19.513,19.582,181709,0
1996-12-30,19.582,19.733,19.513,19.733,402626,0
1996-12-31,19.733,19.806,19.655,19.733,582431,0
1997-01-02,19.733,19.733,19.362,19.513,378643,0
1997-01-03,19.582,19.582,19.362,19.582,729754,0
1997-01-06,19.582,19.733,19.582,19.655,279290,0
1997-01-07,19.582,19.733,19.582,19.733,326744,0
1997-01-08,19.733,19.806,19.582,19.655,113822,0
1997-01-09,19.655,19.806,19.582,19.806,117247,0
1997-01-10,19.655,19.806,19.582,19.655,178285,0
1997-01-13,19.733,19.874,19.655,19.874,114834,0
1997-01-14,19.806,19.874,19.582,19.582,543093,0
1997-01-15,19.442,19.582,19.362,19.513,265331,0
1997-01-16,19.513,19.874,19.442,19.874,321541,0
1997-01-17,19.874,19.874,19.582,19.582,82734,0
1997-01-20,19.582,19.806,19.582,19.806,213430,0
1997-01-21,19.733,19.806,19.582,19.806,140092,0
1997-01-22,19.733,19.806,19.655,19.733,332963,0
1997-01-23,19.874,20.244,19.806,20.027,315200,0
1997-01-24,19.953,20.096,19.733,19.733,237411,0
1997-01-27,19.806,19.806,19.655,19.733,90472,0
1997-01-28,19.806,19.953,19.733,19.806,96059,0
1997-01-29,19.806,19.806,19.655,19.733,266852,0
1997-01-30,19.733,19.874,19.655,19.655,1225262,0
1997-01-31,19.672,19.892,19.672,19.82,430669,0
1997-02-03,19.82,19.892,19.74,19.892,203660,0
1997-02-04,19.892,19.892,19.74,19.74,266346,0
1997-02-05,19.74,19.74,19.228,19.371,428639,0
1997-02-06,19.228,19.522,19.228,19.371,126384,0
1997-02-07,19.371,19.599,19.301,19.301,412142,0
1997-02-10,19.301,20.041,19.228,19.599,240587,0
1997-02-11,19.522,19.672,19.522,19.599,91488,0
1997-02-12,19.599,19.672,19.522,19.672,68521,0
1997-02-13,19.599,19.892,19.599,19.892,472289,0
1997-02-14,19.892,19.892,19.672,19.672,88570,0
1997-02-18,19.672,19.82,19.672,19.74,71823,0
1997-02-19,19.74,20.041,19.74,19.961,239065,0
1997-02-20,19.82,19.892,19.74,19.82,142244,0
1997-02-21,19.82,19.892,19.599,19.672,165593,0
1997-02-24,19.672,19.892,19.599,19.892,484852,0
1997-02-25,19.892,19.892,19.599,19.672,228278,0
1997-02-26,19.672,19.672,19.301,19.371,373312,0
1997-02-27,19.371,19.522,19.079,19.079,139202,0
1997-02-28,19.15,19.371,19.15,19.371,279416,0
1997-03-03,19.301,19.371,19.228,19.371,198964,0
1997-03-04,19.449,19.599,19.301,19.371,199851,0
1997-03-05,19.371,19.522,19.371,19.449,151763,0
1997-03-06,19.449,19.599,19.449,19.449,339177,0
1997-03-07,19.371,19.449,19.002,19.15,776830,0
1997-03-10,19.079,19.301,19.079,19.15,237538,0
1997-03-11,19.15,19.228,19.002,19.15,60278,0
1997-03-12,19.002,19.079,18.859,18.928,120038,0
1997-03-13,18.859,18.859,18.638,18.71,212797,0
1997-03-14,18.859,18.928,18.778,18.778,167498,0
1997-03-17,18.71,19.15,18.71,19.079,442978,0
1997-03-18,19.079,19.371,19.079,19.228,832531,0
1997-03-19,19.228,19.449,19.228,19.449,371412,0
1997-03-20,19.449,19.522,19.301,19.371,593470,0
1997-03-21,19.371,19.522,19.301,19.449,220158,0
1997-03-24,19.449,19.522,19.301,19.301,371158,0
1997-03-25,19.301,19.63,19.301,19.371,179931,0
1997-03-26,19.449,19.522,19.371,19.522,218251,0
1997-03-27,19.522,19.522,19.301,19.449,274467,0
1997-03-31,19.449,19.599,19.371,19.449,651589,0
1997-04-01,19.449,19.449,19.228,19.228,250484,0
1997-04-02,19.228,19.228,19.079,19.15,72329,0
1997-04-03,19.079,19.15,18.778,18.859,246041,0
1997-04-04,18.778,18.859,18.71,18.778,98721,0
1997-04-07,18.928,18.928,18.778,18.859,63447,0
1997-04-08,18.778,18.928,18.71,18.859,431682,0
1997-04-09,18.859,18.859,18.71,18.778,171810,0
1997-04-10,18.778,19.079,18.71,18.928,218251,0
1997-04-11,18.859,19.002,18.778,18.928,201249,0
1997-04-14,18.859,18.928,18.859,18.928,243631,0
1997-04-15,18.928,19.002,18.928,19.002,126129,0
1997-04-16,19.002,19.002,18.859,18.859,300607,0
1997-04-17,18.928,19.002,18.859,18.928,59386,0
1997-04-18,18.928,18.928,18.859,18.928,192746,0
1997-04-21,18.928,19.301,18.928,19.15,423689,0
1997-04-22,19.301,19.371,19.228,19.301,365702,0
1997-04-23,19.301,19.301,19.228,19.228,83366,0
1997-04-24,19.228,19.301,19.002,19.002,231322,0
1997-04-25,18.928,18.928,18.778,18.859,76643,0
1997-04-28,18.778,19.079,18.778,19.079,247819,0
1997-04-29,19.15,19.301,19.002,19.002,201249,0
1997-04-30,18.928,18.928,18.71,18.778,1802744,0
1997-05-01,18.867,19.017,18.567,19.017,716810,0
1997-05-02,19.017,19.315,18.945,19.165,324842,0
1997-05-05,19.315,19.764,19.315,19.687,302512,0
1997-05-06,19.615,20.064,19.538,19.916,188561,0
1997-05-07,19.835,19.916,19.615,19.615,112299,0
1997-05-08,19.687,19.985,19.615,19.835,310629,0
1997-05-09,19.985,20.064,19.764,19.835,102020,0
1997-05-12,19.985,20.215,19.916,20.064,105955,0
1997-05-13,20.215,20.215,19.916,20.064,99738,0
1997-05-14,20.064,20.285,19.985,20.285,411510,0
1997-05-15,20.215,20.215,19.985,20.064,99863,0
1997-05-16,19.985,20.136,19.916,20.064,91488,0
1997-05-19,20.064,20.215,20.064,20.136,94406,0
1997-05-20,20.136,20.136,19.916,19.985,76008,0
1997-05-21,20.064,20.064,19.615,19.764,110773,0
1997-05-22,19.764,19.835,19.538,19.764,152778,0
1997-05-23,19.916,20.064,19.835,20.064,94152,0
1997-05-27,20.064,20.064,19.835,19.916,142881,0
1997-05-28,19.916,19.916,19.615,19.764,189321,0
1997-05-29,19.835,19.916,19.764,19.764,157596,0
1997-05-30,19.764,20.064,19.764,20.064,255177,0
1997-06-02,20.064,20.215,19.835,20.064,187037,0
1997-06-03,20.215,20.435,20.136,20.435,286394,0
1997-06-04,20.363,20.363,19.985,19.985,277889,0
1997-06-05,19.985,20.285,19.985,20.136,444882,0
1997-06-06,20.064,20.285,20.064,20.285,128414,0
1997-06-09,20.215,20.363,20.215,20.285,285252,0
1997-06-10,20.285,20.285,20.064,20.215,240713,0
1997-06-11,20.215,20.215,20.136,20.136,296417,0
1997-06-12,20.285,20.586,20.285,20.586,522030,0
1997-06-13,20.655,20.806,20.655,20.806,327504,0
1997-06-16,20.655,20.806,20.655,20.734,182595,0
1997-06-17,20.655,20.806,20.435,20.734,130575,0
1997-06-18,20.734,20.955,20.734,20.884,191477,0
1997-06-19,21.034,21.184,20.884,21.184,355169,0
1997-06-20,21.105,21.254,21.034,21.254,178786,0
1997-06-23,21.184,21.184,20.884,20.955,247440,0
1997-06-24,21.105,21.105,20.806,20.994,208104,0
1997-06-25,20.925,21.065,20.513,20.624,471148,0
1997-06-26,20.624,20.773,20.624,20.697,450974,0
1997-06-27,20.697,20.955,20.697,20.925,310883,0
1997-06-30,20.955,21.184,20.884,21.034,428510,0
1997-07-01,21.034,21.254,21.034,21.254,224089,0
1997-07-02,21.184,21.483,21.184,21.443,110773,0
1997-07-03,21.483,21.626,21.483,21.626,251370,0
1997-07-07,21.626,21.813,21.553,21.703,282076,0
1997-07-08,21.775,21.923,21.744,21.923,191858,0
1997-07-09,21.894,21.923,21.775,21.923,159249,0
1997-07-10,21.775,21.894,21.665,21.853,331947,0
1997-07-11,21.775,21.853,21.443,21.443,525840,0
1997-07-14,21.443,21.703,21.184,21.294,352505,0
1997-07-15,21.254,21.364,21.254,21.334,365956,0
1997-07-16,21.334,21.443,21.334,21.364,152524,0
1997-07-17,21.364,21.364,21.184,21.215,250864,0
1997-07-18,21.215,21.215,20.994,21.184,142244,0
1997-07-21,21.184,21.294,21.143,21.294,308853,0
1997-07-22,21.405,21.405,21.334,21.364,216223,0
1997-07-23,21.405,21.593,21.405,21.515,356819,0
1997-07-24,21.483,21.483,21.364,21.443,356182,0
1997-07-25,21.405,21.483,21.405,21.443,156075,0
1997-07-28,21.443,21.515,21.405,21.515,247311,0
1997-07-29,21.483,21.853,21.483,21.853,237794,0
1997-07-30,21.813,22.152,21.665,22.152,2098020,0
1997-07-31,22.255,22.295,22.184,22.255,559715,0
1997-08-01,22.255,22.255,21.917,21.996,104939,0
1997-08-04,21.996,22.027,21.727,21.767,190337,0
1997-08-05,21.806,22.027,21.806,21.806,242742,0
1997-08-06,21.917,21.955,21.844,21.878,204423,0
1997-08-07,21.878,21.917,21.657,21.657,96186,0
1997-08-08,21.356,21.467,21.239,21.319,394252,0
1997-08-11,21.319,21.356,21.207,21.356,235637,0
1997-08-12,21.388,21.657,21.388,21.506,285504,0
1997-08-13,21.506,21.538,21.207,21.207,680390,0
1997-08-14,21.319,21.319,21.207,21.239,935442,0
1997-08-15,21.239,21.239,21.09,21.09,285758,0
1997-08-18,21.207,21.207,20.978,21.09,386257,0
1997-08-19,21.129,21.428,21.129,21.428,488278,0
1997-08-20,21.428,21.467,21.278,21.319,121435,0
1997-08-21,21.319,21.356,21.129,21.239,66742,0
1997-08-22,21.207,21.467,21.167,21.278,494874,0
1997-08-25,21.278,21.278,21.09,21.278,150747,0
1997-08-26,21.278,21.356,21.239,21.319,114961,0
1997-08-27,21.356,21.428,21.239,21.356,82859,0
1997-08-28,21.319,21.467,21.239,21.467,86793,0
1997-08-29,21.428,21.619,21.388,21.619,199348,0
1997-09-02,21.619,22.027,21.577,21.955,261396,0
1997-09-03,21.806,21.917,21.727,21.767,169269,0
1997-09-04,21.695,21.806,21.695,21.767,90599,0
1997-09-05,21.695,21.844,21.657,21.657,79178,0
1997-09-08,21.657,21.695,21.388,21.467,206580,0
1997-09-09,21.467,21.878,21.428,21.767,235511,0
1997-09-10,21.806,22.105,21.657,21.955,139709,0
1997-09-11,21.917,21.917,21.695,21.844,185516,0
1997-09-12,21.878,22.335,21.844,22.335,207976,0
1997-09-15,22.255,22.515,22.255,22.484,248707,0
1997-09-16,22.596,22.706,22.553,22.671,214446,0
1997-09-17,22.553,22.596,22.365,22.515,166100,0
1997-09-18,22.515,22.671,22.444,22.515,100752,0
1997-09-19,22.633,22.706,22.553,22.706,251622,0
1997-09-22,22.742,22.895,22.706,22.823,156710,0
1997-09-23,22.671,22.706,22.335,22.365,199723,0
1997-09-24,22.365,22.406,22.255,22.255,262160,0
1997-09-25,22.406,22.444,22.215,22.215,261014,0
1997-09-26,22.295,22.295,21.996,22.066,176883,0
1997-09-29,22.105,22.105,21.996,21.996,155188,0
1997-09-30,21.878,22.255,21.878,22.255,320274,0
1997-10-01,22.184,22.255,22.105,22.144,745360,0
1997-10-02,22.066,22.295,22.066,22.295,183483,0
1997-10-03,22.406,22.785,22.365,22.444,498303,0
1997-10-06,22.484,22.742,22.335,22.633,261269,0
1997-10-07,22.553,22.785,22.365,22.785,299971,0
1997-10-08,22.823,22.823,22.335,22.484,132855,0
1997-10-09,22.335,22.596,22.255,22.596,653493,0
1997-10-10,22.484,22.671,22.406,22.553,380928,0
1997-10-13,22.596,22.706,22.596,22.706,67255,0
1997-10-14,22.706,22.785,22.706,22.785,141739,0
1997-10-15,22.785,22.932,22.785,22.823,266598,0
1997-10-16,22.853,22.971,22.785,22.853,126384,0
1997-10-17,22.785,22.823,22.553,22.706,323698,0
1997-10-20,22.553,22.823,22.515,22.706,254923,0
1997-10-21,22.785,22.853,22.742,22.823,138314,0
1997-10-22,22.706,22.785,22.553,22.633,515051,0
1997-10-23,22.365,22.484,22.184,22.184,164071,0
1997-10-24,22.255,22.596,22.215,22.553,304030,0
1997-10-27,22.406,22.596,22.144,22.184,305428,0
1997-10-28,21.878,22.255,21.467,22.215,435365,0
1997-10-29,22.184,22.215,22.066,22.144,132855,0
1997-10-30,22.058,22.247,21.988,22.058,131334,0
1997-10-31,21.91,22.326,21.91,22.139,245659,0
1997-11-03,22.288,22.596,22.288,22.476,268881,0
1997-11-04,22.476,22.664,22.365,22.553,95293,0
1997-11-05,22.596,22.706,22.288,22.326,80701,0
1997-11-06,22.326,22.326,21.948,21.988,97328,0
1997-11-07,21.829,22.02,21.798,21.91,71312,0
1997-11-10,21.988,22.177,21.948,22.096,73341,0
1997-11-11,22.096,22.208,22.058,22.139,66363,0
1997-11-12,21.988,22.515,21.91,22.476,111411,0
1997-11-13,22.476,22.785,22.398,22.742,343495,0
1997-11-14,22.476,22.596,22.326,22.398,311646,0
1997-11-17,22.436,22.785,22.436,22.596,236527,0
1997-11-18,22.326,22.515,22.326,22.365,257337,0
1997-11-19,22.288,22.515,22.288,22.398,124732,0
1997-11-20,22.553,22.742,22.436,22.553,406558,0
1997-11-21,22.476,23.006,22.476,22.785,642201,0
1997-11-24,22.814,23.123,22.706,23.123,547788,0
1997-11-25,23.123,23.651,23.123,23.578,324587,0
1997-11-26,23.542,23.769,23.542,23.651,292993,0
1997-11-28,23.61,23.989,23.61,23.879,105704,0
1997-12-01,23.651,24.146,23.651,23.955,464550,0
1997-12-02,23.955,23.955,23.801,23.955,130575,0
1997-12-03,23.801,23.838,23.651,23.728,148972,0
1997-12-04,23.728,23.728,23.501,23.578,226502,0
1997-12-05,23.423,23.69,23.389,23.61,328906,0
1997-12-08,23.501,23.651,23.35,23.651,2176056,0
1997-12-09,23.501,23.501,23.232,23.389,312914,0
1997-12-10,23.501,23.578,23.271,23.501,645494,0
1997-12-11,23.423,23.651,23.271,23.651,516448,0
1997-12-12,23.801,23.838,23.61,23.69,357071,0
1997-12-15,23.801,24.448,23.801,24.374,150237,0
1997-12-16,24.299,24.337,23.989,23.989,349584,0
1997-12-17,24.107,24.218,24.028,24.187,433713,0
1997-12-18,24.255,24.299,24.068,24.255,372553,0
1997-12-19,24.407,25.171,24.299,24.864,919961,0
1997-12-22,24.714,25.698,24.636,25.47,442853,0
1997-12-23,25.621,26.078,25.47,25.739,614409,0
1997-12-24,25.85,26.155,25.777,25.998,250484,0
1997-12-26,26.078,26.116,25.998,26.038,97581,0
1997-12-29,26.038,26.266,26.038,26.227,424068,0
1997-12-30,26.266,26.306,26.227,26.227,373439,0
1997-12-31,26.227,26.723,26.078,26.723,428893,0
1998-01-02,26.646,26.646,26.457,26.605,254669,0
1998-01-05,26.605,26.685,26.537,26.605,707163,0
1998-01-06,26.537,26.796,26.537,26.685,807283,0
1998-01-07,26.685,26.953,26.573,26.953,912093,0
1998-01-08,26.834,26.834,26.376,26.605,2129620,0
1998-01-09,26.685,26.763,26.537,26.646,468738,0
1998-01-12,26.646,26.723,26.416,26.646,608699,0
1998-01-13,26.685,26.723,26.605,26.685,466959,0
1998-01-14,26.685,26.685,26.537,26.646,389301,0
1998-01-15,26.605,26.646,26.457,26.494,279164,0
1998-01-16,26.494,26.872,26.494,26.537,550453,0
1998-01-20,26.605,26.872,26.573,26.685,286521,0
1998-01-21,26.537,26.763,26.494,26.763,383084,0
1998-01-22,26.685,26.834,26.646,26.796,451478,0
1998-01-23,26.796,26.796,26.537,26.573,167371,0
1998-01-26,26.537,26.646,26.457,26.573,155569,0
1998-01-27,26.494,26.573,26.376,26.376,278910,0
1998-01-28,26.537,26.796,26.457,26.494,340958,0
1998-01-29,26.376,26.494,26.188,26.227,570758,0
1998-01-30,26.338,26.338,25.99,25.99,200612,0
1998-02-02,26.148,26.218,26.148,26.181,165209,0
1998-02-03,26.181,26.181,25.951,26.03,271041,0
1998-02-04,26.03,26.07,25.802,25.802,255943,0
1998-02-05,25.802,25.921,25.572,25.613,410111,0
1998-02-06,25.613,26.109,25.613,25.921,667194,0
1998-02-09,26.07,26.257,25.881,26.181,713893,0
1998-02-10,26.257,26.257,26.109,26.218,262408,0
1998-02-11,26.218,26.257,25.951,26.148,340704,0
1998-02-12,26.218,26.376,26.148,26.376,207087,0
1998-02-13,26.41,26.41,26.181,26.338,151635,0
1998-02-17,26.41,26.448,26.218,26.218,362907,0
1998-02-18,26.218,26.41,26.109,26.218,513149,0
1998-02-19,26.299,26.338,26.218,26.218,271292,0
1998-02-20,26.257,26.41,26.181,26.338,211018,0
1998-02-23,26.872,26.872,26.528,26.605,186786,0
1998-02-24,26.566,26.605,26.257,26.448,234239,0
1998-02-25,26.376,26.872,26.376,26.677,302640,0
1998-02-26,26.646,26.981,26.646,26.981,232973,0
1998-02-27,27.024,27.024,26.944,27.024,212545,0
1998-03-02,27.024,27.173,26.944,27.063,235127,0
1998-03-03,27.143,27.328,27.101,27.291,355169,0
1998-03-04,27.291,27.328,27.063,27.173,120164,0
1998-03-05,27.024,27.024,26.872,26.944,314818,0
1998-03-06,26.944,26.944,26.715,26.872,271676,0
1998-03-09,26.796,26.944,26.715,26.944,135011,0
1998-03-10,26.944,27.44,26.944,27.328,109251,0
1998-03-11,27.479,27.479,27.173,27.37,165593,0
1998-03-12,27.37,27.37,26.981,27.253,152399,0
1998-03-13,27.253,27.44,27.21,27.404,140593,0
1998-03-16,27.479,27.479,27.143,27.291,401105,0
1998-03-17,27.291,27.328,27.143,27.328,250484,0
1998-03-18,27.253,27.37,27.253,27.37,189447,0
1998-03-19,27.404,27.669,27.404,27.669,431555,0
1998-03-20,27.707,28.165,27.669,28.058,727847,0
1998-03-23,28.058,28.435,28.058,28.246,210638,0
1998-03-24,28.205,28.393,27.865,28.093,162292,0
1998-03-25,28.205,28.74,28.205,28.701,572530,0
1998-03-26,28.701,28.701,28.283,28.283,221044,0
1998-03-27,28.323,28.511,28.165,28.356,231322,0
1998-03-30,28.323,28.356,28.246,28.356,168640,0
1998-03-31,28.393,28.89,28.393,28.663,789770,0
1998-04-01,28.74,28.74,28.246,28.283,595372,0
1998-04-02,28.323,28.701,28.283,28.663,369634,0
1998-04-03,28.663,28.663,28.435,28.555,130064,0
1998-04-06,28.622,28.82,28.283,28.356,247819,0
1998-04-07,28.474,28.474,28.093,28.205,190970,0
1998-04-08,28.128,28.393,28.017,28.393,153668,0
1998-04-09,28.356,28.511,28.283,28.393,178537,0
1998-04-13,28.356,28.622,27.748,27.939,293626,0
1998-04-14,27.975,28.393,27.939,28.283,100245,0
1998-04-15,28.283,28.323,27.975,28.246,167878,0
1998-04-16,28.165,28.165,27.827,28.017,359737,0
1998-04-17,27.865,28.283,27.865,28.246,159504,0
1998-04-20,28.205,28.393,27.788,27.865,425973,0
1998-04-21,27.479,27.522,27.253,27.479,727847,0
1998-04-22,27.479,27.479,26.981,27.173,188435,0
1998-04-23,27.173,27.173,26.646,26.796,247945,0
1998-04-24,26.796,26.796,26.646,26.715,409985,0
1998-04-27,26.566,26.646,26.299,26.528,481930,0
1998-04-28,26.528,26.566,26.486,26.486,356182,0
1998-04-29,26.486,26.646,26.448,26.605,401612,0
1998-04-30,26.748,27.056,26.748,26.865,1389207,0
1998-05-01,26.974,27.056,26.826,26.865,727212,0
1998-05-04,26.748,26.748,26.402,26.637,414170,0
1998-05-05,26.559,26.559,26.25,26.402,373187,0
1998-05-06,26.44,26.44,26.359,26.402,151763,0
1998-05-07,26.402,26.44,26.212,26.402,481679,0
1998-05-08,26.33,26.597,26.29,26.33,816925,0
1998-05-11,26.359,26.637,26.25,26.33,345780,0
1998-05-12,26.33,26.33,25.944,26.212,295531,0
1998-05-13,26.29,26.402,25.824,25.824,214700,0
1998-05-14,25.824,26.022,25.714,25.824,187037,0
1998-05-15,25.982,26.212,25.518,25.518,166356,0
1998-05-18,25.518,25.824,25.29,25.37,147069,0
1998-05-19,25.37,25.824,25.37,25.408,225229,0
1998-05-20,25.556,25.676,25.518,25.556,262917,0
1998-05-21,25.518,25.556,25.37,25.437,274594,0
1998-05-22,25.437,25.748,25.437,25.437,375850,0
1998-05-26,25.327,25.37,25.29,25.29,174477,0
1998-05-27,25.211,25.824,25.02,25.824,272943,0
1998-05-28,25.865,26.359,25.556,26.25,520634,0
1998-05-29,26.173,26.906,26.173,26.787,274087,0
1998-06-01,26.748,27.362,26.67,27.173,272432,0
1998-06-02,27.479,27.522,27.093,27.093,256573,0
1998-06-03,27.093,27.44,27.093,27.253,493607,0
1998-06-04,27.32,27.404,27.134,27.32,298703,0
1998-06-05,27.32,27.32,27.093,27.284,216476,0
1998-06-08,27.284,27.598,27.21,27.284,565426,0
1998-06-09,27.284,27.632,27.284,27.479,139581,0
1998-06-10,27.44,27.975,27.284,27.362,308219,0
1998-06-11,27.362,27.44,27.134,27.362,212290,0
1998-06-12,27.362,27.632,27.362,27.632,238430,0
1998-06-15,27.669,28.137,27.559,27.707,438030,0
1998-06-16,27.788,27.788,27.559,27.598,461632,0
1998-06-17,27.598,27.598,27.404,27.522,270152,0
1998-06-18,27.479,27.559,27.32,27.479,169526,0
1998-06-19,27.284,27.362,26.944,27.016,473305,0
1998-06-22,27.173,27.173,26.974,27.016,141865,0
1998-06-23,27.016,27.016,26.44,26.44,642201,0
1998-06-24,26.479,26.67,26.479,26.67,1398597,0
1998-06-25,26.748,26.944,26.44,26.559,451353,0
1998-06-26,26.67,26.706,26.359,26.637,781907,0
1998-06-29,27.056,27.253,26.974,27.173,259111,0
1998-06-30,27.134,27.284,27.056,27.056,316721,0
1998-07-01,27.134,27.404,27.134,27.404,158614,0
1998-07-02,27.44,27.522,27.173,27.362,136535,0
1998-07-06,27.479,27.479,27.284,27.479,229928,0
1998-07-07,27.44,27.479,27.173,27.21,162930,0
1998-07-08,27.253,27.253,27.173,27.173,101512,0
1998-07-09,27.253,27.253,27.056,27.093,132221,0
1998-07-10,26.944,27.253,26.597,27.173,358467,0
1998-07-13,27.134,27.173,26.787,26.787,220285,0
1998-07-14,26.787,27.016,26.748,27.016,521141,0
1998-07-15,26.865,26.865,26.559,26.67,225868,0
1998-07-16,26.748,26.974,26.67,26.906,155444,0
1998-07-17,27.016,27.056,26.865,26.974,253653,0
1998-07-20,27.056,27.056,26.826,26.906,120929,0
1998-07-21,26.906,26.944,26.67,26.787,194398,0
1998-07-22,26.748,26.865,26.67,26.826,263811,0
1998-07-23,26.787,26.906,26.52,26.67,265963,0
1998-07-24,26.748,26.748,26.597,26.637,168512,0
1998-07-27,26.597,26.787,26.559,26.748,416838,0
1998-07-28,26.67,26.748,26.402,26.402,286648,0
1998-07-29,26.52,26.559,26.212,26.212,59639,0
1998-07-30,26.173,26.597,26.173,26.52,249978,0
1998-07-31,26.44,26.52,25.944,25.944,1594009,0
1998-08-03,25.802,26.494,25.763,26.494,1340098,0
1998-08-04,26.494,26.654,25.873,25.912,483199,0
1998-08-05,25.873,26.148,25.722,25.99,355552,0
1998-08-06,25.873,25.99,25.722,25.802,88698,0
1998-08-07,25.873,26.188,25.832,26.188,166356,0
1998-08-10,26.03,26.227,25.832,26.227,255432,0
1998-08-11,26.266,26.266,25.722,25.99,267866,0
1998-08-12,25.912,26.841,25.912,26.763,480793,0
1998-08-13,26.614,26.732,26.299,26.338,238051,0
1998-08-14,26.338,26.691,26.148,26.299,474957,0
1998-08-17,26.299,26.573,26.148,26.494,318750,0
1998-08-18,26.654,26.691,26.457,26.537,253653,0
1998-08-19,26.376,26.416,25.873,26.266,871617,0
1998-08-20,26.266,26.376,26.03,26.266,332710,0
1998-08-21,26.266,26.881,25.951,26.803,282841,0
1998-08-24,26.654,27.16,26.654,27.16,360370,0
1998-08-25,27.188,27.346,27.042,27.346,498812,0
1998-08-26,27.042,27.346,27.042,27.346,982644,0
1998-08-27,27.188,27.188,26.998,27.076,499443,0
1998-08-28,27.076,27.117,26.691,26.881,1075405,0
1998-08-31,26.959,26.998,26.227,26.227,503123,0
1998-09-01,26.266,26.338,25.802,26.227,657042,0
1998-09-02,26.299,26.299,26.03,26.07,267866,0
1998-09-03,25.802,26.188,25.527,25.802,413921,0
1998-09-04,25.802,25.802,24.675,25.257,639025,0
1998-09-08,25.18,25.564,25.1,25.446,585602,0
1998-09-09,25.446,25.488,24.872,25.061,584335,0
1998-09-10,25.02,25.02,24.477,24.714,750058,0
1998-09-11,24.714,24.753,24.013,24.172,1071724,0
1998-09-14,24.477,24.477,24.211,24.329,881007,0
1998-09-15,24.44,24.902,24.407,24.872,490687,0
1998-09-16,24.944,25.488,24.944,25.37,597531,0
1998-09-17,25.257,25.912,25.18,25.912,779236,0
1998-09-18,25.99,26.299,25.99,26.188,324715,0
1998-09-21,26.188,26.266,25.951,26.148,157596,0
1998-09-22,26.109,26.732,25.873,26.266,407066,0
1998-09-23,26.188,26.376,25.802,26.03,244011,0
1998-09-24,26.03,26.148,25.951,26.03,499443,0
1998-09-25,26.03,26.416,25.951,26.109,173587,0
1998-09-28,26.266,26.494,26.188,26.188,298193,0
1998-09-29,26.227,26.654,26.03,26.654,255557,0
1998-09-30,26.537,26.998,26.338,26.998,362528,0
1998-10-01,26.998,27.623,26.763,26.922,327886,0
1998-10-02,26.922,27.623,26.922,27.581,423689,0
1998-10-05,27.655,28.197,27.505,28.197,560862,0
1998-10-06,28.119,28.511,27.85,28.237,597275,0
1998-10-07,28.159,29.127,28.119,28.701,771370,0
1998-10-08,28.555,29.363,28.555,29.326,631282,0
1998-10-09,29.404,29.404,27.966,28.119,415189,0
1998-10-12,27.966,28.049,27.27,27.346,346160,0
1998-10-13,27.27,27.733,27.27,27.655,475334,0
1998-10-14,27.655,28.899,27.655,28.82,910954,0
1998-10-15,28.663,29.246,28.663,29.127,454903,0
1998-10-16,29.285,29.326,28.008,28.159,259620,0
1998-10-19,27.966,28.237,27.693,27.693,165462,0
1998-10-20,27.85,28.119,27.227,27.27,504267,0
1998-10-21,27.27,27.308,26.763,26.841,299083,0
1998-10-22,26.881,27.733,26.881,27.581,527614,0
1998-10-23,27.464,27.505,27.076,27.188,209370,0
1998-10-26,27.346,27.623,27.042,27.623,196302,0
1998-10-27,27.505,27.544,27.227,27.387,291341,0
1998-10-28,27.27,27.655,27.117,27.424,476348,0
1998-10-29,27.464,27.464,27.117,27.308,306189,0
1998-10-30,27.362,27.669,27.284,27.514,212037,0
1998-11-02,27.47,28.882,27.47,28.846,755890,0
1998-11-03,29.664,29.932,29.308,29.78,650194,0
1998-11-04,29.78,30.088,29.548,29.742,537891,0
1998-11-05,29.742,29.821,29.582,29.702,177268,0
1998-11-06,29.582,30.206,29.582,29.86,272305,0
1998-11-09,29.742,29.821,29.548,29.664,204170,0
1998-11-10,29.582,29.97,28.962,28.962,628241,0
1998-11-11,28.962,29.151,28.922,28.962,827205,0
1998-11-12,28.962,29.27,28.726,29.151,546268,0
1998-11-13,29.23,29.506,29.151,29.346,216984,0
1998-11-16,29.27,29.308,29.112,29.151,235764,0
1998-11-17,29.151,29.548,29.151,29.506,336140,0
1998-11-18,29.506,29.78,29.428,29.548,296164,0
1998-11-19,29.548,29.742,29.548,29.664,335244,0
1998-11-20,29.742,30.129,29.702,30.011,330046,0
1998-11-23,30.169,30.601,30.169,30.443,346414,0
1998-11-24,30.287,30.601,30.287,30.601,213940,0
1998-11-25,30.601,30.829,30.524,30.791,401738,0
1998-11-27,30.908,31.224,30.908,31.106,307330,0
1998-11-30,30.988,31.027,30.405,30.443,390824,0
1998-12-01,30.365,30.678,30.287,30.678,444629,0
1998-12-02,30.752,31.065,30.752,31.065,520256,0
1998-12-03,31.065,31.262,30.946,31.184,429401,0
1998-12-04,31.027,31.301,31.027,31.106,653745,0
1998-12-07,31.027,31.106,30.829,30.908,683818,0
1998-12-08,30.829,30.871,30.601,30.678,519622,0
1998-12-09,30.601,30.601,30.169,30.483,561620,0
1998-12-10,30.561,30.601,30.169,30.246,433460,0
1998-12-11,30.129,30.443,29.821,30.405,297304,0
1998-12-14,30.246,30.323,29.97,30.05,171432,0
1998-12-15,29.97,30.088,29.86,29.97,294390,0
1998-12-16,29.97,29.97,29.742,29.821,482185,0
1998-12-17,29.821,30.088,29.78,29.821,1275258,0
1998-12-18,29.821,30.246,29.664,30.206,353904,0
1998-12-21,30.169,30.365,30.05,30.129,156841,0
1998-12-22,30.169,30.169,29.821,29.821,73215,0
1998-12-23,29.932,30.05,29.548,30.05,186657,0
1998-12-24,30.129,30.129,29.892,30.129,73341,0
1998-12-28,30.129,30.129,29.623,29.78,127778,0
1998-12-29,29.932,30.011,29.702,29.78,138943,0
1998-12-30,29.892,29.932,29.664,29.821,246300,0
1998-12-31,29.97,30.287,29.932,30.246,517336,0
1999-01-04,30.246,30.246,29.86,30.011,406941,0
1999-01-05,30.05,30.206,30.011,30.05,338420,0
1999-01-06,30.05,30.088,29.548,29.582,524062,0
1999-01-07,29.582,29.821,29.428,29.506,385749,0
1999-01-08,29.506,29.623,28.962,29.27,718587,0
1999-01-11,29.19,29.19,28.45,28.569,326365,0
1999-01-12,28.726,28.726,28.488,28.646,422169,0
1999-01-13,28.488,28.646,28.41,28.569,462775,0
1999-01-14,28.569,28.569,28.332,28.332,176632,0
1999-01-15,28.488,28.528,28.292,28.332,89713,0
1999-01-19,28.488,28.528,27.984,28.102,403007,0
1999-01-20,28.255,28.37,27.865,27.865,222187,0
1999-01-21,28.024,28.102,27.906,28.024,419628,0
1999-01-22,28.024,28.37,28.024,28.332,338420,0
1999-01-25,28.102,28.292,27.946,27.984,270152,0
1999-01-26,28.102,28.22,28.024,28.064,374835,0
1999-01-27,28.102,28.102,27.865,27.906,291850,0
1999-01-28,28.024,28.024,27.552,27.632,221678,0
1999-01-29,27.552,27.552,26.732,26.732,456938,0
1999-02-01,26.849,26.849,26.502,26.544,157344,0
1999-02-02,26.544,26.544,25.605,26.384,541951,0
1999-02-03,26.384,26.849,26.347,26.654,407703,0
1999-02-04,26.58,26.771,26.425,26.502,174093,0
1999-02-05,26.502,26.502,26.148,26.306,172447,0
1999-02-08,26.384,26.58,26.227,26.425,282332,0
1999-02-09,26.502,26.58,26.227,26.227,200612,0
1999-02-10,26.227,26.266,25.794,25.951,177395,0
1999-02-11,26.109,26.109,25.564,25.763,181836,0
1999-02-12,25.605,25.683,25.053,25.446,372427,0
1999-02-16,25.527,25.794,25.37,25.646,431682,0
1999-02-17,25.527,26.109,25.446,26.07,520380,0
1999-02-18,26.07,26.384,26.07,26.148,863367,0
1999-02-19,26.148,26.148,25.683,25.912,519239,0
1999-02-22,25.912,26.463,25.912,26.425,346923,0
1999-02-23,26.425,26.425,26.03,26.347,458714,0
1999-02-24,26.347,26.654,26.266,26.306,350222,0
1999-02-25,26.188,26.188,25.408,25.912,448561,0
1999-02-26,25.763,26.03,25.605,25.832,281446,0
1999-03-01,25.763,25.832,25.132,25.605,481930,0
1999-03-02,25.722,26.266,25.683,26.188,425212,0
1999-03-03,26.03,26.227,25.646,26.188,792942,0
1999-03-04,26.227,26.654,26.07,26.463,767439,0
1999-03-05,26.732,26.771,26.463,26.544,679503,0
1999-03-08,26.691,26.691,25.912,26.07,136027,0
1999-03-09,25.912,25.99,25.488,25.564,312028,0
1999-03-10,25.488,25.605,25.408,25.446,280175,0
1999-03-11,25.446,25.763,25.37,25.605,257589,0
1999-03-12,25.605,26.306,25.564,26.227,492846,0
1999-03-15,26.384,26.502,26.109,26.347,496779,0
1999-03-16,26.188,26.58,26.148,26.266,363671,0
1999-03-17,26.266,26.425,25.794,26.425,250864,0
1999-03-18,26.347,26.614,26.227,26.58,896993,0
1999-03-19,26.463,27.085,26.463,26.614,867304,0
1999-03-22,26.544,26.544,26.188,26.384,274847,0
1999-03-23,26.306,26.347,26.07,26.266,255051,0
1999-03-24,26.266,26.849,26.266,26.849,343368,0
1999-03-25,26.771,26.968,26.07,26.771,348823,0
1999-03-26,26.889,26.889,26.03,26.463,246171,0
1999-03-29,26.463,26.463,25.832,25.873,210767,0
1999-03-30,25.646,25.683,25.053,25.446,547661,0
1999-03-31,25.446,25.488,24.705,25.132,588773,0
1999-04-01,24.944,25.527,24.824,25.37,873265,0
1999-04-05,25.763,25.763,25.327,25.722,465561,0
1999-04-06,25.605,25.683,24.902,25.171,499570,0
1999-04-07,25.211,25.211,24.549,24.668,368241,0
1999-04-08,24.668,25.053,24.588,25.053,472035,0
1999-04-09,25.014,25.211,24.746,25.132,206325,0
1999-04-12,25.093,25.488,24.973,25.053,441578,0
1999-04-13,24.973,25.171,24.668,24.786,433969,0
1999-04-14,24.864,24.902,24.668,24.786,314055,0
1999-04-15,24.627,24.902,24.509,24.509,416203,0
1999-04-16,24.668,24.944,24.668,24.824,536750,0
1999-04-19,24.973,25.327,24.902,25.327,602354,0
1999-04-20,25.327,25.912,25.29,25.912,574056,0
1999-04-21,25.912,26.109,25.683,26.07,1505563,0
1999-04-22,25.99,25.99,25.327,25.564,647781,0
1999-04-23,25.527,26.03,25.527,25.605,494369,0
1999-04-26,25.722,25.832,25.564,25.763,959806,0
1999-04-27,27.32,27.748,27.05,27.245,3176596,0
1999-04-28,27.245,27.284,26.849,27.245,2357511,0
1999-04-29,27.37,27.685,27.291,27.685,1983562,0
1999-04-30,27.685,27.685,27.37,27.565,8346404,0
1999-05-03,27.685,27.763,27.528,27.763,818068,0
1999-05-04,27.805,28.04,27.528,27.96,589410,0
1999-05-05,27.763,27.923,27.647,27.843,469877,0
1999-05-06,27.685,28,27.565,28,712114,0
1999-05-07,27.923,27.96,27.605,27.923,232719,0
1999-05-10,28.04,28.197,27.411,27.605,259238,0
1999-05-11,27.763,28,27.605,27.605,371918,0
1999-05-12,27.647,27.882,27.488,27.685,324458,0
1999-05-13,27.685,28,27.528,27.923,569107,0
1999-05-14,27.805,27.805,27.488,27.647,367476,0
1999-05-17,27.685,27.96,27.488,27.923,488657,0
1999-05-18,27.843,28.04,27.843,27.882,292867,0
1999-05-19,28.078,28.671,28.04,28.316,1299494,0
1999-05-20,28.316,28.629,28.078,28.356,355552,0
1999-05-21,28.435,28.947,28.393,28.748,406053,0
1999-05-24,28.591,29.262,28.591,29.024,343116,0
1999-05-25,29.024,29.498,29.024,29.3,383846,0
1999-05-26,29.3,29.616,29.262,29.576,440690,0
1999-05-27,29.262,29.42,28.71,28.986,343747,0
1999-05-28,29.222,29.498,29.064,29.262,550959,0
1999-06-01,29.222,29.222,27.843,27.96,1063986,0
1999-06-02,27.763,27.843,27.37,27.447,826317,0
1999-06-03,27.685,27.685,27.328,27.37,364813,0
1999-06-04,27.37,27.528,27.134,27.253,500841,0
1999-06-07,27.291,27.528,27.093,27.528,406430,0
1999-06-08,27.528,27.605,27.411,27.565,209244,0
1999-06-09,27.565,27.685,27.328,27.447,303398,0
1999-06-10,27.411,27.565,26.897,27.056,175744,0
1999-06-11,26.974,27.056,26.779,26.817,442853,0
1999-06-14,26.857,27.923,26.779,27.21,222061,0
1999-06-15,27.291,27.647,26.817,27.605,282204,0
1999-06-16,27.605,28.159,27.605,27.882,161282,0
1999-06-17,27.843,28.159,27.528,27.528,261651,0
1999-06-18,27.843,27.923,27.528,27.843,504395,0
1999-06-21,27.805,27.843,27.134,27.253,317485,0
1999-06-22,27.21,27.37,27.173,27.21,612633,0
1999-06-23,27.173,27.447,27.173,27.291,305300,0
1999-06-24,27.328,27.328,27.173,27.173,170413,0
1999-06-25,27.291,27.291,26.857,26.938,442344,0
1999-06-28,26.779,26.938,26.384,26.384,760333,0
1999-06-29,26.384,26.544,26.148,26.544,898896,0
1999-06-30,26.544,26.621,26.148,26.347,776321,0
1999-07-01,26.188,26.384,25.873,26.109,986072,0
1999-07-02,26.109,26.109,25.873,25.99,526219,0
1999-07-06,26.07,26.07,25.646,25.676,623164,0
1999-07-07,25.756,25.873,25.646,25.756,905623,0
1999-07-08,25.714,25.794,25.564,25.646,444882,0
1999-07-09,25.605,25.605,25.327,25.488,234875,0
1999-07-12,25.488,25.488,25.132,25.211,642702,0
1999-07-13,25.29,25.37,25.053,25.171,331061,0
1999-07-14,25.25,25.29,24.973,25.053,515688,0
1999-07-15,25.132,25.132,24.856,25.053,630521,0
1999-07-16,25.132,25.132,25.014,25.093,281573,0
1999-07-19,25.171,25.171,25.014,25.093,227004,0
1999-07-20,25.014,25.014,24.5,24.5,640676,0
1999-07-21,24.343,24.66,24.343,24.618,814895,0
1999-07-22,24.697,24.816,24.5,24.579,461122,0
1999-07-23,24.618,24.738,24.382,24.543,234113,0
1999-07-26,24.697,25.014,24.697,24.973,275608,0
1999-07-27,24.973,24.973,24.46,24.543,273834,0
1999-07-28,24.423,24.5,24.068,24.187,181582,0
1999-07-29,24.137,24.137,23.786,23.903,334612,0
1999-07-30,23.903,24.02,23.626,23.745,243758,0
1999-08-02,23.822,23.942,23.745,23.903,258606,0
1999-08-03,23.903,24.137,23.786,24.059,212670,0
1999-08-04,24.059,24.299,23.903,23.981,506424,0
1999-08-05,23.903,24.059,23.667,23.822,341085,0
1999-08-06,23.903,23.942,23.667,23.786,162546,0
1999-08-09,23.704,24.02,23.704,23.786,181327,0
1999-08-10,23.667,23.786,23.46,23.704,266852,0
1999-08-11,23.704,23.981,23.586,23.981,387906,0
1999-08-12,23.981,24.099,23.786,23.786,611996,0
1999-08-13,23.822,23.981,23.704,23.786,132472,0
1999-08-16,23.745,23.745,23.185,23.304,250360,0
1999-08-17,23.501,23.903,23.501,23.862,859435,0
1999-08-18,23.745,23.786,23.542,23.786,249722,0
1999-08-19,23.862,24.179,23.542,24.179,388415,0
1999-08-20,24.179,24.935,24.179,24.738,964373,0
1999-08-23,24.697,24.973,24.492,24.697,405036,0
1999-08-24,24.66,24.697,24.374,24.535,407833,0
1999-08-25,24.61,25.327,24.535,25.327,462649,0
1999-08-26,25.25,25.37,25.014,25.29,509470,0
1999-08-27,25.171,25.446,25.132,25.29,741679,0
1999-08-30,25.29,25.446,25.132,25.171,450719,0
1999-08-31,25.171,25.327,24.894,25.132,931763,0
1999-09-01,24.973,25.132,24.856,25.093,194524,0
1999-09-02,25.014,25.408,24.935,25.408,491198,0
1999-09-03,25.132,25.37,24.856,25.37,442088,0
1999-09-07,25.408,25.488,24.572,24.778,294518,0
1999-09-08,24.778,24.973,24.374,24.697,135644,0
1999-09-09,24.66,24.66,24.255,24.61,321795,0
1999-09-10,24.697,24.697,24.255,24.535,340195,0
1999-09-13,23.981,24.218,23.542,24.02,331186,0
1999-09-14,24.02,24.02,23.542,23.745,307584,0
1999-09-15,24.137,24.137,23.815,23.815,627604,0
1999-09-16,23.854,23.897,23.533,23.698,287158,0
1999-09-17,23.935,23.935,23.778,23.778,207465,0
1999-09-20,23.935,23.973,23.454,23.571,326236,0
1999-09-21,23.177,23.454,22.971,23.015,350349,0
1999-09-22,23.015,23.335,22.853,23.177,508200,0
1999-09-23,23.14,23.14,22.612,22.648,235001,0
1999-09-24,22.493,22.697,22.373,22.373,271167,0
1999-09-27,22.373,22.697,22.335,22.414,200995,0
1999-09-28,22.453,22.453,21.568,21.894,357835,0
1999-09-29,21.894,22.169,21.686,21.775,405036,0
1999-09-30,21.813,21.894,21.686,21.775,952064,0
1999-10-01,21.813,21.813,21.532,21.61,718204,0
1999-10-04,21.727,22.05,21.568,21.894,730383,0
1999-10-05,21.97,22.13,21.532,21.648,564288,0
1999-10-06,21.648,21.813,21.532,21.775,501222,0
1999-10-07,21.686,21.775,21.334,21.334,532432,0
1999-10-08,21.414,21.727,21.167,21.61,1108270,0
1999-10-11,21.532,21.568,21.245,21.49,280939,0
1999-10-12,21.49,21.49,21.049,21.129,336898,0
1999-10-13,21.167,21.373,20.971,21.09,381814,0
1999-10-14,20.932,21.207,20.852,21.09,470639,0
1999-10-15,21.09,21.129,20.688,20.688,198203,0
1999-10-18,20.852,22.571,20.766,22.571,3622749,0
1999-10-19,22.697,22.777,22.169,22.453,978968,0
1999-10-20,22.453,22.493,21.853,21.853,961202,0
1999-10-21,21.894,22.215,21.853,22.13,552358,0
1999-10-22,22.255,22.531,22.255,22.335,401105,0
1999-10-25,22.493,22.853,22.215,22.697,561116,0
1999-10-26,22.697,23.296,22.697,22.932,590554,0
1999-10-27,22.932,23.698,22.932,23.533,385494,0
1999-10-28,23.854,24.416,23.737,24.099,440057,0
1999-10-29,23.854,24.179,23.571,23.659,597275,0
1999-11-01,23.808,24.137,23.61,24.091,1111698,0
1999-11-02,24.091,24.137,23.769,23.769,300225,0
1999-11-03,23.769,23.854,23.241,23.524,451986,0
1999-11-04,23.288,23.524,22.839,22.956,428007,0
1999-11-05,23.202,23.897,23.202,23.728,960314,0
1999-11-08,23.571,23.808,23.484,23.571,345908,0
1999-11-09,23.327,23.407,23.045,23.202,316594,0
1999-11-10,23.082,23.082,22.68,22.722,261777,0
1999-11-11,22.553,22.839,22.35,22.553,545255,0
1999-11-12,22.722,22.798,22.436,22.515,163183,0
1999-11-15,22.35,22.759,22.311,22.759,397805,0
1999-11-17,22.918,23.006,22.68,22.798,260256,0
1999-11-18,22.759,22.798,22.476,22.553,329158,0
1999-11-19,22.476,22.515,21.988,22.027,346414,0
1999-11-22,21.744,21.91,21.223,21.38,878723,0
1999-11-23,21.506,21.545,20.892,21.097,408591,0
1999-11-24,20.938,21.097,20.773,20.852,609458,0
1999-11-26,20.892,21.018,20.773,20.852,163819,0
1999-11-29,20.734,20.734,20.166,20.569,611996,0
1999-11-30,20.49,21.703,20.451,21.545,1330836,0
1999-12-01,21.38,21.545,21.057,21.176,332200,0
1999-12-02,21.097,21.459,21.057,21.38,406304,0
1999-12-03,21.38,21.829,21.38,21.665,357454,0
1999-12-06,21.626,22.231,21.626,21.829,849919,0
1999-12-07,21.91,22.114,21.869,21.948,1101542,0
1999-12-08,22.114,22.114,21.506,21.626,410875,0
1999-12-09,21.665,21.703,21.459,21.459,572405,0
1999-12-10,21.38,21.545,21.057,21.136,377756,0
1999-12-13,21.262,21.262,20.655,20.734,191097,0
1999-12-14,20.608,20.734,20.208,20.334,1136313,0
1999-12-15,20.372,21.018,20.208,21.018,807155,0
1999-12-16,20.938,20.938,20.569,20.734,288806,0
1999-12-17,20.734,20.815,20.285,20.53,596521,0
1999-12-20,20.41,20.49,20.001,20.088,492846,0
1999-12-21,20.166,20.166,19.764,19.764,882403,0
1999-12-22,19.764,20.41,19.764,20.088,673541,0
1999-12-23,20.001,20.41,19.844,20.334,537639,0
1999-12-27,20.088,20.208,19.924,19.961,310758,0
1999-12-28,19.961,20.088,19.883,20.049,370525,0
1999-12-29,20.049,20.128,19.639,19.844,248834,0
1999-12-30,19.764,20.166,19.764,20.001,465815,0
1999-12-31,19.961,20.208,19.961,20.208,210131,0
2000-01-03,20.049,20.088,19.112,19.112,2049548,0
2000-01-04,19.15,19.435,19.15,19.354,579133,0
2000-01-05,19.315,20.088,19.237,19.883,2337719,0
2000-01-06,19.883,20.166,19.522,19.719,465058,0
2000-01-07,20.001,20.244,19.844,20.166,674174,0
2000-01-10,20.049,20.285,19.719,19.883,327130,0
2000-01-11,19.806,20.451,19.806,20.41,1866697,0
2000-01-12,20.285,20.41,20.128,20.285,1926465,0
2000-01-13,20.451,20.734,20.285,20.49,625197,0
2000-01-14,20.49,20.49,20.001,20.208,351106,0
2000-01-18,20.088,20.088,19.719,19.806,531549,0
2000-01-19,19.844,20.166,19.764,20.001,650068,0
2000-01-20,20.049,20.166,19.639,20.049,496779,0
2000-01-21,20.088,20.49,19.844,20.334,719855,0
2000-01-24,20.41,20.773,20.244,20.244,834054,0
2000-01-25,20.285,20.285,19.764,19.883,906638,0
2000-01-26,20.001,20.001,19.435,19.719,1403039,0
2000-01-27,19.883,19.883,19.396,19.435,726197,0
2000-01-28,19.277,19.599,19.07,19.112,652601,0
2000-01-31,19.277,19.68,18.993,19.435,1246327,0
2000-02-01,16.928,17.25,14.738,15.227,5108770,0
2000-02-02,14.902,14.902,13.159,13.847,7939208,0
2000-02-03,13.728,14.454,13.649,14.217,6400401,0
2000-02-04,14.413,14.494,13.262,13.419,4205432,0
2000-02-07,13.419,13.546,13.217,13.381,885829,0
2000-02-08,13.419,13.631,13.344,13.381,1024141,0
2000-02-09,13.381,13.419,13.048,13.138,1626747,0
2000-02-10,13.138,13.138,11.9,12.357,3543184,0
2000-02-11,12.397,12.397,11.9,12.27,1422703,0
2000-02-14,12.357,12.766,12.27,12.639,906509,0
2000-02-15,12.847,13.011,12.68,12.766,946860,0
2000-02-16,12.602,12.727,12.195,12.311,1167399,0
2000-02-17,12.311,12.311,11.861,12.103,1626111,0
2000-02-18,12.067,12.195,11.82,12.067,1151156,0
2000-02-22,12.067,12.103,11.82,12.027,869713,0
2000-02-23,12.143,12.143,11.529,11.569,1367126,0
2000-02-24,11.655,11.655,11.12,11.199,885065,0
2000-02-25,11.199,11.199,10.662,10.827,960948,0
2000-02-28,10.995,10.995,10.585,10.876,1035686,0
2000-02-29,10.953,11.159,10.915,11.034,1160038,0
2000-03-01,11.034,11.199,10.995,11.159,617961,0
2000-03-02,11.159,11.364,11.12,11.12,1424356,0
2000-03-03,11.199,11.284,11.08,11.245,1141134,0
2000-03-06,11.696,11.861,11.199,11.402,2306250,0
2000-03-07,11.402,11.529,11.284,11.364,1068805,0
2000-03-08,11.364,11.451,11.245,11.327,1078576,0
2000-03-09,11.327,11.364,11.12,11.284,747642,0
2000-03-10,11.245,11.451,11.245,11.327,572027,0
2000-03-13,11.364,11.491,11.284,11.327,682421,0
2000-03-14,11.364,11.529,11.245,11.529,2460043,0
2000-03-15,11.529,12.436,11.402,11.773,3510701,0
2000-03-16,12.602,12.931,12.357,12.804,577357,0
2000-03-17,12.847,12.973,12.521,12.562,1039618,0
2000-03-20,12.68,12.893,12.639,12.804,735844,0
2000-03-21,12.727,12.931,12.602,12.766,547029,0
2000-03-22,12.766,12.893,12.143,12.436,1290740,0
2000-03-23,12.562,12.602,12.195,12.521,900801,0
2000-03-24,12.521,12.727,12.397,12.562,416710,0
2000-03-27,12.68,13.011,12.521,12.521,793833,0
2000-03-28,12.562,12.766,12.357,12.475,1059922,0
2000-03-29,12.311,12.68,12.27,12.436,1080096,0
2000-03-30,12.68,12.766,12.27,12.357,1201535,0
2000-03-31,12.357,12.357,11.861,11.939,3068614,0
2000-04-03,11.986,12.027,11.773,11.861,1374104,0
2000-04-04,11.861,12.27,11.696,11.986,839260,0
2000-04-05,11.986,12.311,11.9,12.143,864257,0
2000-04-06,12.195,12.229,12.027,12.027,859309,0
2000-04-07,12.067,12.103,11.986,12.027,997493,0
2000-04-10,12.027,12.27,11.9,12.143,579512,0
2000-04-11,12.311,12.357,12.195,12.229,516069,0
2000-04-12,12.27,12.639,12.27,12.357,773404,0
2000-04-13,12.27,12.973,12.27,12.847,1376645,0
2000-04-14,12.973,12.973,12.311,12.766,1034799,0
2000-04-17,12.68,12.766,12.27,12.766,583318,0
2000-04-18,12.68,12.931,12.475,12.804,1176029,0
2000-04-19,12.436,12.639,12.436,12.639,550075,0
2000-04-20,12.521,12.639,12.436,12.436,398816,0
2000-04-24,12.475,12.893,12.357,12.847,630141,0
2000-04-25,12.68,13.1,12.357,13.048,750687,0
2000-04-26,13.1,13.1,12.68,12.847,944197,0
2000-04-27,12.804,12.804,12.229,12.311,4659575,0
2000-04-28,12.602,12.855,12.348,12.766,4225354,0
2000-05-01,12.855,13.522,12.855,13.487,2693901,0
2000-05-02,13.487,14.241,13.487,14.069,4098336,0
2000-05-03,13.901,13.901,13.563,13.815,753102,0
2000-05-04,13.863,14.619,13.736,14.368,1354311,0
2000-05-05,14.368,14.368,13.942,14.152,507693,0
2000-05-08,14.446,14.698,14.446,14.494,1577387,0
2000-05-09,14.532,14.532,14.368,14.405,1091518,0
2000-05-10,14.405,14.405,14.196,14.32,744090,0
2000-05-11,14.405,14.698,14.279,14.698,1265106,0
2000-05-12,14.745,14.911,14.241,14.279,680642,0
2000-05-15,14.446,14.745,14.368,14.619,1385784,0
2000-05-16,14.745,15.076,14.494,14.872,628241,0
2000-05-17,15.036,15.036,14.532,14.659,540048,0
2000-05-18,14.571,15.202,14.494,14.872,721630,0
2000-05-19,14.698,14.911,14.532,14.571,640929,0
2000-05-22,14.659,14.822,14.494,14.698,674554,0
2000-05-23,14.698,14.745,14.32,14.446,760333,0
2000-05-24,14.619,15.202,14.571,14.822,632807,0
2000-05-25,14.911,14.95,14.571,14.745,892680,0
2000-05-26,14.659,15.122,14.619,15.036,408972,0
2000-05-30,15.289,15.413,14.785,14.872,404401,0
2000-05-31,14.95,15.58,14.911,15.289,1039238,0
2000-06-01,15.628,15.792,15.502,15.541,2159436,0
2000-06-02,15.792,15.919,15.541,15.792,921484,0
2000-06-05,15.667,15.706,15.202,15.25,701326,0
2000-06-06,15.289,15.541,14.95,15.076,716300,0
2000-06-07,15.25,15.376,14.998,14.998,363418,0
2000-06-08,15.076,15.076,14.745,14.872,383977,0
2000-06-09,14.998,15.25,14.95,15.25,431555,0
2000-06-12,15.122,15.541,15.122,15.502,839892,0
2000-06-13,15.541,15.58,15.289,15.376,522282,0
2000-06-14,15.502,15.502,15.289,15.376,430922,0
2000-06-15,15.289,15.667,15.289,15.667,938238,0
2000-06-16,15.667,15.792,15.454,15.628,1573451,0
2000-06-19,15.667,15.755,15.376,15.454,556164,0
2000-06-20,15.376,15.454,15.202,15.202,499191,0
2000-06-21,15.289,15.502,15.202,15.25,553375,0
2000-06-22,15.413,15.413,15.036,15.25,753860,0
2000-06-23,15.202,15.376,15.076,15.122,1270942,0
2000-06-26,15.036,15.413,15.036,15.163,920088,0
2000-06-27,15.328,15.328,14.872,14.95,964249,0
2000-06-28,14.95,15.413,14.659,15.172,612507,0
2000-06-29,15.076,15.454,14.95,15.122,665286,0
2000-06-30,14.998,15.502,14.698,14.872,1226024,0
2000-07-03,14.911,15.667,14.822,15.376,478129,0
2000-07-05,15.376,15.755,15.036,15.289,702087,0
2000-07-06,15.289,15.58,15.122,15.122,364306,0
2000-07-07,15.25,15.413,15.122,15.328,636993,0
2000-07-10,15.328,15.413,15.25,15.289,755890,0
2000-07-11,15.413,15.58,15.163,15.25,749169,0
2000-07-12,15.328,15.706,15.328,15.541,446023,0
2000-07-13,15.454,15.755,15.454,15.755,788753,0
2000-07-14,15.706,15.958,15.667,15.832,645623,0
2000-07-17,15.832,15.919,15.628,15.73,474827,0
2000-07-18,15.792,16.085,15.628,16.045,707674,0
2000-07-19,16.376,16.717,16.338,16.717,797003,0
2000-07-20,16.717,16.801,16.628,16.675,932273,0
2000-07-21,16.717,16.801,16.502,16.675,1488561,0
2000-07-24,16.628,16.675,16.502,16.628,573169,0
2000-07-25,16.628,16.675,16.549,16.675,946609,0
2000-07-26,16.628,16.801,16.502,16.675,869333,0
2000-07-27,16.628,17.385,16.628,17.219,2505974,0
2000-07-28,17.219,17.346,16.97,17.132,1294545,0
2000-07-31,17.259,17.259,16.97,17.181,1151918,0
2000-08-01,17.219,17.512,17.181,17.512,623544,0
2000-08-02,17.385,17.684,17.346,17.635,1685496,0
2000-08-03,17.471,17.763,16.675,17.189,2297238,0
2000-08-04,17.346,17.385,16.756,17.306,1017921,0
2000-08-07,17.432,17.857,17.132,17.857,618722,0
2000-08-08,17.843,18.054,17.376,18.016,1477648,0
2000-08-09,17.929,17.967,17.755,17.889,655392,0
2000-08-10,17.889,18.016,17.755,17.938,1074133,0
2000-08-11,17.889,18.15,17.718,18.145,484345,0
2000-08-14,18.145,18.441,17.889,18.395,647146,0
2000-08-15,18.395,18.993,18.395,18.778,2027595,0
2000-08-16,18.741,18.993,17.929,18.016,2943370,0
2000-08-17,18.054,18.354,17.967,18.103,2098655,0
2000-08-18,17.929,18.354,17.889,18.27,627985,0
2000-08-21,18.314,18.314,17.803,17.967,360370,0
2000-08-22,17.803,17.967,17.59,17.889,653873,0
2000-08-23,17.929,18.016,17.543,17.718,606539,0
2000-08-24,17.718,17.718,17.503,17.543,401486,0
2000-08-25,17.628,17.718,17.329,17.718,792942,0
2000-08-28,17.718,18.103,17.543,17.967,515688,0
2000-08-29,18.103,18.103,17.755,17.843,811599,0
2000-08-30,17.718,18.228,17.718,17.843,473432,0
2000-08-31,17.676,18.054,17.543,17.812,581541,0
2000-09-01,17.803,18.103,17.803,17.889,926559,0
2000-09-05,17.889,18.179,17.889,18.054,390824,0
2000-09-06,18.145,18.741,18.103,18.526,1148494,0
2000-09-07,18.441,18.82,18.314,18.694,1025024,0
2000-09-08,18.694,19.74,18.694,19.74,1480441,0
2000-09-11,19.719,20.143,19.591,19.639,1259904,0
2000-09-12,19.63,19.755,19.165,19.331,537891,0
2000-09-13,19.331,19.719,19.165,19.292,730383,0
2000-09-14,19.331,19.63,18.954,19.591,890777,0
2000-09-15,19.844,20.229,19.755,20.103,1001173,0
2000-09-18,19.969,20.018,19.419,19.504,734701,0
2000-09-19,19.457,19.457,18.314,18.441,1329564,0
2000-09-20,18.441,18.567,17.929,18.526,455919,0
2000-09-21,18.479,18.741,17.889,18.054,589030,0
2000-09-22,17.803,18.145,17.755,17.843,938870,0
2000-09-25,17.755,17.929,17.291,17.628,899532,0
2000-09-26,17.718,18.314,17.59,18.314,1523839,0
2000-09-27,18.314,18.395,17.889,18.323,469751,0
2000-09-28,18.314,18.479,18.054,18.103,850551,0
2000-09-29,18.228,18.441,18.103,18.362,784060,0
2000-10-02,18.395,19.246,18.179,19.206,1802744,0
2000-10-03,19.206,19.932,18.82,19.545,2620175,0
2000-10-04,18.778,18.993,18.314,18.653,1570408,0
2000-10-05,18.694,19.079,18.567,18.653,1328427,0
2000-10-06,18.653,18.82,18.567,18.741,858802,0
2000-10-09,18.82,18.993,18.653,18.778,502109,0
2000-10-10,18.954,19.165,18.653,18.867,603110,0
2000-10-11,18.867,19.246,18.82,18.82,1362810,0
2000-10-12,18.867,19.331,18.441,19.292,1282995,0
2000-10-13,19.591,19.68,19.079,19.379,598548,0
2000-10-16,19.504,19.719,19.079,19.719,750942,0
2000-10-17,18.82,18.954,18.054,18.179,5371945,0
2000-10-18,18.145,18.27,17.416,18.016,1506835,0
2000-10-19,18.27,18.567,17.929,18.441,1010436,0
2000-10-20,18.054,18.354,17.889,18.016,480160,0
2000-10-23,17.843,18.228,17.755,17.843,540682,0
2000-10-24,18.016,18.145,17.329,17.718,647907,0
2000-10-25,17.967,18.27,17.676,17.967,1211683,0
2000-10-26,17.889,17.889,17.291,17.543,1382731,0
2000-10-27,17.543,18.395,17.117,18.395,1950450,0
2000-10-30,18.395,18.82,18.179,18.82,846615,0
2000-10-31,18.859,19.12,18.387,18.645,1150777,0
2000-11-01,18.686,19.03,18.559,19.03,1132885,0
2000-11-02,19.03,19.07,18.513,18.559,525457,0
2000-11-03,18.559,18.734,18.039,18.254,479904,0
2000-11-06,18.254,18.645,18.212,18.387,888620,0
2000-11-07,18.254,18.513,18.127,18.338,458714,0
2000-11-08,18.338,18.82,18.254,18.645,723154,0
2000-11-09,18.734,19.246,18.424,19.246,1595658,0
2000-11-10,19.246,19.464,18.945,19.379,1466741,0
2000-11-13,19.379,19.591,18.985,19.292,722518,0
2000-11-14,19.331,19.419,18.985,19.246,619736,0
2000-11-15,19.331,19.504,18.985,19.331,1376263,0
2000-11-16,19.379,19.591,19.331,19.379,582305,0
2000-11-17,19.419,19.552,19.246,19.552,921102,0
2000-11-20,19.639,19.68,18.985,19.07,1260793,0
2000-11-21,19.246,19.331,18.734,19.331,586874,0
2000-11-22,19.504,19.504,18.859,19.07,473939,0
2000-11-24,19.246,19.419,18.985,19.246,388920,0
2000-11-27,19.12,19.246,18.734,18.82,294133,0
2000-11-28,18.945,19.504,18.559,18.985,554516,0
2000-11-29,18.859,19.331,18.859,19.206,308978,0
2000-11-30,19.292,19.419,18.985,19.206,1004726,0
2000-12-01,19.206,19.206,18.945,19.12,430543,0
2000-12-04,19.292,19.504,19.07,19.157,748151,0
2000-12-05,19.07,19.292,18.904,19.12,612380,0
2000-12-06,19.292,19.419,18.734,19.206,654378,0
2000-12-07,19.206,19.292,18.945,18.945,372679,0
2000-12-08,19.07,19.157,18.473,18.904,443106,0
2000-12-11,18.734,18.82,18.473,18.645,466456,0
2000-12-12,18.6,19.157,18.513,18.985,548044,0
2000-12-13,19.07,19.591,19.03,19.419,1148494,0
2000-12-14,19.639,19.764,19.206,19.68,1988261,0
2000-12-15,19.68,19.764,19.504,19.504,1420799,0
2000-12-18,19.851,20.027,19.552,19.976,1053321,0
2000-12-19,19.976,20.027,19.813,19.813,473560,0
2000-12-20,19.725,20.67,19.464,20.498,710081,0
2000-12-21,20.544,20.586,20.111,20.326,391843,0
2000-12-22,19.939,20.632,19.851,20.498,473050,0
2000-12-26,20.632,21.143,20.544,21.018,294006,0
2000-12-27,21.231,21.278,20.758,20.971,270405,0
2000-12-28,20.932,21.451,20.713,21.364,548171,0
2000-12-29,21.231,22.271,21.193,21.878,1656058,0
2001-01-02,21.619,21.703,20.884,20.971,439298,0
2001-01-03,21.143,21.577,20.971,20.971,1023629,0
2001-01-04,20.797,20.797,18.771,19.292,1102180,0
2001-01-05,19.292,19.639,19.157,19.552,709071,0
2001-01-08,19.552,20.027,19.419,19.725,1242898,0
2001-01-09,19.892,19.892,19.03,19.639,718964,0
2001-01-10,19.504,19.725,19.246,19.504,388794,0
2001-01-11,19.552,19.552,18.734,18.904,1100276,0
2001-01-12,18.734,19.379,18.6,19.331,669985,0
2001-01-16,19.331,19.331,18.473,19.07,443359,0
2001-01-17,18.985,19.07,18.82,18.985,335627,0
2001-01-18,18.985,19.292,18.904,19.157,269899,0
2001-01-19,19.292,19.419,18.859,19.12,383084,0
2001-01-22,19.292,19.552,18.859,19.464,331186,0
2001-01-23,19.419,19.851,19.206,19.504,1063858,0
2001-01-24,20.199,20.971,19.246,19.725,2688443,0
2001-01-25,19.764,20.111,19.591,20.111,980235,0
2001-01-26,19.939,20.713,19.939,20.236,1245441,0
2001-01-29,20.244,20.822,20.244,20.758,838880,0
2001-01-30,20.586,20.836,20.467,20.481,514923,0
2001-01-31,20.481,20.601,19.946,20.372,540557,0
2001-02-01,20.435,20.435,20.159,20.334,322177,0
2001-02-02,20.435,20.608,20.128,20.229,351996,0
2001-02-05,20.404,20.859,20.346,20.797,645366,0
2001-02-06,20.836,20.836,20.49,20.797,686989,0
2001-02-07,20.797,20.971,20.451,20.53,617834,0
2001-02-08,20.662,20.908,20.615,20.734,902703,0
2001-02-09,20.766,21.114,20.734,21.082,844971,0
2001-02-12,21.011,21.648,21.011,21.499,1488816,0
2001-02-13,21.64,21.672,21.167,21.319,383337,0
2001-02-14,21.143,21.49,21.049,21.294,622779,0
2001-02-15,21.396,21.396,20.836,21.049,993938,0
2001-02-16,21.049,21.499,20.938,21.151,771623,0
2001-02-20,21.151,21.61,21.049,21.364,768706,0
2001-02-21,21.538,21.672,21.428,21.538,1042284,0
2001-02-22,21.61,21.853,21.467,21.703,984420,0
2001-02-23,20.278,20.697,19.932,20.451,4356052,0
2001-02-26,20.553,20.662,20.208,20.513,1785488,0
2001-02-27,20.309,20.662,20.309,20.639,1616088,0
2001-02-28,20.679,20.766,20.346,20.662,1933570,0
2001-03-01,20.662,21.114,20.56,21.073,2262980,0
2001-03-02,21.073,21.319,20.978,21.09,1257493,0
2001-03-05,21.294,21.311,20.624,21.011,1281983,0
2001-03-06,21.151,21.151,20.836,21.082,935698,0
2001-03-07,21.082,21.254,20.797,21.151,689909,0
2001-03-08,21.151,21.356,20.963,21.151,717443,0
2001-03-09,21.176,21.176,20.734,21.082,724805,0
2001-03-12,21.114,21.311,20.697,20.978,679123,0
2001-03-13,20.978,21.011,20.49,20.925,614409,0
2001-03-14,20.742,20.742,20.418,20.553,537764,0
2001-03-15,20.451,20.781,20.278,20.781,899403,0
2001-03-16,20.624,20.83,20.544,20.83,989628,0
2001-03-19,20.83,20.932,20.679,20.901,925673,0
2001-03-20,20.901,20.938,20.49,20.679,693967,0
2001-03-21,20.688,21.207,20.624,20.662,1458363,0
2001-03-22,20.594,20.594,19.189,19.545,722518,0
2001-03-23,19.576,20.064,19.189,19.932,829489,0
2001-03-26,20.418,20.418,19.993,20.229,1166638,0
2001-03-27,20.229,20.41,19.993,20.292,969956,0
2001-03-28,20.208,20.292,19.747,20.174,1489324,0
2001-03-29,20.208,20.278,19.946,20.236,1064997,0
2001-03-30,20.309,20.734,20.174,20.688,1541731,0
2001-04-02,20.688,21.129,20.632,20.859,1287441,0
2001-04-03,20.908,20.971,20.586,20.697,1172221,0
2001-04-04,20.697,20.908,20.586,20.662,1097735,0
2001-04-05,20.836,20.836,20.451,20.608,1404940,0
2001-04-06,20.734,21.114,19.993,20.41,1397960,0
2001-04-09,20.451,21.327,20.451,20.994,729498,0
2001-04-10,21.114,21.61,21.082,21.545,767946,0
2001-04-11,21.61,21.665,21.011,21.532,542077,0
2001-04-12,21.428,21.483,20.978,21.483,683691,0
2001-04-16,21.356,21.64,21.159,21.428,558069,0
2001-04-17,21.61,21.861,21.428,21.861,935186,0
2001-04-18,21.686,21.853,21.245,21.686,837101,0
2001-04-19,21.703,21.744,21.254,21.334,814514,0
2001-04-20,21.327,21.396,20.594,20.766,1325508,0
2001-04-23,20.908,21.254,20.836,21.184,1121340,0
2001-04-24,21.151,21.356,21.049,21.184,935821,0
2001-04-25,21.184,21.319,21.049,21.223,645751,0
2001-04-26,21.223,21.61,21.193,21.294,979223,0
2001-04-27,21.396,21.42,21.167,21.34,721374,0
2001-04-30,21.672,22.058,21.568,21.886,2218441,0
2001-05-01,21.782,22.231,21.568,22.201,2073149,0
2001-05-02,22.13,22.144,20.655,20.713,1802108,0
2001-05-03,20.679,20.901,20.53,20.624,1342890,0
2001-05-04,20.797,20.946,20.624,20.925,1201535,0
2001-05-07,21.027,21.027,20.734,20.868,719220,0
2001-05-08,20.868,20.916,20.326,20.467,988227,0
2001-05-09,20.498,20.815,20.49,20.719,892300,0
2001-05-10,20.843,20.901,20.727,20.884,433969,0
2001-05-11,20.868,20.901,20.679,20.868,524692,0
2001-05-14,20.884,21.057,20.773,20.971,974778,0
2001-05-15,20.884,20.916,20.103,20.601,1490719,0
2001-05-16,20.67,20.773,20.285,20.655,858168,0
2001-05-17,20.467,20.704,20.467,20.544,781907,0
2001-05-18,20.569,20.884,20.49,20.624,980109,0
2001-05-21,20.797,21.049,20.569,20.892,592964,0
2001-05-22,21.057,21.057,20.758,20.822,263173,0
2001-05-25,21.129,21.129,20.688,20.704,346035,0
2001-05-29,20.742,20.884,20.569,20.758,405416,0
2001-05-30,20.758,21.057,20.608,20.648,471528,0
2001-05-31,20.704,21.09,20.639,21.003,491580,0
2001-06-01,20.955,21.167,20.749,21.065,652601,0
2001-06-04,21.167,21.223,20.852,21.034,307584,0
2001-06-05,21.167,21.193,20.797,20.822,446784,0
2001-06-06,20.83,20.884,19.953,20.128,970083,0
2001-06-07,20.229,20.285,19.82,19.932,942674,0
2001-06-08,19.932,20.513,19.82,20.355,644357,0
2001-06-11,20.215,20.797,20.215,20.418,864892,0
2001-06-12,20.459,20.632,20.355,20.49,614915,0
2001-06-13,20.49,20.53,20.244,20.334,470261,0
2001-06-14,20.334,20.427,19.387,19.798,447798,0
2001-06-15,19.545,20.309,19.545,20.229,811090,0
2001-06-18,20.229,20.388,20.174,20.262,496779,0
2001-06-19,20.262,20.481,20.236,20.481,357328,0
2001-06-20,20.467,20.67,20.309,20.363,772260,0
2001-06-21,20.355,20.355,19.457,19.591,891413,0
2001-06-22,19.806,19.939,19.513,19.733,613898,0
2001-06-25,19.733,19.835,19.472,19.764,837609,0
2001-06-26,19.591,19.835,19.576,19.835,300860,0
2001-06-27,19.747,19.883,19.607,19.82,538652,0
2001-06-28,19.932,19.969,19.489,19.607,481930,0
2001-06-29,19.538,19.74,19.435,19.719,724551,0
2001-07-02,19.648,20.285,19.607,19.71,975793,0
2001-07-03,19.725,19.747,19.324,19.48,556798,0
2001-07-05,19.48,20.088,19.396,20.08,1030993,0
2001-07-06,20.001,20.244,19.694,20.055,416203,0
2001-07-09,20.262,20.639,19.687,19.798,1480314,0
2001-07-10,19.82,19.932,19.457,19.472,1904765,0
2001-07-11,19.472,19.472,18.812,19.173,1040763,0
2001-07-12,19.112,19.396,19.01,19.198,932525,0
2001-07-13,19.15,19.215,19.038,19.15,497285,0
2001-07-16,19.15,19.428,19.088,19.15,944197,0
2001-07-17,19.15,19.173,18.945,19.002,314055,0
2001-07-18,18.828,19.112,18.542,18.551,464169,0
2001-07-19,18.727,18.828,18.408,18.551,532432,0
2001-07-20,18.638,18.754,18.29,18.33,385494,0
2001-07-23,18.156,18.323,17.803,17.881,1230845,0
2001-07-24,17.866,17.866,17.212,17.313,1555557,0
2001-07-25,17.141,18.6,17.093,18.584,3649776,0
2001-07-26,18.584,19.112,18.338,19.079,2068074,0
2001-07-27,19.112,19.112,18.677,19.01,576848,0
2001-07-30,19.017,19.112,18.747,19.03,606035,0
2001-07-31,18.961,19.079,18.867,18.882,1261557,0
2001-08-01,18.703,18.82,17.77,18.33,1652629,0
2001-08-02,17.701,18.156,17.487,18.085,8860945,0
2001-08-03,17.669,18.094,17.416,18.094,8215066,0
2001-08-06,18.094,18.094,17.385,17.787,801699,0
2001-08-07,17.738,18.136,17.738,17.913,1030610,0
2001-08-08,17.738,17.938,17.519,17.582,617581,0
2001-08-09,17.526,17.77,17.526,17.684,455919,0
2001-08-10,17.598,17.684,17.416,17.661,952826,0
2001-08-13,17.738,17.746,17.259,17.329,734447,0
2001-08-14,17.235,17.32,17.101,17.25,1419279,0
2001-08-15,17.306,17.394,16.983,17.376,812739,0
2001-08-16,17.376,17.567,17.235,17.376,1339973,0
2001-08-17,17.376,17.402,17.203,17.369,653620,0
2001-08-20,17.235,17.376,17.079,17.11,1088980,0
2001-08-21,17.117,17.275,17.064,17.117,1421054,0
2001-08-22,17.093,17.487,17.037,17.283,855502,0
2001-08-23,17.275,17.416,17.174,17.275,499570,0
2001-08-24,17.275,17.376,17.25,17.369,815406,0
2001-08-27,17.369,17.369,17.219,17.25,957775,0
2001-08-28,17.268,17.275,16.978,17.203,1357865,0
2001-08-29,17.165,17.203,16.983,16.983,386004,0
2001-08-30,17.02,17.117,16.658,16.879,893189,0
2001-08-31,16.801,17.174,16.709,16.852,1662654,0
2001-09-04,16.675,16.936,16.613,16.768,694982,0
2001-09-05,16.7,16.747,16.306,16.628,937472,0
2001-09-06,16.628,17.055,16.448,16.511,836724,0
2001-09-07,16.558,16.911,16.511,16.879,1158897,0
2001-09-10,16.879,16.953,16.732,16.852,1390603,0
2001-09-17,16.423,16.423,16.013,16.078,992416,0
2001-09-18,16.124,16.124,15.589,15.682,856007,0
2001-09-19,15.682,15.81,14.822,15.295,775054,0
2001-09-20,15.068,15.413,14.982,15.178,1694125,0
2001-09-21,15.011,15.154,14.83,15.085,1152682,0
2001-09-24,15.085,15.336,14.855,15.085,859816,0
2001-09-25,15.045,15.085,14.698,14.887,719092,0
2001-09-26,15.045,15.085,14.32,14.494,2171998,0
2001-09-27,14.494,14.539,14.232,14.287,1094945,0
2001-09-28,14.368,14.525,14.279,14.368,1542618,0
2001-10-01,14.437,14.437,14.025,14.368,1238333,0
2001-10-02,14.368,14.525,13.998,14.454,1464199,0
2001-10-03,14.437,15.011,14.255,14.793,2185833,0
2001-10-04,14.902,15.227,14.809,15.085,2198519,0
2001-10-05,15.154,15.48,14.902,15.413,1123626,0
2001-10-08,15.407,15.407,14.879,15.211,799796,0
2001-10-09,15.219,15.336,14.941,15.11,1004216,0
2001-10-10,15.264,15.264,14.651,14.917,1156741,0
2001-10-11,15.027,15.234,14.864,15.045,956760,0
2001-10-12,15.085,15.454,14.793,15.362,1496175,0
2001-10-15,15.368,15.619,15.328,15.597,1401642,0
2001-10-16,15.763,16.02,15.628,16.013,1130471,0
2001-10-17,16.235,16.235,15.589,15.659,1627636,0
2001-10-18,15.667,15.706,15.264,15.28,491706,0
2001-10-19,15.211,15.437,14.935,15.258,820475,0
2001-10-22,15.25,15.311,14.95,15.219,763121,0
2001-10-23,15.227,15.258,14.809,14.911,689019,0
2001-10-24,14.911,14.911,14.368,14.375,979096,0
2001-10-25,14.375,15.178,14.375,15.101,1164354,0
2001-10-26,15.085,15.085,14.651,14.752,1536021,0
2001-10-29,14.974,15.462,14.651,15.345,1920882,0
2001-10-30,15.345,15.42,14.887,14.974,932398,0
2001-10-31,15.059,15.454,14.941,15.445,1700852,0
2001-11-01,15.445,15.667,15.295,15.619,1110932,0
2001-11-02,15.619,15.873,15.336,15.801,1552010,0
2001-11-05,16.115,16.502,16.078,16.423,8169516,0
2001-11-06,16.249,16.249,16.02,16.163,1247342,0
2001-11-07,16.344,16.724,16.217,16.613,1271198,0
2001-11-08,16.819,16.843,16.391,16.801,1395426,0
2001-11-09,16.902,16.983,16.762,16.886,718460,0
2001-11-12,16.879,16.879,16.613,16.793,942418,0
2001-11-13,16.784,16.793,16.431,16.637,1341748,0
2001-11-14,16.756,16.756,16.289,16.502,1247596,0
2001-11-15,16.502,16.526,16.289,16.448,979223,0
2001-11-16,16.541,16.613,16.338,16.486,1208256,0
2001-11-19,16.486,16.502,16.181,16.322,784951,0
2001-11-20,16.322,16.479,16.124,16.455,1429555,0
2001-11-21,16.455,16.455,15.989,16.344,433586,0
2001-11-23,16.352,16.549,16.274,16.541,276243,0
2001-11-26,16.835,16.835,16.549,16.59,787617,0
2001-11-27,16.724,16.775,16.581,16.651,828473,0
2001-11-28,16.502,16.683,16.265,16.502,1531199,0
2001-11-29,16.494,16.683,16.258,16.637,428765,0
2001-11-30,16.645,16.859,16.494,16.819,504650,0
2001-12-03,16.793,16.835,16.368,16.628,848015,0
2001-12-04,16.565,16.793,16.439,16.784,405797,0
2001-12-05,16.784,17.055,16.628,16.852,792689,0
2001-12-06,16.859,16.945,16.361,16.666,634329,0
2001-12-07,16.666,17.147,16.581,17.005,704250,0
2001-12-10,17.055,17.055,16.619,16.658,370905,0
2001-12-11,16.793,16.826,16.549,16.613,939379,0
2001-12-12,16.619,16.619,16.045,16.502,1198995,0
2001-12-13,16.683,16.793,16.431,16.724,638516,0
2001-12-14,16.558,16.683,16.352,16.598,891788,0
2001-12-17,16.606,16.651,16.431,16.574,1034419,0
2001-12-18,16.756,17.11,16.658,17.086,917296,0
2001-12-19,17.029,17.526,16.873,17.512,878344,0
2001-12-20,17.512,17.534,17.086,17.416,718204,0
2001-12-21,17.598,17.709,17.306,17.519,920343,0
2001-12-24,17.558,17.843,17.48,17.755,199977,0
2001-12-26,17.755,17.929,17.526,17.635,523171,0
2001-12-27,17.676,17.676,17.456,17.512,666307,0
2001-12-28,17.512,17.526,17.346,17.487,449703,0
2001-12-31,17.519,17.628,17.212,17.551,670998,0
