Date,Open,High,Low,Close,Volume,OpenInt
1995-01-03,4.6668,4.6668,4.558,4.6304,34321,0
1995-01-04,4.6304,4.6668,4.5943,4.6668,16665,0
1995-01-05,4.6668,4.7029,4.5943,4.6668,19974,0
1995-01-06,4.5943,4.5943,4.5217,4.558,108147,0
1995-01-09,4.5943,4.5943,4.558,4.558,8831,0
1995-01-10,4.558,4.5943,4.558,4.5943,7064,0
1995-01-11,4.558,4.558,4.558,4.558,3972,0
1995-01-12,4.558,4.558,4.558,4.558,28029,0
1995-01-13,4.558,4.558,4.4853,4.558,31122,0
1995-01-16,4.5943,4.6668,4.5943,4.6304,306899,0
1995-01-17,4.6304,4.6304,4.6304,4.6304,68529,0
1995-01-18,4.6304,4.6304,4.5217,4.558,22403,0
1995-01-19,4.558,4.558,4.5217,4.5217,17878,0
1995-01-20,4.5217,4.5217,4.4853,4.4853,16002,0
1995-01-23,4.5217,4.5217,4.4492,4.4853,42378,0
1995-01-24,4.5217,4.5217,4.5217,4.5217,12910,0
1995-01-25,4.5217,4.7392,4.5217,4.6668,30568,0
1995-01-26,4.6668,4.7029,4.6304,4.6304,33881,0
1995-01-27,4.6668,4.6668,4.6304,4.6668,8939,0
1995-01-30,4.6668,4.6668,4.6304,4.6668,26041,0
1995-01-31,4.6668,4.6849,4.6304,4.6849,130219,0
1995-02-01,4.7029,4.7392,4.6668,4.7392,48997,0
1995-02-02,4.7392,4.8752,4.7392,4.8481,112783,0
1995-02-03,4.8114,4.8481,4.7754,4.8481,102524,0
1995-02-06,4.8481,4.8752,4.8114,4.8481,83535,0
1995-02-07,4.8481,4.8481,4.7754,4.8114,132979,0
1995-02-08,4.8114,4.9474,4.7754,4.9114,181869,0
1995-02-09,4.9839,5.1288,4.9839,5.0201,78796,0
1995-02-10,5.0568,5.0568,4.9114,4.9474,50544,0
1995-02-13,4.9474,4.9474,4.8481,4.8752,189923,0
1995-02-14,4.8481,4.8481,4.7029,4.7392,399047,0
1995-02-15,4.7392,4.9474,4.7392,4.9474,320032,0
1995-02-16,4.9474,4.9474,4.8752,4.9114,127905,0
1995-02-17,4.9114,4.9114,4.8752,4.9114,56722,0
1995-02-21,4.9114,4.9474,4.8752,4.9474,237045,0
1995-02-22,4.9474,5.0568,4.9474,5.0201,321800,0
1995-02-23,5.0568,5.0925,5.0201,5.0201,511940,0
1995-02-24,5.0201,5.0201,4.9114,4.9474,305575,0
1995-02-27,4.9114,4.9474,4.8752,4.9114,114221,0
1995-02-28,4.9839,5.2738,4.9839,5.2738,1165907,0
1995-03-01,5.3101,5.6364,5.2738,5.6002,1198906,0
1995-03-02,5.6364,5.7813,5.6002,5.7451,865522,0
1995-03-03,5.7451,5.7451,5.6002,5.6002,425530,0
1995-03-06,5.4914,5.5638,5.4189,5.4551,517898,0
1995-03-07,5.4189,5.4914,5.4189,5.4914,383709,0
1995-03-08,5.5275,5.6002,5.5275,5.5275,284827,0
1995-03-09,5.5275,5.5275,5.4914,5.5275,176570,0
1995-03-10,5.4914,5.5275,5.4189,5.4551,283395,0
1995-03-13,5.4914,5.4914,5.4551,5.4551,214533,0
1995-03-14,5.5275,5.6002,5.4551,5.6002,432814,0
1995-03-15,5.6002,5.6727,5.5638,5.6002,424757,0
1995-03-16,5.6364,5.6364,5.3465,5.4189,392535,0
1995-03-17,5.3465,5.4914,5.3465,5.3827,469562,0
1995-03-20,5.3827,5.5275,5.3465,5.5275,270369,0
1995-03-21,5.5275,5.6364,5.4189,5.4189,412400,0
1995-03-22,5.4551,5.4914,5.3827,5.4914,166525,0
1995-03-23,5.4551,5.4551,5.3827,5.4189,247420,0
1995-03-24,5.3827,5.5275,5.3827,5.4189,579588,0
1995-03-27,5.4551,5.6002,5.4551,5.6002,344862,0
1995-03-28,5.5638,5.6364,5.5275,5.5638,272691,0
1995-03-29,5.5638,5.6364,5.4914,5.4914,377747,0
1995-03-30,5.5275,5.5275,5.4551,5.5275,257570,0
1995-03-31,5.6002,5.6002,5.4551,5.5275,264965,0
1995-04-03,5.5275,5.5275,5.4551,5.5275,170058,0
1995-04-04,5.5275,5.5638,5.4551,5.4551,194889,0
1995-04-05,5.3827,5.5275,5.3827,5.3827,408648,0
1995-04-06,5.4189,5.4551,5.4189,5.4189,200846,0
1995-04-07,5.4551,5.4551,5.2738,5.2738,504325,0
1995-04-10,5.3101,5.5275,5.3101,5.5275,406660,0
1995-04-11,5.4914,5.6364,5.4914,5.5275,228331,0
1995-04-12,5.6364,5.8177,5.6364,5.7451,922352,0
1995-04-13,5.7451,5.9266,5.7451,5.8901,504766,0
1995-04-17,5.9266,6.0348,5.8901,5.8901,306349,0
1995-04-18,5.9266,5.9266,5.8177,5.8536,801957,0
1995-04-19,5.8536,5.9625,5.6002,5.7089,834287,0
1995-04-20,5.7089,5.8901,5.6727,5.7813,801296,0
1995-04-21,5.7813,5.7813,5.7089,5.7089,248301,0
1995-04-24,5.7089,5.7451,5.6364,5.7451,168954,0
1995-04-25,5.7089,5.7813,5.7089,5.7089,287477,0
1995-04-26,5.7451,5.8177,5.6727,5.7813,486780,0
1995-04-27,5.7813,5.8177,5.7451,5.8177,167740,0
1995-04-28,5.8177,5.8901,5.7451,5.8177,414167,0
1995-05-01,5.8177,5.8177,5.5638,5.6364,264634,0
1995-05-02,5.6727,5.8177,5.6727,5.8177,363404,0
1995-05-03,5.8177,5.9987,5.8177,5.9625,652092,0
1995-05-04,5.9896,6.0622,5.8086,5.9172,563146,0
1995-05-05,5.8811,6.0261,5.8811,5.9896,280304,0
1995-05-08,5.9534,6.0622,5.9534,6.0622,169395,0
1995-05-09,6.0985,6.2432,6.0985,6.2432,362738,0
1995-05-10,6.352,6.352,6.1347,6.2798,315175,0
1995-05-11,6.316,6.316,6.1711,6.2432,242675,0
1995-05-12,6.2432,6.316,6.2432,6.2432,283175,0
1995-05-15,6.2432,6.2798,6.0622,6.1711,98105,0
1995-05-16,6.2074,6.3884,6.2074,6.3884,386579,0
1995-05-17,6.3884,6.5332,6.352,6.352,329191,0
1995-05-18,6.316,6.316,6.1347,6.2074,238368,0
1995-05-19,6.1347,6.1711,5.9534,6.0622,135405,0
1995-05-22,6.0985,6.1711,6.0622,6.1711,255258,0
1995-05-23,6.1347,6.4609,6.1347,6.316,458306,0
1995-05-24,6.316,6.352,6.2432,6.316,347178,0
1995-05-25,6.316,6.316,6.1711,6.2074,183082,0
1995-05-26,6.2432,6.2432,6.2074,6.2432,143574,0
1995-05-30,6.2432,6.2798,6.0622,6.0985,141475,0
1995-05-31,6.0622,6.0985,5.9534,6.0985,368812,0
1995-06-01,5.9896,6.2432,5.8811,6.2432,1116359,0
1995-06-02,6.1711,6.4246,6.0985,6.3884,784961,0
1995-06-05,6.352,6.497,6.352,6.3884,316388,0
1995-06-06,6.3884,6.4246,6.2798,6.2798,145668,0
1995-06-07,6.2798,6.2798,6.1347,6.1347,193123,0
1995-06-08,6.1711,6.2074,6.0985,6.0985,182749,0
1995-06-09,6.0985,6.0985,5.9172,6.0261,386355,0
1995-06-12,5.9896,6.0622,5.9896,5.9896,183411,0
1995-06-13,6.0622,6.2432,6.0261,6.1711,228216,0
1995-06-14,6.2432,6.2432,6.1347,6.1347,192353,0
1995-06-15,6.2432,6.316,6.1347,6.2074,297078,0
1995-06-16,6.2074,6.316,6.1347,6.316,461839,0
1995-06-19,6.352,6.4246,6.316,6.3884,320807,0
1995-06-20,6.4609,6.5332,6.3884,6.4246,496600,0
1995-06-21,6.4609,6.497,6.352,6.3884,388782,0
1995-06-22,6.352,6.4246,6.352,6.352,382383,0
1995-06-23,6.3884,6.4246,6.316,6.3884,98769,0
1995-06-26,6.316,6.352,6.1347,6.2432,196764,0
1995-06-27,6.316,6.316,5.8448,5.8811,452572,0
1995-06-28,5.9534,5.9534,5.7721,5.8086,725589,0
1995-06-29,5.8086,5.9896,5.7721,5.8811,714109,0
1995-06-30,5.9172,6.0261,5.6634,5.6998,840690,0
1995-07-03,5.6634,5.7721,5.6634,5.7359,153173,0
1995-07-05,5.6998,5.8448,5.6634,5.8448,609603,0
1995-07-06,5.9172,6.0985,5.9172,6.0622,481369,0
1995-07-07,6.1347,6.2074,6.0622,6.1711,281850,0
1995-07-10,6.2432,6.497,6.2074,6.497,491526,0
1995-07-11,6.316,6.497,6.2798,6.497,602102,0
1995-07-12,6.6059,6.8235,6.5696,6.6059,497042,0
1995-07-13,6.5696,6.5696,6.316,6.4609,416592,0
1995-07-14,6.4246,6.4246,6.1347,6.2074,354241,0
1995-07-17,6.2074,6.352,6.1711,6.2798,232852,0
1995-07-18,6.2432,6.4609,6.2432,6.2798,602323,0
1995-07-19,6.3884,6.5332,6.2432,6.316,643705,0
1995-07-20,6.3884,6.6059,6.3884,6.5332,637858,0
1995-07-21,6.497,6.5696,6.497,6.5696,944204,0
1995-07-24,6.6059,6.6423,6.5332,6.6059,213872,0
1995-07-25,6.6059,6.7509,6.5696,6.7509,383594,0
1995-07-26,6.7509,6.7509,6.6423,6.7146,332500,0
1995-07-27,6.7146,6.8595,6.7146,6.8595,206586,0
1995-07-28,6.8595,7.0044,6.8595,6.9685,337248,0
1995-07-31,6.896,6.932,6.8595,6.896,121282,0
1995-08-01,6.896,6.932,6.8595,6.896,110024,0
1995-08-02,6.9685,7.041,6.896,6.896,117418,0
1995-08-03,6.8235,6.8595,6.7871,6.8235,324888,0
1995-08-04,6.8776,6.9141,6.8052,6.8776,175907,0
1995-08-07,6.9504,7.1408,6.9141,7.104,75592,0
1995-08-08,7.0682,7.0682,6.8776,6.9141,119515,0
1995-08-09,6.9504,6.9865,6.8415,6.8776,144676,0
1995-08-10,6.8052,6.8052,6.5151,6.6242,222475,0
1995-08-11,6.6602,6.7688,6.6602,6.7329,217843,0
1995-08-14,6.6962,6.8776,6.6962,6.8776,76916,0
1995-08-15,6.8776,6.9141,6.7688,6.9141,144344,0
1995-08-16,7.1408,7.3216,7.104,7.2856,670078,0
1995-08-17,7.5031,7.5758,7.3578,7.3943,540855,0
1995-08-18,7.4305,7.5391,7.3943,7.5391,390547,0
1995-08-21,7.5758,7.6843,7.5031,7.5391,401255,0
1995-08-22,7.5391,7.5391,7.4666,7.5031,248852,0
1995-08-23,7.5391,7.6115,7.5391,7.5758,441093,0
1995-08-24,7.5758,7.5758,7.5031,7.5391,230977,0
1995-08-25,7.5758,7.5758,7.5031,7.5391,313742,0
1995-08-28,7.5758,7.5758,7.2856,7.3578,355123,0
1995-08-29,7.4305,7.4305,7.3578,7.4305,397723,0
1995-08-30,7.5031,7.6115,7.5031,7.6115,503771,0
1995-08-31,7.6479,7.6479,7.5758,7.5758,104065,0
1995-09-01,7.6115,7.8655,7.5758,7.8655,213318,0
1995-09-05,7.8655,8.1193,7.7568,8.0465,402799,0
1995-09-06,8.0105,8.1916,7.9015,7.9379,464929,0
1995-09-07,8.0105,8.1554,8.0105,8.1193,371791,0
1995-09-08,8.1193,8.3729,8.0828,8.2277,192353,0
1995-09-11,8.2641,8.3729,8.2277,8.3368,221592,0
1995-09-12,8.3368,8.3368,8.2277,8.3002,331510,0
1995-09-13,8.3002,8.3729,8.2277,8.3729,217069,0
1995-09-14,8.3729,8.5904,8.3729,8.5904,326981,0
1995-09-15,8.5179,8.6269,8.3729,8.4453,515250,0
1995-09-18,8.2277,8.3002,7.8655,8.0465,739272,0
1995-09-19,7.974,8.0465,7.7568,7.9015,531033,0
1995-09-20,7.8655,8.0828,7.7204,8.0465,440322,0
1995-09-21,8.0828,8.3368,8.0828,8.2641,408314,0
1995-09-22,8.0828,8.2641,8.0465,8.2641,495609,0
1995-09-25,8.2277,8.2277,7.9379,8.0105,122164,0
1995-09-26,8.0105,8.0828,7.9379,8.0105,136509,0
1995-09-27,8.0105,8.0105,7.6843,7.793,298732,0
1995-09-28,7.8293,7.974,7.8293,7.974,227001,0
1995-09-29,7.9379,8.5541,7.9379,8.5541,417475,0
1995-10-02,8.5179,8.5179,8.3368,8.3368,177120,0
1995-10-03,8.409,8.409,8.1193,8.2277,239803,0
1995-10-04,8.2277,8.2277,8.0828,8.1916,85964,0
1995-10-05,8.1916,8.3729,8.1554,8.3729,103846,0
1995-10-06,8.3729,8.3729,8.2277,8.3002,45798,0
1995-10-09,8.3002,8.3002,8.0828,8.1193,56063,0
1995-10-10,7.974,7.974,7.8293,7.9015,156703,0
1995-10-11,7.9015,7.974,7.8293,7.9379,113556,0
1995-10-12,7.974,8.1193,7.9015,7.974,138827,0
1995-10-13,8.0105,8.4815,8.0105,8.3729,356229,0
1995-10-16,8.3368,8.3368,8.2277,8.3002,60805,0
1995-10-17,8.409,8.409,8.0105,8.0828,195774,0
1995-10-18,8.1554,8.2277,7.7204,7.7568,1021895,0
1995-10-19,7.8293,7.974,7.7568,7.9015,436236,0
1995-10-20,7.8655,7.9015,7.6843,7.7204,477730,0
1995-10-23,7.7204,7.8655,7.7204,7.7568,289682,0
1995-10-24,7.793,7.9015,7.6479,7.6479,289905,0
1995-10-25,7.6479,7.6843,7.0682,7.3943,764213,0
1995-10-26,7.3943,7.5391,7.1767,7.4305,302154,0
1995-10-27,7.2493,7.6479,7.1767,7.6479,396400,0
1995-10-30,7.6479,7.6479,7.3578,7.3943,101639,0
1995-10-31,7.3943,7.5031,6.9865,7.1408,268605,0
1995-11-01,7.1767,7.4666,7.0682,7.4666,286924,0
1995-11-02,7.3578,7.6843,7.2856,7.6843,147987,0
1995-11-03,7.666,7.8564,7.666,7.7023,256137,0
1995-11-06,7.7023,7.7751,7.666,7.7751,287809,0
1995-11-07,7.7751,7.7751,7.7023,7.7386,184185,0
1995-11-08,7.7751,7.929,7.7386,7.8927,95015,0
1995-11-09,7.8111,8.0376,7.8111,7.929,223471,0
1995-11-10,7.8564,7.8927,7.7751,7.7751,67317,0
1995-11-13,7.7023,7.7751,7.666,7.7386,100864,0
1995-11-14,7.666,7.666,7.5936,7.5936,101746,0
1995-11-15,7.5575,7.5936,7.2678,7.3398,223582,0
1995-11-16,7.3398,7.5575,7.3398,7.4486,99428,0
1995-11-17,7.4486,7.4486,7.3037,7.3762,132979,0
1995-11-20,7.4123,7.4123,7.1587,7.1947,249072,0
1995-11-21,7.1587,7.1947,6.9413,6.9772,158469,0
1995-11-22,7.0137,7.0137,6.8327,6.8685,588307,0
1995-11-24,6.905,7.0137,6.8685,6.9772,317713,0
1995-11-27,6.9772,7.0137,6.8685,6.905,224356,0
1995-11-28,6.905,6.905,6.7603,6.8685,221481,0
1995-11-29,6.905,7.1222,6.905,6.9413,672286,0
1995-11-30,7.231,7.3762,7.1947,7.3762,221153,0
1995-12-01,7.3037,7.666,7.3037,7.4848,199852,0
1995-12-04,7.5211,7.7751,7.4848,7.7023,202502,0
1995-12-05,7.7023,7.8111,7.666,7.8111,285605,0
1995-12-06,7.8111,7.8564,7.5575,7.6298,236933,0
1995-12-07,7.6298,7.6298,7.3762,7.5211,129227,0
1995-12-08,7.5211,7.5211,7.4123,7.4123,134967,0
1995-12-11,7.4486,7.4848,7.3762,7.4486,61801,0
1995-12-12,7.3762,7.4123,7.2678,7.3037,56722,0
1995-12-13,7.3398,7.4123,7.1947,7.2678,140266,0
1995-12-14,7.2678,7.2678,6.7237,6.8685,546481,0
1995-12-15,6.8685,7.0498,6.8685,6.905,343981,0
1995-12-18,6.905,6.905,6.6514,6.7603,363072,0
1995-12-19,6.6876,6.9772,6.6876,6.9772,333604,0
1995-12-20,6.9772,6.9772,6.7237,6.8327,564581,0
1995-12-21,6.8327,7.0498,6.796,6.9772,581909,0
1995-12-22,7.0498,7.231,7.0137,7.086,331175,0
1995-12-26,7.0498,7.1587,7.0498,7.086,105282,0
1995-12-27,7.086,7.1222,7.0498,7.0498,170721,0
1995-12-28,7.0137,7.0498,6.905,6.905,232521,0
1995-12-29,6.905,6.9772,6.8685,6.9772,293879,0
1996-01-02,6.9413,6.9413,6.8327,6.8327,175578,0
1996-01-03,6.9413,7.1947,6.9413,7.1222,136621,0
1996-01-04,7.1222,7.1947,6.905,6.905,218393,0
1996-01-05,6.8685,6.9772,6.8685,6.9413,201949,0
1996-01-08,6.9413,7.0498,6.9413,7.0498,57935,0
1996-01-09,7.0498,7.1587,6.9413,6.9772,192240,0
1996-01-10,6.905,6.905,6.5696,6.5696,295092,0
1996-01-11,6.6514,6.7603,6.6514,6.7237,501240,0
1996-01-12,6.6514,6.6876,6.497,6.5332,592390,0
1996-01-15,6.5696,6.5696,6.352,6.3884,604088,0
1996-01-16,6.4246,6.5696,6.4246,6.497,250288,0
1996-01-17,6.5332,7.0498,6.5332,6.9772,842014,0
1996-01-18,7.231,7.231,7.086,7.1587,480709,0
1996-01-19,7.1587,7.3398,7.1222,7.3037,521983,0
1996-01-22,7.3398,7.5211,7.3398,7.4848,406114,0
1996-01-23,7.5211,7.6298,7.5211,7.6298,407435,0
1996-01-24,7.5575,7.5575,7.086,7.3037,1015494,0
1996-01-25,7.5211,7.7751,7.4486,7.7751,399819,0
1996-01-26,7.8111,7.8111,7.4848,7.666,459409,0
1996-01-29,7.7023,7.7023,7.4848,7.5936,158804,0
1996-01-30,7.5575,7.5936,7.5211,7.5936,148539,0
1996-01-31,7.5575,7.8927,7.5211,7.8564,691378,0
1996-02-01,7.8927,7.8927,7.7023,7.8111,441204,0
1996-02-02,7.8022,8.1647,7.8022,7.9831,774476,0
1996-02-05,7.8746,7.8746,7.7297,7.7657,193455,0
1996-02-06,7.7297,7.7657,7.5121,7.6205,300277,0
1996-02-07,7.6933,7.8382,7.6574,7.6933,254039,0
1996-02-08,7.7657,7.8022,7.7297,7.7657,226121,0
1996-02-09,7.7657,7.9473,7.7657,7.8746,233846,0
1996-02-12,7.8382,7.9108,7.6933,7.8022,200627,0
1996-02-13,7.7657,8.2008,7.6933,8.092,448820,0
1996-02-14,8.0194,8.2008,8.0194,8.092,246866,0
1996-02-15,7.9831,8.1283,7.8382,7.8746,184075,0
1996-02-16,7.8022,7.9108,7.8022,7.8382,207135,0
1996-02-20,7.7657,7.7657,7.5845,7.6205,155821,0
1996-02-21,7.5845,7.7657,7.5845,7.6574,175246,0
1996-02-22,7.8022,7.9108,7.6933,7.8382,212987,0
1996-02-23,7.8022,7.9831,7.8022,7.9831,255694,0
1996-02-26,8.0194,8.0194,7.8382,7.9108,213652,0
1996-02-27,7.9108,7.9108,7.6933,7.7297,140486,0
1996-02-28,7.7657,7.9108,7.7657,7.8022,205151,0
1996-02-29,7.7657,7.8746,7.6933,7.8382,277212,0
1996-03-01,7.8746,7.8746,7.6933,7.7297,245101,0
1996-03-04,7.7657,7.9108,7.7657,7.8382,153061,0
1996-03-05,7.8022,7.9473,7.7657,7.8382,344754,0
1996-03-06,7.8382,7.8382,7.6933,7.7657,222038,0
1996-03-07,7.6933,7.7297,7.6574,7.6933,109141,0
1996-03-08,7.4758,7.5121,6.9592,7.0682,444295,0
1996-03-11,7.0682,7.3216,7.0319,7.3216,428512,0
1996-03-12,7.2131,7.2856,7.104,7.2493,203719,0
1996-03-13,7.2493,7.2493,7.104,7.1767,275559,0
1996-03-14,7.2131,7.4397,7.2131,7.3673,653085,0
1996-03-15,7.3216,7.3216,7.2131,7.2493,364507,0
1996-03-18,7.4033,7.6205,7.2856,7.6205,458862,0
1996-03-19,7.8382,8.0194,7.8382,7.9831,1074977,0
1996-03-20,8.2008,8.4271,8.056,8.1647,584886,0
1996-03-21,8.1283,8.1283,7.8382,7.9108,361635,0
1996-03-22,7.9108,8.056,7.7657,8.056,220158,0
1996-03-25,8.056,8.1647,8.056,8.092,397944,0
1996-03-26,8.092,8.092,7.9108,7.9108,107487,0
1996-03-27,7.9831,8.056,7.9473,7.9831,128233,0
1996-03-28,7.9473,8.0194,7.8382,8.0194,109474,0
1996-03-29,8.0194,8.056,7.9831,8.056,181425,0
1996-04-01,8.056,8.3547,8.0194,8.3547,490198,0
1996-04-02,8.4271,8.4271,8.056,8.092,294874,0
1996-04-03,8.092,8.1647,7.9831,8.092,170943,0
1996-04-04,8.092,8.1283,7.9831,8.0194,103181,0
1996-04-08,7.6933,7.8382,7.6933,7.8022,259998,0
1996-04-09,7.8746,7.8746,7.6933,7.6933,228654,0
1996-04-10,7.6933,7.7297,7.6574,7.6933,213097,0
1996-04-11,7.6933,7.6933,7.3216,7.3216,524303,0
1996-04-12,7.3673,7.6205,7.3216,7.5481,178997,0
1996-04-15,7.5845,7.5845,7.4033,7.4397,121392,0
1996-04-16,7.4758,7.5481,7.3216,7.3673,351593,0
1996-04-17,7.4033,7.6574,7.3216,7.5845,462061,0
1996-04-18,7.6205,8.056,7.5481,8.056,429838,0
1996-04-19,8.056,8.092,7.9108,7.9831,187273,0
1996-04-22,8.056,8.092,7.9108,7.9831,202831,0
1996-04-23,7.9108,8.4271,7.9108,8.3547,434802,0
1996-04-24,8.3547,8.5363,8.2824,8.3188,330848,0
1996-04-25,8.3188,8.3547,8.2461,8.2824,91820,0
1996-04-26,8.2641,8.7806,8.2641,8.7806,309769,0
1996-04-29,8.6722,8.8527,8.6722,8.8527,212769,0
1996-04-30,8.817,8.8527,8.6722,8.6722,437672,0
1996-05-01,8.6722,8.817,8.5994,8.7446,256137,0
1996-05-02,8.5994,8.7084,8.4453,8.4815,451133,0
1996-05-03,8.5631,8.5994,8.409,8.4453,69525,0
1996-05-06,8.4453,8.4453,8.0828,8.1554,91151,0
1996-05-07,8.2277,8.3002,8.0105,8.0105,105942,0
1996-05-08,8.0105,8.2277,7.9379,8.1916,256244,0
1996-05-09,8.2277,8.2277,7.974,8.1193,76916,0
1996-05-10,8.2641,8.5631,8.2641,8.5179,151629,0
1996-05-13,8.5179,8.817,8.5179,8.7084,264634,0
1996-05-14,8.7084,8.7446,8.6354,8.6722,134522,0
1996-05-15,8.6722,8.7446,8.5179,8.5631,81111,0
1996-05-16,8.5631,8.5631,8.3368,8.3729,122385,0
1996-05-17,8.4453,8.5179,8.409,8.4815,109913,0
1996-05-20,8.5631,8.7446,8.4815,8.6722,179330,0
1996-05-21,8.8527,9.179,8.8527,8.9981,511500,0
1996-05-22,8.9612,9.515,8.9255,9.3316,512935,0
1996-05-23,9.515,9.515,9.3316,9.3316,325878,0
1996-05-24,9.3316,9.4778,9.3316,9.4424,209566,0
1996-05-28,9.4778,9.4778,9.142,9.142,160346,0
1996-05-29,9.1066,9.1066,8.8884,8.8884,267724,0
1996-05-30,8.9612,9.1066,8.7806,8.9981,220158,0
1996-05-31,9.035,9.035,8.8527,8.9255,94908,0
1996-06-03,8.8884,9.035,8.8884,8.9612,249956,0
1996-06-04,8.9981,9.1066,8.9981,8.9981,98659,0
1996-06-05,9.035,9.035,8.8884,8.9981,69525,0
1996-06-06,9.1066,9.179,8.8884,8.8884,249185,0
1996-06-07,8.8884,8.8884,8.7446,8.8527,93141,0
1996-06-10,8.9255,8.9255,8.7446,8.8527,99208,0
1996-06-11,8.8884,8.8884,8.7084,8.817,198197,0
1996-06-12,8.817,8.8527,8.4815,8.4815,259776,0
1996-06-13,8.5179,8.5179,8.3368,8.5179,271917,0
1996-06-14,8.4815,8.817,8.4453,8.7084,160899,0
1996-06-17,8.6354,8.7806,8.5994,8.7084,95457,0
1996-06-18,8.7806,9.2616,8.7806,9.1066,594156,0
1996-06-19,9.142,9.179,8.8884,8.9255,851834,0
1996-06-20,8.7806,8.8884,8.5631,8.5994,884170,0
1996-06-21,8.6722,8.7446,8.5179,8.5179,337577,0
1996-06-24,8.5631,8.5631,8.4453,8.5179,153173,0
1996-06-25,8.5631,8.5631,8.3729,8.4453,140591,0
1996-06-26,8.5179,8.5179,8.409,8.409,82434,0
1996-06-27,8.409,8.4453,8.3729,8.4453,359540,0
1996-06-28,8.409,8.4815,8.2641,8.3729,278867,0
1996-07-01,8.3368,8.5631,8.3368,8.5179,121722,0
1996-07-02,8.5179,8.5179,8.4453,8.5179,129339,0
1996-07-03,8.4815,8.5631,8.4815,8.5631,156483,0
1996-07-05,8.4453,8.4453,8.3729,8.409,121282,0
1996-07-08,8.3368,8.4453,8.1193,8.1193,320694,0
1996-07-09,8.0828,8.1916,8.0465,8.1193,205151,0
1996-07-10,8.1554,8.2277,7.974,8.0105,140043,0
1996-07-11,7.974,7.974,7.6389,7.7477,114770,0
1996-07-12,7.8202,7.8202,7.7112,7.8202,109913,0
1996-07-15,7.8202,7.8202,7.5666,7.6754,268387,0
1996-07-16,7.6389,7.6389,7.3492,7.6027,299063,0
1996-07-17,7.7112,8.0105,7.7112,7.974,159463,0
1996-07-18,8.0105,8.4453,7.8202,8.409,509402,0
1996-07-19,8.3368,8.4453,8.2641,8.409,185840,0
1996-07-22,8.409,8.409,8.3002,8.409,90494,0
1996-07-23,8.3729,8.4453,8.3368,8.409,409530,0
1996-07-24,8.3368,8.4453,8.3002,8.3729,370242,0
1996-07-25,8.4453,8.5994,8.409,8.5631,186612,0
1996-07-26,8.5631,8.6354,8.5631,8.6354,118413,0
1996-07-29,8.6354,8.6354,8.4453,8.4453,97555,0
1996-07-30,8.5179,8.5179,8.3729,8.4815,71952,0
1996-07-31,8.4815,8.5179,8.409,8.4815,84974,0
1996-08-01,8.5088,8.6536,8.4727,8.6175,92038,0
1996-08-02,8.7266,9.0266,8.6901,9.0266,175466,0
1996-08-05,8.9893,9.0266,8.9526,8.9893,66214,0
1996-08-06,8.9526,9.0965,8.9526,9.0623,158804,0
1996-08-07,9.0266,9.0266,8.8444,8.9169,126469,0
1996-08-08,8.8814,8.9526,8.7266,8.8079,110465,0
1996-08-09,8.8814,8.9526,8.8079,8.9169,139048,0
1996-08-12,8.9526,9.2431,8.9169,9.2431,249737,0
1996-08-13,9.1712,9.1712,8.9893,8.9893,124149,0
1996-08-14,8.9893,9.2805,8.9893,9.2431,121501,0
1996-08-15,9.2059,9.2805,9.2059,9.2805,143574,0
1996-08-16,9.2805,9.4688,9.2059,9.3591,204708,0
1996-08-19,9.4336,9.578,9.3591,9.3971,264965,0
1996-08-20,9.4336,9.4336,9.0266,9.0965,226228,0
1996-08-21,9.1325,9.2805,9.1325,9.1325,151739,0
1996-08-22,9.1325,9.2431,9.0965,9.2431,105831,0
1996-08-23,9.2059,9.2805,9.1712,9.2805,75041,0
1996-08-26,9.2805,9.2805,9.0623,9.0623,68529,0
1996-08-27,9.0965,9.1712,9.0623,9.1712,106493,0
1996-08-28,9.0965,9.1325,9.0965,9.0965,41822,0
1996-08-29,9.0965,9.0965,8.9526,8.9526,95457,0
1996-08-30,8.9526,8.9893,8.8444,8.8814,146772,0
1996-09-03,8.6901,8.7266,8.5451,8.6901,202284,0
1996-09-04,8.7266,8.9169,8.7266,8.8814,148539,0
1996-09-05,8.8444,8.8814,8.5088,8.5088,201179,0
1996-09-06,8.5813,8.8079,8.5813,8.7717,138937,0
1996-09-09,8.7717,8.8814,8.7266,8.8079,124814,0
1996-09-10,8.8079,8.9893,8.7717,8.9893,265187,0
1996-09-11,8.9169,9.2059,8.8814,9.0965,138166,0
1996-09-12,9.0965,9.0965,8.9526,8.9893,128894,0
1996-09-13,9.0623,9.1325,9.0266,9.0623,224464,0
1996-09-16,8.9893,9.0266,8.9526,8.9893,54184,0
1996-09-17,8.9526,8.9893,8.7266,8.7717,124814,0
1996-09-18,8.7717,8.7717,8.5813,8.5813,159793,0
1996-09-19,8.5813,8.6536,8.5813,8.6536,52532,0
1996-09-20,8.5813,8.6901,8.5813,8.6536,95676,0
1996-09-23,8.6536,8.6536,8.4727,8.5088,140043,0
1996-09-24,8.5088,8.5088,8.3273,8.4002,276772,0
1996-09-25,8.4365,8.6536,8.4365,8.6536,234175,0
1996-09-26,8.7266,8.7717,8.6536,8.7266,95901,0
1996-09-27,8.8444,8.9169,8.7717,8.7717,214533,0
1996-09-30,8.7266,8.8444,8.6901,8.8079,113888,0
1996-10-01,8.8444,8.9893,8.7717,8.8079,187273,0
1996-10-02,8.8814,9.0266,8.8814,8.9169,300938,0
1996-10-03,9.0965,9.0965,8.9893,9.0266,152513,0
1996-10-04,9.1712,9.2805,9.0965,9.2805,354355,0
1996-10-07,9.2805,9.3145,9.1712,9.2059,65110,0
1996-10-08,9.3145,9.4336,9.3145,9.3145,257019,0
1996-10-09,9.3591,9.543,9.3145,9.3971,173481,0
1996-10-10,9.3591,9.3971,9.1325,9.2431,214090,0
1996-10-11,9.3145,9.507,9.2805,9.4336,303369,0
1996-10-14,9.4688,9.578,9.3971,9.543,132648,0
1996-10-15,9.614,9.986,9.614,9.986,443961,0
1996-10-16,9.986,9.986,9.507,9.868,755603,0
1996-10-17,9.914,10.059,9.831,10.023,413282,0
1996-10-18,9.986,10.023,9.949,9.986,258451,0
1996-10-21,9.949,10.023,9.914,9.914,344200,0
1996-10-22,9.949,9.986,9.796,9.796,156594,0
1996-10-23,9.831,9.868,9.687,9.724,117198,0
1996-10-24,9.687,9.761,9.687,9.724,149419,0
1996-10-25,9.724,9.761,9.578,9.761,277654,0
1996-10-28,9.796,9.796,9.651,9.687,51094,0
1996-10-29,9.687,9.687,9.507,9.543,96561,0
1996-10-30,9.578,9.614,9.3971,9.3971,187055,0
1996-10-31,9.4336,9.4336,9.1325,9.1712,348503,0
1996-11-01,9.2702,9.3059,9.2343,9.2343,484350,0
1996-11-04,9.2702,9.3415,9.2343,9.3059,166196,0
1996-11-05,9.2702,9.714,9.2702,9.714,434469,0
1996-11-06,9.822,9.895,9.753,9.786,248301,0
1996-11-07,9.753,9.822,9.753,9.786,124149,0
1996-11-08,9.822,9.968,9.786,9.93,54627,0
1996-11-11,9.968,10.004,9.895,10.004,209343,0
1996-11-12,10.121,10.339,10.084,10.266,463607,0
1996-11-13,10.302,10.302,10.121,10.23,232189,0
1996-11-14,10.302,10.484,10.266,10.446,298512,0
1996-11-15,10.53,10.568,10.412,10.446,313520,0
1996-11-18,10.568,10.854,10.53,10.748,385033,0
1996-11-19,10.602,10.602,10.196,10.196,403792,0
1996-11-20,10.196,10.446,10.159,10.412,339345,0
1996-11-21,10.484,10.53,10.412,10.484,178226,0
1996-11-22,10.412,10.568,10.412,10.568,68089,0
1996-11-25,10.637,10.748,10.568,10.712,157367,0
1996-11-26,10.637,10.712,10.53,10.53,99539,0
1996-11-27,10.53,10.602,10.484,10.568,198970,0
1996-11-29,10.53,10.712,10.53,10.673,93690,0
1996-12-02,10.712,10.82,10.637,10.82,198419,0
1996-12-03,10.82,10.892,10.637,10.637,215524,0
1996-12-04,10.673,10.712,10.266,10.339,259889,0
1996-12-05,10.266,10.339,10.266,10.339,248744,0
1996-12-06,10.084,10.266,9.93,10.196,232742,0
1996-12-09,10.159,10.23,10.159,10.196,91042,0
1996-12-10,10.266,10.376,10.196,10.302,126024,0
1996-12-11,10.159,10.159,9.968,10.049,137060,0
1996-12-12,10.121,10.159,10.004,10.084,105387,0
1996-12-13,10.084,10.339,10.084,10.266,253045,0
1996-12-16,10.339,10.484,10.302,10.412,104065,0
1996-12-17,10.412,10.412,10.23,10.23,135073,0
1996-12-18,10.23,10.266,10.196,10.23,91151,0
1996-12-19,10.266,10.339,10.196,10.339,86959,0
1996-12-20,10.412,10.412,10.302,10.412,180324,0
1996-12-23,10.484,10.782,10.446,10.568,97996,0
1996-12-24,10.637,10.637,10.484,10.637,60254,0
1996-12-26,10.637,10.82,10.602,10.712,107487,0
1996-12-27,10.712,10.748,10.602,10.637,33658,0
1996-12-30,10.673,10.748,10.602,10.712,61912,0
1996-12-31,10.637,10.712,10.602,10.637,121392,0
1997-01-02,10.637,10.637,10.049,10.121,217400,0
1997-01-03,10.159,10.23,10.121,10.196,239473,0
1997-01-06,10.23,10.23,10.084,10.159,90932,0
1997-01-07,10.121,10.266,10.004,10.049,175246,0
1997-01-08,10.23,10.23,10.084,10.196,173260,0
1997-01-09,10.121,10.23,10.049,10.159,131321,0
1997-01-10,10.159,10.302,10.049,10.302,225678,0
1997-01-13,10.302,10.376,10.196,10.23,238035,0
1997-01-14,10.266,10.266,10.159,10.23,263201,0
1997-01-15,10.196,10.196,9.895,9.968,223358,0
1997-01-16,10.049,10.049,9.822,9.822,180654,0
1997-01-17,9.895,9.895,9.753,9.895,599121,0
1997-01-20,11.047,11.635,10.93,11.337,2074471,0
1997-01-21,11.298,12.004,11.298,11.527,1345020,0
1997-01-22,11.445,11.889,11.337,11.781,495277,0
1997-01-23,11.781,12.37,11.707,12.08,417036,0
1997-01-24,12.004,12.186,12.004,12.118,399377,0
1997-01-27,12.041,12.041,11.781,11.889,330628,0
1997-01-28,11.889,12.186,11.889,12.004,302927,0
1997-01-29,11.925,11.925,11.527,11.527,237927,0
1997-01-30,11.6,11.707,11.49,11.707,171054,0
1997-01-31,11.772,11.88,11.772,11.844,247749,0
1997-02-03,11.844,11.88,11.807,11.844,183302,0
1997-02-04,11.807,11.88,11.807,11.844,104836,0
1997-02-05,11.807,12.1,11.807,11.989,344420,0
1997-02-06,11.989,12.179,11.989,12.061,135742,0
1997-02-07,12.061,12.25,12.061,12.179,141587,0
1997-02-10,12.211,12.289,12.211,12.25,42487,0
1997-02-11,12.289,12.361,12.25,12.361,100536,0
1997-02-12,12.289,12.506,12.289,12.468,107266,0
1997-02-13,12.431,12.587,12.326,12.506,158469,0
1997-02-14,12.468,12.985,12.431,12.912,285708,0
1997-02-18,13.066,13.14,12.805,12.805,164431,0
1997-02-19,12.805,12.805,12.623,12.623,186281,0
1997-02-20,12.506,12.542,11.918,11.918,182416,0
1997-02-21,11.918,12.1,11.844,12.1,319479,0
1997-02-24,12.1,12.25,12.023,12.211,94908,0
1997-02-25,12.179,12.211,12.023,12.061,110690,0
1997-02-26,12.143,12.143,11.953,12.023,829431,0
1997-02-27,12.023,12.061,11.88,11.918,117970,0
1997-02-28,11.844,11.88,11.58,11.772,222806,0
1997-03-03,11.69,11.88,11.58,11.88,170500,0
1997-03-04,11.88,11.88,11.734,11.772,127463,0
1997-03-05,11.772,11.844,11.772,11.844,371900,0
1997-03-06,11.844,11.844,11.807,11.844,154718,0
1997-03-07,11.844,12.1,11.807,12.023,249401,0
1997-03-10,11.953,11.989,11.88,11.989,79016,0
1997-03-11,11.953,12.211,11.844,12.211,176350,0
1997-03-12,12.179,12.211,11.918,11.989,267394,0
1997-03-13,11.953,11.953,11.617,11.69,351043,0
1997-03-14,11.69,11.69,11.545,11.58,105723,0
1997-03-17,11.327,11.327,11.064,11.101,1030171,0
1997-03-18,11.137,11.137,10.801,10.991,522645,0
1997-03-19,10.92,11.064,10.883,11.064,551890,0
1997-03-20,11.064,11.172,10.956,11.172,230642,0
1997-03-21,11.289,11.435,11.289,11.435,172927,0
1997-03-24,11.435,11.69,11.289,11.617,238368,0
1997-03-25,11.617,11.807,11.58,11.69,281850,0
1997-03-26,11.69,11.772,11.363,11.734,264412,0
1997-03-27,11.734,11.734,11.246,11.399,161119,0
1997-03-31,11.327,11.327,10.991,11.028,489649,0
1997-04-01,10.991,11.064,10.92,10.956,489428,0
1997-04-02,10.801,10.801,10.213,10.213,449810,0
1997-04-03,10.101,10.14,9.805,10.033,1187097,0
1997-04-04,10.068,10.249,10.033,10.14,506867,0
1997-04-07,10.177,10.359,10.177,10.359,688839,0
1997-04-08,10.359,10.359,10.177,10.359,276881,0
1997-04-09,10.321,10.475,10.249,10.284,411183,0
1997-04-10,10.249,10.284,10.213,10.213,142026,0
1997-04-11,10.177,10.213,9.876,9.914,333713,0
1997-04-14,9.876,9.914,9.805,9.805,168072,0
1997-04-15,9.841,10.033,9.841,9.914,299282,0
1997-04-16,9.876,9.959,9.805,9.841,250618,0
1997-04-17,9.841,10.359,9.841,10.033,388672,0
1997-04-18,10.068,10.284,10.068,10.284,537653,0
1997-04-21,10.284,10.475,10.284,10.437,456431,0
1997-04-22,10.437,10.437,10.284,10.404,269159,0
1997-04-23,10.359,10.359,10.249,10.249,211553,0
1997-04-24,10.249,10.284,10.177,10.213,127018,0
1997-04-25,10.213,10.213,10.14,10.14,43481,0
1997-04-28,10.177,10.177,10.033,10.068,113888,0
1997-04-29,10.249,10.511,10.177,10.321,578596,0
1997-04-30,10.321,10.766,10.284,10.692,588747,0
1997-05-01,10.692,10.883,10.692,10.883,297852,0
1997-05-02,10.864,11.236,10.864,11.164,169395,0
1997-05-05,11.201,11.201,11.019,11.164,144676,0
1997-05-06,11.091,11.164,10.972,11.019,98216,0
1997-05-07,11.056,11.056,10.901,10.901,136621,0
1997-05-08,10.901,10.972,10.901,10.938,78462,0
1997-05-09,10.972,11.273,10.972,11.273,118522,0
1997-05-12,11.346,11.499,11.346,11.427,76809,0
1997-05-13,11.572,11.834,11.572,11.681,343098,0
1997-05-14,11.752,11.87,11.716,11.834,168954,0
1997-05-15,10.456,11.091,10.349,10.791,3248767,0
1997-05-16,10.757,10.901,10.386,10.386,1424472,0
1997-05-19,10.386,10.386,10.203,10.274,623400,0
1997-05-20,10.203,10.349,10.121,10.274,510173,0
1997-05-21,10.24,10.24,9.831,9.868,1423370,0
1997-05-22,9.753,9.753,9.2702,9.3059,1609981,0
1997-05-23,9.3415,9.714,9.3415,9.678,1528098,0
1997-05-27,9.604,9.641,9.3415,9.3415,982610,0
1997-05-28,9.3784,9.4236,9.3415,9.3784,1314006,0
1997-05-29,9.568,9.604,9.2702,9.3784,1470931,0
1997-05-30,9.2702,9.641,9.0532,9.534,2391409,0
1997-06-02,9.604,9.714,9.534,9.568,586319,0
1997-06-03,9.641,9.868,9.4967,9.868,1231462,0
1997-06-04,9.868,9.868,9.3784,9.3784,1266111,0
1997-06-05,9.4236,9.4236,9.1611,9.3059,343981,0
1997-06-06,9.1974,9.4236,9.0891,9.4236,1291714,0
1997-06-09,9.4236,9.568,9.3784,9.4236,502006,0
1997-06-10,9.4967,9.604,9.4599,9.534,292775,0
1997-06-11,9.604,10.084,9.568,9.977,629358,0
1997-06-12,9.905,10.084,9.905,10.084,259007,0
1997-06-13,10.159,10.419,10.159,10.386,417917,0
1997-06-16,10.386,10.419,10.121,10.159,112675,0
1997-06-17,10.084,10.419,9.786,10.014,476735,0
1997-06-18,9.94,10.568,9.94,10.456,697668,0
1997-06-19,10.611,10.972,10.53,10.721,556080,0
1997-06-20,10.757,11.091,10.721,10.972,504991,0
1997-06-23,10.972,10.972,10.721,10.721,373775,0
1997-06-24,10.901,10.901,10.683,10.739,268605,0
1997-06-25,10.739,10.864,10.683,10.757,322348,0
1997-06-26,10.683,10.791,10.683,10.721,157918,0
1997-06-27,10.683,10.864,10.683,10.83,141147,0
1997-06-30,10.811,11.273,10.811,11.201,435795,0
1997-07-01,11.254,11.346,11.164,11.254,423214,0
1997-07-02,11.273,11.642,11.219,11.642,335700,0
1997-07-03,11.815,11.979,11.625,11.979,595259,0
1997-07-07,11.908,11.908,11.201,11.289,529488,0
1997-07-08,11.289,11.289,10.494,10.494,464818,0
1997-07-09,10.511,10.721,10.014,10.014,494391,0
1997-07-10,9.94,10.367,9.923,10.14,917387,0
1997-07-11,10.221,10.386,10.121,10.386,868831,0
1997-07-14,10.367,10.511,10.367,10.437,504657,0
1997-07-15,10.456,10.456,9.678,10.14,1556349,0
1997-07-16,10.068,10.274,9.905,9.94,862540,0
1997-07-17,9.831,9.94,9.714,9.94,686524,0
1997-07-18,9.905,9.905,9.678,9.734,685970,0
1997-07-21,9.734,10.014,9.734,9.94,348727,0
1997-07-22,9.94,10.63,9.905,10.611,553654,0
1997-07-23,10.683,10.847,10.475,10.53,516465,0
1997-07-24,10.548,10.548,10.274,10.456,243554,0
1997-07-25,10.511,10.548,10.258,10.311,173588,0
1997-07-28,10.33,10.456,10.311,10.367,293105,0
1997-07-29,10.386,10.774,10.349,10.774,321800,0
1997-07-30,10.721,11.056,10.647,10.972,492408,0
1997-07-31,10.972,11.038,10.83,10.92,586209,0
1997-08-01,10.91,10.965,10.611,10.63,227111,0
1997-08-04,10.63,10.854,10.575,10.739,246644,0
1997-08-05,10.663,10.854,10.663,10.801,204267,0
1997-08-06,10.837,11.227,10.801,11.154,520547,0
1997-08-07,11.191,11.298,11.11,11.154,395293,0
1997-08-08,11.073,11.073,10.663,10.82,518894,0
1997-08-11,10.82,11.038,10.801,11.038,245320,0
1997-08-12,10.93,10.981,10.873,10.892,267503,0
1997-08-13,10.965,10.981,10.63,10.702,994194,0
1997-08-14,10.702,10.82,10.558,10.592,460186,0
1997-08-15,10.592,10.63,10.484,10.63,404787,0
1997-08-18,10.54,10.54,10.274,10.404,353801,0
1997-08-19,10.446,11.707,10.429,11.6,1403839,0
1997-08-20,11.191,11.191,10.721,10.82,1212478,0
1997-08-21,10.981,12.186,10.965,11.935,2488967,0
1997-08-22,11.6,11.953,11.263,11.672,1639886,0
1997-08-25,11.445,11.652,11.318,11.563,671184,0
1997-08-26,11.563,11.563,11.191,11.246,534898,0
1997-08-27,11.298,11.298,11.073,11.127,476294,0
1997-08-28,11.211,12.041,11.191,11.707,1378897,0
1997-08-29,11.781,11.97,11.356,11.481,771167,0
1997-09-02,11.499,11.672,11.445,11.617,464487,0
1997-09-03,11.545,11.6,11.445,11.6,573521,0
1997-09-04,11.563,11.815,11.463,11.652,858238,0
1997-09-05,11.69,11.707,11.527,11.6,1047718,0
1997-09-08,11.545,11.652,11.463,11.58,418360,0
1997-09-09,11.635,11.635,11.373,11.463,532025,0
1997-09-10,11.481,11.499,11.227,11.227,446613,0
1997-09-11,11.373,11.373,11.211,11.263,645143,0
1997-09-12,11.337,11.337,11,11.11,344754,0
1997-09-15,11.154,11.427,11.091,11.263,396506,0
1997-09-16,11.563,11.834,11.445,11.798,789486,0
1997-09-17,12.041,12.25,11.989,12.186,1071886,0
1997-09-18,12.25,12.307,12.041,12.186,771167,0
1997-09-19,12.186,12.525,12.186,12.506,731436,0
1997-09-22,12.506,12.623,12.27,12.487,639511,0
1997-09-23,12.525,12.894,12.45,12.894,1016599,0
1997-09-24,13.193,13.304,13.012,13.21,1600379,0
1997-09-25,13.086,13.086,12.859,12.93,956895,0
1997-09-26,12.949,13.384,12.93,13.285,701095,0
1997-09-29,13.304,13.492,13.304,13.477,426083,0
1997-09-30,13.477,13.602,13.401,13.602,451024,0
1997-10-01,13.585,13.864,13.348,13.639,1119446,0
1997-10-02,13.566,13.566,13.348,13.548,450143,0
1997-10-03,13.62,13.757,13.566,13.757,929084,0
1997-10-06,13.719,13.883,13.719,13.883,544387,0
1997-10-07,13.81,13.864,13.692,13.864,355123,0
1997-10-08,13.793,13.828,13.654,13.673,433147,0
1997-10-09,13.639,13.953,13.62,13.793,622739,0
1997-10-10,13.737,13.737,13.62,13.692,293324,0
1997-10-13,13.757,14.008,13.737,13.991,406995,0
1997-10-14,14.161,14.362,14.11,14.144,608389,0
1997-10-15,13.847,13.991,13.737,13.919,383375,0
1997-10-16,14.416,14.734,14.237,14.5,1835990,0
1997-10-17,14.5,14.5,14.198,14.275,832413,0
1997-10-20,14.255,14.275,14.126,14.18,256467,0
1997-10-21,14.161,14.342,14.161,14.342,256577,0
1997-10-22,14.398,14.398,14.237,14.291,404125,0
1997-10-23,14.093,14.11,13.937,13.991,310212,0
1997-10-24,14.066,14.144,14.028,14.126,551226,0
1997-10-27,13.991,14.008,13.156,13.156,274785,0
1997-10-28,12.487,13.457,12.487,13.42,811556,0
1997-10-29,13.602,13.972,13.384,13.919,361086,0
1997-10-30,13.529,13.585,13.122,13.384,203166,0
1997-10-31,13.438,13.663,13.438,13.593,302377,0
1997-11-03,13.593,13.719,13.5,13.719,224244,0
1997-11-04,13.7,13.7,13.438,13.5,260771,0
1997-11-05,13.438,13.962,13.438,13.927,323012,0
1997-11-06,13.999,14.126,13.927,14.093,182636,0
1997-11-07,13.962,13.962,13.719,13.855,235720,0
1997-11-10,13.828,13.909,13.775,13.775,279311,0
1997-11-11,13.757,13.981,13.757,13.793,151075,0
1997-11-12,13.757,13.757,13.539,13.539,110465,0
1997-11-13,13.539,13.539,13.122,13.295,90159,0
1997-11-14,13.22,13.239,12.94,13.14,243113,0
1997-11-17,13.105,13.611,13.105,13.576,190254,0
1997-11-18,13.576,13.737,13.557,13.7,187161,0
1997-11-19,13.719,13.927,13.7,13.855,327869,0
1997-11-20,13.909,14.246,13.909,14.11,332943,0
1997-11-21,14.144,14.144,13.909,13.927,272030,0
1997-11-24,13.962,13.962,13.629,13.629,110245,0
1997-11-25,13.683,13.683,13.477,13.477,413834,0
1997-11-26,13.477,13.683,13.477,13.593,229210,0
1997-11-28,13.646,13.646,13.5,13.5,55176,0
1997-12-01,13.5,13.981,13.5,13.873,159793,0
1997-12-02,13.793,14.189,13.793,14.126,343427,0
1997-12-03,14.3,14.464,14.265,14.318,340671,0
1997-12-04,14.3,14.406,14.056,14.352,182749,0
1997-12-05,14.352,14.406,14.265,14.406,332832,0
1997-12-08,14.445,14.897,14.445,14.58,326103,0
1997-12-09,14.58,14.597,14.37,14.39,120396,0
1997-12-10,14.37,14.39,13.828,14.038,197978,0
1997-12-11,13.981,13.981,13.7,13.892,194668,0
1997-12-12,13.962,14.189,13.873,14.093,174694,0
1997-12-15,14.126,14.39,14.126,14.39,229210,0
1997-12-16,14.445,14.834,14.425,14.816,513153,0
1997-12-17,14.834,15.06,14.37,14.39,526064,0
1997-12-18,14.464,14.635,14.406,14.58,405228,0
1997-12-19,14.597,14.597,14.406,14.425,280304,0
1997-12-22,14.989,15.151,14.897,14.97,899399,0
1997-12-23,15.268,15.957,15.268,15.466,1094619,0
1997-12-24,15.466,15.486,15.305,15.359,277984,0
1997-12-26,15.359,15.486,15.187,15.432,144015,0
1997-12-29,15.414,15.695,15.322,15.585,285708,0
1997-12-30,15.505,16.047,15.359,16.047,338681,0
1997-12-31,15.995,16.177,15.92,16.139,98105,0
1998-01-02,16.139,16.473,16.139,16.159,511606,0
1998-01-05,16.101,16.195,15.938,16.084,584558,0
1998-01-06,16.084,16.293,16.013,16.212,900945,0
1998-01-07,15.977,16.064,15.748,15.786,266065,0
1998-01-08,15.748,15.92,15.695,15.804,218834,0
1998-01-09,15.804,15.995,15.568,15.585,295311,0
1998-01-12,15.342,15.767,15.06,15.748,428401,0
1998-01-13,15.767,16.064,15.678,16.064,261322,0
1998-01-14,16.084,16.404,16.084,16.404,523086,0
1998-01-15,16.899,17.742,16.808,17.742,980624,0
1998-01-16,17.797,18.023,17.571,17.778,844110,0
1998-01-20,17.852,18.15,17.571,18.096,507749,0
1998-01-21,17.925,17.925,17.5,17.833,356666,0
1998-01-22,17.761,17.761,17.233,17.298,557517,0
1998-01-23,17.354,17.443,16.982,17.053,251280,0
1998-01-26,17.126,17.742,17.126,17.671,299282,0
1998-01-27,17.671,18.54,17.635,18.342,552769,0
1998-01-28,18.342,19.213,18.342,18.784,742805,0
1998-01-29,18.82,19.917,18.486,19.455,424097,0
1998-01-30,19.526,19.7,19.365,19.404,330293,0
1998-02-02,19.404,19.772,19.404,19.718,251280,0
1998-02-03,19.79,19.917,19.326,19.365,285380,0
1998-02-04,19.308,19.508,19.308,19.404,259335,0
1998-02-05,19.482,19.482,19.12,19.185,171272,0
1998-02-06,19.165,19.384,19.165,19.274,190805,0
1998-02-09,19.326,20.088,19.308,19.981,337248,0
1998-02-10,20.035,20.154,19.89,20.054,217290,0
1998-02-11,19.981,20.017,19.872,19.908,186834,0
1998-02-12,19.944,19.963,19.628,19.682,236716,0
1998-02-13,19.662,19.756,19.308,19.345,157037,0
1998-02-17,19.482,20.769,19.482,20.314,636531,0
1998-02-18,20.426,20.985,20.426,20.723,549792,0
1998-02-19,20.723,20.933,20.597,20.897,212987,0
1998-02-20,20.88,20.933,20.634,20.707,263310,0
1998-02-23,20.741,20.805,20.088,20.173,234066,0
1998-02-24,20.226,20.352,20.173,20.191,137394,0
1998-02-25,20.191,20.191,19.908,20.115,223911,0
1998-02-26,20.115,20.426,20.115,20.115,455439,0
1998-02-27,20.054,20.115,19.628,20.035,318818,0
1998-03-02,20.054,20.115,19.944,19.981,168733,0
1998-03-03,19.963,20.017,19.835,19.981,131877,0
1998-03-04,19.908,20.017,19.536,19.644,224464,0
1998-03-05,19.12,19.463,19.12,19.255,375983,0
1998-03-06,19.255,20.615,19.255,20.597,403792,0
1998-03-09,20.541,21.004,20.426,20.615,365499,0
1998-03-10,20.688,21.323,20.653,21.248,258010,0
1998-03-11,21.62,22.2,21.602,22.129,341659,0
1998-03-12,22.092,23.153,22.092,23.061,503112,0
1998-03-13,23.061,23.615,22.646,23.169,348282,0
1998-03-16,23.153,23.261,22.801,22.908,323454,0
1998-03-17,22.925,22.943,22.661,22.819,242453,0
1998-03-18,22.782,23.153,22.661,23.018,194337,0
1998-03-19,23.098,23.414,23.061,23.08,132539,0
1998-03-20,22.852,23.08,22.763,23.018,99539,0
1998-03-23,22.852,23.061,22.698,22.698,102629,0
1998-03-24,22.698,23.225,22.698,23.098,168625,0
1998-03-25,23.08,23.615,22.819,22.819,294981,0
1998-03-26,22.889,24.267,22.889,24.086,610929,0
1998-03-27,24.231,24.422,23.377,23.377,597134,0
1998-03-30,23.414,23.823,23.414,23.578,281850,0
1998-03-31,23.769,23.912,23.506,23.523,230642,0
1998-04-01,24.675,25.355,24.547,25.29,587755,0
1998-04-02,25.536,25.799,25.272,25.272,321243,0
1998-04-03,25.355,26.152,25.219,26.026,494835,0
1998-04-06,26.026,26.714,26.026,26.56,429503,0
1998-04-07,26.768,26.824,26.026,26.223,498479,0
1998-04-08,26.223,26.342,25.499,25.743,229539,0
1998-04-09,25.743,26.298,25.743,26.152,378739,0
1998-04-13,26.223,26.976,26.207,26.948,513487,0
1998-04-14,26.995,27.213,26.543,26.842,411408,0
1998-04-15,26.842,26.894,26.171,26.324,761895,0
1998-04-16,27.738,29.024,27.583,29.024,1201222,0
1998-04-17,28.924,30.03,28.635,29.732,613354,0
1998-04-20,29.767,29.942,29.605,29.677,540190,0
1998-04-21,29.75,30.104,29.677,30.085,417917,0
1998-04-22,30.049,31.299,30.03,31.072,522977,0
1998-04-23,31.018,31.072,29.559,29.713,517461,0
1998-04-24,29.695,30.347,28.635,28.906,566782,0
1998-04-27,27.438,27.647,25.981,27.249,911761,0
1998-04-28,27.738,28.199,27.139,27.366,627926,0
1998-04-29,27.384,27.566,27.384,27.476,167851,0
1998-04-30,28.335,28.706,28.036,28.653,603317,0
1998-05-01,28.673,29.024,28.673,28.852,227664,0
1998-05-04,28.835,29.416,28.835,29.188,396621,0
1998-05-05,29.196,29.196,28.471,28.988,246095,0
1998-05-06,29.061,29.233,27.754,28.209,340336,0
1998-05-07,28.227,28.282,27.682,27.927,190034,0
1998-05-08,27.982,28.688,27.964,28.391,183524,0
1998-05-11,28.391,29.104,28.391,28.49,264524,0
1998-05-12,28.471,28.743,28.136,28.653,192021,0
1998-05-13,28.653,29.776,28.653,29.442,1657323,0
1998-05-14,29.442,29.923,29.178,29.55,450585,0
1998-05-15,29.55,29.695,29.424,29.532,139596,0
1998-05-18,29.677,30.129,29.677,30.04,306678,0
1998-05-19,30.057,30.518,30.057,30.112,376863,0
1998-05-20,30.22,30.356,29.776,30.239,267614,0
1998-05-21,30.393,30.628,30.356,30.518,265187,0
1998-05-22,30.537,30.818,30.356,30.356,215303,0
1998-05-26,30.393,30.71,29.406,29.55,315726,0
1998-05-27,29.178,29.695,29.16,29.677,509182,0
1998-05-28,29.605,30.095,29.442,29.478,354461,0
1998-05-29,29.621,29.849,29.55,29.793,124042,0
1998-06-01,29.849,29.849,29.513,29.677,169395,0
1998-06-02,29.812,29.956,29.55,29.723,214755,0
1998-06-03,29.758,30.591,29.758,30.012,565353,0
1998-06-04,30.095,30.628,29.695,30.374,428181,0
1998-06-05,30.411,30.628,30.374,30.591,411295,0
1998-06-08,30.71,30.728,30.274,30.483,392535,0
1998-06-09,30.447,30.483,30.33,30.43,296306,0
1998-06-10,30.31,30.31,30.076,30.257,237708,0
1998-06-11,30.257,30.33,30.148,30.148,208018,0
1998-06-12,30.33,31.299,30.33,30.854,1124086,0
1998-06-15,30.818,30.818,30.22,30.22,584006,0
1998-06-16,30.293,30.43,29.776,30.22,350823,0
1998-06-17,30.31,31.261,30.31,31.117,323122,0
1998-06-18,31.081,32.089,31.009,31.979,266620,0
1998-06-19,31.643,31.75,31.228,31.455,491965,0
1998-06-22,31.862,32.65,31.768,32.441,333828,0
1998-06-23,32.739,33.002,32.46,33.002,237927,0
1998-06-24,34.769,34.852,34.182,34.288,1062726,0
1998-06-25,34.36,34.769,34.288,34.606,883620,0
1998-06-26,34.751,35.033,34.625,34.887,428181,0
1998-06-29,34.868,35.704,34.868,35.684,650876,0
1998-06-30,35.967,37.423,35.819,37.07,4260176,0
1998-07-01,36.936,37.461,36.415,37.423,1176172,0
1998-07-02,37.461,37.724,36.415,36.719,709034,0
1998-07-06,36.719,36.989,36.617,36.735,455989,0
1998-07-07,36.828,37.479,36.415,37.252,473869,0
1998-07-08,37.288,38.004,37.269,38.004,524413,0
1998-07-09,37.923,38.782,37.724,38.222,942659,0
1998-07-10,38.203,38.322,37.423,37.905,697890,0
1998-07-13,37.705,37.705,37.269,37.498,331840,0
1998-07-14,37.57,38.429,37.354,38.373,547144,0
1998-07-15,38.373,38.373,37.777,37.941,337026,0
1998-07-16,38.222,38.62,37.197,37.214,869050,0
1998-07-17,37.214,37.288,35.929,37.053,1033149,0
1998-07-20,37.008,37.008,36.435,36.617,496930,0
1998-07-21,36.617,36.617,35.447,35.447,444513,0
1998-07-22,34.995,35.033,34.182,34.697,603643,0
1998-07-23,34.625,35.312,34.417,34.588,291449,0
1998-07-24,34.663,34.732,33.167,33.725,443854,0
1998-07-27,33.43,33.991,33.018,33.991,477730,0
1998-07-28,34.063,34.134,32.687,32.829,596142,0
1998-07-29,32.848,32.984,32.65,32.867,354461,0
1998-07-30,33.201,34.588,33.055,34.417,436236,0
1998-07-31,34.569,34.925,34.063,34.644,421008,0
1998-08-03,34.36,34.417,33.656,33.673,346188,0
1998-08-04,33.781,34.01,32.46,32.81,539198,0
1998-08-05,33.284,33.837,32.723,33.002,830095,0
1998-08-06,33.002,33.673,32.829,33.517,315726,0
1998-08-07,33.602,34.533,33.517,33.881,292002,0
1998-08-10,33.8,34.925,33.725,34.815,401033,0
1998-08-11,34.353,34.606,33.917,34.073,520879,0
1998-08-12,34.272,34.569,34.124,34.124,472213,0
1998-08-13,34.124,34.516,34.053,34.089,248852,0
1998-08-14,34.272,34.588,33.917,34.073,537435,0
1998-08-17,34.073,34.533,34.073,34.478,375871,0
1998-08-18,34.533,35.34,34.497,35.285,517461,0
1998-08-19,35.269,35.485,34.986,35.205,441093,0
1998-08-20,35.222,35.784,34.906,35.43,338462,0
1998-08-21,35.285,35.285,33.602,34.533,616007,0
1998-08-24,34.497,35.25,34.497,34.759,292002,0
1998-08-25,35.042,35.957,34.906,35.656,435465,0
1998-08-26,35.377,35.43,34.852,34.925,375983,0
1998-08-27,34.852,34.868,31.606,32.089,1257724,0
1998-08-28,32.15,32.26,29.942,31.191,1638896,0
1998-08-31,31.271,31.507,25.99,26.132,2194870,0
1998-09-01,26.714,27.946,24.865,27.803,1385628,0
1998-09-02,27.72,28.246,27.185,27.91,1169439,0
1998-09-03,27.629,27.927,27.033,27.185,1043083,0
1998-09-04,27.185,27.22,25.02,25.856,920259,0
1998-09-08,28.372,28.372,26.902,27.774,1099804,0
1998-09-09,27.774,28.372,26.902,26.902,722501,0
1998-09-10,26.432,26.432,24.793,25.093,879643,0
1998-09-11,25.162,27.557,24.938,27.33,1439592,0
1998-09-14,28.372,28.951,28.073,28.09,771939,0
1998-09-15,28.673,31.716,28.598,31.191,1543216,0
1998-09-16,31.271,32.739,31.236,32.704,1344135,0
1998-09-17,31.507,31.606,30.447,31.044,846099,0
1998-09-18,31.218,32.15,31.081,31.96,575948,0
1998-09-21,31.063,32.26,31.027,32.089,740600,0
1998-09-22,32.167,33.302,32.167,32.612,566455,0
1998-09-23,32.687,34.353,32.687,34.107,641055,0
1998-09-24,34.107,34.516,33.524,33.673,826344,0
1998-09-25,33.302,33.457,32.278,33.267,503442,0
1998-09-28,33.335,34.353,33.002,33.457,354355,0
1998-09-29,33.474,33.934,33.002,33.228,470780,0
1998-09-30,32.894,32.894,30.764,30.784,601109,0
1998-10-01,29.568,30.129,26.207,27.185,1188641,0
1998-10-02,26.804,29.089,25.536,28.861,1957711,0
1998-10-05,27.258,27.557,25.536,27.033,1190186,0
1998-10-06,26.886,28.073,24.34,25.389,1617375,0
1998-10-07,25.093,25.093,18.439,20.009,3720645,0
1998-10-08,18.524,18.894,15.459,18.54,3836630,0
1998-10-09,19.12,22.102,16.273,21.096,3603339,0
1998-10-12,21.802,22.852,19.863,21.286,2274656,0
1998-10-13,21.286,23.206,20.795,21.957,3189612,0
1998-10-14,22.029,23.489,21.819,22.661,1302307,0
1998-10-15,22.735,26.132,22.554,25.971,1636023,0
1998-10-16,26.657,26.886,25.689,26.171,1892821,0
1998-10-19,26.731,28.073,26.695,28.073,1031278,0
1998-10-20,28.056,28.409,25.924,27.366,1360799,0
1998-10-21,27.774,28.951,27.185,27.91,1460007,0
1998-10-22,28.073,28.545,27.033,28.527,815971,0
1998-10-23,28.598,29.868,27.892,28.673,756706,0
1998-10-26,28.688,28.688,27.647,27.774,925333,0
1998-10-27,27.927,28.335,26.938,27.203,873134,0
1998-10-28,26.92,27.873,26.587,27.774,546038,0
1998-10-29,28,28.861,27.774,28.635,742695,0
1998-10-30,29.089,30.728,28.933,30.393,721505,0
1998-11-02,30.447,30.955,29.007,29.288,1196369,0
1998-11-03,29.605,29.849,28.843,28.916,1008210,0
1998-11-04,29.424,30.021,29.288,29.776,690823,0
1998-11-05,29.723,32.15,29.388,31.96,926324,0
1998-11-06,31.588,32.668,31.588,32.089,818067,0
1998-11-09,31.993,32.013,30.185,30.483,776021,0
1998-11-10,30.339,30.9,29.596,29.614,720183,0
1998-11-11,29.895,30.04,27.803,29.034,814538,0
1998-11-12,28.961,29.295,28.399,28.843,389113,0
1998-11-13,28.843,30.674,28.843,30.44,609826,0
1998-11-16,30.509,31.053,29.776,29.776,405228,0
1998-11-17,29.741,31.988,29.741,31.742,1000044,0
1998-11-18,31.742,32.132,30.601,30.655,478943,0
1998-11-19,30.584,31.289,30.266,30.584,408095,0
1998-11-20,30.955,31.533,30.844,31.091,377856,0
1998-11-23,31.426,34.379,31.2,34.379,847973,0
1998-11-24,33.926,34.116,33.065,33.184,596914,0
1998-11-25,33.167,33.274,32.394,32.867,331618,0
1998-11-27,32.885,33.8,32.885,33.328,193455,0
1998-11-30,33.184,33.63,32.523,32.885,379958,0
1998-12-01,32.306,32.66,31.635,32.25,567667,0
1998-12-02,32.167,32.713,31.871,31.871,266731,0
1998-12-03,31.905,32.433,31.182,31.445,320250,0
1998-12-04,31.796,32.802,31.796,32.621,366493,0
1998-12-07,32.549,34.08,32.549,33.699,348394,0
1998-12-08,33.184,33.184,31.533,31.988,1162045,0
1998-12-09,32.132,32.487,31.796,31.905,452898,0
1998-12-10,31.905,31.97,30.339,30.44,621855,0
1998-12-11,30.473,30.566,29.261,30.156,837271,0
1998-12-14,30.095,30.825,30.095,30.393,408648,0
1998-12-15,30.71,32.269,30.411,32.099,608280,0
1998-12-16,32.167,32.566,31.236,32.25,454777,0
1998-12-17,32.433,34.08,32.433,34.018,734198,0
1998-12-18,33.63,35.948,33.483,35.774,859780,0
1998-12-21,35.774,37.498,35.774,36.445,575290,0
1998-12-22,36.51,36.584,35.087,36.174,404454,0
1998-12-23,36.244,36.617,35.195,36.464,278982,0
1998-12-24,36.393,36.445,35.948,36.209,60917,0
1998-12-28,36.283,36.464,35.758,36.073,124149,0
1998-12-29,35.593,36.227,35.368,35.386,266950,0
1998-12-30,35.494,35.847,34.976,35.159,219938,0
1998-12-31,35.232,35.593,34.227,34.379,220158,0
1999-01-04,34.679,35.664,34.227,34.679,679572,0
1999-01-05,35.015,36.019,34.976,35.549,344974,0
1999-01-06,36.464,37.345,36.464,37.345,627484,0
1999-01-07,36.916,37.832,36.584,37.795,566237,0
1999-01-08,38.26,38.322,36.634,38.06,774035,0
1999-01-11,38.098,38.203,36.762,37.813,442638,0
1999-01-12,37.813,39.608,37.795,38.468,577492,0
1999-01-13,37.362,38.821,36.916,38.373,748764,0
1999-01-14,38.373,38.695,37.905,38.023,597797,0
1999-01-15,38.411,39.154,38.079,38.99,629799,0
1999-01-19,38.99,39.31,38.555,39.31,541295,0
1999-01-20,40.052,41.846,39.872,40.351,668422,0
1999-01-21,40.278,40.295,39.027,39.154,355787,0
1999-01-22,38.855,39.138,38.392,38.468,583891,0
1999-01-25,38.429,38.955,38.429,38.821,435683,0
1999-01-26,38.522,38.939,37.813,38.574,358875,0
1999-01-27,38.658,39.608,38.486,39.31,378852,0
1999-01-28,39.275,39.437,38.855,39.047,411408,0
1999-01-29,38.973,39.699,38.973,39.573,386579,0
1999-02-01,39.49,39.891,39.363,39.381,394523,0
1999-02-02,38.939,38.939,36.916,37.941,839476,0
1999-02-03,37.869,37.869,36.019,36.916,598680,0
1999-02-04,36.916,36.916,34.976,35.122,516906,0
1999-02-05,35.051,35.549,34.454,34.506,462832,0
1999-02-08,34.697,34.852,33.917,34.323,489868,0
1999-02-09,34.028,34.097,32.904,33.257,472213,0
1999-02-10,33.149,34.028,32.64,33.934,398714,0
1999-02-11,33.953,36.065,33.872,35.73,883620,0
1999-02-12,35.647,37.949,35.447,36.435,729122,0
1999-02-16,36.754,37.317,35.713,35.892,321579,0
1999-02-17,35.368,36.415,34.925,34.925,260109,0
1999-02-18,35.415,36.329,35.169,35.875,370353,0
1999-02-19,36.311,37.632,36.028,37.053,467139,0
1999-02-22,37.017,39.302,36.979,38.702,583122,0
1999-02-23,38.773,39.782,38.383,39.652,581909,0
1999-02-24,39.598,40.044,38.478,38.584,498035,0
1999-02-25,38.439,38.478,36.193,37.053,941446,0
1999-02-26,37.805,39.037,37.488,38.174,548471,0
1999-03-01,37.949,39.355,37.949,38.531,556195,0
1999-03-02,38.478,40.197,37.949,39.652,494391,0
1999-03-03,39.582,40.025,38.702,38.999,524633,0
1999-03-04,38.929,40.009,38.602,39.726,415488,0
1999-03-05,40.08,40.904,40.009,40.624,581796,0
1999-03-08,40.08,40.442,38.755,39.881,826784,0
1999-03-09,39.899,40.831,39.671,40.253,624613,0
1999-03-10,40.197,40.812,39.709,40.641,308222,0
1999-03-11,40.641,40.659,39.69,39.798,350489,0
1999-03-12,40.08,40.46,39.826,40.27,204487,0
1999-03-15,40.342,40.624,39.763,39.952,208354,0
1999-03-16,39.915,39.915,38.564,38.883,424757,0
1999-03-17,38.883,38.883,38.05,38.138,162222,0
1999-03-18,38.62,40.939,38.478,40.795,498141,0
1999-03-19,40.795,41.131,40.235,40.361,576718,0
1999-03-22,40.379,40.939,40.197,40.46,326103,0
1999-03-23,40.235,40.235,38.089,38.459,500903,0
1999-03-24,38.883,39.826,38.865,39.782,718087,0
1999-03-25,40.304,41.276,40.197,41.276,491635,0
1999-03-26,41.303,43.05,40.812,42.944,840250,0
1999-03-29,42.962,43.932,42.925,43.678,639619,0
1999-03-30,43.695,44.791,43.678,44.311,590957,0
1999-03-31,44.874,46.195,44.719,45.172,703738,0
1999-04-01,45.752,47.41,45.372,46.177,654078,0
1999-04-05,46.667,47.038,45.671,46.177,452791,0
1999-04-06,46.288,46.37,45.804,46.051,503664,0
1999-04-07,46.213,47.022,46.195,47.022,480047,0
1999-04-08,46.966,47.148,46.37,46.812,497595,0
1999-04-09,46.757,47.709,46.213,47.529,283175,0
1999-04-12,47.248,48.426,46.867,48.143,517791,0
1999-04-13,47.864,50.853,47.846,50.418,866625,0
1999-04-14,51.451,52.421,50.853,51.297,879868,0
1999-04-15,51.153,51.153,47.6,47.618,1112275,0
1999-04-16,47.864,49.359,47.864,49.06,514481,0
1999-04-19,49.133,50.255,45.917,45.917,524962,0
1999-04-20,45.545,45.898,43.993,45.652,832965,0
1999-04-21,45.842,48.761,45.804,48.443,693366,0
1999-04-22,48.979,49.901,48.026,49.54,572305,0
1999-04-23,49.465,49.483,48.78,49.133,187161,0
1999-04-26,49.322,50.219,49.133,49.322,218945,0
1999-04-27,49.767,50.236,48.761,49.92,412839,0
1999-04-28,49.92,50.255,49.502,49.656,394964,0
1999-04-29,50.03,51.451,49.883,50.155,470999,0
1999-04-30,52.346,52.911,50.908,51.959,988569,0
1999-05-03,52.277,52.792,50.418,50.853,575290,0
1999-05-04,50.999,51.488,50.155,50.627,563810,0
1999-05-05,50.66,51.488,50.311,51.397,441093,0
1999-05-06,51.397,51.397,49.674,50.481,623070,0
1999-05-07,50.642,51.134,50.183,50.66,402468,0
1999-05-10,50.557,50.557,49.395,49.449,334599,0
1999-05-11,49.511,52.185,49.511,51.479,577160,0
1999-05-12,51.433,52.487,50.747,52.078,367043,0
1999-05-13,52.078,54.097,51.904,53.293,372560,0
1999-05-14,52.297,52.297,49.831,50.747,710032,0
1999-05-17,50.67,51.451,49.674,51.251,444842,0
1999-05-18,51.325,52.376,49.339,49.883,777898,0
1999-05-19,49.883,50.557,47.283,49.143,1258936,0
1999-05-20,49.457,50.934,48.816,49.457,759690,0
1999-05-21,49.304,49.758,47.618,47.618,588747,0
1999-05-24,47.283,47.301,41.356,43.713,2446919,0
1999-05-25,44.292,45.434,43.885,44.33,1019024,0
1999-05-26,44.273,45.226,42.081,43.096,1220649,0
1999-05-27,44.702,45.861,44.292,44.591,1305068,0
1999-05-28,45.117,45.597,44.874,45.101,972676,0
1999-06-01,45.681,47.301,44.817,47.229,794784,0
1999-06-02,46.403,47.581,45.507,47.193,1344797,0
1999-06-03,47.356,48.036,46.07,46.124,1561752,0
1999-06-04,46.124,47.42,46.124,47.193,1070564,0
1999-06-07,47.193,47.638,46.576,47.139,696898,0
1999-06-08,47.248,50.5,47.193,49.377,1235323,0
1999-06-09,50.274,51.734,49.322,49.377,1541451,0
1999-06-10,48.933,48.933,45.959,47.809,2122914,0
1999-06-11,47.356,48.09,46.241,46.458,1685796,0
1999-06-14,47.7,47.918,45.734,45.842,1380217,0
1999-06-15,45.842,46.35,45.226,45.346,1409686,0
1999-06-16,45.959,48.426,45.959,47.981,1419726,0
1999-06-17,47.581,48.314,47.193,47.809,1200119,0
1999-06-18,47.7,48.599,47.356,48.036,789706,0
1999-06-21,46.803,48.143,46.803,47.022,1176503,0
1999-06-22,47.193,47.809,46.35,47.301,660037,0
1999-06-23,47.474,47.474,44.501,46.241,1092744,0
1999-06-24,46.014,46.014,44.61,45.681,733205,0
1999-06-25,45.787,46.241,44.891,45.614,477180,0
1999-06-28,45.787,46.014,45.681,45.842,793681,0
1999-06-29,45.842,47.139,45.681,46.297,1067142,0
1999-06-30,46.74,49.994,46.124,49.994,1769555,0
1999-07-01,48.48,50.219,48.2,50.055,1464092,0
1999-07-02,49.883,51.233,49.656,50.898,619209,0
1999-07-06,50.783,51.849,50.392,50.834,819390,0
1999-07-07,51.345,51.904,50.834,51.57,839032,0
1999-07-08,51.18,51.18,49.777,50.274,1094841,0
1999-07-09,50.055,50.618,49.55,49.721,617439,0
1999-07-12,47.7,49.656,47.7,49.377,1331113,0
1999-07-13,48.263,48.705,47.918,47.918,756157,0
1999-07-14,47.918,48.705,47.42,47.42,726032,0
1999-07-15,40.624,44.219,40.124,43.941,11320852,0
1999-07-16,43.993,45.399,43.768,44.948,2111989,0
1999-07-19,44.998,44.998,42.201,43.041,1548512,0
1999-07-20,43.041,43.041,41.303,41.466,1226939,0
1999-07-21,41.303,41.801,40.966,41.303,1403283,0
1999-07-22,41.521,42.535,41.022,41.747,2207225,0
1999-07-23,41.747,42.643,41.466,41.747,1415312,0
1999-07-26,42.201,43.153,41.863,42.427,1705436,0
1999-07-27,42.427,43.041,41.919,42.98,1685244,0
1999-07-28,43.096,44.103,42.925,43.605,2211641,0
1999-07-29,43.206,43.768,42.427,43.096,1838309,0
1999-07-30,43.324,43.605,41.411,41.64,826784,0
1999-08-02,41.691,42.762,41.184,41.24,579369,0
1999-08-03,41.64,41.863,38.721,39.111,1193501,0
1999-08-04,36.808,37.878,35.523,35.749,2175669,0
1999-08-05,35.856,38.549,35.465,38.495,2176105,0
1999-08-06,36.808,37.488,35.684,36.415,1574115,0
1999-08-09,37.037,37.317,36.311,36.528,1478546,0
1999-08-10,36.047,37.061,34.705,36.89,1565509,0
1999-08-11,37.116,37.288,36.384,36.662,1248566,0
1999-08-12,36.609,37.679,36.445,36.501,872033,0
1999-08-13,37.288,37.507,36.609,37.224,1274168,0
1999-08-16,37.957,38.13,37.345,37.734,1356163,0
1999-08-17,39.979,40.088,38.912,39.31,2378828,0
1999-08-18,38.973,39.027,37.57,37.623,827890,0
1999-08-19,37.395,37.395,36.836,37.116,847423,0
1999-08-20,37.061,38.629,37.061,38.629,1016045,0
1999-08-23,39.754,42.451,39.417,42.451,1739430,0
1999-08-24,42.12,42.337,40.93,41.947,1389599,0
1999-08-25,39.643,39.754,38.014,38.973,4320982,0
1999-08-26,39.027,39.537,37.171,37.451,1439480,0
1999-08-27,37.451,37.623,35.377,35.485,1850558,0
1999-08-30,35.713,35.767,32.566,33.074,2528689,0
1999-08-31,33.69,34.028,32.34,33.917,1972059,0
1999-09-01,34.143,34.253,32.566,33.074,1570807,0
1999-09-02,32.233,34.143,32.176,33.639,1998432,0
1999-09-03,36.166,36.609,35.656,36.609,1880573,0
1999-09-07,36.556,36.89,34.36,34.759,1159399,0
1999-09-08,34.533,35.269,33.8,34.143,1375697,0
1999-09-09,33.972,34.986,33.465,34.925,1075197,0
1999-09-10,35.603,36.384,34.986,35.656,1080161,0
1999-09-13,35.549,36.781,35.549,36.273,1004235,0
1999-09-14,36.501,36.727,35.269,35.269,1236097,0
1999-09-15,35.269,36.047,34.815,34.986,787830,0
1999-09-16,34.986,35.042,33.237,33.411,977639,0
1999-09-17,33.917,34.533,33.917,34.427,850732,0
1999-09-20,36.501,36.501,35.205,35.884,1054010,0
1999-09-21,35.767,35.767,34.478,34.815,916394,0
1999-09-22,35.042,35.884,34.588,35.656,959103,0
1999-09-23,36.047,36.609,35.485,35.485,1163814,0
1999-09-24,35.603,35.656,34.478,35.603,1381435,0
1999-09-27,36.836,36.89,35.43,35.485,966277,0
1999-09-28,35.485,35.485,33.13,35.322,1309704,0
1999-09-29,35.269,36.329,34.868,35.656,763109,0
1999-09-30,35.656,35.767,34.533,35.042,1368964,0
1999-10-01,34.868,35.205,34.533,34.644,836389,0
1999-10-04,35.938,36.166,35.042,35.884,1032047,0
1999-10-05,36.836,38.183,36.047,37.852,2256005,0
1999-10-06,37.852,40.713,37.785,40.26,2772686,0
1999-10-07,41.891,41.891,40.035,40.65,1662290,0
1999-10-08,40.435,43.123,39.417,41.719,2733844,0
1999-10-11,41.719,42.451,41.051,41.439,786286,0
1999-10-12,41.439,41.439,40.26,40.435,566565,0
1999-10-13,39.754,40.878,37.57,38.855,1349319,0
1999-10-14,36.836,36.944,35.042,35.269,4270329,0
1999-10-15,34.143,34.644,32.233,32.34,3261234,0
1999-10-18,33.745,35.269,33.465,35.269,2301581,0
1999-10-19,36.384,37.171,35.43,35.485,1329788,0
1999-10-20,35.656,36.445,35.485,36.111,1147812,0
1999-10-21,36.111,37.288,35.713,37.171,715215,0
1999-10-22,39.417,39.699,38.242,38.912,1232675,0
1999-10-25,38.912,38.912,37.57,38.242,1231018,0
1999-10-26,38.468,39.471,38.349,38.629,1045182,0
1999-10-27,39.31,41.719,39.191,41.557,1624658,0
1999-10-28,46.042,46.106,44.141,45.372,4577780,0
1999-10-29,46.213,48.625,45.824,47.618,3358236,0
1999-11-01,47.166,47.501,44.357,45.091,2076898,0
1999-11-02,44.919,47.564,44.919,45.824,1466629,0
1999-11-03,45.987,46.657,45.372,45.597,803501,0
1999-11-04,45.597,46.886,45.545,46.44,1134786,0
1999-11-05,48.969,49.304,47.675,47.726,2374632,0
1999-11-08,47.675,47.726,44.475,44.864,3258254,0
1999-11-09,45.597,45.987,44.074,44.419,1128277,0
1999-11-10,44.074,44.528,40.878,40.878,1485610,0
1999-11-11,41.33,41.947,40.878,41.103,2967907,0
1999-11-12,42.12,45.879,42.12,45.48,1432749,0
1999-11-15,45.48,45.824,44.357,45.091,899621,0
1999-11-17,46.403,46.403,44.211,44.384,1121656,0
1999-11-18,44.948,45.172,43.768,44.837,944315,0
1999-11-19,44.61,45.226,44.103,44.948,666660,0
1999-11-22,44.948,44.948,42.925,43.206,754173,0
1999-11-23,43.088,43.153,41.801,42.471,743357,0
1999-11-24,42.138,42.471,41.63,42.309,350709,0
1999-11-26,42.081,42.807,41.966,42.527,228549,0
1999-11-29,42.309,42.309,40.841,41.24,837382,0
1999-11-30,41.012,42.698,40.731,41.855,1728944,0
1999-12-01,42.364,42.527,41.294,41.719,1528098,0
1999-12-02,41.121,43.261,41.121,43.088,1191183,0
1999-12-03,44.719,45.787,44.556,45.614,1288514,0
1999-12-06,46.297,46.297,44.492,45.562,1207514,0
1999-12-07,45.842,45.842,42.753,44.211,1431977,0
1999-12-08,44.438,44.774,43.433,43.596,622407,0
1999-12-09,44.384,45.117,42.192,43.368,1491238,0
1999-12-10,44.047,44.891,43.487,44.438,1559325,0
1999-12-13,44.273,44.948,44.159,44.891,805046,0
1999-12-14,44.719,44.948,42.869,43.487,1732148,0
1999-12-15,43.487,43.596,42.081,42.192,978299,0
1999-12-16,41.966,42.138,40.169,41.747,1245588,0
1999-12-17,41.801,42.698,41.682,41.801,1007106,0
1999-12-20,41.855,42.643,41.466,41.521,511940,0
1999-12-21,41.521,41.966,40.731,41.466,911539,0
1999-12-22,41.294,41.573,41.07,41.294,458639,0
1999-12-23,41.466,41.966,41.24,41.466,520327,0
1999-12-27,41.347,42.589,41.347,41.573,1078946,0
1999-12-28,41.573,42.243,41.573,41.911,583122,0
1999-12-29,41.911,42.364,41.911,42.081,353250,0
1999-12-30,41.966,43.153,41.966,42.869,329305,0
1999-12-31,42.807,43.54,42.753,43.314,326875,0
2000-01-03,43.261,43.314,40.561,41.521,978745,0
2000-01-04,40.677,40.731,38.539,38.939,1348217,0
2000-01-05,38.939,38.99,37.535,38.031,1502936,0
2000-01-06,38.031,39.943,37.813,39.782,2739363,0
2000-01-07,39.782,41.521,38.765,40.904,1331441,0
2000-01-10,40.904,41.402,40.342,40.397,944424,0
2000-01-11,40.227,40.904,38.875,39.102,1667916,0
2000-01-12,39.102,39.999,38.99,39.608,1270635,0
2000-01-13,39.891,40.841,39.5,40.624,460954,0
2000-01-14,41.521,43.153,41.24,42.081,1391143,0
2000-01-18,39.554,40.731,37.751,38.203,2883154,0
2000-01-19,39.328,39.381,38.429,38.99,2143772,0
2000-01-20,38.821,39.102,37.751,38.098,1284102,0
2000-01-21,38.821,38.875,36.691,37.189,1461663,0
2000-01-24,37.136,37.308,36.744,36.971,1168560,0
2000-01-25,36.853,36.907,35.957,36.01,1088220,0
2000-01-26,36.065,38.315,36.065,37.696,1113820,0
2000-01-27,37.751,38.765,36.574,37.308,1747153,0
2000-01-28,37.078,37.078,35.784,36.01,595369,0
2000-01-31,35.285,37.027,35.222,36.853,552664,0
2000-02-01,37.308,37.362,35.957,36.13,693256,0
2000-02-02,36.624,36.691,35.285,35.784,589742,0
2000-02-03,36.408,36.691,34.723,35.169,955351,0
2000-02-04,36.065,36.065,34.606,34.663,674272,0
2000-02-07,34.578,35.368,33.62,34.124,1004899,0
2000-02-08,34.525,34.861,33.228,33.62,1123092,0
2000-02-09,33.284,33.335,31.315,31.481,1841066,0
2000-02-10,31.481,31.881,29.687,30.139,2365696,0
2000-02-11,30.139,30.637,29.233,30.249,2165292,0
2000-02-14,30.021,30.809,29.687,30.756,1510996,0
2000-02-15,30.981,33.563,30.637,33.335,2044453,0
2000-02-16,34.407,35.25,33.284,33.735,2861746,0
2000-02-17,33.953,34.124,32.948,33.055,1306283,0
2000-02-18,32.384,32.549,29.913,31.036,1305953,0
2000-02-22,31.881,32.384,29.513,30.528,2066303,0
2000-02-23,31.481,31.481,29.459,29.741,1725409,0
2000-02-24,29.913,31.426,28.843,31.144,2506511,0
2000-02-25,31.2,32.332,30.863,31.988,1774410,0
2000-02-28,31.881,34.353,31.881,34.073,2590382,0
2000-02-29,34.182,34.297,32.723,33.113,2175113,0
2000-03-01,33.174,34.353,33.055,33.897,1186328,0
2000-03-02,33.953,34.353,32.829,33.113,1306832,0
2000-03-03,34.635,35.368,33.673,34.124,1081156,0
2000-03-06,34.297,35.087,33.055,33.335,736073,0
2000-03-07,33.174,33.174,31.036,31.2,1389268,0
2000-03-08,30.981,31.881,30.473,31.653,1206410,0
2000-03-09,31.824,34.182,31.261,33.002,1893705,0
2000-03-10,32.384,33.228,32.269,33.113,960648,0
2000-03-13,32.894,33.953,32.612,33.953,1211704,0
2000-03-14,33.953,34.742,33.953,34.297,1218770,0
2000-03-15,34.297,37.561,34.018,36.772,3013704,0
2000-03-16,38.004,41.937,37.897,41.883,4405182,0
2000-03-17,42.226,43.512,41.157,41.211,2601971,0
2000-03-20,40.253,40.426,37.107,37.387,1818439,0
2000-03-21,37.561,39.97,37.336,39.582,1700581,0
2000-03-22,39.754,41.937,39.634,41.6,1128058,0
2000-03-23,41.494,41.937,40.597,41.211,1274057,0
2000-03-24,41.375,42.11,40.143,40.532,943874,0
2000-03-27,40.532,40.532,38.964,40.035,831090,0
2000-03-28,40.088,41.719,39.97,40.812,936920,0
2000-03-29,41.041,41.439,39.582,40.703,882074,0
2000-03-30,40.812,42.226,40.597,41.719,1028958,0
2000-03-31,41.774,43.914,41.094,43.123,1073760,0
2000-04-03,42.897,44.702,42.897,44.074,1460779,0
2000-04-04,44.074,44.41,39.69,41.883,1413768,0
2000-04-05,42.052,42.788,41.6,41.658,895759,0
2000-04-06,41.774,43.232,41.774,42.164,906908,0
2000-04-07,42.727,42.897,42.11,42.509,588086,0
2000-04-10,42.727,44.132,42.442,43.287,613911,0
2000-04-11,43.741,44.864,43.688,44.302,1115147,0
2000-04-12,44.074,47.675,43.969,45.201,2437982,0
2000-04-13,45.201,45.201,40.93,41.999,1890174,0
2000-04-14,39.754,40.597,38.004,38.564,2389313,0
2000-04-17,38.402,39.471,38.06,38.685,1641322,0
2000-04-18,38.685,40.812,38.34,40.532,1184780,0
2000-04-19,40.93,41.211,40.369,40.93,687294,0
2000-04-20,40.93,42.67,40.369,42.563,718527,0
2000-04-24,42.563,43.969,41.774,42.39,956454,0
2000-04-25,42.442,44.246,41.828,43.969,1081927,0
2000-04-26,44.074,44.302,42.897,43.069,731215,0
2000-04-27,42.442,42.442,40.703,41.494,1306723,0
2000-04-28,40.035,40.426,38.512,39.355,1487707,0
2000-05-01,38.232,41.268,38.004,40.478,852388,0
2000-05-02,40.314,41.268,39.862,40.812,714773,0
2000-05-03,40.597,40.597,37.897,38.174,969144,0
2000-05-04,38.174,38.174,36.209,36.71,1108193,0
2000-05-05,36.547,36.547,35.704,35.866,1466738,0
2000-05-08,35.559,38.821,35.438,37.923,1427228,0
2000-05-09,38.203,39.328,37.189,37.696,792796,0
2000-05-10,37.751,38.031,36.907,36.962,736404,0
2000-05-11,38.486,39.661,37.923,39.047,986803,0
2000-05-12,39.608,40.342,38.539,39.275,820166,0
2000-05-15,39.381,40.878,39.047,40.253,829987,0
2000-05-16,41.184,41.691,40.677,40.959,775250,0
2000-05-17,39.943,40.169,39.328,39.608,439987,0
2000-05-18,39.608,41.411,39.554,41.184,808356,0
2000-05-19,40.397,40.561,38.486,39.608,760242,0
2000-05-22,39.718,39.782,38.594,39.49,495054,0
2000-05-23,39.943,40.788,39.608,40.342,526508,0
2000-05-24,40.904,42.253,40.061,40.397,1066368,0
2000-05-25,40.397,41.184,40.169,40.731,1006666,0
2000-05-26,40.502,41.07,40.342,40.451,701420,0
2000-05-30,40.959,42.762,40.731,41.573,1154211,0
2000-05-31,42.081,42.698,41.747,42.535,1986183,0
2000-06-01,42.309,44.112,42.309,43.795,2422420,0
2000-06-02,45.346,47.148,45.288,46.133,1674096,0
2000-06-05,45.346,45.623,44.61,45.346,1466629,0
2000-06-06,45.461,45.461,44.501,44.729,1439371,0
2000-06-07,44.729,45.623,44.673,45.288,513153,0
2000-06-08,45.235,45.235,43.993,44.501,632888,0
2000-06-09,44.837,45.57,43.54,43.829,392976,0
2000-06-12,43.206,44.957,43.096,44.783,1007106,0
2000-06-13,44.837,45.57,44.729,45.399,523197,0
2000-06-14,45.797,48.381,45.797,47.564,1275383,0
2000-06-15,47.03,47.03,44.61,45.235,986360,0
2000-06-16,45.235,45.235,41.855,43.659,1381874,0
2000-06-19,43.54,43.993,42.419,42.869,1159177,0
2000-06-20,42.98,43.659,41.63,42.309,1618477,0
2000-06-21,40.731,41.911,40.677,41.63,1155646,0
2000-06-22,41.747,41.747,39.154,39.999,1915447,0
2000-06-23,39.999,40.451,39.437,39.554,1120665,0
2000-06-26,39.782,40.624,39.49,40.061,872033,0
2000-06-27,40.397,41.691,40.227,41.184,1214242,0
2000-06-28,41.747,42.481,41.184,41.956,1099586,0
2000-06-29,41.184,41.63,40.397,41.411,1585148,0
2000-06-30,41.294,41.63,40.061,40.169,973670,0
2000-07-03,40.502,40.904,40.169,40.841,291121,0
2000-07-05,40.841,42.138,40.451,41.012,720512,0
2000-07-06,40.904,43.206,40.731,43.206,994089,0
2000-07-07,43.206,45.399,43.041,44.33,1074753,0
2000-07-10,44.112,44.837,43.659,44.556,527063,0
2000-07-11,44.33,44.891,44.047,44.501,828003,0
2000-07-12,44.556,45.117,44.273,44.556,1131809,0
2000-07-13,46.241,47.373,45.797,46.187,1663832,0
2000-07-14,46.133,46.749,45.517,45.908,1132362,0
2000-07-17,45.681,45.743,44.837,45.21,701199,0
2000-07-18,45.681,47.656,45.461,47.203,829431,0
2000-07-19,47.255,48.163,47.03,47.934,796769,0
2000-07-20,47.934,50.41,47.656,49.957,1608326,0
2000-07-21,50.183,50.747,49.848,50.236,1328687,0
2000-07-24,50.973,51.761,47.934,48.552,1758079,0
2000-07-25,48.552,49.005,47.991,48.886,712787,0
2000-07-26,49.005,49.166,47.428,47.934,1156637,0
2000-07-27,48.046,51.423,47.934,50.918,1236097,0
2000-07-28,50.973,51.143,49.848,51.143,1616714,0
2000-07-31,51.307,53.337,51.251,52.746,1627860,0
2000-08-01,52.213,52.213,50.183,51.815,2439416,0
2000-08-02,51.815,51.988,49.166,50.012,1298557,0
2000-08-03,49.957,51.199,48.886,50.747,1676195,0
2000-08-04,50.747,53.055,50.584,53.002,2250485,0
2000-08-07,52.792,52.857,51.667,52.574,1174515,0
2000-08-08,52.515,53.356,51.841,52.003,1066924,0
2000-08-09,51.951,51.951,50.094,50.826,1244040,0
2000-08-10,50.826,51.335,49.984,50.321,387457,0
2000-08-11,50.321,51.335,49.53,51.054,645143,0
2000-08-14,51.107,51.951,50.427,51.724,549352,0
2000-08-15,51.496,51.563,48.969,49.196,879424,0
2000-08-16,49.53,50.037,49.423,49.586,807915,0
2000-08-17,49.53,50.211,49.25,49.957,579256,0
2000-08-18,49.813,49.866,49.143,49.474,534118,0
2000-08-21,49.647,51.162,49.423,50.88,893993,0
2000-08-22,51.335,52.857,51.217,52.287,1121987,0
2000-08-23,52.402,52.857,51.615,52.287,895866,0
2000-08-24,52.232,53.245,52.175,53.245,914739,0
2000-08-25,52.792,53.02,52.287,52.458,455439,0
2000-08-28,52.515,54.598,52.458,53.862,1277920,0
2000-08-29,54.088,54.486,52.792,54.143,917939,0
2000-08-30,53.808,54.54,53.301,53.755,554754,0
2000-08-31,53.755,55.504,53.755,54.333,950386,0
2000-09-01,55.44,55.44,53.698,54.143,783084,0
2000-09-05,54.143,56.23,54.143,55.051,1262803,0
2000-09-06,55.946,57.19,55.609,56.345,1526440,0
2000-09-07,56.28,58.537,55.721,57.642,2187914,0
2000-09-08,58.031,59.326,57.35,58.675,1276043,0
2000-09-11,58.927,59.552,58.366,59.153,1723205,0
2000-09-12,58.763,59.326,58.139,59.208,1265890,0
2000-09-13,58.763,60.059,58.648,59.436,1579523,0
2000-09-14,59.552,59.943,57.748,57.976,1314558,0
2000-09-15,57.976,59.436,57.469,57.642,1489471,0
2000-09-18,58.085,58.256,55.504,55.504,1747263,0
2000-09-19,55.721,57.577,55.384,56.573,1330890,0
2000-09-20,56.573,56.737,54.712,56.28,830314,0
2000-09-21,56.064,57.469,55.051,57.469,1244704,0
2000-09-22,57.242,58.99,56.573,58.99,1730161,0
2000-09-25,60.34,62.588,59.888,61.855,2609474,0
2000-09-26,63.042,63.606,59.832,60.195,1671229,0
2000-09-27,60.451,62.198,60.34,61.745,1079502,0
2000-09-28,62.424,64.618,62.198,64.338,1243930,0
2000-09-29,64.11,64.219,62.643,63.096,1365762,0
2000-10-02,62.923,63.832,61.292,63.495,921471,0
2000-10-03,64.284,65.969,63.042,63.936,1946016,0
2000-10-04,63.268,65.405,62.923,64.164,1425358,0
2000-10-05,64.164,65.915,64.164,64.618,1425022,0
2000-10-06,62.923,62.923,57.695,59.717,2505520,0
2000-10-09,59.717,60.397,58.708,60.059,1351751,0
2000-10-10,59.997,60.114,56.507,57.295,2076014,0
2000-10-11,56.737,59.153,55.946,58.874,2258100,0
2000-10-12,59.66,60.34,55.329,55.721,2548888,0
2000-10-13,55.609,61.129,55.051,61.012,1323720,0
2000-10-16,61.692,63.658,61.572,62.818,1484396,0
2000-10-17,63.268,63.711,58.763,59.498,1680941,0
2000-10-18,56.345,61.692,56.345,60.622,1496093,0
2000-10-19,61.8,63.43,61.356,61.918,1648717,0
2000-10-20,61.466,61.8,60.849,61.572,1576431,0
2000-10-23,60.785,60.849,57.469,59.208,1797254,0
2000-10-24,59.66,61.572,57.748,57.858,2181515,0
2000-10-25,55.839,55.839,52.458,54.26,2933919,0
2000-10-26,52.574,53.02,46.657,53.02,6118015,0
2000-10-27,53.02,55.275,50.88,54.54,2850049,0
2000-10-30,54.653,57.295,54.37,56.118,1128495,0
2000-10-31,55.609,57.19,53.925,56.853,1365762,0
2000-11-01,56.507,56.507,54.712,55.665,949831,0
2000-11-02,55.783,57.015,55.275,56.737,892116,0
2000-11-03,56.737,56.737,54.427,55.329,705060,0
2000-11-06,55.411,58.002,54.225,57.661,1020240,0
2000-11-07,57.661,59.236,57.268,57.94,1077845,0
2000-11-08,57.94,58.002,56.147,57.605,949612,0
2000-11-09,56.307,58.393,54.958,55.855,1613178,0
2000-11-10,55.638,55.638,52.821,53.328,1139094,0
2000-11-13,52.821,53.834,48.705,50.908,2678554,0
2000-11-14,52.203,53.555,50.509,52.14,1868546,0
2000-11-15,51.416,53.49,50.627,51.469,1999753,0
2000-11-16,50.908,51.978,49.839,49.839,1573234,0
2000-11-17,48.543,49.891,46.74,47.301,3032026,0
2000-11-20,46.848,46.905,41.33,44.656,4180169,0
2000-11-21,43.695,46.341,41.956,44.827,4047078,0
2000-11-22,46.403,46.403,43.586,43.64,1976250,0
2000-11-24,43.695,44.882,43.695,44.709,570870,0
2000-11-27,46.848,49.215,46.687,48.599,2313168,0
2000-11-28,48.653,49.441,47.809,48.09,1907170,0
2000-11-29,48.314,51.017,48.2,50.791,1963667,0
2000-11-30,50.055,51.579,48.705,50.283,2865387,0
2000-12-01,50.509,52.14,50.453,51.242,1878035,0
2000-12-04,49.33,49.615,47.692,48.761,2412600,0
2000-12-05,49.493,53.89,48.933,53.328,2611016,0
2000-12-06,52.713,56.201,52.14,52.538,2543480,0
2000-12-07,52.259,53.834,51.808,52.259,1714266,0
2000-12-08,53.89,54.225,52.992,53.49,1467841,0
2000-12-11,53.555,55.358,53.208,54.626,934492,0
2000-12-12,54.626,54.675,53.157,53.716,945970,0
2000-12-13,54.279,54.626,52.313,52.313,1197581,0
2000-12-14,52.366,52.874,50.908,52.203,1888186,0
2000-12-15,52.203,52.713,51.124,52.032,2089258,0
2000-12-18,53.382,55.358,53.157,54.568,1708640,0
2000-12-19,54.343,55.465,52.591,52.821,1494661,0
2000-12-20,52.259,53.328,51.242,52.992,1423370,0
2000-12-21,53.273,54.171,51.978,53.49,1324823,0
2000-12-22,54.171,55.801,54.061,55.574,1175954,0
2000-12-26,55.638,56.76,55.186,56.76,595811,0
2000-12-27,56.989,57.886,56.081,57.043,1432308,0
2000-12-28,57.268,59.86,57.151,59.074,964619,0
2000-12-29,60.587,61.266,59.18,59.299,856361,0
2001-01-02,58.22,58.22,55.014,55.801,1374374,0
2001-01-03,55.186,61.945,54.504,60.368,2161097,0
2001-01-04,59.688,63.46,59.299,60.368,3425004,0
2001-01-05,55.52,58.51,55.52,58.11,2231723,0
2001-01-08,58.11,58.51,55.855,56.48,1741305,0
2001-01-09,56.935,57.494,54.343,54.731,1408582,0
2001-01-10,54.504,56.76,54.225,56.709,1224180,0
2001-01-11,56.709,59.744,56.709,57.323,1333096,0
2001-01-12,57.433,58.564,56.709,57.268,1023108,0
2001-01-16,57.886,59.582,57.217,58.282,1381874,0
2001-01-17,59.462,61.212,59.127,59.582,2760772,0
2001-01-18,58.728,59.916,55.919,57.217,4332900,0
2001-01-19,55.638,56.081,54.343,55.358,4252894,0
2001-01-22,54.958,57.151,54.568,56.201,3151982,0
2001-01-23,56.427,57.379,56.255,56.76,1537700,0
2001-01-24,57.096,59.18,56.709,59.074,1771320,0
2001-01-25,58.846,59.009,57.549,58.058,1192948,0
2001-01-26,58.058,59.18,57.043,59.127,985586,0
2001-01-29,59.119,61.24,59.1,60.587,1757746,0
2001-01-30,60.587,60.721,58.564,58.564,3514282,0
2001-01-31,58.11,58.11,55.883,56.78,2357199,0
2001-02-01,56.853,56.853,55.855,56.335,1658098,0
2001-02-02,56.489,57.651,55.465,55.711,1212699,0
2001-02-05,55.647,55.855,55.005,55.638,966714,0
2001-02-06,55.629,56.382,54.588,55.756,1395782,0
2001-02-07,55.756,57.388,55.448,55.448,1051691,0
2001-02-08,55.475,57.096,55.475,55.619,1315773,0
2001-02-09,55.574,57.061,55.304,56.098,856248,0
2001-02-12,55.883,57.461,55.883,57.461,1163590,0
2001-02-13,57.549,57.958,56.335,56.335,874790,0
2001-02-14,56.345,56.563,54.078,54.171,1473689,0
2001-02-15,54.397,55.304,52.555,55.005,2684626,0
2001-02-16,55.005,55.855,54.444,54.533,1408690,0
2001-02-20,53.944,54.721,51.877,52.185,1808842,0
2001-02-21,52.14,52.149,49.939,50.338,2262183,0
2001-02-22,50.338,50.338,45.605,49.457,3300852,0
2001-02-23,49.395,50.918,47.944,50.609,2084177,0
2001-02-26,50.908,51.217,48.752,50.03,2128432,0
2001-02-27,49.939,52.546,48.842,52.175,2612675,0
2001-02-28,52.402,52.411,48.761,49.803,1773863,0
2001-03-01,50.293,50.338,49.014,50.293,1325043,0
2001-03-02,50.293,52.277,49.891,51.606,1175729,0
2001-03-05,52.955,53.002,50.609,51.162,1380882,0
2001-03-06,51.387,53.273,50.944,51.606,864197,0
2001-03-07,51.833,52.222,50.472,51.397,1651365,0
2001-03-08,51.696,52.195,51.335,51.798,968592,0
2001-03-09,51.798,51.833,50.12,51.071,1048933,0
2001-03-12,50.383,50.383,46.867,46.995,1866009,0
2001-03-13,48.314,50.03,47.545,49.839,1745609,0
2001-03-14,47.864,49.215,46.74,48.226,1733250,0
2001-03-15,49.077,49.939,48.714,48.78,2114858,0
2001-03-16,48.78,49.605,48.133,49.014,1859829,0
2001-03-19,49.24,49.721,47.139,48.616,1664385,0
2001-03-20,48.67,49.166,46.559,46.602,1803762,0
2001-03-21,46.014,46.947,44.349,44.349,2962501,0
2001-03-22,43.668,44.169,42.272,43.123,3822727,0
2001-03-23,43.487,46.421,43.269,46.005,1861702,0
2001-03-26,46.696,47.855,45.48,46.159,1350752,0
2001-03-27,46.152,49.441,45.562,49.105,2273329,0
2001-03-28,48.046,50.03,47.773,49.53,2483336,0
2001-03-29,49.166,49.665,46.957,47.773,3323914,0
2001-03-30,48.314,50.03,48.081,50.03,2718503,0
2001-04-02,48.314,50.944,47.683,50.609,2981594,0
2001-04-03,50.255,50.65,48.533,48.533,1980447,0
2001-04-04,48.533,48.969,46.523,47.185,1443563,0
2001-04-05,48.181,49.839,48.055,49.631,1463429,0
2001-04-06,48.896,50.003,48.306,48.48,1304075,0
2001-04-09,48.49,49.848,48.49,49.578,1695175,0
2001-04-10,50.338,53.092,50.111,52.458,2503197,0
2001-04-11,55.348,55.42,53.763,54.198,3660058,0
2001-04-12,53.545,54.533,53.227,53.853,2067628,0
2001-04-16,54.036,54.712,52.821,53.227,1212478,0
2001-04-17,53.227,54.894,52.63,52.63,1819768,0
2001-04-18,54.668,59.806,54.636,59.488,4030524,0
2001-04-19,58.139,59.093,56.345,57.478,3453583,0
2001-04-20,56.246,57.115,56.155,56.699,2250155,0
2001-04-23,56.789,56.971,55.711,56.211,1349761,0
2001-04-24,56.155,56.653,54.894,55.348,1292377,0
2001-04-25,55.348,56.064,54.559,55.846,1429106,0
2001-04-26,55.792,57.233,55.609,56.58,1125738,0
2001-04-27,57.416,57.868,56.971,57.676,941776,0
2001-04-30,57.777,58.546,56.355,56.663,1098374,0
2001-05-01,56.436,57.634,55.929,57.568,978522,0
2001-05-02,57.568,58.491,57.233,58.085,851064,0
2001-05-03,57.868,58.501,56.789,57.161,1405380,0
2001-05-04,56.29,59.127,55.565,58.691,2104043,0
2001-05-07,58.772,59.1,58.431,58.837,1417409,0
2001-05-08,58.168,58.491,57.73,57.894,1746713,0
2001-05-09,57.077,57.487,56.624,57.487,1996779,0
2001-05-10,58.168,58.657,57.35,57.531,1389599,0
2001-05-11,57.531,58.519,57.251,57.695,1738325,0
2001-05-14,57.559,58.13,56.719,57.024,1001367,0
2001-05-15,57.171,58.212,56.298,58.012,1552267,0
2001-05-16,57.443,60.232,56.998,60.059,2040921,0
2001-05-17,59.896,60.64,59.626,60.204,2327071,0
2001-05-18,60.114,60.413,58.972,60.033,911981,0
2001-05-21,59.879,62.217,59.488,62.188,1235652,0
2001-05-22,63.123,65.453,62.897,64.98,3836299,0
2001-05-23,64.662,64.719,62.352,62.67,4104354,0
2001-05-24,62.489,62.852,60.912,61.328,1854862,0
2001-05-25,60.28,61.174,60.28,60.622,866403,0
2001-05-29,61.502,61.59,59.823,60.059,1141410,0
2001-05-30,59.925,60.721,58.612,59.19,1536701,0
2001-05-31,59.879,59.916,58.556,58.708,1186655,0
2001-06-01,59.335,60.46,58.339,60.46,1330228,0
2001-06-04,60.232,60.867,59.534,60.867,1026751,0
2001-06-05,60.777,62.217,60.694,62.217,1213693,0
2001-06-06,61.638,61.648,59.66,59.744,1564293,0
2001-06-07,59.608,59.617,58.718,59.617,1245915,0
2001-06-08,59.498,59.734,59.018,59.381,645803,0
2001-06-11,59.381,60.388,58.621,59.084,1309369,0
2001-06-12,57.913,59.153,57.061,59.055,1659860,0
2001-06-13,58.51,59.018,57.115,57.359,1830800,0
2001-06-14,56.09,56.238,53.925,54.549,3040192,0
2001-06-15,53.198,55.348,53.198,54.333,3247882,0
2001-06-18,54.106,54.198,52.746,53.408,2187143,0
2001-06-19,54.378,54.815,53.745,54.215,1790963,0
2001-06-20,54.378,55.456,54.106,54.559,2221020,0
2001-06-21,54.913,57.171,54.684,56.719,2539289,0
2001-06-22,56.935,56.935,55.319,55.846,1331221,0
2001-06-25,55.938,56.019,53.745,54.477,1394127,0
2001-06-26,52.839,53.88,52.839,53.698,2001855,0
2001-06-27,54.106,55.041,52.304,52.304,4212392,0
2001-06-28,52.621,55.411,52.621,54.549,3545841,0
2001-06-29,54.287,55.375,53.925,54.244,2406969,0
2001-07-02,54.643,55.411,54.287,54.986,1747926,0
2001-07-03,54.958,55.329,54.712,55.031,1020240,0
2001-07-05,55.031,56.046,54.739,55.91,2361170,0
2001-07-06,55.91,55.955,53.89,54.215,1499733,0
2001-07-09,54.333,54.378,52.893,53.436,2189349,0
2001-07-10,53.745,54.088,52.839,53.198,2083520,0
2001-07-11,53.111,53.337,51.696,53.149,2073918,0
2001-07-12,55.231,57.077,54.778,56.935,3138960,0
2001-07-13,56.898,59.427,56.672,59.161,3221397,0
2001-07-16,59.161,59.879,57.822,58.357,1878590,0
2001-07-17,58.076,60.64,58.076,60.422,2317030,0
2001-07-18,59.246,60.432,58.319,59.046,3336719,0
2001-07-19,59.153,59.246,56.019,57.07,3773506,0
2001-07-20,57.487,57.531,56.316,57.199,2322657,0
2001-07-23,57.35,57.985,57.106,57.285,1577427,0
2001-07-24,57.295,58.139,55.721,56.127,1674209,0
2001-07-25,57.305,57.305,55.275,56.137,1286859,0
2001-07-27,56.27,58.291,56.27,58.039,1013948,0
2001-07-30,58.039,58.386,56.355,56.963,1057760,0
2001-07-31,56.963,59.153,56.963,57.958,1642866,0
2001-08-01,57.94,60.178,57.713,59.218,1169551,0
2001-08-02,59.79,60.17,59.199,59.427,1270968,0
2001-08-03,59.427,59.427,58.44,59.236,728129,0
2001-08-06,59.453,60.124,58.448,58.593,725258,0
2001-08-07,58.546,59.453,57.931,58.002,961529,0
2001-08-08,57.913,57.913,56.147,56.41,1772979,0
2001-08-09,56.41,56.418,54.684,56.127,2050853,0
2001-08-10,56.127,56.326,54.85,55.946,1303082,0
2001-08-13,56.246,56.989,55.059,56.737,1413880,0
2001-08-14,56.833,58.094,56.833,57.842,1316214,0
2001-08-15,57.842,58.339,56.88,57.388,1060962,0
2001-08-16,57.171,57.171,55.213,55.929,1482849,0
2001-08-17,55.746,55.756,54.352,55.041,1405930,0
2001-08-20,55.166,56.118,55.051,55.783,885938,0
2001-08-21,55.946,56.372,53.517,53.555,1695064,0
2001-08-22,54.036,54.712,52.883,54.352,2832062,0
2001-08-23,54.352,54.85,53.944,54.315,1105213,0
2001-08-24,54.452,54.568,52.051,53.364,3329105,0
2001-08-27,53.408,53.408,52.574,53.027,1869429,0
2001-08-28,53.182,53.273,51.124,51.778,2192658,0
2001-08-29,51.778,52.094,50.593,51.134,1975701,0
2001-08-30,50.427,50.791,49.032,49.831,3325463,0
2001-08-31,49.839,50.699,49.349,50.165,2113422,0
2001-09-04,48.263,49.232,46.232,47.59,6976364,0
2001-09-05,47.763,47.991,45.777,47.347,4381125,0
2001-09-06,47.005,47.005,44.837,45.327,3430189,0
2001-09-07,43.839,44.974,43.349,43.75,4570278,0
2001-09-10,43.387,46.278,43.387,45.434,3761700,0
2001-09-17,40.597,42.173,39.246,40.522,4319770,0
2001-09-18,41.012,41.051,37.57,37.852,3370485,0
2001-09-19,37.975,38.747,33.89,36.157,3929771,0
2001-09-20,36.157,36.311,34.417,36.037,3224706,0
2001-09-21,34.779,36.082,32.838,36.082,5707603,0
2001-09-24,39.246,39.872,38.34,38.839,4526247,0
2001-09-25,38.973,40.235,37.805,38.61,3407457,0
2001-09-26,39.69,40.217,38.702,39.481,2996822,0
2001-09-27,39.69,40.169,38.34,39.437,2360733,0
2001-09-28,40.235,41.991,39.798,41.521,3147015,0
2001-10-01,41.719,42.626,41.385,41.991,2221132,0
2001-10-02,42.173,42.779,41.494,42.419,2272004,0
2001-10-03,42.156,43.914,41.63,43.758,2233601,0
2001-10-04,44.292,44.891,43.123,43.349,2098525,0
2001-10-05,42.852,43.214,41.385,42.399,2330163,0
2001-10-08,42.409,42.409,40.597,40.949,1605679,0
2001-10-09,41.366,42.216,40.949,41.366,1710074,0
2001-10-10,41.466,43.568,41.051,43.279,1963451,0
2001-10-11,44.02,45.336,42.309,43.031,3573763,0
2001-10-12,43.031,43.031,38.383,40.416,8807609,0
2001-10-15,40.416,40.46,37.941,38.34,5594377,0
2001-10-16,38.564,40.597,38.232,38.912,4314249,0
2001-10-17,44.201,44.201,43.153,43.206,10342986,0
2001-10-18,43.613,44.519,43.05,43.885,3627064,0
2001-10-19,43.078,43.503,41.051,43.008,8214110,0
2001-10-22,43.123,44.246,42.182,42.99,4960272,0
2001-10-23,42.999,43.64,42.49,42.944,3297874,0
2001-10-24,42.953,43.078,40.869,41.366,5864861,0
2001-10-25,41.276,41.81,38.792,40.426,7157234,0
2001-10-26,40.426,42.11,40.071,41.6,3840608,0
2001-10-29,41.14,41.147,40.143,40.152,4477245,0
2001-10-30,40.052,40.133,38.792,39.302,3244018,0
2001-10-31,39.337,39.51,36.989,37.269,6590559,0
2001-11-01,37.705,39.872,37.214,39.199,6606009,0
2001-11-02,39.154,40.179,38.468,39.726,3644058,0
2001-11-05,39.726,40.804,39.726,40.397,1903856,0
2001-11-06,40.578,42.972,40.169,42.544,3866314,0
2001-11-07,42.427,45.145,42.201,44.919,5133201,0
2001-11-08,45.135,48.742,44.827,45.135,5395848,0
2001-11-09,45.135,46.305,44.056,45.717,2975964,0
2001-11-12,45.725,46.938,44.367,46.757,3193364,0
2001-11-13,47.484,48.96,46.848,48.634,3986271,0
2001-11-14,48.923,49.287,48.409,49.196,3690298,0
2001-11-15,48.245,50.192,48.018,49.313,3525313,0
2001-11-16,47.864,48.426,46.124,46.848,4476251,0
2001-11-19,46.848,47.953,45.834,46.803,3206386,0
2001-11-20,46.812,46.812,45.852,46.143,2645116,0
2001-11-21,46.152,46.486,44.827,45.499,2941090,0
2001-11-23,45.507,47.047,45.451,46.975,1121767,0
2001-11-26,47.437,48.018,46.714,47.901,1723977,0
2001-11-27,47.675,49.647,47.675,49.149,3113028,0
2001-11-28,48.923,48.933,46.938,46.975,1962125,0
2001-11-29,46.975,47.392,46.486,46.486,2562018,0
2001-11-30,45.317,46.213,45.135,45.164,3759490,0
2001-12-03,44.591,44.601,43.503,43.821,3288271,0
2001-12-04,44.458,45.364,43.993,45.271,3115455,0
2001-12-05,45.182,47.392,45.182,46.35,1984201,0
2001-12-06,46.486,48.653,46.44,48.298,2296503,0
2001-12-07,47.392,47.709,46.44,47.005,2550321,0
2001-12-10,46.486,46.886,45.135,45.226,1995342,0
2001-12-11,46.032,47.166,45.76,46.106,2893640,0
2001-12-12,45.545,45.623,43.777,44.709,3880109,0
2001-12-13,44.32,45.027,43.549,43.596,2537962,0
2001-12-14,43.688,44.229,41.974,43.232,2744439,0
2001-12-17,43.324,44.981,43.241,44.185,1613401,0
2001-12-18,44.799,45.76,44.665,45.21,2019185,0
2001-12-19,45.217,47.12,45.045,46.667,2334906,0
2001-12-20,46.677,47.392,46.143,46.305,2591152,0
2001-12-21,46.532,46.532,45.336,45.451,2343187,0
2001-12-24,45.499,45.87,45.409,45.48,415931,0
2001-12-26,45.451,46.677,45.364,46.341,1529089,0
2001-12-27,46.305,48.098,46.305,47.665,1385406,0
2001-12-28,47.665,49.702,47.665,49.405,2443496,0
2001-12-31,49.405,49.831,48.634,48.695,2026573,0
