Date,Open,High,Low,Close,Volume,OpenInt
1995-01-03,8.5347,8.5778,8.4137,8.5778,108245,0
1995-01-04,8.5347,8.5778,8.2928,8.4137,58802,0
1995-01-05,8.4567,8.5778,8.3789,8.5778,66871,0
1995-01-06,8.5347,8.6991,8.4916,8.6557,100177,0
1995-01-09,8.5347,8.7334,8.5347,8.7334,99656,0
1995-01-10,8.6557,8.6557,8.4137,8.4567,280757,0
1995-01-11,8.4916,8.6557,8.4916,8.6557,123858,0
1995-01-12,8.6125,8.6991,8.5347,8.6991,68693,0
1995-01-13,8.6991,8.7768,8.5778,8.5778,95754,0
1995-01-16,8.6125,8.7334,8.5347,8.5778,54384,0
1995-01-17,8.5347,8.7334,8.5347,8.7334,96271,0
1995-01-18,8.6991,8.7334,8.6557,8.6557,199575,0
1995-01-19,8.6557,8.6991,8.6557,8.6991,24719,0
1995-01-20,8.6991,8.6991,8.6557,8.6991,45017,0
1995-01-23,8.6557,8.8971,8.5778,8.6991,120475,0
1995-01-24,8.7768,8.7768,8.6557,8.6557,236785,0
1995-01-25,8.6991,8.7768,8.6125,8.7334,84824,0
1995-01-26,8.7768,8.7768,8.6991,8.7334,21856,0
1995-01-27,8.7334,8.7334,8.6557,8.6557,41891,0
1995-01-30,8.6557,8.6557,8.6557,8.6557,14312,0
1995-01-31,8.6991,8.8115,8.6557,8.7768,192550,0
1995-02-01,8.8971,8.8971,8.6991,8.6991,54121,0
1995-02-02,8.7334,8.8115,8.7334,8.7768,86648,0
1995-02-03,8.8115,8.8971,8.8115,8.8115,120736,0
1995-02-06,8.8548,8.9755,8.7768,8.8115,63752,0
1995-02-07,8.8971,9.0968,8.8115,9.0193,145454,0
1995-02-08,9.0193,9.0968,8.9755,9.0193,115791,0
1995-02-09,8.9324,9.0539,8.9324,9.0193,123858,0
1995-02-10,9.0539,9.1394,9.0539,9.0968,59587,0
1995-02-13,9.0968,9.4144,9.0968,9.3734,100177,0
1995-02-14,9.341,9.581,9.341,9.4594,248751,0
1995-02-15,9.4594,9.816,9.4594,9.781,280757,0
1995-02-16,9.737,9.737,9.539,9.737,443124,0
1995-02-17,9.737,9.737,9.615,9.615,94973,0
1995-02-21,9.615,9.693,9.615,9.659,368706,0
1995-02-22,9.615,9.737,9.615,9.737,181879,0
1995-02-23,9.781,9.934,9.737,9.816,246672,0
1995-02-24,9.816,9.934,9.737,9.781,171215,0
1995-02-27,9.693,9.693,9.581,9.581,100699,0
1995-02-28,9.615,9.659,9.539,9.659,55945,0
1995-03-01,9.659,9.659,9.615,9.659,186305,0
1995-03-02,9.615,9.659,9.4953,9.4953,138166,0
1995-03-03,9.521,9.557,9.4328,9.4328,123858,0
1995-03-06,9.4773,9.719,9.4328,9.719,56205,0
1995-03-07,9.883,9.918,9.557,9.641,208425,0
1995-03-08,9.641,9.641,9.597,9.597,163928,0
1995-03-09,9.641,9.641,9.557,9.597,80664,0
1995-03-10,9.557,9.762,9.557,9.762,134523,0
1995-03-13,9.762,9.798,9.641,9.676,181098,0
1995-03-14,9.719,9.719,9.597,9.597,92113,0
1995-03-15,9.521,9.641,9.521,9.557,210767,0
1995-03-16,9.557,9.676,9.4328,9.4328,217789,0
1995-03-17,9.521,9.676,9.521,9.676,243552,0
1995-03-20,9.676,9.676,9.4773,9.4773,121511,0
1995-03-21,9.4773,9.641,9.4773,9.641,57766,0
1995-03-22,9.597,9.641,9.521,9.521,48398,0
1995-03-23,9.521,9.597,9.4328,9.597,88211,0
1995-03-24,9.597,9.719,9.557,9.641,123596,0
1995-03-27,9.719,9.762,9.676,9.762,60627,0
1995-03-28,9.676,9.762,9.641,9.676,79102,0
1995-03-29,9.641,9.676,9.557,9.597,33308,0
1995-03-30,9.641,9.762,9.557,9.719,102259,0
1995-03-31,9.762,9.918,9.719,9.798,135568,0
1995-04-03,9.883,10.006,9.883,9.918,101998,0
1995-04-04,9.883,10.04,9.883,10.006,389263,0
1995-04-05,9.961,9.961,9.841,9.883,53862,0
1995-04-06,9.798,9.798,9.719,9.762,142330,0
1995-04-07,9.798,9.961,9.798,9.918,137647,0
1995-04-10,9.918,9.961,9.883,9.961,127759,0
1995-04-11,10.006,10.006,9.841,9.883,20554,0
1995-04-12,9.841,9.961,9.762,9.961,58546,0
1995-04-13,9.961,10.204,9.961,10.006,136865,0
1995-04-17,10.082,10.082,9.762,9.798,106164,0
1995-04-18,9.883,10.159,9.798,9.883,195153,0
1995-04-19,9.883,10.04,9.883,10.04,97055,0
1995-04-20,10.006,10.006,9.798,9.918,69734,0
1995-04-21,10.006,10.324,9.918,10.282,154040,0
1995-04-24,10.448,11.094,10.403,10.929,1356176,0
1995-04-25,10.887,10.887,10.566,10.644,549545,0
1995-04-26,10.644,10.689,10.611,10.611,275033,0
1995-04-27,10.644,10.853,10.611,10.808,160542,0
1995-04-28,10.808,11.214,10.808,11.214,250574,0
1995-05-01,11.214,11.371,11.173,11.371,349189,0
1995-05-02,11.328,11.371,11.094,11.13,158202,0
1995-05-03,11.173,11.448,11.13,11.371,758490,0
1995-05-04,11.371,11.492,11.248,11.248,197496,0
1995-05-05,11.328,11.328,11.007,11.094,126197,0
1995-05-08,11.094,11.173,11.05,11.05,253436,0
1995-05-09,11.13,11.294,11.13,11.214,118391,0
1995-05-10,11.214,11.214,11.05,11.094,194113,0
1995-05-11,11.173,11.492,11.173,11.371,246929,0
1995-05-12,11.371,11.415,11.328,11.371,41375,0
1995-05-15,11.415,11.415,11.328,11.328,76761,0
1995-05-16,11.415,11.415,11.328,11.328,58023,0
1995-05-17,11.294,11.371,11.214,11.294,258901,0
1995-05-18,11.328,11.328,11.13,11.13,45534,0
1995-05-19,10.974,11.007,10.887,11.007,212585,0
1995-05-22,10.974,11.13,10.929,11.13,119954,0
1995-05-23,11.13,11.214,11.05,11.214,85869,0
1995-05-24,11.248,11.248,10.974,11.094,109806,0
1995-05-25,11.13,11.13,10.808,10.808,134002,0
1995-05-26,10.929,11.094,10.929,11.007,156904,0
1995-05-30,11.007,11.007,10.808,10.929,479033,0
1995-05-31,10.915,11.112,10.915,11.112,211802,0
1995-06-01,11.112,11.156,11.032,11.032,238862,0
1995-06-02,11.032,11.032,10.948,11.032,248235,0
1995-06-05,10.99,11.354,10.99,11.31,329156,0
1995-06-06,11.276,11.397,11.276,11.354,117869,0
1995-06-07,11.276,11.397,11.276,11.31,192550,0
1995-06-08,11.31,11.354,11.276,11.354,30444,0
1995-06-09,11.31,11.432,11.276,11.354,371310,0
1995-06-12,11.31,11.397,11.31,11.354,195410,0
1995-06-13,11.432,11.561,11.432,11.517,47095,0
1995-06-14,11.561,11.597,11.397,11.597,176678,0
1995-06-15,11.597,11.715,11.561,11.561,153520,0
1995-06-16,11.681,11.84,11.681,11.84,657791,0
1995-06-19,11.84,11.84,11.681,11.681,83787,0
1995-06-20,11.715,11.921,11.715,11.921,56465,0
1995-06-21,11.84,12.004,11.84,11.84,151698,0
1995-06-22,11.88,12.288,11.88,12.288,214665,0
1995-06-23,12.244,12.485,12.209,12.452,320831,0
1995-06-26,12.408,12.531,12.288,12.288,144150,0
1995-06-27,12.209,12.209,11.959,12.004,95754,0
1995-06-28,11.921,11.921,11.64,11.681,544863,0
1995-06-29,11.76,11.805,11.76,11.76,201659,0
1995-06-30,11.805,11.88,11.715,11.76,378856,0
1995-07-03,11.805,11.959,11.805,11.921,137647,0
1995-07-05,11.959,12.087,11.921,11.921,244848,0
1995-07-06,11.959,12.331,11.921,12.331,165488,0
1995-07-07,12.288,12.452,12.244,12.452,160803,0
1995-07-10,12.452,12.606,12.408,12.572,94713,0
1995-07-11,12.572,12.815,12.572,12.651,227678,0
1995-07-12,12.606,12.606,12.572,12.572,79883,0
1995-07-13,12.572,12.651,12.531,12.606,122814,0
1995-07-14,12.572,12.651,12.408,12.485,75458,0
1995-07-17,12.485,12.572,12.366,12.572,82487,0
1995-07-18,12.485,12.651,12.366,12.651,79361,0
1995-07-19,12.606,12.694,12.366,12.408,77280,0
1995-07-20,12.408,12.408,12.288,12.288,116570,0
1995-07-21,12.209,12.244,12.123,12.167,150656,0
1995-07-24,12.167,12.167,11.88,11.921,435056,0
1995-07-25,11.921,12.087,11.88,12.087,410600,0
1995-07-26,12.123,12.123,12.044,12.123,98878,0
1995-07-27,12.123,12.123,12.044,12.087,81964,0
1995-07-28,12.123,12.167,11.959,12.004,117093,0
1995-07-31,12.004,12.004,11.84,12.004,55945,0
1995-08-01,12.004,12.004,11.921,12.004,113705,0
1995-08-02,12.004,12.004,11.921,11.959,29662,0
1995-08-03,11.921,11.959,11.88,11.959,64788,0
1995-08-04,12.004,12.004,11.84,11.921,70514,0
1995-08-07,11.959,11.959,11.88,11.959,23159,0
1995-08-08,11.921,11.959,11.84,11.88,36949,0
1995-08-09,11.84,11.959,11.84,11.921,159765,0
1995-08-10,11.959,11.959,11.805,11.921,52562,0
1995-08-11,11.84,11.921,11.805,11.84,71295,0
1995-08-14,11.76,11.959,11.76,11.921,125680,0
1995-08-15,11.921,12.004,11.84,12.004,72078,0
1995-08-16,12.044,12.087,11.921,12.004,176414,0
1995-08-17,12.004,12.044,11.921,11.959,49697,0
1995-08-18,12.004,12.044,11.921,12.044,85869,0
1995-08-21,12.087,12.209,12.087,12.087,35389,0
1995-08-22,12.044,12.244,12.004,12.244,36949,0
1995-08-23,12.167,12.167,11.959,11.959,27842,0
1995-08-24,12.004,12.004,11.84,11.921,277115,0
1995-08-25,11.921,11.959,11.715,11.805,92113,0
1995-08-28,11.84,11.84,11.715,11.805,50479,0
1995-08-29,11.681,11.805,11.681,11.715,90810,0
1995-08-30,11.681,11.76,11.64,11.715,41112,0
1995-08-31,11.715,11.76,11.64,11.681,104862,0
1995-09-01,11.623,11.697,11.623,11.657,21856,0
1995-09-05,11.657,11.778,11.415,11.778,184747,0
1995-09-06,11.742,11.903,11.697,11.903,95754,0
1995-09-07,11.903,12.062,11.903,12.062,172514,0
1995-09-08,12.106,12.106,11.903,11.903,95497,0
1995-09-11,11.903,11.94,11.823,11.823,93151,0
1995-09-12,11.866,11.903,11.823,11.903,105380,0
1995-09-13,11.903,11.903,11.823,11.866,130882,0
1995-09-14,11.903,11.903,11.823,11.866,138429,0
1995-09-15,11.866,11.866,11.742,11.742,318748,0
1995-09-18,11.742,11.742,11.534,11.534,49697,0
1995-09-19,11.456,11.492,11.206,11.294,139987,0
1995-09-20,11.248,11.415,11.248,11.415,155863,0
1995-09-21,11.415,11.415,11.294,11.337,93151,0
1995-09-22,11.173,11.248,11.085,11.173,53862,0
1995-09-25,11.173,11.173,10.965,11.007,43977,0
1995-09-26,11.05,11.05,10.766,10.766,104601,0
1995-09-27,10.799,10.799,9.781,10.195,1421225,0
1995-09-28,10.35,11.05,10.35,11.05,870635,0
1995-09-29,11.085,11.294,11.085,11.248,595341,0
1995-10-02,11.206,11.206,11.007,11.085,351792,0
1995-10-03,11.13,11.206,11.007,11.05,266188,0
1995-10-04,10.965,11.007,10.887,10.965,133486,0
1995-10-05,10.922,11.206,10.922,11.206,147018,0
1995-10-06,11.206,11.294,11.13,11.294,108245,0
1995-10-09,11.206,11.294,11.13,11.173,191768,0
1995-10-10,11.13,11.294,10.965,11.13,224554,0
1995-10-11,11.13,11.337,11.13,11.206,51521,0
1995-10-12,11.371,11.415,11.294,11.294,61408,0
1995-10-13,11.337,11.337,11.206,11.248,113446,0
1995-10-16,11.248,11.248,11.13,11.13,310683,0
1995-10-17,11.206,11.206,11.085,11.13,51521,0
1995-10-18,11.085,11.173,11.007,11.007,38769,0
1995-10-19,11.007,11.13,10.922,10.965,632291,0
1995-10-20,11.007,11.05,10.965,10.965,66351,0
1995-10-23,11.05,11.05,10.681,10.843,258382,0
1995-10-24,10.843,11.294,10.843,11.173,386140,0
1995-10-25,11.248,11.371,11.05,11.05,148836,0
1995-10-26,10.965,11.173,10.965,11.05,105380,0
1995-10-27,11.05,11.415,11.05,11.337,139209,0
1995-10-30,11.248,11.248,11.206,11.248,103822,0
1995-10-31,11.248,11.579,11.248,11.534,113970,0
1995-11-01,11.456,11.657,11.415,11.657,109806,0
1995-11-02,11.579,11.697,11.579,11.697,83524,0
1995-11-03,11.534,11.742,11.534,11.742,101218,0
1995-11-06,11.778,11.866,11.778,11.866,38769,0
1995-11-07,11.823,11.94,11.778,11.866,44496,0
1995-11-08,11.778,11.94,11.778,11.94,85086,0
1995-11-09,11.94,11.94,11.778,11.778,78060,0
1995-11-10,11.697,11.94,11.697,11.94,55160,0
1995-11-13,11.903,11.94,11.742,11.742,109544,0
1995-11-14,11.657,11.657,11.456,11.492,274513,0
1995-11-15,11.534,11.534,11.371,11.415,164450,0
1995-11-16,11.415,11.415,11.371,11.415,85343,0
1995-11-17,11.415,11.415,11.337,11.371,134263,0
1995-11-20,11.371,11.456,11.248,11.248,1248189,0
1995-11-21,11.248,11.456,11.248,11.456,241467,0
1995-11-22,11.456,11.534,11.337,11.534,97575,0
1995-11-24,11.534,11.534,11.492,11.492,6502,0
1995-11-27,11.492,11.534,11.415,11.534,135046,0
1995-11-28,11.456,11.534,11.294,11.534,119954,0
1995-11-29,11.623,11.623,11.337,11.456,165229,0
1995-11-30,11.371,11.371,11.085,11.13,215190,0
1995-12-01,11.189,11.276,11.112,11.189,212847,0
1995-12-04,11.276,11.354,11.112,11.148,191253,0
1995-12-05,11.148,11.148,11.025,11.148,1010366,0
1995-12-06,11.148,11.31,11.148,11.23,608354,0
1995-12-07,11.23,11.31,11.148,11.148,278155,0
1995-12-08,11.23,11.23,11.112,11.23,227157,0
1995-12-11,11.23,11.76,11.23,11.681,162364,0
1995-12-12,11.606,11.805,11.517,11.561,214144,0
1995-12-13,11.517,11.805,11.517,11.76,183446,0
1995-12-14,11.64,12.176,11.64,12.176,195932,0
1995-12-15,12.253,12.418,12.253,12.381,323432,0
1995-12-18,12.461,12.581,12.253,12.339,241988,0
1995-12-19,12.253,12.253,12.013,12.132,482416,0
1995-12-20,12.132,12.381,12.132,12.176,124898,0
1995-12-21,12.219,12.297,12.132,12.176,74418,0
1995-12-22,12.219,12.504,12.176,12.504,63228,0
1995-12-26,12.504,12.504,12.219,12.219,58023,0
1995-12-27,12.297,12.339,12.132,12.132,75716,0
1995-12-28,12.132,12.132,12.053,12.087,81444,0
1995-12-29,12.087,12.087,12.013,12.087,197236,0
1996-01-02,12.053,12.132,12.013,12.132,201659,0
1996-01-03,12.087,12.253,12.087,12.219,81702,0
1996-01-04,12.219,12.339,12.132,12.253,59327,0
1996-01-05,12.253,12.418,12.219,12.418,220651,0
1996-01-08,12.381,12.461,12.253,12.297,37989,0
1996-01-09,12.339,12.381,12.219,12.339,199836,0
1996-01-10,12.297,12.297,11.968,12.087,321351,0
1996-01-11,12.087,12.219,12.013,12.219,151960,0
1996-01-12,12.219,12.219,11.805,11.968,100959,0
1996-01-15,11.968,12.219,11.968,12.132,167049,0
1996-01-16,12.176,12.176,11.849,11.968,376254,0
1996-01-17,11.968,12.132,11.888,12.132,144674,0
1996-01-18,12.176,12.176,11.849,12.087,139466,0
1996-01-19,12.013,12.132,11.968,12.132,177459,0
1996-01-22,12.219,12.667,12.219,12.667,296630,0
1996-01-23,12.667,13.033,12.623,12.999,448590,0
1996-01-24,13.073,13.198,13.033,13.162,164450,0
1996-01-25,13.162,13.198,13.116,13.116,101477,0
1996-01-26,13.116,13.198,12.953,12.953,120475,0
1996-01-29,12.953,13.238,12.953,13.238,212063,0
1996-01-30,13.281,13.405,13.281,13.405,146234,0
1996-01-31,13.405,13.446,12.999,12.999,238862,0
1996-02-01,12.999,13.162,12.999,13.162,279197,0
1996-02-02,13.281,13.281,13.073,13.238,64532,0
1996-02-05,13.198,13.238,13.033,13.238,111887,0
1996-02-06,13.238,13.281,13.162,13.162,127759,0
1996-02-07,13.033,13.281,13.033,13.281,99656,0
1996-02-08,13.238,13.567,13.238,13.567,82487,0
1996-02-09,13.567,13.775,13.567,13.732,136345,0
1996-02-12,13.732,13.974,13.687,13.732,108245,0
1996-02-13,13.687,13.775,13.654,13.775,89770,0
1996-02-14,13.775,13.894,13.732,13.853,150656,0
1996-02-15,13.894,13.894,13.522,13.567,53337,0
1996-02-16,13.522,13.567,13.36,13.567,169913,0
1996-02-20,13.522,13.522,13.281,13.324,121253,0
1996-02-21,13.36,13.446,13.36,13.446,161588,0
1996-02-22,13.522,13.654,13.49,13.654,181879,0
1996-02-23,13.687,14.015,13.654,14.015,190469,0
1996-02-26,13.974,13.974,13.687,13.775,93411,0
1996-02-27,13.687,13.687,13.36,13.654,128022,0
1996-02-28,13.654,13.687,13.324,13.324,60627,0
1996-02-29,13.405,13.446,13.281,13.281,47095,0
1996-03-01,13.281,13.324,13.073,13.324,129842,0
1996-03-04,13.324,13.654,13.324,13.567,102259,0
1996-03-05,13.612,13.687,13.49,13.612,149095,0
1996-03-06,13.586,13.757,13.586,13.671,92113,0
1996-03-07,13.627,13.922,13.627,13.922,103300,0
1996-03-08,13.922,13.922,13.09,13.09,143890,0
1996-03-11,13.09,13.422,13.058,13.387,67135,0
1996-03-12,13.221,13.387,13.134,13.387,110587,0
1996-03-13,13.387,13.463,13.298,13.463,67914,0
1996-03-14,13.506,13.586,13.506,13.586,64532,0
1996-03-15,13.506,13.586,13.463,13.586,128540,0
1996-03-18,13.671,14.121,13.671,14.121,125680,0
1996-03-19,14.121,14.285,13.757,13.757,69476,0
1996-03-20,13.792,13.999,13.671,13.757,104081,0
1996-03-21,13.757,13.792,13.55,13.627,46838,0
1996-03-22,13.671,13.715,13.463,13.506,69476,0
1996-03-25,13.586,13.715,13.506,13.506,88470,0
1996-03-26,13.463,13.463,13.422,13.463,78320,0
1996-03-27,13.463,13.463,13.342,13.342,68433,0
1996-03-28,13.342,13.463,13.342,13.463,158986,0
1996-03-29,13.463,13.463,13.221,13.298,89508,0
1996-04-01,13.298,13.627,13.298,13.627,245893,0
1996-04-02,13.627,13.627,13.586,13.627,31484,0
1996-04-03,13.627,13.715,13.55,13.627,190985,0
1996-04-04,13.627,13.627,13.422,13.463,140771,0
1996-04-08,13.387,13.387,12.925,13.058,104081,0
1996-04-09,13.058,13.058,12.762,12.762,194370,0
1996-04-10,12.849,13.058,12.806,12.972,195410,0
1996-04-11,13.016,13.134,13.016,13.134,180319,0
1996-04-12,13.09,13.09,13.016,13.016,47616,0
1996-04-15,13.016,13.256,12.925,13.221,78582,0
1996-04-16,13.221,13.221,13.058,13.09,145454,0
1996-04-17,13.09,13.256,13.058,13.134,88987,0
1996-04-18,13.09,13.18,13.058,13.18,45017,0
1996-04-19,13.221,13.387,13.221,13.221,86128,0
1996-04-22,13.463,13.671,13.463,13.586,188644,0
1996-04-23,13.55,13.792,13.55,13.757,111366,0
1996-04-24,13.757,13.879,13.715,13.715,77021,0
1996-04-25,13.757,14.086,13.715,14.086,93411,0
1996-04-26,14.042,14.042,13.671,13.835,281539,0
1996-04-29,13.835,13.835,13.792,13.835,25501,0
1996-04-30,13.835,13.835,13.671,13.671,93675,0
1996-05-01,13.627,13.671,13.506,13.55,45017,0
1996-05-02,13.506,13.671,13.422,13.55,131143,0
1996-05-03,13.506,13.671,13.387,13.506,87948,0
1996-05-06,13.506,13.835,13.422,13.627,135046,0
1996-05-07,13.627,13.757,13.612,13.757,63752,0
1996-05-08,13.757,13.835,13.671,13.835,169133,0
1996-05-09,13.792,13.792,13.627,13.757,69734,0
1996-05-10,13.835,13.94,13.835,13.879,209203,0
1996-05-13,13.922,14.329,13.879,14.329,58023,0
1996-05-14,14.448,14.579,14.329,14.492,135568,0
1996-05-15,14.537,14.579,14.329,14.329,167049,0
1996-05-16,14.329,14.448,14.329,14.414,46055,0
1996-05-17,14.448,14.492,14.414,14.492,137647,0
1996-05-20,14.658,14.658,14.373,14.492,289342,0
1996-05-21,14.492,14.537,14.207,14.329,148315,0
1996-05-22,14.329,14.448,14.329,14.448,65571,0
1996-05-23,14.448,14.448,14.207,14.285,88731,0
1996-05-24,14.329,14.329,14.086,14.164,187864,0
1996-05-28,14.086,14.121,13.715,13.757,409557,0
1996-05-29,13.792,13.792,13.506,13.627,203739,0
1996-05-30,13.627,13.792,13.55,13.757,173818,0
1996-05-31,13.792,13.879,13.586,13.879,103040,0
1996-06-03,13.715,13.922,13.586,13.835,296891,0
1996-06-04,13.853,13.853,13.775,13.775,35646,0
1996-06-05,13.775,13.94,13.775,13.775,309121,0
1996-06-06,13.853,13.853,13.732,13.732,30444,0
1996-06-07,13.654,13.775,13.612,13.775,64788,0
1996-06-10,13.775,13.982,13.775,13.775,62710,0
1996-06-11,13.817,13.94,13.775,13.775,56465,0
1996-06-12,13.775,13.817,13.687,13.687,19512,0
1996-06-13,13.687,13.817,13.48,13.48,93411,0
1996-06-14,13.446,13.687,13.446,13.687,56205,0
1996-06-17,13.687,13.687,13.567,13.687,39292,0
1996-06-18,13.687,13.732,13.522,13.567,47616,0
1996-06-19,13.732,13.732,13.522,13.567,104601,0
1996-06-20,13.567,13.654,13.48,13.522,95233,0
1996-06-21,13.567,13.654,13.522,13.567,119434,0
1996-06-24,13.567,13.654,13.522,13.567,229759,0
1996-06-25,13.654,13.732,13.522,13.567,108245,0
1996-06-26,13.522,13.567,13.446,13.446,60104,0
1996-06-27,13.446,13.687,13.446,13.687,50218,0
1996-06-28,13.654,13.654,13.522,13.567,43196,0
1996-07-01,13.612,13.612,13.522,13.522,32268,0
1996-07-02,13.567,13.612,13.522,13.567,36428,0
1996-07-03,13.522,13.567,13.273,13.405,70514,0
1996-07-05,13.48,13.522,13.405,13.405,127498,0
1996-07-08,13.315,13.315,13.033,13.073,101739,0
1996-07-09,12.989,13.033,12.944,12.989,136085,0
1996-07-10,12.901,12.944,12.824,12.944,301315,0
1996-07-11,12.901,12.901,12.703,12.703,168612,0
1996-07-12,12.779,12.989,12.779,12.901,326037,0
1996-07-15,12.901,12.901,12.366,12.366,212585,0
1996-07-16,12.288,12.408,12.123,12.244,490481,0
1996-07-17,12.323,12.616,12.323,12.408,192810,0
1996-07-18,12.452,12.824,12.452,12.824,112409,0
1996-07-19,12.739,12.824,12.703,12.779,128022,0
1996-07-22,12.739,12.739,12.494,12.494,109284,0
1996-07-23,12.572,12.658,12.452,12.452,71815,0
1996-07-24,12.366,12.494,11.912,12.079,617200,0
1996-07-25,12.039,12.244,12.039,12.244,98878,0
1996-07-26,12.323,12.323,12.202,12.244,43716,0
1996-07-29,12.202,12.202,12.079,12.202,61408,0
1996-07-30,12.158,12.366,12.158,12.288,66092,0
1996-07-31,12.366,12.366,12.079,12.079,129058,0
1996-08-01,12.202,12.452,12.202,12.408,64532,0
1996-08-02,12.494,12.616,12.494,12.531,85086,0
1996-08-05,12.616,12.824,12.616,12.739,173035,0
1996-08-06,12.739,13.033,12.739,12.944,101218,0
1996-08-07,12.868,13.198,12.824,13.198,171472,0
1996-08-08,13.315,13.315,13.106,13.153,92113,0
1996-08-09,13.273,13.405,13.106,13.106,36428,0
1996-08-12,13.153,13.198,12.989,13.153,68175,0
1996-08-13,13.198,13.198,12.989,12.989,76240,0
1996-08-14,12.944,13.238,12.944,13.106,83787,0
1996-08-15,13.153,13.198,13.073,13.106,68175,0
1996-08-16,13.198,13.238,13.106,13.153,72078,0
1996-08-19,13.198,13.198,13.153,13.198,16132,0
1996-08-20,13.153,13.405,13.153,13.315,100699,0
1996-08-21,13.273,13.315,13.106,13.153,148574,0
1996-08-22,13.106,13.36,13.106,13.238,136865,0
1996-08-23,13.198,13.315,13.198,13.238,85869,0
1996-08-26,13.315,13.36,13.273,13.315,66351,0
1996-08-27,13.315,13.405,13.273,13.315,106424,0
1996-08-28,13.273,13.315,13.153,13.315,43977,0
1996-08-29,13.273,13.315,13.198,13.198,68693,0
1996-08-30,13.153,13.238,13.153,13.238,118915,0
1996-09-03,13.134,13.387,13.134,13.134,118915,0
1996-09-04,13.134,13.342,13.134,13.298,97055,0
1996-09-05,13.387,13.463,13.387,13.387,118391,0
1996-09-06,13.342,13.757,13.342,13.757,89250,0
1996-09-09,13.757,13.757,13.627,13.671,128540,0
1996-09-10,13.715,13.801,13.627,13.757,97316,0
1996-09-11,13.715,13.879,13.715,13.879,108505,0
1996-09-12,14.007,14.086,13.922,13.922,246153,0
1996-09-13,13.965,14.13,13.965,14.13,299751,0
1996-09-16,14.215,14.381,14.172,14.172,128280,0
1996-09-17,14.13,14.172,14.069,14.13,66351,0
1996-09-18,14.13,14.215,14.13,14.13,167830,0
1996-09-19,14.086,14.13,14.042,14.13,32526,0
1996-09-20,14.13,14.172,14.086,14.172,212321,0
1996-09-23,14.172,14.381,14.172,14.381,118652,0
1996-09-24,14.294,14.381,14.215,14.337,146494,0
1996-09-25,14.337,14.457,14.25,14.457,100440,0
1996-09-26,14.501,14.674,14.457,14.587,95754,0
1996-09-27,14.631,14.796,14.587,14.796,71295,0
1996-09-30,14.752,14.96,14.752,14.752,143110,0
1996-10-01,14.752,14.838,14.674,14.674,86128,0
1996-10-02,14.796,14.796,14.631,14.796,87948,0
1996-10-03,14.752,14.796,14.546,14.674,114749,0
1996-10-04,14.709,15.124,14.674,15.045,160542,0
1996-10-07,15.089,15.21,14.674,14.752,159242,0
1996-10-08,14.752,15.045,14.752,15.004,67914,0
1996-10-09,15.045,15.124,14.915,14.96,320046,0
1996-10-10,14.96,15.045,14.96,14.96,623966,0
1996-10-11,15.004,15.089,15.004,15.089,86906,0
1996-10-14,15.089,15.124,15.045,15.124,220910,0
1996-10-15,15.124,15.167,15.089,15.124,96534,0
1996-10-16,15.124,15.252,15.124,15.21,84824,0
1996-10-17,15.252,15.374,15.167,15.333,143110,0
1996-10-18,15.333,15.417,15.252,15.417,157161,0
1996-10-21,15.417,15.581,15.417,15.581,226898,0
1996-10-22,15.54,15.581,15.505,15.54,160024,0
1996-10-23,15.54,15.711,15.505,15.67,306517,0
1996-10-24,15.625,15.625,15.417,15.461,263326,0
1996-10-25,15.417,15.54,15.417,15.461,220391,0
1996-10-28,15.461,15.581,15.374,15.461,233662,0
1996-10-29,15.54,15.625,15.505,15.505,257862,0
1996-10-30,15.54,15.581,15.461,15.54,305740,0
1996-10-31,15.54,15.54,15.374,15.461,80140,0
1996-11-01,15.461,15.461,15.296,15.296,172514,0
1996-11-04,15.333,15.374,15.296,15.333,295849,0
1996-11-05,15.333,15.417,15.333,15.374,487878,0
1996-11-06,15.374,15.374,15.167,15.374,136085,0
1996-11-07,15.374,15.374,15.124,15.296,146494,0
1996-11-08,15.296,15.417,15.21,15.374,223251,0
1996-11-11,15.374,15.374,15.252,15.252,196972,0
1996-11-12,15.296,15.296,15.124,15.252,99395,0
1996-11-13,15.252,15.252,15.124,15.21,220910,0
1996-11-14,15.167,15.296,15.124,15.252,182402,0
1996-11-15,15.252,15.252,15.21,15.252,177199,0
1996-11-18,15.252,15.252,15.167,15.21,86386,0
1996-11-19,15.21,15.252,15.124,15.21,230017,0
1996-11-20,15.252,15.296,15.167,15.296,152739,0
1996-11-21,15.296,15.296,15.252,15.296,84045,0
1996-11-22,15.333,15.333,15.296,15.296,64788,0
1996-11-25,15.296,15.314,15.21,15.296,175115,0
1996-11-26,15.333,15.374,15.252,15.296,104601,0
1996-11-27,15.296,15.417,15.167,15.374,340341,0
1996-11-29,15.333,15.54,15.333,15.54,37209,0
1996-12-02,15.565,15.653,15.477,15.522,311462,0
1996-12-03,15.522,15.607,15.435,15.477,254217,0
1996-12-04,15.435,15.435,15.314,15.359,134002,0
1996-12-05,15.359,15.435,15.27,15.4,46577,0
1996-12-06,15.314,15.359,15.106,15.186,104081,0
1996-12-09,15.227,15.27,15.15,15.227,69994,0
1996-12-10,15.227,15.27,15.019,15.227,102259,0
1996-12-11,15.15,15.314,14.933,14.978,259684,0
1996-12-12,14.933,14.933,14.69,14.812,141031,0
1996-12-13,14.709,14.83,14.457,14.709,170865,0
1996-12-16,14.709,14.898,14.649,14.709,355437,0
1996-12-17,14.579,14.579,13.957,14.519,472182,0
1996-12-18,14.519,14.579,14.397,14.519,155428,0
1996-12-19,14.519,14.771,14.519,14.709,331845,0
1996-12-20,15.019,15.019,14.147,14.268,380414,0
1996-12-23,14.397,14.457,14.207,14.337,580423,0
1996-12-24,14.337,14.337,14.268,14.337,87428,0
1996-12-26,14.457,14.579,14.397,14.397,201397,0
1996-12-27,14.457,14.457,14.268,14.397,163928,0
1996-12-30,14.457,14.649,14.337,14.649,275468,0
1996-12-31,14.649,14.649,14.457,14.519,290038,0
1997-01-02,14.397,14.397,14.015,14.147,233488,0
1997-01-03,14.207,14.397,14.015,14.015,170520,0
1997-01-06,14.207,14.268,14.015,14.086,32785,0
1997-01-07,13.957,14.207,13.957,14.207,159242,0
1997-01-08,14.268,14.397,14.086,14.268,92460,0
1997-01-09,14.268,14.397,14.147,14.337,234876,0
1997-01-10,14.207,14.337,14.086,14.337,115528,0
1997-01-13,14.397,14.457,14.268,14.397,174684,0
1997-01-14,14.457,14.519,14.268,14.337,85694,0
1997-01-15,14.268,14.337,14.147,14.207,102348,0
1997-01-16,14.207,14.397,14.207,14.268,158724,0
1997-01-17,14.268,14.519,14.268,14.268,146064,0
1997-01-20,14.268,14.397,14.207,14.337,54121,0
1997-01-21,14.337,14.397,14.147,14.268,434711,0
1997-01-22,14.207,14.337,14.147,14.147,308772,0
1997-01-23,14.086,14.086,13.766,13.835,641311,0
1997-01-24,14.771,14.898,14.397,14.898,1788281,0
1997-01-27,14.898,15.333,14.771,15.019,460212,0
1997-01-28,15.019,15.4,15.019,15.21,564639,0
1997-01-29,15.21,15.522,15.21,15.522,281539,0
1997-01-30,15.522,16.334,15.522,16.271,524046,0
1997-01-31,16.271,16.716,16.271,16.526,302702,0
1997-02-03,16.334,16.526,16.271,16.526,299059,0
1997-02-04,16.396,16.526,16.334,16.396,318835,0
1997-02-05,16.271,16.464,15.963,16.024,216315,0
1997-02-06,16.024,16.214,15.963,16.084,129751,0
1997-02-07,16.214,16.334,16.024,16.334,91593,0
1997-02-10,16.526,16.526,16.142,16.334,137561,0
1997-02-11,16.396,16.396,16.024,16.271,140684,0
1997-02-12,16.214,16.526,16.142,16.464,213193,0
1997-02-13,16.464,16.645,16.464,16.645,145714,0
1997-02-14,16.645,16.835,16.464,16.835,57766,0
1997-02-18,17.147,17.208,16.835,17.025,154734,0
1997-02-19,17.025,17.208,16.835,16.897,127498,0
1997-02-20,16.835,17.025,16.775,16.775,123508,0
1997-02-21,16.835,16.835,16.645,16.716,134782,0
1997-02-24,16.716,16.835,16.645,16.716,96447,0
1997-02-25,16.835,16.835,16.716,16.835,121777,0
1997-02-26,16.835,16.897,16.645,16.775,115878,0
1997-02-27,16.645,16.645,16.334,16.464,131663,0
1997-02-28,16.396,16.464,16.334,16.334,71815,0
1997-03-03,16.271,16.464,16.214,16.464,90031,0
1997-03-04,16.585,16.716,16.334,16.396,180581,0
1997-03-05,16.334,16.526,16.271,16.526,185958,0
1997-03-06,16.464,16.645,16.396,16.396,80313,0
1997-03-07,16.396,16.585,16.271,16.464,158550,0
1997-03-10,16.396,16.716,16.396,16.716,64532,0
1997-03-11,16.585,16.716,16.526,16.645,66265,0
1997-03-12,16.716,16.897,16.716,16.775,82224,0
1997-03-13,16.645,16.645,16.334,16.334,130275,0
1997-03-14,16.271,16.645,16.271,16.464,103040,0
1997-03-17,16.214,16.334,16.084,16.271,155428,0
1997-03-18,16.214,16.464,16.178,16.464,86386,0
1997-03-19,16.396,16.464,15.953,16.214,153520,0
1997-03-20,16.214,16.271,16.084,16.214,97491,0
1997-03-21,16.396,16.396,16.024,16.024,123858,0
1997-03-24,16.084,16.214,16.024,16.142,44581,0
1997-03-25,16.214,16.526,16.214,16.464,158377,0
1997-03-26,16.464,16.464,16.142,16.214,76846,0
1997-03-27,16.271,16.271,15.833,15.893,56032,0
1997-03-31,15.772,15.893,15.581,15.772,70256,0
1997-04-01,15.644,15.893,15.581,15.703,100092,0
1997-04-02,15.644,15.833,15.392,15.581,215966,0
1997-04-03,15.522,16.024,15.452,16.024,189254,0
1997-04-04,15.953,16.585,15.953,16.585,255170,0
1997-04-07,16.645,16.775,16.585,16.716,103733,0
1997-04-08,16.775,16.775,16.585,16.645,192550,0
1997-04-09,16.645,16.897,16.645,16.716,127673,0
1997-04-10,16.645,16.967,16.585,16.835,96271,0
1997-04-11,16.645,16.645,16.142,16.142,98358,0
1997-04-14,16.024,16.142,15.772,16.084,163580,0
1997-04-15,16.214,16.396,16.214,16.396,52733,0
1997-04-16,16.334,16.716,16.334,16.716,134958,0
1997-04-17,16.967,17.088,16.716,16.775,150570,0
1997-04-18,16.775,17.156,16.645,17.088,88295,0
1997-04-21,17.088,17.156,16.716,16.835,84480,0
1997-04-22,16.835,17.156,16.716,17.156,114315,0
1997-04-23,17.217,17.658,17.156,17.337,315365,0
1997-04-24,17.276,17.625,17.276,17.527,108419,0
1997-04-25,17.527,17.84,17.468,17.84,173294,0
1997-04-28,17.908,18.029,17.276,17.717,235400,0
1997-04-29,17.779,18.159,17.717,18.1,133049,0
1997-04-30,18.349,19.1,18.349,18.782,557179,0
1997-05-01,19.042,19.042,18.1,18.1,378685,0
1997-05-02,18.1,19.1,18.1,18.851,523353,0
1997-05-05,19.1,19.413,18.972,19.413,369660,0
1997-05-06,19.352,19.474,19.163,19.413,307733,0
1997-05-07,19.474,19.474,18.91,19.163,177807,0
1997-05-08,19.042,19.163,18.91,18.972,112751,0
1997-05-09,19.1,19.474,18.972,19.163,253092,0
1997-05-12,19.163,19.352,18.851,19.291,271301,0
1997-05-13,19.042,19.413,19.042,19.413,222907,0
1997-05-14,19.663,19.663,19.291,19.352,377989,0
1997-05-15,19.352,19.352,19.224,19.352,249791,0
1997-05-16,19.352,19.975,19.352,19.663,274081,0
1997-05-19,19.604,19.604,19.413,19.474,90895,0
1997-05-20,19.413,19.791,19.291,19.725,133396,0
1997-05-21,19.663,19.791,19.542,19.663,136692,0
1997-05-22,19.854,19.975,19.725,19.791,418752,0
1997-05-23,19.791,19.854,19.413,19.725,263326,0
1997-05-27,19.604,19.975,19.163,19.975,491088,0
1997-05-28,19.854,20.104,19.854,20.104,333059,0
1997-05-29,20.044,20.484,19.975,20.233,308427,0
1997-05-30,20.166,20.664,19.917,20.608,212847,0
1997-06-02,20.608,20.736,20.416,20.736,181624,0
1997-06-03,20.664,20.986,20.484,20.484,228286,0
1997-06-04,20.608,20.926,20.416,20.736,143979,0
1997-06-05,20.857,21.366,20.857,20.926,387180,0
1997-06-06,21.048,21.868,20.986,21.428,281191,0
1997-06-09,21.428,21.74,21.236,21.74,174333,0
1997-06-10,21.74,21.74,21.048,21.048,314845,0
1997-06-11,21.175,21.236,20.986,21.048,275121,0
1997-06-12,21.048,21.175,20.926,21.108,329069,0
1997-06-13,21.175,21.236,20.986,21.048,292642,0
1997-06-16,20.857,21.236,20.857,21.175,207812,0
1997-06-17,21.108,21.175,21.048,21.108,167049,0
1997-06-18,21.048,21.108,20.664,20.986,179885,0
1997-06-19,20.986,21.428,20.926,21.3,247020,0
1997-06-20,21.3,21.3,20.986,21.048,182838,0
1997-06-23,21.048,21.175,20.796,20.796,140161,0
1997-06-24,20.796,21.272,20.796,21.175,156470,0
1997-06-25,21.175,21.334,20.736,20.926,156470,0
1997-06-26,20.986,21.236,20.572,20.664,136865,0
1997-06-27,20.736,21.108,20.736,21.011,46664,0
1997-06-30,21.011,21.175,20.642,21.083,137907,0
1997-07-01,21.048,21.175,20.764,20.857,140332,0
1997-07-02,21.048,21.3,21.011,21.175,75636,0
1997-07-03,21.3,21.548,21.236,21.428,77542,0
1997-07-07,21.366,21.366,21.048,21.175,111194,0
1997-07-08,21.108,21.175,20.952,21.048,123687,0
1997-07-09,21.175,21.236,20.857,21.108,263844,0
1997-07-10,21.175,21.3,21.048,21.236,231925,0
1997-07-11,21.366,21.929,21.143,21.834,265579,0
1997-07-14,21.807,21.989,21.617,21.868,240773,0
1997-07-15,21.868,22.084,21.74,22.025,164622,0
1997-07-16,22.06,22.18,21.834,21.868,126977,0
1997-07-17,21.989,22.084,21.74,21.807,122988,0
1997-07-18,21.678,21.678,21.548,21.643,106683,0
1997-07-21,21.617,21.678,21.334,21.617,147098,0
1997-07-22,21.548,22.154,21.548,22.154,116395,0
1997-07-23,22.18,22.56,22.18,22.43,108936,0
1997-07-24,22.467,22.467,21.989,22.43,78408,0
1997-07-25,22.37,22.656,22.249,22.274,84998,0
1997-07-28,22.084,22.37,21.903,21.903,169995,0
1997-07-29,21.868,22.18,21.834,22.154,52216,0
1997-07-30,22.18,22.907,22.18,22.784,139987,0
1997-07-31,22.716,22.999,22.691,22.907,94020,0
1997-08-01,23.061,23.191,22.872,22.999,206253,0
1997-08-04,22.999,23.382,22.999,23.227,152997,0
1997-08-05,23.311,23.347,23.061,23.254,93845,0
1997-08-06,23.311,23.666,23.311,23.634,151090,0
1997-08-07,23.666,23.824,23.191,23.286,139987,0
1997-08-08,23.191,23.311,22.595,22.999,252397,0
1997-08-11,22.872,23.475,22.845,23.475,61755,0
1997-08-12,23.41,23.475,22.5,22.62,223425,0
1997-08-13,22.656,22.999,22.43,22.62,249099,0
1997-08-14,22.62,22.907,22.527,22.656,108765,0
1997-08-15,22.527,22.56,21.903,21.929,174333,0
1997-08-18,21.714,22.249,21.617,22.249,187864,0
1997-08-19,22.249,22.62,22.249,22.62,110498,0
1997-08-20,22.62,22.691,22.404,22.656,110672,0
1997-08-21,22.527,22.784,22.467,22.467,82917,0
1997-08-22,22.343,22.595,22.025,22.595,87601,0
1997-08-25,22.56,22.872,22.43,22.812,54121,0
1997-08-26,22.872,22.942,22.37,22.43,216660,0
1997-08-27,22.31,22.467,22.06,22.404,141374,0
1997-08-28,22.37,22.5,22.119,22.37,98183,0
1997-08-29,22.31,22.343,21.929,22.249,86041,0
1997-09-02,22.18,22.784,22.18,22.56,95406,0
1997-09-03,22.56,22.812,22.44,22.784,150396,0
1997-09-04,22.812,22.999,22.656,22.907,82052,0
1997-09-05,23.035,23.096,22.44,22.44,116744,0
1997-09-08,22.56,22.656,22.31,22.37,205388,0
1997-09-09,22.404,22.404,22.18,22.215,139466,0
1997-09-10,22.18,22.31,21.799,21.834,178848,0
1997-09-11,21.963,21.963,21.011,21.548,210415,0
1997-09-12,21.678,21.74,21.334,21.678,235224,0
1997-09-15,21.548,21.74,21.488,21.488,124030,0
1997-09-16,21.582,22.119,21.524,22.084,202786,0
1997-09-17,22.18,22.18,21.799,22.06,168438,0
1997-09-18,22.31,22.467,21.868,22.119,208331,0
1997-09-19,21.929,22.119,21.74,21.834,220133,0
1997-09-22,21.963,22.025,21.524,21.548,203479,0
1997-09-23,21.548,21.548,21.108,21.201,274251,0
1997-09-24,21.108,21.834,21.108,21.428,221518,0
1997-09-25,21.358,21.358,20.882,20.918,204865,0
1997-09-26,20.952,21.201,20.882,20.918,167398,0
1997-09-29,20.918,20.977,20.822,20.952,180062,0
1997-09-30,20.952,20.952,20.764,20.796,122814,0
1997-10-01,20.857,21.108,20.727,21.108,457437,0
1997-10-02,20.977,21.524,20.977,21.391,122814,0
1997-10-03,21.678,21.74,21.201,21.334,198966,0
1997-10-06,21.358,21.428,21.167,21.201,99223,0
1997-10-07,21.108,21.773,21.108,21.704,204865,0
1997-10-08,21.704,21.704,21.264,21.334,98705,0
1997-10-09,21.236,21.678,21.201,21.678,124898,0
1997-10-10,21.617,21.678,21.391,21.582,230017,0
1997-10-13,21.929,22.249,21.773,22.215,141374,0
1997-10-14,22.249,22.274,21.929,22.154,559608,0
1997-10-15,22.025,22.5,22.025,22.5,191685,0
1997-10-16,22.37,22.881,22.37,22.467,291253,0
1997-10-17,22.343,22.527,22.249,22.527,294551,0
1997-10-20,22.527,23.727,22.5,23.727,295591,0
1997-10-21,23.666,23.7,22.881,23.165,185782,0
1997-10-22,22.907,23.191,22.5,22.691,136520,0
1997-10-23,22.249,22.274,21.929,22.154,233488,0
1997-10-24,22.215,22.215,21.582,21.74,271301,0
1997-10-27,21.617,21.678,20.475,20.475,388392,0
1997-10-28,20.286,21.236,19.999,21.167,468537,0
1997-10-29,21.143,21.264,20.977,21.011,1010452,0
1997-10-30,20.727,20.796,20.321,20.382,300622,0
1997-10-31,20.608,21.074,20.572,21.011,296111,0
1997-11-03,21.143,21.548,21.143,21.3,162539,0
1997-11-04,21.358,21.358,20.977,21.236,89508,0
1997-11-05,21.167,21.488,21.167,21.334,176244,0
1997-11-06,21.3,21.488,21.201,21.236,67305,0
1997-11-07,21.108,21.167,20.608,20.918,122121,0
1997-11-10,20.857,21.264,20.857,21.264,91593,0
1997-11-11,21.201,21.3,20.918,20.952,234182,0
1997-11-12,20.918,21.108,20.537,20.537,126630,0
1997-11-13,20.537,20.977,20.537,20.882,114663,0
1997-11-14,21.011,21.108,20.796,21.074,51867,0
1997-11-17,21.334,21.455,21.108,21.391,192028,0
1997-11-18,21.391,21.617,21.236,21.358,138429,0
1997-11-19,21.3,21.548,21.3,21.548,49787,0
1997-11-20,21.548,21.548,21.358,21.428,218395,0
1997-11-21,21.488,21.868,21.455,21.773,86386,0
1997-11-24,21.868,22.06,21.167,21.167,125937,0
1997-11-25,21.3,21.488,21.108,21.167,125244,0
1997-11-26,21.201,21.428,21.108,21.236,48398,0
1997-11-28,21.108,21.428,21.108,21.3,36774,0
1997-12-01,21.358,22.119,21.236,22.119,202613,0
1997-12-02,22.06,22.06,21.678,21.704,175898,0
1997-12-03,21.704,21.74,21.325,21.643,236613,0
1997-12-04,21.678,21.894,21.488,21.548,219261,0
1997-12-05,21.582,22.215,21.582,22.119,77021,0
1997-12-08,22.119,22.215,21.929,21.963,137561,0
1997-12-09,21.963,21.989,21.799,21.929,67828,0
1997-12-10,21.868,21.894,21.488,21.643,74940,0
1997-12-11,21.643,21.799,21.074,21.167,101998,0
1997-12-12,20.849,20.918,20.216,20.443,374865,0
1997-12-15,20.537,21.264,20.537,21.074,112926,0
1997-12-16,20.977,21.358,20.977,21.201,82397,0
1997-12-17,21.325,21.358,20.943,21.108,115355,0
1997-12-18,21.228,21.228,20.598,20.633,83093,0
1997-12-19,20.348,21.039,20.277,20.849,232793,0
1997-12-22,20.977,21.419,20.755,21.391,170865,0
1997-12-23,21.264,21.264,20.918,21.264,115878,0
1997-12-24,21.134,21.264,21.011,21.011,70256,0
1997-12-26,21.3,21.3,20.977,20.977,40419,0
1997-12-29,21.167,21.419,20.977,21.3,210939,0
1997-12-30,21.419,21.894,21.3,21.894,78582,0
1997-12-31,21.868,22.06,21.799,21.989,76152,0
1998-01-02,21.929,22.18,21.74,21.74,75806,0
1998-01-05,21.61,22.44,21.61,21.834,140684,0
1998-01-06,21.834,21.989,21.488,21.678,85694,0
1998-01-07,21.678,21.678,21.3,21.582,100959,0
1998-01-08,21.61,21.61,21.074,21.167,77021,0
1998-01-09,21.108,21.167,20.918,20.943,138773,0
1998-01-12,20.849,21.108,20.658,20.727,145370,0
1998-01-13,20.788,20.918,20.658,20.849,90205,0
1998-01-14,20.849,20.918,20.658,20.918,74590,0
1998-01-15,20.849,20.977,20.727,20.755,35562,0
1998-01-16,20.788,21.108,20.408,20.466,168957,0
1998-01-20,20.537,20.779,20.348,20.727,182315,0
1998-01-21,20.849,21.358,20.348,20.537,210415,0
1998-01-22,20.408,21.039,20.408,20.977,102867,0
1998-01-23,21.039,21.228,20.788,21.074,160462,0
1998-01-26,21.167,21.799,21.167,21.325,142762,0
1998-01-27,21.325,21.894,21.325,21.391,122121,0
1998-01-28,21.391,21.391,21.134,21.325,113799,0
1998-01-29,21.419,22.31,21.419,21.773,161154,0
1998-01-30,21.74,22.18,21.74,21.894,266620,0
1998-02-02,22.249,22.56,22.215,22.37,219784,0
1998-02-03,22.37,22.5,22.249,22.467,79620,0
1998-02-04,22.467,22.629,22.249,22.56,140161,0
1998-02-05,22.535,22.881,22.44,22.656,180925,0
1998-02-06,22.56,22.881,22.56,22.784,120040,0
1998-02-09,22.784,22.784,22.467,22.56,89162,0
1998-02-10,22.56,23.607,22.56,23.32,252224,0
1998-02-11,23.452,23.7,23.132,23.32,117785,0
1998-02-12,23.32,23.32,22.82,23.008,189081,0
1998-02-13,22.881,22.942,22.629,22.845,108075,0
1998-02-17,22.942,23.391,22.82,23.035,149706,0
1998-02-18,23.071,23.132,22.845,23.035,96447,0
1998-02-19,23.2,23.261,22.535,22.784,66092,0
1998-02-20,22.751,23.2,22.56,23.165,109456,0
1998-02-23,23.2,23.643,22.881,23.643,163406,0
1998-02-24,23.771,24.274,23.684,24.056,755971,0
1998-02-25,24.056,24.714,24.056,24.175,169651,0
1998-02-26,24.212,24.429,23.988,24.429,134263,0
1998-02-27,24.429,25.165,24.429,24.844,179711,0
1998-03-02,24.903,24.903,24.212,24.591,173991,0
1998-03-03,24.591,25.066,24.591,25.066,263498,0
1998-03-04,25.19,25.19,24.714,24.748,107376,0
1998-03-05,24.654,24.782,24.462,24.591,145021,0
1998-03-06,24.714,25.353,24.687,25.292,91765,0
1998-03-09,25.223,25.414,24.903,24.94,37989,0
1998-03-10,24.94,25.414,24.94,25.353,57072,0
1998-03-11,25.292,25.639,25.292,25.414,136520,0
1998-03-12,25.292,25.545,25.223,25.353,57766,0
1998-03-13,25.414,25.924,25.414,25.579,117612,0
1998-03-16,25.639,26.019,25.483,25.986,172427,0
1998-03-17,25.924,26.4,25.924,26.4,74940,0
1998-03-18,26.4,26.4,25.986,26.176,62448,0
1998-03-19,26.113,26.434,26.113,26.364,73032,0
1998-03-20,26.434,26.686,26.305,26.658,129751,0
1998-03-23,26.53,26.554,25.89,26.209,89684,0
1998-03-24,26.209,26.686,26.209,26.658,77542,0
1998-03-25,26.626,26.814,26.176,26.245,91419,0
1998-03-26,26.245,26.364,26.079,26.148,57940,0
1998-03-27,26.148,26.364,26.054,26.079,97316,0
1998-03-30,26.113,26.176,25.83,25.89,83439,0
1998-03-31,25.924,27.066,25.924,26.945,137217,0
1998-04-01,27.039,27.255,26.755,27.159,154561,0
1998-04-02,27.229,27.229,26.434,26.686,124898,0
1998-04-03,26.755,26.945,26.305,26.912,110148,0
1998-04-06,26.97,27.445,26.97,26.97,132182,0
1998-04-07,26.97,26.97,26.148,26.59,156470,0
1998-04-08,26.72,27.066,26.054,26.079,193242,0
1998-04-09,26.176,26.305,26.148,26.209,175898,0
1998-04-13,26.113,26.59,25.794,26.59,137734,0
1998-04-14,26.554,26.912,26.434,26.85,68866,0
1998-04-15,26.755,26.874,26.53,26.85,71123,0
1998-04-16,26.97,27.229,26.814,26.814,80664,0
1998-04-17,26.814,27.445,26.778,27.445,100611,0
1998-04-20,27.385,28.145,27.327,28.051,175549,0
1998-04-21,28.182,28.658,27.956,28.623,154734,0
1998-04-22,28.527,28.595,28.182,28.527,93501,0
1998-04-23,28.467,28.527,27.704,27.729,87948,0
1998-04-24,27.704,27.827,26.814,26.874,166875,0
1998-04-27,26.874,27.066,26.27,26.434,129751,0
1998-04-28,26.554,26.912,26.364,26.434,108419,0
1998-04-29,26.434,26.72,26.434,26.626,69387,0
1998-04-30,26.626,27.445,26.495,27.351,191508,0
1998-05-01,27.385,27.42,27.039,27.385,68523,0
1998-05-04,27.517,27.827,27.238,27.445,80489,0
1998-05-05,27.517,27.517,27.003,27.255,133919,0
1998-05-06,27.195,27.445,26.874,26.874,117612,0
1998-05-07,26.945,27.159,26.755,26.945,131836,0
1998-05-08,26.814,27.291,26.72,27.039,133919,0
1998-05-11,27.066,27.066,26.945,26.945,200355,0
1998-05-12,27.003,27.255,26.755,27.229,52562,0
1998-05-13,27.255,27.327,27.135,27.159,44749,0
1998-05-14,26.945,27.195,26.945,26.97,78752,0
1998-05-15,26.945,27.066,26.755,26.778,79797,0
1998-05-18,26.755,26.945,26.554,26.755,77715,0
1998-05-19,26.778,27.517,26.686,27.327,121428,0
1998-05-20,27.638,27.638,27.327,27.445,58111,0
1998-05-21,27.445,27.575,27.195,27.229,67828,0
1998-05-22,27.291,27.766,27.291,27.766,86041,0
1998-05-26,27.766,28.216,27.704,27.766,173640,0
1998-05-27,27.638,27.638,26.554,27.039,197061,0
1998-05-28,27.003,27.766,26.97,27.229,228979,0
1998-05-29,27.195,27.291,26.686,26.778,100440,0
1998-06-01,26.814,27.195,26.305,26.4,120214,0
1998-06-02,26.4,26.53,26.113,26.245,131836,0
1998-06-03,26.305,26.468,25.414,25.51,134958,0
1998-06-04,25.473,25.734,25.353,25.7,126459,0
1998-06-05,25.665,26.176,25.665,26.113,55160,0
1998-06-08,26.113,26.245,25.734,25.924,147793,0
1998-06-09,26.019,26.176,25.986,26.019,200529,0
1998-06-10,26.019,26.245,25.734,25.734,193073,0
1998-06-11,25.665,26.054,25,25,123687,0
1998-06-12,25,25.353,24.454,24.654,245630,0
1998-06-15,24.654,24.714,24.333,24.392,130103,0
1998-06-16,24.392,24.392,23.692,23.979,305303,0
1998-06-17,24.203,24.678,24.144,24.454,227414,0
1998-06-18,24.582,24.654,23.86,23.979,251354,0
1998-06-19,24.144,24.203,23.953,24.144,412510,0
1998-06-22,24.144,24.454,24.073,24.299,183875,0
1998-06-23,24.429,24.429,24.073,24.333,166530,0
1998-06-24,24.265,25.093,24.265,25.093,262285,0
1998-06-25,25.223,25.353,24.357,24.429,182145,0
1998-06-26,24.454,24.654,24.454,24.618,193590,0
1998-06-29,24.714,24.774,24.557,24.618,176073,0
1998-06-30,24.654,24.748,24.454,24.748,116051,0
1998-07-01,24.844,25.093,24.678,24.903,144323,0
1998-07-02,24.903,25.057,24.867,24.94,119692,0
1998-07-06,24.965,25.284,24.965,25.19,75113,0
1998-07-07,25.057,25.353,24.965,25.284,109633,0
1998-07-08,25.473,26.148,25.353,26.113,186477,0
1998-07-09,26.113,26.113,25.165,25.165,233488,0
1998-07-10,25.19,25.19,25,25.19,91419,0
1998-07-13,25.223,25.665,25.093,25.414,179885,0
1998-07-14,25.414,25.924,25.353,25.639,82224,0
1998-07-15,25.759,25.863,25.165,25.223,101651,0
1998-07-16,25.353,25.794,25.353,25.794,76326,0
1998-07-17,26.113,26.176,25.924,26.019,141552,0
1998-07-20,26.019,26.209,25.794,26.054,172254,0
1998-07-21,26.176,26.755,26.176,26.364,223599,0
1998-07-22,26.626,27.264,26.626,27.003,217354,0
1998-07-23,27.039,27.135,26.563,26.874,226724,0
1998-07-24,26.814,26.85,26.364,26.364,68523,0
1998-07-27,26.364,26.434,25.665,26.27,224297,0
1998-07-28,26.148,26.148,25.031,25.353,119692,0
1998-07-29,25.604,25.639,25.031,25.13,139296,0
1998-07-30,25.165,25.604,25.093,25.51,211802,0
1998-07-31,25.51,25.604,25.093,25.223,131489,0
1998-08-03,25.223,25.284,24.618,24.678,190813,0
1998-08-04,24.714,24.903,23.692,23.692,157856,0
1998-08-05,23.692,24.265,23.5,24.144,181624,0
1998-08-06,24.144,24.203,23.692,24.073,117093,0
1998-08-07,23.824,24.299,23.824,24.265,145538,0
1998-08-10,24.203,24.557,24.073,24.299,128540,0
1998-08-11,24.166,24.166,23.634,23.692,236262,0
1998-08-12,23.692,23.953,23.443,23.917,214061,0
1998-08-13,24.013,24.454,23.753,23.789,94713,0
1998-08-14,23.753,24.265,23.564,23.66,156986,0
1998-08-17,23.634,24.013,23.254,24.013,268180,0
1998-08-18,24.013,24.618,24.013,24.454,94020,0
1998-08-19,24.524,24.618,24.357,24.524,85869,0
1998-08-20,24.392,24.524,23.953,24.357,153866,0
1998-08-21,24.265,24.357,23.599,23.824,73896,0
1998-08-24,23.883,24.166,23.824,23.824,64184,0
1998-08-25,23.883,24.013,23.443,23.538,129582,0
1998-08-26,23.634,23.692,23.311,23.311,142071,0
1998-08-27,23.182,23.182,22.233,22.233,150742,0
1998-08-28,22.334,22.334,21.282,21.766,308252,0
1998-08-31,21.731,21.791,20.519,20.58,165661,0
1998-09-01,20.519,21.091,20.294,20.804,216834,0
1998-09-02,20.84,20.866,20.321,20.321,183529,0
1998-09-03,20.26,20.26,19.753,19.941,186133,0
1998-09-04,19.908,19.941,19.3,19.49,187173,0
1998-09-08,19.881,20.519,19.753,20.451,273733,0
1998-09-09,20.451,20.451,20.104,20.26,134263,0
1998-09-10,19.999,19.999,19.43,19.525,462639,0
1998-09-11,19.265,19.941,19.265,19.908,183529,0
1998-09-14,19.999,20.451,19.941,20.425,272517,0
1998-09-15,20.519,20.804,20.13,20.617,137734,0
1998-09-16,20.519,20.617,19.604,20.617,233142,0
1998-09-17,20.425,20.425,19.654,19.941,98183,0
1998-09-18,19.941,20.225,19.753,19.941,126399,0
1998-09-21,20.035,20.225,19.654,20.035,149877,0
1998-09-22,20.13,20.225,19.604,19.941,105934,0
1998-09-23,20.13,20.321,19.898,19.941,204691,0
1998-09-24,19.941,20.13,19.561,19.753,123508,0
1998-09-25,19.561,20.13,19.413,19.604,91360,0
1998-09-28,19.654,19.941,18.643,18.842,259279,0
1998-09-29,18.884,18.982,18.505,18.696,201567,0
1998-09-30,18.6,18.738,17.881,18.022,103274,0
1998-10-01,17.925,18.022,16.826,17.113,170231,0
1998-10-02,17.491,18.219,17.491,17.544,132412,0
1998-10-05,17.643,17.831,17.26,17.491,181679,0
1998-10-06,17.925,18.315,17.544,17.544,130103,0
1998-10-07,17.355,17.925,17.208,17.208,111944,0
1998-10-08,17.06,17.59,16.681,16.775,148144,0
1998-10-09,16.967,17.355,16.871,17.165,168612,0
1998-10-12,17.355,17.925,17.301,17.689,172310,0
1998-10-13,17.734,18.022,17.45,17.643,230135,0
1998-10-14,17.544,18.022,17.491,17.643,181450,0
1998-10-15,17.643,19.465,17.643,19.465,429621,0
1998-10-16,19.844,20.708,19.844,20.519,408576,0
1998-10-19,20.708,21.091,20.321,21.091,171849,0
1998-10-20,21.091,21.86,20.519,21.524,143169,0
1998-10-21,21.573,22.334,21.47,22.242,190931,0
1998-10-22,22.527,22.82,22.05,22.725,351215,0
1998-10-23,22.629,22.674,21.903,21.999,458649,0
1998-10-26,21.956,22.102,21.766,21.86,251179,0
1998-10-27,21.766,21.86,21.428,21.47,75744,0
1998-10-28,21.185,21.573,20.995,21.524,280090,0
1998-10-29,21.282,21.86,20.995,21.86,154617,0
1998-10-30,21.669,22.387,21.669,22.102,127094,0
1998-11-02,22.102,22.862,22.102,22.674,104427,0
1998-11-03,22.862,23.295,22.725,22.915,139815,0
1998-11-04,23.008,23.97,23.008,23.875,168957,0
1998-11-05,23.824,23.97,23.347,23.824,113446,0
1998-11-06,23.674,24.013,23.443,23.97,69039,0
1998-11-09,24.158,24.158,23.538,23.78,57013,0
1998-11-10,23.78,23.78,22.959,22.959,136574,0
1998-11-11,23.008,23.106,22.482,22.629,108705,0
1998-11-12,22.82,22.82,22.334,22.527,206083,0
1998-11-13,22.629,22.725,22.334,22.629,101308,0
1998-11-16,22.725,22.915,22.387,22.576,76789,0
1998-11-17,22.768,23.634,22.629,23.483,318602,0
1998-11-18,23.2,23.295,22.915,23.295,58171,0
1998-11-19,23.2,23.674,23.2,23.483,64878,0
1998-11-20,23.674,23.78,23.582,23.674,56783,0
1998-11-23,23.875,24.35,23.727,24.308,105237,0
1998-11-24,24.35,24.541,23.824,23.917,186880,0
1998-11-25,23.97,24.013,23.391,24.013,119348,0
1998-11-27,24.203,24.445,24.109,24.35,50421,0
1998-11-30,24.499,25.121,24.499,24.782,234413,0
1998-12-01,24.35,24.401,23.78,24.256,93211,0
1998-12-02,24.282,24.333,21.064,21.158,946788,0
1998-12-03,21.54,22.31,21.4,21.635,306920,0
1998-12-04,21.74,22.793,21.74,22.793,264940,0
1998-12-07,22.793,23.035,22.648,22.699,247827,0
1998-12-08,22.699,22.699,21.972,22.404,406147,0
1998-12-09,22.362,22.793,22.31,22.603,168957,0
1998-12-10,22.509,22.509,21.635,21.686,486524,0
1998-12-11,21.686,21.74,21.255,21.309,147220,0
1998-12-14,21.255,21.635,21.158,21.54,230942,0
1998-12-15,21.158,21.446,19.663,21.349,993972,0
1998-12-16,21.158,21.4,20.727,21.309,334792,0
1998-12-17,21.309,21.497,21.201,21.349,299983,0
1998-12-18,21.349,21.834,21.309,21.834,208164,0
1998-12-21,21.834,21.834,21.064,21.349,369950,0
1998-12-22,21.349,21.446,21.064,21.201,200993,0
1998-12-23,21.255,21.834,21.108,21.592,114489,0
1998-12-24,21.497,21.877,21.497,21.592,95524,0
1998-12-28,21.782,22.215,21.782,22.172,205041,0
1998-12-29,22.362,22.845,22.025,22.603,200299,0
1998-12-30,22.699,22.986,22.362,22.742,154505,0
1998-12-31,22.793,23.32,22.742,23.227,172891,0
1999-01-04,23.278,23.66,22.986,23.035,262630,0
1999-01-05,23.373,23.753,22.986,23.66,264479,0
1999-01-06,23.467,24.239,23.467,24.184,306578,0
1999-01-07,23.85,23.85,23.373,23.709,128134,0
1999-01-08,23.753,24.049,23.227,23.373,156236,0
1999-01-11,23.08,23.08,22.793,22.942,227476,0
1999-01-12,22.793,22.986,22.603,22.986,180176,0
1999-01-13,22.603,23.08,22.31,22.699,137849,0
1999-01-14,22.31,22.458,22.265,22.362,176012,0
1999-01-15,22.31,22.986,22.31,22.845,146637,0
1999-01-19,22.603,22.699,22.404,22.404,197753,0
1999-01-20,22.509,23.035,22.31,22.509,174973,0
1999-01-21,21.635,22.603,21.635,22.119,154040,0
1999-01-22,22.119,22.404,21.877,22.362,117612,0
1999-01-25,22.119,22.362,21.686,22.362,202842,0
1999-01-26,22.025,22.603,21.929,21.929,489641,0
1999-01-27,21.929,22.265,21.877,21.972,176012,0
1999-01-28,21.877,21.929,21.309,21.592,358153,0
1999-01-29,21.635,21.635,20.727,20.918,250488,0
1999-02-01,21.446,22.215,21.158,21.929,292003,0
1999-02-02,21.54,21.686,21.349,21.54,209548,0
1999-02-03,21.54,22.509,21.309,22.265,121546,0
1999-02-04,21.592,21.929,21.592,21.74,283912,0
1999-02-05,21.74,22.025,21.686,21.834,234876,0
1999-02-08,21.834,21.877,21.54,21.782,255924,0
1999-02-09,21.74,21.834,21.201,21.592,143863,0
1999-02-10,21.54,21.74,21.349,21.349,157856,0
1999-02-11,21.309,21.74,21.309,21.54,223890,0
1999-02-12,21.349,21.635,20.294,20.294,558913,0
1999-02-16,20.339,21.158,20.294,20.866,142475,0
1999-02-17,20.772,21.011,20.339,20.339,156699,0
1999-02-18,20.148,20.294,19.663,19.863,261013,0
1999-02-19,19.999,19.999,19.23,19.717,492996,0
1999-02-22,19.908,21.158,19.807,21.011,397357,0
1999-02-23,20.822,21.309,20.673,21.255,277549,0
1999-02-24,21.201,22.265,21.064,21.686,615351,0
1999-02-25,21.349,21.54,20.727,21.108,223661,0
1999-02-26,21.064,21.255,20.58,21.108,289925,0
1999-03-01,20.58,20.866,19.999,20.58,232331,0
1999-03-02,20.39,20.772,20.104,20.104,212089,0
1999-03-03,20.176,20.225,19.404,20.079,242274,0
1999-03-04,20.079,20.416,19.889,20.374,147330,0
1999-03-05,20.658,20.804,20.519,20.563,129521,0
1999-03-08,20.374,20.952,20.13,20.563,196597,0
1999-03-09,20.176,20.374,19.698,19.889,139235,0
1999-03-10,20.079,20.225,19.646,19.698,155311,0
1999-03-11,19.791,19.941,19.456,19.646,221575,0
1999-03-12,19.646,20.225,19.551,20.13,287494,0
1999-03-15,19.791,19.835,18.972,19.117,264133,0
1999-03-16,19.117,19.595,18.972,19.362,242396,0
1999-03-17,19.362,19.404,18.729,19.017,235454,0
1999-03-18,19.017,19.257,18.92,18.972,350294,0
1999-03-19,19.068,19.257,18.634,18.677,279512,0
1999-03-22,18.488,18.677,18.201,18.436,392151,0
1999-03-23,18.54,18.54,18.201,18.297,339188,0
1999-03-24,18.436,18.488,17.908,17.958,192319,0
1999-03-25,18.15,18.391,17.908,17.958,186075,0
1999-03-26,17.958,18.297,17.908,17.958,876016,0
1999-03-29,18.15,18.391,18.057,18.15,311318,0
1999-03-30,18.341,18.782,18.057,18.1,338152,0
1999-03-31,18.436,19.017,18.436,18.677,316522,0
1999-04-01,19.017,19.017,18.297,18.54,216722,0
1999-04-05,18.54,18.825,18.341,18.729,182145,0
1999-04-06,18.825,19.404,18.825,19.017,232793,0
1999-04-07,18.54,19.068,18.54,18.875,190931,0
1999-04-08,20.857,21.236,20.563,20.9,644258,0
1999-04-09,20.9,20.9,19.889,19.941,308544,0
1999-04-12,19.551,21.334,19.498,21.1,253842,0
1999-04-13,20.9,20.995,20.466,20.563,169537,0
1999-04-14,20.563,21.816,20.563,21.722,244707,0
1999-04-15,21.678,23.124,21.678,23.124,259623,0
1999-04-16,23.124,23.269,22.881,23.027,221923,0
1999-04-19,23.027,23.797,22.828,23.46,226322,0
1999-04-20,23.46,23.85,22.207,22.543,319761,0
1999-04-21,22.543,23.365,22.491,23.365,250144,0
1999-04-22,23.365,23.556,22.784,22.976,171734,0
1999-04-23,22.933,22.976,22.249,22.595,147220,0
1999-04-26,22.595,22.784,21.912,21.963,168034,0
1999-04-27,22.017,22.353,21.722,22.11,261472,0
1999-04-28,22.11,22.784,22.11,22.154,275239,0
1999-04-29,22.353,22.543,22.11,22.353,219261,0
1999-04-30,22.395,22.543,22.207,22.353,190582,0
1999-05-03,22.207,22.976,22.11,22.976,229905,0
1999-05-04,23.556,24.184,23.556,23.607,351215,0
1999-05-05,23.607,24.375,23.556,24.184,355842,0
1999-05-06,24.135,24.135,23.556,23.944,122240,0
1999-05-07,23.753,24.714,23.7,24.429,236958,0
1999-05-10,24.429,25.292,24.429,24.669,263904,0
1999-05-11,24.472,25.007,24.472,24.766,160052,0
1999-05-12,24.669,24.912,23.797,24.524,219261,0
1999-05-13,24.135,24.282,23.944,24.282,96331,0
1999-05-14,24.472,24.472,23.988,24.184,141782,0
1999-05-17,23.988,24.229,23.7,23.944,92979,0
1999-05-18,24.135,24.135,23.651,23.797,135419,0
1999-05-19,23.753,23.891,23.41,23.753,140161,0
1999-05-20,24.135,24.229,23.85,23.988,77134,0
1999-05-21,23.753,24.04,23.651,23.7,134727,0
1999-05-24,23.7,24.333,23.556,23.7,104197,0
1999-05-25,23.51,24.229,23.51,23.85,134727,0
1999-05-26,23.85,23.85,22.881,23.124,193126,0
1999-05-27,22.933,23.071,22.395,22.543,117725,0
1999-05-28,22.491,23.219,22.302,23.219,87889,0
1999-06-01,23.027,23.311,22.491,23.311,109056,0
1999-06-02,23.295,23.347,22.862,23.295,86850,0
1999-06-03,23.244,23.727,23.053,23.244,170808,0
1999-06-04,23.148,24.073,23.053,24.073,118886,0
1999-06-07,23.727,23.727,22.999,23.244,143863,0
1999-06-08,23.148,23.443,22.862,23.443,125824,0
1999-06-09,23.244,23.538,22.862,23.148,124665,0
1999-06-10,23.106,23.443,22.812,23.053,85114,0
1999-06-11,22.999,23.244,22.76,23.053,91244,0
1999-06-14,23.244,23.347,22.959,22.999,58747,0
1999-06-15,23.244,23.684,23.053,23.634,200299,0
1999-06-16,23.832,24.118,23.538,23.684,159705,0
1999-06-17,23.727,23.97,23.591,23.78,78872,0
1999-06-18,23.244,23.78,23.244,23.538,190238,0
1999-06-21,23.538,23.538,22.959,23.244,133223,0
1999-06-22,23.634,24.8,23.634,24.696,743371,0
1999-06-23,24.6,24.8,24.6,24.8,217530,0
1999-06-24,24.696,24.8,24.118,24.317,198216,0
1999-06-25,24.118,24.166,23.591,23.97,92517,0
1999-06-28,24.021,24.317,23.925,24.166,92397,0
1999-06-29,24.317,24.696,23.925,24.073,251412,0
1999-06-30,24.073,24.454,24.021,24.357,282523,0
1999-07-01,24.212,24.6,23.925,24.454,133919,0
1999-07-02,23.244,23.244,22.18,22.567,516012,0
1999-07-06,22.76,22.76,21.843,22.034,462582,0
1999-07-07,22.034,22.274,21.748,22.274,310393,0
1999-07-08,22.18,22.326,21.548,21.601,264366,0
1999-07-09,21.601,21.601,21.116,21.264,565391,0
1999-07-12,21.264,21.358,20.822,20.969,289925,0
1999-07-13,21.02,21.02,20.443,20.443,316638,0
1999-07-14,20.484,20.537,20.241,20.537,347859,0
1999-07-15,20.537,21.02,20.148,20.241,269914,0
1999-07-16,20.633,21.02,20.537,20.727,137734,0
1999-07-19,20.875,20.926,20.39,20.822,205621,0
1999-07-20,20.633,20.822,20.148,20.241,151960,0
1999-07-21,20.241,20.727,20.148,20.537,237421,0
1999-07-22,20.148,20.727,20.148,20.339,119692,0
1999-07-23,20.241,20.39,20.054,20.096,187464,0
1999-07-26,20.096,20.148,19.908,20.148,175205,0
1999-07-27,20.148,20.926,20.148,20.682,484092,0
1999-07-28,20.484,20.682,20.241,20.39,98759,0
1999-07-29,20.339,20.339,19.999,20.148,378162,0
1999-07-30,20.241,20.241,19.474,19.663,314323,0
1999-08-02,19.663,19.76,19.274,19.474,277781,0
1999-08-03,19.422,19.611,19.082,19.18,319761,0
1999-08-04,19.274,19.274,18.748,18.884,289576,0
1999-08-05,17.822,19.082,17.634,19.082,321955,0
1999-08-06,18.696,19.369,18.696,19.082,183991,0
1999-08-09,19.082,19.57,19.033,19.474,315019,0
1999-08-10,19.369,19.57,19.18,19.422,321726,0
1999-08-11,19.325,19.325,18.842,19.033,257082,0
1999-08-12,19.23,19.474,19.127,19.18,237188,0
1999-08-13,19.274,19.663,19.082,19.516,164913,0
1999-08-16,19.422,19.474,18.643,18.937,156582,0
1999-08-17,18.937,19.369,18.696,19.23,224469,0
1999-08-18,19.082,19.127,18.696,18.937,173585,0
1999-08-19,18.79,19.033,18.748,18.884,116225,0
1999-08-20,18.884,19.18,18.842,19.127,183646,0
1999-08-23,19.127,19.127,18.748,18.937,197636,0
1999-08-24,18.79,18.99,18.643,18.884,326927,0
1999-08-25,18.884,19.18,18.696,19.082,544343,0
1999-08-26,19.033,19.082,18.884,18.99,227591,0
1999-08-27,18.99,19.127,18.643,18.842,369604,0
1999-08-30,18.884,18.884,18.696,18.884,433438,0
1999-08-31,18.937,18.99,18.55,18.643,226089,0
1999-09-01,18.677,18.775,18.184,18.583,206889,0
1999-09-02,18.531,18.963,17.752,18.963,269682,0
1999-09-03,18.775,18.963,18.583,18.583,235919,0
1999-09-07,18.583,19.456,18.238,19.216,311202,0
1999-09-08,19.109,19.109,18.478,18.625,128022,0
1999-09-09,18.677,18.775,18.478,18.721,79102,0
1999-09-10,18.721,18.721,17.699,17.805,169766,0
1999-09-13,17.995,18.775,17.898,18.721,300331,0
1999-09-14,18.721,19.109,18.677,18.963,204112,0
1999-09-15,18.963,19.068,18.721,19.017,318492,0
1999-09-16,18.92,19.017,18.478,18.625,287031,0
1999-09-17,18.677,18.775,18.238,18.531,155542,0
1999-09-20,18.383,18.478,17.898,18.047,110790,0
1999-09-21,18.047,18.184,17.898,17.943,355495,0
1999-09-22,17.898,18.047,16.732,17.217,355264,0
1999-09-23,17.418,17.418,16.923,17.269,272459,0
1999-09-24,17.217,17.31,16.923,16.974,153809,0
1999-09-27,17.12,17.752,16.974,17.364,218920,0
1999-09-28,17.364,17.606,16.923,16.974,113565,0
1999-09-29,16.732,17.07,16.732,17.07,302760,0
1999-09-30,16.879,17.458,16.826,17.458,220884,0
1999-10-01,17.418,17.508,17.165,17.31,290387,0
1999-10-04,17.508,18.047,17.508,17.995,318492,0
1999-10-05,17.995,18.288,17.752,17.849,346010,0
1999-10-06,17.849,17.849,17.458,17.508,155891,0
1999-10-07,17.508,17.805,17.269,17.752,222387,0
1999-10-08,17.805,18.184,17.508,17.849,126748,0
1999-10-11,17.805,18.091,17.699,17.995,94598,0
1999-10-12,17.898,17.898,17.12,17.364,109518,0
1999-10-13,17.165,17.165,16.732,16.732,191049,0
1999-10-14,16.732,17.12,16.25,16.826,382209,0
1999-10-15,17.025,17.553,16.681,17.217,216953,0
1999-10-18,17.31,17.606,16.826,16.826,191160,0
1999-10-19,16.681,17.217,16.681,16.879,150686,0
1999-10-20,16.923,16.923,16.342,16.491,201337,0
1999-10-21,16.25,16.25,15.177,15.47,610262,0
1999-10-22,15.661,15.661,14.587,15.607,904696,0
1999-10-25,15.607,15.661,15.366,15.47,260202,0
1999-10-26,15.47,15.859,15.366,15.607,242046,0
1999-10-27,15.47,15.661,14.978,15.417,287378,0
1999-10-28,15.565,15.661,14.978,15.513,225509,0
1999-10-29,15.513,16.102,15.513,15.902,231523,0
1999-11-01,15.902,15.997,15.417,15.47,292930,0
1999-11-02,15.565,16.051,15.324,15.859,196480,0
1999-11-03,15.753,15.753,15.177,15.366,331557,0
1999-11-04,15.219,15.753,15.219,15.366,296398,0
1999-11-05,15.177,15.807,15.177,15.607,263326,0
1999-11-08,15.607,15.711,14.64,14.978,398629,0
1999-11-09,14.787,15.27,14.787,15.219,201455,0
1999-11-10,15.028,15.366,15.028,15.124,322997,0
1999-11-11,15.177,15.417,14.64,14.88,546541,0
1999-11-12,14.69,14.787,14.25,14.69,472527,0
1999-11-15,14.25,14.88,14.25,14.345,439107,0
1999-11-17,13.715,13.766,13.472,13.567,760829,0
1999-11-18,13.522,14.302,13.522,14.199,1033061,0
1999-11-19,14.199,14.735,14.052,14.492,1008891,0
1999-11-22,14.302,14.787,14.199,14.69,514509,0
1999-11-23,14.787,14.978,14.492,14.546,560648,0
1999-11-24,14.735,14.735,14.302,14.302,445929,0
1999-11-26,14.345,14.69,14.302,14.345,86156,0
1999-11-29,14.345,14.546,14.345,14.439,247483,0
1999-11-30,14.25,14.492,14.199,14.302,259048,0
1999-12-01,14.277,14.674,14.277,14.423,353760,0
1999-12-02,14.475,14.821,14.329,14.329,254536,0
1999-12-03,14.329,14.821,14.329,14.821,272691,0
1999-12-06,14.527,14.527,14.423,14.423,305768,0
1999-12-07,14.475,14.674,14.475,14.527,170808,0
1999-12-08,14.475,14.571,14.231,14.231,310739,0
1999-12-09,14.277,14.329,14.033,14.086,145714,0
1999-12-10,14.086,14.231,13.888,14.086,285412,0
1999-12-13,14.086,14.181,13.792,13.792,286105,0
1999-12-14,13.888,14.231,13.835,14.13,160285,0
1999-12-15,14.086,14.381,13.94,13.94,278358,0
1999-12-16,13.982,13.982,13.256,13.446,574061,0
1999-12-17,13.153,13.817,13.153,13.558,1035488,0
1999-12-20,13.506,14.484,13.453,14.277,629111,0
1999-12-21,14.172,14.735,14.172,14.484,377581,0
1999-12-22,14.484,15.505,14.484,14.537,582623,0
1999-12-23,14.838,15.452,14.787,15.351,333751,0
1999-12-27,15.557,15.557,15.15,15.15,211861,0
1999-12-28,15.202,15.505,15.045,15.045,298136,0
1999-12-29,15.202,15.607,15.15,15.557,102692,0
1999-12-30,15.557,15.963,15.557,15.963,317331,0
1999-12-31,15.918,16.326,15.816,16.271,82224,0
2000-01-03,16.326,16.428,15.763,15.763,290038,0
2000-01-04,15.763,16.067,15.661,15.869,278476,0
2000-01-05,15.869,16.378,15.869,16.224,235801,0
2000-01-06,16.169,16.169,15.869,16.067,336298,0
2000-01-07,16.378,16.378,15.963,16.067,243896,0
2000-01-10,16.482,16.482,16.118,16.118,277549,0
2000-01-11,16.015,16.378,16.015,16.067,280436,0
2000-01-12,16.118,16.118,15.763,15.816,293163,0
2000-01-13,15.869,16.378,15.869,16.271,186422,0
2000-01-14,16.169,16.326,15.661,15.918,262862,0
2000-01-18,15.816,16.482,15.816,16.428,185377,0
2000-01-19,16.482,16.991,16.482,16.835,197636,0
2000-01-20,16.783,16.783,16.326,16.627,208277,0
2000-01-21,16.627,16.627,16.326,16.534,503754,0
2000-01-24,16.482,16.576,15.711,15.711,256155,0
2000-01-25,15.763,15.918,15.711,15.763,353299,0
2000-01-26,15.763,15.869,15.661,15.816,192898,0
2000-01-27,15.763,16.169,15.763,15.869,120154,0
2000-01-28,15.918,16.224,15.252,15.252,160285,0
2000-01-31,15.607,16.169,15.607,16.015,199140,0
2000-02-01,15.963,16.534,15.763,16.326,393310,0
2000-02-02,16.326,16.681,16.015,16.378,132874,0
2000-02-03,16.576,16.627,16.224,16.271,233718,0
2000-02-04,16.224,16.732,16.224,16.534,205621,0
2000-02-07,16.428,16.428,16.271,16.326,161559,0
2000-02-08,16.326,16.887,16.326,16.576,90321,0
2000-02-09,16.482,16.482,16.118,16.169,290850,0
2000-02-10,16.326,16.326,16.067,16.169,255807,0
2000-02-11,16.067,16.224,15.869,16.015,400247,0
2000-02-14,15.963,16.271,15.869,16.224,73319,0
2000-02-15,16.118,16.835,16.118,16.783,196247,0
2000-02-16,16.576,16.941,16.534,16.627,104546,0
2000-02-17,16.681,16.783,16.224,16.378,126170,0
2000-02-18,16.271,16.482,15.869,16.169,204810,0
2000-02-22,16.067,16.482,15.711,15.963,274197,0
2000-02-23,15.918,16.378,15.869,16.224,192898,0
2000-02-24,16.015,16.118,15.305,15.661,293043,0
2000-02-25,15.305,15.661,15.305,15.661,130216,0
2000-02-28,15.557,16.169,15.452,15.963,222965,0
2000-02-29,15.816,16.271,15.816,16.271,195674,0
2000-03-01,16.271,16.271,15.505,15.816,347399,0
2000-03-02,16.015,16.169,15.963,16.067,172427,0
2000-03-03,16.015,16.576,16.015,16.482,201224,0
2000-03-06,16.559,16.559,16.15,16.25,196019,0
2000-03-07,16.351,16.559,15.842,15.997,125591,0
2000-03-08,15.842,16.818,15.842,16.664,170231,0
2000-03-09,16.716,16.767,16.351,16.455,291425,0
2000-03-10,16.455,16.455,16.25,16.298,193822,0
2000-03-13,16.405,16.405,15.893,15.997,286338,0
2000-03-14,15.944,16.405,15.842,16.25,320569,0
2000-03-15,16.15,16.767,16.102,16.664,281944,0
2000-03-16,17.078,18.929,17.078,18.721,393542,0
2000-03-17,17.689,18.929,17.689,18.775,307503,0
2000-03-20,18.825,19.335,18.721,18.775,137849,0
2000-03-21,18.307,18.929,18.307,18.616,292930,0
2000-03-22,18.825,19.439,18.825,19.282,256038,0
2000-03-23,19.282,19.335,18.825,19.335,239850,0
2000-03-24,19.335,19.49,19.136,19.335,144903,0
2000-03-27,19.23,19.335,18.721,19.136,140275,0
2000-03-28,19.033,19.387,19.033,19.033,112179,0
2000-03-29,19.033,19.136,18.929,19.082,96101,0
2000-03-30,19.136,19.335,18.358,19.136,218454,0
2000-03-31,19.136,19.753,18.875,19.387,435868,0
2000-04-03,19.439,19.439,18.929,19.335,180523,0
2000-04-04,19.335,19.957,19.335,19.854,264711,0
2000-04-05,19.646,20.113,19.646,19.957,194862,0
2000-04-06,19.753,20.311,19.753,20.26,136808,0
2000-04-07,20.26,20.26,19.908,20.008,282523,0
2000-04-10,19.799,19.908,19.595,19.753,185148,0
2000-04-11,19.542,19.957,19.439,19.908,195211,0
2000-04-12,19.908,21.185,19.908,20.727,313862,0
2000-04-13,20.572,21.091,20.166,21.039,113103,0
2000-04-14,20.831,20.831,20.063,20.113,223425,0
2000-04-17,20.311,21.143,20.311,21.039,335951,0
2000-04-18,20.986,22.163,20.416,21.653,383712,0
2000-04-19,21.704,22.119,21.236,22.017,396087,0
2000-04-20,21.963,22.163,21.34,21.704,196713,0
2000-04-24,21.653,21.912,21.601,21.807,276165,0
2000-04-25,22.629,22.784,21.653,22.576,348555,0
2000-04-26,22.37,22.784,21.653,21.757,150224,0
2000-04-27,21.757,22.318,21.704,22.215,89048,0
2000-04-28,22.017,22.37,22.017,22.119,99223,0
2000-05-01,22.017,22.837,22.017,22.629,94713,0
2000-05-02,22.683,22.683,21.912,22.068,113103,0
2000-05-03,22.265,22.421,21.497,21.497,213366,0
2000-05-04,21.091,22.215,21.091,21.704,324040,0
2000-05-05,21.704,22.215,21.704,21.963,233835,0
2000-05-08,21.912,22.527,21.86,22.068,366712,0
2000-05-09,21.86,21.963,21.601,21.912,143169,0
2000-05-10,21.912,22.318,21.807,22.215,383712,0
2000-05-11,22.215,23.347,22.215,23.191,346242,0
2000-05-12,23.191,24.274,23.096,23.917,297211,0
2000-05-15,23.761,24.021,23.709,23.917,269803,0
2000-05-16,23.866,23.917,23.347,23.452,273156,0
2000-05-17,23.556,23.556,22.734,23.141,111019,0
2000-05-18,22.942,23.044,22.734,22.992,152533,0
2000-05-19,22.784,23.044,22.119,22.318,279630,0
2000-05-22,22.629,22.629,21.963,22.163,233835,0
2000-05-23,22.119,22.837,22.119,22.421,173237,0
2000-05-24,23.044,23.044,22.474,22.527,163869,0
2000-05-25,22.318,22.629,22.119,22.215,142129,0
2000-05-26,22.318,22.318,21.391,21.497,110905,0
2000-05-30,22.093,22.302,22.042,22.197,173354,0
2000-05-31,22.093,22.404,21.791,21.791,61870,0
2000-06-01,21.582,22.923,21.582,22.82,203188,0
2000-06-02,22.716,23.547,22.716,23.182,183529,0
2000-06-05,23.132,23.391,22.716,23.08,90205,0
2000-06-06,23.235,23.491,22.923,23.391,147451,0
2000-06-07,23.338,23.391,22.82,22.923,184223,0
2000-06-08,23.027,23.027,22.302,22.611,225971,0
2000-06-09,22.82,22.82,22.302,22.404,97723,0
2000-06-12,22.404,22.611,22.093,22.249,96101,0
2000-06-13,22.302,22.302,21.582,21.686,241119,0
2000-06-14,21.686,22.302,21.531,22.093,338842,0
2000-06-15,21.894,22.093,21.686,21.686,286684,0
2000-06-16,20.339,21.582,20.339,21.374,517282,0
2000-06-19,21.272,21.325,20.443,20.598,246327,0
2000-06-20,20.598,20.699,19.777,19.826,349133,0
2000-06-21,19.932,20.546,19.881,20.184,145021,0
2000-06-22,19.983,20.139,19.725,19.777,75402,0
2000-06-23,19.932,20.088,19.516,19.777,216722,0
2000-06-26,19.777,19.932,19.05,19.413,172545,0
2000-06-27,19.413,20.035,19.1,19.62,220186,0
2000-06-28,19.67,20.035,19.1,19.224,292003,0
2000-06-29,19.413,20.339,19.257,20.339,414938,0
2000-06-30,20.286,20.857,19.983,20.096,379666,0
2000-07-03,19.932,20.699,19.881,20.649,91821,0
2000-07-05,20.443,20.755,20.233,20.339,147793,0
2000-07-06,20.546,20.649,20.139,20.139,133109,0
2000-07-07,20.139,20.233,19.826,19.826,264711,0
2000-07-10,20.035,20.443,19.908,20.286,107435,0
2000-07-11,20.286,20.493,20.035,20.233,74820,0
2000-07-12,20.546,20.804,19.881,19.932,85114,0
2000-07-13,19.983,20.493,19.881,20.139,81877,0
2000-07-14,20.139,20.233,19.983,20.184,50769,0
2000-07-17,20.088,20.39,19.777,19.826,176244,0
2000-07-18,19.826,19.826,19.206,19.413,162135,0
2000-07-19,19.516,19.826,19.516,19.62,115991,0
2000-07-20,19.413,20.035,19.257,19.257,227359,0
2000-07-21,19.257,19.257,18.583,18.583,191970,0
2000-07-24,18.687,18.687,17.762,17.866,301140,0
2000-07-25,17.968,18.687,17.968,18.531,215447,0
2000-07-26,18.583,18.583,18.279,18.279,271998,0
2000-07-27,18.072,18.279,17.45,17.45,136692,0
2000-07-28,17.658,17.866,17.5,17.658,309814,0
2000-07-31,17.866,18.383,17.708,18.176,202962,0
2000-08-01,18.176,18.687,18.022,18.583,216834,0
2000-08-02,18.634,18.842,18.279,18.79,267720,0
2000-08-03,18.687,19.206,18.531,19.05,216834,0
2000-08-04,19.1,19.67,19.05,19.62,373188,0
2000-08-07,19.826,20.035,19.57,19.826,245630,0
2000-08-08,19.826,20.443,19.777,20.39,222502,0
2000-08-09,20.339,20.649,20.088,20.088,159705,0
2000-08-10,20.139,20.139,19.725,19.777,93907,0
2000-08-11,19.777,20.233,19.725,19.983,137620,0
2000-08-14,19.983,19.983,19.413,19.932,226552,0
2000-08-15,20.035,20.443,19.881,19.932,205041,0
2000-08-16,19.932,20.233,19.932,20.035,94713,0
2000-08-17,19.62,19.881,19.516,19.67,201224,0
2000-08-18,19.516,20.233,19.516,20.035,109980,0
2000-08-21,20.139,20.598,20.139,20.39,159705,0
2000-08-22,20.39,20.443,20.088,20.139,115991,0
2000-08-23,20.233,20.286,19.67,19.777,133686,0
2000-08-24,19.725,19.826,19.62,19.777,76672,0
2000-08-25,19.57,19.983,19.57,19.725,343698,0
2000-08-28,19.777,21.011,19.725,20.804,190004,0
2000-08-29,20.649,20.804,20.546,20.755,228862,0
2000-08-30,20.321,20.528,20.113,20.475,242857,0
2000-08-31,20.633,20.943,20.528,20.849,150108,0
2000-09-01,20.89,21.309,20.788,20.995,184568,0
2000-09-05,20.788,20.995,20.633,20.995,247020,0
2000-09-06,21.151,21.358,20.995,21.358,150108,0
2000-09-07,21.151,21.566,21.151,21.515,205388,0
2000-09-08,21.566,21.566,21.358,21.566,193126,0
2000-09-11,21.617,21.877,21.409,21.409,145134,0
2000-09-12,19.49,19.799,18.246,18.557,1238792,0
2000-09-13,18.349,18.349,17.625,18.297,1106496,0
2000-09-14,18.452,18.661,17.881,18.401,319297,0
2000-09-15,18.557,18.557,17.517,17.674,516934,0
2000-09-18,17.674,17.831,17.418,17.572,177981,0
2000-09-19,17.881,17.986,17.31,17.674,286454,0
2000-09-20,17.779,18.192,17.625,17.986,103040,0
2000-09-21,17.881,18.038,17.831,17.881,126055,0
2000-09-22,17.674,17.779,17.517,17.625,128022,0
2000-09-25,17.831,18.246,17.726,17.934,105700,0
2000-09-26,17.881,18.246,17.831,18.091,219613,0
2000-09-27,18.091,18.557,18.091,18.349,82338,0
2000-09-28,18.505,18.661,18.349,18.401,316058,0
2000-09-29,18.452,19.387,18.142,18.972,356073,0
2000-10-02,18.816,19.075,18.219,18.765,169302,0
2000-10-03,18.765,19.282,18.765,19.127,121890,0
2000-10-04,19.127,19.753,19.127,19.282,79797,0
2000-10-05,19.439,19.646,18.972,19.025,76904,0
2000-10-06,19.075,19.335,18.765,18.972,77367,0
2000-10-09,19.127,19.49,18.557,19.075,75283,0
2000-10-10,19.025,19.23,18.972,19.025,119460,0
2000-10-11,19.025,19.335,18.607,18.661,167684,0
2000-10-12,18.867,18.92,18.557,18.661,73203,0
2000-10-13,18.505,18.972,18.452,18.972,157739,0
2000-10-16,18.972,19.908,18.972,19.908,243087,0
2000-10-17,19.753,19.753,18.557,18.972,179942,0
2000-10-18,19.025,19.957,18.661,19.799,169651,0
2000-10-19,19.799,20.166,19.387,19.799,148719,0
2000-10-20,19.646,20.113,19.439,20.008,126286,0
2000-10-23,20.216,20.633,20.113,20.425,116108,0
2000-10-24,20.268,20.475,20.113,20.374,152533,0
2000-10-25,20.374,20.425,19.908,20.063,107899,0
2000-10-26,20.216,20.528,19.957,20.166,119460,0
2000-10-27,20.216,20.321,19.908,20.063,165144,0
2000-10-30,20.268,21.201,20.268,21.1,254075,0
2000-10-31,20.943,21.825,20.943,21.722,206314,0
2000-11-01,21.722,21.929,21.151,21.669,146064,0
2000-11-02,21.617,21.98,21.617,21.877,103963,0
2000-11-03,21.929,22.215,21.255,21.515,94251,0
2000-11-06,21.566,21.566,21.151,21.358,117149,0
2000-11-07,21.358,21.463,20.216,21.409,108705,0
2000-11-08,21.463,21.669,21.1,21.463,122006,0
2000-11-09,21.255,21.463,21.151,21.463,79797,0
2000-11-10,21.255,21.309,20.84,20.89,108705,0
2000-11-13,20.943,20.995,20.58,20.682,163177,0
2000-11-14,20.682,20.736,20.321,20.58,222387,0
2000-11-15,20.682,20.943,20.58,20.89,111019,0
2000-11-16,20.682,20.736,20.321,20.528,58977,0
2000-11-17,20.58,21.048,20.321,20.736,120504,0
2000-11-20,20.89,20.943,20.374,20.528,86386,0
2000-11-21,20.475,21.048,20.475,20.633,98878,0
2000-11-22,20.84,20.84,20.321,20.374,81530,0
2000-11-24,20.58,20.682,20.528,20.58,36774,0
2000-11-27,20.736,21.151,20.633,20.943,164218,0
2000-11-28,20.943,21.151,20.528,20.995,124665,0
2000-11-29,20.918,21.334,20.813,21.125,141899,0
2000-11-30,21.074,21.125,20.813,21.02,128595,0
2000-12-01,21.125,21.175,20.813,20.969,87889,0
2000-12-04,21.074,22.017,21.074,21.807,172661,0
2000-12-05,22.017,22.43,22.017,22.119,111482,0
2000-12-06,21.963,22.224,21.757,21.912,104774,0
2000-12-07,22.017,22.017,21.381,21.446,157281,0
2000-12-08,21.446,21.912,21.446,21.548,167918,0
2000-12-11,21.704,21.86,21.548,21.653,190004,0
2000-12-12,21.704,22.017,21.653,21.807,129983,0
2000-12-13,21.807,21.912,21.548,21.704,297323,0
2000-12-14,21.704,21.757,21.446,21.601,192550,0
2000-12-15,21.653,21.912,21.228,21.282,459110,0
2000-12-18,21.334,21.86,21.334,21.601,213713,0
2000-12-19,21.653,21.653,20.764,20.764,469174,0
2000-12-20,20.918,20.969,20.294,20.501,336993,0
2000-12-21,20.608,21.228,20.608,21.228,226433,0
2000-12-22,21.446,21.704,21.228,21.601,230597,0
2000-12-26,21.601,22.172,21.282,21.963,136113,0
2000-12-27,22.017,23.261,22.017,23.209,156582,0
2000-12-28,23.209,23.519,22.95,23.418,176244,0
2000-12-29,23.365,23.727,23.365,23.674,217299,0
2001-01-02,23.573,23.624,23.209,23.209,199255,0
2001-01-03,23.209,23.261,22.845,23.106,381398,0
2001-01-04,23.157,23.624,23.157,23.365,429971,0
2001-01-05,23.418,23.519,23.209,23.261,295127,0
2001-01-08,23.106,23.157,22.845,22.897,243666,0
2001-01-09,22.845,22.999,22.535,22.845,177280,0
2001-01-10,22.793,22.897,22.586,22.897,227937,0
2001-01-11,22.068,23.209,21.86,22.639,376888,0
2001-01-12,22.845,22.845,22.017,22.43,163406,0
2001-01-16,22.379,22.742,22.119,22.691,64878,0
2001-01-17,22.639,22.793,22.326,22.482,192898,0
2001-01-18,22.43,22.43,21.704,21.963,285874,0
2001-01-19,21.807,22.172,21.807,22.172,336068,0
2001-01-22,22.172,22.172,21.653,21.912,161325,0
2001-01-23,21.807,22.897,21.757,22.43,207582,0
2001-01-24,22.326,22.691,22.017,22.535,134263,0
2001-01-25,22.535,22.897,22.172,22.326,180753,0
2001-01-26,22.482,22.482,21.757,21.912,165721,0
2001-01-29,22.025,22.404,21.937,22.233,105700,0
2001-01-30,22.413,22.812,22.274,22.674,120386,0
2001-01-31,22.674,23.132,22.56,22.872,212904,0
2001-02-01,22.862,23.106,22.691,23.08,152071,0
2001-02-02,23.096,23.096,22.482,22.62,521099,0
2001-02-05,22.648,22.648,22.387,22.567,106280,0
2001-02-06,22.691,22.775,22.353,22.603,439684,0
2001-02-07,22.691,22.976,22.318,22.845,182838,0
2001-02-08,22.845,22.986,22.395,22.467,89626,0
2001-02-09,22.467,22.482,22.274,22.283,114720,0
2001-02-12,22.233,22.379,22.068,22.215,254420,0
2001-02-13,22.318,23.08,22.302,22.552,201224,0
2001-02-14,22.603,22.603,22.353,22.449,154967,0
2001-02-15,22.44,22.986,22.362,22.915,184684,0
2001-02-16,22.915,22.915,22.482,22.648,88582,0
2001-02-20,22.482,22.915,22.318,22.395,135419,0
2001-02-21,22.44,22.683,21.999,22.102,133457,0
2001-02-22,22.017,22.188,21.773,21.963,185958,0
2001-02-23,21.999,21.999,21.151,21.446,326583,0
2001-02-26,21.48,22.482,21.446,22.318,203884,0
2001-02-27,22.395,22.395,21.834,22.06,107780,0
2001-02-28,21.98,22.404,21.98,22.274,217299,0
2001-03-01,22.233,22.257,21.48,22.144,275585,0
2001-03-02,22.144,22.82,22.017,22.725,376888,0
2001-03-05,22.775,22.828,22.353,22.362,177401,0
2001-03-06,22.44,22.862,22.362,22.656,214522,0
2001-03-07,22.707,23.115,22.699,23.089,147451,0
2001-03-08,23.096,23.295,22.942,23.295,134263,0
2001-03-09,23.191,23.483,22.775,22.82,280090,0
2001-03-12,22.775,23.157,22.586,22.586,172891,0
2001-03-13,22.648,22.699,21.98,22.491,195094,0
2001-03-14,22.491,22.491,22.093,22.293,177172,0
2001-03-15,22.395,22.482,22.127,22.449,182838,0
2001-03-16,22.249,22.62,22.017,22.127,447432,0
2001-03-19,22.119,22.567,22.034,22.31,176936,0
2001-03-20,22.274,22.691,21.937,21.963,193242,0
2001-03-21,22.025,22.025,21.228,21.309,294898,0
2001-03-22,21.391,21.391,20.268,20.857,366132,0
2001-03-23,20.857,21.592,20.519,21.566,264019,0
2001-03-26,21.48,21.937,21.48,21.74,149067,0
2001-03-27,21.86,21.86,21.566,21.617,273733,0
2001-03-28,21.566,21.773,21.1,21.228,219724,0
2001-03-29,20.943,21.825,20.943,21.34,234876,0
2001-03-30,21.48,21.963,21.185,21.773,222041,0
2001-04-02,21.782,22.274,21.48,21.686,244360,0
2001-04-03,21.678,21.686,20.89,20.943,187576,0
2001-04-04,20.857,21.686,20.857,21.02,214409,0
2001-04-05,20.977,22.144,20.977,22.093,239619,0
2001-04-06,21.98,22.025,21.391,21.548,182025,0
2001-04-09,21.463,22.567,21.463,22.06,242046,0
2001-04-10,22.093,22.586,22.074,22.343,217413,0
2001-04-11,22.37,22.449,21.807,21.929,139585,0
2001-04-12,22.025,22.318,21.782,22.274,130103,0
2001-04-16,22.274,22.527,22.127,22.362,119922,0
2001-04-17,22.318,22.691,22.144,22.611,105817,0
2001-04-18,22.482,23.564,22.421,23.365,150454,0
2001-04-19,23.391,23.418,23.008,23.338,163984,0
2001-04-20,23.235,23.328,22.82,22.907,133919,0
2001-04-23,22.907,22.942,22.527,22.586,150108,0
2001-04-24,22.734,23.365,22.691,22.734,187693,0
2001-04-25,22.862,23.303,22.734,23.227,85923,0
2001-04-26,23.115,23.443,22.976,23.365,123508,0
2001-04-27,23.32,23.692,23.303,23.573,136345,0
2001-04-30,23.528,23.651,23.32,23.519,176244,0
2001-05-01,23.401,24.03,23.311,23.934,284374,0
2001-05-02,23.908,23.917,23.616,23.824,281595,0
2001-05-03,23.824,23.824,23.347,23.582,149067,0
2001-05-04,23.373,24.22,22.942,24.158,154271,0
2001-05-07,24.158,24.203,23.824,23.996,162945,0
2001-05-08,23.866,23.925,23.295,23.7,169766,0
2001-05-09,23.7,23.7,23.235,23.347,143402,0
2001-05-10,23.483,24.229,23.401,24.135,122350,0
2001-05-11,23.988,24.152,23.684,24.126,146407,0
2001-05-14,24.03,24.056,23.418,23.528,156470,0
2001-05-15,23.651,23.97,23.599,23.718,135771,0
2001-05-16,23.718,24.582,23.692,24.49,213248,0
2001-05-17,24.499,24.912,24.401,24.766,217064,0
2001-05-18,24.766,24.912,24.557,24.867,366017,0
2001-05-21,24.877,24.921,24.557,24.766,158087,0
2001-05-22,24.757,25.076,24.706,24.921,122581,0
2001-05-23,25.04,25.05,24.532,24.566,98183,0
2001-05-24,24.557,25.031,24.193,24.365,87196,0
2001-05-25,24.326,24.472,24.256,24.326,76556,0
2001-05-29,24.365,24.532,24.073,24.126,160170,0
2001-05-30,24.229,24.481,23.925,24.064,164794,0
2001-05-31,24.049,24.541,24.049,24.333,87545,0
2001-06-01,24.282,24.6,24.193,24.524,192666,0
2001-06-04,24.445,25.327,24.429,25.24,280326,0
2001-06-05,25.327,25.691,25.266,25.665,300214,0
2001-06-06,25.708,25.742,25.518,25.691,318720,0
2001-06-07,25.691,25.89,25.569,25.803,220418,0
2001-06-08,25.863,26.123,25.863,26.097,262630,0
2001-06-11,26.106,26.313,25.456,25.924,243781,0
2001-06-12,25.872,26.391,25.414,25.986,395277,0
2001-06-13,25.986,26.468,25.848,26.046,214291,0
2001-06-14,26.046,26.123,25.38,25.399,113446,0
2001-06-15,24.992,25.665,24.992,25.399,202494,0
2001-06-18,25.389,25.872,25.214,25.63,111366,0
2001-06-19,25.518,25.767,25.275,25.483,101884,0
2001-06-20,25.536,25.941,25.51,25.83,144092,0
2001-06-21,25.83,25.958,25.04,25.31,249099,0
2001-06-22,25.31,25.604,25.076,25.318,169189,0
2001-06-25,25.155,25.621,24.992,25.084,174856,0
2001-06-26,25.084,25.139,24.739,25.031,203074,0
2001-06-27,25.139,25.139,24.401,24.574,302876,0
2001-06-28,24.757,25.147,24.757,24.965,198102,0
2001-06-29,24.992,26.003,24.877,26.003,577419,0
2001-07-02,25.751,25.751,25.24,25.284,285992,0
2001-07-03,25.292,25.673,25.112,25.569,168612,0
2001-07-05,25.372,25.673,25.31,25.639,249791,0
2001-07-06,25.456,25.785,25.165,25.647,447664,0
2001-07-09,25.647,26.253,25.647,26.072,563311,0
2001-07-10,26.019,26.072,25.673,26.046,339650,0
2001-07-11,25.986,25.986,25.483,25.718,179484,0
2001-07-12,25.718,26.461,25.621,26.461,192550,0
2001-07-13,26.332,26.634,25.958,26.381,362895,0
2001-07-16,26.332,26.772,26.332,26.667,228633,0
2001-07-17,26.59,26.634,26.123,26.538,240890,0
2001-07-18,26.364,26.755,26.355,26.667,146064,0
2001-07-19,26.59,27.048,26.461,26.667,179598,0
2001-07-20,26.651,26.702,26.34,26.607,127094,0
2001-07-23,26.571,26.571,25.725,25.785,359194,0
2001-07-24,25.621,25.742,25.139,25.223,279512,0
2001-07-25,25.18,25.794,25.031,25.794,195674,0
2001-07-26,25.621,25.751,25.19,25.751,271534,0
2001-07-27,25.621,25.759,25.284,25.595,216722,0
2001-07-30,25.552,25.673,25.439,25.5,152533,0
2001-07-31,25.579,25.803,25.579,25.621,207932,0
2001-08-01,25.579,25.83,25.545,25.759,192087,0
2001-08-02,25.794,25.848,25.665,25.759,98183,0
2001-08-03,25.621,25.848,25.483,25.794,145021,0
2001-08-06,25.794,25.794,25.423,25.5,103387,0
2001-08-07,25.621,25.639,25.345,25.621,65455,0
2001-08-08,25.665,25.83,25.25,25.345,166180,0
2001-08-09,25.284,25.414,24.731,24.809,231175,0
2001-08-10,24.912,25.292,24.739,25.24,155196,0
2001-08-13,25.24,25.25,24.678,25.155,173930,0
2001-08-14,25.147,25.155,24.975,25.076,81995,0
2001-08-15,24.992,25.093,24.877,24.893,126170,0
2001-08-16,24.782,25.207,24.766,25.19,230135,0
2001-08-17,25.121,25.165,24.731,24.893,129290,0
2001-08-20,24.877,25.139,24.835,25.057,286454,0
2001-08-21,25.076,25.431,24.809,24.867,108936,0
2001-08-22,24.912,25.066,24.859,24.965,125591,0
2001-08-23,24.957,25.198,24.893,24.893,55282,0
2001-08-24,24.893,25.536,24.851,25.414,93788,0
2001-08-27,25.414,25.414,25.121,25.121,81299,0
2001-08-28,24.992,24.992,24.472,24.472,283912,0
2001-08-29,24.401,24.515,23.988,24.04,185958,0
2001-08-30,24.118,24.118,23.616,23.771,181332,0
2001-08-31,23.771,23.841,23.401,23.643,204577,0
2001-09-04,23.651,23.875,23.607,23.718,197753,0
2001-09-05,23.607,23.771,23.356,23.538,127440,0
2001-09-06,23.547,23.547,22.872,23.027,178212,0
2001-09-07,22.82,22.82,22.224,22.44,158319,0
2001-09-10,22.257,22.725,22.257,22.716,188617,0
2001-09-17,20.626,20.745,19.68,19.68,240658,0
2001-09-18,19.777,20.348,19.725,20.241,361508,0
2001-09-19,20.201,20.216,19.025,19.308,240195,0
2001-09-20,19.189,19.189,18.288,18.452,242507,0
2001-09-21,17.634,17.634,17.043,17.243,374923,0
2001-09-24,17.717,18.514,17.508,18.349,379087,0
2001-09-25,18.514,18.775,18.341,18.6,305999,0
2001-09-26,18.497,18.497,17.544,17.606,200411,0
2001-09-27,17.717,17.717,16.792,17.399,293970,0
2001-09-28,17.508,18.687,17.475,18.452,396200,0
2001-10-01,18.263,18.263,17.581,17.779,185377,0
2001-10-02,17.674,17.822,17.616,17.797,342774,0
2001-10-03,17.84,18.444,17.674,18.184,363359,0
2001-10-04,18.307,18.349,18.159,18.201,180988,0
2001-10-05,18.012,18.047,17.581,17.805,254306,0
2001-10-08,17.805,18.1,17.717,17.881,215563,0
2001-10-09,17.925,17.995,17.425,17.484,298711,0
2001-10-10,17.425,18.082,17.328,17.925,323807,0
2001-10-11,18.091,19.611,18.091,19.57,394236,0
2001-10-12,19.404,19.595,18.851,19.404,312936,0
2001-10-15,19.317,19.413,18.982,19.23,96565,0
2001-10-16,19.23,19.542,19.025,19.308,143747,0
2001-10-17,19.404,19.404,18.349,18.444,159128,0
2001-10-18,18.651,19.239,18.436,18.6,329359,0
2001-10-19,18.687,18.775,18.106,18.557,131953,0
2001-10-22,18.531,19.257,18.531,19.154,159939,0
2001-10-23,19.145,19.362,18.945,18.99,94251,0
2001-10-24,19.1,19.224,18.937,19.033,93675,0
2001-10-25,19.145,19.23,18.651,19.189,93907,0
2001-10-26,19.23,19.265,18.729,18.92,210241,0
2001-10-29,18.851,19.025,18.358,18.452,107550,0
2001-10-30,18.21,18.349,17.409,17.433,274775,0
2001-10-31,17.484,17.59,17.174,17.234,337339,0
2001-11-01,17.043,17.409,16.914,17.252,313631,0
2001-11-02,17.252,17.418,17.096,17.301,257775,0
2001-11-05,17.328,17.536,17.088,17.319,304955,0
2001-11-06,17.409,17.925,17.409,17.805,269914,0
2001-11-07,17.84,17.968,17.508,17.752,224237,0
2001-11-08,17.797,18.219,17.717,18.091,488717,0
2001-11-09,18.012,18.192,17.762,18.082,261590,0
2001-11-12,18.159,18.159,17.508,17.968,225509,0
2001-11-13,18.012,18.677,18.012,18.6,342656,0
2001-11-14,18.704,18.884,18.6,18.634,126977,0
2001-11-15,18.775,19.068,18.583,18.963,143517,0
2001-11-16,18.937,19.1,18.738,18.937,143747,0
2001-11-19,19.145,19.317,18.894,19.23,168034,0
2001-11-20,19.1,19.404,18.851,19.197,185033,0
2001-11-21,19.224,19.404,19.075,19.387,219613,0
2001-11-23,19.362,19.717,19.317,19.551,95524,0
2001-11-26,19.551,19.689,19.369,19.578,181908,0
2001-11-27,19.57,20.07,19.525,19.957,330053,0
2001-11-28,19.95,20.537,19.717,20.044,487791,0
2001-11-29,19.991,20.374,19.966,20.184,234761,0
2001-11-30,20.157,20.166,19.908,20.035,495659,0
2001-12-03,19.95,19.975,19.663,19.917,221111,0
2001-12-04,19.908,20.096,19.817,20.026,154040,0
2001-12-05,19.932,20.849,19.898,20.755,148144,0
2001-12-06,20.755,20.909,20.443,20.528,197061,0
2001-12-07,20.451,20.617,20.33,20.475,100611,0
2001-12-10,20.374,20.537,20.113,20.225,120154,0
2001-12-11,20.201,20.664,20.148,20.466,155661,0
2001-12-12,20.39,20.425,20.096,20.364,142937,0
2001-12-13,20.286,20.563,20.035,20.113,226552,0
2001-12-14,20.035,20.425,19.966,20.311,264598,0
2001-12-17,20.26,20.563,20.26,20.425,254306,0
2001-12-18,20.408,21.272,20.408,21.246,402790,0
2001-12-19,21.048,21.125,20.736,21.125,203999,0
2001-12-20,21.108,21.185,20.764,20.962,561114,0
2001-12-21,21.349,21.428,21.185,21.185,370297,0
2001-12-24,21.167,21.592,21.134,21.409,202032,0
2001-12-26,21.409,21.722,21.291,21.507,221001,0
2001-12-27,21.497,22.257,21.497,22.197,450206,0
2001-12-28,22.188,22.197,21.903,22.119,222387,0
2001-12-31,22.102,22.144,21.669,21.669,197405,0
