Date,Open,High,Low,Close,Volume,OpenInt
1995-01-03,17.637,18.292,17.637,18.292,119278,0
1995-01-04,18.292,18.479,18.016,18.391,217802,0
1995-01-05,18.391,18.578,18.292,18.479,176852,0
1995-01-06,18.479,19.429,18.479,19.244,637229,0
1995-01-09,19.144,19.429,19.144,19.244,296576,0
1995-01-10,19.244,19.244,19.051,19.051,145947,0
1995-01-11,19.051,19.144,18.766,19.051,140480,0
1995-01-12,19.051,19.429,18.956,19.331,443863,0
1995-01-13,19.331,19.707,19.244,19.707,525429,0
1995-01-16,19.897,21.312,19.807,20.934,806494,0
1995-01-17,20.846,21.41,20.748,21.125,854477,0
1995-01-18,20.846,20.846,20.461,20.657,425006,0
1995-01-19,20.461,20.461,20.183,20.372,318892,0
1995-01-20,20.273,20.273,19.62,19.995,568497,0
1995-01-23,19.62,19.807,19.62,19.707,380818,0
1995-01-24,19.62,19.897,19.62,19.807,318892,0
1995-01-25,19.807,19.807,19.521,19.521,135458,0
1995-01-26,19.62,19.807,19.521,19.707,419427,0
1995-01-27,19.62,19.707,19.521,19.521,147621,0
1995-01-30,19.521,19.761,19.521,19.62,183547,0
1995-01-31,19.521,20.273,19.331,19.331,292450,0
1995-02-01,19.429,19.807,19.331,19.62,144608,0
1995-02-02,19.62,19.995,19.62,19.995,110799,0
1995-02-03,20.183,20.748,20.085,20.748,453461,0
1995-02-06,20.461,20.559,20.372,20.461,223491,0
1995-02-07,20.559,20.657,20.372,20.372,221484,0
1995-02-08,20.372,20.559,20.273,20.372,132334,0
1995-02-09,20.461,20.559,20.273,20.461,101089,0
1995-02-10,20.461,20.657,20.372,20.657,156881,0
1995-02-13,20.657,21.223,20.559,20.934,563924,0
1995-02-14,20.934,21.223,20.748,21.034,457254,0
1995-02-15,21.125,21.312,20.657,20.934,413402,0
1995-02-16,20.934,20.934,20.461,20.559,137131,0
1995-02-17,20.657,20.748,20.461,20.559,173060,0
1995-02-21,20.461,20.657,20.461,20.559,98856,0
1995-02-22,20.461,20.559,20.085,20.273,202299,0
1995-02-23,20.273,20.372,19.995,20.372,138137,0
1995-02-24,20.372,20.372,20.273,20.273,102875,0
1995-02-27,20.085,20.461,19.995,20.372,279504,0
1995-02-28,20.414,21.17,20.414,21.17,443975,0
1995-03-01,21.17,21.17,20.702,20.792,435047,0
1995-03-02,20.792,20.892,20.604,20.792,159782,0
1995-03-03,20.792,21.357,20.792,21.266,795117,0
1995-03-06,21.17,21.739,20.892,21.645,824013,0
1995-03-07,21.739,21.739,20.892,21.17,783957,0
1995-03-08,21.17,21.645,21.17,21.357,289217,0
1995-03-09,21.357,21.455,20.98,21.266,839636,0
1995-03-10,21.266,21.555,21.266,21.555,226616,0
1995-03-13,21.555,21.933,21.555,21.832,571066,0
1995-03-14,22.117,22.117,21.555,21.832,367320,0
1995-03-15,21.832,22.395,21.832,21.832,762089,0
1995-03-16,21.933,22.209,21.832,22.117,420655,0
1995-03-17,22.117,22.117,22.021,22.117,351474,0
1995-03-20,22.021,22.117,21.645,21.645,462050,0
1995-03-21,21.555,21.933,21.266,21.357,317667,0
1995-03-22,21.079,21.645,21.079,21.645,367654,0
1995-03-23,21.555,21.645,21.455,21.555,169266,0
1995-03-24,21.645,22.021,21.645,22.021,344891,0
1995-03-27,22.021,22.021,21.645,21.739,106671,0
1995-03-28,21.832,21.832,21.555,21.739,85471,0
1995-03-29,21.645,22.117,21.645,21.739,255850,0
1995-03-30,21.832,21.832,21.555,21.739,293564,0
1995-03-31,21.645,21.645,21.357,21.555,160450,0
1995-04-03,21.455,21.555,21.079,21.357,287654,0
1995-04-04,21.455,21.645,21.357,21.555,186672,0
1995-04-05,21.357,21.832,21.357,21.832,127646,0
1995-04-06,21.832,22.021,21.832,21.933,139141,0
1995-04-07,22.021,22.021,21.739,21.832,85916,0
1995-04-10,21.739,21.739,21.266,21.357,165810,0
1995-04-11,21.357,21.357,20.892,20.98,308741,0
1995-04-12,21.079,21.357,20.98,20.98,215907,0
1995-04-13,20.98,20.98,20.702,20.98,256855,0
1995-04-17,20.604,20.98,20.039,20.039,257750,0
1995-04-18,20.039,20.039,17.584,17.772,1819414,0
1995-04-19,17.96,18.338,17.486,17.584,1057549,0
1995-04-20,17.675,17.96,17.297,17.675,577644,0
1995-04-21,17.772,17.861,17.675,17.675,588696,0
1995-04-24,17.675,17.96,17.584,17.772,913946,0
1995-04-25,17.675,17.861,17.486,17.772,251946,0
1995-04-26,17.861,18.051,17.772,17.861,486934,0
1995-04-27,17.772,18.147,17.675,18.051,595390,0
1995-04-28,17.96,18.812,17.96,18.524,587020,0
1995-05-01,18.338,18.712,18.338,18.624,448995,0
1995-05-02,18.437,18.524,18.147,18.147,567606,0
1995-05-03,18.147,18.147,17.96,17.96,799355,0
1995-05-04,18.051,18.237,17.96,18.237,311861,0
1995-05-05,18.237,18.901,18.237,18.524,810288,0
1995-05-08,18.524,18.624,18.437,18.524,271363,0
1995-05-09,18.524,19,18.524,19,287427,0
1995-05-10,18.712,19.188,18.524,19.188,228852,0
1995-05-11,19.188,19.188,18.712,18.901,347124,0
1995-05-12,18.901,19.566,18.712,19.566,309524,0
1995-05-15,19.566,19.566,19.188,19.278,349243,0
1995-05-16,19.188,19.375,19.089,19.375,311753,0
1995-05-17,19.375,19.661,19.188,19.661,163131,0
1995-05-18,19.475,19.566,18.712,18.901,384392,0
1995-05-19,18.812,19.089,18.812,19.089,510028,0
1995-05-22,19.278,19.853,19.188,19.661,293343,0
1995-05-23,19.661,19.661,18.712,18.901,482802,0
1995-05-24,18.901,19.188,18.812,18.901,160565,0
1995-05-25,18.901,19,18.712,18.712,161455,0
1995-05-26,18.757,18.757,18.007,18.192,251724,0
1995-05-30,18.382,18.382,17.906,18.097,652294,0
1995-05-31,18.007,18.479,18.007,18.382,357278,0
1995-06-01,18.382,18.857,18.382,18.857,234096,0
1995-06-02,18.757,18.757,18.479,18.57,302608,0
1995-06-05,18.669,19.235,18.57,19.235,339203,0
1995-06-06,19.042,19.807,19.042,19.707,551758,0
1995-06-07,19.419,19.521,19.144,19.144,319117,0
1995-06-08,19.042,19.521,19.042,19.521,163910,0
1995-06-09,19.235,19.331,18.857,18.947,183547,0
1995-06-12,18.947,18.947,18.192,18.382,350360,0
1995-06-13,18.479,18.857,18.284,18.857,550421,0
1995-06-14,18.669,18.757,18.57,18.669,244022,0
1995-06-15,18.669,18.669,18.192,18.382,349691,0
1995-06-16,18.479,18.479,18.097,18.284,346679,0
1995-06-19,18.192,18.192,18.007,18.192,275043,0
1995-06-20,18.007,18.097,17.906,18.007,497531,0
1995-06-21,18.007,18.097,17.906,18.007,676283,0
1995-06-22,18.097,18.382,18.007,18.382,332507,0
1995-06-23,18.479,18.479,18.284,18.382,162903,0
1995-06-26,18.382,18.57,18.192,18.192,255407,0
1995-06-27,18.097,18.192,17.906,18.007,425228,0
1995-06-28,18.007,18.192,17.906,18.097,328935,0
1995-06-29,18.097,18.757,18.097,18.382,211109,0
1995-06-30,18.479,18.57,18.382,18.479,166700,0
1995-07-03,18.382,18.57,18.284,18.479,40841,0
1995-07-05,18.192,18.757,18.097,18.57,243020,0
1995-07-06,18.757,19.042,18.757,19.042,223943,0
1995-07-07,18.947,19.042,18.857,19.042,322910,0
1995-07-10,18.947,19.331,18.857,19.331,411168,0
1995-07-11,19.235,19.611,19.144,19.235,197269,0
1995-07-12,19.144,19.521,19.042,19.331,299254,0
1995-07-13,19.235,19.331,19.144,19.144,402354,0
1995-07-14,19.144,19.235,19.042,19.144,328488,0
1995-07-17,19.144,19.144,18.947,19.042,56012,0
1995-07-18,19.419,19.611,19.144,19.419,400793,0
1995-07-19,19.235,19.331,18.669,18.857,228514,0
1995-07-20,18.757,18.947,18.757,18.947,73864,0
1995-07-21,18.947,19.042,18.284,18.284,257303,0
1995-07-24,18.192,18.669,17.906,18.669,559570,0
1995-07-25,18.947,19.807,18.857,19.707,659437,0
1995-07-26,19.707,20.748,19.707,20.183,912048,0
1995-07-27,20.273,20.273,19.611,19.707,428350,0
1995-07-28,19.707,19.707,19.331,19.419,101651,0
1995-07-31,19.419,19.611,19.235,19.521,192474,0
1995-08-01,19.419,19.707,19.331,19.707,154429,0
1995-08-02,19.807,19.995,19.521,19.521,120618,0
1995-08-03,19.331,19.611,19.144,19.235,288321,0
1995-08-04,19.042,19.331,19.042,19.144,247704,0
1995-08-07,19.331,19.807,19.235,19.707,370554,0
1995-08-08,19.707,19.707,19.144,19.419,174396,0
1995-08-09,19.331,19.521,19.331,19.419,159113,0
1995-08-10,19.521,19.521,19.235,19.235,77882,0
1995-08-11,19.331,19.331,18.857,18.857,138021,0
1995-08-14,18.669,19.042,18.669,18.947,139027,0
1995-08-15,18.857,18.857,18.757,18.857,96406,0
1995-08-16,18.757,19.419,18.757,19.419,287317,0
1995-08-17,19.331,19.419,19.144,19.144,89263,0
1995-08-18,19.144,19.235,19.042,19.144,231752,0
1995-08-21,19.235,19.707,18.857,19.419,260984,0
1995-08-22,19.331,19.521,19.144,19.521,117717,0
1995-08-23,19.419,19.521,19.144,19.144,382940,0
1995-08-24,19.144,19.419,18.669,19.419,322128,0
1995-08-25,19.419,19.611,19.235,19.331,120283,0
1995-08-28,19.331,19.419,19.235,19.419,139808,0
1995-08-29,19.331,19.419,19.235,19.419,359619,0
1995-08-30,19.485,19.861,19.485,19.861,217691,0
1995-08-31,19.761,19.959,19.761,19.761,91385,0
1995-09-01,20.147,20.433,20.048,20.336,231639,0
1995-09-05,20.336,20.524,20.336,20.433,419981,0
1995-09-06,20.524,20.524,20.048,20.147,240009,0
1995-09-07,20.237,20.524,19.959,20.048,534800,0
1995-09-08,20.048,20.048,19.761,19.861,102431,0
1995-09-11,19.861,20.048,19.761,19.861,336971,0
1995-09-12,19.861,19.959,19.761,19.959,110686,0
1995-09-13,19.67,19.67,19.009,19.287,795897,0
1995-09-14,19.384,19.67,19.198,19.67,245585,0
1995-09-15,20.147,20.147,19.575,19.959,395774,0
1995-09-18,19.761,19.761,19.287,19.485,177078,0
1995-09-19,19.67,19.67,19.287,19.575,238891,0
1995-09-20,19.575,19.67,19.009,19.198,354263,0
1995-09-21,19.198,19.198,18.812,19.009,394882,0
1995-09-22,18.812,19.198,18.812,19.009,309186,0
1995-09-25,18.812,18.91,18.721,18.812,216245,0
1995-09-26,18.91,18.91,18.624,18.812,557340,0
1995-09-27,18.721,18.91,18.247,18.533,513038,0
1995-09-28,18.533,18.812,18.147,18.624,468631,0
1995-09-29,18.624,18.624,18.338,18.437,281403,0
1995-10-02,18.338,18.533,18.338,18.437,262661,0
1995-10-03,18.338,18.721,18.338,18.721,149517,0
1995-10-04,18.533,18.624,18.247,18.247,519627,0
1995-10-05,18.247,18.247,17.96,18.06,439510,0
1995-10-06,17.96,18.06,17.861,17.861,332169,0
1995-10-09,17.861,17.861,17.584,17.675,305391,0
1995-10-10,17.584,18.147,17.584,17.96,161793,0
1995-10-11,17.861,18.338,17.772,18.06,168820,0
1995-10-12,18.06,18.147,17.96,18.147,150744,0
1995-10-13,18.247,18.721,18.147,18.147,200620,0
1995-10-16,18.06,18.06,17.486,17.584,286090,0
1995-10-17,17.486,17.96,17.012,17.96,384838,0
1995-10-18,17.96,18.247,17.96,18.06,331726,0
1995-10-19,18.147,18.147,17.861,17.96,197940,0
1995-10-20,17.96,17.96,17.675,17.96,359508,0
1995-10-23,17.861,18.06,17.584,17.772,225057,0
1995-10-24,17.861,17.861,17.486,17.584,314318,0
1995-10-25,17.584,17.584,17.107,17.297,997295,0
1995-10-26,17.297,17.584,17.012,17.486,514045,0
1995-10-27,17.387,17.387,17.199,17.199,481912,0
1995-10-30,17.297,17.675,17.012,17.584,180872,0
1995-10-31,17.486,18.147,17.486,17.584,257972,0
1995-11-01,17.387,17.772,17.387,17.584,383388,0
1995-11-02,17.675,18.06,17.486,17.96,359508,0
1995-11-03,17.861,17.96,17.675,17.772,345894,0
1995-11-06,17.675,18.06,17.675,17.861,105333,0
1995-11-07,17.861,17.861,17.584,17.772,103882,0
1995-11-08,17.675,17.675,17.387,17.486,297693,0
1995-11-09,17.486,18.06,17.297,17.96,444979,0
1995-11-10,18.06,18.147,17.675,17.675,111468,0
1995-11-13,17.772,18.06,17.584,17.96,210218,0
1995-11-14,17.772,17.772,17.297,17.486,193369,0
1995-11-15,17.486,17.772,17.297,17.772,226172,0
1995-11-16,17.584,17.96,17.486,17.772,209097,0
1995-11-17,17.96,17.96,17.675,17.96,229964,0
1995-11-20,18.06,18.338,17.772,17.861,330609,0
1995-11-21,17.772,17.861,16.913,17.486,482133,0
1995-11-22,17.584,18.437,17.486,18.437,429472,0
1995-11-24,18.338,18.812,18.338,18.624,134563,0
1995-11-27,18.624,18.91,18.338,18.721,347905,0
1995-11-28,18.686,18.874,18.488,18.874,219813,0
1995-11-29,18.776,19.061,18.776,18.965,207426,0
1995-11-30,18.965,18.965,18.588,18.588,165474,0
1995-12-01,18.686,18.965,18.686,18.965,126194,0
1995-12-04,18.965,19.162,18.965,18.965,271136,0
1995-12-05,18.965,19.637,18.965,19.637,498314,0
1995-12-06,19.637,19.637,19.253,19.539,380374,0
1995-12-07,19.447,19.539,19.349,19.349,143714,0
1995-12-08,19.539,19.539,19.061,19.061,264887,0
1995-12-11,19.162,19.162,18.965,19.061,347010,0
1995-12-12,18.965,19.162,18.874,19.162,157550,0
1995-12-13,19.061,19.253,18.965,19.162,328824,0
1995-12-14,19.061,19.162,18.776,18.874,325923,0
1995-12-15,18.874,18.874,18.4,18.488,441183,0
1995-12-18,18.488,18.488,18.201,18.4,182656,0
1995-12-19,18.588,18.776,18.112,18.686,162903,0
1995-12-20,18.686,18.874,18.4,18.488,167812,0
1995-12-21,18.488,18.776,18.488,18.686,116376,0
1995-12-22,18.776,18.874,18.686,18.776,164801,0
1995-12-26,18.686,18.686,18.488,18.686,191694,0
1995-12-27,18.686,18.965,18.488,18.588,119278,0
1995-12-28,18.686,18.686,18.4,18.4,149629,0
1995-12-29,18.301,18.776,18.201,18.776,294458,0
1996-01-02,18.686,18.965,18.588,18.776,257412,0
1996-01-03,18.965,18.965,18.686,18.874,281622,0
1996-01-04,18.874,19.253,18.776,18.874,303940,0
1996-01-05,18.776,18.874,18.488,18.686,60364,0
1996-01-08,18.488,18.588,18.301,18.4,39053,0
1996-01-09,18.301,18.4,18.201,18.201,115708,0
1996-01-10,18.112,18.112,17.728,17.826,178862,0
1996-01-11,17.826,18.016,17.637,18.016,142599,0
1996-01-12,17.915,18.112,17.637,17.915,149738,0
1996-01-15,17.915,18.301,17.915,18.201,143491,0
1996-01-16,18.4,18.4,18.016,18.201,92385,0
1996-01-17,18.112,18.301,17.915,18.016,85916,0
1996-01-18,17.915,17.915,17.637,17.637,130327,0
1996-01-19,17.54,17.637,17.352,17.54,282744,0
1996-01-22,17.439,18.4,17.439,18.201,223383,0
1996-01-23,18.4,18.4,17.915,18.112,109347,0
1996-01-24,18.301,18.874,18.301,18.488,272255,0
1996-01-25,18.488,18.686,18.201,18.301,345670,0
1996-01-26,18.112,18.201,18.016,18.112,207762,0
1996-01-29,18.201,18.686,18.112,18.488,93282,0
1996-01-30,18.488,18.776,18.488,18.488,138021,0
1996-01-31,18.874,18.965,18.588,18.874,280623,0
1996-02-01,18.874,18.965,18.4,18.776,430809,0
1996-02-02,18.686,18.776,18.201,18.301,288991,0
1996-02-05,18.301,18.686,18.112,18.112,286758,0
1996-02-06,18.112,18.686,18.112,18.588,375021,0
1996-02-07,18.301,18.776,17.915,18.776,271918,0
1996-02-08,18.874,18.874,18.4,18.776,227512,0
1996-02-09,18.874,18.874,18.4,18.686,349799,0
1996-02-12,18.686,19.061,18.686,18.874,388743,0
1996-02-13,18.588,18.776,18.4,18.488,239676,0
1996-02-14,18.588,18.686,18.4,18.488,400571,0
1996-02-15,18.965,18.965,18.488,18.488,433259,0
1996-02-16,18.588,18.874,18.588,18.776,445311,0
1996-02-20,18.588,18.776,18.588,18.776,213337,0
1996-02-21,18.776,18.776,18.686,18.686,192139,0
1996-02-22,18.874,19.253,18.686,19.162,279955,0
1996-02-23,19.061,19.349,18.776,19.162,255181,0
1996-02-26,19.253,19.447,19.061,19.253,332064,0
1996-02-27,19.349,19.734,19.061,19.734,458590,0
1996-02-28,19.825,20.209,19.734,19.734,470529,0
1996-02-29,19.734,19.825,19.349,19.447,483921,0
1996-03-01,19.447,19.637,19.162,19.637,393654,0
1996-03-04,19.734,20.111,19.734,20.111,195710,0
1996-03-05,20.111,20.111,19.734,20.013,95957,0
1996-03-06,19.825,20.013,19.825,20.013,67952,0
1996-03-07,19.88,20.165,19.88,20.075,113031,0
1996-03-08,19.976,20.075,19.503,19.503,212222,0
1996-03-11,19.402,19.788,19.216,19.788,121402,0
1996-03-12,19.503,19.788,19.306,19.594,230299,0
1996-03-13,19.688,19.88,19.402,19.88,311861,0
1996-03-14,19.688,20.363,19.688,20.075,260202,0
1996-03-15,19.976,19.976,19.503,19.503,224722,0
1996-03-18,19.688,20.075,19.688,19.976,202069,0
1996-03-19,20.075,20.55,20.075,20.451,427349,0
1996-03-20,20.363,20.55,20.075,20.363,330276,0
1996-03-21,20.363,20.363,19.976,19.976,125861,0
1996-03-22,20.075,20.263,19.88,20.165,122513,0
1996-03-25,20.451,20.738,20.363,20.738,471423,0
1996-03-26,20.838,20.934,20.075,20.263,296464,0
1996-03-27,20.363,20.363,20.075,20.263,143158,0
1996-03-28,20.263,20.451,20.165,20.363,129095,0
1996-03-29,20.451,20.55,19.688,19.688,355379,0
1996-04-01,19.788,19.976,19.788,19.88,228178,0
1996-04-02,19.788,20.263,19.788,20.263,114594,0
1996-04-03,20.165,20.165,19.594,20.165,510364,0
1996-04-04,20.075,20.363,19.976,20.165,448770,0
1996-04-08,19.976,19.976,19.306,19.788,236436,0
1996-04-09,19.976,19.976,19.688,19.788,148735,0
1996-04-10,19.688,19.688,19.117,19.117,132558,0
1996-04-11,19.216,19.306,18.739,19.026,268907,0
1996-04-12,19.026,19.503,19.026,19.306,86920,0
1996-04-15,19.503,19.594,19.216,19.594,144159,0
1996-04-16,19.503,19.503,19.117,19.402,221377,0
1996-04-17,19.306,19.306,18.739,19.117,333511,0
1996-04-18,19.117,19.117,18.642,18.83,234316,0
1996-04-19,18.739,18.929,18.444,18.543,494745,0
1996-04-22,18.739,18.739,18.444,18.444,209655,0
1996-04-23,18.543,18.642,18.444,18.642,242909,0
1996-04-24,18.739,18.83,18.543,18.739,107003,0
1996-04-25,18.83,18.929,18.543,18.543,319341,0
1996-04-26,18.642,18.929,18.543,18.83,146393,0
1996-04-29,18.83,18.929,18.739,18.739,90266,0
1996-04-30,18.739,18.83,18.543,18.739,221595,0
1996-05-01,18.739,18.83,18.642,18.83,168149,0
1996-05-02,18.642,18.739,18.357,18.357,135791,0
1996-05-03,18.444,18.642,17.969,18.256,437055,0
1996-05-06,18.357,18.739,18.07,18.739,369217,0
1996-05-07,18.642,18.739,18.444,18.444,196041,0
1996-05-08,18.642,18.642,18.156,18.357,821000,0
1996-05-09,18.156,18.543,18.156,18.543,223943,0
1996-05-10,18.739,18.739,18.256,18.256,133224,0
1996-05-13,18.256,18.444,17.969,18.357,290776,0
1996-05-14,18.357,19.026,18.256,19.026,433259,0
1996-05-15,19.026,19.026,18.543,18.83,202183,0
1996-05-16,18.642,19.026,18.642,18.929,164358,0
1996-05-17,19.026,19.117,18.929,19.117,218362,0
1996-05-20,19.117,19.117,18.83,18.929,135903,0
1996-05-21,19.026,19.117,18.83,19.026,117493,0
1996-05-22,19.117,19.117,18.929,19.026,147173,0
1996-05-23,19.026,19.117,18.543,18.642,121509,0
1996-05-24,18.642,18.929,18.642,18.929,98192,0
1996-05-28,19.026,19.026,18.444,18.642,132221,0
1996-05-29,18.642,18.739,18.357,18.357,171050,0
1996-05-30,18.41,18.696,18.32,18.606,91608,0
1996-05-31,18.507,18.507,18.219,18.507,152305,0
1996-06-03,18.507,18.507,18.025,18.121,254735,0
1996-06-04,18.32,18.507,18.219,18.507,144159,0
1996-06-05,18.41,18.893,18.32,18.696,171944,0
1996-06-06,18.794,18.893,18.121,18.121,144050,0
1996-06-07,18.025,18.606,17.835,18.606,257191,0
1996-06-10,18.696,18.696,18.121,18.41,108788,0
1996-06-11,18.41,18.893,18.32,18.32,216798,0
1996-06-12,18.32,18.41,18.219,18.41,64382,0
1996-06-13,18.41,18.696,18.41,18.507,685544,0
1996-06-14,18.41,18.41,18.121,18.219,155431,0
1996-06-17,18.121,18.219,17.835,17.835,198613,0
1996-06-18,17.835,18.32,17.835,18.025,386285,0
1996-06-19,18.121,18.696,17.933,18.507,739886,0
1996-06-20,18.507,18.507,17.835,18.025,414740,0
1996-06-21,17.835,17.933,17.261,17.448,1163773,0
1996-06-24,17.647,17.647,17.163,17.261,399789,0
1996-06-25,17.36,17.36,16.777,17.062,918633,0
1996-06-26,17.062,17.261,16.975,17.261,501211,0
1996-06-27,17.261,17.261,16.975,17.163,288321,0
1996-06-28,17.163,17.163,16.876,17.062,529999,0
1996-07-01,16.975,17.163,16.876,17.062,257191,0
1996-07-02,16.876,16.975,16.686,16.975,598290,0
1996-07-03,16.876,16.876,16.686,16.686,120950,0
1996-07-05,16.491,16.686,16.401,16.686,187569,0
1996-07-08,16.59,16.686,16.016,16.205,217579,0
1996-07-09,16.304,16.491,15.917,15.917,296690,0
1996-07-10,16.105,16.105,15.917,15.917,241009,0
1996-07-11,16.016,16.016,15.343,15.343,667690,0
1996-07-12,15.442,15.531,15.146,15.146,286982,0
1996-07-15,15.146,15.245,14.385,14.67,424786,0
1996-07-16,14.959,14.959,14.572,14.572,423666,0
1996-07-17,14.77,14.859,14.188,14.283,781056,0
1996-07-18,14.572,14.77,14.486,14.486,528660,0
1996-07-19,14.486,14.67,14.385,14.486,327262,0
1996-07-22,14.486,14.486,13.899,14.385,355156,0
1996-07-23,14.572,14.859,14.283,14.385,810736,0
1996-07-24,13.899,14.283,13.712,14.188,754386,0
1996-07-25,14.283,14.486,14.098,14.486,439510,0
1996-07-26,14.572,14.77,14.486,14.67,292114,0
1996-07-29,14.572,14.77,14.283,14.572,218806,0
1996-07-30,14.572,14.67,14.385,14.67,231973,0
1996-07-31,14.67,14.859,14.486,14.486,339537,0
1996-08-01,14.486,14.67,14.385,14.572,373902,0
1996-08-02,14.67,14.77,14.486,14.486,188458,0
1996-08-05,14.486,14.77,14.486,14.486,207539,0
1996-08-06,14.486,14.959,14.486,14.859,286647,0
1996-08-07,14.859,15.146,14.67,15.146,358390,0
1996-08-08,15.056,15.245,15.056,15.245,205305,0
1996-08-09,15.245,15.343,15.146,15.343,157326,0
1996-08-12,15.343,15.343,15.146,15.343,215907,0
1996-08-13,15.343,15.343,14.77,14.859,121064,0
1996-08-14,14.859,15.056,14.77,14.959,144494,0
1996-08-15,14.859,15.056,14.77,14.859,141483,0
1996-08-16,14.77,14.859,14.67,14.859,314207,0
1996-08-19,14.859,15.146,14.859,15.056,256411,0
1996-08-20,15.056,15.056,14.77,14.859,380039,0
1996-08-21,14.859,14.959,14.385,14.572,193927,0
1996-08-22,14.572,14.959,14.572,14.859,274150,0
1996-08-23,14.859,14.959,14.77,14.959,258414,0
1996-08-26,14.859,15.056,14.77,14.859,264665,0
1996-08-27,14.859,14.959,14.77,14.859,194704,0
1996-08-28,14.959,14.959,14.77,14.859,282744,0
1996-08-29,14.859,15.056,14.77,14.959,355270,0
1996-08-30,14.959,15.056,14.77,14.959,313426,0
1996-09-03,14.77,14.77,14.486,14.67,287654,0
1996-09-04,14.726,14.726,14.439,14.537,139921,0
1996-09-05,14.439,14.634,14.439,14.634,187341,0
1996-09-06,14.634,14.825,14.537,14.634,201625,0
1996-09-09,14.726,15.111,14.634,15.111,121285,0
1996-09-10,15.209,15.209,14.825,14.922,343552,0
1996-09-11,14.825,15.111,14.726,15.111,406818,0
1996-09-12,15.111,15.407,15.111,15.308,182432,0
1996-09-13,15.407,15.495,15.209,15.407,1830236,0
1996-09-16,15.407,15.495,15.209,15.209,490950,0
1996-09-17,15.209,15.594,15.111,15.407,568941,0
1996-09-18,15.407,15.694,15.407,15.594,434042,0
1996-09-19,15.495,15.791,15.495,15.694,315212,0
1996-09-20,15.791,16.563,15.694,16.563,596724,0
1996-09-23,16.563,16.651,16.563,16.651,498759,0
1996-09-24,16.563,16.751,16.509,16.751,883040,0
1996-09-25,16.849,16.849,16.464,16.563,293901,0
1996-09-26,16.751,16.751,16.563,16.751,234205,0
1996-09-27,16.651,16.751,16.651,16.651,283859,0
1996-09-30,16.751,17.135,16.563,16.651,284750,0
1996-10-01,16.651,16.651,16.464,16.651,316771,0
1996-10-02,16.849,16.849,16.563,16.751,266452,0
1996-10-03,16.651,16.751,16.563,16.651,151858,0
1996-10-04,16.651,16.751,16.464,16.563,167812,0
1996-10-07,16.651,16.651,16.563,16.563,120394,0
1996-10-08,16.651,16.651,16.078,16.177,651064,0
1996-10-09,16.177,16.177,15.882,16.078,271028,0
1996-10-10,16.177,16.177,15.407,15.694,240903,0
1996-10-11,15.594,15.882,15.594,15.694,1271226,0
1996-10-14,15.791,15.791,15.495,15.694,155541,0
1996-10-15,15.694,15.791,15.308,15.308,168597,0
1996-10-16,15.111,15.111,14.439,14.825,962820,0
1996-10-17,14.825,15.308,14.726,15.111,662002,0
1996-10-18,15.111,15.495,15.111,15.308,207426,0
1996-10-21,15.407,15.594,15.407,15.407,414965,0
1996-10-22,15.495,15.495,15.308,15.495,288096,0
1996-10-23,15.407,15.495,15.308,15.407,337304,0
1996-10-24,15.495,15.495,15.407,15.407,184215,0
1996-10-25,15.308,15.495,15.308,15.407,142486,0
1996-10-28,15.495,15.495,15.308,15.407,128875,0
1996-10-29,15.495,15.495,15.308,15.407,123742,0
1996-10-30,15.495,15.495,15.209,15.209,116489,0
1996-10-31,15.209,15.308,15.021,15.111,280732,0
1996-11-01,15.111,15.407,15.111,15.308,165137,0
1996-11-04,15.308,15.495,15.308,15.407,116376,0
1996-11-05,15.495,15.495,15.308,15.407,464730,0
1996-11-06,15.308,15.694,15.209,15.694,190019,0
1996-11-07,15.495,15.694,15.407,15.495,69959,0
1996-11-08,15.495,15.594,15.308,15.407,48204,0
1996-11-11,15.407,15.594,15.308,15.594,136127,0
1996-11-12,15.594,15.882,15.495,15.882,164577,0
1996-11-13,15.791,16.078,15.791,15.882,115930,0
1996-11-14,15.882,15.98,15.791,15.98,150744,0
1996-11-15,16.177,16.751,15.882,16.651,410723,0
1996-11-18,16.751,16.751,16.563,16.563,167481,0
1996-11-19,16.563,16.751,16.464,16.563,132221,0
1996-11-20,16.464,16.563,16.177,16.363,478232,0
1996-11-21,16.363,16.651,16.267,16.651,500656,0
1996-11-22,16.563,16.751,16.078,16.363,200398,0
1996-11-25,16.363,16.363,15.98,16.078,227064,0
1996-11-26,16.043,16.239,15.952,16.14,213786,0
1996-11-27,16.338,16.338,15.854,15.952,291335,0
1996-11-29,15.952,15.952,15.658,15.854,97854,0
1996-12-02,15.854,15.854,15.557,15.658,742337,0
1996-12-03,15.658,15.952,15.557,15.557,385063,0
1996-12-04,15.468,15.557,15.273,15.273,413512,0
1996-12-05,15.37,15.854,15.37,15.854,419317,0
1996-12-06,15.557,15.854,15.468,15.755,218806,0
1996-12-09,15.755,15.854,15.557,15.557,221484,0
1996-12-10,15.557,15.755,15.557,15.658,273370,0
1996-12-11,15.468,15.557,15.317,15.468,501775,0
1996-12-12,15.557,15.658,14.985,15.172,345003,0
1996-12-13,15.172,15.37,15.084,15.084,218025,0
1996-12-16,15.273,15.37,14.885,14.885,167146,0
1996-12-17,14.885,15.172,14.788,15.172,140814,0
1996-12-18,15.273,15.37,14.985,15.084,262435,0
1996-12-19,14.885,15.37,14.788,15.37,396443,0
1996-12-20,15.557,15.557,15.273,15.37,1227261,0
1996-12-23,15.273,15.468,15.172,15.468,302826,0
1996-12-24,15.557,15.658,15.37,15.37,283186,0
1996-12-26,15.468,15.557,15.172,15.37,225166,0
1996-12-27,15.37,15.468,15.273,15.37,112696,0
1996-12-30,15.37,15.658,15.273,15.37,287208,0
1996-12-31,15.273,15.557,15.084,15.273,382047,0
1997-01-02,15.37,15.557,15.273,15.557,423781,0
1997-01-03,15.658,15.658,15.468,15.658,600855,0
1997-01-06,15.658,15.658,15.37,15.468,583559,0
1997-01-07,15.468,15.557,15.172,15.557,490503,0
1997-01-08,15.557,15.557,15.37,15.37,410723,0
1997-01-09,15.468,15.755,15.273,15.273,273036,0
1997-01-10,15.084,15.468,15.084,15.468,177857,0
1997-01-13,15.468,15.557,15.273,15.37,146615,0
1997-01-14,15.468,15.468,15.172,15.468,496418,0
1997-01-15,15.468,15.468,15.37,15.37,280732,0
1997-01-16,15.37,15.755,15.273,15.37,448104,0
1997-01-17,15.468,15.468,15.273,15.37,382160,0
1997-01-20,15.37,15.658,15.273,15.468,298586,0
1997-01-21,15.468,15.952,15.37,15.468,330052,0
1997-01-22,15.468,15.952,15.468,15.755,374906,0
1997-01-23,15.854,16.14,15.557,15.658,242686,0
1997-01-24,15.557,15.658,15.273,15.658,167260,0
1997-01-27,15.557,15.952,15.557,15.952,268907,0
1997-01-28,15.952,16.043,15.854,15.854,201961,0
1997-01-29,15.854,16.239,15.854,16.043,263217,0
1997-01-30,16.14,16.14,15.854,16.043,234765,0
1997-01-31,16.14,16.14,15.557,15.658,235545,0
1997-02-03,15.755,16.14,15.557,16.14,163575,0
1997-02-04,15.952,15.952,15.755,15.952,118719,0
1997-02-05,15.952,16.043,15.37,15.468,180872,0
1997-02-06,15.468,15.658,15.37,15.658,279619,0
1997-02-07,15.755,16.043,15.755,16.043,247371,0
1997-02-10,15.952,16.14,15.755,16.043,140591,0
1997-02-11,16.043,16.338,15.952,16.338,247594,0
1997-02-12,16.526,16.723,16.428,16.428,714668,0
1997-02-13,16.428,16.526,16.239,16.239,499428,0
1997-02-14,16.239,16.338,15.755,15.952,484811,0
1997-02-18,16.239,16.625,16.239,16.428,250384,0
1997-02-19,16.428,16.428,16.043,16.14,94393,0
1997-02-20,16.043,16.14,15.854,16.043,154091,0
1997-02-21,16.043,16.043,15.755,15.854,162569,0
1997-02-24,15.755,15.952,15.658,15.854,247931,0
1997-02-25,15.952,15.952,15.755,15.755,244470,0
1997-02-26,15.854,15.854,15.468,15.658,371002,0
1997-02-27,15.658,16.043,15.557,15.658,1183855,0
1997-02-28,15.557,15.658,15.273,15.37,776592,0
1997-03-03,15.273,15.557,15.273,15.468,453570,0
1997-03-04,15.468,15.557,15.084,15.084,764206,0
1997-03-05,15.172,15.557,15.172,15.273,401129,0
1997-03-06,15.335,15.434,15.146,15.245,431364,0
1997-03-07,15.245,15.531,15.245,15.335,120618,0
1997-03-10,15.335,15.531,15.335,15.531,91608,0
1997-03-11,15.434,15.729,15.434,15.729,124968,0
1997-03-12,15.631,15.827,15.631,15.631,119724,0
1997-03-13,15.531,15.729,15.335,15.434,469747,0
1997-03-14,15.434,15.631,15.335,15.631,200508,0
1997-03-17,15.531,15.729,15.531,15.729,111692,0
1997-03-18,15.631,15.827,15.631,15.729,128760,0
1997-03-19,15.729,15.729,15.531,15.729,131664,0
1997-03-20,15.729,15.729,15.048,15.048,462944,0
1997-03-21,15.245,15.245,14.753,14.85,231639,0
1997-03-24,14.85,14.949,14.85,14.85,93282,0
1997-03-25,14.949,14.949,14.366,14.563,644928,0
1997-03-26,14.563,14.66,14.563,14.563,172057,0
1997-03-27,14.66,14.949,14.467,14.563,274485,0
1997-03-31,14.266,14.66,14.171,14.467,528774,0
1997-04-01,14.266,14.563,13.981,14.079,313091,0
1997-04-02,14.171,14.366,14.079,14.171,319564,0
1997-04-03,14.079,14.266,14.079,14.171,273594,0
1997-04-04,14.079,14.171,13.981,14.171,170159,0
1997-04-07,14.171,14.467,14.171,14.366,390751,0
1997-04-08,14.366,14.467,14.266,14.366,244919,0
1997-04-09,14.467,14.467,14.171,14.366,127312,0
1997-04-10,14.266,14.563,14.171,14.467,184106,0
1997-04-11,14.366,14.467,14.171,14.266,319451,0
1997-04-14,14.266,14.366,14.079,14.079,238445,0
1997-04-15,14.266,14.366,14.079,14.171,139586,0
1997-04-16,14.079,14.563,14.079,14.366,367988,0
1997-04-17,14.66,16.311,14.66,15.729,1585430,0
1997-04-18,15.729,16.214,15.729,16.016,1212864,0
1997-04-21,16.016,16.599,16.016,16.41,1629727,0
1997-04-22,16.41,16.895,16.311,16.695,677175,0
1997-04-23,16.795,17.181,16.695,16.895,607774,0
1997-04-24,16.994,17.08,16.499,16.499,546517,0
1997-04-25,16.499,16.795,16.499,16.499,341768,0
1997-04-28,16.599,16.795,16.499,16.695,283301,0
1997-04-29,16.795,16.895,16.599,16.895,240116,0
1997-04-30,16.695,17.08,16.695,17.08,262324,0
1997-05-01,16.895,17.181,16.795,17.08,136572,0
1997-05-02,17.08,17.181,16.994,17.181,179865,0
1997-05-05,17.08,17.378,16.994,17.28,206867,0
1997-05-06,17.378,17.96,17.28,17.476,311417,0
1997-05-07,17.575,17.665,17.181,17.181,474551,0
1997-05-08,17.181,17.763,17.181,17.665,418533,0
1997-05-09,17.575,17.763,17.28,17.763,412508,0
1997-05-12,17.763,18.247,17.665,17.861,283411,0
1997-05-13,17.763,17.763,17.378,17.665,346006,0
1997-05-14,17.575,17.861,17.28,17.28,464394,0
1997-05-15,17.28,17.476,16.994,17.476,432478,0
1997-05-16,17.476,17.476,17.08,17.28,303494,0
1997-05-19,17.28,17.378,17.08,17.378,161677,0
1997-05-20,17.28,17.378,16.994,17.181,523531,0
1997-05-21,17.08,17.28,16.994,17.08,659545,0
1997-05-22,17.08,17.181,16.895,16.994,113366,0
1997-05-23,16.994,17.08,16.895,17.08,87816,0
1997-05-27,17.08,17.181,16.994,17.181,87145,0
1997-05-28,17.181,17.378,16.994,17.08,570951,0
1997-05-29,17.28,17.28,16.895,16.994,229521,0
1997-05-30,16.473,17.439,16.473,17.439,293230,0
1997-06-02,17.54,17.54,17.253,17.253,55677,0
1997-06-03,17.053,17.637,17.053,17.54,153198,0
1997-06-04,17.54,17.737,17.439,17.54,149738,0
1997-06-05,17.637,17.637,17.154,17.253,103322,0
1997-06-06,17.253,17.352,17.154,17.253,235992,0
1997-06-09,17.154,17.439,17.154,17.352,210777,0
1997-06-10,17.253,17.835,17.253,17.637,225946,0
1997-06-11,17.737,18.033,17.737,17.835,181876,0
1997-06-12,18.033,18.033,17.933,17.933,108565,0
1997-06-13,17.154,17.737,17.154,17.737,205194,0
1997-06-16,17.737,17.835,17.154,17.352,308070,0
1997-06-17,17.352,17.352,17.053,17.053,365311,0
1997-06-18,17.053,17.053,16.66,16.76,435940,0
1997-06-19,16.858,17.053,16.66,16.957,453794,0
1997-06-20,17.053,17.154,16.858,16.957,364416,0
1997-06-23,16.858,16.957,16.66,16.66,434042,0
1997-06-24,16.66,17.053,16.66,16.957,253732,0
1997-06-25,16.858,17.54,16.858,16.957,378700,0
1997-06-26,16.957,17.199,16.913,17.154,411836,0
1997-06-27,17.253,17.879,17.253,17.637,380150,0
1997-06-30,17.253,17.54,17.154,17.154,392314,0
1997-07-01,17.253,17.352,17.012,17.253,320234,0
1997-07-02,17.439,17.495,17.154,17.297,219250,0
1997-07-03,17.54,17.737,17.352,17.352,124187,0
1997-07-07,17.737,18.13,17.737,17.933,332841,0
1997-07-08,17.879,18.13,17.835,18.13,146280,0
1997-07-09,18.033,18.32,17.297,17.396,286758,0
1997-07-10,17.439,17.593,17.154,17.253,332952,0
1997-07-11,17.199,18.033,17.154,17.933,159333,0
1997-07-14,17.835,18.033,17.737,17.835,173393,0
1997-07-15,17.835,18.418,17.737,18.418,295239,0
1997-07-16,18.32,18.32,18.078,18.174,135121,0
1997-07-17,18.078,19.198,18.033,19.098,478564,0
1997-07-18,19,19.051,18.712,18.812,302826,0
1997-07-21,18.712,18.812,18.418,18.757,292786,0
1997-07-22,18.812,19.494,18.712,19.098,1110995,0
1997-07-23,19.198,19.494,19.098,19.392,1061343,0
1997-07-24,19.392,19.392,18.91,19.153,679069,0
1997-07-25,19.098,19.253,19,19.198,167812,0
1997-07-28,19.051,19.198,18.757,18.91,225840,0
1997-07-29,18.757,19,18.66,18.812,475330,0
1997-07-30,18.812,19.438,18.812,19.392,676506,0
1997-07-31,19.392,19.494,19.153,19.438,309074,0
1997-08-01,19.349,19.594,18.956,19.153,245700,0
1997-08-04,19.253,19.438,18.956,19.392,254512,0
1997-08-05,19.392,19.494,19.253,19.392,493070,0
1997-08-06,19.297,19.539,19.198,19.494,371113,0
1997-08-07,19.539,19.637,19.392,19.392,337080,0
1997-08-08,18.91,19.098,18.516,18.956,313985,0
1997-08-11,19.051,19.051,18.616,18.812,199393,0
1997-08-12,18.712,19,18.516,18.57,272030,0
1997-08-13,18.712,18.712,18.32,18.516,155207,0
1997-08-14,18.616,18.66,18.32,18.469,88703,0
1997-08-15,18.516,18.516,17.835,17.835,126084,0
1997-08-18,17.835,18.373,17.593,18.373,279060,0
1997-08-19,18.32,18.516,18.32,18.469,173843,0
1997-08-20,18.418,18.712,18.373,18.66,176519,0
1997-08-21,18.812,18.812,18.516,18.516,262768,0
1997-08-22,18.469,19,18.418,18.57,223943,0
1997-08-25,18.616,18.812,18.469,18.66,160231,0
1997-08-26,18.469,18.757,18.469,18.712,284528,0
1997-08-27,18.712,18.857,18.469,18.812,272697,0
1997-08-28,18.857,20.174,18.712,19.779,482243,0
1997-08-29,19.594,19.734,19.297,19.594,335741,0
1997-09-02,19.594,19.88,19.494,19.834,227064,0
1997-09-03,19.698,20.336,19.698,20.192,523976,0
1997-09-04,20.048,20.237,19.457,19.698,294568,0
1997-09-05,19.698,19.853,19.652,19.652,87031,0
1997-09-08,19.652,20.147,19.652,19.897,176297,0
1997-09-09,19.897,20.094,19.853,19.897,165361,0
1997-09-10,20.048,20.048,19.652,19.698,154538,0
1997-09-11,19.556,20.048,19.512,19.698,211663,0
1997-09-12,19.897,19.995,19.611,19.95,169488,0
1997-09-15,19.995,20.147,19.797,20.094,263439,0
1997-09-16,20.094,20.729,20.094,20.729,323914,0
1997-09-17,21.07,21.07,20.631,20.926,1109432,0
1997-09-18,20.586,20.874,20.29,20.433,332395,0
1997-09-19,20.29,20.586,20.29,20.336,231639,0
1997-09-22,20.29,20.532,20.29,20.336,139365,0
1997-09-23,20.433,20.433,19.95,19.995,296690,0
1997-09-24,20.336,20.631,20.192,20.192,261874,0
1997-09-25,20.237,20.237,19.897,20.094,249157,0
1997-09-26,20.147,20.683,20.094,20.631,196265,0
1997-09-29,20.729,21.125,20.729,20.97,414070,0
1997-09-30,20.97,21.125,20.729,20.784,225840,0
1997-10-01,20.926,21.125,20.729,20.874,268127,0
1997-10-02,20.683,21.464,20.683,21.464,218806,0
1997-10-03,21.663,21.86,20.874,21.17,219146,0
1997-10-06,21.266,21.86,21.125,21.564,408157,0
1997-10-07,21.609,21.86,21.464,21.609,242016,0
1997-10-08,22.045,22.246,21.758,21.804,527211,0
1997-10-09,21.322,21.564,21.07,21.322,733410,0
1997-10-10,21.17,21.51,21.17,21.322,148623,0
1997-10-13,21.125,21.125,20.683,20.874,312533,0
1997-10-14,20.829,20.829,20.586,20.631,340539,0
1997-10-15,20.586,20.586,20.192,20.336,638571,0
1997-10-16,20.532,20.532,17.602,18.182,1873753,0
1997-10-17,18.182,18.874,18.088,18.533,654076,0
1997-10-20,18.678,19.017,18.479,18.578,653188,0
1997-10-21,18.624,18.776,18.578,18.721,476890,0
1997-10-22,18.776,18.776,18.479,18.624,349131,0
1997-10-23,18.479,18.721,18.182,18.284,310081,0
1997-10-24,18.338,18.382,17.843,18.14,236546,0
1997-10-27,18.042,18.042,16.329,16.428,510809,0
1997-10-28,16.329,17.746,16.231,17.307,800472,0
1997-10-29,17.458,17.647,17.062,17.208,503002,0
1997-10-30,16.625,17.208,16.625,16.769,616028,0
1997-10-31,16.92,17.012,16.329,16.572,422214,0
1997-11-03,16.723,17.012,16.669,16.723,499428,0
1997-11-04,16.723,17.307,16.723,17.107,406818,0
1997-11-05,17.307,17.602,17.208,17.458,294792,0
1997-11-06,17.505,17.548,16.769,16.769,296132,0
1997-11-07,16.625,16.92,16.526,16.669,278058,0
1997-11-10,16.669,17.403,16.669,17.163,391530,0
1997-11-11,17.062,17.403,17.062,17.36,267791,0
1997-11-12,17.208,17.43,17.163,17.307,336077,0
1997-11-13,17.403,17.896,17.307,17.798,482024,0
1997-11-14,17.746,17.798,17.458,17.602,509582,0
1997-11-17,17.602,17.701,17.163,17.163,298923,0
1997-11-18,17.208,17.307,16.966,17.208,282966,0
1997-11-19,17.208,17.647,17.163,17.548,281959,0
1997-11-20,17.548,17.746,17.107,17.208,154872,0
1997-11-21,17.307,17.798,17.208,17.505,196492,0
1997-11-24,17.505,17.505,17.107,17.163,296354,0
1997-11-25,17.19,17.289,16.895,17.037,229183,0
1997-11-26,17.19,17.728,17.089,17.387,172387,0
1997-11-28,17.575,17.772,17.486,17.575,84690,0
1997-12-01,17.575,18.165,17.575,17.869,206425,0
1997-12-02,18.025,18.165,17.675,17.675,125638,0
1997-12-03,17.826,18.07,17.486,17.53,148289,0
1997-12-04,17.675,18.025,17.675,17.924,853913,0
1997-12-05,17.826,18.757,17.826,18.712,271585,0
1997-12-08,18.712,18.803,18.46,18.616,225503,0
1997-12-09,18.616,18.857,18.562,18.857,295684,0
1997-12-10,18.757,18.857,18.616,18.857,221484,0
1997-12-11,18.66,18.803,18.219,18.32,166700,0
1997-12-12,18.712,18.803,18.516,18.712,150854,0
1997-12-15,18.803,19.051,18.66,19.051,151972,0
1997-12-16,19.051,19.198,18.803,19.153,149066,0
1997-12-17,19.253,19.392,18.757,18.803,234985,0
1997-12-18,18.803,18.956,18.66,18.901,456806,0
1997-12-19,18.857,18.857,18.265,18.857,357612,0
1997-12-22,18.757,18.901,18.712,18.757,163240,0
1997-12-23,18.757,19.349,18.757,18.757,283301,0
1997-12-24,18.803,18.857,18.757,18.757,207983,0
1997-12-26,18.857,18.956,18.757,18.757,47421,0
1997-12-29,18.803,19.153,18.757,18.901,312424,0
1997-12-30,19,19.253,18.803,18.857,110686,0
1997-12-31,18.857,19.198,18.857,19.153,130883,0
1998-01-02,19.349,19.643,19.051,19.392,203186,0
1998-01-05,19.297,19.494,19.098,19.349,306841,0
1998-01-06,19.153,19.447,19.153,19.297,252280,0
1998-01-07,19.297,19.643,19.198,19.548,275043,0
1998-01-08,19.548,19.594,19.253,19.447,183547,0
1998-01-09,19.392,19.392,18.364,18.364,191472,0
1998-01-12,17.969,18.857,17.728,17.924,230524,0
1998-01-13,18.025,19.447,17.869,19,437949,0
1998-01-14,18.901,19.253,18.616,19.198,196825,0
1998-01-15,19.198,19.198,18.418,18.516,363639,0
1998-01-16,19,19.349,18.857,19.153,452677,0
1998-01-20,19.051,19.392,18.66,19.392,316326,0
1998-01-21,19.447,19.594,18.956,19.098,120950,0
1998-01-22,18.901,19.392,18.901,19.349,100420,0
1998-01-23,19.548,19.548,18.857,19.253,237106,0
1998-01-26,19.253,19.548,19,19.051,108232,0
1998-01-27,18.956,19.198,18.857,19.098,206197,0
1998-01-28,19.153,19.198,18.857,18.956,209549,0
1998-01-29,18.901,19.548,18.857,19.051,965160,0
1998-01-30,19.153,19.349,18.901,18.901,228626,0
1998-02-02,19.098,19.594,19.051,19.198,393095,0
1998-02-03,19.198,19.253,18.901,19.253,228178,0
1998-02-04,19.153,19.153,18.857,19,187231,0
1998-02-05,19.198,19.198,18.857,18.901,278167,0
1998-02-06,19,19.548,19,19.153,289217,0
1998-02-09,19.051,19.447,19,19.392,262324,0
1998-02-10,19.392,20.622,19.253,19.349,923319,0
1998-02-11,19.349,19.349,18.66,19,465620,0
1998-02-12,18.803,19.198,18.757,19.198,338643,0
1998-02-13,19.051,19.098,18.46,18.516,328488,0
1998-02-17,18.516,18.516,17.924,17.969,608218,0
1998-02-18,18.07,18.32,18.025,18.165,472093,0
1998-02-19,18.165,18.418,17.969,18.265,245809,0
1998-02-20,18.32,18.562,18.265,18.418,136016,0
1998-02-23,18.562,18.803,18.265,18.364,346228,0
1998-02-24,18.364,18.562,18.025,18.265,172836,0
1998-02-25,18.364,18.46,18.121,18.219,82793,0
1998-02-26,18.265,18.857,18.265,18.418,327042,0
1998-02-27,18.516,18.516,18.07,18.121,285866,0
1998-03-02,18.121,18.66,18.07,18.219,300817,0
1998-03-03,18.165,18.516,18.165,18.418,260542,0
1998-03-04,18.32,18.66,18.121,18.165,385063,0
1998-03-05,18.051,18.391,18.051,18.247,196825,0
1998-03-06,18.391,18.785,18.347,18.785,303720,0
1998-03-09,18.588,18.785,18.391,18.588,204299,0
1998-03-10,18.785,19.079,18.686,18.983,181986,0
1998-03-11,18.983,19.331,18.938,19.079,210658,0
1998-03-12,19.036,19.235,18.884,19.235,214900,0
1998-03-13,19.179,19.429,19.079,19.235,107338,0
1998-03-16,19.179,19.235,18.938,19.179,219586,0
1998-03-17,19.235,19.331,18.938,19.179,128985,0
1998-03-18,19.134,19.429,19.079,19.429,227396,0
1998-03-19,19.278,19.575,19.278,19.475,134455,0
1998-03-20,19.628,19.967,19.53,19.771,414182,0
1998-03-23,19.67,19.771,19.429,19.475,306615,0
1998-03-24,19.53,19.725,19.375,19.628,259534,0
1998-03-25,19.429,19.725,19.429,19.725,335855,0
1998-03-26,19.628,19.628,19.278,19.331,228959,0
1998-03-27,19.375,19.53,18.785,18.884,319117,0
1998-03-30,18.983,18.983,18.292,18.347,198498,0
1998-03-31,18.642,18.839,18.642,18.739,359732,0
1998-04-01,18.739,18.739,18.347,18.739,507575,0
1998-04-02,18.686,19.134,18.686,18.983,643480,0
1998-04-03,19.079,19.278,18.938,18.938,297807,0
1998-04-06,18.884,19.036,18.686,18.739,437169,0
1998-04-07,18.739,18.785,18.391,18.642,218806,0
1998-04-08,18.588,18.839,18.588,18.785,236324,0
1998-04-09,18.785,19.079,18.739,18.983,146055,0
1998-04-13,18.938,18.983,18.588,18.938,308183,0
1998-04-14,18.983,19.375,18.983,19.331,179641,0
1998-04-15,19.331,19.331,19.134,19.235,149294,0
1998-04-16,19.331,19.575,19.036,19.575,404810,0
1998-04-17,19.53,19.575,19.331,19.375,504896,0
1998-04-20,19.375,19.375,18.839,19.036,196492,0
1998-04-21,18.938,19.134,18.686,18.785,189907,0
1998-04-22,18.686,18.938,18.391,18.543,159223,0
1998-04-23,18.543,18.739,18.347,18.642,135791,0
1998-04-24,18.686,18.739,18.347,18.391,115820,0
1998-04-27,18.347,18.642,18.247,18.391,108345,0
1998-04-28,18.739,18.938,18.292,18.543,156321,0
1998-04-29,18.543,18.884,18.543,18.785,116155,0
1998-04-30,18.785,18.884,18.642,18.839,101986,0
1998-05-01,18.839,18.938,18.642,18.739,84912,0
1998-05-04,18.839,18.884,18.488,18.543,130327,0
1998-05-05,18.347,18.642,18.051,18.391,191917,0
1998-05-06,17.852,18.642,17.852,18.488,225166,0
1998-05-07,18.292,19.235,18.292,18.983,250160,0
1998-05-08,18.983,19.331,18.983,19.235,436944,0
1998-05-11,19.179,19.331,18.938,19.079,346006,0
1998-05-12,19.036,19.079,18.347,18.391,303271,0
1998-05-13,18.444,18.444,17.754,17.997,559238,0
1998-05-14,18.097,18.642,17.95,18.488,408157,0
1998-05-15,18.686,18.686,18.121,18.543,199838,0
1998-05-18,18.543,18.839,18.444,18.686,136238,0
1998-05-19,18.686,18.884,18.642,18.739,117717,0
1998-05-20,18.839,18.884,18.588,18.785,179641,0
1998-05-21,18.739,18.839,18.642,18.642,149738,0
1998-05-22,18.588,18.739,18.488,18.686,155096,0
1998-05-26,18.642,18.686,18.292,18.292,163350,0
1998-05-27,18.347,18.488,17.754,18.247,168597,0
1998-05-28,18.391,18.543,18.051,18.543,149629,0
1998-05-29,18.616,18.91,18.516,18.766,128650,0
1998-06-01,18.516,18.766,18.418,18.712,116155,0
1998-06-02,19.009,19.061,18.866,18.965,148512,0
1998-06-03,18.91,19.107,18.812,19.061,283411,0
1998-06-04,19.009,19.162,18.812,18.812,227396,0
1998-06-05,19.009,19.357,19.009,19.357,171609,0
1998-06-08,19.402,19.457,19.261,19.357,490950,0
1998-06-09,19.261,19.402,19.009,19.357,99977,0
1998-06-10,19.306,19.357,19.061,19.107,204970,0
1998-06-11,19.009,19.162,18.712,19.009,480235,0
1998-06-12,18.965,19.061,18.32,18.616,326927,0
1998-06-15,18.616,18.616,18.025,18.025,123632,0
1998-06-16,18.025,18.766,18.025,18.418,261429,0
1998-06-17,18.516,19.207,18.516,18.812,398787,0
1998-06-18,18.965,19.009,18.364,18.562,164468,0
1998-06-19,18.46,18.616,17.869,17.869,253617,0
1998-06-22,17.869,18.165,17.826,17.969,196158,0
1998-06-23,17.772,17.869,17.476,17.728,315770,0
1998-06-24,17.476,17.476,17.226,17.378,352146,0
1998-06-25,17.378,17.378,17.08,17.226,301154,0
1998-06-26,17.326,17.326,16.686,16.984,282853,0
1998-06-29,17.027,17.181,16.59,16.686,1559768,0
1998-06-30,16.634,16.93,16.338,16.438,532679,0
1998-07-01,16.93,16.93,16.59,16.83,324697,0
1998-07-02,16.732,17.126,16.59,17.027,239783,0
1998-07-06,17.181,17.181,16.93,17.126,231302,0
1998-07-07,17.28,17.326,16.83,16.83,180980,0
1998-07-08,16.93,17.181,16.786,16.83,157440,0
1998-07-09,16.93,17.378,16.83,17.226,215015,0
1998-07-10,17.378,17.521,16.886,17.181,212222,0
1998-07-13,17.378,17.378,16.634,16.786,189239,0
1998-07-14,16.732,16.984,16.382,16.634,140365,0
1998-07-15,16.732,16.984,16.536,16.686,157996,0
1998-07-16,16.686,16.786,16.59,16.634,231417,0
1998-07-17,16.634,16.634,16.482,16.536,158664,0
1998-07-20,16.536,16.686,16.438,16.59,153978,0
1998-07-21,16.536,16.536,16.043,16.338,213786,0
1998-07-22,16.285,16.285,15.343,16.043,594270,0
1998-07-23,16.043,16.438,15.844,15.891,577644,0
1998-07-24,16.087,16.186,15.495,15.495,818324,0
1998-07-27,15.549,15.694,15.495,15.649,286647,0
1998-07-28,15.549,15.649,15.102,15.397,266674,0
1998-07-29,15.397,15.746,15.343,15.442,298586,0
1998-07-30,15.495,15.791,15.048,15.146,341324,0
1998-07-31,15.146,15.343,14.653,14.949,287986,0
1998-08-03,14.904,15.048,14.653,14.753,253952,0
1998-08-04,14.707,14.904,14.302,14.403,176183,0
1998-08-05,14.513,14.554,13.614,13.909,463835,0
1998-08-06,13.909,14.257,13.865,14.162,556557,0
1998-08-07,14.357,14.606,14.257,14.403,258307,0
1998-08-10,14.606,14.606,14.162,14.403,265779,0
1998-08-11,13.471,14.207,13.121,13.865,234985,0
1998-08-12,14.06,14.257,13.963,14.207,281959,0
1998-08-13,13.766,14.162,13.766,14.06,186340,0
1998-08-14,14.06,14.257,13.766,13.865,171609,0
1998-08-17,13.712,14.007,13.712,14.007,86920,0
1998-08-18,14.06,14.107,13.865,14.107,172168,0
1998-08-19,14.162,14.162,14.007,14.007,124187,0
1998-08-20,13.909,13.909,13.569,13.569,124968,0
1998-08-21,13.514,13.667,13.318,13.614,137353,0
1998-08-24,13.514,14.107,13.514,13.766,151751,0
1998-08-25,13.963,14.257,13.264,13.471,274820,0
1998-08-26,13.417,13.712,12.969,13.165,248601,0
1998-08-27,13.219,13.219,12.475,12.575,398896,0
1998-08-28,12.725,13.067,12.475,12.629,778714,0
1998-08-31,12.629,12.924,12.529,12.673,416300,0
1998-09-01,12.725,13.067,12.646,12.77,664455,0
1998-09-02,12.969,13.318,12.673,12.87,384948,0
1998-09-03,12.87,13.067,12.87,12.924,303271,0
1998-09-04,12.897,13.344,12.897,13.247,241009,0
1998-09-08,13.247,13.944,13.192,13.89,223943,0
1998-09-09,13.89,14.24,13.748,14.144,605206,0
1998-09-10,14.043,14.043,13.596,13.642,721917,0
1998-09-11,13.642,14.089,13.541,13.748,389078,0
1998-09-14,13.89,14.24,13.847,14.043,164022,0
1998-09-15,14.043,14.338,13.944,14.198,175070,0
1998-09-16,14.198,14.644,14.144,14.644,111354,0
1998-09-17,14.495,14.495,14.089,14.24,184884,0
1998-09-18,14.24,14.394,13.99,14.144,323805,0
1998-09-21,14.144,14.439,13.847,14.198,188346,0
1998-09-22,14.292,14.589,14.198,14.589,98074,0
1998-09-23,14.589,14.644,14.338,14.439,324918,0
1998-09-24,14.537,14.842,14.338,14.537,193254,0
1998-09-25,14.338,15.335,14.338,14.689,316660,0
1998-09-28,14.744,14.94,14.644,14.885,180199,0
1998-09-29,14.885,14.94,14.589,14.744,252060,0
1998-09-30,14.744,14.885,14.292,14.338,451115,0
1998-10-01,14.24,14.338,14.043,14.198,191694,0
1998-10-02,14.24,14.24,13.596,13.89,256296,0
1998-10-05,13.89,13.944,13.541,13.695,222044,0
1998-10-06,13.695,13.695,13.192,13.399,124076,0
1998-10-07,13.444,13.496,13.094,13.301,198947,0
1998-10-08,13.192,13.247,12.547,12.646,275265,0
1998-10-09,12.701,12.743,12.448,12.743,395437,0
1998-10-12,12.743,12.798,12.603,12.646,253063,0
1998-10-13,12.743,12.897,12.298,12.547,106783,0
1998-10-14,12.603,12.951,12.403,12.403,243798,0
1998-10-15,12.448,12.743,12.403,12.701,333622,0
1998-10-16,12.743,12.996,12.547,12.852,390861,0
1998-10-19,12.646,12.798,12.349,12.603,234428,0
1998-10-20,12.603,13.148,12.501,13.048,362189,0
1998-10-21,12.897,13.094,12.798,12.852,204415,0
1998-10-22,12.996,13.496,12.798,13.247,706855,0
1998-10-23,13.496,13.496,12.996,13.301,205530,0
1998-10-26,13.192,13.344,12.743,13.048,436944,0
1998-10-27,13.192,13.192,12.547,12.897,427016,0
1998-10-28,12.897,12.897,12.403,12.743,411390,0
1998-10-29,12.743,13.247,12.448,12.897,759409,0
1998-10-30,12.897,13.301,12.897,13.247,319451,0
1998-11-02,13.301,13.944,13.048,13.642,430137,0
1998-11-03,13.496,13.89,13.444,13.794,982009,0
1998-11-04,13.944,14.338,13.944,14.198,536918,0
1998-11-05,14.24,14.394,13.99,14.394,193813,0
1998-11-06,14.394,14.744,14.24,14.292,191694,0
1998-11-09,14.338,14.338,13.748,14.043,138021,0
1998-11-10,13.944,14.089,13.642,13.99,190130,0
1998-11-11,13.99,14.24,13.89,14.043,152978,0
1998-11-12,14.043,14.24,14.043,14.144,178193,0
1998-11-13,14.24,14.537,14.144,14.292,153313,0
1998-11-16,14.394,14.439,14.144,14.198,78107,0
1998-11-17,14.292,14.338,13.847,14.043,243242,0
1998-11-18,14.043,14.439,14.043,14.292,119390,0
1998-11-19,14.338,14.589,14.24,14.537,174289,0
1998-11-20,14.644,14.885,14.589,14.744,198388,0
1998-11-23,14.644,15.235,14.644,14.842,257525,0
1998-11-24,14.842,15.235,14.744,15.093,121285,0
1998-11-25,15.227,15.424,14.975,15.273,194151,0
1998-11-27,15.326,15.675,15.273,15.326,94729,0
1998-11-30,15.326,15.675,15.273,15.675,201961,0
1998-12-01,15.675,15.675,15.227,15.576,441299,0
1998-12-02,15.468,15.576,15.227,15.227,270022,0
1998-12-03,15.227,15.468,15.227,15.227,116264,0
1998-12-04,15.273,15.872,15.273,15.719,222268,0
1998-12-07,15.622,15.926,15.523,15.872,227512,0
1998-12-08,15.719,15.872,15.424,15.622,269798,0
1998-12-09,15.523,15.926,15.523,15.926,149964,0
1998-12-10,15.926,15.926,15.523,15.523,364864,0
1998-12-11,15.523,15.719,15.424,15.523,309074,0
1998-12-14,15.468,15.622,15.37,15.37,387515,0
1998-12-15,15.227,15.424,14.868,14.922,387182,0
1998-12-16,14.476,14.726,13.972,14.476,491171,0
1998-12-17,14.42,15.021,14.42,14.868,194034,0
1998-12-18,14.825,15.424,14.825,14.825,435940,0
1998-12-21,14.868,15.468,14.868,15.119,336525,0
1998-12-22,15.172,15.227,14.868,15.075,248710,0
1998-12-23,15.075,15.468,15.075,15.37,137019,0
1998-12-24,15.273,15.523,15.273,15.326,58356,0
1998-12-28,15.326,15.872,15.326,15.719,167481,0
1998-12-29,15.827,16.024,15.622,15.971,269018,0
1998-12-30,15.872,15.971,15.827,15.872,267340,0
1998-12-31,15.872,17.173,15.872,16.372,693353,0
1999-01-04,16.822,16.93,16.222,16.222,1155405,0
1999-01-05,16.222,16.678,16.222,16.572,179420,0
1999-01-06,16.723,16.93,16.625,16.777,221149,0
1999-01-07,16.572,16.93,16.526,16.822,173618,0
1999-01-08,16.876,17.173,16.723,16.93,216126,0
1999-01-11,16.822,17.027,16.723,16.822,125750,0
1999-01-12,17.027,17.326,16.822,16.822,342660,0
1999-01-13,16.723,16.876,16.372,16.876,349131,0
1999-01-14,16.777,17.575,16.777,16.876,708862,0
1999-01-15,16.93,17.42,16.822,17.072,241238,0
1999-01-19,17.027,17.173,16.625,16.975,189014,0
1999-01-20,16.428,16.625,15.926,16.625,345226,0
1999-01-21,16.678,16.876,16.276,16.723,251167,0
1999-01-22,16.625,16.678,16.024,16.024,142040,0
1999-01-25,16.024,17.53,15.622,17.326,1113117,0
1999-01-26,17.226,17.728,16.975,17.072,925886,0
1999-01-27,17.173,17.378,16.625,16.777,403918,0
1999-01-28,16.876,17.53,16.777,17.126,285194,0
1999-01-29,16.93,17.28,16.777,17.173,217246,0
1999-02-01,17.173,17.173,16.93,17.027,182656,0
1999-02-02,17.027,17.027,16.526,17.027,185441,0
1999-02-03,17.226,17.42,16.723,17.173,195038,0
1999-02-04,16.975,17.027,16.319,16.678,175737,0
1999-02-05,16.822,17.027,16.222,16.777,206867,0
1999-02-08,16.822,16.822,16.276,16.428,162681,0
1999-02-09,16.124,17.027,16.124,16.319,299145,0
1999-02-10,16.124,16.222,15.37,15.424,437723,0
1999-02-11,15.622,15.827,15.523,15.719,400904,0
1999-02-12,16.372,16.428,15.622,15.719,383944,0
1999-02-16,15.774,16.078,15.774,16.024,328488,0
1999-02-17,16.024,16.024,15.622,15.971,341206,0
1999-02-18,15.971,16.428,15.827,16.024,787414,0
1999-02-19,16.024,16.024,15.719,15.827,347010,0
1999-02-22,15.827,15.971,15.576,15.827,438283,0
1999-02-23,15.872,16.024,15.675,15.872,372565,0
1999-02-24,15.872,16.024,15.827,15.926,198165,0
1999-02-25,15.926,15.926,15.719,15.719,579432,0
1999-02-26,15.719,15.926,15.622,15.827,415856,0
1999-03-01,15.827,15.827,15.523,15.719,258414,0
1999-03-02,15.827,15.872,15.523,15.622,276270,0
1999-03-03,15.622,16.024,15.523,15.872,233204,0
1999-03-04,15.711,16.158,15.504,15.603,587910,0
1999-03-05,15.603,16.105,15.254,16.105,612347,0
1999-03-08,16.059,16.105,15.854,16.105,128760,0
1999-03-09,16.059,16.158,15.808,15.962,354709,0
1999-03-10,15.962,16.311,15.962,16.214,350136,0
1999-03-11,16.214,16.509,16.007,16.214,256077,0
1999-03-12,16.214,16.363,15.808,16.059,195486,0
1999-03-15,16.007,16.311,15.808,16.059,213897,0
1999-03-16,16.059,16.214,16.007,16.105,249937,0
1999-03-17,16.059,16.105,15.557,15.755,140591,0
1999-03-18,15.755,16.105,15.711,16.059,128650,0
1999-03-19,16.105,16.41,16.007,16.007,284413,0
1999-03-22,16.007,16.158,15.962,16.158,176297,0
1999-03-23,16.158,16.214,15.603,15.603,112916,0
1999-03-24,15.603,16.059,15.449,15.854,142150,0
1999-03-25,15.854,16.007,15.557,15.854,177748,0
1999-03-26,15.854,15.854,15.352,15.557,145833,0
1999-03-29,15.557,16.105,15.557,15.808,143603,0
1999-03-30,15.711,15.711,15.2,15.557,133450,0
1999-03-31,15.504,15.557,14.753,14.797,270580,0
1999-04-01,14.698,15.2,14.698,14.797,891185,0
1999-04-05,14.904,15.658,14.797,15.504,421881,0
1999-04-06,15.504,15.504,14.904,15.2,142264,0
1999-04-07,15.2,15.504,15.154,15.504,249269,0
1999-04-08,15.504,15.854,15.449,15.854,269350,0
1999-04-09,15.808,15.808,15.504,15.711,229183,0
1999-04-12,15.557,15.854,15.504,15.755,191804,0
1999-04-13,15.711,16.007,15.449,15.658,355491,0
1999-04-14,15.603,16.059,15.504,15.711,233760,0
1999-04-15,15.504,16.867,15.504,16.616,396219,0
1999-04-16,16.913,17.521,16.563,17.02,496528,0
1999-04-19,17.02,19.429,17.02,18.524,902010,0
1999-04-20,18.428,18.524,18.121,18.121,385397,0
1999-04-21,17.816,19.331,17.566,18.174,617926,0
1999-04-22,18.275,18.275,17.369,17.675,308183,0
1999-04-23,17.772,17.924,17.521,17.675,240343,0
1999-04-26,17.675,18.025,17.619,17.719,272923,0
1999-04-27,17.869,18.275,17.369,17.521,281959,0
1999-04-28,17.619,18.078,17.467,17.675,251834,0
1999-04-29,17.869,18.524,17.566,18.078,341768,0
1999-04-30,18.078,18.174,17.369,17.675,263439,0
1999-05-03,17.369,18.83,17.369,18.428,492511,0
1999-05-04,18.469,18.678,18.078,18.078,283078,0
1999-05-05,18.121,18.174,17.816,18.078,239783,0
1999-05-06,18.078,18.524,17.869,18.524,344334,0
1999-05-07,18.524,19.331,18.428,19.278,230299,0
1999-05-10,19.278,19.278,18.874,19.026,301709,0
1999-05-11,19.235,19.734,19.126,19.679,384725,0
1999-05-12,19.889,19.889,19.384,19.584,286758,0
1999-05-13,19.637,20.085,19.384,19.834,208652,0
1999-05-14,19.889,19.889,19.126,19.637,198613,0
1999-05-17,19.53,19.834,19.235,19.584,274929,0
1999-05-18,19.584,19.734,19.126,19.429,236211,0
1999-05-19,19.485,19.734,19.384,19.679,127424,0
1999-05-20,19.584,19.889,19.331,19.53,187455,0
1999-05-21,19.637,20.039,19.584,19.834,132445,0
1999-05-24,19.889,19.986,19.429,19.429,126642,0
1999-05-25,19.384,19.788,19.235,19.235,200065,0
1999-05-26,19.278,19.429,18.929,18.929,218919,0
1999-05-27,18.929,19.126,18.73,18.776,286425,0
1999-05-28,18.866,19.825,18.866,19.216,301599,0
1999-06-01,19.825,19.825,19.269,19.62,301824,0
1999-06-02,19.62,19.976,19.521,19.67,152532,0
1999-06-03,19.62,20.02,19.62,19.825,288211,0
1999-06-04,19.725,20.228,19.313,19.313,186785,0
1999-06-07,19.366,20.02,19.366,19.825,341659,0
1999-06-08,19.923,20.075,19.419,20.075,281622,0
1999-06-09,20.02,20.02,19.825,20.02,219813,0
1999-06-10,20.02,20.174,19.466,19.725,268907,0
1999-06-11,19.521,19.976,19.117,19.313,84800,0
1999-06-14,19.216,19.976,19.171,19.419,112024,0
1999-06-15,19.419,19.466,19.117,19.269,194151,0
1999-06-16,19.419,19.419,19.017,19.117,161793,0
1999-06-17,19.269,19.366,19.117,19.216,156546,0
1999-06-18,19.216,19.269,19.017,19.171,210996,0
1999-06-21,19.061,19.466,19.061,19.313,316215,0
1999-06-22,19.313,19.313,19.017,19.017,243020,0
1999-06-23,18.965,19.017,18.46,18.91,243914,0
1999-06-24,18.562,18.757,18.156,18.31,220370,0
1999-06-25,18.31,18.31,17.852,18.051,218473,0
1999-06-28,18.256,18.357,18.201,18.31,305616,0
1999-06-29,18.507,18.866,18.31,18.866,235320,0
1999-06-30,18.812,19.466,18.562,19.117,281959,0
1999-07-01,19.017,19.117,18.66,18.812,170159,0
1999-07-02,18.812,18.866,18.562,18.757,307178,0
1999-07-06,18.91,19.269,18.866,19.171,225057,0
1999-07-07,19.269,19.725,19.216,19.521,237106,0
1999-07-08,19.419,19.575,19.419,19.521,197496,0
1999-07-09,19.575,19.725,19.419,19.575,190019,0
1999-07-12,19.575,19.771,19.117,19.466,104773,0
1999-07-13,19.575,19.575,18.357,19.017,271028,0
1999-07-14,19.117,19.117,18.562,18.606,123296,0
1999-07-15,18.562,18.866,18.357,18.562,698935,0
1999-07-16,18.757,18.812,17.95,18.812,284305,0
1999-07-19,19.017,19.017,18.606,18.757,333733,0
1999-07-20,18.606,18.757,18.357,18.357,246813,0
1999-07-21,18.562,18.712,17.852,18.007,282631,0
1999-07-22,17.798,18.156,17.647,17.798,372785,0
1999-07-23,18.007,18.256,17.896,17.95,412172,0
1999-07-26,17.798,18.66,17.798,18.562,365758,0
1999-07-27,18.357,18.812,18.007,18.201,884601,0
1999-07-28,18.41,18.562,18.256,18.256,257079,0
1999-07-29,18.156,18.156,17.243,17.243,398454,0
1999-07-30,17.602,18.606,17.602,18.201,475776,0
1999-08-02,18.007,18.007,17.548,17.798,203520,0
1999-08-03,18.007,18.156,17.602,17.647,348128,0
1999-08-04,17.798,17.852,17.396,17.396,204526,0
1999-08-05,17.495,17.647,17.243,17.495,112474,0
1999-08-06,17.396,17.396,16.786,17.089,130883,0
1999-08-09,17.045,17.754,16.839,17.396,137019,0
1999-08-10,17.396,17.798,17.243,17.297,614357,0
1999-08-11,17.342,17.602,17.089,17.548,112807,0
1999-08-12,17.548,17.701,17.145,17.297,132779,0
1999-08-13,17.297,17.495,17.145,17.297,89152,0
1999-08-16,17.19,17.342,17.089,17.342,164131,0
1999-08-17,17.342,17.342,16.034,16.59,385063,0
1999-08-18,16.59,16.634,16.131,16.186,372785,0
1999-08-19,16.131,16.438,16.034,16.186,221709,0
1999-08-20,16.59,16.59,16.438,16.59,181876,0
1999-08-23,16.59,16.59,16.285,16.536,174396,0
1999-08-24,16.536,16.895,16.438,16.482,97072,0
1999-08-25,16.686,16.786,16.231,16.686,153868,0
1999-08-26,16.59,16.634,15.98,16.034,174065,0
1999-08-27,16.186,16.382,16.078,16.131,204299,0
1999-08-30,16.186,16.338,15.774,15.774,137470,0
1999-08-31,15.774,15.882,15.37,15.37,310636,0
1999-09-01,15.37,15.729,15.217,15.37,661104,0
1999-09-02,15.424,15.576,15.37,15.424,511479,0
1999-09-03,15.477,16.285,15.477,16.285,204635,0
1999-09-07,16.115,16.168,15.755,15.908,364753,0
1999-09-08,15.908,16.168,15.755,15.755,119390,0
1999-09-09,15.755,15.808,15.407,15.658,256411,0
1999-09-10,15.658,16.115,15.352,15.407,287986,0
1999-09-13,15.449,15.755,15.146,15.407,322463,0
1999-09-14,15.254,15.254,14.949,15.048,515609,0
1999-09-15,15.146,15.352,14.842,14.894,229408,0
1999-09-16,14.689,14.894,14.537,14.842,399005,0
1999-09-17,14.842,14.994,14.744,14.744,156209,0
1999-09-20,14.689,14.894,14.385,14.537,198722,0
1999-09-21,14.439,14.495,13.776,13.83,230857,0
1999-09-22,14.188,14.232,13.83,13.83,286758,0
1999-09-23,14.025,14.338,13.83,14.025,383611,0
1999-09-24,13.83,14.025,13.111,13.623,255294,0
1999-09-27,13.722,14.495,13.623,13.981,223273,0
1999-09-28,13.927,14.079,13.676,13.874,251498,0
1999-09-29,13.83,14.232,13.83,14.232,187231,0
1999-09-30,14.232,14.338,13.927,14.338,193254,0
1999-10-01,14.338,14.439,13.83,14.338,165810,0
1999-10-04,14.283,14.894,14.283,14.894,281068,0
1999-10-05,14.689,14.842,14.439,14.537,283186,0
1999-10-06,14.589,15.048,14.537,14.589,365758,0
1999-10-07,14.644,14.797,14.338,14.338,202740,0
1999-10-08,14.338,14.385,13.981,14.188,289773,0
1999-10-11,14.283,14.644,14.283,14.495,84132,0
1999-10-12,14.495,14.537,13.981,14.537,176852,0
1999-10-13,14.188,14.338,13.83,13.874,94063,0
1999-10-14,13.83,14.025,13.569,13.874,196937,0
1999-10-15,13.874,13.981,13.371,13.874,312311,0
1999-10-18,13.927,14.232,13.874,13.927,193703,0
1999-10-19,14.025,14.135,13.219,13.471,255626,0
1999-10-20,13.471,13.676,13.264,13.318,281622,0
1999-10-21,13.523,13.927,13.219,13.569,329829,0
1999-10-22,13.471,13.523,13.165,13.165,218697,0
1999-10-25,13.417,14.439,13.417,14.439,518174,0
1999-10-26,14.338,14.589,14.232,14.338,497423,0
1999-10-27,13.417,14.338,13.417,13.874,734192,0
1999-10-28,14.135,14.135,12.197,13.264,799692,0
1999-10-29,13.676,13.776,13.111,13.676,375577,0
1999-11-01,13.722,14.025,13.722,13.83,372451,0
1999-11-02,13.83,14.135,13.83,13.83,265670,0
1999-11-03,13.83,13.927,13.318,13.569,230411,0
1999-11-04,13.523,13.776,13.417,13.523,167368,0
1999-11-05,13.722,14.025,13.417,13.417,255963,0
1999-11-08,13.623,14.025,13.623,13.676,143825,0
1999-11-09,13.83,13.83,13.264,13.371,183997,0
1999-11-10,13.417,13.776,13.264,13.318,123852,0
1999-11-11,13.417,13.623,13.318,13.371,124300,0
1999-11-12,13.371,13.417,13.264,13.318,168932,0
1999-11-15,13.318,13.676,13.318,13.371,246813,0
1999-11-17,13.471,13.722,13.417,13.417,125638,0
1999-11-18,13.417,13.623,13.219,13.264,356384,0
1999-11-19,13.067,13.219,12.861,13.067,502218,0
1999-11-22,12.861,13.067,12.76,12.961,489164,0
1999-11-23,12.961,12.961,12.612,12.655,220032,0
1999-11-24,12.655,12.861,12.403,12.501,150300,0
1999-11-26,12.385,12.646,12.332,12.538,71858,0
1999-11-29,12.538,12.538,12.289,12.289,271028,0
1999-11-30,12.289,12.594,12.081,12.289,365645,0
1999-12-01,12.385,12.44,12.081,12.289,186562,0
1999-12-02,12.332,12.44,12.081,12.179,378029,0
1999-12-03,12.234,12.289,12.081,12.234,186002,0
1999-12-06,12.081,12.234,11.874,12.026,430582,0
1999-12-07,11.93,11.973,11.517,11.57,340876,0
1999-12-08,11.667,11.821,11.419,11.463,452677,0
1999-12-09,11.57,11.617,11.419,11.517,501326,0
1999-12-10,11.617,11.617,11.309,11.419,436052,0
1999-12-13,11.419,11.419,11.104,11.257,467071,0
1999-12-14,11.213,11.213,10.901,11.005,470307,0
1999-12-15,11.059,11.257,11.005,11.158,308070,0
1999-12-16,11.257,11.419,11.104,11.158,489054,0
1999-12-17,11.213,11.309,10.854,10.854,569722,0
1999-12-20,10.951,11.213,10.901,11.158,297025,0
1999-12-21,11.158,11.667,11.104,11.463,485148,0
1999-12-22,11.463,11.93,11.463,11.667,412285,0
1999-12-23,11.93,12.234,11.93,12.081,289773,0
1999-12-27,12.081,12.385,12.081,12.134,324582,0
1999-12-28,12.179,12.743,12.179,12.594,339647,0
1999-12-29,12.646,12.897,12.594,12.691,221262,0
1999-12-30,12.798,12.798,12.44,12.594,235768,0
1999-12-31,12.538,12.897,12.332,12.897,243577,0
2000-01-03,12.492,13.048,12.492,12.538,232421,0
2000-01-04,12.385,12.691,12.179,12.332,158778,0
2000-01-05,12.332,12.492,11.874,12.332,341990,0
2000-01-06,12.332,12.332,11.874,12.179,188010,0
2000-01-07,12.385,12.951,12.332,12.897,307516,0
2000-01-10,13.102,13.102,12.332,12.385,144719,0
2000-01-11,12.594,12.594,12.081,12.179,293121,0
2000-01-12,12.179,12.385,11.973,12.234,309074,0
2000-01-13,12.234,12.44,12.026,12.385,201845,0
2000-01-14,12.385,12.385,11.973,12.026,188458,0
2000-01-18,12.134,12.289,11.973,12.026,162681,0
2000-01-19,12.026,12.289,11.778,11.874,266229,0
2000-01-20,11.778,11.874,11.213,11.257,513266,0
2000-01-21,11.364,11.517,11.059,11.517,344002,0
2000-01-24,11.667,11.723,11.158,11.213,432036,0
2000-01-25,11.213,11.309,11.104,11.257,282744,0
2000-01-26,11.517,11.517,11.059,11.059,218362,0
2000-01-27,11.059,11.419,11.059,11.213,173729,0
2000-01-28,11.213,11.213,10.495,10.495,448770,0
2000-01-31,10.439,10.798,10.343,10.699,384725,0
2000-02-01,10.648,10.744,10.289,10.495,298364,0
2000-02-02,10.439,10.901,10.386,10.386,305281,0
2000-02-03,10.495,10.798,10.289,10.386,259762,0
2000-02-04,10.495,10.495,10.343,10.386,122292,0
2000-02-07,10.495,10.495,10.343,10.386,247704,0
2000-02-08,10.289,10.541,10.082,10.082,423110,0
2000-02-09,10.082,10.136,9.726,9.726,610229,0
2000-02-10,9.726,9.833,9.571,9.726,309856,0
2000-02-11,9.778,9.833,9.3118,9.4729,987922,0
2000-02-14,9.4729,9.519,9.2128,9.2671,433152,0
2000-02-15,9.4729,9.929,9.2671,9.519,381492,0
2000-02-16,9.625,9.625,9.0069,9.1145,668027,0
2000-02-17,9.2128,9.4729,9.1145,9.1145,464166,0
2000-02-18,9.1145,9.2128,9.0069,9.0069,481353,0
2000-02-22,9.2128,9.3118,9.0069,9.0069,358617,0
2000-02-23,9.1145,9.2128,8.8546,8.9532,376915,0
2000-02-24,9.0069,9.0069,8.3439,8.7563,360401,0
2000-02-25,8.8546,8.9083,8.5947,8.8012,390305,0
2000-02-28,8.8546,9.0069,8.702,8.702,362296,0
2000-02-29,8.702,9.0069,8.702,8.8546,292114,0
2000-03-01,8.7563,8.8012,8.4423,8.6485,392423,0
2000-03-02,8.2724,8.5859,8.2185,8.3259,578875,0
2000-03-03,8.3259,8.7381,8.3259,8.532,318113,0
2000-03-06,8.532,8.532,8.0658,8.2185,453346,0
2000-03-07,8.3259,8.3259,8.0122,8.0658,239560,0
2000-03-08,7.9138,8.2724,7.86,8.1197,455914,0
2000-03-09,8.1197,8.6305,8.1197,8.3259,376022,0
2000-03-10,8.3259,8.3708,8.1197,8.1647,364864,0
2000-03-13,8.4246,8.6305,8.3259,8.4246,271806,0
2000-03-14,8.4246,8.4784,8.0658,8.0658,500546,0
2000-03-15,8.1647,8.7921,8.1197,8.7381,646267,0
2000-03-16,9.1501,10.343,8.9442,10.082,1002651,0
2000-03-17,10.029,10.029,9.509,9.616,428130,0
2000-03-20,9.669,10.029,9.509,9.562,333511,0
2000-03-21,9.4642,9.824,9.1501,9.669,372007,0
2000-03-22,9.877,9.877,9.4642,9.562,198722,0
2000-03-23,9.669,9.929,9.509,9.877,524198,0
2000-03-24,9.929,10.029,9.716,9.974,205194,0
2000-03-27,9.929,10.289,9.929,10.289,294346,0
2000-03-28,10.289,10.343,10.136,10.236,500322,0
2000-03-29,10.289,10.343,10.029,10.181,447435,0
2000-03-30,10.136,10.439,10.136,10.343,313873,0
2000-03-31,10.289,10.55,10.082,10.386,685766,0
2000-04-03,10.289,10.959,10.236,10.959,474212,0
2000-04-04,10.753,10.91,10.236,10.699,305281,0
2000-04-05,10.91,10.91,10.699,10.91,299476,0
2000-04-06,10.91,11.276,10.699,10.808,647608,0
2000-04-07,10.808,11.112,10.495,10.648,678516,0
2000-04-10,10.753,11.276,10.753,10.91,505454,0
2000-04-11,10.753,11.222,10.699,11.222,436052,0
2000-04-12,11.167,11.373,10.854,11.112,392535,0
2000-04-13,11.579,12.152,11.48,11.947,840862,0
2000-04-14,11.893,11.893,11.276,11.318,392535,0
2000-04-17,11.276,11.633,11.276,11.526,472316,0
2000-04-18,11.633,11.785,11.48,11.633,304946,0
2000-04-19,11.427,12.1,11.373,11.373,285529,0
2000-04-20,11.276,11.526,11.276,11.373,228072,0
2000-04-24,11.222,11.579,11.222,11.579,669031,0
2000-04-25,11.579,11.579,11.427,11.579,492063,0
2000-04-26,11.579,11.633,11.373,11.633,290553,0
2000-04-27,11.579,11.579,11.276,11.427,157775,0
2000-04-28,11.427,11.427,10.808,11.167,387626,0
2000-05-01,11.167,11.222,10.854,11.059,288096,0
2000-05-02,10.959,11.112,10.808,11.059,297917,0
2000-05-03,10.959,11.318,10.959,11.222,308963,0
2000-05-04,11.427,11.427,11.167,11.167,274929,0
2000-05-05,11.167,11.427,11.167,11.276,214683,0
2000-05-08,11.276,11.427,11.222,11.427,180312,0
2000-05-09,11.318,11.48,11.222,11.48,98636,0
2000-05-10,11.373,11.373,10.808,10.959,237439,0
2000-05-11,11.059,11.167,10.854,11.112,146503,0
2000-05-12,11.112,11.112,10.854,11.015,400346,0
2000-05-15,11.059,11.059,10.753,10.854,252726,0
2000-05-16,10.91,10.91,10.753,10.808,179865,0
2000-05-17,10.808,10.854,10.439,10.55,361405,0
2000-05-18,10.55,10.55,10.343,10.386,355938,0
2000-05-19,10.343,10.55,10.136,10.181,269466,0
2000-05-22,10.753,10.753,10.289,10.386,348910,0
2000-05-23,10.495,10.91,10.439,10.648,280732,0
2000-05-24,10.699,10.959,10.604,10.808,369329,0
2000-05-25,10.808,10.91,10.648,10.699,264555,0
2000-05-26,10.699,10.753,9.929,10.136,314543,0
2000-05-30,10.439,10.439,10.343,10.386,140031,0
2000-05-31,10.421,10.421,9.75,10.119,231973,0
2000-06-01,10.217,10.377,9.957,10.326,184441,0
2000-06-02,10.421,10.682,10.217,10.532,218473,0
2000-06-05,10.639,10.735,10.532,10.585,323355,0
2000-06-06,10.639,10.639,10.421,10.421,131554,0
2000-06-07,10.532,10.532,10.273,10.421,130327,0
2000-06-08,10.326,10.532,10.217,10.377,233204,0
2000-06-09,10.377,10.476,10.164,10.164,302938,0
2000-06-12,10.377,10.532,10.273,10.326,167260,0
2000-06-13,10.326,10.476,10.011,10.011,347683,0
2000-06-14,10.119,10.273,9.903,9.957,264887,0
2000-06-15,9.85,9.957,9.544,9.589,359619,0
2000-06-16,9.3295,9.903,9.2311,9.643,629642,0
2000-06-19,9.805,9.903,9.2311,9.4371,311979,0
2000-06-20,9.4371,9.75,9.4371,9.4918,331612,0
2000-06-21,9.4371,9.85,9.4371,9.85,357612,0
2000-06-22,9.85,9.85,9.589,9.75,385845,0
2000-06-23,9.698,10.217,9.643,10.164,443305,0
2000-06-26,10.217,10.377,9.903,10.164,857264,0
2000-06-27,10.326,10.377,10.164,10.377,483807,0
2000-06-28,10.377,10.639,10.217,10.595,267454,0
2000-06-29,10.326,10.682,10.326,10.421,455020,0
2000-06-30,10.273,10.476,9.2671,9.2769,1378229,0
2000-07-03,9.4918,10.377,9.4918,10.326,475884,0
2000-07-05,10.119,10.476,10.119,10.421,399454,0
2000-07-06,10.326,10.532,10.273,10.326,180536,0
2000-07-07,10.421,10.476,10.217,10.326,118719,0
2000-07-10,10.421,10.532,10.377,10.476,249157,0
2000-07-11,10.421,10.476,10.217,10.326,222378,0
2000-07-12,10.326,10.377,10.064,10.377,248485,0
2000-07-13,10.377,10.377,10.217,10.377,201177,0
2000-07-14,10.377,10.377,10.164,10.217,167928,0
2000-07-17,10.217,10.326,10.136,10.136,117604,0
2000-07-18,10.217,10.377,10.164,10.326,103882,0
2000-07-19,10.377,10.585,10.217,10.532,184884,0
2000-07-20,10.532,10.639,10.326,10.585,335073,0
2000-07-21,10.377,10.476,10.326,10.476,182319,0
2000-07-24,10.421,10.532,10.119,10.217,270915,0
2000-07-25,10.217,10.273,9.85,10.011,259422,0
2000-07-26,10.011,10.064,9.589,9.643,362633,0
2000-07-27,9.589,9.75,9.4918,9.544,252726,0
2000-07-28,9.544,9.589,9.2769,9.4371,129322,0
2000-07-31,9.544,9.589,9.2769,9.3295,265337,0
2000-08-01,9.3295,9.589,9.3295,9.544,120618,0
2000-08-02,9.643,9.643,9.3838,9.3838,184441,0
2000-08-03,9.4918,9.4918,9.1236,9.1236,409051,0
2000-08-04,9.1772,9.2311,9.07,9.1236,611010,0
2000-08-07,9.1236,9.1772,9.0159,9.1772,592376,0
2000-08-08,9.1772,9.2769,9.0159,9.07,749590,0
2000-08-09,8.9711,9.1772,8.9711,9.07,998635,0
2000-08-10,9.1772,9.1772,8.8636,8.9711,618151,0
2000-08-11,8.8636,9.1236,8.8636,9.0159,487044,0
2000-08-14,9.07,9.1236,9.07,9.1236,454018,0
2000-08-15,9.07,9.1236,8.7563,9.0159,368323,0
2000-08-16,9.07,9.1772,8.9711,9.1772,410051,0
2000-08-17,9.1772,9.2311,8.9711,9.1236,238222,0
2000-08-18,9.1236,9.643,8.9711,9.544,803482,0
2000-08-21,9.643,9.698,9.2769,9.3295,472316,0
2000-08-22,9.4371,10.011,9.4371,10.011,703285,0
2000-08-23,10.326,10.377,10.064,10.164,862397,0
2000-08-24,10.119,10.217,9.75,9.957,314207,0
2000-08-25,9.643,9.903,9.3295,9.903,838853,0
2000-08-28,9.698,9.957,9.698,9.75,530784,0
2000-08-29,9.698,9.957,9.698,9.903,335741,0
2000-08-30,9.903,10.119,9.85,10.011,318892,0
2000-08-31,10.119,10.164,10.011,10.073,412285,0
2000-09-01,10.119,10.217,9.85,9.903,259867,0
2000-09-05,10.011,10.326,10.011,10.164,447101,0
2000-09-06,10.36,10.36,10.046,10.254,289884,0
2000-09-07,10.2,10.254,9.833,9.887,269910,0
2000-09-08,9.679,9.887,9.625,9.778,282184,0
2000-09-11,9.734,10.046,9.734,10.046,293343,0
2000-09-12,9.993,10.046,9.679,9.734,239893,0
2000-09-13,9.625,9.887,9.519,9.519,227177,0
2000-09-14,9.519,9.734,9.4642,9.734,229295,0
2000-09-15,9.625,9.679,9.3568,9.4119,330387,0
2000-09-18,9.625,9.625,9.1501,9.1501,331726,0
2000-09-19,9.3568,9.4119,9.2045,9.2045,201291,0
2000-09-20,9.2588,9.2588,8.8907,8.9353,188792,0
2000-09-21,8.8368,8.9891,8.6752,8.8368,251389,0
2000-09-22,8.4153,8.6752,8.0481,8.6217,633436,0
2000-09-25,8.4695,8.5678,8.308,8.5678,408157,0
2000-09-26,8.6752,8.783,8.5678,8.7292,180199,0
2000-09-27,8.7292,8.783,8.4153,8.4695,235656,0
2000-09-28,8.4695,8.783,8.4695,8.5678,320900,0
2000-09-29,8.7292,8.7292,8.4153,8.4695,235100,0
2000-10-02,8.5678,9.0967,8.5678,8.783,306174,0
2000-10-03,8.6752,8.8907,8.6752,8.8368,244579,0
2000-10-04,8.6752,9.2045,8.6752,8.8368,293343,0
2000-10-05,8.783,9.0967,8.7292,8.8368,204635,0
2000-10-06,8.8907,8.8907,8.6752,8.7292,102984,0
2000-10-09,8.7292,8.9891,8.6752,8.8368,149403,0
2000-10-10,8.8907,8.8907,8.4695,8.5231,205194,0
2000-10-11,8.5231,8.7292,8.308,8.4695,231417,0
2000-10-12,8.3617,8.5411,8.3617,8.4695,238556,0
2000-10-13,8.4153,8.6752,8.308,8.6752,296245,0
2000-10-16,8.4695,8.6752,8.4695,8.5678,201177,0
2000-10-17,8.4695,8.5678,8.2543,8.4153,199168,0
2000-10-18,8.2006,8.5231,7.9945,8.2006,265110,0
2000-10-19,8.2543,8.8368,8.2006,8.5231,297025,0
2000-10-20,8.4153,8.5678,8.102,8.2006,227177,0
2000-10-23,8.2006,8.3617,8.0481,8.2006,242351,0
2000-10-24,8.308,8.5678,8.102,8.2543,270132,0
2000-10-25,8.2543,8.5231,8.2543,8.4153,143158,0
2000-10-26,8.3617,8.4153,8.0481,8.308,286314,0
2000-10-27,8.2006,8.308,8.102,8.308,123632,0
2000-10-30,8.308,9.0967,8.147,8.9891,257635,0
2000-10-31,8.8907,9.2045,8.8368,9.2045,521298,0
2000-11-01,9.1501,9.2045,8.9891,9.2045,266005,0
2000-11-02,9.2045,9.2045,8.8907,9.0428,435940,0
2000-11-03,8.9353,8.9891,8.4695,8.6217,297917,0
2000-11-06,8.7292,8.7292,8.2543,8.4153,497642,0
2000-11-07,8.5231,8.5231,8.308,8.3617,281068,0
2000-11-08,8.3617,8.3617,8.102,8.2006,354709,0
2000-11-09,7.9945,8.2006,7.7792,7.9406,642698,0
2000-11-10,7.9406,7.9945,7.7792,7.8329,233204,0
2000-11-13,7.8329,7.9945,7.7345,7.8867,335297,0
2000-11-14,7.9945,8.102,7.8329,7.9945,400793,0
2000-11-15,7.8867,7.9945,7.7792,7.9406,457809,0
2000-11-16,7.9406,7.9945,7.7345,7.7792,372675,0
2000-11-17,7.8329,7.9945,7.7792,7.9406,241908,0
2000-11-20,7.9945,8.0481,7.8329,7.8867,450446,0
2000-11-21,7.9945,8.0481,7.9406,8.0481,366092,0
2000-11-22,8.0481,8.0481,7.8329,7.8867,431143,0
2000-11-24,7.8867,8.147,7.8867,7.9406,183103,0
2000-11-27,8.102,8.147,7.7792,7.7792,396107,0
2000-11-28,7.869,8.0303,7.815,7.869,230076,0
2000-11-29,7.869,8.0303,7.869,8.0303,229521,0
2000-11-30,8.0303,8.0836,7.815,7.869,457588,0
2000-12-01,7.9226,8.1378,7.869,8.0836,220595,0
2000-12-04,8.1378,8.2453,8.1378,8.1912,259197,0
2000-12-05,8.3527,8.4068,8.0836,8.4068,353930,0
2000-12-06,8.4068,8.4605,8.0303,8.0303,135680,0
2000-12-07,8.0836,8.1378,7.9226,7.9226,230189,0
2000-12-08,7.9764,8.1378,7.9764,8.1378,241679,0
2000-12-11,8.1378,8.2453,8.0836,8.0836,230746,0
2000-12-12,8.1378,8.2453,8.0836,8.1378,294683,0
2000-12-13,8.1378,8.1912,7.869,7.9226,328935,0
2000-12-14,7.9764,7.9764,7.815,7.9226,285529,0
2000-12-15,7.9226,7.9764,7.815,7.869,380488,0
2000-12-18,7.869,8.0303,7.869,7.9764,297248,0
2000-12-19,8.0303,8.1378,7.9764,8.0836,382160,0
2000-12-20,7.9764,8.0303,7.869,7.9226,397336,0
2000-12-21,7.9226,8.1912,7.9226,8.1912,460936,0
2000-12-22,8.2453,9.1501,8.1378,8.9891,607325,0
2000-12-26,9.0967,9.0967,8.8815,9.0428,334627,0
2000-12-27,8.9891,9.2588,8.9353,9.2045,446316,0
2000-12-28,9.0967,9.2045,8.8815,9.2045,527547,0
2000-12-29,9.1501,9.2588,9.0428,9.0428,316326,0
2001-01-02,9.1501,9.842,9.1501,9.519,381377,0
2001-01-03,9.571,10.164,9.519,10.164,481243,0
2001-01-04,10.002,10.368,10.002,10.368,308741,0
2001-01-05,10.164,10.368,10.002,10.109,249490,0
2001-01-08,10.164,10.164,9.787,10.109,205305,0
2001-01-09,10.002,10.109,9.734,10.055,254512,0
2001-01-10,9.947,10.055,9.625,10.002,354935,0
2001-01-11,10.109,10.164,9.842,10.055,406706,0
2001-01-12,10.002,10.421,10.002,10.316,268235,0
2001-01-16,10.639,11.167,10.585,10.959,687549,0
2001-01-17,10.854,11.383,10.854,11.328,488717,0
2001-01-18,11.328,11.598,11.328,11.436,499984,0
2001-01-19,11.328,11.328,10.798,10.959,310973,0
2001-01-22,10.959,11.49,10.854,11.49,299145,0
2001-01-23,11.49,11.49,11.059,11.167,289101,0
2001-01-24,11.059,11.112,10.91,11.059,291778,0
2001-01-25,11.059,11.167,10.69,11.015,225390,0
2001-01-26,11.112,11.112,10.69,10.854,202740,0
2001-01-29,10.639,11.401,10.639,11.239,337750,0
2001-01-30,11.059,11.059,10.639,11.005,528660,0
2001-01-31,11.086,11.266,10.901,11.176,279060,0
2001-02-01,11.257,11.373,10.934,11.231,224833,0
2001-02-02,11.276,11.419,11.231,11.373,258864,0
2001-02-05,11.149,11.427,11.095,11.336,186562,0
2001-02-06,11.345,11.48,11.283,11.401,224277,0
2001-02-07,11.401,11.704,11.392,11.463,199168,0
2001-02-08,11.445,11.56,11.364,11.517,245700,0
2001-02-09,11.658,11.812,10.639,10.951,527547,0
2001-02-12,10.951,11.131,10.639,11.05,431699,0
2001-02-13,10.968,11.059,10.657,10.726,296799,0
2001-02-14,10.648,10.943,10.595,10.91,322576,0
2001-02-15,10.91,11.231,10.883,11.231,261874,0
2001-02-16,11.195,11.195,10.604,10.762,317554,0
2001-02-20,10.762,11.266,10.762,11.213,226063,0
2001-02-21,11.29,11.29,10.726,10.977,191917,0
2001-02-22,10.977,11.032,10.817,10.91,217691,0
2001-02-23,10.996,11.741,10.977,11.633,552541,0
2001-02-26,11.617,11.874,11.499,11.741,271028,0
2001-02-27,11.821,12,11.723,11.732,345115,0
2001-02-28,11.65,11.658,11.318,11.373,234316,0
2001-03-01,11.392,11.499,11.283,11.48,158553,0
2001-03-02,11.392,11.588,11.222,11.57,214456,0
2001-03-05,11.579,11.83,11.579,11.793,177300,0
2001-03-06,11.751,11.785,11.411,11.49,322576,0
2001-03-07,11.499,11.865,11.499,11.83,404142,0
2001-03-08,11.912,12.081,11.741,11.973,296690,0
2001-03-09,12.017,12.091,11.821,11.956,246255,0
2001-03-12,11.956,12.215,11.956,12.017,265337,0
2001-03-13,12.017,12.119,12.017,12.1,540488,0
2001-03-14,11.965,12.009,11.588,11.723,337080,0
2001-03-15,11.723,11.751,11.499,11.57,184553,0
2001-03-16,11.411,11.617,10.996,11.617,435047,0
2001-03-19,11.526,11.658,11.328,11.658,174513,0
2001-03-20,11.57,11.57,11.112,11.131,197269,0
2001-03-21,10.927,11.104,10.585,10.699,300931,0
2001-03-22,10.298,10.421,9.778,10.352,384169,0
2001-03-23,10.352,10.504,10.209,10.467,266789,0
2001-03-26,10.55,10.55,10.298,10.298,377138,0
2001-03-27,10.377,10.504,10.119,10.298,576755,0
2001-03-28,10.298,10.486,10.164,10.19,182432,0
2001-03-29,10.091,10.298,10.02,10.281,130771,0
2001-03-30,10.254,10.254,9.734,9.734,289217,0
2001-04-02,10.082,10.901,9.993,10.352,384277,0
2001-04-03,10.439,10.439,9.868,9.939,141258,0
2001-04-04,9.787,10.119,9.787,9.859,260984,0
2001-04-05,10.209,10.209,9.661,9.768,270915,0
2001-04-06,9.688,9.734,9.2671,9.4819,435718,0
2001-04-09,9.0516,9.759,9.0516,9.734,386399,0
2001-04-10,9.698,9.859,9.571,9.842,304836,0
2001-04-11,9.842,9.859,9.3383,9.562,326927,0
2001-04-12,9.571,9.688,9.3739,9.562,145833,0
2001-04-16,9.562,9.707,9.4371,9.589,274708,0
2001-04-17,9.562,9.814,9.4371,9.716,148400,0
2001-04-18,9.606,10.467,9.606,10.19,244249,0
2001-04-19,10.281,10.55,10.091,10.43,213230,0
2001-04-20,10.217,10.343,10.038,10.154,156436,0
2001-04-23,10.298,10.307,10.055,10.2,160898,0
2001-04-24,10.289,10.421,10.127,10.377,175849,0
2001-04-25,10.298,10.334,9.947,9.993,188792,0
2001-04-26,9.947,10.467,9.903,10.19,168261,0
2001-04-27,10.1,10.476,10.082,10.377,146615,0
2001-04-30,10.377,10.532,10.19,10.326,194151,0
2001-05-01,10.307,10.639,10.209,10.334,249827,0
2001-05-02,10.254,10.504,10.209,10.421,202740,0
2001-05-03,10.467,10.467,10.082,10.136,143603,0
2001-05-04,10.136,10.504,9.993,10.421,144385,0
2001-05-07,10.467,10.504,10.298,10.36,103433,0
2001-05-08,10.298,10.377,10.109,10.217,137131,0
2001-05-09,10.164,10.236,10.082,10.119,163798,0
2001-05-10,10.1,10.273,9.974,10.02,147840,0
2001-05-11,10.119,10.154,9.929,9.929,117940,0
2001-05-14,9.947,10.164,9.947,10.1,120283,0
2001-05-15,10.038,10.273,10.011,10.119,119390,0
2001-05-16,10.119,10.377,10.109,10.244,378029,0
2001-05-17,10.244,10.395,10.154,10.164,442969,0
2001-05-18,10.119,10.19,10.002,10.145,249714,0
2001-05-21,10.298,10.467,10.209,10.298,364641,0
2001-05-22,10.504,10.987,10.386,10.63,1245225,0
2001-05-23,11.104,11.463,11.05,11.239,722365,0
2001-05-24,11.427,11.526,11.149,11.499,485482,0
2001-05-25,11.533,11.625,11.411,11.445,295572,0
2001-05-29,11.607,11.713,11.453,11.499,240565,0
2001-05-30,11.588,11.625,11.345,11.373,164801,0
2001-05-31,11.328,11.57,11.328,11.373,189464,0
2001-06-01,11.283,11.57,11.239,11.471,164247,0
2001-06-04,11.471,11.667,11.471,11.633,142934,0
2001-06-05,11.551,11.884,11.551,11.778,267340,0
2001-06-06,11.685,11.803,11.667,11.667,121622,0
2001-06-07,11.625,11.658,11.345,11.411,159892,0
2001-06-08,11.328,11.336,10.892,11.328,292674,0
2001-06-11,11.283,11.588,11.257,11.56,164801,0
2001-06-12,11.588,11.65,11.499,11.56,162016,0
2001-06-13,11.56,11.76,11.543,11.667,125750,0
2001-06-14,11.667,11.76,11.526,11.667,209549,0
2001-06-15,11.76,11.803,11.499,11.685,282966,0
2001-06-18,11.607,11.785,11.508,11.579,173843,0
2001-06-19,11.517,11.921,11.499,11.543,215015,0
2001-06-20,11.56,11.874,11.56,11.769,236883,0
2001-06-21,11.769,12.009,11.751,11.956,196715,0
2001-06-22,12.045,12.054,11.625,11.633,92055,0
2001-06-25,11.517,11.76,11.364,11.445,265559,0
2001-06-26,11.276,11.821,11.276,11.769,253617,0
2001-06-27,11.93,12,11.803,11.893,131997,0
2001-06-28,11.884,12.063,11.865,11.921,160565,0
2001-06-29,12.009,12.28,11.884,12.28,454572,0
2001-07-02,12.28,12.538,11.902,12.52,334627,0
2001-07-03,12.529,12.529,12.28,12.431,88703,0
2001-07-05,12.403,12.492,12.28,12.359,188792,0
2001-07-06,12.448,12.448,12.063,12.091,102095,0
2001-07-09,11.884,12.261,11.884,12.179,146170,0
2001-07-10,12.144,12.394,12.119,12.188,243134,0
2001-07-11,12.188,12.431,12.109,12.234,209549,0
2001-07-12,12.28,12.431,12.119,12.403,288321,0
2001-07-13,12.385,12.483,12.34,12.403,123071,0
2001-07-16,12.403,12.538,12.403,12.529,163684,0
2001-07-17,12.538,13.094,12.492,13.057,393205,0
2001-07-18,12.969,13.057,12.88,12.961,255181,0
2001-07-19,13.111,13.301,12.752,13.301,368323,0
2001-07-20,13.301,13.918,13.247,13.839,697816,0
2001-07-23,13.918,14.135,13.623,13.704,558341,0
2001-07-24,13.704,13.704,12.924,12.987,572402,0
2001-07-25,12.977,13.452,12.977,13.452,338199,0
2001-07-26,13.452,13.785,13.362,13.748,417417,0
2001-07-27,13.748,13.794,13.623,13.657,425898,0
2001-07-30,13.748,13.998,13.73,13.972,256521,0
2001-07-31,13.972,14.311,13.83,14.025,253173,0
2001-08-01,14.025,14.788,14.007,14.545,620045,0
2001-08-02,14.67,14.779,14.311,14.439,507462,0
2001-08-03,14.439,14.698,14.32,14.606,350026,0
2001-08-06,14.563,14.653,14.528,14.589,401238,0
2001-08-07,14.598,14.689,14.457,14.606,234205,0
2001-08-08,14.653,14.653,14.439,14.528,556447,0
2001-08-09,14.528,14.572,14.181,14.411,307178,0
2001-08-10,14.266,14.43,14.016,14.275,351142,0
2001-08-13,14.311,14.486,14.06,14.394,476219,0
2001-08-14,14.311,14.385,14.266,14.347,674721,0
2001-08-15,14.329,14.653,14.329,14.486,697372,0
2001-08-16,14.394,14.545,14.357,14.528,177748,0
2001-08-17,14.504,14.545,14.347,14.467,480016,0
2001-08-20,14.486,14.598,14.457,14.537,341990,0
2001-08-21,14.528,14.598,14.486,14.537,445758,0
2001-08-22,14.528,14.744,14.486,14.726,284305,0
2001-08-23,14.726,14.913,14.572,14.744,271918,0
2001-08-24,14.744,14.788,14.606,14.77,195038,0
2001-08-27,14.698,14.913,14.67,14.762,178747,0
2001-08-28,14.842,14.994,14.698,14.959,210438,0
2001-08-29,14.788,15.002,14.439,14.537,339980,0
2001-08-30,14.411,14.876,14.181,14.448,206532,0
2001-08-31,14.375,14.77,14.375,14.504,135680,0
2001-09-04,14.504,15.163,14.504,14.94,262212,0
2001-09-05,14.894,14.894,14.58,14.779,236436,0
2001-09-06,14.834,14.876,14.513,14.58,278278,0
2001-09-07,14.366,14.366,13.953,13.953,396443,0
2001-09-10,13.722,13.909,13.489,13.489,516611,0
2001-09-17,12.833,12.88,11.83,12.584,548858,0
2001-09-18,12.492,13.344,12.359,13.048,399900,0
2001-09-19,13.076,13.174,12.315,12.394,359844,0
2001-09-20,12.315,12.315,11.704,11.704,396774,0
2001-09-21,11.266,11.741,11.041,11.141,448326,0
2001-09-24,11.401,12.529,11.401,12.403,385505,0
2001-09-25,12.349,12.359,11.884,12.081,238334,0
2001-09-26,12.081,12.081,11.309,11.309,294234,0
2001-09-27,11.309,11.617,11.122,11.266,550867,0
2001-09-28,11.276,12.422,11.276,12.385,473321,0
2001-10-01,12.349,12.349,11.526,12.242,227396,0
2001-10-02,12.27,12.27,11.741,11.874,247818,0
2001-10-03,11.617,11.741,11.266,11.266,764206,0
2001-10-04,11.309,11.309,11.095,11.299,621052,0
2001-10-05,11.309,11.309,11.176,11.309,373792,0
2001-10-08,11.309,11.309,10.873,11.095,185223,0
2001-10-09,11.176,11.176,10.892,11.059,172502,0
2001-10-10,11.149,11.658,11.095,11.57,209655,0
2001-10-11,11.658,12.063,11.617,11.991,172502,0
2001-10-12,12.119,12.119,11.401,11.956,186785,0
2001-10-15,11.865,11.956,11.463,11.793,128203,0
2001-10-16,11.741,11.812,11.309,11.741,174513,0
2001-10-17,11.741,11.751,11.309,11.328,253173,0
2001-10-18,11.328,11.401,11.141,11.401,235320,0
2001-10-19,11.222,11.266,10.918,11.222,184441,0
2001-10-22,11.005,11.445,11.005,11.364,180536,0
2001-10-23,11.364,11.677,11.276,11.533,147396,0
2001-10-24,11.57,11.617,11.309,11.336,196492,0
2001-10-25,11.141,11.667,11.141,11.579,112360,0
2001-10-26,11.526,11.741,11.445,11.704,139473,0
2001-10-29,11.658,11.741,11.526,11.617,231525,0
2001-10-30,11.551,11.588,11.309,11.355,194369,0
2001-10-31,11.355,11.704,11.257,11.49,200287,0
2001-11-01,11.48,11.973,11.48,11.921,190019,0
2001-11-02,11.921,12.34,11.874,12.091,204635,0
2001-11-05,12.091,12.349,11.991,12.045,120729,0
2001-11-06,11.778,12.134,11.57,12.026,236436,0
2001-11-07,12.009,12.394,12.009,12.34,128985,0
2001-11-08,12.206,12.529,12.152,12.16,178975,0
2001-11-09,12.072,12.188,11.921,12.045,78553,0
2001-11-12,11.83,12.119,11.617,11.947,96963,0
2001-11-13,11.856,12.179,11.543,11.658,403250,0
2001-11-14,11.704,12.349,11.704,12.252,154762,0
2001-11-15,12.252,13.094,12.252,13.094,415298,0
2001-11-16,13.005,13.301,12.788,13.048,517842,0
2001-11-19,13.094,13.138,12.88,12.897,181205,0
2001-11-20,12.977,12.996,12.743,12.807,121402,0
2001-11-21,13.005,13.005,12.566,12.575,80673,0
2001-11-23,12.483,13.076,12.483,12.951,94393,0
2001-11-26,12.961,13.182,12.824,13.138,345451,0
2001-11-27,13.182,13.182,12.76,13.005,171609,0
2001-11-28,13.076,13.174,12.833,13.04,142934,0
2001-11-29,12.951,13.228,12.889,13.228,155875,0
2001-11-30,13.228,13.354,12.897,12.897,193813,0
2001-12-03,12.833,13.005,12.62,12.637,203520,0
2001-12-04,12.833,12.88,12.556,12.655,236436,0
2001-12-05,12.655,13.354,12.637,13.228,194815,0
2001-12-06,13.264,13.55,13.247,13.444,163684,0
2001-12-07,13.489,13.704,13.237,13.452,193927,0
2001-12-10,13.657,13.802,13.399,13.399,225612,0
2001-12-11,13.354,13.399,13.138,13.228,111245,0
2001-12-12,13.228,13.354,13.21,13.255,283746,0
2001-12-13,13.255,13.569,13.048,13.48,251053,0
2001-12-14,13.39,14.467,13.31,13.83,314543,0
2001-12-17,13.657,14.181,13.657,13.909,207650,0
2001-12-18,13.83,14.051,13.748,13.82,237218,0
2001-12-19,13.83,13.998,13.559,13.632,159223,0
2001-12-20,13.73,13.874,13.452,13.83,204299,0
2001-12-21,13.632,14.098,13.632,13.981,463165,0
2001-12-24,13.874,14.135,13.874,13.972,127090,0
2001-12-26,13.936,14.249,13.936,14.198,164022,0
2001-12-27,14.07,14.283,14.051,14.232,176965,0
2001-12-28,14.232,14.329,14.06,14.117,120729,0
2001-12-31,14.117,14.135,13.839,13.882,234205,0
