Date,Open,High,Low,Close,Volume,OpenInt
1995-01-03,3.0258,3.0791,3.0015,3.0744,1499828,0
1995-01-04,3.0744,3.1231,3.0744,3.1035,850232,0
1995-01-05,3.1182,3.1619,3.1035,3.1473,965348,0
1995-01-06,3.1473,3.2057,3.1424,3.2057,888055,0
1995-01-09,3.2057,3.2204,3.2009,3.2009,338777,0
1995-01-10,3.2057,3.2204,3.1866,3.1866,434159,0
1995-01-11,3.2009,3.2009,3.1231,3.1473,618351,0
1995-01-12,3.1328,3.1962,3.1328,3.1816,411136,0
1995-01-13,3.1962,3.2592,3.1962,3.2496,476919,0
1995-01-16,3.269,3.269,3.2057,3.2397,483496,0
1995-01-17,3.2299,3.2397,3.1816,3.2009,846945,0
1995-01-18,3.2397,3.2447,3.2057,3.2397,695643,0
1995-01-19,3.2397,3.2496,3.2157,3.2299,703866,0
1995-01-20,3.2299,3.2836,3.2057,3.269,703866,0
1995-01-23,3.2836,3.3614,3.269,3.2981,425115,0
1995-01-24,3.2981,3.2981,3.2204,3.2397,323157,0
1995-01-25,3.2057,3.2981,3.1816,3.2496,798425,0
1995-01-26,3.269,3.3421,3.1962,3.1962,204747,0
1995-01-27,3.2204,3.2397,3.1962,3.2204,279574,0
1995-01-30,3.2057,3.2204,3.1035,3.1035,230236,0
1995-01-31,3.0744,3.0744,2.9234,2.982,1300837,0
1995-02-01,3.0161,3.0258,2.909,2.9234,1505583,0
1995-02-02,2.9529,3.0161,2.9382,3.0161,1419246,0
1995-02-03,3.0404,3.1473,3.0404,3.0599,850232,0
1995-02-06,3.0889,3.1182,3.0599,3.1182,155409,0
1995-02-07,3.0404,3.2057,3.0404,3.1619,772114,0
1995-02-08,3.1328,3.1619,3.1182,3.1328,707979,0
1995-02-09,3.1619,3.1962,3.1328,3.1816,308353,0
1995-02-10,3.1473,3.1816,3.1328,3.1816,468698,0
1995-02-13,3.1619,3.269,3.1473,3.2496,759779,0
1995-02-14,3.2397,3.2981,3.2057,3.2981,640550,0
1995-02-15,3.269,3.3712,3.2496,3.3421,696464,0
1995-02-16,3.3126,3.3856,3.2981,3.3856,690709,0
1995-02-17,3.3614,3.4198,3.3421,3.3614,699755,0
1995-02-21,3.3614,3.3856,3.3273,3.3712,587104,0
1995-02-22,3.3856,3.4781,3.3614,3.4781,311642,0
1995-02-23,3.4781,3.5655,3.4781,3.5222,883944,0
1995-02-24,3.4927,3.5655,3.4781,3.5509,365908,0
1995-02-27,3.5413,3.5413,3.4636,3.4927,813229,0
1995-02-28,3.4927,3.5413,3.4927,3.5413,705511,0
1995-03-01,3.5413,3.5853,3.5074,3.5222,298487,0
1995-03-02,3.5074,3.5222,3.4636,3.5222,587926,0
1995-03-03,3.5222,3.5413,3.4636,3.5413,295196,0
1995-03-06,3.5413,3.5413,3.4927,3.4927,153766,0
1995-03-07,3.5074,3.5222,3.4781,3.4927,164453,0
1995-03-08,3.4927,3.5074,3.4636,3.4781,208858,0
1995-03-09,3.5074,3.5074,3.4781,3.4781,259016,0
1995-03-10,3.4927,3.5074,3.4297,3.4491,259016,0
1995-03-13,3.4198,3.4491,3.4053,3.4198,254904,0
1995-03-14,3.4198,3.4297,3.4053,3.4053,370023,0
1995-03-15,3.4053,3.4053,3.3273,3.3614,333843,0
1995-03-16,3.3614,3.3712,3.2496,3.3126,873254,0
1995-03-17,3.3126,3.4053,3.3126,3.4053,429226,0
1995-03-20,3.3856,3.4636,3.3856,3.3856,357687,0
1995-03-21,3.4053,3.4491,3.3759,3.4053,352754,0
1995-03-22,3.4198,3.4198,3.3905,3.3905,781982,0
1995-03-23,3.3759,3.4053,3.3614,3.3905,415249,0
1995-03-24,3.3905,3.4491,3.3614,3.4491,1646191,0
1995-03-27,3.4491,3.4636,3.4491,3.4491,379070,0
1995-03-28,3.4491,3.483,3.4346,3.483,570660,0
1995-03-29,3.4636,3.5271,3.4636,3.4927,342887,0
1995-03-30,3.5074,3.5074,3.4636,3.483,233527,0
1995-03-31,3.4636,3.4927,3.4346,3.4346,513923,0
1995-04-03,3.3273,3.4198,3.3273,3.3614,848586,0
1995-04-04,3.3614,3.3614,3.3028,3.3028,508164,0
1995-04-05,3.3273,3.3614,3.3028,3.3614,237637,0
1995-04-06,3.3614,3.3614,3.3176,3.3176,364268,0
1995-04-07,3.3176,3.3273,3.2836,3.3176,496654,0
1995-04-10,3.3273,3.3905,3.3028,3.3905,630682,0
1995-04-11,3.3759,3.4636,3.3759,3.4491,342887,0
1995-04-12,3.4491,3.4636,3.4198,3.4346,934925,0
1995-04-13,3.4198,3.483,3.4198,3.4346,574770,0
1995-04-17,3.4346,3.4491,3.3273,3.3273,233527,0
1995-04-18,3.3614,3.3614,3.2107,3.2397,693178,0
1995-04-19,3.2543,3.2543,3.1619,3.1962,1007285,0
1995-04-20,3.2397,3.2543,3.2251,3.2397,520501,0
1995-04-21,3.269,3.3273,3.269,3.3176,1305772,0
1995-04-24,3.3028,3.3614,3.3028,3.3273,862566,0
1995-04-25,3.3273,3.3759,3.3273,3.3614,490896,0
1995-04-26,3.3759,3.4053,3.3759,3.3905,1469402,0
1995-04-27,3.4198,3.483,3.4198,3.4636,499943,0
1995-04-28,3.4636,3.5705,3.4491,3.5705,647126,0
1995-05-01,3.5271,3.6144,3.5271,3.5853,890522,0
1995-05-02,3.5558,3.6484,3.5558,3.6289,212968,0
1995-05-03,3.6484,3.736,3.6484,3.6872,580526,0
1995-05-04,3.6632,3.7215,3.6484,3.6729,536944,0
1995-05-05,3.6484,3.6632,3.6144,3.6289,402094,0
1995-05-08,3.6289,3.6872,3.5705,3.6484,473631,0
1995-05-09,3.6632,3.6872,3.6289,3.6484,191588,0
1995-05-10,3.6144,3.6289,3.5705,3.6,268883,0
1995-05-11,3.6,3.6289,3.5853,3.6144,356043,0
1995-05-12,3.5853,3.6144,3.5705,3.5705,207212,0
1995-05-15,3.5558,3.6484,3.5558,3.6289,269706,0
1995-05-16,3.6632,3.6872,3.6,3.6289,193233,0
1995-05-17,3.6632,3.6729,3.6289,3.6289,83049,0
1995-05-18,3.6484,3.6632,3.6144,3.6144,421002,0
1995-05-19,3.5853,3.5853,3.5271,3.5413,337952,0
1995-05-22,3.5074,3.5853,3.5074,3.5705,260659,0
1995-05-23,3.5853,3.6289,3.5853,3.6289,441560,0
1995-05-24,3.6484,3.6484,3.6,3.6,818985,0
1995-05-25,3.6,3.6289,3.5853,3.6289,197346,0
1995-05-26,3.6289,3.6484,3.5271,3.5271,131565,0
1995-05-30,3.5413,3.6,3.483,3.5705,467051,0
1995-05-31,3.5853,3.6289,3.5705,3.6289,367556,0
1995-06-01,3.6289,3.7506,3.6289,3.6729,897921,0
1995-06-02,3.6484,3.7068,3.6484,3.7068,165281,0
1995-06-05,3.7068,3.736,3.6872,3.736,342887,0
1995-06-06,3.7215,3.7799,3.7215,3.7799,351110,0
1995-06-07,3.7799,3.7799,3.7215,3.7506,300130,0
1995-06-08,3.7215,3.7799,3.7215,3.7799,177612,0
1995-06-09,3.8089,3.8283,3.7652,3.7652,367556,0
1995-06-12,3.7652,3.8283,3.7652,3.8089,495832,0
1995-06-13,3.8283,3.8382,3.7799,3.7799,432517,0
1995-06-14,3.7799,3.8089,3.736,3.8089,191588,0
1995-06-15,3.7943,3.7943,3.736,3.7799,267241,0
1995-06-16,3.8089,3.8089,3.7799,3.7943,161987,0
1995-06-19,3.7799,3.8041,3.7068,3.736,500763,0
1995-06-20,3.736,3.736,3.6632,3.6729,1146250,0
1995-06-21,3.6729,3.7943,3.6729,3.7652,360976,0
1995-06-22,3.7506,3.8089,3.7506,3.7799,203102,0
1995-06-23,3.736,3.8089,3.736,3.8089,136498,0
1995-06-26,3.8089,3.8283,3.7506,3.7652,174321,0
1995-06-27,3.7799,3.7799,3.6872,3.6872,68251,0
1995-06-28,3.6778,3.7068,3.6632,3.6922,154586,0
1995-06-29,3.6922,3.6922,3.6336,3.6632,173501,0
1995-06-30,3.6922,3.7068,3.6336,3.6632,599436,0
1995-07-03,3.6922,3.7263,3.6922,3.7068,94562,0
1995-07-05,3.7068,3.7263,3.6922,3.6922,342067,0
1995-07-06,3.7068,3.7263,3.6484,3.6778,260659,0
1995-07-07,3.6778,3.7068,3.6632,3.6922,1309882,0
1995-07-10,3.7068,3.7845,3.7068,3.7506,337952,0
1995-07-11,3.7506,3.8138,3.7506,3.7845,289439,0
1995-07-12,3.7506,3.7845,3.7506,3.7701,677554,0
1995-07-13,3.7701,3.7845,3.736,3.7701,925059,0
1995-07-14,3.7506,3.7701,3.7068,3.7263,456359,0
1995-07-17,3.7506,3.916,3.7506,3.9064,931636,0
1995-07-18,3.9354,3.9354,3.8283,3.8722,542698,0
1995-07-19,3.8722,3.9064,3.7506,3.7845,284507,0
1995-07-20,3.8138,3.8138,3.6336,3.6632,252437,0
1995-07-21,3.6778,3.736,3.6778,3.7068,462118,0
1995-07-24,3.6632,3.7068,3.6632,3.6922,518855,0
1995-07-25,3.7068,3.736,3.7068,3.7263,231062,0
1995-07-26,3.7506,3.9501,3.7506,3.8868,884766,0
1995-07-27,3.9792,3.9792,3.9064,3.916,631508,0
1995-07-28,3.9064,3.9064,3.8138,3.8576,284507,0
1995-07-31,3.8576,3.8576,3.7701,3.8429,561613,0
1995-08-01,3.8576,3.8868,3.8138,3.8868,285329,0
1995-08-02,3.9064,3.9599,3.8868,3.8868,236815,0
1995-08-03,3.8722,3.9354,3.8576,3.8576,125804,0
1995-08-04,3.8429,3.9064,3.8283,3.8429,189123,0
1995-08-07,3.8138,3.8138,3.7701,3.7943,154586,0
1995-08-08,3.8138,3.8576,3.7845,3.7845,195701,0
1995-08-09,3.7845,3.8283,3.7701,3.8138,820630,0
1995-08-10,3.8429,3.8868,3.8429,3.8576,610127,0
1995-08-11,3.8868,3.9064,3.8283,3.8283,425937,0
1995-08-14,3.8429,3.8868,3.8429,3.8576,172679,0
1995-08-15,3.8283,3.8576,3.7943,3.8429,208858,0
1995-08-16,3.7506,3.8429,3.7506,3.7943,282040,0
1995-08-17,3.8138,3.8429,3.7845,3.8283,172679,0
1995-08-18,3.8283,3.8429,3.8138,3.8283,108540,0
1995-08-21,3.8576,3.9599,3.8576,3.9064,478563,0
1995-08-22,3.9064,3.9792,3.9064,3.9792,291907,0
1995-08-23,3.9501,4.0083,3.916,3.9501,283686,0
1995-08-24,3.9501,3.9937,3.9501,3.9937,184189,0
1995-08-25,3.9792,4.0375,3.9792,3.9792,182544,0
1995-08-28,3.9937,4.0083,3.9064,3.9354,384824,0
1995-08-29,3.9501,3.9501,3.9064,3.9354,71537,0
1995-08-30,3.916,3.9501,3.9064,3.9064,166920,0
1995-08-31,3.9354,3.9599,3.9257,3.9599,99496,0
1995-09-01,3.9792,4.0813,3.9792,3.9937,380717,0
1995-09-05,3.9599,4.0521,3.9599,4.023,129921,0
1995-09-06,4.023,4.1008,3.9792,4.0666,185015,0
1995-09-07,4.0521,4.0813,4.0375,4.0521,232702,0
1995-09-08,4.023,4.023,3.9792,3.9792,355222,0
1995-09-11,3.9501,3.9937,3.9501,3.9937,79762,0
1995-09-12,3.9937,3.9937,3.9501,3.9599,339600,0
1995-09-13,3.9354,3.9599,3.916,3.9501,143073,0
1995-09-14,3.9599,4.023,3.9599,3.9937,203923,0
1995-09-15,4.023,4.1252,4.0083,4.1252,607659,0
1995-09-18,4.1153,4.1153,4.0521,4.0666,342067,0
1995-09-19,4.0521,4.0666,4.0083,4.0083,900390,0
1995-09-20,4.0083,4.0521,4.0083,4.0375,249149,0
1995-09-21,4.023,4.0521,4.023,4.0375,160346,0
1995-09-22,4.023,4.0375,3.9937,4.0083,74827,0
1995-09-25,3.9792,4.0083,3.9501,3.9937,204747,0
1995-09-26,3.9937,4.0083,3.9354,3.9649,485962,0
1995-09-27,3.9792,3.9792,3.9064,3.9207,59205,0
1995-09-28,3.8478,3.8576,3.7845,3.8576,922592,0
1995-09-29,3.8722,3.9501,3.8722,3.9354,155409,0
1995-10-02,3.9937,3.9937,3.8722,3.8916,316575,0
1995-10-03,3.8576,3.8722,3.8332,3.8478,236815,0
1995-10-04,3.8332,3.8332,3.7409,3.7845,403734,0
1995-10-05,3.7701,3.8332,3.7701,3.7845,276284,0
1995-10-06,3.7992,3.7992,3.7409,3.7701,382357,0
1995-10-09,3.7554,3.7554,3.7068,3.7263,186656,0
1995-10-10,3.6922,3.7263,3.6679,3.7068,235167,0
1995-10-11,3.7068,3.7263,3.6826,3.7068,257370,0
1995-10-12,3.7263,3.7263,3.7068,3.7263,149654,0
1995-10-13,3.7263,3.7701,3.7263,3.7701,490077,0
1995-10-16,3.7409,3.8722,3.7409,3.8722,627395,0
1995-10-17,3.8722,3.9354,3.8576,3.9207,230236,0
1995-10-18,3.9207,3.9937,3.9207,3.9649,303419,0
1995-10-19,3.9649,3.9649,3.9354,3.9354,194057,0
1995-10-20,3.9501,3.9501,3.8478,3.8478,366738,0
1995-10-23,3.8138,3.8138,3.6826,3.7068,632331,0
1995-10-24,3.7263,3.7554,3.6679,3.7263,720309,0
1995-10-25,3.7263,3.7263,3.6336,3.6922,1298370,0
1995-10-26,3.7263,3.7263,3.6922,3.7068,85515,0
1995-10-27,3.6826,3.6826,3.6484,3.6679,74827,0
1995-10-30,3.6826,3.7068,3.6826,3.7068,124164,0
1995-10-31,3.6826,3.7554,3.6679,3.7263,321510,0
1995-11-01,3.7554,3.7554,3.6826,3.7409,217902,0
1995-11-02,3.7554,3.7701,3.7409,3.7701,135675,0
1995-11-03,3.7701,3.7701,3.7068,3.7409,416070,0
1995-11-06,3.7554,3.8138,3.7409,3.8138,166920,0
1995-11-07,3.8332,3.8722,3.8332,3.8722,363442,0
1995-11-08,3.8722,4.0278,3.8722,3.9354,795140,0
1995-11-09,3.9354,3.9792,3.9354,3.9501,517210,0
1995-11-10,3.9501,3.9501,3.9207,3.9354,83049,0
1995-11-13,3.9207,4.0278,3.9207,4.0083,250794,0
1995-11-14,3.9792,3.9937,3.9501,3.9501,213790,0
1995-11-15,3.9354,3.9501,3.8916,3.8916,328086,0
1995-11-16,3.9207,3.9501,3.8722,3.8916,500763,0
1995-11-17,3.9207,3.9207,3.8576,3.8916,88805,0
1995-11-20,3.9207,3.9501,3.8722,3.9064,212968,0
1995-11-21,3.9064,3.9649,3.9064,3.9064,179256,0
1995-11-22,3.9207,3.9354,3.8576,3.8576,587926,0
1995-11-24,3.8576,3.8722,3.8478,3.8576,215434,0
1995-11-27,3.8576,3.8722,3.8478,3.8722,425115,0
1995-11-28,3.8478,3.8576,3.7263,3.7263,451428,0
1995-11-29,3.7554,3.7992,3.7409,3.7992,325620,0
1995-11-30,3.7992,3.7992,3.6922,3.6922,212968,0
1995-12-01,3.6679,3.7068,3.6046,3.6826,591216,0
1995-12-04,3.6922,3.7409,3.6484,3.6826,2014572,0
1995-12-05,3.6922,3.8332,3.6922,3.7554,1515449,0
1995-12-06,3.7409,3.9792,3.7409,3.9649,1175848,0
1995-12-07,3.9354,3.9792,3.8576,3.9064,681666,0
1995-12-08,3.8916,3.9501,3.8478,3.9501,421828,0
1995-12-11,3.9501,3.9649,3.9354,3.9501,214612,0
1995-12-12,3.9501,4.0278,3.9501,4.0083,413603,0
1995-12-13,3.9792,4.0278,3.9792,4.0083,772114,0
1995-12-14,3.9792,4.057,3.9792,3.9937,537767,0
1995-12-15,3.9649,4.0083,3.8722,3.8722,809118,0
1995-12-18,3.9064,3.9064,3.7845,3.7845,269706,0
1995-12-19,3.7554,3.7554,3.6679,3.7409,774580,0
1995-12-20,3.7554,3.8478,3.7409,3.7992,392225,0
1995-12-21,3.7701,3.7992,3.7409,3.7845,365090,0
1995-12-22,3.8138,3.8138,3.7554,3.7554,141433,0
1995-12-26,3.7118,3.8187,3.7118,3.8041,663575,0
1995-12-27,3.8187,3.8187,3.7701,3.8041,110183,0
1995-12-28,3.8041,3.8332,3.7554,3.8041,272995,0
1995-12-29,3.7894,3.8187,3.7701,3.8187,217902,0
1996-01-02,3.7457,3.7554,3.697,3.7457,749089,0
1996-01-03,3.7554,3.8187,3.7554,3.8187,684953,0
1996-01-04,3.8478,3.8478,3.624,3.697,1323036,0
1996-01-05,3.7118,3.7894,3.6826,3.7263,947259,0
1996-01-08,3.7554,3.8332,3.7554,3.8187,251618,0
1996-01-09,3.8041,3.8041,3.7263,3.7554,337130,0
1996-01-10,3.7118,3.7457,3.6095,3.624,633152,0
1996-01-11,3.6336,3.6826,3.624,3.6826,615062,0
1996-01-12,3.6679,3.697,3.5902,3.6679,598617,0
1996-01-15,3.6679,3.697,3.6095,3.6095,350289,0
1996-01-16,3.6095,3.6336,3.5172,3.546,715378,0
1996-01-17,3.5607,3.6679,3.5607,3.6534,1371553,0
1996-01-18,3.6336,3.6336,3.6095,3.624,1039354,0
1996-01-19,3.624,3.6679,3.6095,3.6336,1190654,0
1996-01-22,3.6679,3.7554,3.6679,3.697,435804,0
1996-01-23,3.7457,3.8041,3.7118,3.7894,524609,0
1996-01-24,3.7554,3.8332,3.7554,3.8187,378245,0
1996-01-25,3.8187,3.8187,3.7701,3.8187,208858,0
1996-01-26,3.7894,3.9112,3.7701,3.8625,1437333,0
1996-01-29,3.8625,3.877,3.8187,3.8625,420184,0
1996-01-30,3.8625,3.8625,3.8041,3.8187,587926,0
1996-01-31,3.8187,3.877,3.7894,3.8478,596151,0
1996-02-01,3.8332,3.8625,3.8187,3.8332,351934,0
1996-02-02,3.8332,3.8625,3.8187,3.8332,541058,0
1996-02-05,3.8187,3.877,3.8187,3.8478,961240,0
1996-02-06,3.8625,3.9501,3.8332,3.9112,840362,0
1996-02-07,3.9112,4.0278,3.9112,4.0133,1116645,0
1996-02-08,4.0133,4.0763,4.0133,4.0763,523789,0
1996-02-09,4.057,4.0763,4.0423,4.0763,1204629,0
1996-02-12,4.057,4.1153,4.057,4.1057,458828,0
1996-02-13,4.1153,4.1153,4.0423,4.0423,477741,0
1996-02-14,4.057,4.0863,4.057,4.0863,607659,0
1996-02-15,4.0863,4.1932,4.0763,4.1932,582169,0
1996-02-16,4.1932,4.1932,4.0863,4.1301,476919,0
1996-02-20,4.0863,4.1057,4.0278,4.0863,286973,0
1996-02-21,4.0863,4.1498,4.0763,4.0763,645484,0
1996-02-22,4.1057,4.1641,4.0763,4.1498,539411,0
1996-02-23,4.1786,4.2367,4.1786,4.2081,1293436,0
1996-02-26,4.2081,4.2081,4.057,4.0863,785269,0
1996-02-27,4.1153,4.1498,4.057,4.1153,323157,0
1996-02-28,4.1301,4.1932,4.1153,4.1786,267241,0
1996-02-29,4.1641,4.1641,4.0863,4.0863,162813,0
1996-03-01,4.1153,4.1641,4.0863,4.1301,323977,0
1996-03-04,4.1498,4.1932,4.1301,4.1932,361801,0
1996-03-05,4.1932,4.1932,4.1641,4.1641,281219,0
1996-03-06,4.1786,4.1786,4.1498,4.1641,906146,0
1996-03-07,4.1153,4.1641,4.0278,4.1641,635617,0
1996-03-08,4.0863,4.1786,4.057,4.1301,653709,0
1996-03-11,4.1057,4.1786,4.1057,4.1641,318220,0
1996-03-12,4.1641,4.2223,4.1498,4.1786,304240,0
1996-03-13,4.1786,4.2367,4.1786,4.2223,356043,0
1996-03-14,4.2081,4.2514,4.2081,4.2367,545987,0
1996-03-15,4.2223,4.2711,4.2223,4.2711,447317,0
1996-03-18,4.2711,4.3003,4.2711,4.3003,314107,0
1996-03-19,4.3003,4.4027,4.3003,4.373,1189831,0
1996-03-20,4.3588,4.4073,4.3492,4.4073,333020,0
1996-03-21,4.373,4.4948,4.373,4.4802,351934,0
1996-03-22,4.4658,4.4658,4.4073,4.4511,488428,0
1996-03-25,4.4511,4.4802,4.4363,4.4658,234348,0
1996-03-26,4.4658,4.4802,4.4216,4.4363,272995,0
1996-03-27,4.4073,4.4073,4.3146,4.3492,594504,0
1996-03-28,4.3146,4.3588,4.3146,4.3492,470341,0
1996-03-29,4.373,4.4802,4.373,4.4511,506521,0
1996-04-01,4.373,4.4658,4.373,4.4511,490896,0
1996-04-02,4.4802,4.4802,4.3929,4.3929,311642,0
1996-04-03,4.3929,4.5145,4.3929,4.4802,466230,0
1996-04-04,4.5145,4.558,4.4802,4.558,287796,0
1996-04-08,4.5243,4.5434,4.4073,4.4363,449784,0
1996-04-09,4.4658,4.5145,4.4511,4.4658,1035241,0
1996-04-10,4.4658,4.4948,4.4363,4.4363,1259724,0
1996-04-11,4.4363,4.4363,4.3492,4.3492,418536,0
1996-04-12,4.3492,4.4511,4.3492,4.4363,242571,0
1996-04-15,4.4658,4.4802,4.4511,4.4658,735933,0
1996-04-16,4.4658,4.5243,4.4658,4.4948,436626,0
1996-04-17,4.5145,4.5434,4.4948,4.5145,675088,0
1996-04-18,4.5145,4.6311,4.5145,4.5875,513099,0
1996-04-19,4.6017,4.7961,4.6017,4.7526,1545055,0
1996-04-22,4.7676,4.7961,4.7526,4.7819,272174,0
1996-04-23,4.7819,4.8451,4.7819,4.811,415249,0
1996-04-24,4.811,4.8643,4.811,4.8307,632331,0
1996-04-25,4.8451,4.9036,4.8357,4.9036,533655,0
1996-04-26,4.8743,4.9474,4.8643,4.9036,235994,0
1996-04-29,4.9178,4.9178,4.8451,4.9036,143896,0
1996-04-30,4.9036,4.9036,4.7235,4.7381,298487,0
1996-05-01,4.7381,4.7961,4.7235,4.7381,216256,0
1996-05-02,4.6311,4.7381,4.6311,4.6895,1279456,0
1996-05-03,4.7235,4.7235,4.6649,4.6649,620818,0
1996-05-06,4.6795,4.6795,4.6311,4.6649,3303073,0
1996-05-07,4.6311,4.7381,4.6311,4.7235,811588,0
1996-05-08,4.6795,4.8307,4.6795,4.811,1175030,0
1996-05-09,4.8307,4.8743,4.7819,4.811,300953,0
1996-05-10,4.7961,4.8307,4.7961,4.811,274638,0
1996-05-13,4.7819,4.8545,4.7819,4.8545,661930,0
1996-05-14,4.8743,4.9325,4.8451,4.8843,605191,0
1996-05-15,4.8743,4.9036,4.8451,4.8545,224481,0
1996-05-16,4.8451,4.9036,4.8307,4.8843,148008,0
1996-05-17,4.8743,4.8843,4.8451,4.8743,684953,0
1996-05-20,4.8545,4.8743,4.8307,4.8307,156232,0
1996-05-21,4.8307,4.8451,4.811,4.8307,89630,0
1996-05-22,4.811,4.8451,4.811,4.8451,131565,0
1996-05-23,4.8743,4.9178,4.8743,4.9178,708801,0
1996-05-24,4.8843,4.962,4.8843,4.9325,355222,0
1996-05-28,4.962,4.962,4.9036,4.9178,154586,0
1996-05-29,4.9325,4.9764,4.9325,4.9474,1180782,0
1996-05-30,4.9764,4.996,4.9325,4.996,490077,0
1996-05-31,4.996,5.0056,4.9764,4.996,504052,0
1996-06-03,5.0056,5.0056,4.9036,4.9325,236815,0
1996-06-04,4.962,4.962,4.8843,4.9178,346999,0
1996-06-05,4.8843,4.9178,4.7961,4.8843,458007,0
1996-06-06,4.9178,4.9178,4.8307,4.8545,362623,0
1996-06-07,4.7961,4.9036,4.7819,4.9036,272174,0
1996-06-10,4.8743,4.9036,4.8451,4.9036,845298,0
1996-06-11,4.8843,4.9325,4.8743,4.9036,763892,0
1996-06-12,4.9036,4.9036,4.8743,4.8743,362623,0
1996-06-13,4.8451,4.8843,4.8307,4.8843,282862,0
1996-06-14,4.8843,4.962,4.8743,4.9474,549279,0
1996-06-17,4.9036,4.9325,4.8743,4.9178,279574,0
1996-06-18,4.8843,4.9325,4.8743,4.9325,656175,0
1996-06-19,4.9036,4.9325,4.8743,4.9325,194057,0
1996-06-20,4.9325,4.962,4.8743,4.8843,370023,0
1996-06-21,4.8545,4.8843,4.8545,4.8545,555037,0
1996-06-24,4.8843,4.9178,4.8545,4.9178,128274,0
1996-06-25,4.8594,4.9226,4.8594,4.8891,683307,0
1996-06-26,4.8594,4.9226,4.8594,4.8891,587926,0
1996-06-27,4.8891,4.9812,4.8891,4.9226,334666,0
1996-06-28,4.9325,5.2391,4.9325,5.2391,894634,0
1996-07-01,5.2101,5.2391,5.0978,5.1175,811588,0
1996-07-02,5.1175,5.1175,5.0106,5.0444,493365,0
1996-07-03,5.0444,5.0444,4.9669,5.0106,281219,0
1996-07-05,4.9812,4.9812,4.9084,4.9084,94562,0
1996-07-08,4.9226,4.9325,4.6944,4.6944,1147074,0
1996-07-09,4.7235,4.7866,4.7141,4.7866,754025,0
1996-07-10,4.7866,4.7866,4.5728,4.6161,525435,0
1996-07-11,4.5923,4.6944,4.5145,4.6017,391406,0
1996-07-12,4.636,4.6506,4.5728,4.5728,306708,0
1996-07-15,4.6017,4.6161,4.4073,4.4264,647126,0
1996-07-16,4.3637,4.4264,4.2761,4.3492,806651,0
1996-07-17,4.378,4.5145,4.378,4.4851,713734,0
1996-07-18,4.5434,4.6795,4.5291,4.5728,1101025,0
1996-07-19,4.5728,4.6161,4.5434,4.6161,717025,0
1996-07-22,4.6017,4.6506,4.6017,4.6506,695643,0
1996-07-23,4.6506,4.7141,4.636,4.636,424297,0
1996-07-24,4.6017,4.6017,4.5728,4.5728,123340,0
1996-07-25,4.563,4.6649,4.563,4.6506,185015,0
1996-07-26,4.6795,4.8451,4.6506,4.8011,393047,0
1996-07-29,4.8011,4.8011,4.6944,4.7141,640550,0
1996-07-30,4.7866,4.8307,4.7381,4.816,1972636,0
1996-07-31,4.8011,4.8011,4.8011,4.8011,837895,0
1996-08-01,4.8011,4.8307,4.7866,4.816,1441447,0
1996-08-02,4.8307,4.9523,4.816,4.9523,406202,0
1996-08-05,4.9523,4.9523,4.8891,4.9226,167744,0
1996-08-06,4.9226,4.9669,4.8891,4.9669,256550,0
1996-08-07,4.9669,4.9812,4.9523,4.9812,259838,0
1996-08-08,4.9812,4.996,4.9523,4.9523,118407,0
1996-08-09,4.9812,5.0106,4.9669,4.9669,143896,0
1996-08-12,4.9669,4.9812,4.9523,4.9669,34537,0
1996-08-13,4.9812,4.9812,4.9084,4.9669,113472,0
1996-08-14,4.9325,5.0252,4.9325,5.0252,267241,0
1996-08-15,5.0252,5.0543,4.996,5.0543,89630,0
1996-08-16,5.0543,5.1175,5.0543,5.0883,115939,0
1996-08-19,5.0883,5.0883,5.0252,5.0543,86338,0
1996-08-20,5.0543,5.132,5.0543,5.132,203102,0
1996-08-21,5.1467,5.1467,5.0978,5.0978,113472,0
1996-08-22,5.132,5.1956,5.1175,5.1611,74827,0
1996-08-23,5.1956,5.2196,5.1956,5.1956,327264,0
1996-08-26,5.1759,5.1759,5.0543,5.0543,203923,0
1996-08-27,5.0543,5.0739,5.0444,5.0444,216256,0
1996-08-28,5.0543,5.0543,4.9669,5.0444,371670,0
1996-08-29,5.0444,5.0444,4.9226,4.9669,490896,0
1996-08-30,4.9669,4.996,4.9226,4.996,86338,0
1996-09-03,4.9669,5.0106,4.9669,4.996,66602,0
1996-09-04,4.996,5.0739,4.996,5.0543,403734,0
1996-09-05,5.0739,5.0739,4.9325,4.9812,314107,0
1996-09-06,4.9812,5.0252,4.9669,5.0252,729358,0
1996-09-09,5.0252,5.0444,4.996,5.0444,117587,0
1996-09-10,5.0444,5.0444,4.996,5.0106,73182,0
1996-09-11,4.9812,4.9812,4.9325,4.9523,375780,0
1996-09-12,4.9812,5.0252,4.9669,5.0106,134032,0
1996-09-13,4.996,5.0444,4.9669,4.9669,325620,0
1996-09-16,4.9812,4.996,4.9669,4.996,134032,0
1996-09-17,4.9812,4.9812,4.9226,4.9669,265595,0
1996-09-18,4.9523,4.9523,4.8594,4.8793,459653,0
1996-09-19,4.9084,4.9325,4.8891,4.9084,175145,0
1996-09-20,4.8307,4.9669,4.8307,4.9325,2158467,0
1996-09-23,4.9084,4.9084,4.8307,4.8891,316575,0
1996-09-24,4.8891,4.8891,4.8451,4.8793,536123,0
1996-09-25,4.8643,4.8643,4.8061,4.8451,306708,0
1996-09-26,4.9084,5.0154,4.9084,4.9812,734292,0
1996-09-27,4.9812,5.132,4.9812,5.0883,550921,0
1996-09-30,5.0883,5.1028,4.9812,4.9812,391406,0
1996-10-01,5.0009,5.0009,4.9226,4.9226,560792,0
1996-10-02,4.9572,4.9572,4.8793,4.8793,487605,0
1996-10-03,4.9084,4.9374,4.816,4.9226,619993,0
1996-10-04,4.9084,4.9669,4.9084,4.9374,1036062,0
1996-10-07,4.9374,5.0009,4.9374,4.9812,377421,0
1996-10-08,4.9669,5.0009,4.9084,4.9084,360157,0
1996-10-09,4.9572,4.9572,4.8643,4.894,331376,0
1996-10-10,4.894,4.9084,4.8643,4.8793,450606,0
1996-10-11,4.8643,4.9226,4.8643,4.9226,346177,0
1996-10-14,4.9226,4.9669,4.9084,4.9572,152941,0
1996-10-15,4.9374,5.0299,4.9374,5.0154,301774,0
1996-10-16,5.0154,5.0299,4.9084,4.9084,235167,0
1996-10-17,4.9669,5.0444,4.9669,5.0299,546812,0
1996-10-18,5.0154,5.0154,4.9374,4.9669,266416,0
1996-10-21,4.9812,5.0299,4.9669,5.0009,274638,0
1996-10-22,5.0009,5.0299,5.0009,5.0154,193233,0
1996-10-23,5.0299,5.0299,4.9812,5.0009,347822,0
1996-10-24,5.0009,5.0154,5.0009,5.0009,256550,0
1996-10-25,4.9812,4.9812,4.9374,4.9812,894634,0
1996-10-28,5.0009,5.0009,4.894,4.9226,243391,0
1996-10-29,4.9374,4.9374,4.894,4.9084,360976,0
1996-10-30,4.894,4.9374,4.894,4.9374,189123,0
1996-10-31,4.9374,4.9374,4.9084,4.9226,506521,0
1996-11-01,4.894,4.9226,4.894,4.9226,427583,0
1996-11-04,4.8793,4.9226,4.816,4.8793,773758,0
1996-11-05,4.8793,4.9226,4.8793,4.9084,911079,0
1996-11-06,4.9374,5.0154,4.9374,4.9669,421828,0
1996-11-07,4.9812,5.0009,4.9669,4.9669,235167,0
1996-11-08,4.9812,5.0009,4.9374,5.0009,273817,0
1996-11-11,5.0299,5.0593,5.0299,5.0444,327264,0
1996-11-12,5.0739,5.1028,5.0739,5.0883,319043,0
1996-11-13,5.1028,5.1661,5.0883,5.1661,295196,0
1996-11-14,5.132,5.1661,5.1224,5.1515,311642,0
1996-11-15,5.1515,5.1515,5.1028,5.1224,199811,0
1996-11-18,5.1028,5.1224,5.0299,5.0444,294374,0
1996-11-19,5.0154,5.0739,5.0154,5.0593,317397,0
1996-11-20,5.0883,5.2876,5.0883,5.2876,436626,0
1996-11-21,5.254,5.2731,5.1808,5.2101,391406,0
1996-11-22,5.1956,5.2876,5.1808,5.2876,387290,0
1996-11-25,5.2731,5.4094,5.2731,5.4094,451428,0
1996-11-26,5.4385,5.4971,5.3754,5.4532,585459,0
1996-11-27,5.4385,5.4971,5.4094,5.4191,383180,0
1996-11-29,5.4191,5.4191,5.3902,5.3902,141433,0
1996-12-02,5.3902,5.3902,5.3608,5.3754,327264,0
1996-12-03,5.3754,5.5408,5.3754,5.4971,1232585,0
1996-12-04,5.463,5.463,5.3608,5.3902,465406,0
1996-12-05,5.3902,5.4191,5.3608,5.4094,319865,0
1996-12-06,5.3754,5.3754,5.2391,5.2973,364268,0
1996-12-09,5.3316,5.4191,5.3316,5.4191,337130,0
1996-12-10,5.3902,5.4971,5.3902,5.4821,286151,0
1996-12-11,5.4532,5.4821,5.3608,5.3608,383180,0
1996-12-12,5.3902,5.3902,5.2973,5.2973,326444,0
1996-12-13,5.2973,5.2973,5.1808,5.1956,244217,0
1996-12-16,5.2244,5.2876,5.2101,5.2876,194057,0
1996-12-17,5.2973,5.3608,5.2244,5.254,247505,0
1996-12-18,5.2876,5.2973,5.2391,5.2876,332200,0
1996-12-19,5.317,5.3316,5.2731,5.3316,180900,0
1996-12-20,5.4094,5.4921,5.3608,5.4821,1441447,0
1996-12-23,5.4532,5.4971,5.4385,5.4532,349464,0
1996-12-24,5.4385,5.4971,5.424,5.4971,171857,0
1996-12-26,5.5408,5.6185,5.531,5.6185,287796,0
1996-12-27,5.6185,5.6185,5.5603,5.575,261484,0
1996-12-30,5.575,5.5896,5.5603,5.5896,220371,0
1996-12-31,5.5603,5.6185,5.5603,5.6185,313283,0
1997-01-02,5.5603,5.5603,5.4971,5.5162,620818,0
1997-01-03,5.4971,5.531,5.4532,5.4678,283686,0
1997-01-06,5.4678,5.4871,5.3948,5.4385,543522,0
1997-01-07,5.424,5.5162,5.424,5.5162,593686,0
1997-01-08,5.531,5.5408,5.4971,5.5162,536123,0
1997-01-09,5.5162,5.531,5.4971,5.5162,123340,0
1997-01-10,5.4871,5.4971,5.4532,5.4678,605191,0
1997-01-13,5.4678,5.4678,5.424,5.4385,226947,0
1997-01-14,5.4532,5.5162,5.4532,5.4871,672620,0
1997-01-15,5.4678,5.4678,5.3655,5.3754,506521,0
1997-01-16,5.3655,5.4871,5.3655,5.4678,533655,0
1997-01-17,5.4678,5.4921,5.4532,5.4871,165281,0
1997-01-20,5.4871,5.4971,5.4678,5.4871,60846,0
1997-01-21,5.4678,5.4971,5.4678,5.4871,82229,0
1997-01-22,5.4971,5.6039,5.4871,5.5896,1673327,0
1997-01-23,5.6039,5.6817,5.5603,5.5603,768825,0
1997-01-24,5.5603,5.5896,5.5408,5.5603,906146,0
1997-01-27,5.5603,5.5896,5.531,5.531,638907,0
1997-01-28,5.531,5.6039,5.531,5.5603,518855,0
1997-01-29,5.5408,5.5896,5.531,5.5603,224481,0
1997-01-30,5.5603,5.7548,5.5603,5.7548,532012,0
1997-01-31,5.7255,6.0273,5.7255,6.0273,1261365,0
1997-02-03,5.9932,5.9932,5.784,5.8035,906146,0
1997-02-04,5.8278,5.8473,5.784,5.784,286973,0
1997-02-05,5.784,5.784,5.6622,5.6965,240924,0
1997-02-06,5.711,5.711,5.6527,5.6622,523789,0
1997-02-07,5.6817,5.6965,5.6185,5.6817,855987,0
1997-02-10,5.6622,5.6817,5.5896,5.6185,1004818,0
1997-02-11,5.6527,5.6527,5.5603,5.575,451428,0
1997-02-12,5.5603,5.6185,5.5603,5.5603,795140,0
1997-02-13,5.5603,5.5603,5.5162,5.5408,582995,0
1997-02-14,5.5603,5.5603,5.4971,5.5162,370023,0
1997-02-18,5.4871,5.5162,5.424,5.4532,749913,0
1997-02-19,5.424,5.4385,5.3655,5.4094,551745,0
1997-02-20,5.424,5.424,5.3655,5.3655,481853,0
1997-02-21,5.3948,5.3948,5.2731,5.2876,402094,0
1997-02-24,5.2876,5.2876,5.2441,5.2731,623285,0
1997-02-25,5.3023,5.3023,5.2731,5.3023,805829,0
1997-02-26,5.3023,5.3023,5.2004,5.2441,480208,0
1997-02-27,5.2731,5.2731,5.2101,5.2441,674266,0
1997-02-28,5.2731,5.2876,5.2101,5.2101,360157,0
1997-03-03,5.2441,5.2441,5.1661,5.1808,610946,0
1997-03-04,5.2004,5.2004,5.0009,5.0593,2511222,0
1997-03-05,5.093,5.3023,5.093,5.2731,750734,0
1997-03-06,5.2876,5.3219,5.2004,5.3023,752383,0
1997-03-07,5.2731,5.2876,5.2101,5.2244,775405,0
1997-03-10,5.2441,5.3023,5.2101,5.3023,726891,0
1997-03-11,5.3316,5.3948,5.3219,5.3655,864210,0
1997-03-12,5.3948,5.3948,5.3461,5.3655,1679906,0
1997-03-13,5.3655,5.3754,5.3023,5.3316,757317,0
1997-03-14,5.3316,5.3316,5.2587,5.2876,418536,0
1997-03-17,5.2876,5.3461,5.2441,5.3023,404559,0
1997-03-18,5.3023,5.3219,5.2731,5.2731,221190,0
1997-03-19,5.278,5.3219,5.2587,5.3219,325620,0
1997-03-20,5.3219,5.3219,5.249,5.2926,518855,0
1997-03-21,5.3219,5.3364,5.2587,5.2587,163630,0
1997-03-24,5.249,5.249,5.1858,5.2004,239283,0
1997-03-25,5.1858,5.2004,5.1369,5.1564,331376,0
1997-03-26,5.1709,5.1858,5.1564,5.1709,799247,0
1997-03-27,5.1709,5.1709,5.0642,5.093,1450492,0
1997-03-31,5.1272,5.1564,5.0204,5.0204,1045934,0
1997-04-01,5.0835,5.0835,4.8843,4.913,707155,0
1997-04-02,4.9275,4.9275,4.7043,4.7961,5334090,0
1997-04-03,4.8209,4.8545,4.7772,4.7772,2020327,0
1997-04-04,4.8061,4.913,4.7961,4.8987,1552453,0
1997-04-07,4.913,5.0347,4.8693,5.0347,857633,0
1997-04-08,5.0204,5.0493,4.991,5.0204,1022907,0
1997-04-09,5.0493,5.1272,5.0204,5.0835,918479,0
1997-04-10,5.0835,5.1126,5.0056,5.0347,1324680,0
1997-04-11,5.0056,5.0204,4.913,4.913,369204,0
1997-04-14,4.8843,4.8987,4.8693,4.8987,690709,0
1997-04-15,4.9275,4.9424,4.8403,4.9424,431692,0
1997-04-16,4.9424,5.0204,4.913,5.0204,286151,0
1997-04-17,5.0493,5.1858,5.0056,5.1126,759779,0
1997-04-18,5.1369,5.2342,5.1369,5.2342,672620,0
1997-04-21,5.2342,5.3655,5.2342,5.3655,854342,0
1997-04-22,5.3655,5.6965,5.3655,5.575,1716086,0
1997-04-23,5.5652,5.575,5.3997,5.4094,392225,0
1997-04-24,5.4094,5.5652,5.3655,5.5456,461295,0
1997-04-25,5.4871,5.4871,5.3072,5.3364,636440,0
1997-04-28,5.3219,5.3655,5.1272,5.3509,1306591,0
1997-04-29,5.3803,5.5162,5.3803,5.4725,805007,0
1997-04-30,5.4725,5.4871,5.4435,5.4435,800893,0
1997-05-01,5.424,5.4581,5.3655,5.4435,1013861,0
1997-05-02,5.4435,5.5359,5.4435,5.5162,935749,0
1997-05-05,5.5162,5.5896,5.4871,5.575,635617,0
1997-05-06,5.5896,5.5896,5.5162,5.5359,422649,0
1997-05-07,5.5359,5.575,5.4871,5.5652,744978,0
1997-05-08,5.5456,5.5896,5.5456,5.5896,1396219,0
1997-05-09,5.5896,5.6527,5.5896,5.6234,240102,0
1997-05-12,5.6527,5.6965,5.6379,5.6527,379070,0
1997-05-13,5.6379,5.6379,5.6087,5.6379,375780,0
1997-05-14,5.6527,5.818,5.6527,5.7597,1355931,0
1997-05-15,5.7403,5.8035,5.7403,5.8035,276284,0
1997-05-16,5.8035,5.8035,5.6965,5.6965,604369,0
1997-05-19,5.6965,5.7403,5.6965,5.7304,283686,0
1997-05-20,5.711,5.7403,5.6671,5.7304,264771,0
1997-05-21,5.7597,5.7742,5.6867,5.6867,224481,0
1997-05-22,5.711,5.8326,5.6965,5.7889,334666,0
1997-05-23,5.7889,5.8957,5.7889,5.8957,305066,0
1997-05-27,5.8616,5.8811,5.7889,5.8326,894634,0
1997-05-28,5.8616,5.8811,5.8521,5.8811,116763,0
1997-05-29,5.8521,5.8616,5.8326,5.8521,388112,0
1997-05-30,5.8521,5.8811,5.818,5.8521,239283,0
1997-06-02,5.7889,5.8616,5.7889,5.8616,229414,0
1997-06-03,5.8521,5.8957,5.8521,5.8811,327264,0
1997-06-04,5.8957,5.9104,5.8616,5.8957,202277,0
1997-06-05,5.8957,5.8957,5.8521,5.8616,212147,0
1997-06-06,5.8616,6.0029,5.8616,6.0029,286973,0
1997-06-09,6.0029,6.0758,5.9835,6.0029,1201341,0
1997-06-10,5.9687,6.0029,5.9687,6.0029,266416,0
1997-06-11,5.9835,6.0029,5.954,6.0029,208858,0
1997-06-12,5.9687,6.0273,5.9687,6.0175,417714,0
1997-06-13,6.0175,6.0614,6.0175,6.0614,261484,0
1997-06-16,6.0466,6.1389,6.0466,6.1194,365090,0
1997-06-17,6.1389,6.1683,6.0614,6.1683,1026198,0
1997-06-18,6.1683,6.2268,6.1683,6.2268,388112,0
1997-06-19,6.2121,6.2558,6.2121,6.2268,432517,0
1997-06-20,6.2121,6.2558,6.1829,6.2558,608484,0
1997-06-23,6.2412,6.2706,6.1683,6.1829,336310,0
1997-06-24,6.1829,6.2316,6.1438,6.1924,230236,0
1997-06-25,6.2171,6.2756,6.1972,6.1972,520501,0
1997-06-26,6.2171,6.2171,6.0953,6.1052,225303,0
1997-06-27,6.1244,6.1538,6.1244,6.1438,162813,0
1997-06-30,6.1438,6.1438,6.0758,6.1341,421828,0
1997-07-01,6.1389,6.1438,6.0758,6.1244,743335,0
1997-07-02,6.1538,6.1829,6.0953,6.0953,1003997,0
1997-07-03,6.1244,6.1389,6.0709,6.1244,601083,0
1997-07-07,6.0953,6.1052,6.0614,6.0614,305066,0
1997-07-08,6.0614,6.0614,5.9932,6.0126,601083,0
1997-07-09,6.0175,6.0225,5.9883,6.0175,630682,0
1997-07-10,6.0175,6.0322,6.0029,6.0225,408668,0
1997-07-11,6.0225,6.0516,6.0029,6.0322,545167,0
1997-07-14,6.0369,6.0953,6.0322,6.0953,604369,0
1997-07-15,6.1052,6.1829,6.0953,6.1781,592036,0
1997-07-16,6.1972,6.2756,6.1972,6.2606,394692,0
1997-07-17,6.2268,6.2509,6.1538,6.1829,329732,0
1997-07-18,6.2171,6.2171,6.0369,6.1002,951371,0
1997-07-21,6.1244,6.1244,6.0369,6.1052,2000591,0
1997-07-22,6.1002,6.2606,6.1002,6.2509,434159,0
1997-07-23,6.3093,6.3675,6.2363,6.2509,803362,0
1997-07-24,6.2219,6.2606,6.2219,6.246,263129,0
1997-07-25,6.1972,6.3582,6.1972,6.3582,652885,0
1997-07-28,6.3582,6.4406,6.3582,6.4308,536123,0
1997-07-29,6.4504,6.606,6.4504,6.606,762247,0
1997-07-30,6.5916,6.5963,6.5478,6.5867,356043,0
1997-07-31,6.6157,6.7037,6.6157,6.6888,335489,0
1997-08-01,6.6888,6.6987,6.5527,6.5768,328910,0
1997-08-04,6.5768,6.5916,6.5478,6.5768,245858,0
1997-08-05,6.5768,6.6888,6.5768,6.6206,351110,0
1997-08-06,6.5916,6.64,6.5575,6.6351,228594,0
1997-08-07,6.6351,6.6888,6.5963,6.674,198992,0
1997-08-08,6.6595,6.6595,6.5478,6.5478,595322,0
1997-08-11,6.5575,6.5916,6.5478,6.5527,269706,0
1997-08-12,6.5236,6.6206,6.5236,6.5334,310000,0
1997-08-13,6.5137,6.5575,6.5137,6.5575,87163,0
1997-08-14,6.5575,6.64,6.5575,6.606,1954544,0
1997-08-15,6.6157,6.6253,6.5236,6.5478,506521,0
1997-08-18,6.5575,6.5916,6.5236,6.5916,193233,0
1997-08-19,6.5867,6.6157,6.5478,6.5768,534478,0
1997-08-20,6.5916,6.6351,6.5575,6.606,182544,0
1997-08-21,6.5916,6.6157,6.4748,6.4941,281219,0
1997-08-22,6.4652,6.5137,6.4019,6.5137,189945,0
1997-08-25,6.5137,6.5916,6.5038,6.5236,134032,0
1997-08-26,6.5236,6.5916,6.4843,6.5916,235167,0
1997-08-27,6.5575,6.5916,6.4652,6.5087,194878,0
1997-08-28,6.5137,6.5236,6.4553,6.4843,108540,0
1997-08-29,6.4748,6.5038,6.4406,6.4652,348643,0
1997-09-02,6.4941,6.5527,6.4843,6.5527,286151,0
1997-09-03,6.5527,6.6253,6.5527,6.6253,190768,0
1997-09-04,6.5963,6.64,6.5916,6.64,258191,0
1997-09-05,6.6595,6.6595,6.5768,6.6351,235167,0
1997-09-08,6.6351,6.64,6.5768,6.6206,497474,0
1997-09-09,6.6546,6.7085,6.6351,6.7085,212147,0
1997-09-10,6.7085,6.7085,6.6351,6.64,276284,0
1997-09-11,6.6157,6.6351,6.5867,6.6351,211323,0
1997-09-12,6.6546,6.7571,6.6546,6.7571,225303,0
1997-09-15,6.7571,6.8445,6.7571,6.8445,495008,0
1997-09-16,6.8783,6.9661,6.82,6.903,357687,0
1997-09-17,6.9079,6.9079,6.8397,6.8684,212147,0
1997-09-18,6.8684,6.9516,6.8684,6.9516,305066,0
1997-09-19,6.9951,7.0487,6.9661,7.0341,576414,0
1997-09-22,7.0294,7.0294,6.9902,6.9902,166098,0
1997-09-23,6.9902,7.0341,6.9854,7.0294,409491,0
1997-09-24,7.0244,7.0244,6.9223,6.9564,2590160,0
1997-09-25,6.9516,7.0341,6.9175,7.0244,2142022,0
1997-09-26,7.0244,7.0534,7.0001,7.0534,189945,0
1997-09-29,7.0534,7.083,6.9419,6.9613,848586,0
1997-09-30,6.9613,7.0098,6.9613,7.0001,331376,0
1997-10-01,7.0341,7.0439,6.9613,7.0001,384001,0
1997-10-02,7.0928,7.1072,7.0632,7.0632,578881,0
1997-10-03,7.0732,7.1072,6.9708,7.0389,253260,0
1997-10-06,7.0439,7.0632,6.9805,7.0632,508986,0
1997-10-07,7.0632,7.0632,6.9854,7.0439,564079,0
1997-10-08,7.0389,7.0389,6.9613,7.0195,359335,0
1997-10-09,6.9951,7.1022,6.9951,7.083,296839,0
1997-10-10,7.0682,7.0682,7.0001,7.0439,126634,0
1997-10-13,7.0195,7.112,7.0195,7.0682,257370,0
1997-10-14,7.0732,7.0928,7.0244,7.0632,272174,0
1997-10-15,7.0341,7.0732,7.0341,7.0341,95383,0
1997-10-16,7.0389,7.0732,7.0001,7.0098,97030,0
1997-10-17,7.0098,7.0098,6.8397,6.9564,342887,0
1997-10-20,6.9805,7.0534,6.9613,7.0341,439918,0
1997-10-21,7.0001,7.0341,6.9223,6.9805,427583,0
1997-10-22,6.9805,7.0001,6.9805,6.9951,221190,0
1997-10-23,6.9951,6.9951,6.82,6.8348,251618,0
1997-10-24,6.8684,6.9708,6.8492,6.8492,249972,0
1997-10-27,6.82,6.8397,6.6303,6.6303,185015,0
1997-10-28,6.6157,6.6253,6.3386,6.4504,1112536,0
1997-10-29,6.5187,6.5624,6.4892,6.5087,1318105,0
1997-10-30,6.4019,6.4795,6.3582,6.4652,600257,0
1997-10-31,6.4652,6.6253,6.4603,6.6157,1595210,0
1997-11-03,6.6303,6.7909,6.6303,6.7373,462940,0
1997-11-04,6.713,6.767,6.713,6.7373,1121582,0
1997-11-05,6.7571,7.0632,6.7571,7.0389,768005,0
1997-11-06,7.0341,7.2726,7.0098,7.1266,814054,0
1997-11-07,7.0928,7.0928,7.0341,7.0732,633152,0
1997-11-10,7.0732,7.2775,7.0682,7.1847,526253,0
1997-11-11,7.151,7.2043,7.112,7.1364,409491,0
1997-11-12,7.1266,7.1751,7.0632,7.0632,362623,0
1997-11-13,7.0928,7.1266,6.9951,7.0001,433340,0
1997-11-14,6.9708,7.0001,6.9708,6.9951,504052,0
1997-11-17,6.9126,7.1945,6.9126,7.1751,576414,0
1997-11-18,7.1462,7.1607,7.0682,7.1072,606837,0
1997-11-19,7.1072,7.2775,7.0928,7.258,416070,0
1997-11-20,7.2481,7.258,7.1607,7.1654,486788,0
1997-11-21,7.1654,7.258,7.1607,7.2191,291907,0
1997-11-24,7.2287,7.2287,7.0195,7.0389,306708,0
1997-11-25,7.0632,7.0928,6.9516,6.9708,482675,0
1997-11-26,6.9708,7.0389,6.9223,7.0001,778693,0
1997-11-28,7.0001,7.1217,7.0001,7.0928,307531,0
1997-12-01,7.1364,7.3166,7.1364,7.258,649594,0
1997-12-02,7.2432,7.3166,7.2432,7.2677,444852,0
1997-12-03,7.2677,7.3017,7.2481,7.3017,176789,0
1997-12-04,7.3116,7.3553,7.3017,7.3407,782802,0
1997-12-05,7.3262,7.4086,7.3017,7.3116,333020,0
1997-12-08,7.2921,7.4086,7.2921,7.3942,728532,0
1997-12-09,7.4086,7.4086,7.3696,7.3696,323157,0
1997-12-10,7.3696,7.399,7.36,7.3696,517210,0
1997-12-11,7.36,7.3696,7.36,7.3696,178433,0
1997-12-12,7.3696,7.4231,7.3696,7.4231,1004818,0
1997-12-15,7.4231,7.4231,7.331,7.399,271352,0
1997-12-16,7.4086,7.5304,7.4086,7.5304,342887,0
1997-12-17,7.5547,7.5985,7.506,7.506,950550,0
1997-12-18,7.506,7.506,7.4086,7.4086,494188,0
1997-12-19,7.3017,7.3746,7.2287,7.3746,586280,0
1997-12-22,7.4086,7.5159,7.4086,7.506,819805,0
1997-12-23,7.5208,7.5208,7.3844,7.3893,196524,0
1997-12-24,7.4183,7.5208,7.4183,7.4426,226947,0
1997-12-26,7.4426,7.4722,7.4426,7.4722,49337,0
1997-12-29,7.5011,7.5741,7.5011,7.5741,279574,0
1997-12-30,7.6081,7.7248,7.5985,7.6958,235167,0
1997-12-31,7.7153,7.7153,7.6228,7.6228,345353,0
1998-01-02,7.5985,7.5985,7.54,7.5498,303419,0
1998-01-05,7.5304,7.6081,7.5304,7.5741,642196,0
1998-01-06,7.5304,7.6081,7.5208,7.6081,469518,0
1998-01-07,7.5208,7.8027,7.5208,7.7784,934925,0
1998-01-08,7.7784,7.8418,7.7153,7.8175,817341,0
1998-01-09,7.7881,7.7881,7.3646,7.3646,741692,0
1998-01-12,7.3359,7.3359,7.1798,7.2824,1610835,0
1998-01-13,7.2824,7.3166,7.1557,7.2775,1040178,0
1998-01-14,7.3066,7.3359,7.2142,7.2384,1002352,0
1998-01-15,7.2384,7.2384,7.0977,7.1993,943146,0
1998-01-16,7.1993,7.2337,7.1557,7.1945,782802,0
1998-01-20,7.1607,7.1798,7.0781,7.1704,663575,0
1998-01-21,7.1704,7.2384,7.0977,7.151,777871,0
1998-01-22,7.0632,7.1217,7.0487,7.1217,767181,0
1998-01-23,7.1217,7.2384,7.112,7.1945,1286032,0
1998-01-26,7.2432,7.2432,7.0977,7.1945,629038,0
1998-01-27,7.1798,7.2677,7.1798,7.2432,762247,0
1998-01-28,7.2775,7.4576,7.2775,7.4183,508986,0
1998-01-29,7.399,7.4817,7.3214,7.4722,1184895,0
1998-01-30,7.4426,7.6423,7.3359,7.6228,2818752,0
1998-02-02,7.6325,7.8708,7.6325,7.8516,1140493,0
1998-02-03,7.9145,8.0898,7.8951,8.0022,892166,0
1998-02-04,7.9731,8.1674,7.9731,8.1287,698109,0
1998-02-05,8.1578,8.1918,8.1287,8.1578,642196,0
1998-02-06,8.1821,8.3037,8.1821,8.2893,1363329,0
1998-02-09,8.3621,8.3768,8.2941,8.3332,836253,0
1998-02-10,8.3332,8.3572,8.3037,8.3087,920945,0
1998-02-11,8.3087,8.3621,8.2796,8.3234,323157,0
1998-02-12,8.3332,8.3916,8.2258,8.3916,805829,0
1998-02-13,8.3916,8.3916,8.3037,8.3382,173501,0
1998-02-17,8.3669,8.4984,8.3669,8.4302,680841,0
1998-02-18,8.435,8.5666,8.435,8.5031,260659,0
1998-02-19,8.5131,8.5229,8.4596,8.4596,507343,0
1998-02-20,8.4692,8.5031,8.4547,8.4838,310000,0
1998-02-23,8.4984,8.5371,8.4547,8.5371,985906,0
1998-02-24,8.5518,8.7221,8.5469,8.698,1133095,0
1998-02-25,8.698,8.8583,8.698,8.8001,1145427,0
1998-02-26,8.8098,8.8098,8.7318,8.7365,428404,0
1998-02-27,8.7124,8.7124,8.6636,8.6881,450606,0
1998-03-02,8.6587,8.7902,8.6005,8.7803,1179964,0
1998-03-03,8.8098,8.8148,8.7658,8.7902,1586163,0
1998-03-04,8.8148,8.8148,8.5715,8.6348,951371,0
1998-03-05,8.6005,8.6201,8.5031,8.5469,396333,0
1998-03-06,8.5666,8.5909,8.5371,8.5666,1056621,0
1998-03-09,8.5715,8.5715,8.4984,8.4984,573948,0
1998-03-10,8.5278,8.7563,8.5278,8.7221,1275346,0
1998-03-11,8.8148,8.9653,8.8098,8.8874,764714,0
1998-03-12,8.9216,9.0044,8.8583,9.0044,762247,0
1998-03-13,9.0044,9.0336,8.9216,8.9506,375780,0
1998-03-16,8.9653,9.097,8.9653,9.097,418536,0
1998-03-17,9.0871,9.2426,9.0871,9.1987,326444,0
1998-03-18,9.2036,9.2086,9.0822,9.0871,478563,0
1998-03-19,9.1017,9.1987,9.1017,9.1745,1131449,0
1998-03-20,9.1793,9.1793,9.1017,9.1017,692355,0
1998-03-23,9.0773,9.1454,9.0528,9.1306,320689,0
1998-03-24,9.097,9.1503,9.0871,9.121,350289,0
1998-03-25,9.1503,9.1552,9.0336,9.121,706332,0
1998-03-26,9.1017,9.1115,9.014,9.0773,310820,0
1998-03-27,9.0577,9.1115,8.9897,8.9897,282040,0
1998-03-30,8.9897,8.9897,8.9409,8.9897,317397,0
1998-03-31,9.0336,9.2183,9.0287,9.1745,712090,0
1998-04-01,9.1987,9.331,9.189,9.3209,426761,0
1998-04-02,9.3012,9.4177,9.3012,9.3894,781161,0
1998-04-03,9.3989,9.4673,9.3408,9.3653,560792,0
1998-04-06,9.3456,9.3456,9.1306,9.1649,328910,0
1998-04-07,9.1745,9.1745,8.9022,9.0238,517210,0
1998-04-08,9.0336,9.1454,8.9119,8.9848,307531,0
1998-04-09,9.014,9.2036,9.0091,9.0238,361801,0
1998-04-13,9.0577,9.0577,8.975,9.0287,228594,0
1998-04-14,8.9994,9.2086,8.9702,9.2036,400448,0
1998-04-15,9.2231,9.2574,9.0336,9.1552,341246,0
1998-04-16,9.1793,9.189,8.9409,8.975,581346,0
1998-04-17,9.0238,9.0238,8.9409,8.9458,465406,0
1998-04-20,8.9458,9.0577,8.9458,9.0577,1133095,0
1998-04-21,9.0433,9.1503,9.0433,9.097,325620,0
1998-04-22,9.1115,9.2865,9.1115,9.2328,735112,0
1998-04-23,9.267,9.267,9.0577,9.1115,273817,0
1998-04-24,9.1454,9.1454,8.9167,8.9167,680020,0
1998-04-27,8.8098,8.9409,8.1531,8.4012,10107388,0
1998-04-28,8.6686,8.7902,8.4936,8.5031,4476458,0
1998-04-29,8.5324,8.5666,8.4643,8.4692,3716677,0
1998-04-30,8.4692,8.727,8.4692,8.6833,2632919,0
1998-05-01,8.698,8.7658,8.6833,8.698,1583697,0
1998-05-04,8.698,8.8681,8.654,8.8681,1862448,0
1998-05-05,8.8633,8.9409,8.8437,8.9409,1238342,0
1998-05-06,8.9702,8.9897,8.7124,8.7221,516388,0
1998-05-07,8.6587,8.698,8.5909,8.698,669328,0
1998-05-08,8.698,8.9311,8.698,8.7952,1380597,0
1998-05-11,8.7803,8.9409,8.7803,8.9409,802540,0
1998-05-12,8.9409,8.9653,8.8633,8.9022,900390,0
1998-05-13,8.8779,9.0238,8.8779,8.9994,1124051,0
1998-05-14,8.9994,9.0577,8.9702,9.0433,2966763,0
1998-05-15,9.0773,9.1745,9.0577,9.1454,843650,0
1998-05-18,9.1454,9.2574,9.1115,9.121,1176675,0
1998-05-19,9.1306,9.1649,9.0238,9.0287,717844,0
1998-05-20,9.0773,9.0871,9.0577,9.0871,700576,0
1998-05-21,9.0871,9.097,9.0528,9.097,575592,0
1998-05-22,9.097,9.097,8.9994,9.0091,347822,0
1998-05-26,8.975,8.975,8.7513,8.7513,1156942,0
1998-05-27,8.698,8.7028,8.5617,8.6587,906970,0
1998-05-28,8.6587,8.7758,8.5764,8.7318,1416777,0
1998-05-29,8.7318,8.7952,8.6881,8.7318,1087867,0
1998-06-01,8.7563,8.9556,8.7563,8.8974,892166,0
1998-06-02,8.8633,8.8779,8.7563,8.8343,994952,0
1998-06-03,8.8343,8.9409,8.8001,8.8148,1001942,0
1998-06-04,8.8148,8.8343,8.654,8.6833,1094860,0
1998-06-05,8.6686,8.727,8.654,8.6833,291907,0
1998-06-08,8.698,8.8001,8.6833,8.6833,525021,0
1998-06-09,8.698,8.727,8.654,8.6833,423469,0
1998-06-10,8.6833,8.8779,8.5909,8.8779,1635090,0
1998-06-11,8.7563,8.8001,8.698,8.727,443204,0
1998-06-12,8.698,8.698,8.5131,8.6249,700576,0
1998-06-15,8.5764,8.7758,8.5764,8.6686,812819,0
1998-06-16,8.698,8.698,8.5764,8.698,1088279,0
1998-06-17,8.698,8.7563,8.6686,8.727,769650,0
1998-06-18,8.7414,8.8486,8.6833,8.7902,916834,0
1998-06-19,8.8148,8.8148,8.698,8.8148,864619,0
1998-06-22,8.9119,8.9556,8.8486,8.9556,678377,0
1998-06-23,8.9556,9.1017,8.9556,8.9556,463349,0
1998-06-24,8.9556,9.0336,8.9409,8.9897,691943,0
1998-06-25,8.9897,8.9897,8.8244,8.8343,426350,0
1998-06-26,8.8779,8.9409,8.8343,8.8681,559146,0
1998-06-29,8.8779,8.8779,8.7611,8.7611,712499,0
1998-06-30,8.7902,8.8779,8.6686,8.8681,1205042,0
1998-07-01,9.638,10.017,9.623,9.91,6612725,0
1998-07-02,9.91,9.94,9.668,9.831,2593452,0
1998-07-06,9.772,9.94,9.772,9.831,606427,0
1998-07-07,9.86,10.088,9.851,10.017,1455835,0
1998-07-08,10.017,10.137,9.963,10.137,746625,0
1998-07-09,10.137,10.331,10.118,10.226,1112947,0
1998-07-10,10.211,10.469,10.196,10.469,937802,0
1998-07-13,10.528,10.572,10.39,10.425,1753087,0
1998-07-14,10.469,10.572,10.345,10.39,1130627,0
1998-07-15,10.36,10.528,10.36,10.513,636857,0
1998-07-16,10.621,10.69,10.39,10.69,911079,0
1998-07-17,10.877,11.267,10.798,11.057,883530,0
1998-07-20,11.022,11.022,10.936,10.978,1684839,0
1998-07-21,10.998,11.136,10.978,11.042,654530,0
1998-07-22,11.012,11.101,10.735,10.798,696054,0
1998-07-23,10.857,10.892,10.621,10.664,818161,0
1998-07-24,10.664,10.783,10.435,10.572,922179,0
1998-07-27,10.635,10.77,10.607,10.77,629038,0
1998-07-28,10.735,10.755,9.973,10.211,2692944,0
1998-07-29,10.259,10.425,9.94,9.954,1116238,0
1998-07-30,10.017,10.147,9.954,10.103,467871,0
1998-07-31,10.137,10.162,9.86,9.86,434983,0
1998-08-03,9.895,10.181,9.802,10.137,534887,0
1998-08-04,10.211,10.211,9.638,9.638,726891,0
1998-08-05,9.638,9.737,9.3989,9.608,839132,0
1998-08-06,9.573,9.573,9.4282,9.515,1850938,0
1998-08-07,9.4718,9.851,9.4718,9.668,1162696,0
1998-08-10,9.727,9.757,9.623,9.668,417305,0
1998-08-11,9.608,9.608,9.3358,9.3794,1140903,0
1998-08-12,9.4718,9.544,9.3012,9.3012,639319,0
1998-08-13,9.2426,9.4522,9.121,9.1649,1009751,0
1998-08-14,9.1843,9.3794,9.1649,9.2767,364268,0
1998-08-17,9.2767,9.563,9.2426,9.4718,359742,0
1998-08-18,9.4718,9.875,9.4718,9.817,801305,0
1998-08-19,10.026,10.147,9.623,9.653,631508,0
1998-08-20,9.529,9.638,9.2426,9.544,566959,0
1998-08-21,9.515,9.515,9.1843,9.4088,618760,0
1998-08-24,9.4282,9.694,9.4282,9.563,450194,0
1998-08-25,9.623,9.668,9.3504,9.3989,766359,0
1998-08-26,9.4282,9.4422,9.1987,9.4422,785681,0
1998-08-27,9.4088,9.4718,9.2865,9.4522,1302892,0
1998-08-28,9.4522,9.5,9.2426,9.4282,2278108,0
1998-08-31,9.3653,9.3653,8.7611,8.7611,1288092,0
1998-09-01,8.7028,9.0336,8.4012,8.975,2229185,0
1998-09-02,8.8779,8.9409,8.7611,8.8974,949314,0
1998-09-03,8.8535,9.019,8.7463,8.9409,1635913,0
1998-09-04,8.9409,8.9994,8.7902,8.8535,899978,0
1998-09-08,9.1552,9.563,9.1552,9.529,1006874,0
1998-09-09,9.529,9.529,9.0482,9.1406,407437,0
1998-09-10,9.0773,9.0773,8.8974,9.0336,823918,0
1998-09-11,8.9409,9.1406,8.8049,8.9556,614240,0
1998-09-14,8.9994,9.3653,8.9994,9.2767,480616,0
1998-09-15,9.2865,9.588,9.2622,9.588,1206275,0
1998-09-16,9.638,10.259,9.588,10.226,1503527,0
1998-09-17,9.94,10.147,9.86,10.147,892166,0
1998-09-18,10.088,10.137,9.668,9.708,1336605,0
1998-09-21,9.2426,9.3209,9.121,9.1843,1982092,0
1998-09-22,9.2135,9.573,9.2135,9.4522,1988669,0
1998-09-23,9.3989,9.4138,8.8535,8.9119,1672915,0
1998-09-24,8.8874,8.8874,8.3718,8.4449,1720195,0
1998-09-25,8.2796,8.3718,8.0508,8.3718,2339369,0
1998-09-28,8.3382,8.5813,7.9634,8.1287,1221900,0
1998-09-29,8.1287,8.2213,7.9145,7.9779,1199697,0
1998-09-30,7.9779,7.9779,7.2531,7.2531,2395280,0
1998-10-01,7.1316,7.1945,6.767,7.1945,2579884,0
1998-10-02,7.2677,7.613,7.2043,7.54,1677850,0
1998-10-05,7.54,7.54,7.0098,7.1945,739636,0
1998-10-06,7.4039,7.676,7.3455,7.676,1089513,0
1998-10-07,7.5888,7.5888,7.0098,7.4183,1143782,0
1998-10-08,7.3553,7.3553,6.9805,7.1022,1665513,0
1998-10-09,7.1022,7.4183,7.1022,7.3553,1031957,0
1998-10-12,7.3166,7.8708,7.2531,7.8708,941502,0
1998-10-13,7.8271,7.8271,7.5985,7.6908,772524,0
1998-10-14,7.7346,7.9488,7.676,7.8271,427583,0
1998-10-15,7.8271,7.8271,7.4817,7.8126,1251500,0
1998-10-16,7.9488,8.7318,7.9049,8.6104,1873959,0
1998-10-19,8.5813,8.6005,8.2796,8.4886,1566431,0
1998-10-20,8.435,8.8244,8.435,8.7658,1115823,0
1998-10-21,8.7318,8.7318,8.5081,8.6587,409491,0
1998-10-22,8.6005,8.6104,8.5081,8.5666,489666,0
1998-10-23,8.5813,8.6735,8.5518,8.6249,1360451,0
1998-10-26,8.6005,8.7463,8.5813,8.7221,1098968,0
1998-10-27,8.7221,8.7658,8.5813,8.7221,1359629,0
1998-10-28,8.6587,8.975,8.6444,8.9458,874898,0
1998-10-29,8.9458,9.3844,8.9119,9.3408,1572186,0
1998-10-30,9.2767,9.672,9.2767,9.658,1600553,0
1998-11-02,9.658,9.915,9.563,9.915,1513395,0
1998-11-03,9.851,9.973,9.851,9.944,816106,0
1998-11-04,9.915,10.017,9.727,10.017,714967,0
1998-11-05,9.973,10.108,9.762,10.017,935335,0
1998-11-06,9.93,9.958,9.698,9.807,546812,0
1998-11-09,9.87,9.895,9.628,9.685,485962,0
1998-11-10,9.685,9.792,9.583,9.762,594093,0
1998-11-11,9.807,9.93,9.643,9.762,406202,0
1998-11-12,10.607,10.607,10.336,10.336,5623940,0
1998-11-13,10.395,10.788,10.395,10.745,4712452,0
1998-11-16,10.803,11.136,10.668,11.106,5786749,0
1998-11-17,10.818,11.121,10.64,10.655,35195366,0
1998-11-18,10.668,10.877,10.547,10.745,4444800,0
1998-11-19,10.745,10.912,10.655,10.847,1873140,0
1998-11-20,10.818,10.998,10.755,10.998,2438040,0
1998-11-23,10.998,11.215,10.927,11.165,1787211,0
1998-11-24,11.121,11.363,11.077,11.363,2293733,0
1998-11-25,11.272,11.363,11.165,11.2,783214,0
1998-11-27,11.2,11.244,11.165,11.165,291086,0
1998-11-30,11.136,11.215,10.998,11.032,1105135,0
1998-12-01,10.998,11.042,10.847,10.968,859688,0
1998-12-02,10.983,10.983,10.803,10.877,1747741,0
1998-12-03,10.833,11.092,10.745,10.968,1479267,0
1998-12-04,11.121,11.485,11.121,11.485,1716906,0
1998-12-07,11.587,11.635,11.363,11.393,2542469,0
1998-12-08,11.44,11.665,11.407,11.65,1089925,0
1998-12-09,11.587,11.73,11.475,11.53,1140084,0
1998-12-10,11.515,11.515,11.299,11.319,1172562,0
1998-12-11,11.23,11.363,11.092,11.319,988783,0
1998-12-14,11.299,11.363,11.18,11.299,2002649,0
1998-12-15,11.299,11.334,11.032,11.042,1913842,0
1998-12-16,10.998,11.299,10.998,11.299,1983324,0
1998-12-17,11.286,11.53,11.077,11.272,1102668,0
1998-12-18,11.286,11.73,11.244,11.73,1353050,0
1998-12-21,11.695,12.632,11.695,12.303,3673098,0
1998-12-22,12.288,12.44,12.072,12.092,1376488,0
1998-12-23,12.029,12.137,12.002,12.047,2150655,0
1998-12-24,12.047,12.092,12.029,12.072,459241,0
1998-12-28,12.072,12.44,12.062,12.362,1003583,0
1998-12-29,12.395,12.574,12.395,12.574,569012,0
1998-12-30,12.574,12.76,12.544,12.603,915193,0
1998-12-31,12.603,13.358,12.574,13.134,1898628,0
1999-01-04,13.091,13.091,12.711,12.89,2706100,0
1999-01-05,12.88,13.034,12.88,13.014,1322627,0
1999-01-06,13.058,13.091,12.88,12.925,1931109,0
1999-01-07,12.86,12.86,12.53,12.589,1508870,0
1999-01-08,12.574,12.726,12.362,12.726,1093626,0
1999-01-11,12.574,12.682,12.41,12.474,989193,0
1999-01-12,12.41,12.41,12.092,12.243,1071013,0
1999-01-13,12.062,12.137,11.88,12.137,963708,0
1999-01-14,12.072,12.338,11.942,12.062,1145427,0
1999-01-15,12.062,12.318,12.002,12.303,1074300,0
1999-01-19,12.288,12.637,12.062,12.107,1819282,0
1999-01-20,12.092,12.215,11.772,12.002,1122404,0
1999-01-21,12.029,12.637,11.972,12.574,1674147,0
1999-01-22,12.459,12.459,12.229,12.338,1249858,0
1999-01-25,12.303,12.338,12.195,12.338,1607137,0
1999-01-26,12.338,12.76,12.258,12.745,1210386,0
1999-01-27,12.697,13.299,12.647,13.034,2310999,0
1999-01-28,12.984,13.105,12.818,12.86,462118,0
1999-01-29,12.845,13.134,12.818,12.935,853521,0
1999-02-01,12.935,12.954,12.647,12.667,802127,0
1999-02-02,12.574,12.574,12.258,12.544,1791323,0
1999-02-03,12.544,12.77,12.53,12.77,846945,0
1999-02-04,12.745,12.76,12.41,12.41,656997,0
1999-02-05,12.41,12.53,12.273,12.53,624107,0
1999-02-08,12.502,12.647,12.425,12.459,888055,0
1999-02-09,12.395,12.603,12.338,12.395,864210,0
1999-02-10,12.425,12.44,11.952,12.137,825973,0
1999-02-11,12.122,12.318,12.122,12.195,1350172,0
1999-02-12,12.195,12.258,11.952,12.152,642196,0
1999-02-16,12.186,12.215,11.837,11.866,1686894,0
1999-02-17,11.851,11.972,11.665,11.685,1778166,0
1999-02-18,11.762,11.807,11.304,11.549,1429937,0
1999-02-19,11.485,11.65,11.426,11.44,1816400,0
1999-02-22,11.426,11.563,11.354,11.549,1627282,0
1999-02-23,11.605,11.665,11.304,11.53,2476278,0
1999-02-24,11.53,12.047,11.5,11.65,2633332,0
1999-02-25,11.591,11.715,11.412,11.665,1369087,0
1999-02-26,11.73,11.762,11.397,11.665,1313170,0
1999-03-01,11.605,11.605,11.215,11.52,1502292,0
1999-03-02,11.5,11.745,11.455,11.715,748679,0
1999-03-03,11.7,11.88,11.354,11.455,1006874,0
1999-03-04,11.485,11.866,11.475,11.866,1567666,0
1999-03-05,12.152,12.243,11.987,12.152,1105135,0
1999-03-08,12.152,12.215,11.942,12.062,649594,0
1999-03-09,12.186,12.574,12.072,12.459,1162696,0
1999-03-10,12.395,12.77,12.371,12.745,1186953,0
1999-03-11,12.818,13.058,12.818,13.048,1614535,0
1999-03-12,13.12,13.169,12.726,12.804,1271235,0
1999-03-15,12.79,12.86,12.53,12.559,1302068,0
1999-03-16,12.589,12.623,12.41,12.502,948902,0
1999-03-17,12.559,12.89,12.483,12.88,821863,0
1999-03-18,12.88,13.222,12.79,12.804,936982,0
1999-03-19,12.745,12.88,12.483,12.726,2091043,0
1999-03-22,12.726,12.79,12.697,12.77,596971,0
1999-03-23,12.745,12.745,12.002,12.047,869553,0
1999-03-24,11.987,12.371,11.927,12.258,702222,0
1999-03-25,12.2,12.459,12.157,12.157,1101436,0
1999-03-26,12.107,12.107,11.884,12.062,689475,0
1999-03-29,12.062,12.323,11.972,12.308,764304,0
1999-03-30,12.273,12.293,12.142,12.172,490896,0
1999-03-31,12.229,12.795,12.215,12.637,1552453,0
1999-04-01,12.637,12.657,12.43,12.608,667274,0
1999-04-05,12.637,13.666,12.516,13.666,2884534,0
1999-04-06,13.666,14.274,13.245,14.274,3452726,0
1999-04-07,14.229,14.639,14.032,14.259,3032958,0
1999-04-08,14.244,14.451,13.943,14.331,1444323,0
1999-04-09,14.274,14.331,14.184,14.259,1043057,0
1999-04-12,14.259,14.331,14.15,14.274,2197527,0
1999-04-13,14.274,14.76,14.274,14.76,1331674,0
1999-04-14,14.76,15.574,14.698,15.436,2239051,0
1999-04-15,15.555,16.088,15.349,15.801,2773117,0
1999-04-16,15.86,15.86,15.421,15.786,2143666,0
1999-04-19,15.663,16.271,15.514,15.541,2856990,0
1999-04-20,15.514,15.514,14.422,15.055,2850001,0
1999-04-21,15.055,15.192,14.639,15.07,1774468,0
1999-04-22,14.906,15.377,14.906,15.362,963293,0
1999-04-23,15.301,15.815,15.286,15.514,1199697,0
1999-04-26,15.574,16.088,15.574,15.951,1419657,0
1999-04-27,16.088,16.618,16.088,16.584,2253441,0
1999-04-28,16.57,16.691,15.965,16.164,1691005,0
1999-04-29,16.102,16.236,15.965,16.177,2484086,0
1999-04-30,16.177,16.207,15.951,16.073,3209746,0
1999-05-03,16.088,16.15,15.908,16.131,1961534,0
1999-05-04,16.15,16.691,16.088,16.389,2182726,0
1999-05-05,16.389,16.57,16.102,16.324,1408963,0
1999-05-06,16.271,16.498,16.187,16.374,894634,0
1999-05-07,16.423,16.423,16.088,16.359,2870966,0
1999-05-10,16.344,16.389,16.177,16.236,866265,0
1999-05-11,16.271,16.301,16.15,16.251,1187365,0
1999-05-12,16.207,16.389,16.177,16.207,2350468,0
1999-05-13,16.207,16.513,16.088,16.102,839540,0
1999-05-14,15.994,15.994,15.83,15.979,935335,0
1999-05-17,15.923,15.923,15.555,15.589,1550398,0
1999-05-18,15.574,15.574,15.118,15.177,2056919,0
1999-05-19,15.192,15.334,15.147,15.242,1186130,0
1999-05-20,15.227,15.315,15.118,15.227,1556979,0
1999-05-21,15.192,15.271,14.939,15.118,786093,0
1999-05-24,15.177,15.271,14.817,14.817,1012631,0
1999-05-25,14.832,14.98,14.639,14.639,1091568,0
1999-05-26,14.698,14.726,14.48,14.684,1912199,0
1999-05-27,14.684,14.98,14.639,14.76,2188893,0
1999-05-28,14.698,14.847,14.604,14.619,839953,0
1999-06-01,14.515,14.545,13.973,14.53,1237524,0
1999-06-02,14.545,14.817,14.53,14.817,818985,0
1999-06-03,14.882,15.421,14.817,15.421,957538,0
1999-06-04,15.392,15.481,15.09,15.481,880654,0
1999-06-07,15.471,15.786,15.362,15.499,714555,0
1999-06-08,15.481,15.499,15.132,15.392,892990,0
1999-06-09,15.392,15.528,15.177,15.349,982615,0
1999-06-10,15.349,15.349,14.939,15.227,703042,0
1999-06-11,15.227,15.334,14.906,15.118,727301,0
1999-06-14,15.132,15.132,14.669,14.741,690709,0
1999-06-15,14.741,14.862,14.545,14.545,1310294,0
1999-06-16,14.56,14.906,14.56,14.726,978504,0
1999-06-17,14.847,15.167,14.817,15.045,441151,0
1999-06-18,15.045,15.421,14.939,15.377,977682,0
1999-06-21,15.315,15.334,15.147,15.301,513923,0
1999-06-22,15.242,15.315,14.832,15.01,559968,0
1999-06-23,14.939,14.939,14.702,14.779,441972,0
1999-06-24,14.684,14.817,14.264,14.407,938625,0
1999-06-25,14.407,14.505,13.943,14.107,1101025,0
1999-06-28,14.155,14.199,14.007,14.084,1006464,0
1999-06-29,14.037,14.037,13.698,13.82,1906030,0
1999-06-30,13.81,14.367,13.388,14.065,4059151,0
1999-07-01,14.037,14.278,13.698,14.184,2292910,0
1999-07-02,14.126,14.278,13.978,14.278,2588108,0
1999-07-06,14.097,14.184,14.007,14.097,3014452,0
1999-07-07,14.037,14.307,14.007,14.084,1412255,0
1999-07-08,14.037,14.107,13.963,14.007,2357047,0
1999-07-09,14.022,14.037,13.978,14.007,1192298,0
1999-07-12,14.022,14.097,13.928,13.943,1067723,0
1999-07-13,13.868,14.037,13.761,13.868,941916,0
1999-07-14,13.868,14.293,13.868,14.155,1796256,0
1999-07-15,14.155,14.674,14.155,14.629,1197640,0
1999-07-16,14.639,14.956,14.293,14.916,2037596,0
1999-07-19,14.925,15.152,14.925,15,2708161,0
1999-07-20,15,15.06,14.515,14.609,1682372,0
1999-07-21,14.515,14.852,14.515,14.654,898742,0
1999-07-22,14.594,14.629,14.229,14.293,3042414,0
1999-07-23,14.229,14.264,13.883,13.928,819395,0
1999-07-26,13.795,13.963,13.746,13.746,1316462,0
1999-07-27,13.746,14.219,13.746,14.126,1667162,0
1999-07-28,14.219,14.427,14.097,14.427,999884,0
1999-07-29,14.392,14.392,14.065,14.199,926702,0
1999-07-30,13.913,14.126,13.795,13.81,1605078,0
1999-08-02,13.746,13.978,13.596,13.746,1058677,0
1999-08-03,13.746,13.795,13.353,13.413,1317692,0
1999-08-04,13.368,13.368,12.613,12.735,2187660,0
1999-08-05,12.75,12.88,12.082,12.822,2100088,0
1999-08-06,12.702,12.855,12.248,12.837,1785978,0
1999-08-09,12.9,13.174,12.822,13.082,1420477,0
1999-08-10,13.101,13.388,13.004,13.289,2535067,0
1999-08-11,13.338,13.761,13.324,13.674,2167105,0
1999-08-12,14.097,14.097,13.839,13.883,2609074,0
1999-08-13,13.868,14.155,13.746,14.084,1922475,0
1999-08-16,14.097,14.199,14.037,14.184,1276168,0
1999-08-17,14.249,14.249,14.051,14.141,1090748,0
1999-08-18,14.141,14.141,13.795,13.868,978921,0
1999-08-19,13.898,13.898,13.403,13.533,1158994,0
1999-08-20,13.523,13.943,13.523,13.839,983851,0
1999-08-23,13.839,14.49,13.839,14.49,1197640,0
1999-08-24,14.427,14.505,14.293,14.471,1232585,0
1999-08-25,14.58,14.956,14.58,14.939,1770352,0
1999-08-26,14.956,15.123,14.882,14.956,1249447,0
1999-08-27,14.956,15.03,14.515,14.594,1489137,0
1999-08-30,14.55,14.58,14.184,14.199,671800,0
1999-08-31,14.037,14.293,14.037,14.219,901624,0
1999-09-01,14.219,14.407,13.978,14.407,1207921,0
1999-09-02,14.349,14.349,13.795,14.084,1230118,0
1999-09-03,14.249,14.58,14.249,14.58,692355,0
1999-09-07,14.515,14.515,14.307,14.335,885178,0
1999-09-08,14.097,14.184,13.868,14.126,1494071,0
1999-09-09,14.065,14.155,13.854,13.978,1223543,0
1999-09-10,14.037,14.097,13.674,13.81,897511,0
1999-09-13,13.732,13.732,13.553,13.656,983440,0
1999-09-14,13.611,13.795,13.504,13.732,897511,0
1999-09-15,13.761,13.795,13.489,13.576,1059911,0
1999-09-16,13.611,13.611,13.039,13.245,744158,0
1999-09-17,13.265,13.474,13.265,13.368,1045934,0
1999-09-20,13.388,13.489,12.915,12.93,981384,0
1999-09-21,12.822,13.082,12.415,12.822,2826565,0
1999-09-22,12.827,12.979,12.45,12.8,1495307,0
1999-09-23,12.842,12.935,12.348,12.464,1333727,0
1999-09-24,12.464,12.539,12.102,12.298,1323036,0
1999-09-27,12.376,12.464,12.162,12.205,1597265,0
1999-09-28,12.219,12.219,11.5,11.695,3149308,0
1999-09-29,11.695,12.603,11.695,12.362,1815578,0
1999-09-30,12.348,12.95,12.012,12.75,2225074,0
1999-10-01,12.507,12.726,12.45,12.464,951371,0
1999-10-04,12.464,12.75,12.464,12.613,918067,0
1999-10-05,12.603,12.95,12.493,12.613,1246980,0
1999-10-06,12.647,13.072,12.628,12.935,902033,0
1999-10-07,12.95,12.979,12.662,12.75,515569,0
1999-10-08,12.813,12.915,12.603,12.78,1089925,0
1999-10-11,12.842,13.159,12.75,13.072,1418835,0
1999-10-12,12.915,13.024,12.589,12.589,466230,0
1999-10-13,12.613,12.735,12.102,12.162,1266299,0
1999-10-14,12.102,12.182,11.74,12.117,1253145,0
1999-10-15,12.117,12.117,11.407,11.952,1782689,0
1999-10-18,11.952,11.952,11.378,11.63,1123222,0
1999-10-19,11.74,11.952,11.62,11.63,1150771,0
1999-10-20,11.587,12.205,11.572,12.205,976038,0
1999-10-21,12.162,12.195,11.725,12.195,1442268,0
1999-10-22,12.405,12.405,11.861,11.888,2210272,0
1999-10-25,11.832,11.888,10.892,11.832,2593039,0
1999-10-26,11.772,12.253,11.675,11.982,2015391,0
1999-10-27,12.039,12.102,11.45,11.559,1219843,0
1999-10-28,11.675,11.982,11.65,11.665,1921656,0
1999-10-29,11.725,11.917,11.62,11.695,2503001,0
1999-11-01,11.753,11.832,11.45,11.797,1892050,0
1999-11-02,11.797,11.861,11.53,11.544,1237110,0
1999-11-03,11.465,11.572,11.299,11.407,1009340,0
1999-11-04,11.344,11.6,11.329,11.421,1266299,0
1999-11-05,11.485,11.74,11.435,11.53,1488314,0
1999-11-08,11.5,11.51,11.286,11.388,1187365,0
1999-11-09,11.378,11.378,10.892,11.15,1977569,0
1999-11-10,11.286,11.587,11.15,11.465,1283567,0
1999-11-11,11.5,11.5,11.299,11.299,1033189,0
1999-11-12,11.421,11.485,11.136,11.378,1172562,0
1999-11-15,11.53,11.53,11.314,11.435,1755553,0
1999-11-17,12.362,12.589,12.338,12.435,1860394,0
1999-11-18,12.589,12.78,12.507,12.628,1319340,0
1999-11-19,12.589,12.603,12.376,12.405,922179,0
1999-11-22,12.102,12.318,12.039,12.268,812819,0
1999-11-23,12.205,12.283,12.117,12.162,1364973,0
1999-11-24,12.132,12.569,12.132,12.525,1795434,0
1999-11-26,12.464,12.464,12.239,12.239,306708,0
1999-11-29,12.253,12.283,12.057,12.102,691121,0
1999-11-30,12.072,12.219,11.817,11.888,1057033,0
1999-12-01,11.832,12.117,11.772,11.817,1138848,0
1999-12-02,11.847,11.982,11.847,11.907,887232,0
1999-12-03,11.907,12.39,11.907,12.298,1009751,0
1999-12-06,12.239,12.239,11.62,11.907,1023319,0
1999-12-07,11.967,12.239,11.421,11.675,1029075,0
1999-12-08,11.62,11.888,11.544,11.675,379892,0
1999-12-09,11.74,11.772,11.136,11.215,1020442,0
1999-12-10,11.225,11.344,11.012,11.121,1799135,0
1999-12-13,11.101,11.15,10.892,10.978,1693884,0
1999-12-14,10.978,11.012,10.557,10.71,2197527,0
1999-12-15,10.592,10.677,10.345,10.435,1892875,0
1999-12-16,10.435,10.755,10.435,10.71,1367852,0
1999-12-17,10.74,10.847,10.65,10.833,2304835,0
1999-12-20,10.862,10.862,10.607,10.668,1465702,0
1999-12-21,10.65,10.71,10.635,10.677,1686070,0
1999-12-22,10.69,10.978,10.65,10.954,4869917,0
1999-12-23,11.012,11.012,10.725,10.936,946436,0
1999-12-27,10.936,11.027,10.668,10.755,1170094,0
1999-12-28,10.71,11.195,10.668,11.15,949314,0
1999-12-29,11.185,11.47,11.155,11.455,1668393,0
1999-12-30,11.5,11.745,11.44,11.563,1461590,0
1999-12-31,11.62,12.062,11.53,11.685,924239,0
2000-01-03,11.62,11.71,11.136,11.258,1149126,0
2000-01-04,11.319,11.334,10.775,10.847,1889583,0
2000-01-05,10.954,11.2,10.745,10.968,2224660,0
2000-01-06,10.847,11.349,10.592,11.092,998238,0
2000-01-07,11.136,11.258,11.077,11.185,1364973,0
2000-01-10,11.244,11.407,11.23,11.407,2020327,0
2000-01-11,11.378,11.44,11.092,11.121,1455425,0
2000-01-12,11.077,11.092,10.725,10.818,999065,0
2000-01-13,10.912,11.077,10.912,10.988,2372670,0
2000-01-14,10.954,11.012,10.725,10.988,1361685,0
2000-01-18,10.867,10.867,10.626,10.681,1536830,0
2000-01-19,10.626,10.71,10.469,10.562,2255909,0
2000-01-20,10.547,10.562,10.245,10.336,921357,0
2000-01-21,10.336,10.336,9.807,9.973,3451907,0
2000-01-24,9.93,9.93,9.1843,9.1987,3497952,0
2000-01-25,9.2622,9.807,9.2622,9.762,2964711,0
2000-01-26,9.762,10.137,9.727,10.05,1799546,0
2000-01-27,9.772,10.304,9.762,10.059,3301428,0
2000-01-28,10.059,10.274,10.002,10.231,3057214,0
2000-01-31,10.216,10.818,10.216,10.44,3535773,0
2000-02-01,10.425,10.503,10.365,10.469,2547403,0
2000-02-02,10.44,10.655,10.395,10.46,1682372,0
2000-02-03,10.483,10.64,10.44,10.547,722778,0
2000-02-04,10.626,10.64,10.41,10.469,873254,0
2000-02-07,10.469,10.607,10.259,10.44,1953720,0
2000-02-08,10.44,10.71,10.44,10.607,1980037,0
2000-02-09,10.64,10.668,10.518,10.562,2511635,0
2000-02-10,10.533,10.582,10.05,10.093,1073478,0
2000-02-11,10.171,10.245,9.822,9.944,1853404,0
2000-02-14,9.915,9.958,9.772,9.915,1324272,0
2000-02-15,9.865,10.05,9.836,9.973,2079532,0
2000-02-16,9.885,10.002,9.885,9.895,1785566,0
2000-02-17,9.915,10.059,9.895,9.915,1196408,0
2000-02-18,9.915,9.958,9.519,9.653,2062675,0
2000-02-22,9.653,9.807,9.505,9.628,1912199,0
2000-02-23,9.593,9.672,9.4422,9.519,2333205,0
2000-02-24,9.519,9.563,9.0773,9.3408,2291674,0
2000-02-25,9.2767,9.4854,9.1698,9.3061,1198876,0
2000-02-28,9.3844,9.593,9.1843,9.505,1055801,0
2000-02-29,9.505,9.973,9.505,9.885,2980740,0
2000-03-01,9.93,10.181,9.915,10.031,2604552,0
2000-03-02,10.017,10.031,9.698,9.772,1588220,0
2000-03-03,9.772,9.895,9.548,9.685,1835313,0
2000-03-06,9.685,9.747,9.519,9.712,2133798,0
2000-03-07,9.653,9.653,9.1552,9.1552,1990312,0
2000-03-08,9.1552,9.1698,8.8244,8.9897,1858751,0
2000-03-09,8.9556,9.1987,8.8535,9.1987,1811469,0
2000-03-10,9.1406,9.4282,9.1406,9.3061,1007695,0
2000-03-13,9.3061,9.3061,9.0044,9.097,1785566,0
2000-03-14,9.0773,9.2913,8.9311,9.097,2342659,0
2000-03-15,9.0044,9.4854,8.8974,9.4573,3861398,0
2000-03-16,9.3989,10.562,9.3653,10.518,3567022,0
2000-03-17,10.518,10.788,10.317,10.518,2572895,0
2000-03-20,10.46,10.562,10.031,10.425,1922063,0
2000-03-21,10.425,10.582,10.157,10.582,1468581,0
2000-03-22,10.518,10.518,10.245,10.294,1244514,0
2000-03-23,10.294,10.336,10.137,10.317,2047049,0
2000-03-24,10.294,10.592,9.987,10.002,1296727,0
2000-03-27,9.944,10.626,9.944,10.483,2408438,0
2000-03-28,10.483,10.968,10.483,10.725,1914252,0
2000-03-29,10.715,11.44,10.672,11.44,2109544,0
2000-03-30,11.383,12.215,11.354,12.127,3317464,0
2000-03-31,12.186,12.415,11.987,12.352,2429820,0
2000-04-03,12.352,12.594,12.172,12.502,2434753,0
2000-04-04,12.564,12.989,12.308,12.716,3238524,0
2000-04-05,12.657,12.989,12.381,12.945,1436098,0
2000-04-06,12.945,13.212,12.745,12.88,1263425,0
2000-04-07,12.822,12.822,12.258,12.534,1083756,0
2000-04-10,12.502,12.502,12.248,12.43,894224,0
2000-04-11,12.488,12.716,12.371,12.564,798838,0
2000-04-12,12.564,12.716,12.215,12.273,1182430,0
2000-04-13,12.215,12.682,11.987,12.516,1140493,0
2000-04-14,12.459,12.459,11.595,11.64,862154,0
2000-04-17,11.64,12.293,11.554,12.062,1771999,0
2000-04-18,12.034,12.062,11.807,11.942,1143371,0
2000-04-19,12.007,12.637,11.987,12.43,1827505,0
2000-04-20,12.459,12.865,12.258,12.822,1280281,0
2000-04-24,12.822,12.974,12.682,12.945,1134328,0
2000-04-25,12.88,13.353,12.865,13.309,1616183,0
2000-04-26,13.309,14.032,13.309,13.548,1985379,0
2000-04-27,13.413,13.863,13.413,13.805,1239167,0
2000-04-28,13.805,13.898,13.576,13.835,1010577,0
2000-05-01,13.717,14.274,13.611,14.264,1610835,0
2000-05-02,14.264,14.264,13.943,13.988,1051279,0
2000-05-03,13.928,13.928,13.596,13.641,1636736,0
2000-05-04,13.576,13.611,13.383,13.446,1189005,0
2000-05-05,13.202,13.958,13.202,13.943,1781869,0
2000-05-08,14.065,14.264,13.761,13.79,1947554,0
2000-05-09,13.732,13.79,13.548,13.611,1629337,0
2000-05-10,13.67,13.67,13.446,13.446,1374840,0
2000-05-11,13.446,13.621,13.413,13.446,1660171,0
2000-05-12,13.427,13.548,13.26,13.398,1178318,0
2000-05-15,13.324,13.368,13.139,13.324,1647424,0
2000-05-16,13.446,13.67,13.333,13.446,2053629,0
2000-05-17,13.383,13.383,13.091,13.324,850232,0
2000-05-18,13.26,13.275,13.039,13.048,583812,0
2000-05-19,12.837,12.865,12.502,12.502,1277813,0
2000-05-22,12.502,12.534,12.273,12.474,1865327,0
2000-05-23,12.352,12.415,11.898,11.972,1745274,0
2000-05-24,12.062,12.273,11.962,12.077,1735817,0
2000-05-25,12.077,12.258,12.047,12.107,2694997,0
2000-05-26,12.047,12.077,11.625,11.67,858454,0
2000-05-30,11.7,11.851,11.7,11.749,1348115,0
2000-05-31,11.749,11.792,11.67,11.67,818577,0
2000-06-01,11.554,11.625,11.43,11.61,2399393,0
2000-06-02,11.67,12.215,11.67,12.186,1386764,0
2000-06-05,12.107,12.137,12.007,12.127,1282749,0
2000-06-06,12.308,12.308,12.092,12.127,1429937,0
2000-06-07,12.157,12.186,11.851,11.866,1130215,0
2000-06-08,11.884,12.077,11.807,11.884,916834,0
2000-06-09,11.942,12.107,11.866,12.092,713734,0
2000-06-12,12.062,12.2,11.898,11.942,948902,0
2000-06-13,12.107,12.107,11.792,11.962,715791,0
2000-06-14,11.898,11.987,11.61,11.685,1323861,0
2000-06-15,11.625,11.866,11.625,11.73,1171330,0
2000-06-16,11.927,12.02,11.842,11.884,1704985,0
2000-06-19,11.866,11.866,11.52,11.563,1232585,0
2000-06-20,11.505,11.595,11.334,11.52,1634270,0
2000-06-21,11.505,11.535,11.334,11.505,1501882,0
2000-06-22,11.535,11.73,11.368,11.67,1504349,0
2000-06-23,11.73,11.73,11.475,11.554,900390,0
2000-06-26,11.52,11.851,11.52,11.625,1182842,0
2000-06-27,11.625,11.962,11.595,11.884,1877661,0
2000-06-28,11.72,11.898,11.615,11.842,2656766,0
2000-06-29,11.797,11.842,11.64,11.72,1749799,0
2000-06-30,11.753,11.997,11.753,11.977,2158467,0
2000-07-03,11.962,12.02,11.861,12.02,505286,0
2000-07-05,12.02,12.02,11.539,11.615,1284390,0
2000-07-06,11.475,11.615,11.235,11.373,2699112,0
2000-07-07,11.388,11.582,11.354,11.525,1450901,0
2000-07-10,11.475,11.595,11.388,11.465,1499828,0
2000-07-11,11.49,11.525,11.225,11.235,1738697,0
2000-07-12,11.253,11.51,11.235,11.388,2164223,0
2000-07-13,11.235,11.388,11.21,11.253,1009340,0
2000-07-14,11.253,11.344,11.057,11.087,969873,0
2000-07-17,11.116,11.19,10.944,11.037,2395696,0
2000-07-18,11.067,11.294,11.067,11.294,2347180,0
2000-07-19,11.388,11.388,11.022,11.253,1247799,0
2000-07-20,11.388,11.568,11.329,11.568,1203395,0
2000-07-21,11.554,11.72,11.354,11.465,2348827,0
2000-07-24,11.66,11.884,11.582,11.827,1370318,0
2000-07-25,11.812,12.293,11.812,12.142,2166280,0
2000-07-26,12.082,12.142,11.884,12.082,1500651,0
2000-07-27,12.127,12.205,11.64,11.762,970693,0
2000-07-28,11.861,11.917,11.705,11.827,998650,0
2000-07-31,11.827,12.343,11.827,12.343,1450492,0
2000-08-01,12.343,12.343,11.997,12.007,1192298,0
2000-08-02,12.082,12.248,11.997,12.112,971517,0
2000-08-03,12.172,12.308,11.797,12.308,1231356,0
2000-08-04,12.43,13.144,12.43,13.067,3172747,0
2000-08-07,13.11,13.187,12.78,12.9,1150771,0
2000-08-08,12.9,13.067,12.765,13.009,1151596,0
2000-08-09,13.279,13.446,13.101,13.279,1847650,0
2000-08-10,13.309,13.368,13.202,13.343,1344828,0
2000-08-11,13.343,13.446,13.294,13.432,1043875,0
2000-08-14,13.353,13.418,12.935,13.403,1188185,0
2000-08-15,13.368,13.388,12.945,12.945,1857104,0
2000-08-16,12.959,12.979,12.735,12.78,1909732,0
2000-08-17,12.78,12.915,12.75,12.885,2014980,0
2000-08-18,12.855,13.353,12.837,13.309,2151069,0
2000-08-21,13.265,13.403,13.187,13.265,742923,0
2000-08-22,13.265,13.353,13.159,13.245,522554,0
2000-08-23,13.245,13.343,13.039,13.324,1152419,0
2000-08-24,13.324,13.474,13.245,13.474,1321807,0
2000-08-25,13.474,13.474,13.279,13.418,1050044,0
2000-08-28,13.474,13.689,13.403,13.446,736760,0
2000-08-29,13.446,13.751,13.446,13.674,1569309,0
2000-08-30,13.674,13.689,13.388,13.446,745389,0
2000-08-31,13.388,13.646,13.343,13.611,1393753,0
2000-09-01,13.674,13.717,13.508,13.646,624107,0
2000-09-05,13.581,13.656,13.474,13.553,941092,0
2000-09-06,13.082,13.187,12.87,13.024,2786686,0
2000-09-07,13.265,13.265,13.024,13.144,2357457,0
2000-09-08,13.202,13.202,12.479,12.813,2166692,0
2000-09-11,12.87,12.989,12.657,12.716,1120759,0
2000-09-12,12.765,12.885,12.569,12.813,1809820,0
2000-09-13,12.813,13.024,12.78,12.813,842008,0
2000-09-14,12.78,12.87,12.52,12.642,628627,0
2000-09-15,12.9,12.9,12.405,12.702,2574128,0
2000-09-18,12.702,12.702,12.172,12.172,3257028,0
2000-09-19,12.191,12.191,11.294,11.63,3377491,0
2000-09-20,11.812,11.917,11.568,11.753,1945910,0
2000-09-21,11.735,11.762,11.525,11.69,1177498,0
2000-09-22,11.69,11.705,11.445,11.64,1219431,0
2000-09-25,11.797,11.962,11.797,11.827,1141313,0
2000-09-26,11.827,12.127,11.595,11.63,2038005,0
2000-09-27,11.587,11.71,11.344,11.65,1755964,0
2000-09-28,11.65,12.224,11.51,12.152,2085696,0
2000-09-29,12.162,12.162,11.893,12.057,1623169,0
2000-10-02,11.997,12.303,11.875,11.997,1172562,0
2000-10-03,11.997,12.224,11.907,12.087,1433225,0
2000-10-04,12.087,12.559,12.039,12.483,1650713,0
2000-10-05,12.544,12.667,12.348,12.569,2876311,0
2000-10-06,12.632,12.999,12.395,12.45,1157762,0
2000-10-09,12.395,12.544,12.239,12.512,1079234,0
2000-10-10,12.512,13.029,12.497,12.618,1869029,0
2000-10-11,12.618,13.029,12.618,12.875,4514695,0
2000-10-12,12.875,12.979,12.273,12.469,1767480,0
2000-10-13,12.469,12.804,12.362,12.79,1299602,0
2000-10-16,12.79,13.058,12.77,12.979,1004818,0
2000-10-17,13.077,13.284,12.647,12.726,1967701,0
2000-10-18,12.726,12.95,12.483,12.86,1440213,0
2000-10-19,13.179,13.694,13.179,13.378,3217967,0
2000-10-20,13.255,13.766,13.134,13.751,1659758,0
2000-10-23,13.751,13.873,13.666,13.679,1725538,0
2000-10-24,13.722,13.766,13.393,13.508,1933575,0
2000-10-25,13.557,13.557,13.043,13.192,1476394,0
2000-10-26,13.255,13.741,13.255,13.499,2352114,0
2000-10-27,13.572,14.131,13.572,13.988,1473926,0
2000-10-30,14.074,14.515,14.074,14.451,1813112,0
2000-10-31,14.402,15.301,14.283,15.301,3275939,0
2000-11-01,15.271,15.555,14.995,15.07,4587876,0
2000-11-02,15.07,15.286,14.934,15.118,1982092,0
2000-11-03,15.055,15.192,14.77,14.906,1452136,0
2000-11-06,14.948,15.147,14.802,15.147,1620288,0
2000-11-07,15.147,15.147,14.995,15.01,1654416,0
2000-11-08,15.025,15.349,15.025,15.132,1166806,0
2000-11-09,15.192,15.227,14.847,15.01,1330027,0
2000-11-10,15.01,15.01,14.693,14.802,1072243,0
2000-11-13,14.812,14.812,14.525,14.812,1537651,0
2000-11-14,14.934,15.727,14.925,15.09,3289506,0
2000-11-15,15.147,15.589,15.09,15.436,2044584,0
2000-11-16,15.569,15.712,15.256,15.392,892578,0
2000-11-17,15.514,15.736,15.377,15.481,1524903,0
2000-11-20,15.481,15.678,15.286,15.407,1604668,0
2000-11-21,15.315,15.603,15.315,15.528,1143371,0
2000-11-22,15.514,15.628,15.147,15.192,727301,0
2000-11-24,15.256,15.751,15.256,15.678,541058,0
2000-11-27,15.736,15.951,15.392,15.648,3079824,0
2000-11-28,15.663,15.727,15.286,15.407,1481738,0
2000-11-29,15.349,15.815,15.256,15.751,1061556,0
2000-11-30,15.766,15.83,15.456,15.801,1266715,0
2000-12-01,15.86,16.315,15.663,15.815,2460652,0
2000-12-04,15.815,15.965,15.603,15.951,1510927,0
2000-12-05,16.315,16.603,16.177,16.557,2260430,0
2000-12-06,16.498,16.548,16.009,16.15,1372783,0
2000-12-07,16.192,16.453,16.073,16.423,998650,0
2000-12-08,16.468,16.691,16.359,16.468,1270821,0
2000-12-11,16.423,16.918,16.329,16.618,969873,0
2000-12-12,16.618,16.752,16.393,16.468,1094448,0
2000-12-13,16.359,16.433,15.751,15.766,2090221,0
2000-12-14,15.712,15.889,15.132,15.227,3331441,0
2000-12-15,15.177,15.889,15.177,15.786,3612251,0
2000-12-18,15.727,16.044,15.528,15.736,1955777,0
2000-12-19,15.736,15.751,15.514,15.541,2549871,0
2000-12-20,15.541,15.541,14.948,15.132,4294738,0
2000-12-21,15.212,15.212,15.025,15.104,2577006,0
2000-12-22,15.132,15.334,15.07,15.334,2249327,0
2000-12-26,15.377,16.029,15.286,15.923,1401565,0
2000-12-27,16.064,16.533,16.014,16.488,1668803,0
2000-12-28,16.7,16.728,16.364,16.653,2470932,0
2000-12-29,16.672,16.893,16.566,16.579,1182842,0
2001-01-02,16.579,16.653,16.078,16.126,3389002,0
2001-01-03,16.135,16.533,15.499,16.408,2816696,0
2001-01-04,16.473,16.653,15.942,16.107,2157647,0
2001-01-05,16.078,16.078,15.589,15.668,1424999,0
2001-01-08,14.789,15.137,13.958,14.184,11622426,0
2001-01-09,14.55,14.896,14.427,14.684,6267370,0
2001-01-10,14.575,15.015,14.407,15,5782228,0
2001-01-11,15.152,15.456,14.956,15.397,2715148,0
2001-01-12,15.456,15.499,15.182,15.456,1856694,0
2001-01-16,15.397,15.412,15.015,15.412,2845891,0
2001-01-17,14.965,15.152,14.717,15.03,4996546,0
2001-01-18,15.09,15.261,15.015,15.104,2477921,0
2001-01-19,15.167,15.167,14.837,14.925,3420658,0
2001-01-22,14.925,15.06,14.76,14.925,2915783,0
2001-01-23,14.98,15.227,14.847,15.212,5961894,0
2001-01-24,15.276,15.441,15.03,15.212,2772296,0
2001-01-25,15.152,15.334,15.123,15.291,3840429,0
2001-01-26,15.291,15.349,15.045,15.291,1583697,0
2001-01-29,15.227,15.392,15.172,15.266,1332083,0
2001-01-30,15.266,15.426,15.09,15.421,1134328,0
2001-01-31,15.362,15.751,15.362,15.628,3055568,0
2001-02-01,15.628,15.698,15.598,15.643,1893286,0
2001-02-02,15.658,15.722,15.565,15.698,3392288,0
2001-02-05,15.884,15.884,15.555,15.673,1780633,0
2001-02-06,15.761,15.87,15.673,15.796,1772822,0
2001-02-07,15.638,15.746,15.446,15.537,938214,0
2001-02-08,15.551,15.751,15.551,15.708,1135971,0
2001-02-09,15.698,15.698,15.367,15.446,2220140,0
2001-02-12,15.426,15.638,15.412,15.608,1846417,0
2001-02-13,15.638,15.663,15.494,15.589,1678671,0
2001-02-14,15.589,15.761,15.551,15.736,2174093,0
2001-02-15,15.712,16.112,15.712,16.004,2842598,0
2001-02-16,15.999,16.117,15.349,15.537,1195176,0
2001-02-20,15.533,15.683,15.471,15.608,1480913,0
2001-02-21,15.598,15.732,15.471,15.565,2669923,0
2001-02-22,15.565,15.756,15.349,15.407,3340077,0
2001-02-23,15.407,15.456,15.06,15.202,2887413,0
2001-02-26,15.324,15.683,15.222,15.678,1800779,0
2001-02-27,15.678,15.806,15.481,15.541,2046638,0
2001-02-28,15.541,15.546,15.192,15.382,2615240,0
2001-03-01,15.382,15.608,15.382,15.446,4897050,0
2001-03-02,15.436,15.514,15.334,15.392,1943853,0
2001-03-05,15.392,15.598,15.392,15.528,1895342,0
2001-03-06,15.638,15.771,15.397,15.397,1496123,0
2001-03-07,15.456,15.574,15.426,15.541,2368147,0
2001-03-08,15.598,15.732,15.412,15.579,1809820,0
2001-03-09,15.579,15.579,14.911,14.98,2382127,0
2001-03-12,14.965,14.965,14.55,14.575,3072014,0
2001-03-13,14.585,14.609,14.219,14.274,3262782,0
2001-03-14,14.107,14.121,13.698,13.908,2912495,0
2001-03-15,13.908,14.065,13.908,14.027,2360337,0
2001-03-16,14.027,14.027,13.698,13.83,3928821,0
2001-03-19,13.83,14.007,13.825,14.007,3014867,0
2001-03-20,14.027,14.15,13.746,13.746,3088048,0
2001-03-21,13.746,13.82,13.309,13.383,4982156,0
2001-03-22,13.333,13.368,12.657,13.279,4920075,0
2001-03-23,13.26,13.455,13.169,13.413,1898220,0
2001-03-26,13.446,13.943,13.169,13.893,2122701,0
2001-03-27,13.82,13.908,13.746,13.883,2218494,0
2001-03-28,13.83,13.873,13.484,13.553,2679791,0
2001-03-29,13.499,13.581,13.289,13.324,1772822,0
2001-03-30,13.333,13.338,13.058,13.232,1711567,0
2001-04-02,13.289,13.576,13.082,13.101,3003353,0
2001-04-03,13.096,13.096,12.647,12.647,2936750,0
2001-04-04,12.672,13.125,12.672,13.077,3116007,0
2001-04-05,13.134,13.388,13.125,13.343,2476278,0
2001-04-06,13.338,13.343,13.053,13.154,2504648,0
2001-04-09,13.192,13.403,13.134,13.237,1190242,0
2001-04-10,13.299,13.508,13.217,13.388,2651833,0
2001-04-11,13.423,13.423,12.534,12.603,5575428,0
2001-04-12,12.623,13.217,12.493,13.101,5244047,0
2001-04-16,13.077,13.192,12.88,13.058,1252734,0
2001-04-17,13.101,13.328,12.979,12.979,1415543,0
2001-04-18,12.979,14.322,12.94,14.298,5244047,0
2001-04-19,14.283,14.288,13.679,13.825,4272123,0
2001-04-20,13.785,13.859,13.601,13.674,1008110,0
2001-04-23,13.727,13.775,13.562,13.646,1355516,0
2001-04-24,13.523,13.679,13.479,13.508,892166,0
2001-04-25,13.499,13.533,13.324,13.484,1573420,0
2001-04-26,13.508,13.631,13.413,13.533,2175323,0
2001-04-27,13.703,13.703,13.232,13.455,1908084,0
2001-04-30,13.048,13.666,13.048,13.586,4535661,0
2001-05-01,13.698,13.698,13.436,13.446,2024848,0
2001-05-02,13.324,13.363,13.222,13.333,3018154,0
2001-05-03,13.333,13.333,12.94,13.101,4709160,0
2001-05-04,13.101,13.674,12.979,13.436,17727809,0
2001-05-07,13.436,13.727,13.436,13.553,2898512,0
2001-05-08,13.888,14.189,13.83,14.032,5614485,0
2001-05-09,13.988,14.116,13.918,13.948,2767361,0
2001-05-10,14.126,14.525,14.041,14.382,3335965,0
2001-05-11,14.55,14.56,14.239,14.249,2909204,0
2001-05-14,14.264,14.269,13.973,14.056,1520383,0
2001-05-15,14.041,14.331,14.022,14.239,2023203,0
2001-05-16,14.159,14.794,14.159,14.751,2561793,0
2001-05-17,14.751,15.132,14.726,15.07,2678968,0
2001-05-18,15.035,15.108,14.951,15.07,1221487,0
2001-05-21,15.232,15.736,15.177,15.663,3197823,0
2001-05-22,15.658,15.815,15.618,15.638,2953195,0
2001-05-23,15.594,15.663,15.426,15.49,1718964,0
2001-05-24,15.476,15.643,15.466,15.579,1484204,0
2001-05-25,15.643,15.722,15.574,15.722,2241106,0
2001-05-29,15.693,15.756,15.524,15.524,1570540,0
2001-05-30,15.476,15.603,15.306,15.358,1806948,0
2001-05-31,15.301,15.329,15.147,15.276,2862748,0
2001-06-01,15.182,15.382,15.045,15.281,2253853,0
2001-06-04,15.281,15.306,15.192,15.276,1804481,0
2001-06-05,15.377,15.732,15.362,15.678,1621522,0
2001-06-06,15.751,15.82,15.514,15.541,1617412,0
2001-06-07,15.541,15.884,15.541,15.761,1423767,0
2001-06-08,15.761,15.801,15.668,15.746,1821747,0
2001-06-11,15.786,15.825,15.476,15.499,1675382,0
2001-06-12,15.514,15.618,15.281,15.546,815285,0
2001-06-13,15.524,15.727,15.524,15.541,1077178,0
2001-06-14,15.499,15.499,14.882,14.882,3341720,0
2001-06-15,14.872,15.123,14.847,15.09,2837665,0
2001-06-18,15.09,15.123,14.925,15,1878483,0
2001-06-19,15.045,15.132,14.807,14.906,1103901,0
2001-06-20,14.906,15.085,14.794,14.847,2188893,0
2001-06-21,14.822,15.377,14.76,15.31,2161757,0
2001-06-22,15.367,15.402,14.872,15.227,3576892,0
2001-06-25,15.344,15.344,15.045,15.045,2152711,0
2001-06-26,15.045,15.88,15.02,15.81,5069724,0
2001-06-27,14.862,14.862,14.032,14.032,13642753,0
2001-06-28,14.194,14.194,13.751,13.756,4944739,0
2001-06-29,13.756,13.756,13.465,13.586,6008762,0
2001-07-02,13.621,13.938,13.538,13.83,5397814,0
2001-07-03,13.873,14.169,13.873,14.089,4335026,0
2001-07-05,14.089,14.358,14.022,14.116,4016395,0
2001-07-06,14.022,14.051,13.684,13.732,2429820,0
2001-07-09,13.732,13.888,13.606,13.775,2317992,0
2001-07-10,13.766,13.908,13.717,13.839,2118178,0
2001-07-11,13.795,13.913,13.27,13.324,3342132,0
2001-07-12,13.465,14.032,13.465,13.978,4381073,0
2001-07-13,13.953,14.169,13.712,13.943,1378131,0
2001-07-16,14.074,14.079,13.756,13.873,2337313,0
2001-07-17,13.868,13.978,13.636,13.674,2636208,0
2001-07-18,13.698,13.766,13.553,13.646,1526963,0
2001-07-19,13.708,13.898,13.586,13.844,1409791,0
2001-07-20,13.908,13.978,13.722,13.795,1242864,0
2001-07-23,13.78,13.839,13.403,13.455,1519974,0
2001-07-24,13.393,13.641,13.353,13.403,2048693,0
2001-07-25,13.465,13.567,13.348,13.484,1756374,0
2001-07-26,13.489,13.684,13.403,13.586,1771177,0
2001-07-27,13.636,13.751,13.562,13.646,2976220,0
2001-07-30,13.708,13.741,13.553,13.621,1395810,0
2001-07-31,13.576,13.805,13.557,13.732,2325389,0
2001-08-01,13.077,13.717,12.989,13.661,24563776,0
2001-08-02,13.684,13.953,13.684,13.898,16911292,0
2001-08-03,13.873,14.017,13.78,14.012,6891475,0
2001-08-06,14.022,14.051,13.854,13.978,9653902,0
2001-08-07,14.074,14.264,14.022,14.204,9910042,0
2001-08-08,14.204,14.219,13.938,14.012,26212026,0
2001-08-09,13.988,14.012,13.79,13.844,15110512,0
2001-08-10,13.908,13.988,13.727,13.968,8169288,0
2001-08-13,13.968,13.978,13.873,13.953,4200175,0
2001-08-14,13.888,14.022,13.873,14.012,4095334,0
2001-08-15,13.997,14.032,13.868,13.997,4256090,0
2001-08-16,13.997,14.051,13.913,14.022,4544289,0
2001-08-17,13.963,14.022,13.918,13.973,5767016,0
2001-08-20,13.958,13.963,13.83,13.943,3628692,0
2001-08-21,13.908,13.988,13.883,13.953,3379131,0
2001-08-22,13.978,14.089,13.888,13.968,4258555,0
2001-08-23,13.968,14.051,13.943,14.032,5549524,0
2001-08-24,14.022,14.184,14.012,14.07,2462710,0
2001-08-27,14.164,14.239,14.041,14.111,2314290,0
2001-08-28,14.219,14.219,14.041,14.074,2407617,0
2001-08-29,14.131,14.141,13.83,13.83,2646076,0
2001-08-30,13.844,13.878,13.538,13.581,2884125,0
2001-08-31,13.553,13.621,13.393,13.479,3500008,0
2001-09-04,13.368,13.805,13.343,13.586,3053513,0
2001-09-05,13.586,13.611,13.343,13.596,3319519,0
2001-09-06,13.611,13.611,13.27,13.299,2938806,0
2001-09-07,13.101,13.27,12.954,13.039,4975168,0
2001-09-10,13.039,13.101,12.813,12.989,3184254,0
2001-09-17,12.371,12.525,11.64,11.932,12175818,0
2001-09-18,11.817,11.917,11.71,11.787,8653196,0
2001-09-19,11.782,11.782,10.954,11.63,10861823,0
2001-09-20,11.63,11.63,10.983,11.042,12338215,0
2001-09-21,10.677,11.155,10.65,11.121,10049003,0
2001-09-24,11.281,11.851,11.281,11.753,8242881,0
2001-09-25,11.753,11.797,11.412,11.797,7229840,0
2001-09-26,11.65,11.772,10.954,11.101,10089710,0
2001-09-27,11.235,11.263,10.922,11.101,4793445,0
2001-09-28,11.286,11.45,11.092,11.45,7551348,0
2001-10-01,11.407,11.407,11.057,11.286,4595688,0
2001-10-02,11.165,11.6,11.165,11.563,3618416,0
2001-10-03,11.397,11.797,11.358,11.767,5436871,0
2001-10-04,11.772,12.015,11.577,11.884,4467822,0
2001-10-05,11.888,11.888,11.554,11.817,2986497,0
2001-10-08,11.65,11.927,11.554,11.807,4150834,0
2001-10-09,11.772,11.871,11.645,11.861,2217674,0
2001-10-10,11.762,12.137,11.735,12.122,3098737,0
2001-10-11,12.248,12.8,12.147,12.8,7196128,0
2001-10-12,12.78,12.915,12.623,12.822,6916967,0
2001-10-15,12.76,13.139,12.682,13.139,7566148,0
2001-10-16,13.134,13.474,13.058,13.202,17212654,0
2001-10-17,13.154,13.479,13.144,13.465,8612904,0
2001-10-18,13.465,13.751,13.275,13.646,14368407,0
2001-10-19,13.646,13.873,13.596,13.83,9830283,0
2001-10-22,13.83,14.199,13.712,13.751,6349598,0
2001-10-23,13.933,14.367,13.835,14.141,12079608,0
2001-10-24,14.159,14.298,13.933,13.968,7176392,0
2001-10-25,13.835,14.037,13.717,14.017,6844193,0
2001-10-26,13.997,14.515,13.973,14.427,7123357,0
2001-10-29,14.382,14.382,13.81,13.854,3591280,0
2001-10-30,13.722,13.859,13.403,13.479,4665169,0
2001-10-31,13.494,13.712,13.47,13.528,5568437,0
2001-11-01,13.562,13.679,13.427,13.631,3921421,0
2001-11-02,13.616,14.102,13.567,14.056,4278703,0
2001-11-05,14.074,14.219,13.795,14.032,5135922,0
2001-11-06,14.032,14.229,13.785,14.199,2848768,0
2001-11-07,14.116,14.184,14.032,14.074,2634566,0
2001-11-08,14.074,14.194,13.968,14.074,6651783,0
2001-11-09,14.079,14.089,13.835,13.997,2109544,0
2001-11-12,14.007,14.007,13.567,13.666,3426825,0
2001-11-13,13.775,13.918,13.775,13.888,5893647,0
2001-11-14,14.022,14.126,13.873,14.074,3358989,0
2001-11-15,14.089,14.417,14.056,14.34,4480978,0
2001-11-16,14.392,14.707,14.322,14.353,4081766,0
2001-11-19,14.441,14.76,14.441,14.594,3223312,0
2001-11-20,14.57,14.741,14.525,14.674,4254033,0
2001-11-21,14.614,14.644,14.194,14.367,3919777,0
2001-11-23,14.427,14.654,14.392,14.604,961648,0
2001-11-26,14.614,14.736,14.461,14.717,2760373,0
2001-11-27,14.614,14.837,14.55,14.698,1610835,0
2001-11-28,14.664,15,14.624,14.852,3832208,0
2001-11-29,14.852,14.92,14.451,14.614,4747806,0
2001-11-30,14.56,14.56,14.15,14.234,6529266,0
2001-12-03,14.032,14.032,13.717,13.898,6050290,0
2001-12-04,13.958,14.56,13.898,14.461,4815647,0
2001-12-05,14.427,15.232,14.264,15.177,8741589,0
2001-12-06,15.177,15.555,15.123,15.227,6524740,0
2001-12-07,15.104,15.509,15.01,15.237,6980691,0
2001-12-10,15.242,15.461,15.157,15.182,3707631,0
2001-12-11,15.182,15.207,15.055,15.099,7391828,0
2001-12-12,14.925,14.93,14.599,14.664,7220383,0
2001-12-13,14.56,14.585,14.382,14.397,3787805,0
2001-12-14,14.079,14.084,13.616,13.641,16057770,0
2001-12-17,13.736,14.056,13.641,13.943,8624414,0
2001-12-18,13.863,14.49,13.863,14.441,4343251,0
2001-12-19,14.382,14.639,14.229,14.505,5401105,0
2001-12-20,14.451,14.751,14.254,14.402,3916075,0
2001-12-21,14.402,14.599,14.317,14.466,3620880,0
2001-12-24,14.471,14.54,14.367,14.461,662754,0
2001-12-26,14.54,14.896,14.505,14.555,1917954,0
2001-12-27,14.698,14.925,14.614,14.736,1695117,0
2001-12-28,14.741,14.847,14.594,14.604,1354697,0
2001-12-31,14.604,14.948,14.585,14.644,1753909,0
