Date,Open,High,Low,Close,Volume,OpenInt
1995-01-03,12.203,12.264,12.203,12.264,127783,0
1995-01-04,12.203,12.325,12.144,12.325,216385,0
1995-01-05,12.325,12.325,12.144,12.203,99545,0
1995-01-06,12.264,12.382,12.203,12.382,172025,0
1995-01-09,12.432,12.494,12.382,12.494,124725,0
1995-01-10,12.432,12.96,12.432,12.841,209449,0
1995-01-11,12.264,12.552,12.084,12.144,836128,0
1995-01-12,12.084,12.432,12.084,12.432,205444,0
1995-01-13,12.494,12.611,12.432,12.611,456542,0
1995-01-16,12.552,12.611,12.552,12.611,125199,0
1995-01-17,12.611,12.611,12.382,12.494,117194,0
1995-01-18,12.432,12.552,12.325,12.432,122608,0
1995-01-19,12.382,12.552,12.325,12.382,166263,0
1995-01-20,12.382,12.382,12.264,12.325,114487,0
1995-01-23,12.264,12.325,12.144,12.264,130373,0
1995-01-24,12.203,12.432,12.144,12.382,140844,0
1995-01-25,12.432,12.432,12.382,12.382,81425,0
1995-01-26,12.494,12.672,12.432,12.672,77779,0
1995-01-27,12.672,12.672,12.325,12.382,167792,0
1995-01-30,12.432,12.432,12.325,12.382,59303,0
1995-01-31,12.325,12.382,12.203,12.382,181558,0
1995-02-01,12.432,12.432,12.264,12.382,115547,0
1995-02-02,12.382,12.382,12.264,12.382,45185,0
1995-02-03,12.432,12.494,12.325,12.382,135905,0
1995-02-06,12.432,12.723,12.084,12.611,74954,0
1995-02-07,12.672,12.672,12.382,12.552,158025,0
1995-02-08,12.552,12.611,11.915,12.084,1018039,0
1995-02-09,12.035,12.325,12.035,12.264,1656967,0
1995-02-10,12.325,12.611,12.264,12.494,304990,0
1995-02-13,12.552,12.552,12.432,12.494,198383,0
1995-02-14,12.723,12.781,12.672,12.672,218034,0
1995-02-15,12.723,12.723,12.672,12.723,264158,0
1995-02-16,12.723,12.723,12.552,12.552,563148,0
1995-02-17,12.672,12.723,12.552,12.672,407359,0
1995-02-21,12.723,12.841,12.672,12.781,179559,0
1995-02-22,12.781,12.96,12.723,12.841,152845,0
1995-02-23,12.901,13.079,12.841,13.079,118017,0
1995-02-24,13.138,13.138,12.841,13.02,173557,0
1995-02-27,12.901,13.02,12.901,12.96,145200,0
1995-02-28,12.901,13.138,12.901,13.138,165086,0
1995-03-01,13.138,13.2,13.02,13.079,238508,0
1995-03-02,13.079,13.138,13.02,13.079,233330,0
1995-03-03,13.02,13.308,13.02,13.258,101664,0
1995-03-06,13.258,13.258,13.079,13.138,91545,0
1995-03-07,13.079,13.138,12.96,13.138,179559,0
1995-03-08,13.2,13.2,13.02,13.079,89309,0
1995-03-09,13.079,13.138,12.901,12.96,177908,0
1995-03-10,13.02,13.079,12.96,13.079,72484,0
1995-03-13,13.02,13.02,12.781,12.841,351585,0
1995-03-14,12.781,12.781,12.494,12.494,329226,0
1995-03-15,12.552,12.552,12.373,12.552,324638,0
1995-03-16,12.552,12.781,12.552,12.781,112840,0
1995-03-17,12.781,13.079,12.611,13.079,247804,0
1995-03-20,12.96,13.02,12.841,12.96,119785,0
1995-03-21,12.96,13.138,12.96,13.138,146728,0
1995-03-22,13.258,13.258,13.079,13.2,126020,0
1995-03-23,13.138,13.258,13.079,13.138,205678,0
1995-03-24,13.2,13.258,13.138,13.138,141552,0
1995-03-27,13.258,13.43,13.138,13.368,143549,0
1995-03-28,13.546,13.725,13.487,13.666,160733,0
1995-03-29,13.725,13.725,13.2,13.308,191440,0
1995-03-30,13.368,13.487,13.258,13.43,132259,0
1995-03-31,13.43,13.487,13.258,13.368,55420,0
1995-04-03,13.308,13.546,13.2,13.546,116018,0
1995-04-04,13.666,13.894,13.608,13.894,245097,0
1995-04-05,13.954,13.954,13.786,13.844,216979,0
1995-04-06,13.844,13.894,13.786,13.894,252864,0
1995-04-07,13.894,13.954,13.844,13.954,114254,0
1995-04-10,13.844,13.954,13.844,13.844,85899,0
1995-04-11,13.844,13.894,13.786,13.786,145080,0
1995-04-12,13.786,13.894,13.725,13.844,101192,0
1995-04-13,13.954,14.074,13.894,14.074,287104,0
1995-04-17,14.134,14.252,14.074,14.192,241094,0
1995-04-18,14.252,14.252,14.134,14.134,626570,0
1995-04-19,14.134,14.252,14.074,14.252,210033,0
1995-04-20,14.192,14.37,14.134,14.37,219447,0
1995-04-21,14.37,14.37,14.252,14.37,169556,0
1995-04-24,14.37,14.481,14.313,14.481,133079,0
1995-04-25,14.37,14.543,14.37,14.481,210503,0
1995-04-26,14.431,14.431,14.37,14.37,174615,0
1995-04-27,14.37,14.481,14.313,14.481,114487,0
1995-04-28,14.431,14.481,14.313,14.481,158258,0
1995-05-01,14.431,14.481,14.313,14.431,132373,0
1995-05-02,14.431,14.481,14.37,14.481,84598,0
1995-05-03,14.543,14.72,14.481,14.658,241570,0
1995-05-04,14.72,14.72,14.481,14.6,166496,0
1995-05-05,14.658,14.658,14.313,14.313,199798,0
1995-05-08,14.313,14.37,14.252,14.37,258274,0
1995-05-09,14.431,14.481,14.192,14.481,212388,0
1995-05-10,14.481,14.481,14.134,14.313,139669,0
1995-05-11,14.37,14.37,14.252,14.252,114961,0
1995-05-12,14.134,14.37,14.134,14.37,90366,0
1995-05-15,14.37,14.481,14.313,14.481,51540,0
1995-05-16,14.543,14.6,14.481,14.6,96249,0
1995-05-17,14.543,14.6,14.422,14.6,115664,0
1995-05-18,14.543,14.6,14.481,14.6,89309,0
1995-05-19,14.543,14.6,14.481,14.6,150024,0
1995-05-22,14.658,14.658,14.543,14.658,90485,0
1995-05-23,14.72,14.78,14.658,14.72,140607,0
1995-05-24,14.658,14.898,14.658,14.898,164964,0
1995-05-25,14.898,14.959,14.78,14.959,245687,0
1995-05-26,14.898,14.959,14.838,14.959,123315,0
1995-05-30,14.898,14.959,14.838,14.898,86484,0
1995-05-31,14.898,15.136,14.78,15.136,96133,0
1995-06-01,15.136,15.198,15.018,15.136,138376,0
1995-06-02,15.075,15.315,15.075,15.198,119668,0
1995-06-05,15.198,15.315,15.018,15.075,440890,0
1995-06-06,15.136,15.254,15.136,15.198,83778,0
1995-06-07,15.075,15.136,15.018,15.018,111077,0
1995-06-08,15.075,15.136,15.018,15.075,200740,0
1995-06-09,15.018,15.075,14.959,15.075,145200,0
1995-06-12,15.018,15.136,15.018,15.136,99780,0
1995-06-13,15.136,15.374,15.075,15.374,255925,0
1995-06-14,15.435,15.671,15.374,15.671,142375,0
1995-06-15,15.793,15.971,15.73,15.971,225683,0
1995-06-16,15.971,15.971,15.793,15.851,216385,0
1995-06-19,15.851,15.907,15.73,15.793,114840,0
1995-06-20,15.793,15.907,15.435,15.552,171203,0
1995-06-21,15.552,15.552,15.374,15.435,285455,0
1995-06-22,15.493,15.615,15.435,15.552,200975,0
1995-06-23,15.493,15.552,15.315,15.315,137785,0
1995-06-26,15.315,15.374,15.254,15.315,95546,0
1995-06-27,15.254,15.493,15.254,15.493,172851,0
1995-06-28,15.374,15.671,15.374,15.552,194499,0
1995-06-29,15.615,15.671,15.493,15.671,172968,0
1995-06-30,15.73,15.793,15.552,15.73,89189,0
1995-07-03,15.793,15.907,15.73,15.907,69774,0
1995-07-05,15.851,15.907,15.73,15.851,142964,0
1995-07-06,15.971,16.148,15.907,16.086,172025,0
1995-07-07,16.086,16.148,15.907,16.086,127197,0
1995-07-10,15.851,16.03,15.851,16.03,95312,0
1995-07-11,16.03,16.03,15.907,15.971,78719,0
1995-07-12,15.907,15.971,15.73,15.907,102960,0
1995-07-13,15.907,15.971,15.552,15.73,126726,0
1995-07-14,15.615,15.793,15.552,15.615,150964,0
1995-07-17,15.552,15.671,15.493,15.671,115074,0
1995-07-18,15.615,15.73,15.493,15.615,77656,0
1995-07-19,15.493,15.552,15.198,15.435,135905,0
1995-07-20,15.435,15.493,15.374,15.435,105546,0
1995-07-21,15.374,15.493,15.374,15.374,128726,0
1995-07-24,15.374,15.493,15.315,15.374,72718,0
1995-07-25,15.315,15.435,15.254,15.315,132842,0
1995-07-26,15.315,15.374,15.254,15.315,85308,0
1995-07-27,15.254,15.435,15.254,15.374,105426,0
1995-07-28,15.374,15.493,15.374,15.435,351231,0
1995-07-31,15.315,15.435,15.198,15.254,122136,0
1995-08-01,15.254,15.254,15.075,15.198,68717,0
1995-08-02,15.198,15.315,15.198,15.254,76129,0
1995-08-03,15.136,15.198,15.018,15.198,107900,0
1995-08-04,15.136,15.198,15.075,15.136,38716,0
1995-08-07,15.136,15.254,15.075,15.136,106488,0
1995-08-08,15.136,15.198,15.018,15.075,91779,0
1995-08-09,15.075,15.136,14.959,15.075,93779,0
1995-08-10,15.018,15.075,14.838,15.018,39063,0
1995-08-11,15.018,15.075,14.78,14.78,87310,0
1995-08-14,14.898,15.075,14.898,15.075,75656,0
1995-08-15,14.959,15.018,14.78,14.959,108254,0
1995-08-16,14.959,14.959,14.543,14.543,135549,0
1995-08-17,14.658,14.658,14.305,14.543,285926,0
1995-08-18,14.543,14.72,14.422,14.6,231564,0
1995-08-21,14.72,14.838,14.543,14.543,294987,0
1995-08-22,14.543,14.78,14.543,14.72,270160,0
1995-08-23,14.658,14.898,14.6,14.78,192030,0
1995-08-24,14.78,14.898,14.78,14.78,227917,0
1995-08-25,14.838,15.083,14.78,15.018,149199,0
1995-08-28,15.083,15.145,15.018,15.083,57540,0
1995-08-29,15.018,15.262,15.018,15.083,198618,0
1995-08-30,14.959,15.083,14.959,15.018,190028,0
1995-08-31,15.018,15.083,14.959,15.018,367941,0
1995-09-01,14.959,15.083,14.959,15.018,40358,0
1995-09-05,15.018,15.204,15.018,15.145,131078,0
1995-09-06,15.083,15.083,14.959,15.083,74485,0
1995-09-07,15.018,15.204,15.018,15.204,74246,0
1995-09-08,15.145,15.204,15.083,15.204,45185,0
1995-09-11,15.204,15.262,15.145,15.204,58596,0
1995-09-12,15.262,15.561,15.204,15.561,684815,0
1995-09-13,15.561,15.987,15.501,15.858,307930,0
1995-09-14,15.858,15.926,15.739,15.926,142844,0
1995-09-15,16.223,16.223,15.926,16.104,384178,0
1995-09-18,15.987,16.044,15.858,15.987,84247,0
1995-09-19,15.987,16.165,15.926,16.104,72599,0
1995-09-20,16.044,16.104,16.044,16.104,56830,0
1995-09-21,15.987,16.104,15.926,15.926,113666,0
1995-09-22,15.926,15.987,15.858,15.987,83069,0
1995-09-25,15.926,15.987,15.802,15.858,65656,0
1995-09-26,15.987,16.044,15.739,15.802,70953,0
1995-09-27,15.739,15.739,15.623,15.739,65540,0
1995-09-28,15.739,15.739,15.623,15.739,61302,0
1995-09-29,15.739,15.987,15.678,15.926,101545,0
1995-10-02,15.926,16.044,15.739,16.044,69893,0
1995-10-03,16.044,16.044,15.678,15.858,221328,0
1995-10-04,15.802,15.858,15.501,15.561,85071,0
1995-10-05,15.501,15.623,15.383,15.623,113195,0
1995-10-06,15.501,15.623,15.501,15.561,74246,0
1995-10-09,15.501,15.678,15.501,15.623,55303,0
1995-10-10,15.501,15.858,15.501,15.858,181089,0
1995-10-11,15.739,15.802,15.678,15.802,79307,0
1995-10-12,15.739,15.858,15.678,15.858,48007,0
1995-10-13,15.858,15.858,15.678,15.802,117546,0
1995-10-16,15.561,15.739,15.383,15.678,131903,0
1995-10-17,15.739,15.739,15.262,15.561,158849,0
1995-10-18,15.441,15.561,15.383,15.561,70601,0
1995-10-19,15.623,15.739,15.561,15.678,37890,0
1995-10-20,15.623,15.623,15.262,15.383,106841,0
1995-10-23,15.262,15.501,15.145,15.145,246038,0
1995-10-24,15.083,15.145,14.6,14.78,223563,0
1995-10-25,14.057,14.057,13.759,13.819,506194,0
1995-10-26,13.819,13.819,13.096,13.274,451600,0
1995-10-27,13.405,13.405,13.217,13.341,177558,0
1995-10-30,13.341,13.405,13.155,13.155,267336,0
1995-10-31,13.155,13.217,12.917,12.917,228271,0
1995-11-01,12.978,13.155,12.978,13.155,175668,0
1995-11-02,13.217,13.274,12.978,13.038,200975,0
1995-11-03,12.978,13.038,12.858,12.917,198973,0
1995-11-06,12.858,12.978,12.797,12.917,275220,0
1995-11-07,12.917,12.917,12.797,12.797,194737,0
1995-11-08,12.858,12.917,12.797,12.858,272985,0
1995-11-09,12.797,13.217,12.797,13.038,363942,0
1995-11-10,13.038,13.155,12.978,13.038,367237,0
1995-11-13,13.038,13.155,12.978,13.155,199909,0
1995-11-14,13.217,13.217,12.917,13.038,244156,0
1995-11-15,12.978,13.096,12.978,13.038,124254,0
1995-11-16,13.155,13.405,13.096,13.405,160848,0
1995-11-17,13.405,13.945,13.341,13.886,249572,0
1995-11-20,13.649,13.945,13.649,13.707,415475,0
1995-11-21,13.707,13.768,13.46,13.582,231211,0
1995-11-22,13.582,13.649,13.52,13.582,550911,0
1995-11-24,13.582,13.649,13.52,13.582,66599,0
1995-11-27,13.649,13.649,13.341,13.341,132259,0
1995-11-28,13.405,13.582,13.341,13.582,97073,0
1995-11-29,13.52,13.582,13.46,13.52,74597,0
1995-11-30,13.46,13.52,13.405,13.46,255097,0
1995-12-01,13.46,13.52,13.217,13.282,192852,0
1995-12-04,13.217,13.341,13.096,13.282,353467,0
1995-12-05,13.282,13.405,13.217,13.405,382530,0
1995-12-06,13.341,13.582,13.341,13.582,343822,0
1995-12-07,13.52,13.582,13.405,13.46,1223954,0
1995-12-08,13.52,13.649,13.46,13.52,317933,0
1995-12-11,13.46,13.707,13.46,13.52,263215,0
1995-12-12,13.46,13.52,13.405,13.46,119313,0
1995-12-13,13.405,13.46,13.282,13.341,188972,0
1995-12-14,13.341,13.405,13.282,13.341,271571,0
1995-12-15,13.282,13.46,13.155,13.341,343697,0
1995-12-18,13.217,13.282,13.096,13.155,182734,0
1995-12-19,13.096,13.405,13.096,13.341,371587,0
1995-12-20,13.282,13.405,13.155,13.217,217092,0
1995-12-21,13.217,13.405,13.217,13.405,366649,0
1995-12-22,13.341,13.649,13.282,13.649,175556,0
1995-12-26,13.707,13.827,13.52,13.649,148024,0
1995-12-27,14.134,14.378,14.015,14.252,1265611,0
1995-12-28,14.252,14.499,14.134,14.134,1163477,0
1995-12-29,14.134,14.252,14.074,14.134,298870,0
1996-01-02,14.074,14.192,14.015,14.015,254156,0
1996-01-03,14.015,14.192,14.015,14.134,485370,0
1996-01-04,14.074,14.134,13.886,13.945,166612,0
1996-01-05,13.945,14.015,13.827,13.886,258514,0
1996-01-08,13.886,13.886,13.827,13.886,43887,0
1996-01-09,13.827,13.945,13.707,13.768,408180,0
1996-01-10,13.649,13.707,13.155,13.282,435010,0
1996-01-11,13.282,13.405,13.155,13.341,303576,0
1996-01-12,13.282,13.649,13.155,13.582,271571,0
1996-01-15,13.52,13.649,13.46,13.52,144492,0
1996-01-16,13.46,13.46,13.155,13.405,177201,0
1996-01-17,13.341,13.582,13.217,13.52,264747,0
1996-01-18,13.46,13.886,13.46,13.886,268273,0
1996-01-19,13.768,13.827,13.707,13.768,141432,0
1996-01-22,13.768,13.827,13.582,13.582,208266,0
1996-01-23,13.52,13.582,13.405,13.52,159554,0
1996-01-24,13.52,13.707,13.405,13.649,282986,0
1996-01-25,13.649,13.707,13.582,13.649,1439757,0
1996-01-26,13.707,13.886,13.707,13.886,168967,0
1996-01-29,14.074,14.074,13.886,14.074,274631,0
1996-01-30,14.015,14.134,13.945,14.134,222151,0
1996-01-31,14.134,14.313,14.015,14.313,237330,0
1996-02-01,14.313,14.559,14.252,14.559,285574,0
1996-02-02,14.559,14.675,14.499,14.675,237094,0
1996-02-05,14.675,14.862,14.617,14.862,233917,0
1996-02-06,14.862,14.862,14.617,14.806,427596,0
1996-02-07,14.806,14.985,14.747,14.985,539967,0
1996-02-08,14.924,14.985,14.862,14.924,296163,0
1996-02-09,14.862,14.862,14.617,14.617,444187,0
1996-02-12,14.806,15.043,14.712,15.043,494312,0
1996-02-13,15.11,16.022,15.043,16.022,924848,0
1996-02-14,16.022,16.022,15.597,15.899,481604,0
1996-02-15,15.89,16.139,15.89,15.962,316872,0
1996-02-16,16.022,16.077,15.834,16.022,359468,0
1996-02-20,15.89,15.962,15.775,15.962,205092,0
1996-02-21,16.077,16.386,15.962,16.327,503609,0
1996-02-22,16.327,16.514,16.266,16.453,545495,0
1996-02-23,16.514,16.514,16.386,16.514,272395,0
1996-02-26,16.453,16.571,16.386,16.386,202737,0
1996-02-27,16.386,16.386,16.022,16.209,270278,0
1996-02-28,16.139,16.139,15.712,15.834,575145,0
1996-02-29,15.712,15.89,15.712,15.834,348171,0
1996-03-01,15.834,16.022,15.775,16.022,141903,0
1996-03-04,15.89,16.386,15.834,16.327,369819,0
1996-03-05,16.209,16.209,16.022,16.139,129079,0
1996-03-06,16.266,16.514,16.266,16.453,380294,0
1996-03-07,16.386,16.453,16.077,16.386,177792,0
1996-03-08,16.209,16.266,15.646,15.89,275456,0
1996-03-11,15.775,16.077,15.588,16.022,187793,0
1996-03-12,15.89,16.022,15.588,15.834,170144,0
1996-03-13,15.834,15.962,15.646,15.89,132020,0
1996-03-14,15.834,15.89,15.712,15.775,74006,0
1996-03-15,15.712,15.775,15.526,15.712,261216,0
1996-03-18,15.89,16.022,15.712,15.775,321932,0
1996-03-19,15.712,15.775,15.588,15.712,209796,0
1996-03-20,15.646,15.646,15.526,15.588,99310,0
1996-03-21,15.588,15.588,15.28,15.466,178383,0
1996-03-22,15.588,15.588,15.28,15.28,168850,0
1996-03-25,15.526,15.775,15.526,15.712,264158,0
1996-03-26,15.712,15.834,15.646,15.646,297338,0
1996-03-27,15.646,15.712,15.402,15.402,160145,0
1996-03-28,15.402,15.712,15.402,15.588,132020,0
1996-03-29,15.526,15.646,15.466,15.466,109310,0
1996-04-01,15.526,15.646,15.466,15.588,75896,0
1996-04-02,15.588,15.646,15.526,15.646,185679,0
1996-04-03,15.588,15.775,15.338,15.775,209560,0
1996-04-04,15.834,16.022,15.775,15.962,181795,0
1996-04-08,15.775,15.89,15.646,15.89,352054,0
1996-04-09,15.834,15.834,15.646,15.646,134964,0
1996-04-10,15.646,15.834,15.466,15.526,263215,0
1996-04-11,15.466,15.466,15.28,15.338,206856,0
1996-04-12,15.338,15.466,15.222,15.402,53656,0
1996-04-15,15.402,15.712,15.402,15.646,243920,0
1996-04-16,15.526,15.588,15.092,15.154,190618,0
1996-04-17,15.222,15.338,14.906,15.035,226506,0
1996-04-18,15.092,15.28,15.035,15.28,142727,0
1996-04-19,15.338,15.466,15.28,15.28,137079,0
1996-04-22,15.526,15.834,15.466,15.775,365235,0
1996-04-23,16.022,16.632,15.962,16.386,1637314,0
1996-04-24,16.514,16.571,16.077,16.266,581619,0
1996-04-25,16.327,16.701,16.266,16.514,423125,0
1996-04-26,16.514,17.065,16.514,16.701,620565,0
1996-04-29,16.76,17.125,16.76,17.125,206148,0
1996-04-30,17.005,17.252,16.881,17.252,557969,0
1996-05-01,17.194,17.438,17.065,17.438,272630,0
1996-05-02,17.31,17.617,17.252,17.559,335462,0
1996-05-03,17.438,17.559,17.372,17.499,219681,0
1996-05-06,17.438,17.499,17.31,17.499,230034,0
1996-05-07,17.438,17.438,16.947,17.125,367941,0
1996-05-08,17.065,17.252,16.947,17.252,174733,0
1996-05-09,17.499,17.559,17.252,17.372,251216,0
1996-05-10,17.372,17.499,17.252,17.499,400534,0
1996-05-13,17.559,18.052,17.499,17.864,291340,0
1996-05-14,17.992,18.11,17.806,18.11,192384,0
1996-05-15,17.992,18.299,17.864,18.299,205212,0
1996-05-16,18.169,18.355,18.052,18.299,258865,0
1996-05-17,18.425,18.486,18.169,18.239,179559,0
1996-05-20,18.355,18.355,18.169,18.299,201326,0
1996-05-21,18.355,18.486,18.052,18.425,284045,0
1996-05-22,18.425,18.425,18.239,18.355,122844,0
1996-05-23,18.355,18.858,18.299,18.789,250744,0
1996-05-24,18.672,18.858,18.611,18.858,161792,0
1996-05-28,18.789,18.858,18.611,18.733,223797,0
1996-05-29,18.733,18.733,18.299,18.355,91073,0
1996-05-30,18.239,18.299,17.864,18.299,135905,0
1996-05-31,18.355,18.355,17.923,18.052,231681,0
1996-06-03,18.169,18.299,18.11,18.169,153086,0
1996-06-04,18.239,18.544,18.169,18.425,167554,0
1996-06-05,18.425,18.425,18.299,18.425,123428,0
1996-06-06,18.355,18.355,18.239,18.239,130136,0
1996-06-07,18.052,18.355,17.864,18.355,99897,0
1996-06-10,18.239,18.239,17.923,17.983,232740,0
1996-06-11,18.052,18.169,17.923,17.923,250037,0
1996-06-12,17.923,18.239,17.797,17.797,230387,0
1996-06-13,17.864,18.052,17.736,17.983,189559,0
1996-06-14,17.864,18.052,17.864,18.052,221449,0
1996-06-17,17.923,18.11,17.864,17.923,141082,0
1996-06-18,17.736,17.736,17.551,17.609,49892,0
1996-06-19,17.609,17.609,17.176,17.303,117546,0
1996-06-20,17.235,17.676,16.929,17.609,236153,0
1996-06-21,17.923,18.11,17.864,18.052,509844,0
1996-06-24,18.052,18.052,17.923,18.052,220386,0
1996-06-25,18.11,18.11,17.923,18.052,313933,0
1996-06-26,17.983,17.983,17.551,17.551,116960,0
1996-06-27,17.609,17.676,17.424,17.676,97547,0
1996-06-28,17.676,17.797,17.609,17.676,150141,0
1996-07-01,17.864,18.355,17.736,18.355,191205,0
1996-07-02,18.239,18.355,18.11,18.355,106134,0
1996-07-03,18.425,18.425,18.299,18.355,353702,0
1996-07-05,18.169,18.169,17.923,17.923,29654,0
1996-07-08,17.864,18.11,17.797,17.923,97899,0
1996-07-09,17.797,17.864,17.609,17.797,95899,0
1996-07-10,17.797,17.797,17.424,17.676,117665,0
1996-07-11,17.676,17.676,17.049,17.235,91899,0
1996-07-12,17.116,17.303,16.989,17.176,119080,0
1996-07-15,17.235,17.235,16.742,16.801,147317,0
1996-07-16,16.742,16.801,16.428,16.556,188734,0
1996-07-17,16.683,17.176,16.428,16.929,177089,0
1996-07-18,16.989,17.049,16.801,17.049,87658,0
1996-07-19,17.116,17.116,16.863,16.929,137434,0
1996-07-22,16.989,17.797,16.929,17.797,227213,0
1996-07-23,17.797,17.797,17.424,17.551,182143,0
1996-07-24,17.424,17.676,17.303,17.609,95423,0
1996-07-25,17.864,17.864,17.676,17.797,130845,0
1996-07-26,17.864,18.11,17.491,18.11,176852,0
1996-07-29,18.11,18.299,18.052,18.169,237449,0
1996-07-30,18.239,18.486,18.11,18.425,423713,0
1996-07-31,18.299,18.544,18.239,18.239,160024,0
1996-08-01,18.239,18.611,18.169,18.611,177201,0
1996-08-02,18.611,19.046,18.544,18.977,204622,0
1996-08-05,18.858,19.046,18.611,18.789,200503,0
1996-08-06,18.858,18.92,18.733,18.858,82246,0
1996-08-07,18.858,18.92,18.672,18.789,115433,0
1996-08-08,18.672,18.789,18.169,18.299,241918,0
1996-08-09,18.486,18.977,18.425,18.92,315577,0
1996-08-12,18.92,19.107,18.92,19.046,192384,0
1996-08-13,19.046,19.046,18.611,18.789,194033,0
1996-08-14,18.858,19.107,18.733,19.046,307694,0
1996-08-15,19.036,19.92,19.036,19.861,436656,0
1996-08-16,19.92,19.92,19.606,19.734,173203,0
1996-08-19,19.734,19.793,19.665,19.734,278163,0
1996-08-20,19.793,19.861,19.606,19.665,275927,0
1996-08-21,19.352,19.665,19.231,19.665,213916,0
1996-08-22,19.606,19.92,19.419,19.861,81188,0
1996-08-23,19.861,19.98,19.734,19.793,132962,0
1996-08-26,19.734,19.734,19.479,19.548,163082,0
1996-08-27,19.606,19.793,19.479,19.734,276866,0
1996-08-28,19.734,19.861,19.665,19.793,79898,0
1996-08-29,19.665,19.734,19.165,19.293,127548,0
1996-08-30,19.352,19.352,18.977,19.231,84834,0
1996-09-03,19.036,19.036,18.849,18.849,348644,0
1996-09-04,18.92,18.977,18.733,18.849,136725,0
1996-09-05,18.789,18.977,18.789,18.789,229330,0
1996-09-06,18.733,18.789,18.478,18.789,142609,0
1996-09-09,18.92,18.977,18.478,18.478,150732,0
1996-09-10,18.602,18.92,18.602,18.789,365235,0
1996-09-11,18.789,18.977,18.789,18.977,229801,0
1996-09-12,18.92,18.977,18.664,18.849,148494,0
1996-09-13,18.92,18.92,18.733,18.92,309223,0
1996-09-16,18.977,19.293,18.92,19.165,222858,0
1996-09-17,19.231,19.231,19.036,19.165,126137,0
1996-09-18,19.107,19.231,18.849,18.849,152023,0
1996-09-19,18.92,18.92,18.733,18.849,103664,0
1996-09-20,18.977,19.107,18.849,19.107,217330,0
1996-09-23,18.977,19.036,18.849,19.036,78131,0
1996-09-24,18.977,19.293,18.977,19.165,128493,0
1996-09-25,19.165,19.419,19.107,19.107,148963,0
1996-09-26,19.165,19.165,18.849,19.107,72954,0
1996-09-27,19.107,19.107,18.789,18.92,85779,0
1996-09-30,18.849,19.107,18.789,18.977,206266,0
1996-10-01,19.036,19.165,19.011,19.036,111665,0
1996-10-02,19.165,19.479,19.107,19.231,171675,0
1996-10-03,19.293,19.293,19.036,19.036,110956,0
1996-10-04,19.165,19.734,18.977,19.606,202737,0
1996-10-07,19.548,19.793,19.352,19.352,248509,0
1996-10-08,19.293,19.419,19.231,19.293,93896,0
1996-10-09,19.293,19.293,18.92,18.977,64834,0
1996-10-10,18.92,18.977,18.602,18.664,165435,0
1996-10-11,18.664,18.733,18.537,18.602,114487,0
1996-10-14,18.733,18.849,18.733,18.849,39420,0
1996-10-15,18.789,18.789,18.29,18.733,181203,0
1996-10-16,18.733,18.789,18.664,18.733,140373,0
1996-10-17,18.733,19.107,18.733,18.849,124490,0
1996-10-18,18.977,18.977,18.664,18.664,120372,0
1996-10-21,18.664,18.733,16.904,17.09,881429,0
1996-10-22,16.963,16.963,16.403,16.531,629274,0
1996-10-23,16.531,16.963,16.461,16.963,517139,0
1996-10-24,16.963,16.963,16.531,16.531,432656,0
1996-10-25,16.531,16.588,16.403,16.531,298047,0
1996-10-28,16.531,16.531,16.216,16.216,323462,0
1996-10-29,16.216,16.342,16.216,16.274,185440,0
1996-10-30,16.342,16.403,16.148,16.216,196858,0
1996-10-31,16.086,16.461,16.086,16.403,240036,0
1996-11-01,16.531,16.717,16.461,16.531,235804,0
1996-11-04,16.649,17.032,16.649,16.963,213328,0
1996-11-05,17.032,17.219,16.963,16.963,156024,0
1996-11-06,16.904,17.278,16.844,17.159,288750,0
1996-11-07,17.219,17.278,16.904,17.09,382295,0
1996-11-08,17.032,17.159,17.032,17.159,319108,0
1996-11-11,17.09,17.159,17.032,17.032,174968,0
1996-11-12,17.032,17.159,16.963,17.09,210858,0
1996-11-13,17.032,17.09,16.03,16.274,509608,0
1996-11-14,16.209,16.209,15.826,16.209,1086521,0
1996-11-15,16.403,16.461,16.274,16.403,414890,0
1996-11-18,16.461,16.531,16.335,16.531,221918,0
1996-11-19,16.403,16.461,16.148,16.335,420064,0
1996-11-20,16.335,16.335,16.148,16.148,200503,0
1996-11-21,16.209,16.209,15.953,16.022,255097,0
1996-11-22,16.022,16.022,15.826,15.826,188147,0
1996-11-25,15.89,15.89,15.703,15.765,468429,0
1996-11-26,15.765,15.826,15.703,15.703,433597,0
1996-11-27,15.703,15.89,15.637,15.703,533491,0
1996-11-29,15.703,15.826,15.703,15.765,168617,0
1996-12-02,15.765,15.826,15.703,15.703,230979,0
1996-12-03,15.826,16.022,15.765,15.826,478782,0
1996-12-04,15.89,16.022,15.765,15.826,450659,0
1996-12-05,15.826,16.022,15.765,15.953,507136,0
1996-12-06,15.826,15.826,15.637,15.637,397355,0
1996-12-09,15.703,15.765,15.637,15.703,325815,0
1996-12-10,15.703,15.826,15.703,15.703,486782,0
1996-12-11,15.509,15.637,15.383,15.509,267806,0
1996-12-12,15.45,15.703,15.45,15.509,630098,0
1996-12-13,15.509,15.509,15.45,15.45,292045,0
1996-12-16,15.383,15.509,15.254,15.322,222387,0
1996-12-17,15.198,15.322,15.128,15.254,416653,0
1996-12-18,15.254,15.45,15.198,15.383,213210,0
1996-12-19,15.509,15.826,15.45,15.826,185085,0
1996-12-20,16.335,16.335,15.703,15.953,688342,0
1996-12-23,15.89,16.077,15.89,16.022,133433,0
1996-12-24,15.826,16.077,15.826,16.077,84369,0
1996-12-26,15.953,16.335,15.953,16.335,140844,0
1996-12-27,16.403,16.403,16.274,16.335,74362,0
1996-12-30,16.403,16.588,16.335,16.588,169320,0
1996-12-31,16.784,16.844,16.588,16.659,197442,0
1997-01-02,16.659,16.659,16.077,16.209,250864,0
1997-01-03,16.274,16.659,16.274,16.659,406535,0
1997-01-06,16.717,16.844,16.531,16.531,465132,0
1997-01-07,16.461,16.717,16.335,16.659,182852,0
1997-01-08,16.717,16.717,16.022,16.209,364764,0
1997-01-09,16.209,16.274,16.022,16.209,162729,0
1997-01-10,16.077,16.077,15.826,15.89,296281,0
1997-01-13,15.89,15.89,15.509,15.579,323583,0
1997-01-14,15.579,15.826,15.509,15.637,207915,0
1997-01-15,15.579,15.637,15.198,15.254,418773,0
1997-01-16,15.322,15.637,15.128,15.579,601504,0
1997-01-17,15.579,16.022,15.579,15.953,248629,0
1997-01-20,15.89,16.022,15.703,15.703,148024,0
1997-01-21,15.579,15.703,15.509,15.637,182383,0
1997-01-22,15.509,15.637,15.383,15.509,325698,0
1997-01-23,15.579,16.022,15.509,15.765,282515,0
1997-01-24,15.579,15.826,15.579,15.637,252746,0
1997-01-27,15.637,15.826,15.509,15.509,213794,0
1997-01-28,15.579,15.703,15.322,15.383,227917,0
1997-01-29,15.383,15.637,15.254,15.579,175323,0
1997-01-30,15.703,15.703,15.45,15.509,156144,0
1997-01-31,15.509,16.022,15.509,15.637,216033,0
1997-02-03,15.579,15.637,15.45,15.509,214972,0
1997-02-04,15.579,15.637,15.509,15.509,239094,0
1997-02-05,15.509,15.89,15.509,15.509,222030,0
1997-02-06,15.579,15.89,15.509,15.826,439833,0
1997-02-07,16.022,16.274,15.826,16.022,315226,0
1997-02-10,16.077,16.077,15.953,16.022,166263,0
1997-02-11,16.077,16.077,15.826,15.953,111428,0
1997-02-12,15.953,16.077,15.826,16.077,320051,0
1997-02-13,16.274,16.274,16.022,16.077,247804,0
1997-02-14,16.077,16.335,16.077,16.148,140961,0
1997-02-18,16.274,16.47,16.209,16.403,219447,0
1997-02-19,16.47,16.912,16.47,16.659,378413,0
1997-02-20,16.659,16.726,16.531,16.531,467954,0
1997-02-21,16.597,16.597,16.47,16.531,176147,0
1997-02-24,16.531,16.531,16.274,16.274,79189,0
1997-02-25,16.403,16.47,16.209,16.47,157554,0
1997-02-26,16.47,16.531,16.148,16.531,290752,0
1997-02-27,16.47,16.597,16.403,16.597,317816,0
1997-02-28,16.531,16.597,16.274,16.274,121314,0
1997-03-03,16.335,16.531,16.335,16.403,230979,0
1997-03-04,16.403,16.531,16.335,16.335,93427,0
1997-03-05,16.403,16.531,16.335,16.335,192030,0
1997-03-06,16.403,16.47,16.274,16.335,247569,0
1997-03-07,16.403,16.726,16.403,16.726,216150,0
1997-03-10,16.784,16.912,16.726,16.784,266397,0
1997-03-11,16.912,17.107,16.784,17.049,376408,0
1997-03-12,16.981,17.049,16.726,16.854,247098,0
1997-03-13,16.726,16.784,16.597,16.659,82366,0
1997-03-14,16.531,16.784,16.531,16.726,127197,0
1997-03-17,16.726,17.303,16.659,17.176,128843,0
1997-03-18,17.235,17.235,16.726,16.854,131195,0
1997-03-19,16.854,16.854,16.335,16.47,184032,0
1997-03-20,16.47,16.597,16.209,16.531,218034,0
1997-03-21,16.659,16.726,16.531,16.597,243920,0
1997-03-24,16.659,16.784,16.531,16.597,124725,0
1997-03-25,16.659,16.981,16.597,16.784,247098,0
1997-03-26,16.854,17.049,16.784,16.784,175087,0
1997-03-27,16.784,16.981,16.726,16.854,252746,0
1997-03-31,16.912,16.981,16.597,16.597,200618,0
1997-04-01,16.597,16.784,16.335,16.784,191793,0
1997-04-02,16.659,16.912,16.659,16.854,209326,0
1997-04-03,16.784,16.854,16.531,16.726,140607,0
1997-04-04,16.659,16.659,16.335,16.47,144141,0
1997-04-07,16.597,16.597,16.335,16.403,119668,0
1997-04-08,16.335,16.403,16.174,16.335,182498,0
1997-04-09,16.403,16.531,16.274,16.335,80602,0
1997-04-10,16.274,16.47,16.274,16.335,56243,0
1997-04-11,16.209,16.209,16.022,16.077,122136,0
1997-04-14,16.077,16.077,15.757,15.882,174146,0
1997-04-15,15.953,16.077,15.826,16.022,94014,0
1997-04-16,15.953,16.077,15.882,16.022,264158,0
1997-04-17,16.077,16.209,15.882,16.077,118135,0
1997-04-18,16.077,16.209,16.022,16.148,307930,0
1997-04-21,16.209,16.531,16.209,16.335,148139,0
1997-04-22,16.335,16.403,16.274,16.335,126020,0
1997-04-23,16.209,16.274,15.826,15.953,113783,0
1997-04-24,15.953,15.953,15.63,15.757,104721,0
1997-04-25,15.757,15.757,15.435,15.501,560677,0
1997-04-28,15.501,15.882,15.306,15.882,309108,0
1997-04-29,15.953,15.953,15.57,15.757,108605,0
1997-04-30,15.757,15.953,15.694,15.694,129901,0
1997-05-01,15.757,16.077,15.694,15.882,111313,0
1997-05-02,16.077,16.148,15.826,16.022,185557,0
1997-05-05,16.022,16.659,15.953,16.659,130494,0
1997-05-06,16.597,16.659,16.335,16.597,245568,0
1997-05-07,16.597,16.659,16.209,16.274,251336,0
1997-05-08,16.148,16.854,16.077,16.531,218976,0
1997-05-09,16.597,16.726,16.403,16.597,171907,0
1997-05-12,16.659,16.981,16.597,16.854,232390,0
1997-05-13,16.784,16.912,16.726,16.784,138256,0
1997-05-14,16.854,16.981,16.659,16.659,128843,0
1997-05-15,16.726,16.981,16.726,16.92,63069,0
1997-05-16,16.92,16.981,16.588,16.726,106251,0
1997-05-19,16.461,16.726,16.394,16.659,118486,0
1997-05-20,16.588,16.92,16.428,16.92,168499,0
1997-05-21,16.981,17.049,16.784,16.784,95423,0
1997-05-22,16.854,16.92,16.726,16.784,86249,0
1997-05-23,16.784,16.92,16.659,16.784,63658,0
1997-05-27,16.784,16.981,16.726,16.981,114487,0
1997-05-28,16.981,16.981,16.659,16.726,140844,0
1997-05-29,16.784,16.784,16.659,16.784,80837,0
1997-05-30,16.588,16.92,16.531,16.92,110134,0
1997-06-02,16.92,16.92,16.531,16.659,123080,0
1997-06-03,16.588,16.588,16.394,16.394,109430,0
1997-06-04,16.335,16.394,16.2,16.335,103192,0
1997-06-05,16.394,16.394,16.2,16.2,44359,0
1997-06-06,16.266,16.588,16.2,16.588,208740,0
1997-06-09,16.531,16.726,16.531,16.726,83893,0
1997-06-10,16.784,16.854,16.659,16.784,125199,0
1997-06-11,16.784,16.981,16.784,16.92,128139,0
1997-06-12,17.116,17.244,16.981,17.176,213210,0
1997-06-13,17.176,17.176,17.049,17.176,150258,0
1997-06-16,17.176,17.438,17.116,17.438,241918,0
1997-06-17,17.438,17.499,17.176,17.372,104486,0
1997-06-18,17.244,17.303,17.049,17.176,134608,0
1997-06-19,17.244,17.244,17.176,17.244,179204,0
1997-06-20,17.634,17.634,17.372,17.438,419007,0
1997-06-23,17.372,17.499,17.303,17.438,217092,0
1997-06-24,17.438,17.829,17.372,17.797,242508,0
1997-06-25,17.797,17.992,17.634,17.829,235804,0
1997-06-26,17.829,17.829,17.499,17.533,120486,0
1997-06-27,17.499,17.764,17.473,17.634,195915,0
1997-06-30,17.634,17.958,17.499,17.764,185557,0
1997-07-01,17.829,18.222,17.694,18.118,281457,0
1997-07-02,18.151,18.478,18.085,18.282,196858,0
1997-07-03,18.417,18.512,18.346,18.512,96486,0
1997-07-07,18.478,18.512,18.085,18.222,219330,0
1997-07-08,18.282,18.672,18.222,18.544,364647,0
1997-07-09,18.611,18.672,18.222,18.282,260748,0
1997-07-10,18.282,18.346,18.118,18.282,141197,0
1997-07-11,18.346,18.478,18.151,18.222,201446,0
1997-07-14,18.248,18.382,18.118,18.315,149082,0
1997-07-15,18.315,18.315,18.028,18.151,302987,0
1997-07-16,18.187,18.417,18.085,18.417,124254,0
1997-07-17,18.346,18.346,18.028,18.282,196148,0
1997-07-18,18.151,18.151,17.797,17.889,200740,0
1997-07-21,17.634,17.797,17.473,17.668,265687,0
1997-07-22,17.634,17.992,17.567,17.992,412417,0
1997-07-23,18.085,18.151,17.694,17.694,199323,0
1997-07-24,17.694,17.889,17.405,17.864,270982,0
1997-07-25,17.829,17.923,17.797,17.864,102371,0
1997-07-28,17.923,18.028,17.668,17.728,189793,0
1997-07-29,17.764,17.829,17.694,17.764,127548,0
1997-07-30,17.764,17.923,17.567,17.602,233211,0
1997-07-31,17.533,17.567,17.303,17.337,293574,0
1997-08-01,17.212,17.244,16.92,17.176,402532,0
1997-08-04,17.176,17.602,16.981,17.567,215447,0
1997-08-05,17.438,17.438,17.116,17.176,183085,0
1997-08-06,17.141,17.499,17.116,17.499,136493,0
1997-08-07,17.473,17.634,17.405,17.602,170971,0
1997-08-08,17.567,17.602,17.372,17.567,411242,0
1997-08-11,17.567,17.864,17.499,17.864,138962,0
1997-08-12,17.958,18.118,17.694,17.728,201210,0
1997-08-13,17.797,18.028,17.728,17.889,254745,0
1997-08-14,17.855,17.889,17.364,17.396,296633,0
1997-08-15,17.524,17.524,17.269,17.296,283691,0
1997-08-18,17.296,17.499,17.065,17.499,219917,0
1997-08-19,17.524,17.594,17.431,17.559,202737,0
1997-08-20,17.626,17.659,17.499,17.524,135433,0
1997-08-21,17.499,17.524,17.328,17.364,202148,0
1997-08-22,17.235,17.396,17.167,17.396,283808,0
1997-08-25,17.396,17.626,17.328,17.431,378646,0
1997-08-26,17.364,17.431,17.269,17.328,219797,0
1997-08-27,17.328,17.499,17.328,17.464,444659,0
1997-08-28,17.431,17.499,17.296,17.364,230387,0
1997-08-29,17.364,17.364,17.235,17.328,127783,0
1997-09-02,17.328,17.524,17.005,17.431,196384,0
1997-09-03,17.499,17.594,17.431,17.431,172145,0
1997-09-04,17.464,17.499,17.364,17.464,226622,0
1997-09-05,17.364,17.464,17.296,17.431,126487,0
1997-09-08,17.431,17.431,17.202,17.328,94369,0
1997-09-09,17.296,17.464,17.202,17.364,211916,0
1997-09-10,17.364,17.364,17.219,17.235,309578,0
1997-09-11,17.235,17.269,17.133,17.167,282515,0
1997-09-12,17.133,17.296,17.005,17.269,256037,0
1997-09-15,17.269,17.328,17.167,17.296,220386,0
1997-09-16,17.364,17.694,17.364,17.626,243686,0
1997-09-17,17.594,17.855,17.594,17.855,324874,0
1997-09-18,17.79,17.889,17.79,17.855,269805,0
1997-09-19,17.823,17.923,17.79,17.823,255805,0
1997-09-22,17.79,17.992,17.728,17.823,85308,0
1997-09-23,17.764,17.764,17.296,17.431,318871,0
1997-09-24,17.431,17.524,17.269,17.364,141552,0
1997-09-25,17.296,17.855,17.269,17.559,249806,0
1997-09-26,17.559,17.855,17.499,17.764,150964,0
1997-09-29,17.694,17.79,17.431,17.559,64245,0
1997-09-30,17.559,17.659,17.431,17.659,175087,0
1997-10-01,17.626,18.028,17.626,17.923,251216,0
1997-10-02,18.052,18.085,17.764,17.855,216269,0
1997-10-03,17.992,18.052,17.694,17.923,132607,0
1997-10-06,17.992,18.085,17.764,17.958,266277,0
1997-10-07,18.028,18.282,17.958,18.085,243449,0
1997-10-08,18.151,18.151,17.764,17.855,165671,0
1997-10-09,17.764,17.889,17.694,17.823,75187,0
1997-10-10,17.728,17.79,17.626,17.728,105075,0
1997-10-13,17.764,17.823,17.694,17.79,46951,0
1997-10-14,17.79,17.855,17.626,17.694,237449,0
1997-10-15,17.559,17.923,17.559,17.79,81896,0
1997-10-16,17.889,18.028,17.659,17.659,155084,0
1997-10-17,17.694,17.79,17.364,17.559,139553,0
1997-10-20,17.659,18.222,17.626,18.118,135905,0
1997-10-21,18.052,18.052,17.626,17.694,406063,0
1997-10-22,17.728,17.728,17.626,17.694,239686,0
1997-10-23,17.594,17.626,17.296,17.328,227682,0
1997-10-24,17.464,17.524,17.328,17.328,79660,0
1997-10-27,17.364,17.364,17.005,17.065,157673,0
1997-10-28,17.065,18.346,16.445,18.256,353230,0
1997-10-29,18.118,18.118,17.098,17.364,328874,0
1997-10-30,17.235,17.364,16.972,17.202,180496,0
1997-10-31,17.167,17.364,17.133,17.235,500313,0
1997-11-03,17.235,17.364,17.065,17.167,260511,0
1997-11-04,17.296,17.431,17.098,17.328,387120,0
1997-11-05,17.328,17.626,17.269,17.499,252864,0
1997-11-06,17.396,17.594,17.235,17.431,166851,0
1997-11-07,17.235,17.499,17.133,17.464,126726,0
1997-11-10,17.559,17.889,17.464,17.764,173791,0
1997-11-11,17.79,17.823,17.626,17.764,86602,0
1997-11-12,17.626,18.085,17.559,17.694,182029,0
1997-11-13,17.889,18.222,17.889,18.085,135433,0
1997-11-14,18.085,18.222,17.855,18.151,152734,0
1997-11-17,18.29,18.552,18.222,18.486,231330,0
1997-11-18,18.486,18.757,18.46,18.552,441600,0
1997-11-19,18.655,18.789,18.62,18.69,125077,0
1997-11-20,18.585,18.985,18.585,18.849,162025,0
1997-11-21,18.757,18.789,18.486,18.585,297223,0
1997-11-24,18.46,18.46,18.29,18.355,311461,0
1997-11-25,18.391,18.486,18.151,18.222,825069,0
1997-11-26,18.256,18.69,18.256,18.552,397708,0
1997-11-28,18.552,18.823,18.486,18.789,136021,0
1997-12-01,18.655,18.985,18.486,18.885,191089,0
1997-12-02,18.823,19.156,18.757,19.156,208031,0
1997-12-03,19.156,19.156,18.849,18.952,150258,0
1997-12-04,18.885,19.123,18.823,19.123,168733,0
1997-12-05,19.019,19.682,18.985,19.615,368292,0
1997-12-08,19.522,19.615,19.284,19.352,179910,0
1997-12-09,19.352,19.615,19.317,19.555,192501,0
1997-12-10,19.615,19.615,19.317,19.487,117665,0
1997-12-11,19.452,19.487,19.123,19.248,135314,0
1997-12-12,19.317,19.419,19.156,19.386,144962,0
1997-12-15,19.352,19.419,19.123,19.248,134259,0
1997-12-16,19.248,19.284,19.089,19.284,99425,0
1997-12-17,19.352,19.452,19.191,19.452,91073,0
1997-12-18,19.59,19.59,18.823,18.823,210739,0
1997-12-19,17.958,18.29,17.923,18.085,369587,0
1997-12-22,18.085,18.52,18.085,18.46,264393,0
1997-12-23,18.52,18.552,18.187,18.256,130257,0
1997-12-24,18.187,18.486,18.151,18.151,106722,0
1997-12-26,18.222,18.322,18.151,18.222,73776,0
1997-12-29,18.29,18.425,18.222,18.355,100719,0
1997-12-30,18.256,18.29,18.085,18.118,146024,0
1997-12-31,18.118,18.552,18.118,18.355,157789,0
1998-01-02,18.29,18.552,18.256,18.552,218623,0
1998-01-05,18.46,18.725,18.085,18.222,185913,0
1998-01-06,18.118,18.355,18.118,18.256,112373,0
1998-01-07,18.222,18.256,17.855,18.222,167792,0
1998-01-08,18.085,18.151,17.524,17.559,268983,0
1998-01-09,17.626,17.694,17.319,17.626,279339,0
1998-01-12,17.524,17.855,17.424,17.823,223094,0
1998-01-13,17.79,17.79,17.491,17.626,133433,0
1998-01-14,17.594,17.694,17.424,17.491,266982,0
1998-01-15,17.491,17.79,17.491,17.719,133314,0
1998-01-16,17.594,18.059,17.594,17.992,186266,0
1998-01-20,18.028,18.028,17.719,17.754,157201,0
1998-01-21,17.626,17.992,17.626,17.719,131785,0
1998-01-22,17.855,17.992,17.79,17.958,192734,0
1998-01-23,17.855,17.958,17.694,17.754,174146,0
1998-01-26,17.79,17.79,17.626,17.659,196971,0
1998-01-27,17.559,17.694,17.424,17.559,437247,0
1998-01-28,17.491,17.594,17.319,17.524,158964,0
1998-01-29,17.455,17.823,17.455,17.626,405240,0
1998-01-30,17.524,17.559,17.296,17.559,244039,0
1998-02-02,17.559,17.855,17.455,17.855,279339,0
1998-02-03,17.79,18.028,17.694,17.958,136138,0
1998-02-04,18.085,18.29,17.958,17.992,246863,0
1998-02-05,17.992,18.322,17.992,18.187,183907,0
1998-02-06,18.222,18.46,18.222,18.322,304283,0
1998-02-09,18.355,18.355,18.028,18.085,326053,0
1998-02-10,18.085,18.118,17.958,18.059,269925,0
1998-02-11,18.059,18.085,17.958,17.992,203210,0
1998-02-12,17.482,18.019,17.482,17.855,884607,0
1998-02-13,17.754,17.855,17.585,17.754,561971,0
1998-02-17,17.754,17.754,17.551,17.551,646923,0
1998-02-18,17.551,17.551,17.415,17.482,1245961,0
1998-02-19,17.482,17.617,17.482,17.585,1109823,0
1998-02-20,17.617,17.823,17.551,17.754,549729,0
1998-02-23,17.719,17.949,17.719,17.949,677871,0
1998-02-24,17.889,18.019,17.823,17.823,375471,0
1998-02-25,17.889,18.019,17.79,17.949,165435,0
1998-02-26,17.923,18.355,17.923,18.355,732821,0
1998-02-27,18.256,18.494,18.118,18.322,501018,0
1998-03-02,18.391,18.528,18.019,18.151,458191,0
1998-03-03,18.019,18.256,17.949,18.085,324874,0
1998-03-04,18.085,18.256,17.983,18.222,308988,0
1998-03-05,18.085,18.222,17.949,18.085,170852,0
1998-03-06,18.187,18.559,18.187,18.528,274514,0
1998-03-09,18.664,19.061,18.593,18.757,337818,0
1998-03-10,18.894,19.267,18.894,18.961,561381,0
1998-03-11,18.823,19.437,18.757,19.198,621508,0
1998-03-12,19.267,19.302,19.098,19.198,290517,0
1998-03-13,19.165,19.302,19.165,19.198,432656,0
1998-03-16,19.131,19.302,18.993,19.165,451009,0
1998-03-17,19.131,19.131,18.823,18.858,391942,0
1998-03-18,18.823,18.823,18.559,18.698,499015,0
1998-03-19,18.628,18.757,18.593,18.664,150375,0
1998-03-20,18.593,18.757,18.494,18.494,234624,0
1998-03-23,18.425,18.528,18.29,18.322,167675,0
1998-03-24,18.222,18.628,18.085,18.593,214856,0
1998-03-25,18.593,18.664,18.118,18.222,884607,0
1998-03-26,18.222,18.222,17.823,17.889,321344,0
1998-03-27,17.983,18.019,17.79,17.823,633159,0
1998-03-30,17.79,17.855,17.685,17.754,144727,0
1998-03-31,17.754,17.823,17.652,17.719,449714,0
1998-04-01,17.652,17.685,17.515,17.551,415475,0
1998-04-02,17.551,17.585,17.014,17.278,877547,0
1998-04-03,17.346,17.38,17.212,17.212,306988,0
1998-04-06,17.212,17.446,16.981,17.244,504901,0
1998-04-07,17.244,17.482,17.15,17.278,318871,0
1998-04-08,17.212,17.244,16.676,16.881,556321,0
1998-04-09,16.881,17.083,16.776,16.947,238860,0
1998-04-13,16.881,16.912,16.708,16.912,609272,0
1998-04-14,16.881,17.31,16.881,17.244,525730,0
1998-04-15,17.212,17.31,17.15,17.212,261570,0
1998-04-16,17.278,17.346,17.176,17.278,517609,0
1998-04-17,17.244,17.585,17.244,17.38,953208,0
1998-04-20,17.346,17.415,17.278,17.38,425832,0
1998-04-21,17.346,17.652,17.346,17.652,506786,0
1998-04-22,17.754,18.425,17.617,18.391,561853,0
1998-04-23,18.355,18.355,17.754,17.949,417832,0
1998-04-24,17.855,17.855,17.617,17.617,632098,0
1998-04-27,17.482,17.585,17.176,17.244,209796,0
1998-04-28,17.244,17.482,17.15,17.15,293929,0
1998-04-29,17.278,17.79,17.244,17.551,273809,0
1998-04-30,17.685,18.085,17.617,18.019,153673,0
1998-05-01,18.019,18.789,18.019,18.757,248629,0
1998-05-04,18.628,18.961,18.593,18.789,611388,0
1998-05-05,18.725,19.061,18.725,18.993,408770,0
1998-05-06,19.098,19.098,18.355,18.355,485370,0
1998-05-07,18.355,18.528,18.187,18.222,180617,0
1998-05-08,18.256,18.698,18.222,18.628,303696,0
1998-05-11,18.757,18.757,18.052,18.085,246155,0
1998-05-12,18.187,18.559,18.151,18.151,199565,0
1998-05-13,18.222,18.391,18.019,18.019,387587,0
1998-05-14,18.151,18.256,17.983,18.052,248978,0
1998-05-15,18.085,18.151,18.019,18.118,384647,0
1998-05-18,18.118,18.355,18.085,18.256,464659,0
1998-05-19,18.256,18.355,18.118,18.355,282398,0
1998-05-20,18.355,18.46,18.187,18.46,159200,0
1998-05-21,18.46,18.559,18.256,18.29,146495,0
1998-05-22,18.222,18.29,18.118,18.222,128843,0
1998-05-26,18.322,18.425,18.085,18.085,168029,0
1998-05-27,17.983,18.085,17.745,17.949,506316,0
1998-05-28,17.881,18.222,17.881,18.118,222623,0
1998-05-29,18.355,18.355,18.151,18.256,327935,0
1998-06-01,18.222,18.425,18.222,18.355,189089,0
1998-06-02,18.29,18.425,18.222,18.355,89781,0
1998-06-03,18.425,18.494,18.222,18.355,159672,0
1998-06-04,18.29,18.494,18.256,18.425,131433,0
1998-06-05,18.425,18.593,18.425,18.593,165557,0
1998-06-08,18.528,18.698,18.46,18.698,144727,0
1998-06-09,18.628,18.764,18.559,18.733,195208,0
1998-06-10,18.764,18.798,18.256,18.29,132492,0
1998-06-11,18.355,18.425,17.931,17.983,172145,0
1998-06-12,17.949,18.494,17.949,18.391,209915,0
1998-06-15,18.29,18.494,18.187,18.187,103429,0
1998-06-16,18.118,18.355,18.085,18.29,152023,0
1998-06-17,18.355,19.036,18.29,18.798,400413,0
1998-06-18,18.664,18.903,18.664,18.798,435128,0
1998-06-19,18.903,19.139,18.664,18.664,199441,0
1998-06-22,18.628,19.002,18.559,18.97,297695,0
1998-06-23,18.903,18.97,18.733,18.936,136138,0
1998-06-24,18.832,18.936,18.528,18.903,221211,0
1998-06-25,18.903,18.97,18.764,18.867,208740,0
1998-06-26,18.936,18.97,18.628,18.764,252276,0
1998-06-29,18.867,19.309,18.832,19.071,318402,0
1998-06-30,19.071,19.513,19.071,19.444,469132,0
1998-07-01,19.581,20.261,19.513,20.228,731172,0
1998-07-02,20.125,20.159,19.786,20.057,196384,0
1998-07-06,19.989,20.295,19.92,20.194,213210,0
1998-07-07,20.295,20.6,20.125,20.567,309930,0
1998-07-08,20.465,20.635,20.261,20.635,303930,0
1998-07-09,20.635,20.771,19.989,20.024,228035,0
1998-07-10,19.92,19.989,19.581,19.786,238743,0
1998-07-13,19.752,19.887,19.615,19.819,179910,0
1998-07-14,19.786,19.887,19.752,19.887,119196,0
1998-07-15,19.819,19.853,19.581,19.615,150844,0
1998-07-16,19.615,19.853,19.444,19.853,143080,0
1998-07-17,19.717,20.261,19.682,20.159,238860,0
1998-07-20,20.091,20.159,19.853,19.989,196735,0
1998-07-21,20.057,20.091,19.513,19.548,220503,0
1998-07-22,19.479,19.513,19.036,19.107,197914,0
1998-07-23,19.139,19.139,18.494,18.628,171557,0
1998-07-24,18.733,18.764,18.322,18.494,307107,0
1998-07-27,18.391,18.559,18.019,18.052,246155,0
1998-07-28,17.983,18.256,17.949,18.187,196148,0
1998-07-29,18.151,18.355,18.151,18.322,130960,0
1998-07-30,18.29,18.733,18.29,18.698,141197,0
1998-07-31,18.559,19.002,18.391,18.528,338288,0
1998-08-03,18.559,18.733,18.355,18.698,124254,0
1998-08-04,18.593,18.764,18.355,18.355,249451,0
1998-08-05,18.425,18.764,18.425,18.764,357234,0
1998-08-06,18.733,19.174,18.355,19.071,181439,0
1998-08-07,19.071,19.139,18.593,18.733,142022,0
1998-08-10,18.798,18.798,18.425,18.664,83424,0
1998-08-11,18.559,18.764,18.256,18.559,172616,0
1998-08-12,18.494,18.733,18.355,18.698,130136,0
1998-08-13,18.559,18.832,18.151,18.222,298280,0
1998-08-14,18.494,18.494,17.676,17.881,127078,0
1998-08-17,17.881,18.256,17.814,17.983,174497,0
1998-08-18,18.019,18.019,17.269,17.473,334874,0
1998-08-19,17.609,17.881,17.542,17.676,156729,0
1998-08-20,17.676,18.085,17.676,17.914,470190,0
1998-08-21,17.781,17.914,17.711,17.881,221211,0
1998-08-24,18.151,18.433,18.085,18.264,207091,0
1998-08-25,18.264,18.433,18.118,18.151,281335,0
1998-08-26,17.881,18.019,17.431,17.575,155084,0
1998-08-27,17.431,17.711,16.92,16.954,132373,0
1998-08-28,17.125,17.499,16.742,16.784,200740,0
1998-08-31,16.92,17.396,15.953,15.953,263571,0
1998-09-01,16.095,16.2,15.615,15.953,651161,0
1998-09-02,16.03,16.03,15.441,15.615,265572,0
1998-09-03,15.646,16.03,15.271,15.851,237330,0
1998-09-04,15.987,16.03,15.678,15.818,146963,0
1998-09-08,15.851,16.92,15.712,16.818,377941,0
1998-09-09,16.818,16.989,16.64,16.742,310870,0
1998-09-10,16.605,16.742,16.2,16.2,211681,0
1998-09-11,16.095,16.742,16.03,16.47,370177,0
1998-09-14,16.506,17.328,16.47,17.125,341700,0
1998-09-15,17.125,17.464,16.989,17.364,314521,0
1998-09-16,17.396,18.151,17.328,17.949,482077,0
1998-09-17,17.814,17.814,16.784,17.431,278633,0
1998-09-18,17.431,17.881,17.396,17.542,245920,0
1998-09-21,17.464,17.609,17.194,17.575,77543,0
1998-09-22,17.542,17.676,17.396,17.609,160848,0
1998-09-23,17.609,17.609,17.364,17.396,522554,0
1998-09-24,17.431,17.499,16.989,17.058,240977,0
1998-09-25,16.64,16.989,16.571,16.784,198855,0
1998-09-28,16.784,16.954,16.436,16.605,216269,0
1998-09-29,16.605,16.605,16.062,16.47,234979,0
1998-09-30,16.2,16.2,15.475,15.646,283808,0
1998-10-01,15.509,15.509,14.993,14.993,311107,0
1998-10-02,15.092,15.646,14.853,15.509,247569,0
1998-10-05,15.411,15.509,14.993,15.306,245097,0
1998-10-06,15.411,15.615,15.198,15.338,177438,0
1998-10-07,15.374,15.784,15.027,15.198,321108,0
1998-10-08,15.027,15.128,14.439,14.508,196971,0
1998-10-09,14.756,14.788,14.337,14.55,335349,0
1998-10-12,14.72,14.924,14.37,14.508,383119,0
1998-10-13,14.508,14.72,14.337,14.617,299577,0
1998-10-14,14.685,16.301,14.685,16.165,403943,0
1998-10-15,16.062,16.301,15.784,16.266,130494,0
1998-10-16,16.47,16.605,16.335,16.571,176617,0
1998-10-19,16.64,16.92,16.605,16.708,128843,0
1998-10-20,16.784,17.328,16.708,16.954,136962,0
1998-10-21,16.818,16.92,16.506,16.854,132492,0
1998-10-22,16.708,17.676,16.708,17.296,674813,0
1998-10-23,17.226,17.296,16.954,17.09,137907,0
1998-10-26,17.194,17.814,17.159,17.328,356881,0
1998-10-27,17.575,17.711,17.364,17.609,322171,0
1998-10-28,17.609,17.745,17.431,17.643,287223,0
1998-10-29,17.676,18.019,17.609,17.881,729522,0
1998-10-30,17.983,18.019,17.676,17.814,384178,0
1998-11-02,17.814,17.983,17.711,17.881,238038,0
1998-11-03,18.019,18.151,17.949,17.949,224505,0
1998-11-04,17.949,18.876,17.949,18.741,484428,0
1998-11-05,18.637,19.257,18.433,18.84,403709,0
1998-11-06,19.395,19.743,19.053,19.632,441832,0
1998-11-09,19.564,19.564,19.222,19.326,327227,0
1998-11-10,19.326,19.564,19.156,19.191,403827,0
1998-11-11,19.326,19.395,18.977,19.053,631627,0
1998-11-12,19.089,19.156,18.771,18.876,95780,0
1998-11-13,18.741,19.461,18.741,19.191,547262,0
1998-11-16,19.293,19.293,19.019,19.019,192030,0
1998-11-17,19.089,19.191,18.912,19.156,346876,0
1998-11-18,19.257,19.461,19.089,19.156,350878,0
1998-11-19,19.115,19.531,19.115,19.461,95546,0
1998-11-20,19.531,19.743,19.115,19.461,267570,0
1998-11-23,19.64,20.125,19.606,20.057,266161,0
1998-11-24,20.057,20.327,20.057,20.194,210388,0
1998-11-25,20.125,20.261,19.64,19.64,346404,0
1998-11-27,19.64,19.879,19.531,19.564,73658,0
1998-11-30,19.564,19.564,19.257,19.326,206973,0
1998-12-01,19.326,19.743,19.293,19.326,177201,0
1998-12-02,19.428,19.947,19.428,19.777,288395,0
1998-12-03,19.811,20.194,19.564,19.606,215211,0
1998-12-04,19.673,20.644,19.673,20.228,313459,0
1998-12-07,20.228,20.507,20.194,20.44,224740,0
1998-12-08,20.228,20.327,19.879,20.091,200975,0
1998-12-09,20.125,20.159,19.879,20.091,215447,0
1998-12-10,20.091,20.159,19.564,19.708,131078,0
1998-12-11,19.708,19.911,19.428,19.911,189559,0
1998-12-14,19.989,20.125,19.36,19.606,363467,0
1998-12-15,19.564,19.777,19.428,19.777,202385,0
1998-12-16,19.777,19.911,19.395,19.708,155908,0
1998-12-17,19.845,20.125,19.777,19.947,170027,0
1998-12-18,19.879,20.091,19.606,19.64,245687,0
1998-12-21,19.708,19.845,19.496,19.708,166612,0
1998-12-22,19.708,20.125,19.64,19.947,197914,0
1998-12-23,19.989,20.125,19.879,20.024,214972,0
1998-12-24,20.057,20.057,19.673,19.708,69893,0
1998-12-28,19.811,20.311,19.743,19.989,141903,0
1998-12-29,19.845,20.575,19.777,20.575,126844,0
1998-12-30,20.507,20.543,20.228,20.261,223213,0
1998-12-31,20.228,20.44,20.091,20.327,152966,0
1999-01-04,20.327,20.856,19.879,19.989,383941,0
1999-01-05,20.159,20.788,20.159,20.788,329931,0
1999-01-06,20.711,20.711,20.194,20.371,240154,0
1999-01-07,20.406,20.676,20.295,20.644,233800,0
1999-01-08,20.575,20.575,20.327,20.543,168029,0
1999-01-11,20.543,20.676,20.194,20.194,120961,0
1999-01-12,20.194,20.371,20.125,20.194,174260,0
1999-01-13,19.989,20.261,19.911,20.091,291575,0
1999-01-14,20.091,20.091,19.606,20.024,241918,0
1999-01-15,19.989,20.261,19.777,20.194,299459,0
1999-01-19,20.125,20.295,19.845,20.295,135668,0
1999-01-20,20.194,20.327,19.879,19.911,175087,0
1999-01-21,19.911,19.989,19.673,19.743,123901,0
1999-01-22,19.606,19.811,19.564,19.564,107544,0
1999-01-25,19.461,20.024,19.257,19.743,308988,0
1999-01-26,19.606,19.708,19.461,19.708,159554,0
1999-01-27,19.64,19.708,19.395,19.531,185440,0
1999-01-28,19.531,20.295,19.531,20.024,232273,0
1999-01-29,20.228,20.228,19.708,19.811,178383,0
1999-02-01,19.606,19.708,19.257,19.36,215681,0
1999-02-02,19.326,19.326,18.977,19.222,184851,0
1999-02-03,19.257,19.811,19.222,19.811,286750,0
1999-02-04,19.911,19.947,19.564,19.811,400885,0
1999-02-05,19.673,19.743,19.461,19.531,346172,0
1999-02-08,19.606,19.708,19.564,19.606,215092,0
1999-02-09,19.531,19.743,19.461,19.496,208974,0
1999-02-10,19.496,19.777,19.496,19.64,390298,0
1999-02-11,19.564,19.564,19.284,19.386,327700,0
1999-02-12,19.284,19.461,18.97,19.107,142259,0
1999-02-16,18.903,19.214,18.823,19.071,220740,0
1999-02-17,19.071,19.071,18.69,18.789,171203,0
1999-02-18,18.789,19.071,18.725,18.97,226153,0
1999-02-19,18.97,19.284,18.936,19.139,192266,0
1999-02-22,19.071,19.708,19.071,19.564,267100,0
1999-02-23,19.461,19.531,19.248,19.531,211916,0
1999-02-24,19.317,19.598,19.284,19.428,172145,0
1999-02-25,19.284,19.284,18.823,19.248,151437,0
1999-02-26,19.248,19.248,18.725,19.036,142609,0
1999-03-01,19.036,19.428,18.725,19.428,186031,0
1999-03-02,19.428,19.496,19.139,19.183,107195,0
1999-03-03,19.139,19.317,18.789,19.284,178736,0
1999-03-04,19.248,19.317,18.544,18.69,226975,0
1999-03-05,18.823,19.214,18.789,19.214,185557,0
1999-03-08,19.183,19.183,18.903,18.936,107308,0
1999-03-09,19.071,19.071,18.69,18.858,171439,0
1999-03-10,18.858,19.036,18.611,18.725,201326,0
1999-03-11,18.789,18.858,18.442,18.512,174968,0
1999-03-12,18.544,18.757,18.329,18.408,287339,0
1999-03-15,18.329,18.408,18.264,18.329,91545,0
1999-03-16,18.329,18.329,18.085,18.127,205797,0
1999-03-17,18.127,18.196,17.736,17.983,287812,0
1999-03-18,17.847,18.196,17.847,18.085,170259,0
1999-03-19,18.127,18.127,17.847,18.019,176497,0
1999-03-22,18.019,18.019,17.559,17.949,127904,0
1999-03-23,17.949,17.949,17.176,17.278,187207,0
1999-03-24,17.319,17.319,16.614,16.683,256981,0
1999-03-25,16.751,17.107,16.717,17.107,193208,0
1999-03-26,17.032,17.032,16.792,16.827,114606,0
1999-03-29,16.827,17.278,16.827,17.074,136376,0
1999-03-30,16.997,17.424,16.863,17.278,224740,0
1999-03-31,17.424,17.455,16.266,16.368,307107,0
1999-04-01,16.086,16.614,16.022,16.436,504665,0
1999-04-05,16.368,16.863,16.335,16.58,235212,0
1999-04-06,16.717,16.792,16.58,16.717,175323,0
1999-04-07,16.649,17.107,16.58,16.717,573734,0
1999-04-08,16.717,16.827,16.506,16.58,140729,0
1999-04-09,16.58,16.717,15.907,15.907,204502,0
1999-04-12,16.053,17.212,16.022,17.141,309462,0
1999-04-13,17.032,17.244,16.863,17.074,196384,0
1999-04-14,16.997,17.524,16.963,17.319,142844,0
1999-04-15,17.176,17.355,16.997,17.244,162848,0
1999-04-16,17.212,17.388,16.997,17.278,229801,0
1999-04-19,17.244,18.085,17.244,17.983,387941,0
1999-04-20,17.914,18.127,17.455,17.772,324167,0
1999-04-21,17.634,17.949,17.634,17.703,124490,0
1999-04-22,17.847,19.071,17.847,19.071,297574,0
1999-04-23,19.107,19.248,18.611,18.757,295106,0
1999-04-26,18.69,18.97,18.544,18.611,108018,0
1999-04-27,18.725,18.858,17.914,18.23,305342,0
1999-04-28,18.264,19.139,18.127,18.858,476779,0
1999-04-29,19.107,19.564,18.903,19.248,529378,0
1999-04-30,19.183,19.665,19.139,19.461,512787,0
1999-05-03,19.496,20.55,19.496,20.159,737997,0
1999-05-04,20.159,20.303,19.911,20.125,413008,0
1999-05-05,20.024,20.44,20.024,20.235,671046,0
1999-05-06,20.235,20.371,20.125,20.371,1005568,0
1999-05-07,20.303,20.336,20.057,20.235,379587,0
1999-05-10,20.125,20.55,20.024,20.303,342171,0
1999-05-11,20.371,21.076,20.303,20.967,525496,0
1999-05-12,20.829,20.829,20.515,20.684,236860,0
1999-05-13,20.755,21.256,20.507,21.179,311576,0
1999-05-14,21.076,21.076,20.575,20.897,784237,0
1999-05-17,20.829,21.111,20.721,20.755,343581,0
1999-05-18,20.617,20.721,20.617,20.652,237921,0
1999-05-19,20.652,21.22,20.652,21.145,187322,0
1999-05-20,21.043,21.392,21.043,21.111,405831,0
1999-05-21,21.009,21.043,20.543,20.652,272395,0
1999-05-24,20.684,20.897,20.44,20.474,244389,0
1999-05-25,20.406,20.543,20.228,20.228,400885,0
1999-05-26,20.15,20.295,19.938,20.295,411943,0
1999-05-27,20.228,20.295,19.87,20.194,252980,0
1999-05-28,20.295,20.721,20.295,20.474,369943,0
1999-06-01,20.327,20.327,19.87,20.261,138611,0
1999-06-02,20.049,20.863,19.902,20.755,203210,0
1999-06-03,20.652,20.967,20.617,20.897,249572,0
1999-06-04,20.897,21.434,20.897,21.29,230860,0
1999-06-07,21.392,21.646,21.29,21.611,286631,0
1999-06-08,21.502,21.783,21.322,21.749,162614,0
1999-06-09,21.646,21.714,21.434,21.502,399592,0
1999-06-10,21.357,21.434,21.179,21.179,371821,0
1999-06-11,21.256,21.357,21.043,21.076,303460,0
1999-06-14,21.009,21.469,21.009,21.392,111077,0
1999-06-15,21.357,21.857,21.322,21.714,288634,0
1999-06-16,21.749,21.927,21.392,21.434,501254,0
1999-06-17,21.434,21.434,21.22,21.322,160024,0
1999-06-18,21.322,21.57,21.256,21.256,615627,0
1999-06-21,21.145,21.611,21.043,21.536,156848,0
1999-06-22,21.536,21.57,21.179,21.179,128493,0
1999-06-23,21.22,21.57,20.967,21.22,358999,0
1999-06-24,21.256,21.29,20.652,20.934,214269,0
1999-06-25,20.897,21.076,20.797,21.009,192146,0
1999-06-28,21.076,21.749,21.076,21.679,280513,0
1999-06-29,21.714,22.139,21.469,21.892,257216,0
1999-06-30,21.892,22.707,21.783,22.036,379236,0
1999-07-01,22.07,22.599,22.036,22.531,346876,0
1999-07-02,22.531,22.531,22.284,22.351,231330,0
1999-07-06,22.351,22.853,22.284,22.81,257688,0
1999-07-07,22.81,22.886,22.64,22.674,438301,0
1999-07-08,22.563,22.777,22.427,22.462,259218,0
1999-07-09,22.563,22.674,22.531,22.674,176617,0
1999-07-12,22.496,22.496,21.783,21.996,351231,0
1999-07-13,22.036,22.318,21.962,22.318,120019,0
1999-07-14,22.318,22.318,21.57,22.284,183085,0
1999-07-15,22.351,22.777,22.284,22.674,309223,0
1999-07-16,22.64,22.991,22.64,22.991,525607,0
1999-07-19,22.886,22.921,22.351,22.707,234858,0
1999-07-20,22.64,22.674,21.927,22.036,151320,0
1999-07-21,22.139,22.206,21.857,22.105,104253,0
1999-07-22,22.206,22.206,21.256,21.434,383119,0
1999-07-23,21.502,21.824,21.29,21.322,211681,0
1999-07-26,21.22,21.502,21.22,21.29,133314,0
1999-07-27,21.29,21.927,21.29,21.679,131195,0
1999-07-28,21.749,21.857,21.434,21.824,79307,0
1999-07-29,21.714,21.927,20.967,21.145,180735,0
1999-07-30,21.076,21.646,21.076,21.29,116370,0
1999-08-02,21.256,21.256,20.652,20.863,151437,0
1999-08-03,20.797,20.934,20.228,20.543,354411,0
1999-08-04,20.721,21.179,20.652,21.145,323346,0
1999-08-05,21.145,21.145,20.507,20.934,208266,0
1999-08-06,20.797,20.829,20.406,20.474,254628,0
1999-08-09,20.474,20.829,20.44,20.829,77543,0
1999-08-10,20.684,20.934,20.575,20.617,234156,0
1999-08-11,20.617,21.009,20.543,20.575,70127,0
1999-08-12,20.507,20.934,20.507,20.863,152023,0
1999-08-13,21.009,21.29,21.009,21.076,123080,0
1999-08-16,21.076,21.22,20.797,21.076,143549,0
1999-08-17,21.145,21.256,20.575,21.076,191440,0
1999-08-18,21.076,21.434,21.009,21.076,258274,0
1999-08-19,21.076,21.434,21.076,21.4,153786,0
1999-08-20,21.502,21.611,21.502,21.579,104135,0
1999-08-23,21.646,21.857,21.536,21.579,146495,0
1999-08-24,21.579,21.646,21.035,21.357,150844,0
1999-08-25,21.256,21.4,21.035,21.357,125782,0
1999-08-26,21.214,21.29,20.644,20.711,146495,0
1999-08-27,20.856,20.934,20.644,20.644,184032,0
1999-08-30,20.711,20.888,20.609,20.609,117314,0
1999-08-31,20.066,20.319,19.531,19.531,438536,0
1999-09-01,19.531,20.431,19.531,20.288,454071,0
1999-09-02,19.999,20.319,19.999,20.14,419713,0
1999-09-03,20.252,20.82,20.252,20.711,240507,0
1999-09-07,20.82,20.934,20.533,20.755,162143,0
1999-09-08,20.676,20.711,20.465,20.609,200618,0
1999-09-09,20.609,20.856,20.575,20.788,123197,0
1999-09-10,20.788,21.035,20.711,21,130257,0
1999-09-13,20.856,20.888,20.788,20.82,62596,0
1999-09-14,20.676,20.676,20.465,20.609,116723,0
1999-09-15,20.644,20.676,19.999,19.999,157554,0
1999-09-16,19.999,20.031,19.673,20.031,265922,0
1999-09-17,19.819,20.288,19.819,20.211,262397,0
1999-09-20,20.066,20.066,19.673,19.673,190028,0
1999-09-21,19.531,19.64,19.386,19.428,145552,0
1999-09-22,19.461,19.64,19.368,19.461,138727,0
1999-09-23,19.496,19.963,19.386,19.461,243334,0
1999-09-24,19.386,19.461,19.107,19.139,130960,0
1999-09-27,19.284,19.461,19.061,19.174,142022,0
1999-09-28,19.174,19.428,18.961,19.386,212620,0
1999-09-29,19.386,19.496,18.929,18.993,255685,0
1999-09-30,19.061,19.606,18.849,19.496,330874,0
1999-10-01,19.428,19.819,19.207,19.239,173791,0
1999-10-04,19.284,19.963,19.284,19.673,309812,0
1999-10-05,19.564,19.64,19.317,19.428,70953,0
1999-10-06,19.496,19.853,19.496,19.673,139906,0
1999-10-07,19.708,20.066,19.606,19.708,340528,0
1999-10-08,19.786,20.066,19.606,19.929,140257,0
1999-10-11,19.786,20.031,19.786,19.963,67540,0
1999-10-12,19.999,19.999,19.352,19.352,139906,0
1999-10-13,19.461,19.887,19.428,19.887,170379,0
1999-10-14,19.752,19.752,18.528,18.672,466307,0
1999-10-15,17.491,17.668,16.881,16.912,671282,0
1999-10-18,16.912,17.235,16.523,16.523,1599306,0
1999-10-19,14.626,16.2,14.626,15.552,1069227,0
1999-10-20,15.552,16.086,15.411,15.765,906844,0
1999-10-21,15.198,15.441,15.162,15.411,1146175,0
1999-10-22,15.484,16.377,15.484,16.2,603269,0
1999-10-25,16.2,16.881,16.13,16.776,403475,0
1999-10-26,16.776,17.346,16.668,16.668,835657,0
1999-10-27,16.342,16.701,16.266,16.266,535145,0
1999-10-28,16.31,16.81,16.31,16.668,359701,0
1999-10-29,16.701,16.776,16.2,16.266,407712,0
1999-11-01,16.232,16.266,15.765,16.022,472428,0
1999-11-02,16.053,16.086,15.765,15.765,305224,0
1999-11-03,15.81,15.842,15.552,15.63,333110,0
1999-11-04,15.662,15.73,15.262,15.262,558909,0
1999-11-05,15.338,15.441,14.806,14.871,479016,0
1999-11-08,14.838,15.231,14.729,15.198,524434,0
1999-11-09,15.306,15.374,15.083,15.338,308284,0
1999-11-10,15.198,15.63,15.083,15.338,265452,0
1999-11-11,15.262,15.306,14.764,14.806,288750,0
1999-11-12,14.806,14.838,14.405,14.584,425244,0
1999-11-15,14.584,15.018,14.439,14.764,297932,0
1999-11-17,14.806,14.906,14.584,14.626,673163,0
1999-11-18,14.764,14.838,14.55,14.617,481959,0
1999-11-19,14.584,14.617,14.396,14.55,590441,0
1999-11-22,14.617,14.694,14.363,14.584,413008,0
1999-11-23,14.473,14.508,14.219,14.396,937322,0
1999-11-24,14.473,14.985,14.363,14.729,578324,0
1999-11-26,14.584,14.65,14.363,14.439,101545,0
1999-11-29,14.328,15.239,14.219,15.204,781064,0
1999-11-30,15.128,15.561,15.128,15.239,891200,0
1999-12-01,15.162,16.183,15.128,16.148,1292905,0
1999-12-02,16.148,16.548,15.89,16.293,603154,0
1999-12-03,16.293,16.58,16.293,16.327,299104,0
1999-12-06,16.293,16.436,16.148,16.327,299813,0
1999-12-07,16.183,16.912,16.148,16.691,714697,0
1999-12-08,16.659,16.726,16.368,16.436,313809,0
1999-12-09,16.436,16.659,16.216,16.293,322757,0
1999-12-10,16.293,16.293,15.671,16.112,777418,0
1999-12-13,15.962,16.005,15.671,15.748,341584,0
1999-12-14,15.712,15.784,15.493,15.561,955562,0
1999-12-15,15.748,16.005,15.271,15.561,284398,0
1999-12-16,15.347,15.493,15.204,15.239,334050,0
1999-12-17,15.239,15.606,15.204,15.383,367468,0
1999-12-20,15.418,15.561,15.347,15.418,196858,0
1999-12-21,15.204,15.526,15.128,15.347,175087,0
1999-12-22,15.347,15.493,15.271,15.383,233917,0
1999-12-23,15.418,16.037,15.418,16.005,260157,0
1999-12-27,15.926,15.962,15.418,15.418,207915,0
1999-12-28,15.637,15.712,15.526,15.637,145434,0
1999-12-29,15.493,16.005,15.493,15.926,192146,0
1999-12-30,16.148,16.183,15.784,16.148,178383,0
1999-12-31,16.112,16.112,15.637,15.962,100957,0
2000-01-03,15.858,15.89,15.347,15.606,869782,0
2000-01-04,15.347,15.347,15.059,15.306,193442,0
2000-01-05,15.271,15.493,15.059,15.162,343231,0
2000-01-06,15.059,15.271,15.059,15.128,539967,0
2000-01-07,15.162,15.637,15.128,15.493,467719,0
2000-01-10,15.526,15.561,15.145,15.162,458304,0
2000-01-11,15.239,15.347,15.128,15.306,491137,0
2000-01-12,15.306,15.458,15.306,15.383,275691,0
2000-01-13,15.271,16.216,15.162,15.712,333582,0
2000-01-14,15.671,15.671,15.271,15.526,353584,0
2000-01-18,15.671,15.671,15.162,15.418,166851,0
2000-01-19,15.271,15.671,15.239,15.526,264277,0
2000-01-20,15.493,15.561,15.383,15.526,308521,0
2000-01-21,15.526,15.748,15.418,15.606,463014,0
2000-01-24,15.712,15.858,15.306,15.383,350525,0
2000-01-25,15.383,15.418,15.128,15.204,356761,0
2000-01-26,15.204,15.239,15.092,15.092,135082,0
2000-01-27,15.128,15.162,14.985,15.092,223681,0
2000-01-28,15.092,15.383,15.092,15.239,419948,0
2000-01-31,15.561,16.069,15.526,15.561,939090,0
2000-02-01,16.112,16.726,15.818,15.962,937558,0
2000-02-02,16.005,16.726,16.005,16.623,426302,0
2000-02-03,16.691,16.872,16.47,16.872,751412,0
2000-02-04,16.58,16.623,16.436,16.548,829659,0
2000-02-07,16.691,16.691,15.526,15.637,477132,0
2000-02-08,16.005,16.005,15.637,15.712,611388,0
2000-02-09,15.712,15.712,15.271,15.383,467248,0
2000-02-10,15.306,15.306,14.584,14.951,665631,0
2000-02-11,14.951,14.985,14.508,14.617,313107,0
2000-02-14,14.694,14.951,13.894,14.183,499843,0
2000-02-15,14.439,14.439,14.074,14.219,614096,0
2000-02-16,14.219,14.219,13.997,14.108,327700,0
2000-02-17,13.963,14.252,13.963,14.183,456542,0
2000-02-18,14.032,14.074,13.368,13.698,413008,0
2000-02-22,13.886,13.963,13.698,13.777,331347,0
2000-02-23,13.734,14.296,13.698,14.074,748232,0
2000-02-24,13.921,13.921,13.003,13.511,539614,0
2000-02-25,13.556,13.59,13.038,13.111,218270,0
2000-02-28,13.258,13.812,13.258,13.666,499135,0
2000-02-29,13.59,13.921,13.59,13.853,826245,0
2000-03-01,13.997,14.252,13.963,14.183,633980,0
2000-03-02,14.074,14.363,14.032,14.183,543730,0
2000-03-03,14.219,14.584,13.997,14.108,288160,0
2000-03-06,13.921,13.997,13.511,13.698,267690,0
2000-03-07,13.698,13.886,13.405,13.405,282398,0
2000-03-08,13.511,13.734,13.446,13.698,409236,0
2000-03-09,13.698,14.694,13.666,14.473,730818,0
2000-03-10,14.473,14.88,14.439,14.626,394534,0
2000-03-13,14.473,14.88,14.328,14.517,315696,0
2000-03-14,14.517,14.924,14.439,14.517,248629,0
2000-03-15,14.439,15.289,14.363,15.067,404888,0
2000-03-16,15.067,16.327,15.067,16.327,536554,0
2000-03-17,15.953,16.03,15.842,15.873,549852,0
2000-03-20,15.953,16.249,15.81,16.062,270629,0
2000-03-21,16.062,16.327,15.953,15.996,242979,0
2000-03-22,16.062,16.062,15.322,15.543,342527,0
2000-03-23,15.543,15.953,15.543,15.916,453602,0
2000-03-24,15.765,15.81,15.322,15.322,272395,0
2000-03-27,15.254,15.289,14.845,14.924,483956,0
2000-03-28,14.924,15.365,14.924,15.322,544674,0
2000-03-29,15.322,15.435,15.067,15.365,497607,0
2000-03-30,15.322,16.03,15.322,15.73,355231,0
2000-03-31,15.694,15.916,15.588,15.655,254393,0
2000-04-03,15.655,15.873,15.509,15.694,131667,0
2000-04-04,15.543,15.996,14.694,15.18,503490,0
2000-04-05,15.035,15.765,14.959,15.067,719877,0
2000-04-06,15.145,15.402,15.145,15.254,411478,0
2000-04-07,15.067,15.289,15.067,15.18,343465,0
2000-04-10,15.289,15.289,14.924,15.067,279339,0
2000-04-11,15.067,15.067,14.439,14.658,502785,0
2000-04-12,14.993,15.842,14.959,15.655,398767,0
2000-04-13,15.873,16.174,15.588,15.623,412180,0
2000-04-14,15.588,15.623,14.924,15.035,353702,0
2000-04-17,14.993,15.067,14.694,14.959,225683,0
2000-04-18,14.806,15.101,14.806,15.035,202148,0
2000-04-19,15.101,15.145,14.88,15.067,145670,0
2000-04-20,15.18,15.322,14.626,15.145,290046,0
2000-04-24,14.924,15.035,14.584,14.738,295106,0
2000-04-25,14.772,15.289,14.772,14.959,287104,0
2000-04-26,15.067,15.655,14.993,15.509,205913,0
2000-04-27,15.509,15.623,14.993,15.18,257924,0
2000-04-28,15.18,15.213,14.694,14.88,334172,0
2000-05-01,14.772,15.322,14.772,15.254,237799,0
2000-05-02,15.213,15.509,15.213,15.402,173791,0
2000-05-03,15.365,15.402,14.694,14.806,292984,0
2000-05-04,14.772,14.993,14.626,14.772,212150,0
2000-05-05,14.772,14.845,14.738,14.845,207091,0
2000-05-08,14.772,14.88,14.473,14.772,269925,0
2000-05-09,14.626,14.924,14.55,14.772,109667,0
2000-05-10,14.694,14.993,14.658,14.993,387238,0
2000-05-11,14.959,15.365,14.959,15.322,214737,0
2000-05-12,15.289,15.475,15.145,15.254,212857,0
2000-05-15,15.402,15.402,14.806,14.993,275104,0
2000-05-16,15.145,15.509,15.067,15.213,575734,0
2000-05-17,15.213,15.402,15.067,15.213,397355,0
2000-05-18,15.365,15.552,15.322,15.322,606565,0
2000-05-19,15.365,15.526,15.213,15.289,217680,0
2000-05-22,15.213,15.213,14.764,14.915,167316,0
2000-05-23,14.838,15.509,14.838,15.365,134494,0
2000-05-24,15.435,15.81,15.365,15.435,216979,0
2000-05-25,15.509,15.552,14.985,15.246,196384,0
2000-05-26,15.246,15.322,14.985,14.985,150732,0
2000-05-30,14.985,15.246,14.797,15.101,228506,0
2000-05-31,15.213,15.213,14.729,14.797,212620,0
2000-06-01,14.685,15.475,14.685,15.322,230509,0
2000-06-02,15.289,15.509,14.387,14.464,717170,0
2000-06-05,14.313,14.838,14.235,14.65,482428,0
2000-06-06,14.65,14.685,14.387,14.499,298280,0
2000-06-07,14.575,14.729,14.464,14.499,178736,0
2000-06-08,14.499,15.402,14.499,15.059,583149,0
2000-06-09,15.059,15.136,14.685,14.764,247686,0
2000-06-12,14.915,15.136,14.685,14.685,174260,0
2000-06-13,14.685,15.027,14.65,14.915,571149,0
2000-06-14,14.985,15.246,14.951,15.059,313226,0
2000-06-15,15.059,15.213,14.985,14.985,157789,0
2000-06-16,14.985,15.289,14.985,15.101,451716,0
2000-06-19,15.101,15.435,14.985,15.027,279454,0
2000-06-20,15.027,15.101,14.838,14.915,312049,0
2000-06-21,14.915,15.101,14.729,14.985,295928,0
2000-06-22,15.136,15.213,14.985,15.136,171203,0
2000-06-23,15.136,15.246,15.027,15.213,266630,0
2000-06-26,15.213,15.213,14.951,14.985,262863,0
2000-06-27,14.838,14.838,14.235,14.313,685048,0
2000-06-28,14.543,14.543,13.904,13.989,597974,0
2000-06-29,14.015,14.543,13.827,14.464,648217,0
2000-06-30,14.499,14.65,14.091,14.125,461247,0
2000-07-03,14.091,14.422,14.015,14.387,124725,0
2000-07-05,14.387,14.387,13.862,13.862,222858,0
2000-07-06,13.971,14.015,13.528,13.751,535494,0
2000-07-07,13.786,13.904,13.674,13.674,228035,0
2000-07-10,13.827,13.827,13.453,13.453,531494,0
2000-07-11,13.453,13.937,13.453,13.937,444070,0
2000-07-12,14.157,14.235,14.015,14.125,284869,0
2000-07-13,14.201,14.201,13.904,13.904,129901,0
2000-07-14,13.937,14.183,13.827,13.971,140961,0
2000-07-17,13.904,14.048,13.674,13.716,472076,0
2000-07-18,13.827,14.157,13.751,14.091,166496,0
2000-07-19,14.091,14.125,13.751,13.904,140373,0
2000-07-20,13.827,14.048,13.299,13.412,483842,0
2000-07-21,13.267,13.904,13.267,13.565,598797,0
2000-07-24,13.565,13.599,13.412,13.412,199909,0
2000-07-25,13.453,13.565,13.378,13.412,311340,0
2000-07-26,13.226,13.299,12.893,12.893,310284,0
2000-07-27,12.96,13.111,12.893,12.96,363233,0
2000-07-28,13.079,13.226,12.707,12.773,310870,0
2000-07-31,12.926,12.96,12.74,12.893,505845,0
2000-08-01,13.111,13.565,13.111,13.453,233098,0
2000-08-02,13.226,13.487,13.226,13.453,663044,0
2000-08-03,13.267,13.751,12.96,13.038,635040,0
2000-08-04,13.111,13.267,12.74,13.267,1086167,0
2000-08-07,13.332,13.487,13.079,13.378,240977,0
2000-08-08,13.412,13.412,13.038,13.111,259807,0
2000-08-09,13.192,13.267,13.146,13.226,99780,0
2000-08-10,13.299,13.378,13.192,13.192,110842,0
2000-08-11,13.378,13.716,13.378,13.599,282632,0
2000-08-14,13.599,13.641,13.412,13.641,315107,0
2000-08-15,13.565,13.937,13.453,13.862,670576,0
2000-08-16,13.862,14.125,13.827,14.091,346526,0
2000-08-17,13.929,13.971,13.511,13.666,718346,0
2000-08-18,13.359,13.59,13.359,13.556,248862,0
2000-08-21,13.556,13.777,13.511,13.707,215798,0
2000-08-22,13.742,13.777,13.324,13.478,240860,0
2000-08-23,13.405,13.556,13.405,13.511,104605,0
2000-08-24,13.439,13.511,13.209,13.282,202504,0
2000-08-25,13.324,13.478,13.129,13.359,137079,0
2000-08-28,13.478,13.666,13.405,13.478,251921,0
2000-08-29,13.359,13.439,13.174,13.282,186031,0
2000-08-30,13.405,13.405,13.054,13.324,535380,0
2000-08-31,13.096,13.556,13.096,13.405,352289,0
2000-09-01,13.324,13.478,13.249,13.405,153086,0
2000-09-05,13.324,13.359,13.249,13.249,299459,0
2000-09-06,13.282,13.282,12.637,12.978,494547,0
2000-09-07,12.758,13.02,12.601,12.978,461483,0
2000-09-08,12.943,12.978,12.715,12.943,216150,0
2000-09-11,12.825,13.209,12.825,13.02,152379,0
2000-09-12,12.901,13.209,12.825,13.02,214035,0
2000-09-13,13.054,13.129,12.943,12.978,391236,0
2000-09-14,12.978,13.096,12.791,12.943,2188222,0
2000-09-15,12.901,13.054,12.867,12.901,168967,0
2000-09-18,12.901,13.096,12.529,12.601,303696,0
2000-09-19,12.758,12.758,12.529,12.601,121314,0
2000-09-20,12.601,12.601,12.407,12.529,196617,0
2000-09-21,12.561,12.681,12.331,12.331,150258,0
2000-09-22,12.331,12.485,12.255,12.485,172262,0
2000-09-25,12.485,12.485,12.222,12.299,212975,0
2000-09-26,12.299,12.637,12.144,12.179,533966,0
2000-09-27,12.179,12.331,12.102,12.255,222504,0
2000-09-28,12.331,12.485,12.255,12.45,188499,0
2000-09-29,12.373,12.485,12.373,12.373,204267,0
2000-10-02,12.407,12.529,12.102,12.179,210858,0
2000-10-03,12.144,12.299,11.949,12.255,262159,0
2000-10-04,12.144,12.637,12.144,12.45,365348,0
2000-10-05,12.485,12.485,12.144,12.255,241094,0
2000-10-06,12.255,12.601,12.179,12.529,314989,0
2000-10-09,12.681,12.867,12.601,12.867,358764,0
2000-10-10,12.943,13.054,12.637,12.791,288750,0
2000-10-11,12.715,12.758,12.299,12.373,254745,0
2000-10-12,12.978,12.978,12.299,12.407,368996,0
2000-10-13,12.407,12.485,12.299,12.331,312872,0
2000-10-16,12.331,12.331,12.026,12.179,436420,0
2000-10-17,12.068,12.179,12.068,12.102,131314,0
2000-10-18,12.068,12.179,11.992,12.179,559737,0
2000-10-19,12.179,12.758,12.068,12.758,431597,0
2000-10-20,12.681,13.02,12.407,12.681,332290,0
2000-10-23,12.791,13.556,12.715,13.405,421360,0
2000-10-24,13.439,13.707,13.129,13.324,390533,0
2000-10-25,12.943,13.249,12.867,13.02,389589,0
2000-10-26,12.867,13.249,12.867,13.096,405593,0
2000-10-27,12.978,13.439,12.978,13.282,207209,0
2000-10-30,13.405,13.478,13.249,13.439,223327,0
2000-10-31,13.405,13.894,13.405,13.742,299577,0
2000-11-01,13.707,13.777,13.59,13.742,289102,0
2000-11-02,13.633,13.929,13.633,13.819,187558,0
2000-11-03,13.742,14.125,13.742,14.048,240625,0
2000-11-06,14.125,14.313,13.929,14.048,260042,0
2000-11-07,14.006,14.157,13.894,14.006,150494,0
2000-11-08,14.006,14.125,13.954,14.048,212620,0
2000-11-09,14.006,14.006,13.707,13.929,125546,0
2000-11-10,13.742,13.929,13.324,13.439,155908,0
2000-11-13,13.556,13.666,12.943,13.359,354879,0
2000-11-14,13.511,13.633,13.359,13.478,194499,0
2000-11-15,13.59,13.59,13.209,13.359,174733,0
2000-11-16,13.511,13.786,13.511,13.59,399946,0
2000-11-17,13.556,13.862,13.469,13.633,173084,0
2000-11-20,13.742,13.786,13.469,13.59,155084,0
2000-11-21,14.252,15.027,14.015,14.559,671046,0
2000-11-22,14.83,15.059,14.134,14.481,301227,0
2000-11-24,14.481,14.481,14.057,14.057,56362,0
2000-11-27,14.21,14.328,13.827,14.015,187558,0
2000-11-28,14.057,14.559,13.666,13.827,257451,0
2000-11-29,13.937,14.091,13.707,13.862,155788,0
2000-11-30,13.666,14.634,13.165,14.439,314755,0
2000-12-01,14.6,14.788,14.481,14.526,296633,0
2000-12-04,14.526,14.65,13.937,14.048,360291,0
2000-12-05,14.235,14.405,14.201,14.296,583381,0
2000-12-06,14.439,14.481,14.201,14.201,314755,0
2000-12-07,14.201,14.72,14.201,14.481,215798,0
2000-12-08,14.575,15.05,14.568,14.933,294752,0
2000-12-11,14.915,15.009,14.764,14.806,224740,0
2000-12-12,14.747,14.747,13.937,14.287,360408,0
2000-12-13,14.287,14.431,13.963,14.252,413361,0
2000-12-14,14.396,14.667,14.243,14.55,276394,0
2000-12-15,14.387,14.387,13.963,13.997,565147,0
2000-12-18,14.125,14.685,14.116,14.296,212857,0
2000-12-19,14.396,14.559,14.175,14.243,255805,0
2000-12-20,14.252,14.252,13.862,13.989,300988,0
2000-12-21,13.937,14.313,13.937,14.252,258748,0
2000-12-22,14.183,14.756,14.183,14.667,330874,0
2000-12-26,14.667,14.862,14.568,14.78,191678,0
2000-12-27,14.626,14.871,14.626,14.871,201560,0
2000-12-28,15.18,15.694,14.993,15.57,507610,0
2000-12-29,15.427,15.655,15.17,15.655,673048,0
2001-01-02,15.655,15.775,14.959,15.136,1014982,0
2001-01-03,15.18,15.588,14.999,15.418,575852,0
2001-01-04,15.418,15.418,15.11,15.331,682108,0
2001-01-05,15.239,15.338,14.968,15.075,589033,0
2001-01-08,15.11,15.188,14.608,14.853,543265,0
2001-01-09,14.853,15.136,14.764,15.136,492428,0
2001-01-10,15.136,15.851,15.136,15.685,738583,0
2001-01-11,15.655,15.655,15.356,15.579,476779,0
2001-01-12,15.646,15.646,15.154,15.45,298635,0
2001-01-16,15.501,15.501,15.18,15.493,336523,0
2001-01-17,15.493,16.47,15.458,16.174,819185,0
2001-01-18,16.121,16.232,15.858,16.069,517257,0
2001-01-19,15.926,16.139,15.882,16.053,447246,0
2001-01-22,16.069,16.249,15.935,16.086,387707,0
2001-01-23,16.086,16.58,16.044,16.368,539730,0
2001-01-24,16.523,16.523,16.086,16.165,486663,0
2001-01-25,16.086,16.148,15.739,15.882,482899,0
2001-01-26,15.818,15.882,15.552,15.685,362056,0
2001-01-29,15.882,16.436,15.882,16.121,605741,0
2001-01-30,16.216,16.274,16.139,16.274,393590,0
2001-01-31,16.274,16.274,15.501,16.266,585859,0
2001-02-01,16.266,16.912,16.232,16.691,490901,0
2001-02-02,16.668,16.854,16.284,16.488,271454,0
2001-02-05,16.488,16.854,16.488,16.76,174380,0
2001-02-06,16.854,17.032,16.623,16.881,488427,0
2001-02-07,16.881,17.287,16.881,16.972,564794,0
2001-02-08,17.159,17.814,17.116,17.438,418182,0
2001-02-09,17.473,18.085,17.473,17.764,337818,0
2001-02-12,17.575,18.637,17.438,18.399,654337,0
2001-02-13,18.273,18.92,18.136,18.451,629627,0
2001-02-14,18.382,18.382,17.602,17.864,533848,0
2001-02-15,18.059,18.494,18.052,18.315,760587,0
2001-02-16,18.322,18.585,18.322,18.494,396651,0
2001-02-20,18.417,19.036,18.417,18.849,781416,0
2001-02-21,18.858,19.377,18.823,19.107,806244,0
2001-02-22,19.107,19.293,18.315,18.478,453362,0
2001-02-23,18.512,18.733,17.958,18.655,485841,0
2001-02-26,18.655,19.198,18.655,18.894,374644,0
2001-02-27,18.985,19.098,18.876,18.952,364411,0
2001-02-28,18.952,19.487,18.903,19.183,347229,0
2001-03-01,19.183,19.183,18.339,18.706,703875,0
2001-03-02,18.585,19.257,18.528,18.952,284398,0
2001-03-05,18.952,19.302,18.903,19.183,354172,0
2001-03-06,19.019,19.139,18.716,19.115,362880,0
2001-03-07,18.993,19.107,18.52,18.84,406652,0
2001-03-08,18.943,19.183,18.876,19.071,144376,0
2001-03-09,19.046,19.046,18.346,18.725,183320,0
2001-03-12,18.706,18.706,18.442,18.469,216033,0
2001-03-13,18.469,18.512,18.118,18.504,312989,0
2001-03-14,18.559,18.559,18.019,18.068,161084,0
2001-03-15,18.068,18.239,18.035,18.239,390298,0
2001-03-16,18.118,18.299,18.11,18.196,376408,0
2001-03-19,18.052,18.504,17.958,18.425,363586,0
2001-03-20,18.373,19.352,18.355,18.512,547734,0
2001-03-21,18.512,18.512,17.958,18.028,245804,0
2001-03-22,18.028,18.273,17.252,17.694,233211,0
2001-03-23,17.643,18.559,17.515,18.486,191913,0
2001-03-26,18.486,18.725,18.102,18.62,272512,0
2001-03-27,18.611,18.78,18.239,18.757,256160,0
2001-03-28,18.706,18.741,18.315,18.655,338879,0
2001-03-29,18.655,18.655,18.094,18.102,479721,0
2001-03-30,18.29,18.706,18.29,18.646,190733,0
2001-04-02,18.646,18.961,18.382,18.512,200618,0
2001-04-03,18.433,18.433,17.764,17.914,140729,0
2001-04-04,18.035,18.706,18.035,18.706,332875,0
2001-04-05,18.706,19.257,18.382,19.107,399241,0
2001-04-06,18.943,19.061,18.706,19.019,240977,0
2001-04-09,19.061,19.682,19.019,19.377,287925,0
2001-04-10,19.496,20.073,19.139,19.76,433714,0
2001-04-11,19.682,19.682,19.198,19.419,174968,0
2001-04-12,19.419,19.615,19.239,19.403,198618,0
2001-04-16,19.59,19.64,19.214,19.54,253686,0
2001-04-17,19.649,19.769,19.496,19.769,241333,0
2001-04-18,19.691,20.073,19.691,19.902,468544,0
2001-04-19,19.902,19.963,19.531,19.853,485015,0
2001-04-20,19.836,19.911,19.649,19.853,306754,0
2001-04-23,19.853,20.363,19.853,20.073,540083,0
2001-04-24,20.073,20.319,20.031,20.133,365001,0
2001-04-25,20.235,20.288,20.166,20.228,165320,0
2001-04-26,20.243,20.371,20.082,20.311,179438,0
2001-04-27,20.319,20.507,20.319,20.49,268631,0
2001-04-30,20.481,20.684,20.44,20.474,242392,0
2001-05-01,20.355,20.389,20.049,20.371,262509,0
2001-05-02,20.465,20.465,20.099,20.38,217447,0
2001-05-03,20.397,20.406,19.989,20.203,194385,0
2001-05-04,19.929,20.319,19.911,20.311,159084,0
2001-05-07,20.363,20.66,20.363,20.558,291695,0
2001-05-08,20.481,20.871,20.431,20.814,308755,0
2001-05-09,20.814,21.339,20.814,21.238,410178,0
2001-05-10,21.536,22.052,21.273,21.848,536436,0
2001-05-11,21.848,22.012,21.688,21.84,363942,0
2001-05-14,21.84,21.901,21.348,21.723,232507,0
2001-05-15,21.732,21.792,21.509,21.662,317461,0
2001-05-16,21.74,22.249,21.697,22.199,369705,0
2001-05-17,22.275,22.309,22.004,22.114,302165,0
2001-05-18,22.148,22.334,21.587,21.987,442539,0
2001-05-21,22.192,22.309,22.036,22.223,342993,0
2001-05-22,22.223,22.386,21.866,22.223,262041,0
2001-05-23,22.309,22.427,21.987,22.044,376175,0
2001-05-24,22.028,22.166,21.978,22.036,214269,0
2001-05-25,22.028,22.157,21.848,21.875,165203,0
2001-05-29,21.962,22.114,21.833,22.105,443246,0
2001-05-30,22.114,22.309,22.036,22.07,225919,0
2001-05-31,22.07,22.258,21.953,22.114,119431,0
2001-06-01,22.028,22.192,22.02,22.02,103546,0
2001-06-04,22.148,22.351,22.097,22.249,120486,0
2001-06-05,22.249,22.471,22.24,22.275,244273,0
2001-06-06,22.343,22.419,22.199,22.334,328758,0
2001-06-07,22.351,22.59,22.351,22.554,603036,0
2001-06-08,22.546,22.546,21.987,22.061,223327,0
2001-06-11,22.301,22.343,22.105,22.231,283338,0
2001-06-12,22.309,22.309,21.187,21.416,566203,0
2001-06-13,21.416,21.662,21.314,21.348,407944,0
2001-06-14,21.348,21.366,21.068,21.229,240154,0
2001-06-15,21.425,22.623,21.247,22.343,810008,0
2001-06-18,22.309,22.412,22.148,22.206,346762,0
2001-06-19,22.105,22.386,22.079,22.292,294752,0
2001-06-20,22.301,22.539,22.275,22.539,261216,0
2001-06-21,22.539,22.707,22.351,22.435,446188,0
2001-06-22,22.435,22.48,22.036,22.105,170379,0
2001-06-25,22.326,22.343,21.962,21.987,312049,0
2001-06-26,21.953,22.665,21.953,22.59,269805,0
2001-06-27,22.505,22.599,22.148,22.351,323934,0
2001-06-28,22.343,22.496,22.105,22.24,412180,0
2001-06-29,22.343,23.064,22.07,23.064,421714,0
2001-07-02,23.064,23.404,22.751,23.364,328993,0
2001-07-03,23.099,23.535,22.886,23.225,240036,0
2001-07-05,23.421,23.509,23.151,23.404,214385,0
2001-07-06,23.404,23.404,22.903,23.006,211092,0
2001-07-09,22.947,23.26,22.886,22.937,178617,0
2001-07-10,22.777,23.024,22.623,22.803,230624,0
2001-07-11,22.803,22.947,22.427,22.649,301928,0
2001-07-12,22.453,23.218,22.453,23.195,356056,0
2001-07-13,22.947,23.543,22.903,23.364,409944,0
2001-07-16,23.16,23.941,23.16,23.561,424421,0
2001-07-17,23.364,23.864,23.33,23.747,440656,0
2001-07-18,23.464,24.145,23.455,24.01,480429,0
2001-07-19,24.002,24.34,23.788,24.163,382766,0
2001-07-20,24.026,24.256,23.625,23.704,750235,0
2001-07-23,23.509,24.46,23.509,24.366,643394,0
2001-07-24,24.383,24.741,24.197,24.553,1468699,0
2001-07-25,24.467,24.799,24.426,24.654,556439,0
2001-07-26,24.706,24.952,24.569,24.91,407712,0
2001-07-27,25.104,25.377,24.901,25.113,629862,0
2001-07-30,25.113,25.14,24.816,25.003,378175,0
2001-07-31,25.251,25.581,24.91,25.174,414771,0
2001-08-01,25.174,25.538,25.14,25.395,442657,0
2001-08-02,25.317,25.937,25.317,25.862,258628,0
2001-08-03,25.742,25.928,25.624,25.751,224152,0
2001-08-06,25.547,25.777,25.454,25.538,247214,0
2001-08-07,25.742,25.742,25.42,25.725,403238,0
2001-08-08,25.538,25.624,25.224,25.463,452072,0
2001-08-09,25.463,25.624,25.062,25.59,431127,0
2001-08-10,25.633,25.937,25.624,25.81,471487,0
2001-08-13,25.972,26.263,25.919,26.149,389589,0
2001-08-14,26.185,26.371,26.066,26.297,567380,0
2001-08-15,26.337,26.542,26.297,26.475,536790,0
2001-08-16,26.492,27.042,26.353,26.729,416065,0
2001-08-17,26.526,26.82,26.353,26.457,399592,0
2001-08-20,26.66,26.829,26.422,26.829,300988,0
2001-08-21,26.829,26.838,26.627,26.779,555616,0
2001-08-22,26.829,27.017,26.557,26.916,307811,0
2001-08-23,27.042,27.443,27.042,27.443,293107,0
2001-08-24,27.443,27.679,27.205,27.451,311226,0
2001-08-27,27.323,27.427,27.017,27.051,226862,0
2001-08-28,26.958,27.033,26.466,26.721,342290,0
2001-08-29,26.916,27.205,26.803,26.882,289690,0
2001-08-30,26.882,27.042,26.353,26.573,347229,0
2001-08-31,26.475,26.882,26.345,26.492,197326,0
2001-09-04,26.636,27.042,26.483,26.847,395121,0
2001-09-05,26.916,27.042,26.475,26.745,271808,0
2001-09-06,27,27.025,26.44,26.526,548911,0
2001-09-07,26.312,26.431,25.828,26.115,439010,0
2001-09-10,25.751,26.193,25.751,25.872,471723,0
2001-09-17,25.342,25.59,24.484,25.299,492548,0
2001-09-18,25.299,25.59,25.183,25.478,368646,0
2001-09-19,25.317,25.691,25.02,25.42,569736,0
2001-09-20,24.944,25.828,24.919,25.675,829776,0
2001-09-21,25.276,26.217,25.02,25.29,544554,0
2001-09-24,25.751,26.431,25.59,25.919,453362,0
2001-09-25,26.193,27.85,26.193,26.923,641393,0
2001-09-26,26.916,26.923,25.99,26.03,378056,0
2001-09-27,26.235,27.205,25.955,27.171,308638,0
2001-09-28,27.239,28.266,27.239,27.876,460540,0
2001-10-01,27.876,28.011,27.551,27.859,551382,0
2001-10-02,28.175,28.497,28.011,28.335,537728,0
2001-10-03,28.249,29.143,28.088,28.966,506667,0
2001-10-04,28.966,29.143,28.41,29.047,493843,0
2001-10-05,29.047,29.047,28.41,28.727,334758,0
2001-10-08,28.727,28.727,27.766,27.978,265572,0
2001-10-09,27.671,27.774,27.409,27.723,465956,0
2001-10-10,27.527,28.241,27.443,28.223,351938,0
2001-10-11,28.175,28.701,28.131,28.692,212620,0
2001-10-12,28.497,28.497,27.485,28.14,314049,0
2001-10-15,27.978,28.293,27.485,28.197,258391,0
2001-10-16,28.197,28.515,27.97,28.319,288986,0
2001-10-17,28.368,28.368,27.527,27.57,240154,0
2001-10-18,27.365,27.927,27.119,27.443,676696,0
2001-10-19,27.434,27.824,27.025,27.612,464659,0
2001-10-22,27.527,27.74,27.119,27.63,414416,0
2001-10-23,27.927,28.572,27.527,28.062,266277,0
2001-10-24,27.986,28.861,27.766,28.361,446188,0
2001-10-25,28.036,28.461,27.85,28.148,202737,0
2001-10-26,28.385,28.639,28.123,28.394,209093,0
2001-10-29,28.598,28.735,27.994,28.319,364764,0
2001-10-30,28.515,28.753,28.081,28.105,304750,0
2001-10-31,28.081,28.452,28.011,28.249,547968,0
2001-11-01,28.175,28.744,28.131,28.744,325342,0
2001-11-02,28.656,28.982,28.532,28.852,827894,0
2001-11-05,28.939,29.303,28.852,28.939,588798,0
2001-11-06,29.211,29.338,29.056,29.329,701287,0
2001-11-07,29.303,30.247,29.303,29.968,474311,0
2001-11-08,29.888,30.673,29.888,30.544,590088,0
2001-11-09,30.341,30.673,29.985,30.084,510314,0
2001-11-12,30.391,30.477,29.627,30.239,663280,0
2001-11-13,30.654,31.027,30.578,30.868,548911,0
2001-11-14,30.969,31.6,30.814,31.199,348644,0
2001-11-15,31.539,31.573,31.172,31.215,842368,0
2001-11-16,31.215,31.215,30.315,30.724,702464,0
2001-11-19,30.806,31.327,30.806,31.164,1002861,0
2001-11-20,31.215,31.445,30.858,31.072,1512118,0
2001-11-21,31.377,31.786,31.233,31.411,253572,0
2001-11-23,31.411,31.539,31.327,31.496,101545,0
2001-11-26,31.291,32.108,31.251,31.913,257924,0
2001-11-27,31.835,32.039,31.327,31.573,297338,0
2001-11-28,31.539,31.743,31.335,31.699,230271,0
2001-11-29,31.708,32.15,31.291,32.108,257569,0
2001-11-30,31.989,32.219,31.743,32.21,314168,0
2001-12-03,32.228,32.72,31.989,32.431,447011,0
2001-12-04,32.517,32.687,32.304,32.644,236389,0
2001-12-05,33.033,33.469,33.033,33.469,567146,0
2001-12-06,33.535,33.614,33.009,33.222,409124,0
2001-12-07,33.246,33.365,32.678,33.331,319342,0
2001-12-10,33.17,33.493,32.108,32.431,263687,0
2001-12-11,32.6,33.289,32.6,33.102,413948,0
2001-12-12,33.197,33.331,32.959,33.137,410886,0
2001-12-13,33.009,33.493,32.354,32.651,422302,0
2001-12-14,32.764,33.419,32.269,33.206,455836,0
2001-12-17,33.206,33.535,33.001,33.102,309812,0
2001-12-18,33.17,33.892,33.17,33.748,704463,0
2001-12-19,33.586,33.817,33.374,33.526,563384,0
2001-12-20,33.731,33.852,33.419,33.595,488078,0
2001-12-21,33.595,33.969,33.365,33.817,677165,0
2001-12-24,33.934,34.291,33.696,34.291,172616,0
2001-12-26,34.351,34.76,34.266,34.386,271338,0
2001-12-27,34.309,34.623,34.242,34.386,415712,0
2001-12-28,34.266,34.411,34.148,34.182,305108,0
2001-12-31,34.19,34.19,33.614,33.883,634334,0
