Date,Open,High,Low,Close,Volume,OpenInt
1995-01-03,6.5175,6.5857,6.5175,6.5857,394388,0
1995-01-04,6.5477,6.6236,6.4875,6.5477,1119411,0
1995-01-05,6.5477,6.5857,6.5477,6.5857,379578,0
1995-01-06,6.5857,6.6236,6.5175,6.6236,503364,0
1995-01-09,6.6236,6.6537,6.5857,6.6236,331695,0
1995-01-10,6.6236,6.6537,6.5477,6.5477,453633,0
1995-01-11,6.5857,6.6236,6.457,6.5175,1150359,0
1995-01-12,6.5175,6.5477,6.4875,6.4875,340692,0
1995-01-13,6.5857,6.6236,6.5477,6.5477,561031,0
1995-01-16,6.5857,6.7825,6.5857,6.7143,1259336,0
1995-01-17,6.7143,6.8885,6.7143,6.8885,1398738,0
1995-01-18,6.8504,6.8885,6.7825,6.8885,1305627,0
1995-01-19,6.8201,6.8504,6.6916,6.7143,960177,0
1995-01-20,6.7521,6.8201,6.6916,6.7825,1048525,0
1995-01-23,6.7521,6.8504,6.7143,6.8504,1164908,0
1995-01-24,6.8504,6.9561,6.8504,6.9184,1370961,0
1995-01-25,6.9561,7.0243,6.9184,6.9561,753860,0
1995-01-26,6.9561,6.9865,6.9184,6.9561,216368,0
1995-01-27,6.9865,7.0847,6.9865,7.047,626626,0
1995-01-30,7.0243,7.1152,7.0243,7.0847,616576,0
1995-01-31,7.0847,7.1529,7.047,7.1152,624248,0
1995-02-01,7.1152,7.2131,7.0847,7.1152,1290021,0
1995-02-02,7.1152,7.1529,7.047,7.1529,793536,0
1995-02-03,7.1906,7.2812,7.1529,7.2511,1911361,0
1995-02-06,7.1906,7.2511,7.1906,7.1906,452317,0
1995-02-07,7.2131,7.2131,7.1529,7.1906,595944,0
1995-02-08,7.1906,7.2511,7.1152,7.1152,535107,0
1995-02-09,7.1152,7.1152,6.9865,7.047,858604,0
1995-02-10,7.047,7.0847,7.047,7.047,524262,0
1995-02-13,7.0847,7.1152,7.047,7.047,489084,0
1995-02-14,7.0847,7.1529,7.0847,7.1529,1914798,0
1995-02-15,7.0923,7.1984,7.0923,7.1301,3104305,0
1995-02-16,7.1603,7.1603,7.0923,7.1301,2195712,0
1995-02-17,7.1301,7.1301,7.0619,7.0923,701219,0
1995-02-21,7.0923,7.1984,7.0243,7.1301,1718529,0
1995-02-22,7.1301,7.2663,7.1301,7.2283,844322,0
1995-02-23,7.2663,7.2965,7.1603,7.1984,1355091,0
1995-02-24,7.1603,7.2283,7.1603,7.1984,627422,0
1995-02-27,7.1984,7.1984,7.0619,7.0619,835064,0
1995-02-28,7.0619,7.2283,7.0243,7.2283,1035032,0
1995-03-01,7.2283,7.2283,7.1301,7.1984,1454018,0
1995-03-02,7.1984,7.1984,6.9865,7.0619,2149687,0
1995-03-03,7.0243,7.0243,6.9184,6.9561,1708744,0
1995-03-06,6.9184,6.9561,6.8277,6.8885,553093,0
1995-03-07,6.8885,6.8885,6.7595,6.8885,1311977,0
1995-03-08,6.9184,6.9561,6.8579,6.8579,1422276,0
1995-03-09,6.8579,6.8885,6.7595,6.7899,1567494,0
1995-03-10,6.8579,6.9184,6.7595,6.9184,588270,0
1995-03-13,6.8579,6.8885,6.7899,6.7899,376929,0
1995-03-14,6.8579,6.8885,6.7899,6.8277,1706099,0
1995-03-15,6.7899,6.8277,6.7595,6.7899,557855,0
1995-03-16,6.8277,6.8885,6.7899,6.8277,1556121,0
1995-03-17,6.8277,6.8277,6.7899,6.7899,1528878,0
1995-03-20,6.8277,6.8277,6.6916,6.7219,1053551,0
1995-03-21,6.6916,6.7219,6.6236,6.6537,1108832,0
1995-03-22,6.6537,6.6916,6.5857,6.6236,2626070,0
1995-03-23,6.6537,6.6916,6.6236,6.6916,550183,0
1995-03-24,6.7219,6.8277,6.6916,6.7899,909123,0
1995-03-27,6.8579,6.8579,6.7219,6.7595,859665,0
1995-03-28,6.7219,6.8277,6.6916,6.8277,797501,0
1995-03-29,6.8277,6.9561,6.7219,6.7595,1354826,0
1995-03-30,6.7899,6.7899,6.6916,6.7595,604145,0
1995-03-31,6.7219,6.7899,6.6537,6.7899,1549509,0
1995-04-03,6.7899,6.8579,6.7899,6.7899,1351652,0
1995-04-04,6.8277,6.9561,6.8277,6.8885,1953682,0
1995-04-05,6.9184,7.1984,6.8885,7.0923,1212252,0
1995-04-06,7.1301,7.1301,7.0243,7.0243,674504,0
1995-04-07,7.0619,7.1301,7.0243,7.1301,599382,0
1995-04-10,7.0619,7.1301,7.0243,7.0923,825010,0
1995-04-11,7.1301,7.1603,7.0619,7.0923,754123,0
1995-04-12,7.0923,7.0923,7.0243,7.0923,835856,0
1995-04-13,7.0619,7.1603,7.0243,7.0923,636944,0
1995-04-17,7.0619,7.0923,6.8885,6.8885,955152,0
1995-04-18,6.9561,6.9865,6.8885,6.9865,765764,0
1995-04-19,6.9865,7.0243,6.9184,6.9865,477974,0
1995-04-20,6.9865,7.0243,6.9561,6.9865,257370,0
1995-04-21,7.0243,7.0243,6.9184,6.9561,749095,0
1995-04-24,6.9561,7.0243,6.8579,6.9865,1253785,0
1995-04-25,6.9561,6.9865,6.9184,6.9561,878706,0
1995-04-26,6.9561,6.9865,6.8885,6.9865,1342134,0
1995-04-27,6.9561,6.9561,6.8885,6.9561,880823,0
1995-04-28,6.9561,6.9561,6.8885,6.9561,673449,0
1995-05-01,6.9184,6.9184,6.8579,6.8885,984511,0
1995-05-02,6.9184,6.9184,6.8579,6.9184,771844,0
1995-05-03,6.8885,7.0923,6.8885,7.0923,2544599,0
1995-05-04,7.0619,7.1301,7.0619,7.0923,1217280,0
1995-05-05,7.0923,7.1603,7.0619,7.1603,1460897,0
1995-05-08,7.1603,7.2283,7.1301,7.1603,703598,0
1995-05-09,7.1984,7.2283,7.0923,7.1603,835856,0
1995-05-10,7.1603,7.2283,7.1301,7.2283,666306,0
1995-05-11,7.1984,7.1984,7.0923,7.1301,818661,0
1995-05-12,7.0923,7.0923,6.9561,7.0619,1229453,0
1995-05-15,7.0619,7.2663,7.0619,7.2283,803056,0
1995-05-16,7.1984,7.3645,7.1984,7.3344,1641556,0
1995-05-17,7.3344,7.3344,7.2283,7.3344,3809228,0
1995-05-18,7.2737,7.3041,7.1603,7.1984,1532048,0
1995-05-19,7.1984,7.2359,7.1603,7.1603,1440268,0
1995-05-22,7.1984,7.2737,7.1301,7.1984,444113,0
1995-05-23,7.2359,7.2737,7.1984,7.2359,544366,0
1995-05-24,7.2737,7.4024,7.2737,7.3722,1757940,0
1995-05-25,7.4705,7.6066,7.4403,7.576,1932257,0
1995-05-26,7.6066,7.6066,7.4024,7.4024,1261454,0
1995-05-30,7.4403,7.6066,7.4403,7.576,1227072,0
1995-05-31,7.6066,7.7198,7.576,7.7198,1299017,0
1995-06-01,7.6746,7.7501,7.6444,7.7198,871300,0
1995-06-02,7.7501,8.0224,7.7501,8.0224,3829333,0
1995-06-05,8.0528,8.1584,8.0528,8.1584,2464982,0
1995-06-06,8.1206,8.1206,8.0903,8.1206,1721177,0
1995-06-07,8.0903,8.0903,7.9167,7.9846,1851579,0
1995-06-08,7.9543,7.9543,7.6444,7.6746,2919151,0
1995-06-09,7.6746,7.6746,7.5082,7.576,1259073,0
1995-06-12,7.6444,7.8182,7.6444,7.6444,1066775,0
1995-06-13,7.7804,7.8182,7.7198,7.7501,1049846,0
1995-06-14,7.7501,7.7501,7.6066,7.6444,1153004,0
1995-06-15,7.6444,7.6444,7.576,7.6066,428244,0
1995-06-16,7.576,7.6066,7.5383,7.5383,1949980,0
1995-06-19,7.576,7.6444,7.576,7.6066,467922,0
1995-06-20,7.6066,7.6066,7.5383,7.576,1058048,0
1995-06-21,7.576,7.6066,7.4705,7.5383,1370432,0
1995-06-22,7.6066,7.7501,7.576,7.7501,1309333,0
1995-06-23,7.7198,7.7198,7.6066,7.6066,834003,0
1995-06-26,7.5383,7.6066,7.5082,7.5383,1252727,0
1995-06-27,7.5383,7.6444,7.5383,7.576,1005936,0
1995-06-28,7.6066,7.7501,7.576,7.6746,466864,0
1995-06-29,7.6746,7.6746,7.6066,7.6444,564468,0
1995-06-30,7.6746,7.7804,7.576,7.576,1110154,0
1995-07-03,7.6066,7.7501,7.576,7.6746,197061,0
1995-07-05,7.6746,7.7501,7.6444,7.6444,1228656,0
1995-07-06,7.576,7.8865,7.576,7.8865,1016782,0
1995-07-07,7.8182,7.8182,7.6066,7.6444,1179721,0
1995-07-10,7.6746,7.6746,7.5383,7.6066,1404555,0
1995-07-11,7.576,7.6746,7.5383,7.6444,680057,0
1995-07-12,7.576,7.7501,7.576,7.7198,735075,0
1995-07-13,7.6746,7.7198,7.6066,7.6746,278793,0
1995-07-14,7.6444,7.6746,7.6066,7.6746,443054,0
1995-07-17,7.6746,7.7198,7.6066,7.6444,888232,0
1995-07-18,7.6066,7.6746,7.576,7.6444,1087410,0
1995-07-19,7.6444,7.6444,7.4705,7.576,1298486,0
1995-07-20,7.6066,7.6066,7.5082,7.6066,1159614,0
1995-07-21,7.576,7.6444,7.576,7.6444,1119411,0
1995-07-24,7.6746,7.7804,7.6746,7.7501,1258543,0
1995-07-25,7.7198,7.7804,7.6444,7.7804,711006,0
1995-07-26,7.7501,7.8182,7.6444,7.7198,842998,0
1995-07-27,7.7501,7.8483,7.7501,7.8483,694079,0
1995-07-28,7.8483,7.8483,7.7804,7.7804,270334,0
1995-07-31,7.8182,7.8483,7.6746,7.8483,929496,0
1995-08-01,7.8182,7.8865,7.6746,7.7198,1133433,0
1995-08-02,7.7501,7.7804,7.6066,7.6444,3798915,0
1995-08-03,7.576,7.6746,7.5082,7.6746,785334,0
1995-08-04,7.6746,7.7198,7.6066,7.6746,741423,0
1995-08-07,7.7198,7.7198,7.6444,7.6746,646467,0
1995-08-08,7.6746,7.7198,7.576,7.6066,583247,0
1995-08-09,7.6444,7.6444,7.5082,7.6066,471625,0
1995-08-10,7.6066,7.6066,7.5383,7.5383,317678,0
1995-08-11,7.576,7.6066,7.5383,7.6066,605466,0
1995-08-14,7.576,7.576,7.2359,7.3417,3316972,0
1995-08-15,7.2737,7.3041,7.2737,7.3041,903570,0
1995-08-16,7.3041,7.4403,7.2359,7.4403,4871507,0
1995-08-17,7.4403,7.4705,7.3417,7.3417,625038,0
1995-08-18,7.3722,7.4403,7.3417,7.4403,4510980,0
1995-08-21,7.4476,7.478,7.3041,7.3417,3346068,0
1995-08-22,7.3417,7.3797,7.3041,7.3797,1721706,0
1995-08-23,7.3417,7.3797,7.3041,7.3041,952770,0
1995-08-24,7.3417,7.3417,7.2737,7.3417,542511,0
1995-08-25,7.3417,7.4097,7.2737,7.3797,678738,0
1995-08-28,7.3797,7.4476,7.3417,7.4476,1155651,0
1995-08-29,7.4097,7.4476,7.3797,7.4097,378250,0
1995-08-30,7.4476,7.4476,7.4097,7.4097,325350,0
1995-08-31,7.4097,7.4476,7.4097,7.4097,422164,0
1995-09-01,7.4097,7.4476,7.4097,7.4476,449668,0
1995-09-05,7.4476,7.4476,7.2737,7.3417,623982,0
1995-09-06,7.3797,7.4476,7.2359,7.3041,992977,0
1995-09-07,7.3041,7.3041,7.1376,7.2737,1070217,0
1995-09-08,7.2737,7.2737,7.2057,7.2359,644616,0
1995-09-11,7.2737,7.2737,7.2057,7.2359,573988,0
1995-09-12,7.2359,7.3041,7.2057,7.3041,518972,0
1995-09-13,7.3041,7.3797,7.2057,7.2057,550183,0
1995-09-14,7.2737,7.3041,7.2359,7.3041,2212900,0
1995-09-15,7.3417,7.3417,7.2737,7.2737,1207496,0
1995-09-18,7.2359,7.3797,7.2359,7.2737,826601,0
1995-09-19,7.3417,7.4476,7.3041,7.4476,1348477,0
1995-09-20,7.4097,7.6217,7.4097,7.6217,1633095,0
1995-09-21,7.5916,7.6217,7.5537,7.6217,1040586,0
1995-09-22,7.5537,7.6217,7.5537,7.6217,1703190,0
1995-09-25,7.6217,7.6217,7.5916,7.5916,790624,0
1995-09-26,7.6217,7.8333,7.5916,7.7653,1410904,0
1995-09-27,7.7273,7.9315,7.7273,7.9315,944041,0
1995-09-28,7.9315,8.0374,7.9315,8.0073,742751,0
1995-09-29,7.9693,8.0753,7.6972,7.9693,1430215,0
1995-10-02,7.9693,8.0374,7.9315,8.0374,885581,0
1995-10-03,8.0073,8.0753,8.0073,8.0753,979221,0
1995-10-04,8.0753,8.0753,7.9693,8.0073,433534,0
1995-10-05,8.0073,8.0073,7.9013,7.9693,617899,0
1995-10-06,7.9315,8.0374,7.8635,8.0073,975784,0
1995-10-09,8.0374,8.0374,8.0073,8.0374,297312,0
1995-10-10,8.0073,8.1433,8.0073,8.1433,1320970,0
1995-10-11,8.1055,8.1433,8.0753,8.1055,352859,0
1995-10-12,8.0753,8.1433,8.0753,8.0753,1917972,0
1995-10-13,8.0753,8.1433,8.0073,8.0374,877650,0
1995-10-16,8.0753,8.0753,7.9693,8.0073,478764,0
1995-10-17,8.0073,8.0374,7.9693,7.9693,445965,0
1995-10-18,7.9693,8.0374,7.9693,8.0073,543569,0
1995-10-19,8.0073,8.2492,8.0073,8.2192,438826,0
1995-10-20,8.2192,8.3172,8.1811,8.3172,552832,0
1995-10-23,8.2492,8.3925,8.2192,8.3172,1612458,0
1995-10-24,8.3548,8.3925,8.2868,8.3548,3199529,0
1995-10-25,8.2868,8.3172,8.2192,8.2192,878440,0
1995-10-26,8.2192,8.2492,8.1811,8.2492,1034504,0
1995-10-27,8.2192,8.2492,8.1433,8.1811,924203,0
1995-10-30,8.1811,8.2492,8.1811,8.2192,563940,0
1995-10-31,8.2192,8.2868,8.1055,8.1433,478501,0
1995-11-01,8.1433,8.3925,8.1433,8.3172,1035032,0
1995-11-02,8.3548,8.3548,8.2192,8.2492,2248613,0
1995-11-03,8.2492,8.2868,8.1811,8.2492,643556,0
1995-11-06,8.2192,8.2192,8.0753,8.1433,1243466,0
1995-11-07,8.1811,8.2192,8.1055,8.1811,3115681,0
1995-11-08,8.2192,8.2868,8.1433,8.1433,489875,0
1995-11-09,8.2192,8.2492,8.1811,8.2192,415282,0
1995-11-10,8.1811,8.1811,8.1055,8.1433,3489700,0
1995-11-13,8.1206,8.1206,8.0224,8.0903,2115563,0
1995-11-14,8.0903,8.0903,7.9846,8.0224,1267008,0
1995-11-15,8.0528,8.1584,8.0224,8.1584,8213078,0
1995-11-16,8.1206,8.1584,7.9543,8.0528,1954742,0
1995-11-17,8.0528,8.0903,8.0224,8.0903,1024453,0
1995-11-20,8.0903,8.1206,7.9846,8.0224,314767,0
1995-11-21,7.9846,8.1206,7.9846,8.1206,739310,0
1995-11-22,8.1206,8.1963,8.0903,8.1584,693283,0
1995-11-24,8.1584,8.2264,8.1584,8.1963,150243,0
1995-11-27,8.1963,8.3022,8.1963,8.2719,817076,0
1995-11-28,8.2719,8.3399,8.1963,8.3022,572138,0
1995-11-29,8.3399,8.3399,8.2719,8.3022,358944,0
1995-11-30,8.3022,8.3022,8.1963,8.1963,716030,0
1995-12-01,8.1963,8.2719,8.1584,8.2264,577696,0
1995-12-04,8.2264,8.2719,8.2264,8.2264,754123,0
1995-12-05,8.2264,8.3399,8.2264,8.3022,982130,0
1995-12-06,8.3022,8.4757,8.3022,8.4459,1191362,0
1995-12-07,8.3399,8.3708,8.2719,8.3399,755975,0
1995-12-08,8.3708,8.4086,8.1963,8.3022,489347,0
1995-12-11,8.3022,8.3708,8.2264,8.3399,554680,0
1995-12-12,8.3708,8.3708,8.3022,8.3708,608644,0
1995-12-13,8.3399,8.3708,8.2719,8.3022,1174959,0
1995-12-14,8.3022,8.3399,8.2719,8.2719,1047198,0
1995-12-15,8.3022,8.3022,8.2264,8.2719,2223747,0
1995-12-18,8.2264,8.3399,8.1963,8.3399,1107247,0
1995-12-19,8.3022,8.4086,8.2719,8.3708,1285262,0
1995-12-20,8.3708,8.4459,8.3022,8.4459,1329433,0
1995-12-21,8.4459,8.4757,8.3399,8.4086,2736369,0
1995-12-22,8.4459,8.4757,8.4086,8.4086,811522,0
1995-12-26,8.4757,8.4757,8.4459,8.4757,239912,0
1995-12-27,8.4459,8.4757,8.3708,8.4086,592771,0
1995-12-28,8.4086,8.4757,8.4086,8.4757,1171257,0
1995-12-29,8.4459,8.5512,8.4086,8.5135,1917708,0
1996-01-02,8.4757,8.5512,8.4086,8.5512,1185806,0
1996-01-03,8.5512,8.6883,8.5135,8.6883,1098250,0
1996-01-04,8.7251,8.7637,8.6187,8.6574,1060163,0
1996-01-05,8.5512,8.7251,8.5512,8.7251,958325,0
1996-01-08,8.6883,8.6883,8.6574,8.6883,62691,0
1996-01-09,8.6883,8.7251,8.6187,8.6574,391479,0
1996-01-10,8.5906,8.6883,8.5906,8.6187,605202,0
1996-01-11,8.6187,8.6883,8.5906,8.6574,742219,0
1996-01-12,8.6883,8.7251,8.6187,8.6883,557590,0
1996-01-15,8.6574,8.7251,8.6574,8.6574,342809,0
1996-01-16,8.6883,8.6883,8.5906,8.6574,1613521,0
1996-01-17,8.6574,8.7939,8.6574,8.7637,1805030,0
1996-01-18,8.7939,8.7939,8.6574,8.7939,1116238,0
1996-01-19,8.7637,8.8307,8.7637,8.7939,1071797,0
1996-01-22,8.7637,8.7637,8.6883,8.6883,365553,0
1996-01-23,8.6574,8.6883,8.6187,8.6574,457074,0
1996-01-24,8.6883,8.7939,8.6574,8.7251,1729906,0
1996-01-25,8.6883,8.7251,8.6574,8.6883,1542898,0
1996-01-26,8.6574,8.7251,8.6187,8.7251,593036,0
1996-01-29,8.6883,8.7251,8.5512,8.6574,494900,0
1996-01-30,8.6883,8.7251,8.6187,8.6883,991917,0
1996-01-31,8.6883,8.6883,8.6574,8.6883,581130,0
1996-02-01,8.7251,8.7939,8.7251,8.7637,963351,0
1996-02-02,8.7251,8.7637,8.6574,8.6883,385660,0
1996-02-05,8.6187,8.7251,8.5906,8.7251,762851,0
1996-02-06,8.6883,8.7939,8.6883,8.7251,962030,0
1996-02-07,8.7251,8.8697,8.7251,8.7939,1354826,0
1996-02-08,8.7939,8.8697,8.7637,8.8697,930551,0
1996-02-09,8.8697,8.908,8.7939,8.8697,1315944,0
1996-02-12,8.8697,8.908,8.8307,8.908,812577,0
1996-02-13,8.908,9.1117,8.908,9.0425,1597652,0
1996-02-14,9.0058,9.0812,8.9362,9.0058,990330,0
1996-02-15,8.9745,9.1872,8.9745,8.9745,4075854,0
1996-02-16,8.9906,9.0275,8.8464,8.8464,1835976,0
1996-02-20,8.8094,8.8464,8.6658,8.7031,1536284,0
1996-02-21,8.7031,8.7399,8.5972,8.5972,654933,0
1996-02-22,8.6658,8.8094,8.5972,8.8094,766025,0
1996-02-23,8.7784,8.7784,8.3477,8.4913,3981954,0
1996-02-26,8.3098,8.3098,7.8483,8.0979,7228040,0
1996-02-27,8.1358,8.2037,8.0979,8.1358,3582544,0
1996-02-28,8.2037,8.2794,8.166,8.166,2967025,0
1996-02-29,8.0979,8.1358,8.0224,8.0979,3901808,0
1996-03-01,8.166,8.2037,8.0601,8.1358,2092815,0
1996-03-04,8.0979,8.2341,8.0979,8.166,984777,0
1996-03-05,8.1358,8.2341,8.1358,8.2341,890613,0
1996-03-06,8.166,8.2794,8.166,8.2037,936897,0
1996-03-07,8.1358,8.166,8.0979,8.166,4500134,0
1996-03-08,8.0224,8.0224,7.8865,7.9167,1715889,0
1996-03-11,7.8106,7.8483,7.629,7.7728,2376901,0
1996-03-12,7.7047,7.735,7.5234,7.629,2649345,0
1996-03-13,7.6668,7.6668,7.5537,7.629,917328,0
1996-03-14,7.5916,7.6668,7.5916,7.5916,958060,0
1996-03-15,7.5916,7.5916,7.5234,7.5537,1597915,0
1996-03-18,7.5916,7.8106,7.5916,7.7047,1393974,0
1996-03-19,7.735,7.8106,7.5916,7.7047,2916502,0
1996-03-20,7.7047,7.8106,7.7047,7.7728,1650550,0
1996-03-21,7.8106,7.8106,7.7047,7.7047,2209204,0
1996-03-22,7.7728,7.7728,7.7047,7.7047,497546,0
1996-03-25,7.7728,7.9846,7.6668,7.6668,1800002,0
1996-03-26,7.629,7.7047,7.629,7.6668,1361441,0
1996-03-27,7.6668,7.8106,7.6668,7.735,1109098,0
1996-03-28,7.735,7.7728,7.7047,7.7047,1226275,0
1996-03-29,7.735,7.735,7.629,7.629,6401443,0
1996-04-01,7.6668,7.7047,7.5916,7.629,2604381,0
1996-04-02,7.6668,7.7047,7.5916,7.6668,4248055,0
1996-04-03,7.5916,7.629,7.5537,7.5916,1000384,0
1996-04-04,7.5234,7.5537,7.4854,7.4854,794328,0
1996-04-08,7.4097,7.4097,7.1603,7.3417,1415401,0
1996-04-09,7.3417,7.3797,7.3041,7.3041,1056193,0
1996-04-10,7.2737,7.3041,7.0619,7.0923,2142808,0
1996-04-11,7.0619,7.0923,6.9488,7.0243,1136605,0
1996-04-12,7.0243,7.1603,6.9865,7.0923,2671037,0
1996-04-15,7.1301,7.1301,6.9865,7.0243,1583365,0
1996-04-16,6.9865,7.0243,6.9488,6.9865,1886232,0
1996-04-17,6.9865,7.0923,6.9488,7.0619,7020664,0
1996-04-18,7.0619,7.0923,7.0243,7.0619,604938,0
1996-04-19,7.0923,7.1603,7.0619,7.0923,1177603,0
1996-04-22,7.0923,7.2057,6.9865,7.0619,966259,0
1996-04-23,7.0243,7.2057,6.9865,7.1301,2013990,0
1996-04-24,7.0923,7.2057,7.0619,7.1301,1716680,0
1996-04-25,7.1301,7.1603,7.0619,7.1301,668154,0
1996-04-26,7.1301,7.1603,7.0619,7.0923,492519,0
1996-04-29,7.0923,7.1603,7.0923,7.1301,1268862,0
1996-04-30,7.1301,7.1301,7.0619,7.0923,478238,0
1996-05-01,7.0923,7.2359,7.0619,7.1603,920765,0
1996-05-02,7.0923,7.1301,7.0243,7.0619,649377,0
1996-05-03,7.0619,7.0619,6.9488,6.9865,1070742,0
1996-05-06,7.0243,7.0923,6.9865,7.0923,1050905,0
1996-05-07,7.0923,7.0923,6.9865,7.0243,723701,0
1996-05-08,7.0243,7.2359,6.9108,7.2359,1409051,0
1996-05-09,7.2057,7.2359,7.1603,7.2359,1031065,0
1996-05-10,7.3041,7.3797,7.2737,7.3417,1298749,0
1996-05-13,7.3417,7.4854,7.3417,7.455,2740866,0
1996-05-14,7.4854,7.5234,7.455,7.4854,823427,0
1996-05-15,7.4854,7.5234,7.4097,7.455,923146,0
1996-05-16,7.455,7.455,7.3417,7.4097,1519618,0
1996-05-17,7.455,7.455,7.4097,7.455,551771,0
1996-05-20,7.4854,7.4854,7.4097,7.4097,463425,0
1996-05-21,7.455,7.455,7.3041,7.3417,5816608,0
1996-05-22,7.4024,7.4705,7.289,7.4705,3252697,0
1996-05-23,7.5082,7.5383,7.4024,7.4024,2652525,0
1996-05-24,7.3567,7.4326,7.3567,7.4024,690109,0
1996-05-28,7.3567,7.4024,7.289,7.3267,513681,0
1996-05-29,7.3267,7.3567,7.289,7.289,1447936,0
1996-05-30,7.2511,7.289,7.2131,7.2511,1122320,0
1996-05-31,7.2131,7.2511,7.1452,7.1754,691169,0
1996-06-03,7.1452,7.1452,7.0697,7.1075,643821,0
1996-06-04,7.1452,7.2131,7.1452,7.1603,720529,0
1996-06-05,7.1452,7.289,7.1452,7.2511,916535,0
1996-06-06,7.289,7.289,7.1452,7.1452,1190302,0
1996-06-07,7.0697,7.1452,7.0316,7.1075,1222572,0
1996-06-10,7.1452,7.1754,7.1075,7.1075,1446613,0
1996-06-11,7.0697,7.1075,7.0316,7.0316,2288553,0
1996-06-12,6.9638,7.0316,6.9638,6.9638,1524378,0
1996-06-13,6.9638,7.0016,6.8885,6.9184,974725,0
1996-06-14,6.9184,7.0016,6.9184,6.9638,968907,0
1996-06-17,7.0016,7.0016,6.563,6.8885,1201412,0
1996-06-18,6.8504,6.8885,6.7368,6.7747,2126672,0
1996-06-19,6.7747,6.8126,6.7368,6.8126,1254313,0
1996-06-20,6.7747,6.8885,6.7219,6.8504,5564260,0
1996-06-21,6.9184,6.9638,6.8885,6.9184,2198090,0
1996-06-24,7.0016,7.1075,6.9638,7.0316,1515122,0
1996-06-25,7.1075,7.1754,7.0316,7.1075,2537725,0
1996-06-26,7.1075,7.1452,7.0697,7.1075,1329699,0
1996-06-27,7.1452,7.3267,7.1075,7.289,2699339,0
1996-06-28,7.3267,7.6519,7.3267,7.5838,6745572,0
1996-07-01,7.5838,7.6519,7.5082,7.5838,2373989,0
1996-07-02,7.5838,7.614,7.5082,7.5082,921556,0
1996-07-03,7.5082,7.5383,7.4705,7.5082,837176,0
1996-07-05,7.4024,7.4024,7.289,7.3267,549126,0
1996-07-08,7.289,7.3567,7.2511,7.3267,1262250,0
1996-07-09,7.289,7.4326,7.289,7.4024,862574,0
1996-07-10,7.4326,7.4326,7.3267,7.4024,1333668,0
1996-07-11,7.4326,7.4326,7.289,7.3567,1059896,0
1996-07-12,7.4024,7.5082,7.3267,7.5082,1533903,0
1996-07-15,7.5082,7.5082,7.3567,7.3567,1150099,0
1996-07-16,7.3567,7.4326,7.2131,7.3267,1354301,0
1996-07-17,7.3267,7.3567,7.1754,7.2511,1063070,0
1996-07-18,7.2511,7.289,7.1754,7.2131,1293723,0
1996-07-19,7.2511,7.2511,7.1075,7.1452,840353,0
1996-07-22,7.1075,7.1754,7.0316,7.1075,658633,0
1996-07-23,7.0316,7.0697,7.0016,7.0016,676094,0
1996-07-24,6.9184,7.0697,6.9184,7.0016,1315944,0
1996-07-25,7.0697,7.0697,6.9184,6.9638,514737,0
1996-07-26,6.9638,7.0316,6.9184,6.9638,451259,0
1996-07-29,6.9184,6.9638,6.8504,6.8504,347566,0
1996-07-30,6.8885,6.8885,6.8504,6.8504,403909,0
1996-07-31,6.8504,6.9184,6.8504,6.8504,974197,0
1996-08-01,6.8126,7.0697,6.8126,6.9638,1111211,0
1996-08-02,7.1075,7.1452,7.0016,7.1075,714447,0
1996-08-05,7.1452,7.2131,7.1075,7.1754,550709,0
1996-08-06,7.1452,7.1754,7.1075,7.1452,534576,0
1996-08-07,7.1075,7.1452,7.0316,7.1452,581663,0
1996-08-08,7.1075,7.1452,7.0697,7.1452,470035,0
1996-08-09,7.1452,7.1452,7.0016,7.0697,877913,0
1996-08-12,7.0316,7.1075,7.0016,7.0697,427715,0
1996-08-13,7.0697,7.1075,7.0316,7.0697,852258,0
1996-08-14,7.0316,7.0697,6.9638,7.0016,780307,0
1996-08-15,7.0016,7.0016,6.8504,6.8504,821309,0
1996-08-16,6.9184,7.0316,6.8504,7.0016,2442499,0
1996-08-19,7.0316,7.0316,6.9638,7.0316,590657,0
1996-08-20,7.0316,7.0697,7.0016,7.0316,4763058,0
1996-08-21,6.9411,7.0316,6.9031,7.0169,3787276,0
1996-08-22,6.9712,7.0923,6.9712,7.0169,2539839,0
1996-08-23,7.0169,7.047,6.9411,6.9712,716030,0
1996-08-26,7.0169,7.0169,6.9411,7.0169,942718,0
1996-08-27,7.047,7.1301,7.047,7.0923,1324411,0
1996-08-28,7.0923,7.1603,7.0923,7.1603,667099,0
1996-08-29,7.1301,7.1984,6.9712,7.047,2034883,0
1996-08-30,7.1301,7.1603,6.9411,6.9712,572667,0
1996-09-03,6.9031,7.0169,6.8654,7.0169,854637,0
1996-09-04,6.9712,6.9712,6.9031,6.9712,1464338,0
1996-09-05,6.9411,6.9712,6.8277,6.8277,449668,0
1996-09-06,6.8277,6.9712,6.8277,6.9031,692487,0
1996-09-09,6.9411,6.9712,6.8654,6.9411,621073,0
1996-09-10,6.9031,6.9411,6.9031,6.9411,419511,0
1996-09-11,6.9031,6.9411,6.8654,6.8654,356296,0
1996-09-12,6.9031,6.9712,6.8654,6.9411,596206,0
1996-09-13,7.047,7.0923,7.0169,7.0923,714711,0
1996-09-16,7.0923,7.1603,7.047,7.1301,635618,0
1996-09-17,7.1603,7.1603,6.9712,7.047,782426,0
1996-09-18,7.0169,7.1984,6.9712,7.1603,1456137,0
1996-09-19,7.1603,7.2359,7.1603,7.1603,1032387,0
1996-09-20,7.2737,7.2737,7.1603,7.1603,1623836,0
1996-09-23,7.1603,7.1984,7.1301,7.1603,671065,0
1996-09-24,7.1603,7.1984,7.0923,7.1301,768406,0
1996-09-25,7.0923,7.1301,7.0169,7.047,1126027,0
1996-09-26,7.0923,7.1301,7.0169,7.1301,4633448,0
1996-09-27,7.1603,7.1603,7.047,7.1301,414489,0
1996-09-30,7.1301,7.2359,7.047,7.047,1690759,0
1996-10-01,7.0923,7.2737,7.0923,7.1603,1227864,0
1996-10-02,7.1984,7.3114,7.1603,7.2737,1403765,0
1996-10-03,7.3114,7.3493,7.2359,7.2737,860981,0
1996-10-04,7.3114,7.4175,7.3114,7.3872,814695,0
1996-10-07,7.3872,7.4175,7.3114,7.3114,1074447,0
1996-10-08,7.3493,7.4628,7.3114,7.3493,794859,0
1996-10-09,7.3114,7.3493,7.2737,7.3114,1309595,0
1996-10-10,7.2359,7.2737,7.1603,7.1984,713122,0
1996-10-11,7.2359,7.3114,7.1984,7.2737,853314,0
1996-10-14,7.3114,7.3493,7.2737,7.2737,354442,0
1996-10-15,7.3114,7.3493,7.1603,7.1603,1155125,0
1996-10-16,7.2359,7.2359,7.1603,7.2359,440674,0
1996-10-17,7.2359,7.3114,7.2359,7.2737,909919,0
1996-10-18,7.2737,7.3114,7.1984,7.2359,679532,0
1996-10-21,7.1984,7.2737,7.1984,7.2737,538812,0
1996-10-22,7.2737,7.2737,7.1603,7.1603,937957,0
1996-10-23,7.1984,7.1984,7.0923,7.1984,771315,0
1996-10-24,7.1984,7.1984,7.1603,7.1603,726880,0
1996-10-25,7.1603,7.1984,7.1301,7.1301,564201,0
1996-10-28,7.1301,7.2737,7.1301,7.1984,1336841,0
1996-10-29,7.2359,7.4932,7.2359,7.3872,1018900,0
1996-10-30,7.4628,7.4932,7.3872,7.3872,740898,0
1996-10-31,7.3872,7.531,7.3872,7.4932,1211198,0
1996-11-01,7.4932,7.531,7.4628,7.531,622926,0
1996-11-04,7.531,7.682,7.531,7.682,889552,0
1996-11-05,7.7198,7.9085,7.7198,7.9085,2184602,0
1996-11-06,7.9085,8.0147,7.8333,7.9085,2691141,0
1996-11-07,7.9769,8.1282,7.9769,8.0903,2053666,0
1996-11-08,8.0903,8.0903,7.9769,8.0528,609434,0
1996-11-11,8.0528,8.1282,8.0147,8.0528,2041765,0
1996-11-12,8.0528,8.0528,7.9769,8.0147,7626659,0
1996-11-13,8.0374,8.0374,7.8483,7.9243,2282731,0
1996-11-14,7.9243,7.9618,7.8483,7.8865,1865863,0
1996-11-15,7.8865,7.9997,7.8865,7.9618,997208,0
1996-11-18,7.9618,7.9618,7.8483,7.9618,1023130,0
1996-11-19,7.9618,7.9618,7.9243,7.9618,615518,0
1996-11-20,7.9997,8.0374,7.9618,8.0374,1470153,0
1996-11-21,8.0374,8.0753,7.8865,7.9618,1880937,0
1996-11-22,7.9618,7.9618,7.7728,7.8483,1654783,0
1996-11-25,7.8483,7.9243,7.8106,7.8865,718412,0
1996-11-26,7.9243,8.0374,7.6217,7.735,3468275,0
1996-11-27,7.7728,7.7728,7.6217,7.6972,1620925,0
1996-11-29,7.6972,7.735,7.6593,7.6972,856222,0
1996-12-02,7.6972,7.6972,7.5082,7.5838,1126027,0
1996-12-03,7.5838,7.6593,7.5082,7.5082,2098896,0
1996-12-04,7.5082,7.6593,7.4403,7.6217,2036737,0
1996-12-05,7.5838,7.6972,7.5082,7.5838,2853551,0
1996-12-06,7.4705,7.5838,7.4024,7.5838,1928024,0
1996-12-09,7.6217,7.6972,7.5457,7.6972,1924848,0
1996-12-10,7.6593,7.6593,7.5457,7.5457,1564324,0
1996-12-11,7.5082,7.5838,7.4024,7.5838,1541838,0
1996-12-12,7.6217,7.6593,7.5457,7.5838,1418838,0
1996-12-13,7.5838,7.6593,7.5082,7.6217,2575281,0
1996-12-16,7.6217,7.6593,7.5457,7.5457,1226010,0
1996-12-17,7.5082,7.5457,7.4403,7.4705,6613847,0
1996-12-18,7.4705,7.5082,7.3267,7.4705,4396446,0
1996-12-19,7.5082,7.5082,7.3567,7.4705,1979075,0
1996-12-20,7.5457,7.5457,7.4705,7.5457,5226216,0
1996-12-23,7.5082,7.5838,7.4705,7.5838,2098896,0
1996-12-24,7.5457,7.5838,7.5082,7.5838,548594,0
1996-12-26,7.5838,7.6217,7.5457,7.5457,696724,0
1996-12-27,7.6217,7.6593,7.5457,7.5838,655725,0
1996-12-30,7.6217,7.6217,7.5457,7.5838,872094,0
1996-12-31,7.5838,7.6217,7.5838,7.6217,790361,0
1997-01-02,7.6217,7.6217,7.4705,7.5457,1246907,0
1997-01-03,7.5838,7.6217,7.5457,7.5838,1881208,0
1997-01-06,7.5838,7.6217,7.5838,7.5838,1270186,0
1997-01-07,7.5838,7.735,7.5457,7.6972,1452169,0
1997-01-08,7.735,7.7728,7.6593,7.6972,810462,0
1997-01-09,7.6972,7.8106,7.6972,7.7728,537752,0
1997-01-10,7.6593,7.7728,7.6217,7.7728,1968759,0
1997-01-13,7.8106,7.8333,7.6972,7.8106,882148,0
1997-01-14,7.8865,7.8865,7.7728,7.8106,3211958,0
1997-01-15,7.8106,7.8483,7.735,7.8483,632182,0
1997-01-16,7.8483,7.8483,7.6972,7.6972,2076677,0
1997-01-17,7.6972,7.735,7.6593,7.6972,4158647,0
1997-01-20,7.6972,7.6972,7.3267,7.6217,399944,0
1997-01-21,7.6217,7.6972,7.5838,7.6972,678738,0
1997-01-22,7.6972,7.8106,7.6593,7.8106,5256635,0
1997-01-23,7.8483,7.9618,7.8106,7.8483,3044523,0
1997-01-24,7.7728,7.8483,7.6972,7.6972,2496988,0
1997-01-27,7.6972,7.8106,7.2511,7.2511,4254401,0
1997-01-28,6.9488,6.979,6.7143,6.8353,9957002,0
1997-01-29,6.8729,7.0243,6.8729,6.9488,14483058,0
1997-01-30,6.979,7.0243,6.8729,6.9488,2884495,0
1997-01-31,6.979,7.0619,6.9488,6.9488,4301748,0
1997-02-03,6.979,7.0243,6.7899,6.8729,3800765,0
1997-02-04,6.8729,6.9031,6.8353,6.8353,2690612,0
1997-02-05,6.8729,6.9488,6.8353,6.8729,2063191,0
1997-02-06,6.8729,6.9031,6.8353,6.9031,1360914,0
1997-02-07,6.9031,6.979,6.9031,6.9031,1698692,0
1997-02-10,6.9031,6.979,6.9031,6.979,1119148,0
1997-02-11,6.979,6.979,6.9031,6.979,1767200,0
1997-02-12,6.979,7.0619,6.979,7.0619,2109216,0
1997-02-13,7.0619,7.0923,6.979,7.0619,989537,0
1997-02-14,7.0619,7.1376,7.0243,7.0619,6154654,0
1997-02-18,7.0847,7.0847,7.0016,7.0394,2632681,0
1997-02-19,7.0394,7.0394,7.0016,7.0394,2521322,0
1997-02-20,6.9638,7.0394,6.8126,6.8504,1800002,0
1997-02-21,6.8504,6.8885,6.6991,6.7293,3212492,0
1997-02-24,6.6991,6.8504,6.6991,6.8504,2198090,0
1997-02-25,6.8504,6.8885,6.8126,6.8885,1351123,0
1997-02-26,6.8504,6.8885,6.7293,6.7747,2107099,0
1997-02-27,6.8126,6.8126,6.7293,6.7293,1215431,0
1997-02-28,6.8126,6.9259,6.7293,6.9259,2439855,0
1997-03-03,6.9259,6.9259,6.8504,6.8885,1260397,0
1997-03-04,6.8885,6.8885,6.7747,6.7747,1160944,0
1997-03-05,6.7747,6.8126,6.7293,6.8126,756766,0
1997-03-06,6.8126,6.8126,6.6991,6.6991,1483116,0
1997-03-07,6.6991,7.0016,6.6991,6.8126,1378104,0
1997-03-10,6.8126,6.8126,6.7747,6.8126,732696,0
1997-03-11,6.7747,6.8126,6.6537,6.6537,968907,0
1997-03-12,6.6537,6.6991,6.5403,6.6236,813372,0
1997-03-13,6.5403,6.5403,6.3137,6.4268,2827098,0
1997-03-14,6.4647,6.5024,6.4268,6.5024,1071535,0
1997-03-17,6.4268,6.4647,6.3893,6.4268,950126,0
1997-03-18,6.4647,6.4647,6.2681,6.3137,2190946,0
1997-03-19,6.2681,6.3137,6.2303,6.3137,4013166,0
1997-03-20,6.3137,6.3438,6.2,6.2,1549244,0
1997-03-21,6.2681,6.2681,6.2303,6.2303,1412224,0
1997-03-24,6.2681,6.3137,6.2681,6.3137,919969,0
1997-03-25,6.3137,6.4647,6.2681,6.3893,1428096,0
1997-03-26,6.3893,6.4647,6.3438,6.3438,1042437,0
1997-03-27,6.3893,6.3893,6.1546,6.2,1212788,0
1997-03-31,6.2303,6.3137,6.2,6.2681,1940190,0
1997-04-01,6.3438,6.3893,6.2303,6.2303,2053934,0
1997-04-02,6.2681,6.3137,6.2303,6.2303,2652257,0
1997-04-03,6.2303,6.2303,6.079,6.1546,1631505,0
1997-04-04,6.1546,6.1546,6.0036,6.0414,1967171,0
1997-04-07,6.079,6.117,6.0414,6.0414,1266478,0
1997-04-08,6.0036,6.079,6.0036,6.0414,1726468,0
1997-04-09,6.0414,6.117,6.0036,6.0414,1255108,0
1997-04-10,6.079,6.117,6.0414,6.117,2013461,0
1997-04-11,6.117,6.117,6.079,6.079,857018,0
1997-04-14,6.079,6.117,6.0036,6.0036,1218606,0
1997-04-15,6.079,6.079,5.9203,5.9656,2402028,0
1997-04-16,5.8902,5.9656,5.7691,5.8524,2301252,0
1997-04-17,5.8069,5.9656,5.8069,5.9203,2959354,0
1997-04-18,5.9203,6.0036,5.9203,5.9656,1194005,0
1997-04-21,6.0036,6.0414,5.9656,5.9656,842205,0
1997-04-22,5.9656,6.0414,5.9656,6.0036,1281029,0
1997-04-23,6.0036,6.0036,5.9656,5.9656,912833,0
1997-04-24,6.0036,6.0036,5.8524,5.8524,855692,0
1997-04-25,5.8902,5.9203,5.8524,5.8902,753860,0
1997-04-28,5.9203,6.0414,5.9203,6.0036,1104069,0
1997-04-29,6.117,6.1546,6.079,6.079,934255,0
1997-04-30,6.079,6.117,6.079,6.079,647789,0
1997-05-01,6.117,6.117,6.0414,6.117,1711123,0
1997-05-02,6.079,6.1546,6.0414,6.117,1050640,0
1997-05-05,6.1546,6.3137,6.117,6.3137,2497781,0
1997-05-06,6.2681,6.3438,6.2303,6.3438,1404821,0
1997-05-07,6.2681,6.3438,6.2681,6.2681,1350594,0
1997-05-08,6.2303,6.3137,6.1546,6.2,3254020,0
1997-05-09,6.2,6.2303,6.079,6.2,1938076,0
1997-05-12,6.2,6.2,6.079,6.117,848818,0
1997-05-13,6.1546,6.1546,6.079,6.117,1061484,0
1997-05-14,6.1546,6.2303,6.1546,6.1546,1581778,0
1997-05-15,6.2,6.2303,6.1546,6.2,4054957,0
1997-05-16,6.2303,6.2681,6.2,6.2681,2582160,0
1997-05-19,6.2681,6.3137,6.2,6.2303,2739282,0
1997-05-20,6.2303,6.3438,6.2303,6.3438,9582983,0
1997-05-21,6.3741,6.3741,6.2908,6.3363,4171611,0
1997-05-22,6.3363,6.3363,6.1395,6.1777,3419076,0
1997-05-23,6.2154,6.2908,6.1777,6.253,1400060,0
1997-05-27,6.2908,6.3363,6.253,6.253,2279030,0
1997-05-28,6.253,6.253,6.0184,6.0564,4669687,0
1997-05-29,6.0564,6.0942,6.0184,6.0564,2773401,0
1997-05-30,6.0564,6.079,5.9433,5.9808,4169759,0
1997-06-02,6.0184,6.0942,5.9808,6.0564,1683616,0
1997-06-03,6.0184,6.1777,6.0184,6.1777,1778309,0
1997-06-04,6.1777,6.2154,6.1395,6.1395,1576754,0
1997-06-05,6.1395,6.2154,6.117,6.1395,1334193,0
1997-06-06,6.0942,6.1777,6.0942,6.0942,1705043,0
1997-06-09,6.1395,6.1777,6.0942,6.1395,2485615,0
1997-06-10,6.1395,6.1777,6.0942,6.1395,1509568,0
1997-06-11,6.1395,6.253,6.1395,6.1777,1980925,0
1997-06-12,6.253,6.2908,6.1777,6.2908,1586011,0
1997-06-13,6.2908,6.3741,6.253,6.3363,1197179,0
1997-06-16,6.3741,6.3741,6.2154,6.2908,1511951,0
1997-06-17,6.2908,6.3363,6.2154,6.3363,2077469,0
1997-06-18,6.2908,6.2908,6.2154,6.2908,1150359,0
1997-06-19,6.3363,6.3741,6.2908,6.2908,1881208,0
1997-06-20,6.3363,6.4118,6.3363,6.3968,4602234,0
1997-06-23,6.3741,6.5253,6.2908,6.4497,2527140,0
1997-06-24,6.4497,6.4722,6.3512,6.4344,8452994,0
1997-06-25,6.4344,6.4497,6.2908,6.3137,1011757,0
1997-06-26,6.3137,6.4118,6.3137,6.3968,916535,0
1997-06-27,6.4722,6.5253,6.4497,6.5102,1108037,0
1997-06-30,6.5102,6.6464,6.4951,6.6083,2798797,0
1997-07-01,6.5707,6.7825,6.5253,6.7671,3017285,0
1997-07-02,6.7671,6.8654,6.7444,6.8277,1655047,0
1997-07-03,6.8654,6.9638,6.8426,6.8885,1108303,0
1997-07-07,6.9184,6.9638,6.9031,6.9638,2157090,0
1997-07-08,6.9638,7.0394,6.9638,7.0243,2387481,0
1997-07-09,7.0619,7.0847,6.9638,6.9638,1210404,0
1997-07-10,7.0016,7.1152,7.0016,7.1152,1773283,0
1997-07-11,7.1152,7.1754,7.1152,7.1452,1083705,0
1997-07-14,7.1152,7.1754,7.1152,7.1754,831097,0
1997-07-15,7.1452,7.1603,7.1152,7.1452,797768,0
1997-07-16,7.1152,7.1603,7.0394,7.0394,736930,0
1997-07-17,7.0394,7.0847,6.8426,6.8426,1269391,0
1997-07-18,6.7671,6.8426,6.6464,6.8426,1532845,0
1997-07-21,6.7671,6.8051,6.6916,6.8051,774754,0
1997-07-22,6.8654,7.0016,6.8277,6.9638,1031065,0
1997-07-23,6.9488,7.0619,6.9184,6.9184,2890052,0
1997-07-24,6.9184,7.0016,6.9184,7.0016,1003293,0
1997-07-25,7.0394,7.0394,6.9184,6.9638,767876,0
1997-07-28,6.979,7.0394,6.8654,6.9184,594884,0
1997-07-29,6.9184,7.0394,6.7219,7.0016,1444234,0
1997-07-30,6.979,7.2131,6.979,7.1984,1527819,0
1997-07-31,7.2737,7.4097,7.2587,7.3947,2677917,0
1997-08-01,7.3192,7.3567,7.1984,7.2587,1698426,0
1997-08-04,7.1984,7.2359,7.1603,7.1754,820782,0
1997-08-05,7.1452,7.3192,7.1152,7.2131,1436033,0
1997-08-06,7.2359,7.3417,7.2359,7.3417,740102,0
1997-08-07,7.3797,7.3797,7.2737,7.2965,832680,0
1997-08-08,7.2131,7.2131,7.0619,7.0847,1148244,0
1997-08-11,7.0999,7.2131,7.0394,7.1984,747508,0
1997-08-12,7.2587,7.3567,7.2359,7.3417,1140046,0
1997-08-13,7.3797,7.3947,6.9638,7.2965,1600031,0
1997-08-14,7.3192,7.3797,7.1754,7.2131,1656636,0
1997-08-15,7.1984,7.2131,7.0847,7.1152,2098368,0
1997-08-18,7.0619,7.1984,7.0394,7.1984,1434707,0
1997-08-19,7.1603,7.3417,7.1603,7.3192,8824104,0
1997-08-20,7.3797,7.3797,7.2663,7.3567,1210404,0
1997-08-21,7.3417,7.3567,7.1754,7.2057,1972727,0
1997-08-22,7.221,7.3417,7.1603,7.3417,3104041,0
1997-08-25,7.3567,7.4403,7.2965,7.3797,2263162,0
1997-08-26,7.3192,7.6444,7.2965,7.5989,2737958,0
1997-08-27,7.5989,7.8031,7.4175,7.7198,4946634,0
1997-08-28,7.6444,7.7198,7.6217,7.6444,2027482,0
1997-08-29,7.6217,7.7198,7.5989,7.6444,1137133,0
1997-09-02,7.682,7.7047,7.5838,7.6217,1871154,0
1997-09-03,7.6444,7.7804,7.5838,7.7047,1756092,0
1997-09-04,7.6593,7.6593,7.5838,7.5989,1208289,0
1997-09-05,7.6593,7.682,7.6217,7.6217,734815,0
1997-09-08,7.6593,7.7047,7.5989,7.6217,936372,0
1997-09-09,7.5838,7.7198,7.5838,7.6593,950918,0
1997-09-10,7.6444,7.7047,7.5989,7.5989,942983,0
1997-09-11,7.5838,7.6593,7.5613,7.6217,1234210,0
1997-09-12,7.6217,7.7047,7.5989,7.7047,1606643,0
1997-09-15,7.7047,7.7427,7.6593,7.682,1394240,0
1997-09-16,7.7047,7.7653,7.682,7.682,2164762,0
1997-09-17,7.7047,7.7047,7.6217,7.6444,1040851,0
1997-09-18,7.7047,7.7047,7.6217,7.6444,1432860,0
1997-09-19,7.6593,7.682,7.5989,7.6444,1231829,0
1997-09-22,7.7047,7.7047,7.5838,7.6444,2253109,0
1997-09-23,7.6217,7.6217,7.478,7.5383,636147,0
1997-09-24,7.5838,7.6217,7.4175,7.4175,1733078,0
1997-09-25,7.4628,7.5989,7.4403,7.5383,1138985,0
1997-09-26,7.5234,7.5838,7.4175,7.4403,922883,0
1997-09-29,7.4403,7.5234,7.4024,7.5234,741688,0
1997-09-30,7.5007,7.5613,7.4628,7.5234,1161206,0
1997-10-01,7.5613,7.6444,7.5383,7.5838,2071127,0
1997-10-02,7.5613,7.6444,7.5234,7.6444,816283,0
1997-10-03,7.7047,7.7047,7.5007,7.5613,1043236,0
1997-10-06,7.6217,7.6444,7.5007,7.5383,445965,0
1997-10-07,7.4628,7.5007,7.4024,7.478,645933,0
1997-10-08,7.4024,7.4175,7.2812,7.2812,1622779,0
1997-10-09,7.2663,7.3192,7.1452,7.2057,1298219,0
1997-10-10,7.1452,7.2812,7.0847,7.221,808877,0
1997-10-13,7.221,7.3192,7.1452,7.1603,539076,0
1997-10-14,7.2359,7.2812,7.1754,7.2663,842998,0
1997-10-15,7.2057,7.221,7.1152,7.1452,1128666,0
1997-10-16,7.1452,7.2359,7.0999,7.1754,1044819,0
1997-10-17,7.0619,7.2965,7.0619,7.2359,1308275,0
1997-10-20,7.221,7.4403,7.221,7.4175,1723027,0
1997-10-21,7.4175,7.5989,7.4175,7.5838,1664572,0
1997-10-22,7.5838,7.6217,7.5613,7.5838,2250995,0
1997-10-23,7.4628,7.5007,7.3797,7.478,1136870,0
1997-10-24,7.4628,7.5007,7.3417,7.3417,712331,0
1997-10-27,7.2663,7.3797,7.0999,7.1452,749095,0
1997-10-28,6.979,7.2965,6.8808,7.2812,1584692,0
1997-10-29,7.221,7.3417,7.0847,7.1754,1270186,0
1997-10-30,7.0999,7.2965,7.0394,7.1754,726347,0
1997-10-31,7.2663,7.3797,7.1754,7.2965,853048,0
1997-11-03,7.2965,7.3417,7.2359,7.3417,1939398,0
1997-11-04,7.2663,7.3797,7.221,7.3567,806495,0
1997-11-05,7.3417,7.4628,7.3417,7.3567,710476,0
1997-11-06,7.3567,7.3567,7.1603,7.2663,522941,0
1997-11-07,7.1452,7.2359,7.1152,7.221,989274,0
1997-11-10,7.2359,7.2965,7.221,7.2812,604145,0
1997-11-11,7.2812,7.4175,7.2663,7.3797,6927819,0
1997-11-12,7.3041,7.4476,7.2436,7.425,2575016,0
1997-11-13,7.4476,7.4854,7.3645,7.425,633769,0
1997-11-14,7.4476,7.531,7.3645,7.4476,1368848,0
1997-11-17,7.531,7.6066,7.4854,7.5457,877913,0
1997-11-18,7.5457,7.6668,7.4854,7.6519,1798942,0
1997-11-19,7.629,7.8561,7.531,7.7576,1550039,0
1997-11-20,7.8182,7.8561,7.7728,7.8561,1553741,0
1997-11-21,7.8713,7.8713,7.7728,7.8561,1761117,0
1997-11-24,7.7956,7.9013,7.7728,7.8561,1610611,0
1997-11-25,7.9167,8.0224,7.8561,8.0224,5469566,0
1997-11-26,8.0374,8.0601,7.9618,7.9618,478501,0
1997-11-28,7.9769,8.0601,7.9618,7.9618,229069,0
1997-12-01,7.9997,8.1811,7.9769,8.1811,1163319,0
1997-12-02,8.1811,8.1811,8.0829,8.1206,867863,0
1997-12-03,8.1206,8.1206,7.9997,8.0979,809142,0
1997-12-04,8.0601,8.0601,7.9997,8.0224,1234739,0
1997-12-05,7.939,8.1584,7.9013,8.0829,581397,0
1997-12-08,8.0374,8.0829,7.9618,7.9997,415020,0
1997-12-09,7.9618,8.0601,7.9013,8.0601,475856,0
1997-12-10,8.1206,8.1811,8.0224,8.1811,1215955,0
1997-12-11,8.1811,8.1811,7.629,7.7728,2253901,0
1997-12-12,7.6972,7.6972,7.1754,7.5082,4554624,0
1997-12-15,7.3645,7.4854,7.3267,7.4854,1708744,0
1997-12-16,7.5687,7.6668,7.4476,7.4705,1517504,0
1997-12-17,7.5457,7.6972,7.531,7.6519,1159882,0
1997-12-18,7.7273,7.7728,7.5916,7.7576,997999,0
1997-12-19,7.5916,7.8333,7.5916,7.7956,1679913,0
1997-12-22,7.8561,8.1433,7.8182,8.1206,1457193,0
1997-12-23,8.0979,8.2264,8.0601,8.0829,1610611,0
1997-12-24,8.0979,8.0979,7.939,7.939,371111,0
1997-12-26,7.9769,8.0979,7.9769,8.0601,340428,0
1997-12-29,8.1433,8.1433,7.8713,8.0601,764436,0
1997-12-30,8.0979,8.0979,7.8182,7.8713,853842,0
1997-12-31,7.8713,7.9997,7.8713,7.939,1080269,0
1998-01-02,7.9997,8.0829,7.9769,8.0224,758886,0
1998-01-05,8.0224,8.0829,7.8561,7.9167,1097456,0
1998-01-06,7.8561,7.9769,7.7956,7.9013,1087410,0
1998-01-07,7.8182,7.8713,7.7125,7.7576,1165436,0
1998-01-08,7.7576,7.9013,7.6519,7.8713,1270975,0
1998-01-09,7.8561,8.0601,7.8182,7.8182,2871536,0
1998-01-12,7.6972,7.8333,7.6972,7.8182,1462485,0
1998-01-13,7.8561,7.8561,7.6668,7.7273,1193475,0
1998-01-14,7.7956,7.8182,7.6668,7.7956,663662,0
1998-01-15,7.7728,7.7728,7.5457,7.5916,1021809,0
1998-01-16,7.5916,7.6519,7.531,7.5916,1674361,0
1998-01-20,7.6668,7.6668,7.5457,7.629,1874064,0
1998-01-21,7.6519,7.6972,7.5916,7.6972,2177457,0
1998-01-22,7.6668,7.6972,7.6066,7.6519,2043086,0
1998-01-23,7.6519,7.6519,7.3041,7.425,1885704,0
1998-01-26,7.5082,7.531,7.3645,7.3645,1241354,0
1998-01-27,6.7143,6.7143,6.3363,6.5477,10741812,0
1998-01-28,6.4647,6.5102,6.3816,6.5102,5005352,0
1998-01-29,6.5102,6.5102,6.3363,6.4195,4017135,0
1998-01-30,6.4195,6.4497,6.1777,6.2,2184602,0
1998-02-02,6.2756,6.3816,6.2378,6.3062,2555183,0
1998-02-03,6.2154,6.2607,6.1777,6.2607,2336958,0
1998-02-04,6.2154,6.2378,6.1777,6.2378,2181161,0
1998-02-05,6.5477,6.5857,6.4195,6.5857,3639414,0
1998-02-06,6.6083,6.6464,6.5477,6.6464,3967937,0
1998-02-09,6.5477,6.6916,6.5102,6.6916,2302574,0
1998-02-10,6.6688,6.7747,6.631,6.7293,2315533,0
1998-02-11,6.6916,6.7293,6.5707,6.631,1068365,0
1998-02-12,6.5707,6.7143,6.5707,6.6916,1393709,0
1998-02-13,6.6083,6.6083,6.5477,6.5857,2106566,0
1998-02-17,6.5857,6.7143,6.5707,6.6916,10991509,0
1998-02-18,6.6688,6.6916,6.631,6.6464,1388687,0
1998-02-19,6.5857,6.6688,6.5857,6.631,1303514,0
1998-02-20,6.631,6.631,6.5253,6.6083,1416725,0
1998-02-23,6.5253,6.6083,6.457,6.5253,1835448,0
1998-02-24,6.5253,6.5403,6.4195,6.5024,2384308,0
1998-02-25,6.5024,6.5857,6.5024,6.5707,1195063,0
1998-02-26,6.5253,6.5707,6.5024,6.5707,2066627,0
1998-02-27,6.5253,6.5707,6.4799,6.5707,1148507,0
1998-03-02,6.5024,6.6688,6.5024,6.6464,1585748,0
1998-03-03,6.5857,6.7747,6.5707,6.7747,4488760,0
1998-03-04,6.7143,6.7747,6.6916,6.7747,1937545,0
1998-03-05,6.7747,6.8126,6.7747,6.7747,2631359,0
1998-03-06,6.8126,7.0619,6.8126,7.0394,3203761,0
1998-03-09,6.9638,7.0619,6.9638,7.0394,1712710,0
1998-03-10,7.0394,7.1603,7.0394,7.1603,2049698,0
1998-03-11,7.1226,7.1603,7.0619,7.0619,1111211,0
1998-03-12,7.0243,7.2057,6.9638,7.2057,3405854,0
1998-03-13,7.2511,7.3344,7.1452,7.2283,1826979,0
1998-03-16,7.1452,7.2057,7.1226,7.1226,1109362,0
1998-03-17,7.1906,7.1906,7.0847,7.0847,1101689,0
1998-03-18,7.0619,7.1906,7.0394,7.1906,1470948,0
1998-03-19,7.1452,7.1906,7.0394,7.1226,565260,0
1998-03-20,7.1452,7.2737,7.0847,7.2283,1893639,0
1998-03-23,7.2737,7.289,7.0619,7.2737,1756886,0
1998-03-24,7.289,7.3114,7.2057,7.289,1456404,0
1998-03-25,7.289,7.289,7.1603,7.2511,1558766,0
1998-03-26,7.1603,7.2057,7.1226,7.1226,787978,0
1998-03-27,7.1603,7.1906,7.0999,7.1603,1543685,0
1998-03-30,7.1226,7.2511,7.1226,7.2511,1015722,0
1998-03-31,7.2283,7.3947,7.2283,7.3344,1873799,0
1998-04-01,7.3344,7.4097,7.2283,7.4097,1559296,0
1998-04-02,7.4097,7.4097,7.3114,7.3722,719735,0
1998-04-03,7.3344,7.455,7.289,7.289,1259867,0
1998-04-06,7.3344,7.3344,7.2057,7.2283,808079,0
1998-04-07,7.1452,7.2511,7.0999,7.1603,1446351,0
1998-04-08,7.1603,7.3344,7.1603,7.2511,1311713,0
1998-04-09,7.289,7.289,7.1906,7.2057,702277,0
1998-04-13,7.2057,7.2057,7.0243,7.0243,1274419,0
1998-04-14,7.0847,7.1906,7.0847,7.1452,1089260,0
1998-04-15,7.1603,7.478,7.1452,7.3114,2338808,0
1998-04-16,7.2511,7.2737,7.0394,7.1452,1857136,0
1998-04-17,7.1603,7.289,7.1226,7.2737,1318324,0
1998-04-20,7.2057,7.3722,7.2057,7.289,1672771,0
1998-04-21,7.2511,7.455,7.2511,7.3947,1093227,0
1998-04-22,7.3344,7.4932,7.289,7.4932,2389331,0
1998-04-23,7.4097,7.478,7.3722,7.3947,950918,0
1998-04-24,7.3114,7.5234,7.289,7.4097,1629127,0
1998-04-27,7.3722,7.3947,7.289,7.3947,1375196,0
1998-04-28,7.3722,7.4097,7.3267,7.4097,946156,0
1998-04-29,7.3947,7.455,7.3114,7.3344,1143484,0
1998-04-30,7.7047,7.894,7.7047,7.894,2878943,0
1998-05-01,7.8713,7.9693,7.8713,7.9543,2004204,0
1998-05-04,7.9543,7.992,7.8713,7.894,1444498,0
1998-05-05,7.7879,7.8333,7.7047,7.7879,2045993,0
1998-05-06,7.8333,7.8333,7.7047,7.7198,711006,0
1998-05-07,7.682,7.682,7.5613,7.6593,1249024,0
1998-05-08,7.7047,7.9315,7.682,7.8713,1663512,0
1998-05-11,7.8483,7.9543,7.8333,7.9315,1614576,0
1998-05-12,7.9315,7.9543,7.8333,7.8333,1453490,0
1998-05-13,7.7879,7.8483,7.7047,7.7047,1365409,0
1998-05-14,7.7047,7.8713,7.6444,7.8333,1303514,0
1998-05-15,8.7867,8.9519,8.6574,8.7031,7812346,0
1998-05-18,8.673,8.8232,8.6574,8.7867,3380192,0
1998-05-19,8.8621,9.1117,8.8464,9.0502,3552388,0
1998-05-20,9.0275,9.2393,9.0058,9.1949,17278680,0
1998-05-21,9.1117,9.1699,8.9829,9.0658,1516442,0
1998-05-22,9.0275,9.0658,8.673,9.0058,1808730,0
1998-05-26,9.0275,9.0964,8.922,9.0502,2546190,0
1998-05-27,8.9829,9.1117,8.922,9.1117,2969671,0
1998-05-28,9.0658,9.408,9.0502,9.3835,4266042,0
1998-05-29,9.4437,9.4437,9.3016,9.4437,4122677,0
1998-06-01,9.408,9.693,9.408,9.632,2839533,0
1998-06-02,9.632,9.656,9.512,9.573,1543161,0
1998-06-03,9.61,9.656,9.534,9.596,2692724,0
1998-06-04,9.512,9.534,9.3609,9.408,3068862,0
1998-06-05,9.3835,9.4893,9.3452,9.3835,1091377,0
1998-06-08,9.4724,9.549,9.3609,9.3609,2048906,0
1998-06-09,9.408,9.534,9.3835,9.512,1683090,0
1998-06-10,9.4724,9.845,9.4437,9.738,3486528,0
1998-06-11,9.738,10.033,9.738,10.012,2248613,0
1998-06-12,9.972,10.033,9.866,9.95,1924057,0
1998-06-15,9.914,10.237,9.866,10.048,2190418,0
1998-06-16,9.972,9.988,9.723,9.799,1416725,0
1998-06-17,9.799,9.845,9.549,9.845,1644206,0
1998-06-18,9.883,10.012,9.845,9.914,2453607,0
1998-06-19,9.914,9.914,9.656,9.785,1585479,0
1998-06-22,9.785,9.883,9.632,9.68,1038474,0
1998-06-23,9.632,9.785,9.61,9.656,930288,0
1998-06-24,9.61,9.68,9.512,9.632,3550275,0
1998-06-25,9.61,9.656,9.4724,9.534,1388156,0
1998-06-26,9.573,9.61,9.4437,9.534,753595,0
1998-06-29,9.512,9.738,9.512,9.693,1892315,0
1998-06-30,9.738,9.883,9.693,9.762,2818105,0
1998-07-01,9.822,9.927,9.822,9.883,3146098,0
1998-07-02,9.799,10.033,9.799,9.988,2344894,0
1998-07-06,10.033,10.033,9.845,9.866,1543955,0
1998-07-07,9.883,10.033,9.883,9.883,1672240,0
1998-07-08,9.927,9.927,9.822,9.845,698045,0
1998-07-09,9.762,9.866,9.738,9.785,1251139,0
1998-07-10,9.738,9.927,9.68,9.866,1305362,0
1998-07-13,9.822,9.866,9.632,9.693,832152,0
1998-07-14,9.866,9.866,9.61,9.656,2102339,0
1998-07-15,9.656,9.68,9.549,9.68,812845,0
1998-07-16,9.61,9.656,9.534,9.632,1579661,0
1998-07-17,9.693,9.785,9.632,9.738,1436299,0
1998-07-20,9.738,9.785,9.656,9.762,1058310,0
1998-07-21,9.799,9.822,9.68,9.822,1185806,0
1998-07-22,9.822,9.95,9.785,9.914,1332080,0
1998-07-23,9.866,9.927,9.693,9.866,1364352,0
1998-07-24,9.866,9.927,9.799,9.866,1489200,0
1998-07-27,9.866,9.972,9.785,9.883,661278,0
1998-07-28,9.883,9.988,9.866,9.914,930019,0
1998-07-29,9.95,10.012,9.927,10.012,903570,0
1998-07-30,10.012,10.131,9.988,10.095,1246111,0
1998-07-31,10.117,10.117,9.972,10.012,1330227,0
1998-08-03,9.95,10.071,9.762,10.033,2585600,0
1998-08-04,10.095,10.117,9.95,9.972,2474506,0
1998-08-05,9.914,9.95,9.693,9.883,985308,0
1998-08-06,9.799,9.914,9.723,9.883,1029212,0
1998-08-07,9.883,10.071,9.762,10.033,1756358,0
1998-08-10,9.95,10.095,9.866,9.988,1318061,0
1998-08-11,9.914,10.033,9.866,10.012,934519,0
1998-08-12,10.095,10.465,10.048,10.426,3347394,0
1998-08-13,10.368,10.472,10.237,10.306,1982776,0
1998-08-14,10.322,10.509,10.26,10.368,1919293,0
1998-08-17,10.426,10.578,10.426,10.509,1883584,0
1998-08-18,10.472,10.601,10.412,10.601,6727055,0
1998-08-19,10.616,10.616,10.449,10.578,19513540,0
1998-08-20,10.533,10.601,10.449,10.555,2410493,0
1998-08-21,10.495,10.767,10.412,10.744,4346454,0
1998-08-24,10.789,10.85,10.729,10.805,2028278,0
1998-08-25,10.85,10.92,10.744,10.805,1651345,0
1998-08-26,10.956,11.124,10.873,11.076,2672095,0
1998-08-27,10.956,11.335,10.956,11.166,2388539,0
1998-08-28,11.124,11.585,11.062,11.523,2557563,0
1998-08-31,11.501,11.842,11.501,11.544,5471687,0
1998-09-01,11.544,11.629,11.018,11.395,3510860,0
1998-09-02,11.182,11.296,10.7,10.805,3476209,0
1998-09-03,10.744,10.956,10.637,10.744,3842291,0
1998-09-04,10.744,10.873,10.578,10.729,1881998,0
1998-09-08,10.767,11.076,10.7,11.018,2667330,0
1998-09-09,11.04,11.04,10.805,10.92,2215019,0
1998-09-10,10.873,11.04,10.827,11.018,3280207,0
1998-09-11,11.018,11.265,10.827,11.166,1999441,0
1998-09-14,11.145,11.23,11.062,11.182,990862,0
1998-09-15,11.145,11.356,11.145,11.356,2057373,0
1998-09-16,11.265,11.417,11.166,11.417,2220310,0
1998-09-17,11.335,11.462,11.205,11.462,2640617,0
1998-09-18,11.462,11.675,11.417,11.501,4401211,0
1998-09-21,11.523,11.614,11.417,11.562,1399531,0
1998-09-22,11.523,11.712,11.462,11.501,3202968,0
1998-09-23,11.562,11.562,11.372,11.544,2617076,0
1998-09-24,11.462,11.585,11.018,11.296,5171993,0
1998-09-25,11.296,11.675,11.296,11.501,2488259,0
1998-09-28,11.486,11.629,11.395,11.585,1742071,0
1998-09-29,11.629,11.689,11.501,11.689,1442906,0
1998-09-30,11.802,12.394,11.802,12.394,4283500,0
1998-10-01,12.394,12.535,12.3,12.445,5628275,0
1998-10-02,12.478,12.808,12.478,12.598,4183513,0
1998-10-05,12.642,12.665,12.371,12.642,3653697,0
1998-10-06,12.68,13.151,12.665,13.058,4937105,0
1998-10-07,13.151,13.438,13.044,13.398,7321679,0
1998-10-08,13.316,13.82,13.234,13.716,7116679,0
1998-10-09,13.692,13.692,13.103,13.398,12275446,0
1998-10-12,13.487,13.487,12.642,12.939,4715975,0
1998-10-13,13.103,13.354,13.058,13.248,3707925,0
1998-10-14,13.248,13.528,13.103,13.163,4161294,0
1998-10-15,13.163,13.163,12.832,13.058,5431217,0
1998-10-16,13.078,13.078,12.725,12.808,3172549,0
1998-10-19,12.89,13.128,12.868,12.961,3108539,0
1998-10-20,13.044,13.354,13.022,13.163,7944072,0
1998-10-21,13.209,13.292,13.058,13.078,5403439,0
1998-10-22,13.078,13.381,13.078,13.234,4894786,0
1998-10-23,13.234,13.292,13.058,13.058,3494726,0
1998-10-26,13.078,13.194,12.832,12.832,3367497,0
1998-10-27,12.961,12.974,12.56,12.725,1845763,0
1998-10-28,12.808,12.939,12.771,12.89,4904306,0
1998-10-29,12.939,12.961,12.725,12.855,4775755,0
1998-10-30,12.855,13.194,12.832,13.058,2361825,0
1998-11-02,12.997,13.234,12.997,13.163,2771554,0
1998-11-03,13.209,13.459,13.194,13.398,2062395,0
1998-11-04,13.571,13.61,13.34,13.459,2247818,0
1998-11-05,13.421,13.544,13.34,13.398,3002469,0
1998-11-06,13.354,13.459,13.34,13.438,2020602,0
1998-11-09,13.438,13.649,13.438,13.586,1782277,0
1998-11-10,13.634,13.798,13.634,13.782,8477329,0
1998-11-11,13.782,13.782,13.61,13.716,2600411,0
1998-11-12,13.678,13.782,13.634,13.678,1434182,0
1998-11-13,13.678,13.845,13.634,13.74,684032,0
1998-11-16,13.649,13.883,13.61,13.883,1173374,0
1998-11-17,13.868,14.124,13.782,13.905,1897869,0
1998-11-18,13.927,14.017,13.868,13.905,2189363,0
1998-11-19,13.951,14.017,13.82,13.918,2070858,0
1998-11-20,13.951,13.951,13.798,13.798,1245319,0
1998-11-23,13.82,14.072,13.762,13.974,2817573,0
1998-11-24,13.927,14.178,13.927,14.124,1549244,0
1998-11-25,13.951,14.178,13.927,14.094,1030800,0
1998-11-27,14.072,14.072,13.951,13.951,302603,0
1998-11-30,13.927,13.988,13.61,13.61,1078676,0
1998-12-01,13.61,14.033,13.61,13.883,739572,0
1998-12-02,13.798,13.951,13.716,13.782,1534695,0
1998-12-03,13.798,13.988,13.74,13.762,1980132,0
1998-12-04,13.782,14.072,13.782,13.988,3003262,0
1998-12-07,14.033,14.057,13.82,13.883,1118620,0
1998-12-08,13.82,13.974,13.782,13.82,1762706,0
1998-12-09,13.868,13.868,13.571,13.61,2601472,0
1998-12-10,13.571,13.61,13.421,13.421,2112653,0
1998-12-11,13.269,13.421,13.151,13.234,2934226,0
1998-12-14,13.185,13.374,13.128,13.292,1963998,0
1998-12-15,13.292,13.398,13.292,13.398,1759795,0
1998-12-16,13.398,13.782,13.398,13.678,3113565,0
1998-12-17,13.692,13.951,13.634,13.883,890874,0
1998-12-18,13.798,14.244,13.798,14.208,2437210,0
1998-12-21,14.178,14.315,14.094,14.315,2037794,0
1998-12-22,14.267,14.315,14.033,14.094,1085293,0
1998-12-23,14.161,14.208,13.974,14.208,819192,0
1998-12-24,14.208,14.267,14.033,14.138,485907,0
1998-12-28,14.138,14.138,13.868,13.883,679532,0
1998-12-29,13.883,14.072,13.868,13.974,974725,0
1998-12-30,13.988,14.057,13.927,13.988,748305,0
1998-12-31,13.988,14.161,13.951,14.161,672123,0
1999-01-04,14.033,14.208,13.868,13.883,2263162,0
1999-01-05,13.927,13.951,13.74,13.82,914151,0
1999-01-06,13.649,13.678,13.528,13.544,3991479,0
1999-01-07,13.459,13.586,13.269,13.459,3532550,0
1999-01-08,13.398,13.421,13.234,13.316,2218456,0
1999-01-11,13.234,13.292,13.163,13.248,1966908,0
1999-01-12,13.248,13.571,13.095,13.163,2446995,0
1999-01-13,13.163,13.354,13.013,13.151,3273331,0
1999-01-14,13.095,13.151,12.801,12.906,1706362,0
1999-01-15,12.89,13.078,12.847,13.078,1022071,0
1999-01-19,12.988,13.044,12.824,12.988,1034236,0
1999-01-20,12.906,12.974,12.764,12.868,1248493,0
1999-01-21,12.954,13.044,12.847,12.89,1462485,0
1999-01-22,12.847,12.954,12.74,12.954,1555592,0
1999-01-25,13.044,13.044,12.801,12.801,1008319,0
1999-01-26,13.013,13.185,12.954,13.044,2805141,0
1999-01-27,13.013,13.058,12.764,12.801,1343984,0
1999-01-28,12.801,13.03,12.718,12.868,1509829,0
1999-01-29,12.906,12.988,12.635,12.954,2755683,0
1999-02-01,12.89,12.906,12.68,12.74,1028422,0
1999-02-02,12.68,12.824,12.68,12.764,1650025,0
1999-02-03,12.824,12.939,12.718,12.801,1576485,0
1999-02-04,12.801,12.824,12.598,12.635,1367525,0
1999-02-05,12.635,12.701,12.316,12.445,2490376,0
1999-02-08,12.399,12.46,12.188,12.233,1915330,0
1999-02-09,12.249,12.273,11.978,11.978,4507539,0
1999-02-10,12.168,12.295,12.068,12.209,1641028,0
1999-02-11,12.127,12.249,12.085,12.209,1480472,0
1999-02-12,12.188,12.233,12.068,12.168,1903688,0
1999-02-16,12.295,12.399,12.273,12.339,1982776,0
1999-02-17,12.386,12.89,12.355,12.783,3701570,0
1999-02-18,12.74,13.013,12.635,12.939,11391453,0
1999-02-19,12.89,12.89,12.635,12.65,4391153,0
1999-02-22,12.65,12.718,12.506,12.68,1452963,0
1999-02-23,12.68,12.939,12.635,12.868,3284436,0
1999-02-24,12.868,12.868,12.399,12.484,909651,0
1999-02-25,12.484,12.484,12.119,12.233,1693670,0
1999-02-26,12.168,12.249,12.038,12.168,1122586,0
1999-03-01,12.076,12.076,11.802,12.038,2059484,0
1999-03-02,12.038,12.287,11.991,12.143,1671184,0
1999-03-03,12.183,12.38,12.119,12.38,1458253,0
1999-03-04,12.339,12.847,12.316,12.847,2406262,0
1999-03-05,13.269,13.361,13.044,13.361,3673007,0
1999-03-08,13.445,13.487,13.301,13.406,2395152,0
1999-03-09,13.361,13.466,13.194,13.234,3013842,0
1999-03-10,13.234,13.361,13.163,13.209,946687,0
1999-03-11,13.234,13.558,13.234,13.381,1315416,0
1999-03-12,13.406,13.868,13.406,13.642,1788098,0
1999-03-15,13.662,13.853,13.61,13.723,1224159,0
1999-03-16,13.747,14.003,13.723,13.935,3713474,0
1999-03-17,13.918,14.04,13.868,13.935,2088845,0
1999-03-18,14.025,14.298,14.003,14.298,1426510,0
1999-03-19,14.259,14.555,14.23,14.336,3378336,0
1999-03-22,14.322,14.638,14.298,14.638,1954742,0
1999-03-23,14.555,14.683,14.382,14.517,4044909,0
1999-03-24,14.594,14.85,14.532,14.85,2446729,0
1999-03-25,15.13,15.446,15.086,15.41,4983395,0
1999-03-26,15.432,15.856,15.41,15.622,4292496,0
1999-03-29,15.552,15.856,15.538,15.856,6488202,0
1999-03-30,15.812,15.876,15.69,15.774,5003762,0
1999-03-31,15.84,16.007,15.795,15.795,6912215,0
1999-04-01,15.795,15.947,15.727,15.84,3312214,0
1999-04-05,16.032,16.032,15.876,15.982,2628713,0
1999-04-06,16.007,16.089,15.917,16.066,8222072,0
1999-04-07,16.089,16.152,15.917,16.066,1899194,0
1999-04-08,16.066,16.258,15.917,15.982,1934636,0
1999-04-09,16.032,16.137,15.982,16.137,2178516,0
1999-04-12,16.203,16.31,15.982,16.054,1454548,0
1999-04-13,16.137,16.22,16.054,16.114,5757625,0
1999-04-14,15.84,15.876,15.193,15.213,2268715,0
1999-04-15,15.242,15.538,15.242,15.364,1391068,0
1999-04-16,15.538,15.812,15.41,15.812,2512329,0
1999-04-19,15.892,16.258,15.876,16.066,1245319,0
1999-04-20,16.007,16.258,15.982,16.152,1672771,0
1999-04-21,16.152,16.203,16.054,16.203,3527523,0
1999-04-22,15.962,16.089,15.622,15.658,1688641,0
1999-04-23,15.69,15.917,15.643,15.705,1802379,0
1999-04-26,15.705,15.795,15.584,15.795,932933,0
1999-04-27,15.962,16.089,15.876,16.066,1441325,0
1999-04-28,16.066,16.258,16.066,16.258,2479002,0
1999-04-29,16.22,16.285,16.137,16.22,3912921,0
1999-04-30,16.203,16.285,16.054,16.203,1775400,0
1999-05-03,16.172,16.391,16.172,16.348,1099840,0
1999-05-04,16.258,16.407,16.137,16.391,3779072,0
1999-05-05,16.31,16.391,16.241,16.348,1028685,0
1999-05-06,16.325,16.43,16.172,16.371,4532667,0
1999-05-07,16.391,16.545,16.258,16.391,1299017,0
1999-05-10,16.348,16.371,16.22,16.285,1554003,0
1999-05-11,16.325,16.454,16.241,16.258,1660340,0
1999-05-12,16.241,16.477,16.152,16.258,1913741,0
1999-05-13,16.258,16.454,16.241,16.371,2746950,0
1999-05-14,16.285,16.285,15.876,15.962,3920060,0
1999-05-17,15.962,16.137,15.727,16.089,1090578,0
1999-05-18,16.089,16.172,16.032,16.054,2235914,0
1999-05-19,16.137,16.545,16.114,16.512,2274004,0
1999-05-20,16.497,16.545,16.348,16.43,1375459,0
1999-05-21,16.497,16.582,16.391,16.559,939018,0
1999-05-24,16.732,17.238,16.711,17.072,2572376,0
1999-05-25,17.118,17.118,16.732,16.817,1759795,0
1999-05-26,16.907,16.93,16.65,16.86,6722559,0
1999-05-27,16.793,16.793,16.497,16.582,2242261,0
1999-05-28,16.711,16.817,16.596,16.793,1166231,0
1999-06-01,16.732,16.754,16.301,16.454,1386304,0
1999-06-02,16.43,16.536,16.023,16.045,1265159,0
1999-06-03,16.137,16.137,15.658,15.962,2036212,0
1999-06-04,16.045,16.301,15.812,15.892,1667214,0
1999-06-07,15.962,15.999,15.892,15.999,973400,0
1999-06-08,15.917,15.999,15.787,15.812,2011347,0
1999-06-09,15.826,16.152,15.826,16.137,2446465,0
1999-06-10,16.137,16.172,16.023,16.152,2793770,0
1999-06-11,16.105,16.34,16.105,16.34,2360500,0
1999-06-14,16.258,16.711,16.241,16.582,1240295,0
1999-06-15,16.536,16.732,16.512,16.582,857018,0
1999-06-16,16.596,16.793,16.477,16.497,1782544,0
1999-06-17,16.301,16.325,16.172,16.172,3556623,0
1999-06-18,16.137,16.172,15.876,16.105,4500928,0
1999-06-21,16.105,16.152,15.727,15.826,1953682,0
1999-06-22,15.917,15.999,15.812,15.849,1174430,0
1999-06-23,15.787,15.938,15.569,15.622,1994682,0
1999-06-24,15.569,15.682,15.123,15.144,6697164,0
1999-06-25,15.1,15.1,14.676,14.761,5084704,0
1999-06-28,14.761,14.933,14.761,14.826,3161440,0
1999-06-29,14.826,14.826,14.713,14.737,1824070,0
1999-06-30,14.761,14.761,14.328,14.365,4101513,0
1999-07-01,14.284,14.563,14.199,14.365,1920353,0
1999-07-02,14.284,14.517,14.284,14.42,1599764,0
1999-07-06,14.35,14.434,14.284,14.35,1535755,0
1999-07-07,14.35,14.455,14.35,14.396,1346625,0
1999-07-08,14.455,14.622,14.328,14.586,3796533,0
1999-07-09,14.563,14.691,14.563,14.691,1196920,0
1999-07-12,14.608,14.655,14.517,14.586,1302723,0
1999-07-13,14.713,14.866,14.691,14.843,2950624,0
1999-07-14,14.843,14.933,14.781,14.843,1555066,0
1999-07-15,14.843,15.123,14.826,14.933,1358003,0
1999-07-16,14.948,15.086,14.948,14.971,2328760,0
1999-07-19,14.948,15.159,14.888,15.159,1112006,0
1999-07-20,15.017,15.086,14.971,14.971,2290406,0
1999-07-21,14.971,15.053,14.797,14.843,1171519,0
1999-07-22,14.904,14.971,14.826,14.933,1417520,0
1999-07-23,14.866,14.933,14.713,14.781,2767321,0
1999-07-26,14.761,14.933,14.761,14.866,1136605,0
1999-07-27,14.797,14.888,14.608,14.622,1571462,0
1999-07-28,14.655,14.691,14.455,14.503,793536,0
1999-07-29,14.42,14.713,14.42,14.586,2176396,0
1999-07-30,14.54,14.622,14.42,14.54,1158823,0
1999-08-02,14.563,14.713,14.42,14.54,847229,0
1999-08-03,14.691,14.866,14.563,14.843,1035826,0
1999-08-04,14.826,14.843,14.54,14.563,675297,0
1999-08-05,14.517,14.797,14.503,14.691,1114918,0
1999-08-06,14.608,14.761,14.396,14.563,520033,0
1999-08-09,14.655,14.655,14.503,14.517,671594,0
1999-08-10,14.608,14.737,14.563,14.586,982394,0
1999-08-11,14.586,14.655,14.563,14.655,431686,0
1999-08-12,14.608,14.608,14.42,14.42,356827,0
1999-08-13,14.503,14.622,14.48,14.54,904099,0
1999-08-16,14.608,14.622,14.284,14.306,343598,0
1999-08-17,14.396,14.396,14.072,14.161,984250,0
1999-08-18,14.199,14.199,13.942,14.025,738517,0
1999-08-19,13.942,14.328,13.836,14.244,1128933,0
1999-08-20,14.328,14.781,14.259,14.655,1057514,0
1999-08-23,14.622,14.655,14.284,14.396,844847,0
1999-08-24,14.455,14.563,14.328,14.563,876856,0
1999-08-25,14.328,14.761,14.284,14.713,8205939,0
1999-08-26,14.455,14.761,14.42,14.455,1555328,0
1999-08-27,14.365,14.455,14.284,14.328,938752,0
1999-08-30,14.42,14.434,14.217,14.244,853842,0
1999-08-31,14.178,14.244,13.96,14.025,1834650,0
1999-09-01,14.025,14.178,13.981,14.11,1447936,0
1999-09-02,13.981,14.072,13.853,14.003,583778,0
1999-09-03,14.025,14.328,14.025,14.306,1210936,0
1999-09-07,14.396,14.396,13.981,14.04,501245,0
1999-09-08,13.875,14.284,13.875,14.284,1774608,0
1999-09-09,14.284,14.54,14.217,14.503,1940453,0
1999-09-10,14.455,14.517,14.328,14.434,1033180,0
1999-09-13,14.396,14.396,14.025,14.217,940074,0
1999-09-14,14.072,14.11,13.898,13.918,1375459,0
1999-09-15,14.04,14.193,13.853,14.094,1624369,0
1999-09-16,13.935,14.025,13.678,13.782,785863,0
1999-09-17,13.782,14.193,13.782,14.155,2152328,0
1999-09-20,14.178,14.284,13.918,13.918,1231034,0
1999-09-21,13.747,13.747,13.248,13.445,1156711,0
1999-09-22,13.398,13.459,13.095,13.163,1284202,0
1999-09-23,13.202,13.34,12.257,12.582,5380957,0
1999-09-24,12.65,13.381,12.65,13.078,3803675,0
1999-09-27,13.03,13.163,12.792,12.817,1626745,0
1999-09-28,12.771,12.817,12.257,12.386,3277031,0
1999-09-29,12.422,12.71,12.422,12.492,1520411,0
1999-09-30,12.627,13.234,12.598,12.946,3232862,0
1999-10-01,12.988,13.163,12.841,13.143,1289494,0
1999-10-04,13.163,13.571,13.163,13.398,1652404,0
1999-10-05,13.354,13.421,12.906,13.03,899075,0
1999-10-06,13.12,13.234,13.058,13.176,866802,0
1999-10-07,13.163,13.202,12.966,12.966,663924,0
1999-10-08,13.03,13.143,12.881,12.946,749624,0
1999-10-11,13.03,13.03,12.734,12.771,1191627,0
1999-10-12,12.792,12.863,12.535,12.841,1464866,0
1999-10-13,12.792,12.946,12.65,12.946,1235533,0
1999-10-14,12.946,13.095,12.923,13.078,1251400,0
1999-10-15,13.078,13.078,12.687,12.817,1014666,0
1999-10-18,12.906,13.078,12.771,13.03,585100,0
1999-10-19,13.12,13.12,12.792,12.792,893258,0
1999-10-20,12.792,12.966,12.771,12.881,594093,0
1999-10-21,12.881,12.946,12.627,12.817,1069158,0
1999-10-22,12.881,13.078,12.817,12.881,1463012,0
1999-10-25,12.863,12.906,12.687,12.687,3297668,0
1999-10-26,12.71,12.906,12.71,12.817,4177958,0
1999-10-27,12.749,13.202,12.749,13.058,1666157,0
1999-10-28,13.143,13.316,13.058,13.163,2079060,0
1999-10-29,13.234,13.269,13.078,13.176,941660,0
1999-11-01,13.12,13.292,13.12,13.269,1213580,0
1999-11-02,13.202,13.398,13.202,13.234,662340,0
1999-11-03,13.292,13.34,13.202,13.292,2348596,0
1999-11-04,13.34,13.34,13.03,13.163,4596945,0
1999-11-05,13.248,13.292,12.988,13.058,886905,0
1999-11-08,13.013,13.058,12.881,12.923,1850787,0
1999-11-09,12.881,12.946,12.535,12.687,2413931,0
1999-11-10,12.598,12.749,12.339,12.535,6466248,0
1999-11-11,12.535,12.627,12.386,12.469,1913741,0
1999-11-12,12.56,12.627,12.535,12.582,811785,0
1999-11-15,12.492,12.627,12.386,12.407,930818,0
1999-11-17,12.233,12.273,12.038,12.143,2686644,0
1999-11-18,12.143,12.273,12.012,12.097,1671448,0
1999-11-19,12.012,12.168,11.991,12.061,1283672,0
1999-11-22,11.991,12.038,11.842,11.842,1037943,0
1999-11-23,11.774,11.818,11.538,11.577,2056309,0
1999-11-24,11.47,11.538,11.341,11.409,2060809,0
1999-11-26,11.433,11.446,11.381,11.446,410256,0
1999-11-29,11.205,11.205,10.684,10.948,5093169,0
1999-11-30,11.076,11.47,11.076,11.446,4148596,0
1999-12-01,11.25,11.341,11.099,11.182,1951831,0
1999-12-02,11.099,11.605,11.076,11.605,2465247,0
1999-12-03,11.577,11.864,11.433,11.577,2004469,0
1999-12-06,11.703,11.774,11.515,11.643,1751065,0
1999-12-07,11.735,11.749,11.577,11.735,2293576,0
1999-12-08,11.667,11.689,11.47,11.577,2058428,0
1999-12-09,11.703,11.749,11.433,11.493,1941781,0
1999-12-10,11.577,11.795,11.577,11.735,1653197,0
1999-12-13,11.735,11.735,11.47,11.515,904366,0
1999-12-14,11.47,11.538,11.274,11.381,2155503,0
1999-12-15,11.446,11.689,11.205,11.667,1706099,0
1999-12-16,11.605,11.643,11.515,11.562,1045617,0
1999-12-17,11.562,11.689,11.562,11.667,3472506,0
1999-12-20,11.703,11.864,11.643,11.818,1297954,0
1999-12-21,11.735,12.038,11.735,11.931,1932257,0
1999-12-22,11.88,11.991,11.88,11.991,1506657,0
1999-12-23,12.061,12.061,11.969,12.038,1160414,0
1999-12-27,11.991,12.209,11.969,11.991,934783,0
1999-12-28,11.901,12.012,11.749,11.88,1585479,0
1999-12-29,11.864,11.864,11.643,11.774,613931,0
1999-12-30,11.689,12.076,11.689,12.061,1407994,0
1999-12-31,12.076,12.168,11.88,12.076,1149039,0
2000-01-03,11.991,12.038,11.47,11.774,1213313,0
2000-01-04,11.643,11.864,11.515,11.689,1177870,0
2000-01-05,11.689,12.422,11.689,12.249,1369111,0
2000-01-06,12.127,12.513,11.947,12.273,1156181,0
2000-01-07,12.3,12.988,12.168,12.273,3553181,0
2000-01-10,12.801,13.095,12.71,13.013,1349533,0
2000-01-11,12.946,13.095,12.906,12.923,1288696,0
2000-01-12,12.863,13.163,12.801,13.038,1828039,0
2000-01-13,13.095,13.487,12.988,13.421,1455607,0
2000-01-14,13.34,13.558,13.234,13.381,1375459,0
2000-01-18,13.301,13.361,12.946,13.095,1199297,0
2000-01-19,13.151,13.406,13.095,13.34,1379163,0
2000-01-20,13.248,13.269,12.946,13.151,1271507,0
2000-01-21,13.301,13.578,13.058,13.511,4756180,0
2000-01-24,13.511,14.252,13.472,14.124,3446585,0
2000-01-25,14.094,14.094,13.798,13.905,3342895,0
2000-01-26,13.861,14.298,13.708,14.208,2034090,0
2000-01-27,14.252,14.662,14.23,14.6,12199531,0
2000-01-28,14.532,14.774,14.315,14.315,4544305,0
2000-01-31,14.336,14.517,14.094,14.517,3930903,0
2000-02-01,14.472,14.638,14.328,14.449,3631740,0
2000-02-02,14.449,14.707,14.425,14.488,1428361,0
2000-02-03,14.577,15.193,14.577,15.123,2334843,0
2000-02-04,15.1,15.123,14.925,14.948,7722412,0
2000-02-07,14.811,14.904,14.6,14.6,1528878,0
2000-02-08,14.622,14.774,14.622,14.728,1465657,0
2000-02-09,14.728,14.925,14.707,14.774,5862896,0
2000-02-10,14.691,14.774,14.577,14.577,3518797,0
2000-02-11,14.532,14.6,14.315,14.336,1906597,0
2000-02-14,14.336,14.425,14.185,14.315,4280588,0
2000-02-15,14.252,14.357,14.138,14.208,2524498,0
2000-02-16,14.079,14.23,13.951,14.161,2714947,0
2000-02-17,13.988,14.276,13.951,13.988,1765878,0
2000-02-18,13.918,14.011,13.708,13.755,1287116,0
2000-02-22,13.769,14.033,13.769,13.836,2044937,0
2000-02-23,13.755,14.124,13.755,14.033,3254285,0
2000-02-24,14.033,14.033,13.078,13.209,2639560,0
2000-02-25,13.406,13.406,13.209,13.406,1965323,0
2000-02-28,13.406,13.836,13.248,13.662,1173374,0
2000-02-29,13.578,13.578,12.974,12.974,2134346,0
2000-03-01,13.381,13.406,13.038,13.128,1584160,0
2000-03-02,13.128,13.558,13.078,13.558,1571990,0
2000-03-03,13.769,13.836,13.578,13.732,3042674,0
2000-03-06,13.732,13.814,13.421,13.472,2700663,0
2000-03-07,13.472,13.626,13.095,13.128,3284174,0
2000-03-08,13.209,13.472,13.209,13.269,1744188,0
2000-03-09,13.185,13.361,13.151,13.316,2041765,0
2000-03-10,13.234,13.361,13.163,13.301,1003555,0
2000-03-13,13.234,13.301,13.151,13.248,828714,0
2000-03-14,13.078,13.185,12.863,12.974,1939398,0
2000-03-15,12.906,13.452,12.881,13.421,2512593,0
2000-03-16,13.421,14.161,13.421,13.918,1735198,0
2000-03-17,13.951,13.988,13.34,13.381,1600557,0
2000-03-20,13.301,13.626,13.269,13.361,1153535,0
2000-03-21,13.301,13.626,13.248,13.472,1801325,0
2000-03-22,13.472,13.472,13.038,13.128,1625158,0
2000-03-23,13.038,13.128,12.923,13.013,1866131,0
2000-03-24,13.038,13.234,12.974,13.209,1461690,0
2000-03-27,13.078,13.452,12.974,12.974,1484438,0
2000-03-28,12.863,12.988,12.492,12.749,1691551,0
2000-03-29,12.71,12.923,12.687,12.923,2104454,0
2000-03-30,13.038,13.058,12.863,12.906,1289494,0
2000-03-31,12.906,13.163,12.642,12.817,3111448,0
2000-04-03,12.946,13.058,12.71,12.841,867598,0
2000-04-04,12.923,13.685,12.923,13.685,3096106,0
2000-04-05,13.769,14.6,13.769,14.094,3816901,0
2000-04-06,14.057,14.276,13.649,13.769,1935165,0
2000-04-07,13.732,13.988,13.685,13.798,1205910,0
2000-04-10,13.814,14.488,13.798,14.382,1867715,0
2000-04-11,14.404,14.835,14.382,14.488,2607025,0
2000-04-12,14.555,15.123,14.449,14.774,2347803,0
2000-04-13,15.038,15.515,14.835,15.136,2044673,0
2000-04-14,15.078,15.622,14.472,14.933,2393301,0
2000-04-17,14.532,14.811,13.974,14.6,1860843,0
2000-04-18,14.6,14.987,14.161,14.23,1424129,0
2000-04-19,14.138,14.252,13.814,14.138,897754,0
2000-04-20,14.057,14.517,14.057,14.472,1112532,0
2000-04-24,14.555,14.925,14.472,14.6,891666,0
2000-04-25,14.904,15.078,14.555,15.017,1660075,0
2000-04-26,14.948,15.364,14.88,15.159,796179,0
2000-04-27,15.249,15.249,14.707,14.971,1439739,0
2000-04-28,14.987,14.987,14.488,14.488,1256693,0
2000-05-01,14.357,14.662,14.336,14.517,725026,0
2000-05-02,14.517,14.638,14.124,14.138,1494752,0
2000-05-03,14.298,14.449,14.161,14.449,2354681,0
2000-05-04,14.449,15.159,14.449,14.797,1282086,0
2000-05-05,14.774,14.971,14.532,14.948,1369378,0
2000-05-08,14.948,15.622,14.948,15.038,1922205,0
2000-05-09,15.296,15.312,15.017,15.205,1197971,0
2000-05-10,15.312,15.774,15.23,15.552,2087523,0
2000-05-11,15.485,15.901,15.425,15.812,1891523,0
2000-05-12,15.69,15.727,15.296,15.515,1434445,0
2000-05-15,15.446,15.901,15.446,15.576,1167820,0
2000-05-16,15.658,15.658,15.1,15.515,1431537,0
2000-05-17,15.636,15.636,14.904,15.038,1545012,0
2000-05-18,15.038,15.403,15.038,15.038,1125762,0
2000-05-19,14.987,15.274,14.88,15.1,981072,0
2000-05-22,15.34,15.876,15.34,15.705,2100222,0
2000-05-23,15.658,15.901,15.599,15.705,1722234,0
2000-05-24,15.636,16.272,15.636,15.982,2662042,0
2000-05-25,15.947,16.015,15.636,15.795,2952478,0
2000-05-26,15.812,16.096,15.75,15.795,614198,0
2000-05-30,15.812,15.863,15.379,15.462,1706628,0
2000-05-31,15.418,15.705,15.356,15.356,2118208,0
2000-06-01,15.274,15.312,15.03,15.242,2655432,0
2000-06-02,15.159,15.274,14.963,15.205,2407584,0
2000-06-05,15.07,15.159,14.57,14.72,1345042,0
2000-06-06,14.767,15.184,14.72,14.85,1056193,0
2000-06-07,14.79,14.897,14.594,14.608,1391596,0
2000-06-08,14.523,15.07,14.503,14.963,1640501,0
2000-06-09,14.88,15.51,14.85,15.485,2234064,0
2000-06-12,15.394,15.705,15.394,15.515,1389481,0
2000-06-13,15.446,15.863,15.379,15.446,1565114,0
2000-06-14,15.418,15.446,14.94,15.03,2284321,0
2000-06-15,15.03,15.242,14.85,15.053,2253901,0
2000-06-16,15.07,15.356,14.826,15.086,4963823,0
2000-06-19,15.184,15.23,14.811,14.963,2946920,0
2000-06-20,14.638,14.94,14.608,14.826,1115179,0
2000-06-21,14.826,15.205,14.811,14.811,2078797,0
2000-06-22,14.811,14.897,14.503,14.72,1372552,0
2000-06-23,14.767,14.963,14.676,14.79,1301397,0
2000-06-26,14.811,15.07,14.767,14.94,1196118,0
2000-06-27,14.85,14.917,14.396,14.396,1133167,0
2000-06-28,14.488,15.053,14.178,14.933,1479414,0
2000-06-29,15.115,15.159,14.57,14.72,1397149,0
2000-06-30,14.638,14.963,14.072,14.094,3692316,0
2000-07-03,14.178,14.79,14.178,14.549,1191627,0
2000-07-05,14.638,14.85,14.155,14.199,1135284,0
2000-07-06,14.374,14.549,14.315,14.374,722385,0
2000-07-07,14.374,14.523,14.374,14.42,907539,0
2000-07-10,14.42,14.85,14.42,14.676,1107509,0
2000-07-11,14.676,15.115,14.57,15.07,1650287,0
2000-07-12,15.07,15.093,14.79,14.917,1094020,0
2000-07-13,14.811,15.03,14.72,15.03,909123,0
2000-07-14,14.897,15.242,14.826,14.917,1084499,0
2000-07-17,14.88,15.394,14.88,15.312,1508245,0
2000-07-18,15.379,15.552,15.23,15.418,1469890,0
2000-07-19,15.51,15.727,15.418,15.576,1183428,0
2000-07-20,15.622,15.69,15.136,15.205,1908189,0
2000-07-21,15.334,15.552,15.296,15.379,1236061,0
2000-07-24,15.394,15.418,15.136,15.205,1293991,0
2000-07-25,15.115,15.418,15.115,15.312,1786776,0
2000-07-26,15.312,15.312,14.963,14.987,1418045,0
2000-07-27,15.07,15.334,15.03,15.242,718942,0
2000-07-28,15.242,15.418,15.136,15.205,1815078,0
2000-07-31,15.03,15.356,14.897,14.917,1960558,0
2000-08-01,14.94,15.379,14.94,15.312,1331815,0
2000-08-02,15.23,15.446,15.23,15.356,2208407,0
2000-08-03,15.51,16.032,15.462,15.774,2009229,0
2000-08-04,15.69,16.08,15.462,16.08,1860308,0
2000-08-07,15.968,16.536,15.863,16.497,1814813,0
2000-08-08,16.582,16.582,16.272,16.446,1309333,0
2000-08-09,16.363,16.477,16.228,16.317,1363026,0
2000-08-10,16.34,16.407,16.144,16.235,617899,0
2000-08-11,16.292,16.65,16.258,16.545,1495547,0
2000-08-14,16.512,17.064,16.477,16.793,2307071,0
2000-08-15,16.825,17.391,16.711,17.105,1533375,0
2000-08-16,16.86,17.253,16.86,16.949,1297163,0
2000-08-17,17.187,17.187,16.885,17.043,1893639,0
2000-08-18,17.043,17.126,16.949,17.013,859130,0
2000-08-21,16.949,16.999,16.793,16.907,969701,0
2000-08-22,16.999,17.064,16.93,16.974,1472273,0
2000-08-23,16.93,17.218,16.93,17.126,1279707,0
2000-08-24,17.163,17.163,16.907,16.93,980015,0
2000-08-25,16.949,16.949,16.65,16.711,826337,0
2000-08-28,16.536,17.013,16.536,16.999,4202030,0
2000-08-29,16.974,16.974,16.673,16.688,3888319,0
2000-08-30,16.754,16.837,16.65,16.771,2989243,0
2000-08-31,16.688,16.974,16.688,16.846,3732523,0
2000-09-01,16.825,16.999,16.793,16.885,549653,0
2000-09-05,17.043,17.163,16.949,17.081,2314739,0
2000-09-06,17.081,17.428,17.081,17.408,3964231,0
2000-09-07,17.474,17.784,17.391,17.715,5265368,0
2000-09-08,17.739,18.874,17.611,18.774,3875623,0
2000-09-11,18.835,19.554,18.835,19.486,4552511,0
2000-09-12,19.705,19.833,19.176,19.636,6139839,0
2000-09-13,19.727,20.158,19.727,19.969,5547333,0
2000-09-14,19.9,19.9,19.554,19.661,4032476,0
2000-09-15,19.705,20.689,19.705,20.453,4345659,0
2000-09-18,20.445,20.445,20.052,20.158,1443438,0
2000-09-19,20.248,20.248,19.07,19.348,3551067,0
2000-09-20,19.047,19.16,18.458,19.047,3285233,0
2000-09-21,19.047,19.463,18.986,19.024,1827511,0
2000-09-22,19.006,19.765,19.006,19.59,2117149,0
2000-09-25,19.577,19.88,19.228,19.44,1749214,0
2000-09-26,19.554,20.158,19.554,20.12,1511951,0
2000-09-27,20.31,20.929,19.946,20.709,3753945,0
2000-09-28,20.862,21.426,20.816,20.929,3991741,0
2000-09-29,20.725,21.452,20.725,21.17,2799064,0
2000-10-02,21.256,21.509,20.619,21.509,2254171,0
2000-10-03,21.426,21.867,20.574,20.666,2490902,0
2000-10-04,20.574,20.883,19.198,19.915,4442472,0
2000-10-05,20.007,20.248,19.372,19.44,2583484,0
2000-10-06,19.621,20.188,19.554,19.794,2982102,0
2000-10-09,19.743,20.248,19.727,19.765,1442906,0
2000-10-10,19.88,20.965,19.88,20.551,4146221,0
2000-10-11,20.793,21.142,20.211,20.362,4596945,0
2000-10-12,20.31,20.574,19.915,20.077,3534401,0
2000-10-13,19.985,20.603,19.985,20.248,2277708,0
2000-10-16,20.445,21.231,20.31,21.119,3555829,0
2000-10-17,21.081,21.589,21.013,21.533,2627922,0
2000-10-18,21.622,21.843,20.725,20.929,2488527,0
2000-10-19,20.883,21.142,20.536,20.997,3115416,0
2000-10-20,20.899,21.293,20.377,20.793,3200059,0
2000-10-23,20.845,21.375,20.831,21.329,1419369,0
2000-10-24,21.293,21.55,20.279,20.915,4220012,0
2000-10-25,20.915,21.754,20.786,21.307,3972168,0
2000-10-26,21.004,21.064,19.782,19.794,7385425,0
2000-10-27,19.758,20.369,18.88,20.325,5567440,0
2000-10-30,20.415,21.468,20.325,21.293,4830245,0
2000-10-31,21.293,21.375,20.657,21.064,3114623,0
2000-11-01,21.028,21.201,20.763,20.982,3087378,0
2000-11-02,20.938,21.004,20.453,20.634,1651345,0
2000-11-03,20.499,20.499,19.782,20.02,2813346,0
2000-11-06,19.93,19.93,19.332,19.577,3226246,0
2000-11-07,19.554,19.782,19.446,19.782,4703015,0
2000-11-08,20.241,20.701,19.999,20.521,4028243,0
2000-11-09,20.453,21.004,20.279,20.634,1708215,0
2000-11-10,20.634,21.028,20.542,20.915,2089378,0
2000-11-13,21.064,21.662,20.807,21.05,2479528,0
2000-11-14,20.982,21.028,20.453,20.453,2373462,0
2000-11-15,20.807,21.119,20.43,20.521,4281646,0
2000-11-16,20.717,21.004,20.717,20.982,3747601,0
2000-11-17,21.004,21.573,20.938,21.443,4807760,0
2000-11-20,21.354,21.898,21.354,21.55,2541424,0
2000-11-21,21.509,21.639,21.028,21.639,2858313,0
2000-11-22,21.701,22.23,21.418,22.011,2786895,0
2000-11-24,21.989,21.989,21.329,21.573,1170991,0
2000-11-27,21.859,21.941,21.329,21.754,2862806,0
2000-11-28,21.662,22.512,21.573,22.512,4652492,0
2000-11-29,22.471,23.045,22.389,22.716,4316033,0
2000-11-30,22.994,23.567,22.82,23.214,5275153,0
2000-12-01,23.083,23.326,22.471,22.602,2524235,0
2000-12-04,22.653,23.092,22.616,22.879,1890992,0
2000-12-05,22.602,22.773,21.957,22.079,4058138,0
2000-12-06,22.079,22.413,22.079,22.153,2643789,0
2000-12-07,22.238,23.649,22.238,23.438,3344746,0
2000-12-08,23.372,23.432,22.835,23.355,2505981,0
2000-12-11,23.13,23.13,22.63,22.97,2936077,0
2000-12-12,22.97,23.833,22.97,23.713,3935928,0
2000-12-13,23.333,23.932,23.13,23.13,3823514,0
2000-12-14,23.235,23.235,22.683,22.903,2348068,0
2000-12-15,22.602,23.083,22.168,22.335,4263393,0
2000-12-18,22.919,22.919,22.238,22.471,4089611,0
2000-12-19,22.496,23.183,22.496,23.136,3602910,0
2000-12-20,23.303,24.248,23.303,23.938,3733579,0
2000-12-21,23.918,24.114,23.347,23.558,2823921,0
2000-12-22,23.584,24.089,23.402,23.99,2029333,0
2000-12-26,24.007,24.876,23.969,24.702,2871801,0
2000-12-27,24.726,24.883,24.596,24.833,4671538,0
2000-12-28,24.754,24.754,24.248,24.311,3869008,0
2000-12-29,24.318,24.687,24.27,24.605,2262630,0
2001-01-02,24.444,24.444,23.622,23.787,3264334,0
2001-01-03,23.833,24.179,22.025,22.062,7340458,0
2001-01-04,20.763,21.239,19.9,21.142,11382721,0
2001-01-05,20.938,21.754,20.672,20.922,5305833,0
2001-01-08,21.345,21.721,21.269,21.631,4192240,0
2001-01-09,21.55,21.898,21.375,21.898,3693109,0
2001-01-10,21.89,21.973,20.689,20.763,4723118,0
2001-01-11,20.672,20.672,19.104,19.857,6489260,0
2001-01-12,19.507,20.234,19.431,19.963,7018548,0
2001-01-16,20.044,20.044,18.782,19.446,6556708,0
2001-01-17,19.365,20.793,19.365,20.521,6024774,0
2001-01-18,20.068,20.952,19.969,20.551,3519855,0
2001-01-19,20.149,20.823,19.801,20.807,2820483,0
2001-01-22,20.869,21.17,20.499,20.793,2540105,0
2001-01-23,20.883,21.426,20.807,21.064,3083408,0
2001-01-24,20.672,21.533,20.672,21.375,2992419,0
2001-01-25,21.468,21.754,21.375,21.631,3550275,0
2001-01-26,21.482,21.876,20.965,21.314,2271098,0
2001-01-29,21.707,22.062,21.426,21.701,2732667,0
2001-01-30,21.509,21.737,21.321,21.426,1632303,0
2001-01-31,21.375,21.375,20.997,21.209,3529113,0
2001-02-01,21.064,21.276,21.064,21.263,2907509,0
2001-02-02,21.263,21.671,21.134,21.426,3085263,0
2001-02-05,21.375,21.799,21.375,21.488,3981428,0
2001-02-06,21.443,21.656,21.369,21.55,2074830,0
2001-02-07,21.639,21.996,21.639,21.989,3464834,0
2001-02-08,21.989,22.512,21.989,22.448,2017429,0
2001-02-09,22.413,23.025,22.373,22.865,2394622,0
2001-02-12,22.939,23.303,22.342,22.683,2434829,0
2001-02-13,22.721,23.228,22.357,22.616,5161678,0
2001-02-14,22.716,23.167,22.455,22.887,2695106,0
2001-02-15,22.939,22.939,22.547,22.616,2185132,0
2001-02-16,22.939,23.319,22.616,22.668,2947451,0
2001-02-20,23.1,23.402,22.721,22.927,3832508,0
2001-02-21,23.045,23.576,23.045,23.061,2699604,0
2001-02-22,23.061,23.818,22.939,23.486,4080883,0
2001-02-23,23.643,23.855,22.531,22.871,2888727,0
2001-02-26,22.871,23.452,22.871,22.994,1880676,0
2001-02-27,23.077,23.452,23.018,23.13,2057103,0
2001-02-28,23.183,23.274,22.594,23.1,2221367,0
2001-03-01,23.167,23.682,22.927,23.176,2252048,0
2001-03-02,23.319,23.599,23.077,23.545,3050609,0
2001-03-05,23.682,23.735,23.41,23.425,1647379,0
2001-03-06,23.303,23.452,23.01,23.054,1760322,0
2001-03-07,23.061,23.235,22.716,22.857,3185248,0
2001-03-08,23.025,23.303,22.805,23.077,2026688,0
2001-03-09,23.077,23.235,22.835,22.871,2868892,0
2001-03-12,22.871,23.061,22.751,22.956,3148480,0
2001-03-13,22.766,22.82,22.455,22.616,2193328,0
2001-03-14,22.525,22.525,21.843,21.996,2317386,0
2001-03-15,22.216,22.531,22.146,22.441,3638356,0
2001-03-16,22.275,22.716,22.275,22.602,4352008,0
2001-03-19,22.561,22.683,22.101,22.441,2478738,0
2001-03-20,22.441,22.512,22.032,22.131,2211584,0
2001-03-21,22.224,22.788,22.055,22.251,3200589,0
2001-03-22,22.251,22.322,20.944,21.565,4718885,0
2001-03-23,21.516,21.516,20.906,21.134,3988303,0
2001-03-26,21.134,22.267,21.134,22.086,2742717,0
2001-03-27,22.201,22.743,22.184,22.668,2771022,0
2001-03-28,22.616,22.956,22.405,22.668,3551593,0
2001-03-29,22.547,23.151,22.322,22.976,3425423,0
2001-03-30,23.151,23.319,23.061,23.183,2963058,0
2001-04-02,23.183,23.576,22.828,23.205,2762559,0
2001-04-03,23.289,24.368,22.903,24.263,6258339,0
2001-04-04,24.24,24.368,23.545,23.682,5533315,0
2001-04-05,23.891,24.037,22.857,23.319,4332964,0
2001-04-06,23.326,23.509,22.342,22.857,6530789,0
2001-04-09,22.585,23.567,22.585,23.303,3865568,0
2001-04-10,23.946,24.422,23.713,24.361,5380428,0
2001-04-11,24.354,24.354,23.538,23.665,3447377,0
2001-04-12,23.713,23.833,23.576,23.682,3032359,0
2001-04-16,23.643,24.031,23.643,24.031,1576225,0
2001-04-17,23.962,24.565,23.946,24.557,2707804,0
2001-04-18,24.557,24.733,23.87,24.144,5957061,0
2001-04-19,24.053,24.165,23.538,23.682,3570641,0
2001-04-20,23.615,23.855,23.432,23.674,3020193,0
2001-04-23,23.763,24.55,23.763,24.55,4075064,0
2001-04-24,24.702,24.741,24.401,24.589,3090025,0
2001-04-25,24.037,24.498,24.037,24.459,4596151,0
2001-04-26,24.467,24.833,24.422,24.649,4036444,0
2001-04-27,24.649,24.649,24.156,24.24,1936227,0
2001-04-30,24.401,24.529,24.24,24.408,3195566,0
2001-05-01,24.537,24.636,24.263,24.514,5211405,0
2001-05-02,24.354,24.444,23.803,23.833,2303894,0
2001-05-03,24.023,24.053,23.538,23.735,2613903,0
2001-05-04,23.787,24.089,23.682,24.037,2077469,0
2001-05-07,24.129,24.234,23.969,24.105,2005260,0
2001-05-08,24.114,24.114,23.833,23.863,1683616,0
2001-05-09,23.909,24.156,23.891,24.129,2331404,0
2001-05-10,24.294,24.437,23.969,24.368,2287759,0
2001-05-11,24.368,24.619,24.332,24.537,4353862,0
2001-05-14,24.643,24.838,24.613,24.824,1152744,0
2001-05-15,24.786,24.786,24.144,24.22,2412610,0
2001-05-16,24.453,24.453,24.196,24.324,3847055,0
2001-05-17,24.401,24.491,24.089,24.361,2886879,0
2001-05-18,24.255,24.401,24.179,24.318,4239850,0
2001-05-21,24.302,24.52,24.234,24.354,3359825,0
2001-05-22,24.368,24.507,24.27,24.453,5241822,0
2001-05-23,24.422,24.627,24.376,24.474,3082351,0
2001-05-24,24.467,24.507,24.234,24.324,2808320,0
2001-05-25,24.324,24.324,23.78,23.833,2779749,0
2001-05-29,24.114,24.144,23.576,23.72,1991505,0
2001-05-30,23.755,24.144,23.665,23.735,2641941,0
2001-05-31,23.576,24.144,23.576,24.122,2838208,0
2001-06-01,24.114,24.114,23.697,23.932,1812434,0
2001-06-04,23.932,23.969,23.576,23.72,2488259,0
2001-06-05,23.755,23.755,23.13,23.274,3137901,0
2001-06-06,23.312,23.333,22.602,22.602,5695990,0
2001-06-07,22.721,22.887,22.455,22.609,2865187,0
2001-06-08,22.609,23.077,22.479,23.01,1990446,0
2001-06-11,23.289,23.818,23.235,23.741,5595474,0
2001-06-12,23.938,23.938,23.643,23.772,1541571,0
2001-06-13,23.787,23.87,23.083,23.183,2950892,0
2001-06-14,23.13,23.13,22.585,22.594,2870479,0
2001-06-15,22.871,23.551,22.797,23.22,3719297,0
2001-06-18,23.469,23.682,23.417,23.477,2323205,0
2001-06-19,23.72,23.884,23.494,23.87,2541424,0
2001-06-20,23.962,24.073,23.41,23.452,3741778,0
2001-06-21,23.417,23.417,22.192,22.267,6704570,0
2001-06-22,22.299,22.797,22.086,22.773,3973758,0
2001-06-25,22.871,23.1,22.531,22.729,2873389,0
2001-06-26,22.405,22.707,22.335,22.63,3580693,0
2001-06-27,22.653,23.01,22.531,22.76,2686376,0
2001-06-28,22.939,23.045,22.683,22.751,2270039,0
2001-06-29,22.547,22.805,22.405,22.805,3045319,0
2001-07-02,22.576,22.939,22.561,22.623,1961087,0
2001-07-03,22.63,23.018,22.623,22.97,1905540,0
2001-07-05,22.835,23.379,22.835,23.249,2701455,0
2001-07-06,23.274,23.46,23.151,23.438,1575430,0
2001-07-09,23.452,23.855,23.452,23.855,2687698,0
2001-07-10,23.918,24.044,23.855,23.855,2681089,0
2001-07-11,23.932,24.059,23.469,23.477,2216606,0
2001-07-12,23.509,23.523,23.151,23.333,3109332,0
2001-07-13,23.282,23.388,23.018,23.077,1305893,0
2001-07-16,23.077,23.643,23.01,23.214,2063454,0
2001-07-17,23.22,23.333,23.01,23.061,1821163,0
2001-07-18,22.976,23.205,22.751,22.939,2395682,0
2001-07-19,22.976,23.115,22.698,22.788,1478355,0
2001-07-20,22.939,22.976,21.391,21.533,5803383,0
2001-07-23,21.55,21.707,19.969,20.626,9802003,0
2001-07-24,20.483,20.483,19.063,19.348,10315154,0
2001-07-25,19.091,21.021,18.851,21.021,12411407,0
2001-07-26,20.997,21.482,20.915,21.284,5439942,0
2001-07-27,21.256,21.369,20.536,20.59,5570343,0
2001-07-30,20.641,21.247,20.052,21.17,3857112,0
2001-07-31,21.157,21.157,19.954,20.089,7699136,0
2001-08-01,20.234,20.551,20.112,20.499,4971493,0
2001-08-02,20.521,20.732,20.347,20.657,2969935,0
2001-08-03,20.657,20.982,20.521,20.877,4225571,0
2001-08-06,20.483,20.641,20.02,20.089,7279092,0
2001-08-07,20.182,20.377,20.02,20.158,3732786,0
2001-08-08,20.273,20.273,19.568,19.59,3059869,0
2001-08-09,19.612,19.794,19.486,19.621,2526878,0
2001-08-10,19.643,19.751,19.387,19.674,2174017,0
2001-08-13,19.743,19.848,19.403,19.417,3198738,0
2001-08-14,19.348,19.643,19.249,19.47,1989391,0
2001-08-15,19.424,19.674,19.176,19.243,3187363,0
2001-08-16,19.319,19.661,19.146,19.53,1924057,0
2001-08-17,19.53,19.794,19.478,19.674,2331669,0
2001-08-20,19.332,19.893,19.332,19.765,2455462,0
2001-08-21,19.999,20.044,19.628,19.696,2070858,0
2001-08-22,19.71,20.126,19.674,19.978,2017695,0
2001-08-23,19.963,20.104,19.848,19.848,1956324,0
2001-08-24,19.817,20.135,19.727,19.999,2632418,0
2001-08-27,20.037,20.226,20.037,20.182,2735840,0
2001-08-28,20.264,20.4,20.211,20.279,3454520,0
2001-08-29,20.211,20.241,19.985,19.985,3219367,0
2001-08-30,20.158,20.234,19.621,19.668,2912008,0
2001-08-31,19.696,19.751,19.507,19.568,2358383,0
2001-09-04,19.621,19.71,19.5,19.515,3619045,0
2001-09-05,19.568,19.605,19.387,19.507,3002732,0
2001-09-06,19.424,19.954,19.332,19.44,3679089,0
2001-09-07,19.584,19.857,19.478,19.774,3829068,0
2001-09-10,19.809,19.817,19.507,19.809,4263132,0
2001-09-17,19.643,19.696,18.933,19.44,3263542,0
2001-09-18,19.44,19.44,18.874,18.942,2896664,0
2001-09-19,18.991,19.228,18.093,18.782,3771670,0
2001-09-20,18.705,19.319,18.563,18.868,4430567,0
2001-09-21,18.253,18.887,18.063,18.297,3773258,0
2001-09-24,18.782,18.782,18.186,18.283,2900104,0
2001-09-25,18.17,18.605,18.162,18.487,3341837,0
2001-09-26,18.352,18.352,17.971,18.079,3147684,0
2001-09-27,15.584,16.22,13.883,15.947,25232807,0
2001-09-28,15.917,16.166,15.803,15.982,11632158,0
2001-10-01,16.089,16.203,15.774,15.892,3630949,0
2001-10-02,15.947,15.999,15.584,15.682,6372609,0
2001-10-03,15.803,16.22,15.742,16.122,7183340,0
2001-10-04,16.122,16.122,15.584,15.863,4227423,0
2001-10-05,15.863,16.363,15.697,16.34,3961058,0
2001-10-08,16.166,16.363,15.982,16.13,2264747,0
2001-10-09,16.166,16.172,15.774,15.871,2363675,0
2001-10-10,15.876,15.962,15.667,15.938,3834092,0
2001-10-11,15.982,16.285,15.515,15.803,3474885,0
2001-10-12,15.803,16.13,15.658,16.105,4083793,0
2001-10-15,16.166,16.258,15.982,16.13,2747482,0
2001-10-16,16.203,16.363,16.015,16.152,4760681,0
2001-10-17,16.203,16.203,15.774,15.774,3707391,0
2001-10-18,15.774,15.933,15.23,15.304,4992919,0
2001-10-19,15.304,15.826,15.176,15.705,3073888,0
2001-10-22,15.774,16.089,15.538,15.947,4298045,0
2001-10-23,14.336,15.086,14.217,14.72,17693437,0
2001-10-24,14.728,14.873,14.336,14.761,12286818,0
2001-10-25,14.676,15.038,14.517,15.038,6767527,0
2001-10-26,14.979,14.987,14.336,14.707,6661985,0
2001-10-29,14.745,14.888,14.622,14.873,7051082,0
2001-10-30,14.873,15.07,14.818,15.053,7080706,0
2001-10-31,15.053,15.078,14.933,15.078,4348305,0
2001-11-01,14.963,15.197,14.948,15.053,4126647,0
2001-11-02,15.053,15.053,14.728,14.826,5857604,0
2001-11-05,15.003,15.296,14.971,15.282,6523118,0
2001-11-06,15.107,15.552,15.107,15.478,3960000,0
2001-11-07,15.41,15.622,15.34,15.584,2571580,0
2001-11-08,15.552,16.015,15.446,15.774,2717854,0
2001-11-09,15.774,15.892,15.65,15.675,2417898,0
2001-11-12,15.675,15.75,15.34,15.713,9897225,0
2001-11-13,15.742,15.834,15.485,15.742,2882910,0
2001-11-14,15.56,15.849,15.41,15.569,4143304,0
2001-11-15,15.569,15.591,15.379,15.538,4005229,0
2001-11-16,15.538,15.675,15.348,15.501,3109861,0
2001-11-19,15.501,15.524,15.197,15.29,1716414,0
2001-11-20,15.29,15.795,15.274,15.719,3703691,0
2001-11-21,15.636,15.65,15.29,15.485,2386952,0
2001-11-23,15.485,15.719,15.257,15.65,851200,0
2001-11-26,15.65,15.675,15.379,15.591,2032507,0
2001-11-27,15.379,15.938,15.34,15.849,3204557,0
2001-11-28,15.849,15.925,15.584,15.636,7983224,0
2001-11-29,15.614,15.84,15.348,15.779,3520909,0
2001-11-30,15.779,16.172,15.69,16.144,4312066,0
2001-12-03,16.144,16.172,15.925,16.066,3783838,0
2001-12-04,15.742,16.285,15.742,16.285,2987921,0
2001-12-05,16.285,16.31,15.925,16.258,5334932,0
2001-12-06,16.258,16.258,15.787,16.08,3072036,0
2001-12-07,16.08,16.446,16.08,16.43,2641148,0
2001-12-10,16.43,16.8,16.158,16.771,5370108,0
2001-12-11,16.771,16.915,16.187,16.348,3765586,0
2001-12-12,16.348,16.536,16.105,16.528,4043323,0
2001-12-13,16.497,16.719,16.285,16.604,3600529,0
2001-12-14,16.325,16.719,16.187,16.657,3674328,0
2001-12-17,16.657,16.657,16.391,16.582,2946130,0
2001-12-18,16.582,16.991,16.512,16.93,3983809,0
2001-12-19,16.93,17.617,16.747,17.111,5477241,0
2001-12-20,17.336,17.351,16.754,16.936,5043438,0
2001-12-21,16.754,16.771,16.512,16.754,6446145,0
2001-12-24,16.786,17.148,16.786,17.05,1182896,0
2001-12-26,17.171,17.474,17.163,17.232,2926818,0
2001-12-27,17.187,17.31,17.148,17.187,2774987,0
2001-12-28,17.187,17.301,16.876,17.203,2954593,0
2001-12-31,17.187,17.52,17.163,17.323,2527140,0
