Date,Open,High,Low,Close,Volume,OpenInt
1995-01-03,6.931,7.0071,6.931,6.9479,328825,0
1995-01-04,6.931,7.0071,6.931,6.9732,110803,0
1995-01-05,6.9732,7.0071,6.9732,6.9732,145544,0
1995-01-06,6.9732,7.0071,6.931,6.9479,733718,0
1995-01-09,6.931,6.9732,6.931,6.9479,898430,0
1995-01-10,6.9732,6.9732,6.931,6.931,233591,0
1995-01-11,6.9732,6.9732,6.897,6.9055,736116,0
1995-01-12,6.897,6.9732,6.897,6.9732,799006,0
1995-01-13,6.897,6.9732,6.897,6.9732,2507826,0
1995-01-16,6.9732,7.0829,6.931,7.0829,1014032,0
1995-01-17,7.0829,7.0829,7.0407,7.0829,339606,0
1995-01-18,7.0407,7.1169,7.0407,7.1,837340,0
1995-01-19,7.0407,7.1169,7.0407,7.0407,279113,0
1995-01-20,7.0407,7.1169,7.0407,7.1169,370752,0
1995-01-23,7.1169,7.1169,7.0407,7.0407,227002,0
1995-01-24,7.0829,7.1169,7.066,7.1169,53906,0
1995-01-25,7.066,7.1586,7.066,7.1169,241976,0
1995-01-26,7.1586,7.2266,7.1586,7.1929,633095,0
1995-01-27,7.1929,7.2266,7.1929,7.1929,149136,0
1995-01-30,7.2266,7.3791,7.1929,7.3029,422264,0
1995-01-31,7.3791,7.4464,7.3365,7.3791,884059,0
1995-02-01,7.4464,7.4464,7.3791,7.3791,247969,0
1995-02-02,7.3791,7.4464,7.3791,7.4294,97030,0
1995-02-03,7.4464,7.5226,7.3791,7.514,791219,0
1995-02-06,7.4886,7.5985,7.4886,7.5395,112606,0
1995-02-07,7.5226,7.6323,7.4886,7.6323,761871,0
1995-02-08,7.5562,7.6323,7.4886,7.4886,129972,0
1995-02-09,7.4886,7.5562,7.4886,7.5226,194063,0
1995-02-10,7.5226,7.5226,7.4126,7.4886,307265,0
1995-02-13,7.4464,7.4886,7.4126,7.4126,92239,0
1995-02-14,7.4886,7.4886,7.3791,7.4464,396509,0
1995-02-15,7.4464,7.4886,7.3791,7.4886,1437492,0
1995-02-16,7.4886,7.4886,7.3791,7.4886,137161,0
1995-02-17,7.4886,7.4886,7.3791,7.3791,171900,0
1995-02-21,7.5226,7.5226,7.4126,7.5226,228800,0
1995-02-22,7.4464,7.5562,7.4464,7.5226,518096,0
1995-02-23,7.5562,7.6323,7.4886,7.6323,342603,0
1995-02-24,7.5985,7.5985,7.5562,7.5562,422264,0
1995-02-27,7.5562,7.5985,7.5226,7.5562,300673,0
1995-02-28,7.5562,7.5985,7.5562,7.5562,182084,0
1995-03-01,7.5562,7.6323,7.5562,7.5985,815775,0
1995-03-02,7.5562,7.6323,7.5562,7.6323,373747,0
1995-03-03,7.5562,7.6323,7.5562,7.6323,341403,0
1995-03-06,7.5562,7.6323,7.5562,7.6323,925981,0
1995-03-07,7.5985,7.6661,7.5985,7.5985,1039786,0
1995-03-08,7.5985,7.6661,7.5985,7.6154,472576,0
1995-03-09,7.6661,7.6661,7.5985,7.6661,584579,0
1995-03-10,7.5985,7.6661,7.5985,7.6661,260547,0
1995-03-13,7.5985,7.6661,7.5985,7.6661,231195,0
1995-03-14,7.6323,7.7083,7.5985,7.6154,604346,0
1995-03-15,7.6323,7.6661,7.5985,7.6661,918799,0
1995-03-16,7.6661,7.7083,7.5985,7.6661,238984,0
1995-03-17,7.6828,7.7423,7.6661,7.7423,524084,0
1995-03-20,7.7083,7.7423,7.5985,7.5985,514503,0
1995-03-21,7.5985,7.6661,7.5985,7.649,391115,0
1995-03-22,7.5985,7.6661,7.5985,7.6661,171297,0
1995-03-23,7.6661,7.6661,7.5985,7.6661,250366,0
1995-03-24,7.5985,7.6661,7.5985,7.6661,510310,0
1995-03-27,7.649,7.7168,7.649,7.7168,1161975,0
1995-03-28,7.7168,7.7168,7.649,7.7,368355,0
1995-03-29,7.7168,7.759,7.649,7.7168,535466,0
1995-03-30,7.7168,7.7168,7.649,7.7168,905617,0
1995-03-31,7.649,7.7168,7.649,7.649,1167958,0
1995-04-03,7.7168,7.7168,7.649,7.6661,975099,0
1995-04-04,7.649,7.759,7.649,7.759,611534,0
1995-04-05,7.759,7.759,7.6068,7.6068,881062,0
1995-04-06,7.6828,7.6828,7.4971,7.6068,1579448,0
1995-04-07,7.4971,7.6068,7.4971,7.5562,1645929,0
1995-04-10,7.5395,7.6068,7.5395,7.6068,361170,0
1995-04-11,7.6068,7.6068,7.4971,7.5734,866089,0
1995-04-12,7.5734,7.5734,7.4971,7.5479,1255409,0
1995-04-13,7.5734,7.6068,7.4971,7.5734,1528534,0
1995-04-17,7.6068,7.6068,7.5734,7.6068,1294344,0
1995-04-18,7.6068,7.6068,7.5734,7.5734,971508,0
1995-04-19,7.6068,7.649,7.5734,7.6238,424660,0
1995-04-20,7.6828,7.6828,7.5734,7.5905,2240691,0
1995-04-21,7.649,7.649,7.3873,7.421,1466842,0
1995-04-24,7.4633,7.4633,7.3533,7.3533,948145,0
1995-04-25,7.3533,7.421,7.2012,7.2773,1264993,0
1995-04-26,7.2012,7.3113,7.1675,7.2773,1086505,0
1995-04-27,7.3113,7.3113,7.0913,7.1675,1736969,0
1995-04-28,7.1675,7.1675,7.0578,7.1084,3793782,0
1995-05-01,7.1675,7.2432,7.0578,7.2432,3636856,0
1995-05-02,7.3113,7.3873,7.3113,7.3533,1766320,0
1995-05-03,7.3873,7.3873,7.1675,7.1844,1339863,0
1995-05-04,7.2012,7.2432,7.1675,7.1675,2285614,0
1995-05-05,7.2432,7.3113,7.2012,7.2773,201848,0
1995-05-08,7.3113,7.4464,7.2773,7.3533,988875,0
1995-05-09,7.4971,7.5395,7.421,7.4971,353983,0
1995-05-10,7.421,7.5395,7.421,7.5226,286897,0
1995-05-11,7.5395,7.5734,7.4633,7.5395,1405148,0
1995-05-12,7.5395,7.5734,7.4971,7.5395,634294,0
1995-05-15,7.5395,7.5734,7.4971,7.4971,356376,0
1995-05-16,7.5395,7.5905,7.4971,7.5395,340208,0
1995-05-17,7.5395,7.5905,7.4971,7.5905,521689,0
1995-05-18,7.5395,7.5734,7.4803,7.5562,522888,0
1995-05-19,7.514,7.6068,7.4803,7.5395,600753,0
1995-05-22,7.6068,7.759,7.5395,7.7168,950539,0
1995-05-23,7.759,7.7929,7.6828,7.7929,782238,0
1995-05-24,7.8351,7.945,7.7929,7.903,1490199,0
1995-05-25,7.945,7.945,7.8351,7.8692,276120,0
1995-05-26,7.945,7.945,7.8351,7.9197,112606,0
1995-05-30,7.8692,7.945,7.8351,7.903,486353,0
1995-05-31,7.903,7.945,7.8351,7.8692,492937,0
1995-06-01,7.945,7.979,7.8692,7.979,282703,0
1995-06-02,7.903,8.1984,7.903,8.1395,1038585,0
1995-06-05,8.1227,8.1984,8.1227,8.1648,475568,0
1995-06-06,8.0887,8.1816,8.0887,8.1648,994865,0
1995-06-07,8.1984,8.1984,8.0887,8.1648,368355,0
1995-06-08,8.1648,8.1984,8.0551,8.0551,280310,0
1995-06-09,8.0551,8.1227,7.7929,7.903,682207,0
1995-06-12,7.903,7.979,7.8692,7.945,329424,0
1995-06-13,7.9958,8.0551,7.945,8.0551,222212,0
1995-06-14,7.979,8.1648,7.979,8.0887,685203,0
1995-06-15,8.0887,8.1984,8.0887,8.1227,521090,0
1995-06-16,8.1227,8.1648,8.0887,8.1648,227002,0
1995-06-19,8.1984,8.2408,8.1227,8.2408,219816,0
1995-06-20,8.1648,8.2747,8.1648,8.2747,130570,0
1995-06-21,8.1984,8.4606,8.1984,8.4606,736116,0
1995-06-22,8.4183,8.4946,8.385,8.4439,586976,0
1995-06-23,8.385,8.5366,8.385,8.4776,354578,0
1995-06-26,8.4183,8.4946,8.3506,8.4183,501327,0
1995-06-27,8.4183,8.4776,8.3506,8.4606,602548,0
1995-06-28,8.5285,8.5285,8.4354,8.4776,316850,0
1995-06-29,8.4776,8.4776,8.4354,8.4354,189270,0
1995-06-30,8.4776,8.4776,8.3592,8.3592,428249,0
1995-07-03,8.3592,8.4354,8.3254,8.385,117394,0
1995-07-05,8.4354,8.4439,8.3592,8.4439,658851,0
1995-07-06,8.4014,8.4776,8.4014,8.4776,181481,0
1995-07-07,8.4014,8.5113,8.4014,8.5113,323437,0
1995-07-10,8.5113,8.5113,8.4354,8.5113,156327,0
1995-07-11,8.4354,8.5113,8.4014,8.4522,516299,0
1995-07-12,8.4014,8.5113,8.4014,8.4183,615127,0
1995-07-13,8.4014,8.5113,8.4014,8.4776,815775,0
1995-07-14,8.4014,8.5113,8.4014,8.5113,648072,0
1995-07-17,8.5113,8.5113,8.4354,8.4354,579787,0
1995-07-18,8.4354,8.5113,8.4014,8.4014,256351,0
1995-07-19,8.3592,8.4776,8.3592,8.4014,193461,0
1995-07-20,8.4354,8.4776,8.3592,8.3592,171900,0
1995-07-21,8.4354,8.4776,8.4014,8.4014,178491,0
1995-07-24,8.4776,8.5113,8.4014,8.4014,845122,0
1995-07-25,8.4014,8.5113,8.4014,8.4354,487549,0
1995-07-26,8.4776,8.4776,8.4014,8.4183,596559,0
1995-07-27,8.4776,8.4776,8.4014,8.4354,259946,0
1995-07-28,8.4014,8.4776,8.4014,8.4776,280911,0
1995-07-31,8.4014,8.4776,8.4014,8.4776,226406,0
1995-08-01,8.4014,8.4776,8.3254,8.3338,395908,0
1995-08-02,8.3254,8.385,8.2493,8.2917,1069136,0
1995-08-03,8.2325,8.2917,8.1395,8.1395,1037390,0
1995-08-04,8.1565,8.1984,8.1395,8.1395,210832,0
1995-08-07,8.1984,8.1984,8.1395,8.1565,227002,0
1995-08-08,8.1733,8.1733,8.1395,8.1395,322237,0
1995-08-09,8.1395,8.1733,8.106,8.1227,164112,0
1995-08-10,8.106,8.1733,8.106,8.1733,1010435,0
1995-08-11,8.106,8.1733,8.106,8.1733,213828,0
1995-08-14,8.106,8.1733,8.106,8.1648,333017,0
1995-08-15,8.1733,8.1733,8.106,8.106,350988,0
1995-08-16,8.1733,8.1733,8.106,8.106,183279,0
1995-08-17,8.1733,8.2493,8.106,8.2493,1148795,0
1995-08-18,8.1733,8.2493,8.1733,8.1733,140754,0
1995-08-21,8.2156,8.4014,8.2156,8.385,1109267,0
1995-08-22,8.385,8.4014,8.3254,8.3592,660649,0
1995-08-23,8.3254,8.4014,8.2917,8.2917,314450,0
1995-08-24,8.2493,8.3254,8.2493,8.2493,143750,0
1995-08-25,8.3254,8.3254,8.2493,8.3254,126976,0
1995-08-28,8.2493,8.3592,8.2493,8.2917,228800,0
1995-08-29,8.2917,8.3592,8.2917,8.3423,137761,0
1995-08-30,8.3592,8.3592,8.2917,8.3592,165315,0
1995-08-31,8.3592,8.3592,8.2917,8.3592,176689,0
1995-09-01,8.2917,8.4014,8.2917,8.385,515701,0
1995-09-05,8.3254,8.4776,8.3254,8.4014,546250,0
1995-09-06,8.4014,8.5113,8.4014,8.4099,341403,0
1995-09-07,8.5113,8.5113,8.4014,8.4776,259348,0
1995-09-08,8.4776,8.4776,8.3592,8.4776,172497,0
1995-09-11,8.3592,8.5113,8.2917,8.3338,670229,0
1995-09-12,8.3254,8.3592,8.2917,8.3592,276717,0
1995-09-13,8.3592,8.3592,8.2917,8.3087,328825,0
1995-09-14,8.3592,8.5874,8.3254,8.5874,586976,0
1995-09-15,8.5453,8.5874,8.4776,8.5874,426456,0
1995-09-18,8.4776,8.5113,8.4354,8.4776,343802,0
1995-09-19,8.4776,8.5874,8.4354,8.5874,1210485,0
1995-09-20,8.5113,8.6213,8.5113,8.5453,744498,0
1995-09-21,8.6213,8.6636,8.5453,8.6636,301873,0
1995-09-22,8.6213,8.6636,8.5453,8.6213,400701,0
1995-09-25,8.5874,8.6636,8.5874,8.6636,246771,0
1995-09-26,8.6636,8.6636,8.5874,8.5874,186275,0
1995-09-27,8.6046,8.6976,8.5621,8.638,633689,0
1995-09-28,8.638,8.638,8.5621,8.6046,476167,0
1995-09-29,8.5621,8.6046,8.5621,8.5789,211432,0
1995-10-02,8.5621,8.6046,8.4861,8.5031,465988,0
1995-10-03,8.5285,8.5285,8.4522,8.5285,153932,0
1995-10-04,8.5285,8.5453,8.4691,8.4691,101223,0
1995-10-05,8.5621,9.0103,8.5285,8.9773,2393425,0
1995-10-06,9.0103,9.1967,8.9773,9.0697,1772909,0
1995-10-09,9.0697,9.0697,8.9341,9.0103,324633,0
1995-10-10,8.9341,8.9923,8.9004,8.9341,214424,0
1995-10-11,9.0103,9.145,8.9004,9.087,1177548,0
1995-10-12,9.087,9.163,9.0517,9.163,746896,0
1995-10-13,9.12,9.425,9.12,9.425,1808246,0
1995-10-16,9.425,9.796,9.3491,9.796,1916055,0
1995-10-17,9.685,9.837,9.645,9.762,1699836,0
1995-10-18,9.796,9.905,9.72,9.781,1834000,0
1995-10-19,9.837,9.837,9.685,9.704,489347,0
1995-10-20,9.685,9.762,9.645,9.72,634891,0
1995-10-23,9.72,9.796,9.578,9.72,1433301,0
1995-10-24,9.796,9.837,9.72,9.781,978692,0
1995-10-25,9.72,9.837,9.645,9.796,1659104,0
1995-10-26,9.762,9.796,9.611,9.704,1500981,0
1995-10-27,9.611,10.136,9.611,10.074,2913318,0
1995-10-30,10.058,10.11,9.949,10.023,951142,0
1995-10-31,9.949,10.092,9.837,10.058,1458455,0
1995-11-01,10.092,10.321,10.023,10.15,2605452,0
1995-11-02,10.169,10.244,10.136,10.169,1736370,0
1995-11-03,10.136,10.244,10.092,10.15,815775,0
1995-11-06,10.092,10.286,10.092,10.244,911010,0
1995-11-07,10.169,10.244,10.136,10.208,887650,0
1995-11-08,10.169,10.506,10.169,10.43,1732778,0
1995-11-09,10.473,10.506,10.354,10.43,704373,0
1995-11-10,10.354,10.473,10.321,10.43,517496,0
1995-11-13,10.395,10.473,10.321,10.329,636687,0
1995-11-14,10.321,10.395,10.244,10.346,751089,0
1995-11-15,10.321,10.456,10.321,10.354,707365,0
1995-11-16,10.43,10.506,10.321,10.473,1063143,0
1995-11-17,10.43,10.506,10.395,10.506,871478,0
1995-11-20,10.506,10.658,10.395,10.581,836741,0
1995-11-21,10.658,10.693,10.581,10.658,576193,0
1995-11-22,10.581,10.658,10.549,10.557,339606,0
1995-11-24,10.581,10.581,10.506,10.565,65888,0
1995-11-27,10.565,10.581,10.506,10.549,279113,0
1995-11-28,10.506,10.581,10.395,10.413,604944,0
1995-11-29,10.395,10.473,10.321,10.43,381535,0
1995-11-30,10.321,10.936,10.321,10.936,3600919,0
1995-12-01,10.92,11.074,10.735,10.88,1592022,0
1995-12-04,10.767,11.259,10.767,11.234,2052618,0
1995-12-05,11.291,11.401,11.03,11.217,2274833,0
1995-12-06,11.217,11.442,11.141,11.307,1344656,0
1995-12-07,11.291,11.291,11.182,11.291,633095,0
1995-12-08,11.182,11.291,10.997,10.997,1424912,0
1995-12-11,11.047,11.074,10.845,10.845,904424,0
1995-12-12,10.845,11.259,10.845,11.182,2266446,0
1995-12-13,11.217,11.217,11.03,11.141,941558,0
1995-12-14,11.141,11.141,10.88,10.88,937965,0
1995-12-15,10.88,10.92,10.767,10.845,858903,0
1995-12-18,10.767,10.767,10.581,10.641,358777,0
1995-12-19,10.581,11.105,10.565,10.997,3025922,0
1995-12-20,11.03,11.03,10.845,10.845,1264392,0
1995-12-21,10.92,10.92,10.845,10.92,135963,0
1995-12-22,10.845,10.997,10.845,10.953,1765719,0
1995-12-26,10.953,10.953,10.845,10.92,922989,0
1995-12-27,10.98,10.98,10.793,10.903,379736,0
1995-12-28,10.793,11.056,10.793,10.828,1203900,0
1995-12-29,10.903,11.013,10.828,11.013,581585,0
1996-01-02,10.98,10.98,10.828,10.887,903227,0
1996-01-03,10.936,10.936,10.793,10.861,681609,0
1996-01-04,10.828,10.828,10.565,10.565,738512,0
1996-01-05,10.524,10.581,10.446,10.524,670833,0
1996-01-08,10.473,10.565,10.473,10.565,258149,0
1996-01-09,10.491,10.565,10.15,10.227,903227,0
1996-01-10,10.074,10.186,10.04,10.04,1354836,0
1996-01-11,10.04,10.11,9.999,10.074,636090,0
1996-01-12,10.11,10.11,9.846,9.923,1926240,0
1996-01-15,9.999,10.074,9.923,9.983,2253270,0
1996-01-16,10.092,10.092,9.814,9.872,903227,0
1996-01-17,9.923,10.321,9.872,10.321,1020622,0
1996-01-18,10.321,10.598,10.208,10.573,1050168,0
1996-01-19,10.549,10.549,10.43,10.549,218017,0
1996-01-22,10.549,10.658,10.378,10.549,776244,0
1996-01-23,10.43,10.549,10.208,10.261,1450269,0
1996-01-24,10.321,10.491,10.208,10.43,740309,0
1996-01-25,10.321,10.43,10.321,10.346,261546,0
1996-01-26,10.261,10.549,10.261,10.491,491943,0
1996-01-29,10.43,10.549,10.261,10.491,628504,0
1996-01-30,10.549,10.549,10.378,10.514,297482,0
1996-01-31,10.549,10.767,10.43,10.675,727929,0
1996-02-01,10.632,10.718,10.549,10.632,343802,0
1996-02-02,10.658,10.658,10.491,10.514,663242,0
1996-02-05,10.658,10.658,10.43,10.658,289898,0
1996-02-06,10.598,10.658,10.549,10.549,414078,0
1996-02-07,10.549,10.658,10.491,10.491,172497,0
1996-02-08,10.598,10.658,10.491,10.598,1334871,0
1996-02-09,10.718,10.887,10.598,10.828,1148396,0
1996-02-12,10.767,11.056,10.767,11.056,1024614,0
1996-02-13,10.936,11.163,10.887,11.105,519895,0
1996-02-14,10.997,11.105,10.997,11.08,593765,0
1996-02-15,10.997,11.227,10.997,11.227,483557,0
1996-02-16,11.227,11.274,11.105,11.105,306666,0
1996-02-20,11.056,11.163,11.056,11.105,479164,0
1996-02-21,11.163,11.163,11.056,11.056,233196,0
1996-02-22,11.163,11.163,11.056,11.08,300673,0
1996-02-23,11.274,11.274,11.056,11.227,765064,0
1996-02-26,11.163,11.562,11.163,11.506,817374,0
1996-02-27,11.612,11.612,11.274,11.274,452811,0
1996-02-28,11.394,11.562,11.274,11.562,377341,0
1996-02-29,11.506,11.562,11.362,11.562,265934,0
1996-03-01,11.562,11.612,11.394,11.506,489547,0
1996-03-04,12.071,12.348,12.008,12.178,3146513,0
1996-03-05,12.178,12.578,12.123,12.435,1656709,0
1996-03-06,12.407,12.855,12.292,12.703,3111375,0
1996-03-07,12.747,13.338,12.662,13.226,27486452,0
1996-03-08,12.772,12.974,12.628,12.772,4975320,0
1996-03-11,12.628,12.772,12.578,12.712,2726442,0
1996-03-12,12.662,12.686,12.516,12.662,2717256,0
1996-03-13,12.662,12.83,12.662,12.686,1324890,0
1996-03-14,12.662,12.712,12.628,12.628,984278,0
1996-03-15,12.662,12.686,12.578,12.604,1580044,0
1996-03-18,12.578,12.628,12.578,12.604,1058152,0
1996-03-19,12.578,12.797,12.578,12.712,821366,0
1996-03-20,12.686,12.797,12.686,12.772,947149,0
1996-03-21,12.747,13.024,12.747,12.855,719541,0
1996-03-22,12.855,13.085,12.855,13.085,703972,0
1996-03-25,13.024,13.252,13.024,13.196,1153589,0
1996-03-26,13.196,13.422,13.144,13.355,2717256,0
1996-03-27,13.364,13.456,13.252,13.252,1018223,0
1996-03-28,13.196,13.313,13.144,13.168,971105,0
1996-03-29,13.144,13.422,13.108,13.144,1274178,0
1996-04-01,13.085,13.168,12.974,13.144,667634,0
1996-04-02,13.085,13.144,12.974,12.974,480361,0
1996-04-03,12.855,12.915,12.855,12.891,491144,0
1996-04-04,12.891,13.06,12.855,12.915,1173552,0
1996-04-08,12.747,12.915,12.578,12.872,1498187,0
1996-04-09,13.024,13.024,12.83,12.915,446021,0
1996-04-10,12.915,12.974,12.628,12.644,1321294,0
1996-04-11,12.628,12.747,12.516,12.686,2127086,0
1996-04-12,12.578,12.915,12.578,12.83,834942,0
1996-04-15,12.797,12.855,12.686,12.747,479964,0
1996-04-16,12.855,12.855,12.407,12.578,746696,0
1996-04-17,12.578,12.628,12.459,12.578,617724,0
1996-04-18,12.628,12.628,12.516,12.578,1419926,0
1996-04-19,12.604,12.628,12.542,12.542,1270585,0
1996-04-22,12.747,12.747,12.578,12.578,352184,0
1996-04-23,12.628,12.628,12.459,12.516,730727,0
1996-04-24,12.491,12.578,12.491,12.491,343401,0
1996-04-25,12.491,12.604,12.491,12.578,635290,0
1996-04-26,12.516,12.628,12.516,12.516,1167165,0
1996-04-29,12.516,12.578,12.516,12.578,467984,0
1996-04-30,12.516,12.578,12.459,12.516,3190834,0
1996-05-01,12.516,12.516,12.292,12.348,747094,0
1996-05-02,12.292,12.348,12.008,12.178,1386780,0
1996-05-03,12.062,12.232,12.062,12.062,816577,0
1996-05-06,12.106,12.178,11.782,11.808,715553,0
1996-05-07,11.782,11.842,11.723,11.748,798210,0
1996-05-08,11.782,11.842,11.698,11.842,1591220,0
1996-05-09,11.782,11.891,11.782,11.891,856906,0
1996-05-10,11.866,12.232,11.866,12.123,746696,0
1996-05-13,12.178,12.232,12.123,12.187,347794,0
1996-05-14,12.265,12.516,12.178,12.292,1213882,0
1996-05-15,12.459,12.459,12.144,12.178,856906,0
1996-05-16,12.123,12.178,12.008,12.178,313053,0
1996-05-17,12.144,12.232,12.144,12.232,844924,0
1996-05-20,12.123,12.292,12.123,12.249,833347,0
1996-05-21,12.292,12.407,12.178,12.33,668432,0
1996-05-22,12.292,12.459,12.292,12.459,337811,0
1996-05-23,12.348,12.516,12.348,12.459,411282,0
1996-05-24,12.348,12.516,12.348,12.407,383730,0
1996-05-28,12.407,12.459,12.292,12.292,618921,0
1996-05-29,12.407,12.459,12.292,12.407,569406,0
1996-05-30,12.292,12.407,12.292,12.321,825362,0
1996-05-31,12.292,12.348,12.292,12.348,363762,0
1996-06-03,12.292,12.542,12.292,12.542,794215,0
1996-06-04,12.516,12.578,12.459,12.491,650463,0
1996-06-05,12.516,12.516,12.407,12.407,797013,0
1996-06-06,12.348,12.459,12.348,12.407,582982,0
1996-06-07,12.348,12.348,12.232,12.348,465988,0
1996-06-10,12.232,12.407,12.232,12.407,250366,0
1996-06-11,12.292,12.407,12.292,12.348,596159,0
1996-06-12,12.407,12.407,12.292,12.407,852912,0
1996-06-13,12.292,12.407,12.178,12.178,1120448,0
1996-06-14,12.178,12.232,12.178,12.232,1495391,0
1996-06-17,12.178,12.348,12.178,12.292,658851,0
1996-06-18,12.348,12.348,12.062,12.098,650067,0
1996-06-19,12.008,12.062,11.612,11.782,579390,0
1996-06-20,11.782,11.782,11.217,11.387,2467296,0
1996-06-21,11.41,11.442,11.274,11.362,1877526,0
1996-06-24,11.41,12.062,11.326,12.062,1666694,0
1996-06-25,12.062,12.578,12.008,12.578,1602004,0
1996-06-26,12.459,12.747,12.459,12.637,1159180,0
1996-06-27,12.516,12.604,12.321,12.459,1049370,0
1996-06-28,12.407,12.516,12.242,12.292,461992,0
1996-07-01,12.242,12.348,12.178,12.292,262341,0
1996-07-02,12.178,12.242,12.098,12.242,355382,0
1996-07-03,12.123,12.242,11.833,11.977,919596,0
1996-07-05,11.833,11.833,11.497,11.497,313454,0
1996-07-08,11.497,11.638,11.387,11.605,654460,0
1996-07-09,11.605,11.723,11.554,11.665,645674,0
1996-07-10,11.665,11.665,11.497,11.52,374547,0
1996-07-11,11.554,11.554,11.387,11.497,838935,0
1996-07-12,11.554,12.062,11.434,12.008,1336866,0
1996-07-15,12.242,12.242,11.605,11.665,597759,0
1996-07-16,11.665,11.723,11.326,11.434,1457456,0
1996-07-17,11.605,11.833,11.554,11.698,795412,0
1996-07-18,11.698,12.008,11.665,12.008,742703,0
1996-07-19,11.918,11.954,11.554,11.554,442829,0
1996-07-22,11.665,11.665,11.434,11.605,477167,0
1996-07-23,11.497,11.723,11.497,11.579,428450,0
1996-07-24,11.554,11.782,11.434,11.723,409284,0
1996-07-25,11.782,11.891,11.605,11.748,331021,0
1996-07-26,11.665,11.833,11.665,11.782,331021,0
1996-07-29,11.723,11.954,11.723,11.808,577392,0
1996-07-30,11.833,11.891,11.554,11.723,343401,0
1996-07-31,11.605,11.833,11.554,11.782,390917,0
1996-08-01,11.833,11.954,11.723,11.891,452412,0
1996-08-02,11.954,12.348,11.891,12.348,579787,0
1996-08-05,12.292,12.407,12.242,12.292,327032,0
1996-08-06,12.178,12.348,12.178,12.321,216424,0
1996-08-07,12.292,12.407,12.062,12.178,426456,0
1996-08-08,12.062,12.242,12.062,12.062,57899,0
1996-08-09,12.242,12.292,12.062,12.242,209236,0
1996-08-12,12.178,12.407,12.178,12.407,253159,0
1996-08-13,12.292,12.407,12.178,12.242,189270,0
1996-08-14,12.123,12.242,12.062,12.123,400105,0
1996-08-15,12.123,12.292,12.062,12.178,366162,0
1996-08-16,12.178,12.578,12.123,12.578,636488,0
1996-08-19,12.459,12.747,12.459,12.459,549439,0
1996-08-20,12.407,12.578,12.348,12.459,257151,0
1996-08-21,12.407,12.407,12.178,12.292,398105,0
1996-08-22,12.242,12.407,12.242,12.348,287098,0
1996-08-23,12.348,12.348,12.178,12.178,178087,0
1996-08-26,12.178,12.348,12.123,12.178,202849,0
1996-08-27,12.123,12.242,12.123,12.242,241179,0
1996-08-28,12.123,12.348,12.123,12.265,227605,0
1996-08-29,12.292,12.292,12.123,12.123,422859,0
1996-08-30,12.123,12.242,12.035,12.062,325030,0
1996-09-03,12.008,12.008,11.833,12.008,462397,0
1996-09-04,11.918,12.123,11.918,12.008,533466,0
1996-09-05,12.008,12.008,11.891,11.918,170104,0
1996-09-06,11.833,12.062,11.833,11.954,799006,0
1996-09-09,11.954,12.348,11.954,12.348,536265,0
1996-09-10,12.242,12.407,12.062,12.178,768258,0
1996-09-11,12.178,12.292,12.062,12.292,188071,0
1996-09-12,12.178,12.348,12.178,12.292,533871,0
1996-09-13,12.292,12.407,12.178,12.348,470380,0
1996-09-16,12.242,12.459,12.242,12.407,373348,0
1996-09-17,12.348,12.435,12.242,12.321,263941,0
1996-09-18,12.407,12.516,12.407,12.459,916800,0
1996-09-19,12.407,12.578,12.407,12.516,780636,0
1996-09-20,12.578,12.604,12.459,12.578,1748549,0
1996-09-23,12.578,12.578,12.407,12.516,343004,0
1996-09-24,12.516,12.747,12.459,12.721,587373,0
1996-09-25,12.637,12.974,12.637,12.804,485955,0
1996-09-26,13.042,13.159,12.924,13.042,601748,0
1996-09-27,13.211,13.33,13.159,13.187,309059,0
1996-09-30,13.159,13.355,13.159,13.296,524686,0
1996-10-01,13.211,13.388,13.159,13.388,425653,0
1996-10-02,13.388,13.7,13.33,13.7,915601,0
1996-10-03,13.617,13.846,13.557,13.785,918799,0
1996-10-04,14.016,14.072,13.903,14.016,637690,0
1996-10-07,14.072,14.173,13.903,14.016,880465,0
1996-10-08,13.903,13.955,13.785,13.903,178491,0
1996-10-09,13.785,13.903,13.726,13.846,369754,0
1996-10-10,13.669,13.785,13.557,13.669,274321,0
1996-10-11,13.726,14.072,13.669,14.038,536265,0
1996-10-14,13.955,14.016,13.903,14.016,268332,0
1996-10-15,13.99,14.072,13.785,13.955,328627,0
1996-10-16,13.846,13.955,13.726,13.846,266735,0
1996-10-17,13.785,14.016,13.785,13.928,309059,0
1996-10-18,13.903,14.181,13.903,14.134,685999,0
1996-10-21,14.181,14.215,14.038,14.098,682808,0
1996-10-22,14.134,14.134,13.903,14.072,403298,0
1996-10-23,14.016,14.063,13.846,14.038,405292,0
1996-10-24,14.016,14.243,14.016,14.072,489547,0
1996-10-25,14.016,14.181,14.016,14.181,235190,0
1996-10-28,14.181,14.413,14.072,14.215,634096,0
1996-10-29,14.181,14.277,14.181,14.277,295883,0
1996-10-30,14.3,14.413,14.243,14.325,396907,0
1996-10-31,14.413,14.413,14.3,14.325,388920,0
1996-11-01,14.413,14.531,14.3,14.369,1222268,0
1996-11-04,14.36,14.413,14.3,14.386,347392,0
1996-11-05,14.468,14.758,14.386,14.7,491144,0
1996-11-06,14.758,14.878,14.646,14.878,1040584,0
1996-11-07,14.7,14.758,14.589,14.614,456003,0
1996-11-08,14.589,14.614,14.413,14.468,616127,0
1996-11-11,14.413,14.816,14.413,14.7,717946,0
1996-11-12,14.816,15.214,14.7,15.214,1037390,0
1996-11-13,15.249,15.416,15.214,15.332,840137,0
1996-11-14,15.332,15.501,15.272,15.416,365363,0
1996-11-15,15.501,15.561,15.105,15.332,636090,0
1996-11-18,15.272,15.383,15.043,15.249,462397,0
1996-11-19,15.272,15.561,15.155,15.527,398906,0
1996-11-20,15.561,16.127,15.442,16.019,1184333,0
1996-11-21,16.127,16.127,15.731,15.813,578988,0
1996-11-22,15.849,15.898,15.671,15.789,440430,0
1996-11-25,15.898,16.643,15.789,16.491,1161975,0
1996-11-26,16.414,16.929,16.27,16.87,1407542,0
1996-11-27,16.87,16.987,16.363,16.363,578988,0
1996-11-29,16.389,16.389,16.019,16.019,507515,0
1996-12-02,16.076,16.457,15.849,16.389,826557,0
1996-12-03,16.363,16.389,15.898,16.019,1134822,0
1996-12-04,15.898,15.957,15.383,15.561,865290,0
1996-12-05,15.561,15.619,14.925,15.13,1627560,0
1996-12-06,14.878,15.383,14.758,15.105,1931031,0
1996-12-09,15.214,15.332,14.878,15.069,1600809,0
1996-12-10,15.069,15.155,14.986,15.029,969904,0
1996-12-11,14.878,14.986,14.503,14.816,875669,0
1996-12-12,14.878,14.986,14.072,14.072,1474228,0
1996-12-13,13.903,14.589,13.785,14.531,1641933,0
1996-12-16,14.531,14.878,14.181,14.3,1222663,0
1996-12-17,14.134,14.468,14.072,14.468,797013,0
1996-12-18,14.468,14.646,14.181,14.243,1282559,0
1996-12-19,14.36,15.043,14.277,14.986,2339518,0
1996-12-20,15.249,15.332,14.986,15.029,1542908,0
1996-12-23,14.986,15.105,14.7,14.734,887650,0
1996-12-24,14.758,14.925,14.758,14.816,168110,0
1996-12-26,14.925,15.105,14.901,14.986,632895,0
1996-12-27,15.113,15.222,14.884,14.995,705568,0
1996-12-30,14.995,15.078,14.825,14.934,403699,0
1996-12-31,14.884,14.884,14.42,14.438,838935,0
1997-01-02,14.537,14.537,13.964,14.253,1259403,0
1997-01-03,14.334,14.537,14.307,14.537,1310113,0
1997-01-06,14.537,14.825,14.478,14.646,1119649,0
1997-01-07,14.646,14.708,14.36,14.537,600152,0
1997-01-08,14.478,14.708,14.478,14.646,494734,0
1997-01-09,14.646,14.708,14.537,14.646,249166,0
1997-01-10,14.478,14.646,14.253,14.639,644475,0
1997-01-13,14.597,14.825,14.597,14.825,674422,0
1997-01-14,14.934,15.282,14.884,15.139,931973,0
1997-01-15,15.078,15.172,14.97,15.029,473971,0
1997-01-16,15.113,15.113,14.825,14.884,634096,0
1997-01-17,14.934,15.746,14.884,15.687,2915715,0
1997-01-20,15.687,15.874,15.339,15.773,1146398,0
1997-01-21,15.796,16.178,15.687,16.145,778242,0
1997-01-22,16.145,16.515,16.059,16.515,1953395,0
1997-01-23,16.575,17.066,16.55,16.861,2620227,0
1997-01-24,16.777,17.124,16.752,16.987,2632208,0
1997-01-27,16.979,17.092,16.922,16.979,2165024,0
1997-01-28,17.005,17.414,17.005,17.292,1702231,0
1997-01-29,17.271,17.58,17.271,17.555,1734573,0
1997-01-30,17.523,17.726,17.468,17.7,927181,0
1997-01-31,17.638,17.868,17.638,17.784,2309573,0
1997-02-03,17.749,17.808,17.638,17.666,997858,0
1997-02-04,17.638,17.868,17.58,17.808,1057755,0
1997-02-05,17.808,18.07,17.808,18.011,1404350,0
1997-02-06,17.986,18.07,17.894,17.927,1335271,0
1997-02-07,17.894,18.037,17.894,18.011,785430,0
1997-02-10,18.011,18.525,17.953,18.383,2922103,0
1997-02-11,18.417,18.47,18.037,18.156,955929,0
1997-02-12,18.156,18.156,17.986,18.037,1253413,0
1997-02-13,18.037,18.671,18.037,18.614,2017678,0
1997-02-14,18.614,18.756,18.559,18.671,1365217,0
1997-02-18,18.614,18.983,18.614,18.959,1115255,0
1997-02-19,18.9,19.423,18.815,19.33,1756936,0
1997-02-20,19.245,19.245,18.959,19,1534521,0
1997-02-21,19.017,19.186,18.992,19.161,1073327,0
1997-02-24,19.077,19.28,19.017,19.143,777445,0
1997-02-25,19.223,19.423,19.135,19.245,889250,0
1997-02-26,19.245,19.305,19.101,19.223,1182738,0
1997-02-27,19.186,19.508,19.186,19.432,1617180,0
1997-02-28,19.28,19.28,19.161,19.161,1757335,0
1997-03-03,19.161,19.161,18.959,19.161,1511362,0
1997-03-04,19.135,19.186,18.933,18.959,1253413,0
1997-03-05,18.933,19.39,18.933,19.305,1430701,0
1997-03-06,19.33,19.475,19.186,19.305,598157,0
1997-03-07,19.245,19.906,19.245,19.736,1509766,0
1997-03-10,19.71,20.142,19.677,20.142,1002651,0
1997-03-11,20.169,20.571,20.05,20.335,1641537,0
1997-03-12,20.335,20.395,20.169,20.208,1173152,0
1997-03-13,20.194,20.224,19.39,19.475,1520547,0
1997-03-14,19.591,19.82,19.447,19.71,2333530,0
1997-03-17,19.591,19.736,19.423,19.677,1562874,0
1997-03-18,19.677,19.906,19.677,19.736,1505373,0
1997-03-19,19.677,19.736,19.161,19.365,1710216,0
1997-03-20,19.321,19.475,19.186,19.432,537465,0
1997-03-21,19.447,19.475,19.365,19.423,941558,0
1997-03-24,19.365,19.88,19.365,19.863,718746,0
1997-03-25,19.795,19.88,19.33,19.423,1086904,0
1997-03-26,19.373,19.457,19.026,19.143,1128028,0
1997-03-27,19.195,19.195,18.213,18.452,1133224,0
1997-03-31,18.512,18.512,17.756,17.876,1400356,0
1997-04-01,17.756,17.986,17.555,17.726,1413137,0
1997-04-02,17.674,17.674,17.436,17.496,1023416,0
1997-04-03,17.468,17.7,17.182,17.429,1113256,0
1997-04-04,17.271,17.388,17.124,17.243,1301328,0
1997-04-07,17.353,18.044,17.292,18.02,1138816,0
1997-04-08,17.927,18.274,17.7,18.07,769057,0
1997-04-09,18.187,18.274,17.7,17.726,981085,0
1997-04-10,17.7,17.7,17.292,17.353,980291,0
1997-04-11,17.243,17.243,16.55,16.659,1388778,0
1997-04-14,16.752,16.752,16.313,16.692,985478,0
1997-04-15,16.835,17.124,16.659,16.906,1136417,0
1997-04-16,16.861,16.861,16.55,16.659,920391,0
1997-04-17,16.659,16.922,16.457,16.659,1317303,0
1997-04-18,16.515,16.702,16.491,16.634,451210,0
1997-04-21,16.659,16.659,16.204,16.313,328229,0
1997-04-22,16.313,16.659,16.17,16.634,826158,0
1997-04-23,16.692,16.861,16.059,16.313,1264194,0
1997-04-24,16.313,16.491,16.118,16.204,1012630,0
1997-04-25,16.261,16.491,16.059,16.491,746696,0
1997-04-28,16.372,16.835,16.313,16.719,665242,0
1997-04-29,16.946,17.353,16.946,17.292,734318,0
1997-04-30,17.208,17.58,17.124,17.208,804197,0
1997-05-01,17.208,17.292,16.752,17.005,726731,0
1997-05-02,17.04,17.533,16.835,17.477,937164,0
1997-05-05,17.58,17.7,17.353,17.613,843327,0
1997-05-06,17.58,18.044,17.496,17.927,1212684,0
1997-05-07,17.876,18.106,17.58,17.58,878468,0
1997-05-08,17.555,17.876,17.414,17.674,670431,0
1997-05-09,17.638,17.842,17.468,17.613,657251,0
1997-05-12,17.674,18.25,17.58,18.213,960725,0
1997-05-13,18.274,18.417,18.044,18.106,783035,0
1997-05-14,18.213,18.417,18.164,18.393,642479,0
1997-05-15,18.365,18.477,18.07,18.132,539460,0
1997-05-16,17.986,18.187,17.927,18.004,561022,0
1997-05-19,18.106,18.187,17.962,18.106,302674,0
1997-05-20,18.02,18.274,17.756,18.213,853714,0
1997-05-21,18.332,18.332,17.842,17.962,807391,0
1997-05-22,17.876,17.962,17.533,17.638,792216,0
1997-05-23,17.7,17.927,17.414,17.927,866089,0
1997-05-27,17.816,17.901,17.613,17.756,706765,0
1997-05-28,17.756,17.816,17.468,17.7,789420,0
1997-05-29,17.674,17.7,17.496,17.638,481960,0
1997-05-30,17.533,17.886,17.496,17.816,512307,0
1997-06-02,17.927,17.986,17.638,17.674,397705,0
1997-06-03,17.7,18.187,17.58,18.106,744701,0
1997-06-04,18.044,18.187,17.876,18.124,972703,0
1997-06-05,18.132,18.309,17.927,17.927,461992,0
1997-06-06,17.986,18.274,17.901,18.106,541856,0
1997-06-09,18.106,18.332,18.106,18.266,673225,0
1997-06-10,18.25,18.621,18.213,18.452,911610,0
1997-06-11,18.535,18.703,18.318,18.559,588971,0
1997-06-12,18.596,18.839,18.535,18.655,1252214,0
1997-06-13,18.68,18.941,18.621,18.941,944753,0
1997-06-16,18.881,19.214,18.881,19.143,609335,0
1997-06-17,19.086,19.23,18.941,19.069,1312512,0
1997-06-18,19.026,19.252,19.026,19.17,576991,0
1997-06-19,19.195,19.719,19.143,19.635,1073729,0
1997-06-20,19.661,19.744,19.432,19.542,1056155,0
1997-06-23,19.542,19.542,18.857,18.881,657251,0
1997-06-24,19.026,19.143,18.68,19.094,907217,0
1997-06-25,19.052,19.109,18.621,18.764,577392,0
1997-06-26,18.815,18.839,18.577,18.655,517496,0
1997-06-27,18.756,18.874,18.577,18.695,338607,0
1997-06-30,18.782,19.045,18.695,19,1166764,0
1997-07-01,19.017,19.186,18.933,19.135,844127,0
1997-07-02,19.161,19.736,19.101,19.71,1026608,0
1997-07-03,19.795,20.32,19.795,20.233,1350446,0
1997-07-07,20.177,20.44,20.059,20.202,1250218,0
1997-07-08,20.032,20.44,19.999,20.421,1194318,0
1997-07-09,20.377,20.495,20.202,20.344,1098484,0
1997-07-10,20.202,20.344,20.142,20.261,624114,0
1997-07-11,20.261,20.641,20.261,20.344,614129,0
1997-07-14,20.495,20.608,20.32,20.447,614523,0
1997-07-15,20.522,21.19,20.404,21.19,2722052,0
1997-07-16,21.62,21.662,21.19,21.358,890448,0
1997-07-17,21.451,21.451,20.97,21.157,676153,0
1997-07-18,21.358,21.358,21.056,21.19,1228524,0
1997-07-21,21.095,21.451,21.056,21.265,480499,0
1997-07-22,21.427,21.427,21.056,21.19,481825,0
1997-07-23,21.19,21.358,21.095,21.206,378804,0
1997-07-24,21.232,21.596,21.15,21.536,391582,0
1997-07-25,21.596,21.662,21.274,21.451,297349,0
1997-07-28,21.384,21.884,21.232,21.797,352184,0
1997-07-29,21.884,21.884,21.402,21.749,552905,0
1997-07-30,21.705,22.231,21.705,22.162,581388,0
1997-07-31,22.231,22.27,21.749,21.95,466652,0
1997-08-01,21.966,21.966,21.232,21.468,769057,0
1997-08-04,21.495,21.495,21.19,21.427,288031,0
1997-08-05,21.536,22.053,21.402,21.815,397174,0
1997-08-06,21.966,22.466,21.705,22.297,552635,0
1997-08-07,22.493,22.577,21.797,21.839,610668,0
1997-08-08,21.839,21.839,21.056,21.274,546778,0
1997-08-11,21.451,21.925,21.19,21.797,603214,0
1997-08-12,22.011,22.144,21.19,21.19,549176,0
1997-08-13,21.451,21.62,21.15,21.232,751224,0
1997-08-14,21.232,21.62,21.19,21.402,369488,0
1997-08-15,21.274,21.62,21.15,21.174,828421,0
1997-08-18,21.167,21.317,20.97,21.274,859835,0
1997-08-19,21.358,21.578,21.232,21.434,499927,0
1997-08-20,21.232,21.536,21.19,21.511,565676,0
1997-08-21,21.536,21.536,20.97,21.056,454672,0
1997-08-22,20.843,20.886,20.36,20.75,519096,0
1997-08-25,20.926,20.926,20.581,20.624,366828,0
1997-08-26,20.495,20.708,20.404,20.495,464256,0
1997-08-27,20.665,20.926,20.32,20.886,468247,0
1997-08-28,20.793,20.793,20.404,20.47,562485,0
1997-08-29,20.447,20.495,20.233,20.32,545448,0
1997-09-02,20.233,21.402,20.233,21.393,647937,0
1997-09-03,21.358,21.797,21.358,21.495,676685,0
1997-09-04,21.451,21.62,21.358,21.578,352986,0
1997-09-05,21.705,21.705,21.402,21.536,418204,0
1997-09-08,21.578,21.839,21.495,21.797,360436,0
1997-09-09,21.705,22.493,21.662,22.206,812453,0
1997-09-10,22.188,22.188,21.797,21.884,327161,0
1997-09-11,21.689,21.839,21.511,21.662,489014,0
1997-09-12,21.705,21.925,21.511,21.839,317580,0
1997-09-15,21.749,22.011,21.749,21.966,246235,0
1997-09-16,21.966,22.618,21.966,22.533,1008908,0
1997-09-17,22.577,23.101,22.406,22.754,828153,0
1997-09-18,22.66,22.925,22.577,22.685,575793,0
1997-09-19,22.533,22.963,22.533,22.6,1151858,0
1997-09-22,22.66,23.058,22.618,22.702,528943,0
1997-09-23,22.533,22.702,22.406,22.508,512174,0
1997-09-24,22.406,22.618,22.406,22.466,493007,0
1997-09-25,22.358,22.533,21.966,22.188,376943,0
1997-09-26,22.221,22.694,22.221,22.694,477301,0
1997-09-29,22.524,22.694,22.39,22.635,384929,0
1997-09-30,22.694,23.093,22.542,22.789,1118049,0
1997-10-01,22.694,23.218,22.694,23.175,440833,0
1997-10-02,23.218,23.7,23.007,23.55,665505,0
1997-10-03,23.742,23.962,23.049,23.439,901894,0
1997-10-06,23.352,24.005,23.352,23.657,710492,0
1997-10-07,23.616,24.046,23.616,23.996,456003,0
1997-10-08,24.005,24.005,23.261,23.522,565947,0
1997-10-09,23.311,23.7,23.022,23.505,409417,0
1997-10-10,23.352,23.522,23.007,23.049,334619,0
1997-10-13,23.175,23.218,22.871,23.084,285634,0
1997-10-14,23.133,23.479,23.093,23.133,460263,0
1997-10-15,23.093,23.479,23.049,23.412,471976,0
1997-10-16,23.522,24.046,23.352,23.352,646338,0
1997-10-17,23.396,23.439,22.441,22.694,802603,0
1997-10-20,22.789,23.133,22.484,23.015,439234,0
1997-10-21,22.958,23.616,22.958,23.557,668432,0
1997-10-22,23.479,23.674,23.352,23.464,465053,0
1997-10-23,23.396,23.396,22.39,23.218,774116,0
1997-10-24,23.479,23.522,23.049,23.352,475174,0
1997-10-27,23.175,23.412,22.652,22.676,706765,0
1997-10-28,22.39,22.694,21.477,22.652,1712211,0
1997-10-29,22.941,23.439,22.652,23.022,1155852,0
1997-10-30,22.694,23.218,22.569,22.829,742173,0
1997-10-31,23.049,23.175,22.262,22.348,1282028,0
1997-11-03,22.652,22.958,22.524,22.685,846524,0
1997-11-04,22.789,23.093,22.609,22.745,929047,0
1997-11-05,22.609,23.311,22.609,23.049,555830,0
1997-11-06,23.049,23.439,22.789,23.093,666301,0
1997-11-07,22.916,23.133,22.569,22.745,520427,0
1997-11-10,22.652,23.175,22.652,22.837,329821,0
1997-11-11,22.897,23.175,22.694,22.958,450949,0
1997-11-12,22.829,23.007,22.441,22.5,260346,0
1997-11-13,22.609,22.694,22.084,22.524,379868,0
1997-11-14,22.569,23.133,22.569,23.007,622118,0
1997-11-17,23.352,23.742,23.093,23.479,486084,0
1997-11-18,23.396,24.046,23.396,23.616,546514,0
1997-11-19,23.784,23.921,23.479,23.877,371086,0
1997-11-20,24.046,24.747,23.877,24.657,852114,0
1997-11-21,24.657,24.79,24.224,24.442,608807,0
1997-11-24,24.224,24.57,23.962,24.046,479164,0
1997-11-25,24.183,24.657,23.962,24.308,468514,0
1997-11-26,24.486,24.707,24.35,24.35,458401,0
1997-11-28,24.53,24.57,24.35,24.57,107279,0
1997-12-01,24.611,25.703,24.393,25.425,722743,0
1997-12-02,25.525,26.187,25.525,25.703,995862,0
1997-12-03,25.789,26.599,25.703,26.312,806061,0
1997-12-04,26.489,26.92,26.489,26.617,784763,0
1997-12-05,26.489,27.361,26.312,27.14,927716,0
1997-12-08,27.097,27.925,27.097,27.621,1034196,0
1997-12-09,27.444,27.966,27.317,27.775,683869,0
1997-12-10,27.58,27.966,27.58,27.807,736050,0
1997-12-11,27.444,28.104,27.274,27.894,896833,0
1997-12-12,27.885,28.104,27.621,27.966,600821,0
1997-12-15,27.966,28.881,27.885,28.798,720877,0
1997-12-16,28.837,29.102,27.748,27.841,651132,0
1997-12-17,27.8,28.367,27.8,28.231,1003052,0
1997-12-18,28.314,28.45,27.748,27.815,660982,0
1997-12-19,27.361,28.189,27.057,27.621,1198972,0
1997-12-22,27.707,28.144,27.538,28.045,1095423,0
1997-12-23,27.885,28.144,27.707,27.707,718213,0
1997-12-24,27.663,27.841,27.444,27.444,767729,0
1997-12-26,27.444,27.621,27.444,27.444,297880,0
1997-12-29,27.571,28.358,27.571,28.265,974037,0
1997-12-30,28.223,28.525,28.045,28.223,654593,0
1997-12-31,28.305,28.747,28.002,28.569,652464,0
1998-01-02,28.441,28.484,27.918,28.484,787160,0
1998-01-05,28.305,29.094,28.305,28.924,924520,0
1998-01-06,28.661,28.968,28.4,28.881,1288153,0
1998-01-07,28.702,28.83,27.96,28.265,690261,0
1998-01-08,27.918,28.136,27.782,27.96,574463,0
1998-01-09,27.918,28.136,27.521,27.612,1096222,0
1998-01-12,27.571,27.918,27.089,27.612,1023813,0
1998-01-13,27.782,28.4,27.782,28.136,555298,0
1998-01-14,28.096,28.096,26.43,26.565,2147453,0
1998-01-15,26.828,26.828,25.95,26.497,1857028,0
1998-01-16,26.828,26.997,26.565,26.828,1366684,0
1998-01-20,27.089,27.257,26.733,27.089,1341660,0
1998-01-21,27.089,27.521,26.828,27.216,1140411,0
1998-01-22,27.216,27.393,26.997,27.257,764268,0
1998-01-23,27.131,27.216,26.565,26.608,612799,0
1998-01-26,26.912,26.912,26.522,26.565,690261,0
1998-01-27,26.608,27.257,26.565,27.2,1060286,0
1998-01-28,27.257,27.393,27.089,27.326,518826,0
1998-01-29,27.175,27.833,27.131,27.571,915737,0
1998-01-30,27.393,27.571,26.651,26.651,881127,0
1998-02-02,26.954,27.353,26.937,27.216,1163836,0
1998-02-03,27.216,27.74,26.997,27.725,1050168,0
1998-02-04,27.353,27.478,27.216,27.411,789023,0
1998-02-05,27.437,27.437,26.997,27.175,416605,0
1998-02-06,27.131,27.698,27.131,27.656,659919,0
1998-02-09,27.589,27.656,27.393,27.612,364165,0
1998-02-10,27.656,27.875,27.571,27.612,398503,0
1998-02-11,27.656,27.875,27.571,27.74,325833,0
1998-02-12,27.833,27.875,27.131,27.807,801804,0
1998-02-13,27.612,27.807,27.459,27.74,339143,0
1998-02-17,27.571,27.833,27.393,27.74,1224264,0
1998-02-18,27.698,28.002,27.656,27.934,930913,0
1998-02-19,27.934,27.934,27.656,27.766,1061347,0
1998-02-20,27.833,27.96,27.656,27.74,1131891,0
1998-02-23,27.833,27.96,27.521,27.698,575793,0
1998-02-24,27.672,27.782,27.63,27.656,505782,0
1998-02-25,27.782,28.265,27.698,27.934,704904,0
1998-02-26,28.045,28.136,27.656,28.045,370021,0
1998-02-27,27.934,27.96,27.521,27.612,412350,0
1998-03-02,27.74,27.782,26.979,27.317,577657,0
1998-03-03,27.216,27.612,27.047,27.283,541989,0
1998-03-04,27.393,27.478,27.089,27.257,413679,0
1998-03-05,26.912,27.175,26.565,26.979,497531,0
1998-03-06,26.954,27.353,26.954,27.353,693458,0
1998-03-09,27.257,27.656,27.047,27.309,383065,0
1998-03-10,27.309,27.656,27.175,27.656,355112,0
1998-03-11,27.571,27.656,27.437,27.612,311457,0
1998-03-12,27.437,27.656,27.309,27.58,431251,0
1998-03-13,27.612,27.74,27.353,27.437,450949,0
1998-03-16,27.571,28.525,27.353,28.441,699580,0
1998-03-17,28.484,29.094,27.918,28.99,1544238,0
1998-03-18,28.881,28.968,28.484,28.805,731792,0
1998-03-19,28.83,29.269,28.569,28.678,533466,0
1998-03-20,28.702,29.492,28.678,29.465,1245297,0
1998-03-23,29.186,29.531,29.144,29.314,828954,0
1998-03-24,29.228,29.794,29.228,29.531,810586,0
1998-03-25,29.709,30.055,29.403,29.556,996662,0
1998-03-26,29.531,30.275,29.448,30.233,938895,0
1998-03-27,30.411,30.935,29.616,29.616,1225594,0
1998-03-30,29.616,30.055,29.574,29.6,511641,0
1998-03-31,29.669,30.629,29.669,29.973,1151324,0
1998-04-01,29.794,30.014,29.531,29.838,623178,0
1998-04-02,29.885,30.675,29.752,30.496,1095688,0
1998-04-03,30.629,30.935,30.233,30.799,561953,0
1998-04-06,30.978,31.283,30.755,30.755,777042,0
1998-04-07,30.852,30.852,29.973,30.451,412881,0
1998-04-08,30.429,30.429,29.669,29.929,536664,0
1998-04-09,29.929,30.233,29.838,30.191,421400,0
1998-04-13,30.318,30.852,30.014,30.233,815909,0
1998-04-14,30.055,30.799,29.885,30.675,487681,0
1998-04-15,30.716,30.935,30.318,30.782,637021,0
1998-04-16,30.693,30.693,29.448,29.608,637644,0
1998-04-17,29.904,30.429,29.314,30.429,736138,0
1998-04-20,30.531,30.629,29.514,29.574,648116,0
1998-04-21,29.709,30.108,29.186,29.676,683431,0
1998-04-22,29.709,30.369,29.642,30.038,455206,0
1998-04-23,29.973,30.038,28.924,28.933,440122,0
1998-04-24,29.186,29.574,28.002,28.393,456628,0
1998-04-27,28.128,28.128,26.878,27.444,561511,0
1998-04-28,27.8,28.197,27.444,27.444,405159,0
1998-04-29,28.002,28.096,27.605,27.605,301162,0
1998-04-30,28.596,28.924,28.128,28.924,379070,0
1998-05-01,28.924,29.244,28.332,28.559,382090,0
1998-05-04,28.756,29.244,28.002,28.061,262830,0
1998-05-05,27.866,28.002,27.081,27.274,822387,0
1998-05-06,27.344,27.468,26.489,26.717,1041028,0
1998-05-07,26.946,27.344,26.42,26.617,3456905,0
1998-05-08,26.651,26.946,26.651,26.837,897633,0
1998-05-11,27.149,27.242,26.878,27.097,975014,0
1998-05-12,27.014,27.866,26.946,27.672,820081,0
1998-05-13,28.002,28.061,27.468,27.538,465853,0
1998-05-14,27.411,27.638,26.878,27.047,526728,0
1998-05-15,27.113,27.242,26.322,26.75,819900,0
1998-05-18,26.556,26.75,26.229,26.476,1089300,0
1998-05-19,26.457,27.014,26.355,26.633,569672,0
1998-05-20,26.878,26.946,26.682,26.701,1020622,0
1998-05-21,26.457,26.82,26.42,26.476,1330656,0
1998-05-22,26.355,26.556,26.26,26.26,354405,0
1998-05-26,26.42,26.556,26.093,26.26,729395,0
1998-05-27,25.762,26.159,25.306,25.729,982463,0
1998-05-28,25.762,25.897,25.501,25.762,354226,0
1998-05-29,25.829,26.093,25.636,25.897,752466,0
1998-06-01,25.933,26.457,25.897,26.286,484487,0
1998-06-02,26.355,26.682,26.025,26.322,508628,0
1998-06-03,26.556,26.617,25.501,25.501,385460,0
1998-06-04,25.703,25.762,24.976,25.729,1084859,0
1998-06-05,25.964,26.229,25.897,26.229,970041,0
1998-06-08,26.556,26.617,26.025,26.093,910233,0
1998-06-09,26.159,26.286,25.829,25.99,747320,0
1998-06-10,25.99,26.912,25.897,26.617,519806,0
1998-06-11,26.617,26.912,26.229,26.522,962057,0
1998-06-12,26.556,26.556,25.933,26.522,524595,0
1998-06-15,26.322,26.878,25.964,26.82,1601474,0
1998-06-16,26.878,27.344,26.617,27.344,1836617,0
1998-06-17,27.411,28.061,27.274,28.061,1052208,0
1998-06-18,27.934,28.721,27.934,28.425,1747883,0
1998-06-19,28.358,29.119,28.332,29.05,1871223,0
1998-06-22,28.924,30.429,28.924,29.838,1930853,0
1998-06-23,30.108,30.564,29.642,30.564,1430571,0
1998-06-24,30.86,32.269,30.403,32.237,2117018,0
1998-06-25,32.502,32.6,31.222,31.815,1495525,0
1998-06-26,31.637,32.195,31.567,32.033,996306,0
1998-06-29,31.999,32.795,31.637,31.9,1428620,0
1998-06-30,31.839,33.283,31.637,33.22,1380526,0
1998-07-01,32.954,33.513,32.23,33.477,1069602,0
1998-07-02,33.477,33.477,32.195,33.251,1101725,0
1998-07-06,33.22,33.877,32.887,33.149,970574,0
1998-07-07,32.954,33.421,32.429,32.795,1076524,0
1998-07-08,32.82,34.24,32.492,34.14,1723215,0
1998-07-09,33.682,34.012,33.09,33.283,2170259,0
1998-07-10,33.283,34.012,33.149,33.808,1398094,0
1998-07-13,33.75,33.808,32.887,33.251,712532,0
1998-07-14,33.421,34.605,32.954,34.605,2377721,0
1998-07-15,34.738,35.457,34.012,34.079,1325687,0
1998-07-16,34.012,34.442,33.613,34.41,3063633,0
1998-07-17,34.34,34.775,34.079,34.738,1603424,0
1998-07-20,34.469,34.738,34.012,34.276,1728719,0
1998-07-21,34.276,34.276,33.023,33.149,1907253,0
1998-07-22,33.283,33.477,32.524,32.66,2458467,0
1998-07-23,32.692,32.988,31.968,32.484,1427912,0
1998-07-24,32.692,32.692,31.307,32.033,1652764,0
1998-07-27,31.839,31.839,31.307,31.637,814223,0
1998-07-28,31.567,31.637,30.021,31.044,1322316,0
1998-07-29,31.24,31.443,31.044,31.274,1412114,0
1998-07-30,31.24,32.492,31.24,32.429,1583727,0
1998-07-31,32.429,32.82,31.9,32.82,1124262,0
1998-08-03,32.82,33.22,32.492,32.726,1788172,0
1998-08-04,32.82,32.887,31.24,31.622,2222079,0
1998-08-05,31.535,31.637,30.817,31.375,1102964,0
1998-08-06,31.375,31.637,31.079,31.443,432136,0
1998-08-07,31.375,31.604,31.044,31.307,717151,0
1998-08-10,31.307,31.307,30.523,30.852,959748,0
1998-08-11,30.451,30.579,29.5,29.794,1109177,0
1998-08-12,29.989,30.748,29.919,30.647,1168630,0
1998-08-13,30.386,30.647,29.465,29.661,1480972,0
1998-08-14,29.919,30.055,29.43,29.608,1305813,0
1998-08-17,29.794,30.978,29.364,30.942,941825,0
1998-08-18,30.91,31.51,30.647,31.375,648825,0
1998-08-19,31.179,31.637,30.716,30.876,511462,0
1998-08-20,30.978,30.978,30.386,30.852,606054,0
1998-08-21,30.451,30.852,30.021,30.124,1497300,0
1998-08-24,30.191,30.942,30.191,30.579,532583,0
1998-08-25,30.716,31.307,29.727,30.579,833390,0
1998-08-26,29.919,30.978,29.919,30.579,806947,0
1998-08-27,30.451,30.579,29.919,30.038,1637853,0
1998-08-28,30.191,30.386,29.556,30.005,1649566,0
1998-08-31,30.252,30.318,28.01,28.045,1703694,0
1998-09-01,28.079,28.305,26.395,28.215,2038750,0
1998-09-02,28.18,29.329,26.828,26.937,1001098,0
1998-09-03,26.295,27.353,25.964,26.954,1373604,0
1998-09-04,27.224,27.681,26.203,27.283,912896,0
1998-09-08,27.353,29.919,27.353,29.885,1556930,0
1998-09-09,29.727,29.919,28.74,29.364,1037127,0
1998-09-10,28.997,28.997,28.079,28.475,931176,0
1998-09-11,28.408,29.531,27.353,29.5,1023104,0
1998-09-14,29.919,31.307,29.465,30.579,875274,0
1998-09-15,30.386,31.839,30.124,31.772,1199684,0
1998-09-16,31.968,32.429,30.579,31.67,1391884,0
1998-09-17,30.852,31.307,30.252,30.978,745191,0
1998-09-18,30.978,31.772,30.91,31.604,1943807,0
1998-09-21,30.91,32.296,30.451,32.296,1072792,0
1998-09-22,32.296,33.149,32.033,33.09,1327638,0
1998-09-23,33.22,33.977,33.023,33.877,1253279,0
1998-09-24,33.75,34.205,32.626,33.477,1016185,0
1998-09-25,32.82,33.682,32.592,33.547,906684,0
1998-09-28,33.834,34.299,32.382,32.382,795946,0
1998-09-29,32.118,33.049,31.527,32.382,755304,0
1998-09-30,32.017,32.052,30.233,30.403,798960,0
1998-10-01,30.073,30.2,28.951,29.314,883080,0
1998-10-02,29.21,31.788,28.712,31.424,1902639,0
1998-10-05,31.061,31.324,30.133,31.061,1532435,0
1998-10-06,31.72,31.983,29.474,30.666,1421344,0
1998-10-07,30.2,30.926,28.951,29.015,1284872,0
1998-10-08,28.314,29.743,26.599,29.676,1381767,0
1998-10-09,30.403,30.926,29.347,30.666,1610879,0
1998-10-12,31.196,32.913,30.995,32.382,2662379,0
1998-10-13,31.983,32.777,31.196,31.823,1504574,0
1998-10-14,31.788,32.652,31.461,32.253,1604311,0
1998-10-15,32.382,34.037,31.324,33.851,2868950,0
1998-10-16,34.596,35.163,33.969,34.864,3323448,0
1998-10-19,34.696,34.994,33.969,34.63,966139,0
1998-10-20,35.024,35.686,34.56,34.63,1368990,0
1998-10-21,34.63,34.696,33.639,34.266,1103853,0
1998-10-22,34.299,34.299,33.47,34.088,1523030,0
1998-10-23,33.969,34.163,33.574,33.969,1197733,0
1998-10-26,34.63,34.959,33.969,34.435,1128519,0
1998-10-27,34.56,34.696,33.708,34.163,754241,0
1998-10-28,33.834,34.435,33.708,34.266,901181,0
1998-10-29,34.106,34.63,33.776,34.527,778728,0
1998-10-30,34.83,35.163,34.661,35.024,736490,0
1998-11-02,35.421,35.752,34.766,35.686,1366330,0
1998-11-03,35.526,35.557,34.56,35.128,768791,0
1998-11-04,35.228,36.413,35.163,36.152,1186377,0
1998-11-05,35.857,38.195,35.752,37.8,4004750,0
1998-11-06,37.67,38.265,37.14,38.035,1731911,0
1998-11-09,38.002,38.002,36.479,36.583,1505641,0
1998-11-10,36.583,36.583,35.752,35.787,715377,0
1998-11-11,35.955,36.081,34.959,35.652,1307587,0
1998-11-12,35.617,35.752,35.024,35.163,1091074,0
1998-11-13,35.163,35.288,34.83,35.093,1351418,0
1998-11-16,35.421,36.285,35.356,35.857,1298714,0
1998-11-17,35.821,36.878,35.821,36.217,1520900,0
1998-11-18,36.345,36.683,35.228,36.117,415454,0
1998-11-19,35.982,36.844,35.982,36.742,776604,0
1998-11-20,37.206,37.206,36.742,37.14,1101900,0
1998-11-23,37.14,37.67,37.013,37.206,1011925,0
1998-11-24,36.945,37.603,36.742,36.807,619718,0
1998-11-25,37.07,37.107,36.612,37.107,329559,0
1998-11-27,36.878,36.878,36.217,36.362,212784,0
1998-11-30,35.982,36.081,35.093,35.093,698516,0
1998-12-01,34.766,35.163,34.499,35.093,442425,0
1998-12-02,34.766,36.413,34.56,36.396,1238908,0
1998-12-03,36.217,36.55,35.557,35.752,554410,0
1998-12-04,36.017,37.07,35.752,37.07,627170,0
1998-12-07,37.013,37.07,36.647,36.961,467629,0
1998-12-08,36.742,37.07,36.285,36.378,1206608,0
1998-12-09,36.345,37.013,36.285,36.844,605876,0
1998-12-10,36.479,36.807,36.217,36.413,1123905,0
1998-12-11,36.479,36.945,36.378,36.583,616702,0
1998-12-14,36.446,36.683,35.719,35.92,731166,0
1998-12-15,35.92,37.013,35.821,37.013,754595,0
1998-12-16,36.878,37.013,36.479,36.807,748561,0
1998-12-17,36.807,37.013,36.683,36.742,1056999,0
1998-12-18,36.911,37.07,36.807,36.977,1493040,0
1998-12-21,36.878,37.603,36.844,37.375,993824,0
1998-12-22,37.536,37.536,36.807,36.844,1107936,0
1998-12-23,36.977,37.932,36.844,37.8,1112902,0
1998-12-24,37.8,38.068,37.773,37.968,471355,0
1998-12-28,38.135,38.922,38.002,38.557,1164191,0
1998-12-29,38.636,39.034,38.035,38.897,699401,0
1998-12-30,38.897,39.293,38.636,38.703,707212,0
1998-12-31,38.636,39.034,37.67,37.807,1278838,0
1999-01-04,37.706,38.172,37.51,37.841,1534209,0
1999-01-05,37.773,38.135,37.603,38.052,915203,0
1999-01-06,38.035,39.994,38.035,39.994,926917,0
1999-01-07,39.237,39.431,38.503,39.1,641548,0
1999-01-08,38.897,39.034,37.976,38.636,526374,0
1999-01-11,38.172,38.897,38.035,38.172,578726,0
1999-01-12,38.135,38.135,36.647,37.375,744301,0
1999-01-13,36.285,37.24,35.946,36.911,758677,0
1999-01-14,37.115,37.115,34.266,34.322,980511,0
1999-01-15,34.994,37.276,34.925,37.18,1723930,0
1999-01-19,37.706,37.976,36.048,36.081,1111661,0
1999-01-20,36.285,36.318,35.254,35.946,874207,0
1999-01-21,35.719,36.446,35.186,36.117,1553025,0
1999-01-22,35.457,35.787,34.994,35.186,737912,0
1999-01-25,35.526,35.92,34.79,35.92,679704,0
1999-01-26,35.719,36.117,35.155,35.421,874739,0
1999-01-27,35.652,35.821,34.823,34.941,510399,0
1999-01-28,34.925,36.252,34.925,36.081,1403952,0
1999-01-29,36.048,36.378,35.787,36.285,932065,0
1999-02-01,36.353,36.353,35.093,35.155,576066,0
1999-02-02,34.994,35.093,34.131,34.696,1057710,0
1999-02-03,34.855,35.526,34.322,35.39,1210865,0
1999-02-04,35.254,35.39,33.664,34.196,1622237,0
1999-02-05,34.196,34.757,33.597,34.394,602506,0
1999-02-08,34.394,34.394,33.403,33.664,806238,0
1999-02-09,33.597,33.868,33.066,33.371,1171468,0
1999-02-10,33.597,33.868,33.066,33.664,590615,0
1999-02-11,33.529,36.117,33.403,36.117,1468374,0
1999-02-12,35.652,36.252,33.929,34.044,908815,0
1999-02-16,34.596,35.982,34.196,35.119,761517,0
1999-02-17,34.925,35.55,34.527,34.925,1114324,0
1999-02-18,35.119,35.457,34.394,35.457,607651,0
1999-02-19,35.254,35.821,34.925,35.526,811561,0
1999-02-22,35.526,37.046,35.39,36.977,1641758,0
1999-02-23,36.647,37.309,35.617,35.617,849365,0
1999-02-24,35.857,36.182,34.097,34.097,1018843,0
1999-02-25,34.097,34.63,33.529,34.428,1101547,0
1999-02-26,34.596,35.119,34.266,35.024,794348,0
1999-03-01,34.925,35.22,34.062,35.058,819371,0
1999-03-02,34.994,35.254,34.596,34.596,772872,0
1999-03-03,34.461,34.79,34.131,34.757,566836,0
1999-03-04,34.721,35.323,34.491,35.323,619363,0
1999-03-05,35.457,36.479,35.39,36.479,718391,0
1999-03-08,36.446,36.774,36.318,36.647,910056,0
1999-03-09,36.583,37.24,36.048,37.206,2015684,0
1999-03-10,37.24,38.536,37.115,38.34,2392625,0
1999-03-11,38.465,38.931,38.306,38.865,1000743,0
1999-03-12,38.964,39.168,38.636,38.787,1577337,0
1999-03-15,38.771,39.132,38.734,39.132,2388903,0
1999-03-16,39.1,39.132,38.669,38.734,1602892,0
1999-03-17,38.703,38.734,38.566,38.669,1468017,0
1999-03-18,38.636,39.237,38.503,38.998,1241568,0
1999-03-19,39.237,39.632,38.837,39.237,1789056,0
1999-03-22,38.964,39.326,38.964,39.267,764531,0
1999-03-23,39.237,39.293,38.373,38.771,1242457,0
1999-03-24,38.837,39.132,38.306,38.431,856283,0
1999-03-25,38.636,38.703,38.238,38.431,828245,0
1999-03-26,38.431,38.465,36.977,37.013,800559,0
1999-03-29,37.348,38.609,37.213,38.484,1184066,0
1999-03-30,38.279,38.348,36.285,36.318,1247603,0
1999-03-31,36.783,37.022,35.024,35.058,2493960,0
1999-04-01,35.39,35.421,34.292,34.661,2804886,0
1999-04-05,34.79,35.492,34.696,35.237,2048515,0
1999-04-06,35.356,35.356,34.757,35.163,996839,0
1999-04-07,35.163,35.752,35.024,35.626,1006067,0
1999-04-08,35.591,36.285,35.421,35.626,2005747,0
1999-04-09,35.686,36.09,35.421,35.626,732587,0
1999-04-12,35.557,36.591,35.356,36.487,939163,0
1999-04-13,36.285,36.487,35.39,35.686,1099592,0
1999-04-14,35.821,36.421,35.557,36.217,1090364,0
1999-04-15,36.285,37.747,35.955,37.213,1225064,0
1999-04-16,37.486,37.486,35.887,36.683,1518774,0
1999-04-19,36.952,37.148,36.217,36.453,1111837,0
1999-04-20,36.783,37.022,36.285,36.952,712890,0
1999-04-21,37.148,37.148,36.453,36.952,455916,0
1999-04-22,36.886,36.952,36.558,36.919,479164,0
1999-04-23,36.683,37.213,36.421,36.47,431251,0
1999-04-26,36.558,37.213,36.487,37.213,1514156,0
1999-04-27,37.18,38.416,37.148,38.247,1699437,0
1999-04-28,38.279,38.744,37.089,37.285,1367575,0
1999-04-29,37.348,38.019,37.213,37.815,1053450,0
1999-04-30,37.747,38.55,37.518,38.111,1126921,0
1999-05-03,38.019,38.484,37.612,38.416,972703,0
1999-05-04,38.348,38.416,37.18,37.249,1523390,0
1999-05-05,37.285,37.95,37.213,37.747,1595795,0
1999-05-06,37.612,38.085,37.612,38.002,1375198,0
1999-05-07,37.919,38.679,37.919,38.582,1554977,0
1999-05-10,38.582,38.679,38.145,38.38,1267656,0
1999-05-11,38.279,39.414,38.279,39.05,1208560,0
1999-05-12,38.812,38.98,38.38,38.679,905617,0
1999-05-13,38.812,39.479,38.712,39.277,942002,0
1999-05-14,38.913,39.076,38.212,38.645,1180874,0
1999-05-17,38.448,38.484,37.95,38.448,705441,0
1999-05-18,38.448,38.846,38.145,38.55,870305,0
1999-05-19,38.416,38.744,38.111,38.448,666217,0
1999-05-20,38.348,38.55,37.249,37.249,1011748,0
1999-05-21,37.419,38.085,37.089,37.213,938809,0
1999-05-24,37.285,37.419,36.558,36.647,784231,0
1999-05-25,36.683,36.817,35.591,35.787,853089,0
1999-05-26,35.955,36.318,34.428,35.557,2486151,0
1999-05-27,35.323,35.421,34.491,34.491,1295167,0
1999-05-28,34.757,36.285,34.491,36.252,847052,0
1999-06-01,36.217,36.252,34.79,35.421,860367,0
1999-06-02,35.356,35.661,34.823,34.994,596824,0
1999-06-03,35.093,36.353,34.356,36.268,1220627,0
1999-06-04,36.285,36.835,35.887,36.169,730458,0
1999-06-07,36.421,37.022,36.182,36.751,522821,0
1999-06-08,36.487,36.751,35.821,36.353,432487,0
1999-06-09,36.353,36.621,35.752,35.939,428763,0
1999-06-10,35.626,35.626,34.661,35.304,729749,0
1999-06-11,35.626,36.124,34.56,34.596,1135086,0
1999-06-14,34.823,36.16,34.79,35.752,592036,0
1999-06-15,35.492,36.783,35.421,35.955,848657,0
1999-06-16,34.696,34.891,34.029,34.476,4067039,0
1999-06-17,34.527,35.024,34.394,35.024,2164222,0
1999-06-18,34.63,34.994,33.995,34.696,2596360,0
1999-06-21,34.661,34.696,34.163,34.258,1273158,0
1999-06-22,34.163,34.292,33.893,34.029,745721,0
1999-06-23,34.163,34.163,33.495,33.725,791686,0
1999-06-24,33.791,33.791,32.762,33.098,703660,0
1999-06-25,33.259,34.163,33.132,33.758,856283,0
1999-06-28,34.266,35.202,34.004,34.704,1242986,0
1999-06-29,34.9,35.202,34.669,35.171,898345,0
1999-06-30,35.002,35.669,34.266,35.501,1847621,0
1999-07-01,35.431,35.466,34.331,34.847,1585501,0
1999-07-02,35.138,35.138,34.402,34.864,977319,0
1999-07-06,34.933,35.857,34.669,35.636,2564592,0
1999-07-07,35.669,35.703,35.34,35.636,1719668,0
1999-07-08,35.533,35.599,34.933,34.949,1609281,0
1999-07-09,35.271,35.734,35.002,35.719,526196,0
1999-07-12,35.939,36.099,35.374,35.501,918402,0
1999-07-13,35.34,35.34,34.535,34.816,552456,0
1999-07-14,34.864,35.171,34.499,35.002,841377,0
1999-07-15,35.304,36.133,35.237,36.099,2234325,0
1999-07-16,36.268,36.47,36.065,36.133,971994,0
1999-07-19,36.268,37.037,36.133,36.666,1547879,0
1999-07-20,36.573,37.005,36.541,36.937,2306911,0
1999-07-21,37.005,37.197,36.937,37.07,2292356,0
1999-07-22,37.165,37.165,36.871,37.107,1145381,0
1999-07-23,37.07,37.267,36.835,37.165,1536520,0
1999-07-26,36.835,37.037,36.541,36.986,587422,0
1999-07-27,37.107,37.267,36.629,36.902,653970,0
1999-07-28,36.765,37.07,36.201,36.201,466562,0
1999-07-29,36.133,36.169,35.202,35.466,815468,0
1999-07-30,35.39,35.466,34.469,34.704,983884,0
1999-08-02,34.738,35.202,34.331,34.79,862497,0
1999-08-03,34.9,35.271,34.775,34.968,1197022,0
1999-08-04,34.933,35.202,34.605,34.638,611024,0
1999-08-05,34.605,34.738,33.664,33.767,932952,0
1999-08-06,33.699,34.14,33.132,33.3,512883,0
1999-08-09,33.317,33.539,32.973,33.403,851140,0
1999-08-10,33.371,33.539,32.033,32.837,1392770,0
1999-08-11,33.032,33.268,32.735,33.066,936147,0
1999-08-12,33.336,34.14,33.235,33.664,511641,0
1999-08-13,33.799,35.34,33.767,35.323,889824,0
1999-08-16,35.202,35.34,34.402,34.738,582273,0
1999-08-17,35.002,36.437,35.002,36.406,1207673,0
1999-08-18,36.235,36.235,35.068,35.202,965962,0
1999-08-19,35.002,35.202,34.469,34.687,637465,0
1999-08-20,34.535,35.34,34.14,35.271,764709,0
1999-08-23,35.202,36.541,35.202,36.437,1075634,0
1999-08-24,36.201,36.541,35.802,36.541,1331013,0
1999-08-25,36.235,36.798,35.734,3.6598,1811951,0
1999-08-26,36.573,36.765,36.133,36.303,1116097,0
1999-08-27,36.268,36.504,36.133,36.235,885567,0
1999-08-30,36.235,36.335,34.605,34.605,591323,0
1999-08-31,35.002,35.466,34.14,35.34,803754,0
1999-09-01,35.34,35.703,34.933,35.669,681657,0
1999-09-02,34.968,35.138,33.734,34.004,1022572,0
1999-09-03,34.469,35.138,34.402,34.968,2133166,0
1999-09-07,35.002,35.068,33.734,33.767,897991,0
1999-09-08,33.606,34.331,33.336,33.75,604100,0
1999-09-09,33.799,33.868,33.202,33.539,486796,0
1999-09-10,33.799,34.072,33.606,33.969,603039,0
1999-09-13,33.767,33.834,33.165,33.699,587422,0
1999-09-14,33.59,33.606,32.87,32.922,907572,0
1999-09-15,33.606,33.834,33.268,33.505,872434,0
1999-09-16,33.63,33.63,33.032,33.032,793639,0
1999-09-17,33.165,33.235,32.735,32.803,1725347,0
1999-09-20,32.837,33.132,32.465,33.114,772693,0
1999-09-21,32.803,32.938,31.604,32.069,951939,0
1999-09-22,32.135,32.204,31.267,31.864,1218499,0
1999-09-23,31.932,32.7,31.33,31.67,1584794,0
1999-09-24,31.703,33.006,31.604,32.973,1172711,0
1999-09-27,33.066,33.268,31.832,31.832,539328,0
1999-09-28,31.855,32.245,31.443,32.042,712179,0
1999-09-29,32.024,32.042,31.644,31.644,458222,0
1999-09-30,31.908,32.645,31.614,32.556,1536165,0
1999-10-01,32.245,32.439,31.644,32.145,823097,0
1999-10-04,32.245,33.649,32.177,33.582,1733506,0
1999-10-05,33.477,34.213,32.846,33.132,2200605,0
1999-10-06,33.211,34.315,33.114,34.249,1416551,0
1999-10-07,34.451,34.451,33.379,33.412,1005359,0
1999-10-08,33.682,35.323,33.513,35.323,1885068,0
1999-10-11,35.05,35.526,34.916,35.288,1953215,0
1999-10-12,35.155,35.356,35.085,35.288,1892340,0
1999-10-13,35.254,35.254,33.986,34.213,1673525,0
1999-10-14,34.179,34.179,33.242,33.613,1126921,0
1999-10-15,32.913,32.982,31.644,32.312,2365121,0
1999-10-18,32.177,32.312,30.969,31.805,2086850,0
1999-10-19,32.312,33.445,32.177,33.014,1956767,0
1999-10-20,33.412,34.147,33.344,34.062,887875,0
1999-10-21,33.75,34.451,33.445,34.348,599843,0
1999-10-22,34.518,35.254,34.518,34.847,1553554,0
1999-10-25,34.499,35.119,34.249,34.783,1027007,0
1999-10-26,34.783,35.155,33.953,34.044,979091,0
1999-10-27,34.196,35.421,34.044,35.356,1416907,0
1999-10-28,36.057,37.46,36.057,37.46,2824228,0
1999-10-29,37.46,39.601,37.46,39.497,4746741,0
1999-11-01,39.132,39.405,38.536,39.371,2412859,0
1999-11-02,39.068,39.237,37.697,37.993,2733364,0
1999-11-03,38.265,38.431,37.188,37.491,2077621,0
1999-11-04,37.664,38.536,37.595,38.195,1665717,0
1999-11-05,38.601,38.931,38.536,38.636,1042095,0
1999-11-08,38.566,38.636,38.331,38.582,1037302,0
1999-11-09,38.669,38.796,37.324,37.528,875628,0
1999-11-10,37.324,37.926,36.791,37.9,825936,0
1999-11-11,37.765,37.865,37.188,37.294,914315,0
1999-11-12,37.578,38.566,37.491,38.503,1090187,0
1999-11-15,38.399,39.53,38.399,39.53,1607152,0
1999-11-17,40.139,40.367,39.168,39.464,1468551,0
1999-11-18,39.132,39.405,38.761,39.237,941112,0
1999-11-19,39.068,39.388,38.829,39.237,1743625,0
1999-11-22,39.168,39.201,37.832,38.128,2075313,0
1999-11-23,38.128,38.195,37.357,37.528,1073861,0
1999-11-24,37.393,37.427,36.927,37.188,1280432,0
1999-11-26,37.188,37.222,36.791,37.029,567543,0
1999-11-29,36.621,36.621,35.887,36.523,2947393,0
1999-11-30,36.453,37.563,36.259,37.46,1431814,0
1999-12-01,37.156,37.258,36.057,36.259,1516823,0
1999-12-02,36.327,36.791,35.991,36.726,1150527,0
1999-12-03,37.188,38.846,36.996,38.399,1396321,0
1999-12-06,38.265,38.265,36.453,36.591,1661102,0
1999-12-07,36.726,36.726,35.254,35.955,1953925,0
1999-12-08,36.192,36.353,34.783,34.949,1262334,0
1999-12-09,35.254,35.787,34.485,35.237,1190279,0
1999-12-10,35.584,35.955,34.586,34.586,925318,0
1999-12-13,34.569,35.323,33.986,35.22,1373604,0
1999-12-14,35.22,35.492,35.119,35.492,2625467,0
1999-12-15,35.323,35.457,34.653,34.985,877405,0
1999-12-16,35.05,35.421,34.179,34.881,3216612,0
1999-12-17,34.916,35.686,34.847,35.288,3206142,0
1999-12-20,35.457,36.327,34.554,36.259,1404663,0
1999-12-21,36.353,37.729,35.457,37.697,1694999,0
1999-12-22,37.8,38.331,37.765,38.06,1578935,0
1999-12-23,38.095,39.267,38.095,38.829,1872999,0
1999-12-27,38.865,39.464,38.796,38.931,1497831,0
1999-12-28,38.829,39.168,37.926,38.331,1685415,0
1999-12-29,38.703,39.076,38.44,39.041,472244,0
1999-12-30,39.177,39.673,38.645,39.53,703306,0
1999-12-31,39.513,39.583,38.97,39.38,336126,0
2000-01-03,39.041,39.041,36.862,37.501,1740606,0
2000-01-04,36.656,36.759,35.356,35.92,1858803,0
2000-01-05,36.024,36.192,35.155,35.39,1323382,0
2000-01-06,35.421,36.656,34.881,36.621,2111336,0
2000-01-07,36.487,37.029,35.857,36.396,1004116,0
2000-01-10,36.295,36.487,35.05,35.431,1094804,0
2000-01-11,35.288,35.421,34.147,34.375,996662,0
2000-01-12,34.348,34.545,33.944,34.179,1648501,0
2000-01-13,34.348,35.356,34.284,35.155,2004146,0
2000-01-14,35.39,35.991,35.22,35.617,2147898,0
2000-01-18,35.617,35.617,34.578,34.881,1673704,0
2000-01-19,35.017,35.288,32.565,33.175,2074957,0
2000-01-20,33.309,33.309,32.033,32.204,2288098,0
2000-01-21,32.735,32.803,31.999,32.262,2234325,0
2000-01-24,32.237,32.532,30.891,30.978,978024,0
2000-01-25,31.259,32.938,31.162,32.502,1508302,0
2000-01-26,32.769,34.044,32.262,33.91,1623656,0
2000-01-27,33.91,34.712,33.877,34.315,1221161,0
2000-01-28,34.284,34.284,33.211,33.776,1318056,0
2000-01-31,33.606,35.617,33.403,35.617,1593489,0
2000-02-01,35.421,35.421,34.012,34.578,1159579,0
2000-02-02,35.017,35.017,33.371,33.539,1135798,0
2000-02-03,33.539,35.22,33.505,35.119,1663231,0
2000-02-04,35.085,35.356,33.309,33.403,1294810,0
2000-02-07,33.606,33.606,32.465,33.211,1536698,0
2000-02-08,33.074,33.539,32.904,33.242,1458965,0
2000-02-09,33.14,33.309,32.204,32.502,921060,0
2000-02-10,32.635,33.242,32.296,32.331,956554,0
2000-02-11,32.532,33.041,32.135,32.221,1218322,0
2000-02-14,32.169,32.262,30.79,31.131,1406436,0
2000-02-15,31.162,31.527,30.656,31.527,2018168,0
2000-02-16,31.595,31.797,30.826,31.78,1128166,0
2000-02-17,31.766,31.864,30.79,30.79,1907076,0
2000-02-18,31.061,31.162,29.752,29.752,3163371,0
2000-02-22,29.989,29.989,28.914,29.21,4955444,0
2000-02-23,29.244,29.244,28.17,28.374,1803256,0
2000-02-24,28.441,28.475,27.166,28.136,2285079,0
2000-02-25,28.136,28.509,26.565,26.903,1930142,0
2000-02-28,27.031,28.34,26.667,28.305,2852091,0
2000-02-29,28.34,28.34,26.733,27.943,1555332,0
2000-03-01,27.841,28.104,26.733,26.868,1927481,0
2000-03-02,26.971,27.031,26.53,26.53,2248700,0
2000-03-03,26.937,26.937,26.093,26.395,1256831,0
2000-03-06,26.565,26.565,25.02,25.087,1758181,0
2000-03-07,25.187,25.187,24.081,24.755,1099237,0
2000-03-08,24.755,24.79,23.616,24.149,1379993,0
2000-03-09,24.216,25.425,23.98,25.365,1279369,0
2000-03-10,25.594,25.829,24.486,24.62,1283627,0
2000-03-13,24.383,25.223,24.114,24.69,1144137,0
2000-03-14,25.02,26.43,24.755,25.99,3019266,0
2000-03-15,26.025,28.845,25.829,28.441,2356779,0
2000-03-16,29.05,32.938,28.845,31.628,5584569,0
2000-03-17,31.864,32.6,31.222,32.331,3623544,0
2000-03-20,32.033,32.069,29.853,30.523,1605735,0
2000-03-21,30.021,32.429,29.582,32.033,2364942,0
2000-03-22,31.932,32.803,31.932,32.331,1382653,0
2000-03-23,32.069,34.179,31.661,33.843,1621172,0
2000-03-24,33.742,34.847,33.211,34.044,1918963,0
2000-03-27,33.944,33.977,32.769,33.371,1477604,0
2000-03-28,32.938,34.545,32.735,34.079,1693935,0
2000-03-29,34.223,34.418,33.582,33.682,1200573,0
2000-03-30,33.547,34.053,33.006,33.107,953358,0
2000-03-31,33.14,35.058,32.169,33.92,1743980,0
2000-04-03,34.122,36.327,34.122,36.133,2749336,0
2000-04-04,35.974,36.774,33.92,35.041,1764745,0
2000-04-05,34.721,35.912,33.783,34.053,974479,0
2000-04-06,34.088,34.823,33.717,34.696,644210,0
2000-04-07,34.721,34.79,33.276,33.412,762936,0
2000-04-10,33.107,35.024,32.7,34.623,1257538,0
2000-04-11,34.348,35.533,34.315,34.623,832681,0
2000-04-12,34.959,36.335,34.586,34.623,2016039,0
2000-04-13,34.623,34.79,33.717,34.088,1513803,0
2000-04-14,33.682,33.682,31.053,31.797,3364796,0
2000-04-17,31.968,33.75,31.766,33.344,2084719,0
2000-04-18,33.175,35.501,33.041,34.994,2318622,0
2000-04-19,34.721,34.738,33.107,33.92,792395,0
2000-04-20,33.851,34.451,33.582,34.249,1210329,0
2000-04-24,33.582,34.994,33.547,34.766,1438379,0
2000-04-25,35.024,37.285,35.024,36.606,2840375,0
2000-04-26,36.335,36.335,35.058,35.262,1660746,0
2000-04-27,34.249,34.586,33.513,34.156,2152867,0
2000-04-28,34.156,34.156,32.565,33.986,1904234,0
2000-05-01,33.75,34.79,33.477,34.021,1641933,0
2000-05-02,34.021,34.249,33.211,34.122,2373815,0
2000-05-03,34.122,34.156,32.204,32.837,1043868,0
2000-05-04,32.837,33.107,31.628,31.628,1162595,0
2000-05-05,31.628,32.069,30.487,31.832,1003583,0
2000-05-08,31.694,33.124,30.951,32.803,1157982,0
2000-05-09,32.803,33.547,32.304,33.445,818838,0
2000-05-10,33.276,33.75,32.769,33.276,1015297,0
2000-05-11,33.47,35.077,33.412,34.586,1837508,0
2000-05-12,34.586,35.839,34.451,35.599,2494315,0
2000-05-15,35.617,36.032,35.128,36,964716,0
2000-05-16,36,36.065,35.058,35.669,1342902,0
2000-05-17,35.024,35.365,34.518,35.262,666217,0
2000-05-18,35.262,36.406,35.128,36.032,1292143,0
2000-05-19,35.466,36.032,35.058,35.365,1640871,0
2000-05-22,35.365,36.406,35.093,36.303,860542,0
2000-05-23,36.201,36.558,35.802,36.032,1394193,0
2000-05-24,36.201,36.541,35.533,36.437,3527181,0
2000-05-25,36.47,36.573,36.032,36.268,2391029,0
2000-05-26,36.335,36.742,35.873,36.674,1211219,0
2000-05-30,36.711,37.115,36.303,36.911,1483633,0
2000-05-31,36.807,36.911,36.335,36.606,1261444,0
2000-06-01,36.711,38.22,36.606,37.688,3899155,0
2000-06-02,38.119,38.761,38.085,38.526,2453142,0
2000-06-05,38.154,38.322,37.452,37.714,1496768,0
2000-06-06,37.572,37.782,37.452,37.688,4150625,0
2000-06-07,37.452,38.592,37.316,38.187,2262723,0
2000-06-08,38.154,38.187,36.606,37.013,1021862,0
2000-06-09,37.115,37.621,35.769,36.133,683963,0
2000-06-12,36.47,37.013,36.235,36.573,637465,0
2000-06-13,36.268,36.541,35.802,36.47,796122,0
2000-06-14,36.541,36.606,35.669,36.303,889118,0
2000-06-15,36.032,36.065,33.953,34.485,2655103,0
2000-06-16,33.175,33.92,31.968,32.339,4080349,0
2000-06-19,32.339,34.384,32.102,34.24,3237377,0
2000-06-20,34.156,34.156,32.439,33.379,1610527,0
2000-06-21,33.344,33.379,31.968,32.7,1119649,0
2000-06-22,32.439,33.379,32.374,33.309,1208382,0
2000-06-23,33.513,33.63,32.837,33.14,829310,0
2000-06-26,33.041,34.053,33.041,33.783,770745,0
2000-06-27,33.851,35.058,33.817,34.485,1304922,0
2000-06-28,34.638,35.28,34.499,34.669,1772373,0
2000-06-29,34.402,34.469,33.59,33.929,1377507,0
2000-06-30,33.929,34.638,33.799,34.196,2280466,0
2000-07-03,34.163,35.752,33.995,35.247,1316460,0
2000-07-05,35.374,36.558,35.348,35.991,1409452,0
2000-07-06,35.955,36.894,35.413,36.862,1319830,0
2000-07-07,36.927,38.247,36.894,38.18,1938308,0
2000-07-10,37.807,37.874,37.097,37.267,1708132,0
2000-07-11,37.572,37.639,36.523,36.791,1303857,0
2000-07-12,36.826,37.029,36.759,36.791,1122485,0
2000-07-13,36.894,36.927,36.124,36.387,1128342,0
2000-07-14,36.318,37.874,36.124,37.639,1740251,0
2000-07-17,37.909,38.01,35.787,36.192,1202642,0
2000-07-18,36.039,36.039,34.775,35.128,1451337,0
2000-07-19,35.128,35.787,34.872,35.024,1081491,0
2000-07-20,35.381,36.387,35.356,35.887,971345,0
2000-07-21,35.024,36.295,34.315,34.872,1338940,0
2000-07-24,34.518,35.163,34.366,34.469,936325,0
2000-07-25,34.721,34.977,34.315,34.315,533466,0
2000-07-26,34.266,34.418,33.403,33.454,1551189,0
2000-07-27,33.961,34.872,33.708,34.623,1483518,0
2000-07-28,34.623,34.977,34.062,34.366,1420693,0
2000-07-31,34.366,34.469,33.403,33.505,1380938,0
2000-08-01,33.708,34.315,33.202,34.062,572158,0
2000-08-02,34.037,34.266,33.655,33.808,513004,0
2000-08-03,33.808,35.314,33.454,35.28,1061970,0
2000-08-04,35.381,36.791,35.381,36.335,1030026,0
2000-08-07,36.295,36.541,35.28,36.387,692127,0
2000-08-08,36.318,36.318,35.28,35.887,734362,0
2000-08-09,35.734,36.487,35.177,35.787,624215,0
2000-08-10,35.787,37.348,35.787,36.996,891601,0
2000-08-11,36.844,37.554,36.791,37.419,950402,0
2000-08-14,37.348,37.655,36.487,37.148,675679,0
2000-08-15,36.996,37.097,36.541,36.591,912540,0
2000-08-16,36.541,37.097,36.143,36.192,715907,0
2000-08-17,36.192,36.791,36.143,36.541,639832,0
2000-08-18,36.295,36.591,35.991,36.039,832092,0
2000-08-21,36.09,36.192,34.823,35.483,1079482,0
2000-08-22,35.431,36.487,35.28,36.335,884501,0
2000-08-23,35.887,36.192,35.483,36.039,1450388,0
2000-08-24,36.09,36.479,36.039,36.192,902485,0
2000-08-25,36.244,36.335,35.991,36.09,1227843,0
2000-08-28,36.09,36.791,35.734,36.387,1006362,0
2000-08-29,36.143,36.244,35.381,35.483,757910,0
2000-08-30,35.381,36.387,35.381,35.991,839423,0
2000-08-31,35.991,37.655,35.991,37.452,1401646,0
2000-09-01,37.501,37.706,36.639,36.844,1188680,0
2000-09-05,36.996,37.603,36.692,37.097,888994,0
2000-09-06,37.148,38.518,37.097,38.212,1508598,0
2000-09-07,38.163,38.874,38.01,38.566,1448143,0
2000-09-08,38.566,39.735,38.465,39.53,2527027,0
2000-09-11,39.124,40.19,39.124,40.089,1815384,0
2000-09-12,40.04,40.341,39.835,40.04,1518299,0
2000-09-13,40.013,40.293,39.583,39.632,1084922,0
2000-09-14,39.583,40.19,39.277,39.479,1152717,0
2000-09-15,39.38,39.583,38.265,38.669,2331222,0
2000-09-18,38.819,38.846,37.348,37.603,1743091,0
2000-09-19,37.655,38.874,37.501,38.874,1448496,0
2000-09-20,38.518,38.874,37.402,38.566,1507770,0
2000-09-21,38.313,38.617,38.06,38.566,1059723,0
2000-09-22,38.366,39.431,38.313,39.326,1093796,0
2000-09-25,39.228,40.139,39.076,39.886,1525396,0
2000-09-26,40.063,41.203,39.735,41.004,2724254,0
2000-09-27,40.891,43.233,40.841,43.133,3173607,0
2000-09-28,43.133,44.561,43.081,43.285,3732510,0
2000-09-29,43.335,44.357,43.233,43.844,2490945,0
2000-10-02,43.892,46.64,43.384,46.59,3038376,0
2000-10-03,45.98,46.235,44.813,45.98,2431789,0
2000-10-04,45.574,46.853,45.474,46.385,2230540,0
2000-10-05,46.235,46.853,46.134,46.69,1901277,0
2000-10-06,46.438,47.102,45.168,45.524,1697305,0
2000-10-09,45.293,45.474,44.255,44.61,554293,0
2000-10-10,44.711,44.761,42.219,42.996,1108113,0
2000-10-11,43.03,43.233,41.51,42.575,1123371,0
2000-10-12,42.625,43.537,39.574,39.979,1729487,0
2000-10-13,39.93,43.03,39.726,42.979,2099093,0
2000-10-16,42.776,44.864,42.575,43.943,1327227,0
2000-10-17,43.943,44.61,42.372,42.878,1050493,0
2000-10-18,42.675,42.827,40.995,42.322,1389813,0
2000-10-19,42.523,43.638,42.523,43.537,2101815,0
2000-10-20,43.233,43.487,42.322,42.372,1535454,0
2000-10-23,42.269,42.472,41.408,41.559,1036649,0
2000-10-24,42.017,42.269,41.255,41.865,2293719,0
2000-10-25,41.812,41.812,41.408,41.812,1498780,0
2000-10-26,41.712,42.091,40.437,41.456,1011448,0
2000-10-27,41.358,42.472,41.093,42.422,1516523,0
2000-10-30,42.169,42.523,41.559,42.322,2124886,0
2000-10-31,42.322,42.372,40.891,41.812,1395253,0
2000-11-01,41.865,41.913,41.358,41.865,1284278,0
2000-11-02,41.865,42.523,41.812,42.322,1238135,0
2000-11-03,42.219,42.575,42.116,42.269,1284872,0
2000-11-06,42.422,42.727,41.812,42.169,1099476,0
2000-11-07,42.116,42.219,40.891,41.712,1363665,0
2000-11-08,41.51,41.609,40.333,40.639,1345799,0
2000-11-09,40.738,41.609,40.437,41.51,1864008,0
2000-11-10,41.51,41.762,41.043,41.456,786775,0
2000-11-13,41.381,41.51,40.03,40.383,1541374,0
2000-11-14,40.891,41.559,40.891,41.456,2067861,0
2000-11-15,41.332,41.408,40.383,41.255,1534386,0
2000-11-16,41.155,41.51,40.738,40.841,1032863,0
2000-11-17,40.891,41.093,38.761,39.116,2394398,0
2000-11-20,35.711,38.557,35.247,37.739,9741704,0
2000-11-21,37.639,38.247,37.285,37.841,3144027,0
2000-11-22,37.841,38.297,36.927,38.195,2524072,0
2000-11-24,38.22,38.407,38.195,38.297,549679,0
2000-11-27,38.407,40.182,38.357,39.726,3214307,0
2000-11-28,39.574,40.587,39.168,40.535,2399370,0
2000-11-29,40.535,43.285,40.487,43.03,4296862,0
2000-11-30,42.928,43.943,42.219,43.638,4200083,0
2000-12-01,43.892,43.892,42.422,42.625,3188515,0
2000-12-04,42.322,43.384,42.116,43.133,2469172,0
2000-12-05,43.182,45.474,42.422,45.421,4266218,0
2000-12-06,45.221,47.714,44.966,44.966,7465493,0
2000-12-07,45.168,46.69,44.154,46.285,3347170,0
2000-12-08,46.385,47.254,45.524,45.726,2814646,0
2000-12-11,45.827,46.487,45.827,46.385,2510463,0
2000-12-12,46.235,46.59,45.675,46.385,1588576,0
2000-12-13,46.69,46.899,45.675,45.675,1133550,0
2000-12-14,44.864,45.474,43.59,45.168,2118375,0
2000-12-15,44.761,45.068,43.943,43.943,3340544,0
2000-12-18,44.761,46.385,44.307,46.235,2798201,0
2000-12-19,46.235,47.813,45.524,45.675,2915213,0
2000-12-20,45.372,47.157,44.662,46.853,1846854,0
2000-12-21,46.853,48.169,46.134,48.118,4652390,0
2000-12-22,48.118,49.385,48.118,48.728,3460390,0
2000-12-26,48.828,49.337,48.221,49.184,2247814,0
2000-12-27,49.234,49.691,48.667,49.385,3714884,0
2000-12-28,49.438,49.691,48.771,49.184,1936890,0
2000-12-29,49.184,49.589,48.719,48.771,1870515,0
2001-01-02,48.312,48.415,46.438,46.715,2255618,0
2001-01-03,46.733,49.184,46.226,48.737,4514317,0
2001-01-04,48.818,50.045,48.365,48.818,5552154,0
2001-01-05,48.818,48.818,46.63,48.312,4836127,0
2001-01-08,47.83,47.955,47.037,47.291,2429656,0
2001-01-09,47.237,47.908,46.226,46.63,2103353,0
2001-01-10,46.376,47.237,45.302,46.48,2316671,0
2001-01-11,46.327,46.48,44.584,45.965,3546052,0
2001-01-12,46.011,46.011,44.079,44.998,1564088,0
2001-01-16,44.901,47.037,44.383,46.057,3492455,0
2001-01-17,46.327,47.544,46.226,46.987,3398279,0
2001-01-18,47.237,47.341,46.066,46.165,2217405,0
2001-01-19,46.63,46.733,44.584,44.797,2341517,0
2001-01-22,44.797,45.965,44.229,45.707,2146655,0
2001-01-23,45.859,47.138,45.812,46.63,2303890,0
2001-01-24,46.63,46.883,46.226,46.63,1360472,0
2001-01-25,46.836,47.705,45.812,46.011,2228409,0
2001-01-26,45.965,46.836,45.707,46.733,2935206,0
2001-01-29,46.935,47.955,46.327,47.086,2250416,0
2001-01-30,47.037,48.007,46.883,47.955,3400526,0
2001-01-31,47.908,48.465,47.544,48.365,2495321,0
2001-02-01,47.856,48.062,47.544,47.705,2571987,0
2001-02-02,47.755,48.108,47.442,47.594,1484224,0
2001-02-05,47.442,47.652,46.581,47.291,1272092,0
2001-02-06,47.291,47.492,46.581,46.733,1065401,0
2001-02-07,46.782,47.856,46.528,47.755,1692099,0
2001-02-08,48.007,48.16,47.138,47.39,1243696,0
2001-02-09,47.442,47.492,46.581,47.086,1305930,0
2001-02-12,47.086,48.16,46.782,48.16,2069634,0
2001-02-13,48.062,48.567,47.856,48.262,2252425,0
2001-02-14,48.212,48.465,47.594,47.652,1887434,0
2001-02-15,47.755,47.805,46.63,47.138,1754806,0
2001-02-16,46.327,47.908,46.327,47.908,2202618,0
2001-02-20,47.594,47.705,46.275,47.086,2082060,0
2001-02-21,46.63,46.682,45.406,45.609,1750072,0
2001-02-22,45.913,46.066,43.827,44.332,3187328,0
2001-02-23,44.027,44.484,43.621,44.229,2100632,0
2001-02-26,44.459,44.797,43.977,44.536,2405287,0
2001-02-27,44.689,45.302,44.383,44.998,2661550,0
2001-02-28,45.204,45.406,43.774,43.926,1752203,0
2001-03-01,43.827,44.689,43.258,44.584,2343409,0
2001-03-02,44.053,45.457,43.977,44.998,2020885,0
2001-03-05,45.101,45.457,43.774,44.584,1271379,0
2001-03-06,45.101,45.406,44.181,44.332,1658855,0
2001-03-07,44.383,45.302,44.181,45.204,1052861,0
2001-03-08,45.254,45.707,44.584,45.609,1177086,0
2001-03-09,45.406,45.406,44.181,44.636,1608810,0
2001-03-12,44.229,44.283,42.143,42.396,2735020,0
2001-03-13,42.549,44.079,41.939,43.977,2182032,0
2001-03-14,42.853,43.157,41.626,42.244,2005627,0
2001-03-15,42.549,43.365,42.396,43.31,1702628,0
2001-03-16,41.527,43.47,41.424,43.208,3455777,0
2001-03-19,42.8,43.003,41.626,42.701,1892640,0
2001-03-20,42.647,42.8,40.713,40.916,1964693,0
2001-03-21,39.946,39.946,38.669,39.084,5276129,0
2001-03-22,39.025,39.132,37.294,38.518,4413042,0
2001-03-23,38.566,40.819,38.518,40.453,3567702,0
2001-03-26,41.02,41.527,40.563,41.02,1558760,0
2001-03-27,41.02,42.955,40.302,42.701,2762708,0
2001-03-28,41.358,43.63,41.332,43.124,2318327,0
2001-03-29,42.888,42.921,42.099,42.558,1719431,0
2001-03-30,42.808,43.994,42.405,43.79,2874513,0
2001-04-02,43.527,44.813,43.072,43.943,1926122,0
2001-04-03,43.327,43.731,42.202,42.656,1560303,0
2001-04-04,42.455,42.506,40.713,41.433,2025148,0
2001-04-05,42.099,42.152,41.227,41.635,2718458,0
2001-04-06,41.182,42.354,40.048,41.02,3480155,0
2001-04-09,41.197,41.829,41.012,41.456,1471920,0
2001-04-10,41.981,42.455,41.712,42.244,1842829,0
2001-04-11,42.269,43.012,42.075,42.099,3036125,0
2001-04-12,42.066,42.396,41.778,42.236,1380113,0
2001-04-16,41.883,42.785,40.891,41.812,2421496,0
2001-04-17,41.255,41.788,40.748,41.788,3116341,0
2001-04-18,41.907,43.429,41.585,43.057,3417209,0
2001-04-19,43.021,43.835,42.447,43.698,2179431,0
2001-04-20,43.233,43.756,43.182,43.42,2851557,0
2001-04-23,43.191,43.429,42.38,42.413,1544445,0
2001-04-24,42.488,42.87,42.405,42.776,1649389,0
2001-04-25,42.77,42.861,41.788,42.752,1468608,0
2001-04-26,42.752,43.199,42.497,43.003,1884002,0
2001-04-27,43.057,44.213,43.021,44.181,1897607,0
2001-04-30,44.199,44.584,43.673,44.053,2208059,0
2001-05-01,43.63,44.246,43.479,44.162,1540424,0
2001-05-02,44.12,44.341,43.673,44.206,1248074,0
2001-05-03,44.154,44.154,43.25,43.977,1379872,0
2001-05-04,43.581,44.407,43.233,44.349,1669388,0
2001-05-07,44.246,44.416,43.756,43.867,892192,0
2001-05-08,43.934,44.103,43.546,43.96,950517,0
2001-05-09,43.827,44.162,43.63,44.095,1882348,0
2001-05-10,44.332,44.901,44.332,44.854,1830525,0
2001-05-11,44.721,45.109,44.545,44.77,2483132,0
2001-05-14,44.854,45.932,44.711,45.895,2543949,0
2001-05-15,45.886,46.385,45.54,46.275,3147339,0
2001-05-16,46.099,47.805,45.947,47.722,2416763,0
2001-05-17,47.764,48.016,47.148,47.222,2606181,0
2001-05-18,47.014,47.644,47.014,47.35,1907312,0
2001-05-21,47.231,47.485,46.765,47.46,1430394,0
2001-05-22,47.282,48.534,47.237,48.044,1778708,0
2001-05-23,47.983,48.296,47.57,48.212,1312554,0
2001-05-24,48.239,48.49,48,48.143,1117575,0
2001-05-25,48.133,48.278,47.917,48.016,1120059,0
2001-05-29,48.016,48.304,47.873,48.16,1571423,0
2001-05-30,48.093,48.465,47.873,48.016,2073183,0
2001-05-31,48.169,48.321,47.822,48.239,1929436,0
2001-06-01,48.23,48.794,47.73,48.719,2483725,0
2001-06-04,48.811,49.657,48.811,49.639,3750968,0
2001-06-05,49.471,50.071,49.167,49.968,2966676,0
2001-06-06,49.917,49.917,48.762,49.401,1739189,0
2001-06-07,49.362,49.377,48.794,49.346,1025651,0
2001-06-08,49.174,49.208,48.762,49.107,991222,0
2001-06-11,49.09,49.41,48.754,48.836,1570950,0
2001-06-12,48.625,48.923,48.101,48.828,1763679,0
2001-06-13,48.879,49.337,48.601,48.981,1183003,0
2001-06-14,48.634,49.039,48.304,48.674,1399870,0
2001-06-15,48.584,48.888,48.33,48.71,4688002,0
2001-06-18,48.737,49.126,48.347,48.373,1531076,0
2001-06-19,48.567,49.14,48.474,48.7,1708312,0
2001-06-20,48.794,49.825,48.71,49.362,1982792,0
2001-06-21,49.208,51.627,49.174,51.339,6636129,0
2001-06-22,51.186,51.313,50.349,50.782,2661550,0
2001-06-25,50.857,51.142,50.114,50.594,1899383,0
2001-06-26,50.131,51.07,49.968,50.629,1453347,0
2001-06-27,50.848,51.725,50.469,50.552,1899262,0
2001-06-28,50.966,51.295,50.528,50.645,1795271,0
2001-06-29,50.698,50.698,49.327,49.362,3038254,0
2001-07-02,49.529,50.282,49.454,50.273,1787815,0
2001-07-03,50.309,50.602,49.877,50.25,697450,0
2001-07-05,50.107,50.594,49.843,50.316,697805,0
2001-07-06,50.196,50.232,49.243,49.393,1181230,0
2001-07-09,49.463,49.877,48.996,49.606,958327,0
2001-07-10,49.589,49.598,48.625,48.642,1576984,0
2001-07-11,48.592,49.572,48.312,49.005,1765219,0
2001-07-12,49.047,50.434,49.039,50.434,1460683,0
2001-07-13,50.24,51.958,50.24,51.662,2217643,0
2001-07-16,51.662,52.11,49.572,49.666,4003799,0
2001-07-17,49.648,51.627,49.546,51.609,3220221,0
2001-07-18,51.025,51.582,50.62,51.574,1792310,0
2001-07-19,51.685,52.015,50.68,51.574,2019231,0
2001-07-20,51.007,51.533,50.966,51.457,1867674,0
2001-07-23,51.457,52.03,51.271,51.406,1621113,0
2001-07-24,51.4,51.716,50.131,50.257,1979242,0
2001-07-25,50.257,50.587,49.756,50.443,1201104,0
2001-07-26,50.384,51.112,50.232,51.043,944842,0
2001-07-27,50.729,51.186,50.611,51.15,1019730,0
2001-07-30,51.204,51.339,50.349,51.07,706795,0
2001-07-31,51.169,52.563,51,51.805,2922311,0
2001-08-01,51.854,52.48,51.627,51.837,1133785,0
2001-08-02,52.263,52.302,51.685,52.244,957267,0
2001-08-03,52.119,52.159,51.5,52.074,697567,0
2001-08-06,51.949,51.958,51.279,51.431,875393,0
2001-08-07,51.509,52.362,51.255,51.904,1867674,0
2001-08-08,51.692,52.699,51.618,51.752,1333259,0
2001-08-09,51.779,52.335,51.5,51.886,1716708,0
2001-08-10,51.913,52.142,51.5,51.708,1742263,0
2001-08-13,51.671,52.709,51.636,52.555,1595795,0
2001-08-14,52.531,53.224,52.293,52.387,1660867,0
2001-08-15,52.523,53.248,52.523,52.861,1853953,0
2001-08-16,52.782,52.935,52.497,52.91,1584436,0
2001-08-17,52.827,52.861,52.134,52.277,1970016,0
2001-08-20,52.201,52.733,52.119,52.58,827477,0
2001-08-21,52.523,52.683,51.982,52.159,1630812,0
2001-08-22,52.471,52.97,51.931,52.961,1624427,0
2001-08-23,53.014,53.087,51.439,51.679,2285320,0
2001-08-24,51.708,51.861,50.155,50.257,2385408,0
2001-08-27,50.18,50.189,48.246,48.667,3457197,0
2001-08-28,48.71,49.606,48.7,48.754,2406469,0
2001-08-29,48.973,49.107,47.628,47.856,1995217,0
2001-08-30,47.965,48.575,47.553,47.772,2102760,0
2001-08-31,47.636,48.913,47.619,47.926,2099214,0
2001-09-04,48.069,48.339,46.765,47.35,1667610,0
2001-09-05,47.03,47.231,46.082,47.157,2167832,0
2001-09-06,47.043,47.148,45.812,45.972,1767228,0
2001-09-07,45.237,46.259,44.146,45.052,4561290,0
2001-09-10,44.78,45.431,44.138,45.101,2669951,0
2001-09-17,43.31,45.133,42.761,43.977,3962867,0
2001-09-18,43.901,46.235,43.827,45.691,3137519,0
2001-09-19,45.812,46.773,44.229,45.716,3350480,0
2001-09-20,45.293,45.583,44.399,44.593,3755344,0
2001-09-21,41.712,45.659,41.67,44.255,5086593,0
2001-09-24,45.008,46.614,44.989,46.454,3721272,0
2001-09-25,46.733,47.544,46.657,47.244,4015631,0
2001-09-26,47.722,48.963,47.644,48.397,3556581,0
2001-09-27,48.762,49.42,48.667,49.191,3458264,0
2001-09-28,49.369,50.805,49.285,50.716,4027227,0
2001-10-01,50.3,50.934,49.401,50.9,2570569,0
2001-10-02,50.992,51.83,50.46,51.815,2872856,0
2001-10-03,51.474,52.03,50.282,51.339,3990195,0
2001-10-04,51.391,51.692,49.149,49.429,4146368,0
2001-10-05,49.624,49.624,47.3,47.636,3370950,0
2001-10-08,47.272,47.272,44.697,45.025,5445198,0
2001-10-09,45.406,46.393,44.831,46.235,5410649,0
2001-10-10,45.904,47.35,45.618,47.043,2719169,0
2001-10-11,47.069,47.628,46.108,46.318,2320102,0
2001-10-12,46.108,46.116,44.545,45.932,3394967,0
2001-10-15,45.895,46.156,45.061,46.141,2444090,0
2001-10-16,46.572,46.845,44.297,45.302,6139572,0
2001-10-17,45.32,45.457,44.213,44.29,7276196,0
2001-10-18,44.501,45.302,43.968,44.915,2545013,0
2001-10-19,45.204,45.398,44.229,45.133,2592574,0
2001-10-22,44.84,46.747,44.78,46.657,2586305,0
2001-10-23,47.509,47.509,45.989,46.352,3176329,0
2001-10-24,46.64,46.64,45.771,46.385,2219181,0
2001-10-25,46.156,47.094,45.176,46.891,1669033,0
2001-10-26,47.102,48.093,46.403,47.679,2052124,0
2001-10-29,47.334,47.424,46.011,46.673,1665006,0
2001-10-30,46.487,47.215,45.78,46.853,2044194,0
2001-10-31,46.773,47.434,46.429,46.545,1426961,0
2001-11-01,46.294,47.603,45.947,47.578,1990836,0
2001-11-02,47.308,47.661,46.935,47.222,1114501,0
2001-11-05,47.561,49.41,47.434,48.973,2360446,0
2001-11-06,48.728,49.691,48.541,49.657,2011779,0
2001-11-07,49.167,49.783,48.818,48.905,2723073,0
2001-11-08,49.311,50.004,48.905,49.598,3726123,0
2001-11-09,49.259,50.004,49.1,49.673,1506468,0
2001-11-12,49.734,49.987,48.923,49.717,1345446,0
2001-11-13,49.756,50.341,49.522,50.215,1179219,0
2001-11-14,50.061,50.334,49.624,49.968,1409571,0
2001-11-15,49.81,50.654,49.581,49.995,1662049,0
2001-11-16,50.02,50.417,49.039,49.497,1458789,0
2001-11-19,49.801,50.291,49.243,49.497,1971554,0
2001-11-20,49.369,49.673,48.923,49.354,916326,0
2001-11-21,49.319,49.598,48.818,48.973,776483,0
2001-11-23,49.149,49.673,48.99,49.497,637703,0
2001-11-26,49.657,49.995,49.354,49.995,1649269,0
2001-11-27,49.707,49.774,48.973,49.126,1647968,0
2001-11-28,48.871,49.337,48.625,48.938,1444471,0
2001-11-29,49.03,49.801,48.803,49.792,1421994,0
2001-11-30,49.792,49.862,49.401,49.572,2529039,0
2001-12-03,49.319,49.362,48.534,48.888,1810528,0
2001-12-04,49.292,49.765,48.963,49.657,2045382,0
2001-12-05,50.122,50.401,49.843,49.852,3564745,0
2001-12-06,49.801,50.098,49.522,49.657,2163812,0
2001-12-07,49.589,49.707,48.963,49.572,1617562,0
2001-12-10,49.429,49.589,48.947,49.039,1047535,0
2001-12-11,49.337,49.445,48.786,49.126,1376679,0
2001-12-12,49.167,49.497,48.963,49.268,1487654,0
2001-12-13,49.047,49.184,48.339,48.49,1358106,0
2001-12-14,48.373,48.567,48.007,48.304,1709138,0
2001-12-17,48.16,48.888,47.991,48.634,1667729,0
2001-12-18,48.684,49.497,48.356,49.49,1828987,0
2001-12-19,49.401,50.3,49.218,49.852,1782726,0
2001-12-20,49.81,50.874,49.725,50.519,2597544,0
2001-12-21,50.324,51.805,50.257,51.5,5250335,0
2001-12-24,51.431,51.591,51.016,51.142,726910,0
2001-12-26,51.142,51.904,51.07,51.457,1179219,0
2001-12-27,51.574,51.582,50.805,51.142,1021506,0
2001-12-28,51.177,51.382,50.654,51.313,1587040,0
2001-12-31,51.263,51.339,50.782,50.782,1744039,0
