Date,Open,High,Low,Close,Volume,OpenInt
1995-08-18,2.3459,2.3459,2.3459,2.3459,890,0
1995-08-21,2.3459,2.3459,2.3459,2.3459,0,0
1995-08-22,2.3459,2.3459,2.3459,2.3459,0,0
1995-08-23,2.3459,2.3459,2.3459,2.3459,0,0
1995-08-24,2.3459,2.3459,2.3459,2.3459,0,0
1995-08-25,2.3459,2.3459,2.3459,2.3459,0,0
1995-08-28,2.3459,2.3459,2.3459,2.3459,0,0
1995-08-29,2.3459,2.3459,2.3459,2.3459,0,0
1995-08-30,2.3459,2.3459,2.3459,2.3459,0,0
1995-08-31,2.3459,2.3459,2.3459,2.3459,0,0
1995-09-01,2.2553,2.2553,2.2553,2.2553,3542,0
1995-09-05,2.2553,2.2553,2.2553,2.2553,0,0
1995-09-06,2.2553,2.2553,2.2553,2.2553,0,0
1995-09-07,2.2553,2.2553,2.2553,2.2553,0,0
1995-09-08,2.2286,2.2553,2.2286,2.2553,8418,0
1995-09-11,2.2553,2.2553,2.2553,2.2553,0,0
1995-09-12,2.2553,2.2553,2.2553,2.2553,0,0
1995-09-13,2.2829,2.3097,2.2829,2.3097,2214,0
1995-09-14,2.3097,2.3097,2.3097,2.3097,0,0
1995-09-15,2.3097,2.3097,2.3097,2.3097,0,0
1995-09-18,2.3097,2.3097,2.3097,2.3097,0,0
1995-09-19,2.3097,2.3097,2.3097,2.3097,0,0
1995-09-20,2.2829,2.2829,2.2553,2.2553,3991,0
1995-09-21,2.2553,2.2553,2.2553,2.2553,0,0
1995-09-22,2.2553,2.2553,2.2553,2.2553,0,0
1995-09-25,2.2553,2.2553,2.2553,2.2553,0,0
1995-09-26,2.2553,2.2553,2.2553,2.2553,0,0
1995-09-27,2.2013,2.2013,2.2013,2.2013,15075,0
1995-09-28,2.2013,2.2013,2.2013,2.2013,0,0
1995-09-29,2.2013,2.2013,2.2013,2.2013,0,0
1995-10-02,2.2013,2.2013,2.2013,2.2013,0,0
1995-10-03,2.2553,2.3097,2.2553,2.3097,13740,0
1995-10-04,2.3097,2.3097,2.3097,2.3097,0,0
1995-10-05,2.3097,2.3097,2.3097,2.3097,0,0
1995-10-06,2.3097,2.3097,2.3097,2.3097,0,0
1995-10-09,2.3097,2.3097,2.3097,2.3097,0,0
1995-10-10,2.3097,2.3097,2.3097,2.3097,0,0
1995-10-11,2.3097,2.3097,2.3097,2.3097,0,0
1995-10-12,2.3097,2.3097,2.3097,2.3097,0,0
1995-10-13,2.3097,2.3097,2.3097,2.3097,0,0
1995-10-16,2.1475,2.1475,2.1475,2.1475,1330,0
1995-10-17,2.1475,2.1475,2.1475,2.1475,0,0
1995-10-18,2.1475,2.1475,2.1475,2.1475,0,0
1995-10-19,2.0841,2.0841,2.0841,2.0841,1330,0
1995-10-20,2.0841,2.0841,2.0841,2.0841,0,0
1995-10-23,2.0841,2.0841,2.0841,2.0841,0,0
1995-10-24,2.0841,2.0841,2.0841,2.0841,0,0
1995-10-25,2.0841,2.0841,2.0841,2.0841,0,0
1995-10-26,2.0841,2.0841,2.0841,2.0841,0,0
1995-10-27,2.0841,2.0841,2.0841,2.0841,0,0
1995-10-30,2.0841,2.0841,2.0841,2.0841,0,0
1995-10-31,2.1475,2.1475,2.1475,2.1475,3542,0
1995-11-01,2.1475,2.1475,2.1475,2.1475,0,0
1995-11-02,2.1475,2.1475,2.1475,2.1475,0,0
1995-11-03,2.1475,2.1475,2.1475,2.1475,0,0
1995-11-06,2.1475,2.1475,2.1475,2.1475,0,0
1995-11-07,2.03,2.03,2.03,2.03,890,0
1995-11-08,2.03,2.03,2.03,2.03,0,0
1995-11-09,2.2013,2.2013,2.2013,2.2013,3542,0
1995-11-10,2.2013,2.2013,2.2013,2.2013,0,0
1995-11-13,2.2013,2.2013,2.2013,2.2013,0,0
1995-11-14,2.2013,2.2013,2.2013,2.2013,0,0
1995-11-15,2.2013,2.2013,2.2013,2.2013,0,0
1995-11-16,2.2013,2.2013,2.2013,2.2013,0,0
1995-11-17,2.2013,2.2013,2.2013,2.2013,0,0
1995-11-20,2.1746,2.2553,2.1746,2.2553,3991,0
1995-11-21,2.2553,2.2553,2.2553,2.2553,0,0
1995-11-22,2.2553,2.2553,2.2553,2.2553,1330,0
1995-11-24,2.2553,2.2553,2.2553,2.2553,0,0
1995-11-27,2.2553,2.364,2.2553,2.364,10193,0
1995-11-28,2.481,2.481,2.481,2.481,7099,0
1995-11-29,2.481,2.481,2.481,2.481,0,0
1995-11-30,2.481,2.481,2.481,2.481,0,0
1995-12-01,2.481,2.481,2.481,2.481,0,0
1995-12-04,2.481,2.481,2.481,2.481,0,0
1995-12-05,2.481,2.481,2.481,2.481,0,0
1995-12-06,2.481,2.481,2.481,2.481,0,0
1995-12-07,2.481,2.481,2.481,2.481,0,0
1995-12-08,2.481,2.481,2.481,2.481,0,0
1995-12-11,2.481,2.481,2.481,2.481,0,0
1995-12-12,2.481,2.481,2.481,2.481,0,0
1995-12-13,2.481,2.481,2.481,2.481,0,0
1995-12-14,2.481,2.481,2.481,2.481,0,0
1995-12-15,2.481,2.481,2.481,2.481,0,0
1995-12-18,2.481,2.481,2.481,2.481,0,0
1995-12-19,2.6257,2.6526,2.6257,2.6526,4875,0
1995-12-20,2.6526,2.6526,2.6526,2.6526,0,0
1995-12-21,2.6257,2.6257,2.6257,2.6257,890,0
1995-12-22,2.6257,2.6257,2.6257,2.6257,0,0
1995-12-26,2.6257,2.6257,2.6257,2.6257,0,0
1995-12-27,2.6257,2.6257,2.6257,2.6257,0,0
1995-12-28,2.6257,2.6257,2.6257,2.6257,0,0
1995-12-29,2.6257,2.6257,2.6257,2.6257,0,0
1996-01-02,2.6257,2.6257,2.6257,2.6257,3542,0
1996-01-03,2.6526,2.6526,2.6526,2.6526,890,0
1996-01-04,2.7067,2.7612,2.7067,2.7612,5321,0
1996-01-05,2.815,2.8514,2.7968,2.8514,11973,0
1996-01-08,2.9325,2.9325,2.9325,2.9325,2660,0
1996-01-09,2.9325,2.9325,2.9325,2.9325,0,0
1996-01-10,2.8779,2.8779,2.8779,2.8779,3542,0
1996-01-11,2.8779,2.8779,2.8779,2.8779,0,0
1996-01-12,2.8779,2.8779,2.8514,2.8779,12413,0
1996-01-15,2.815,2.815,2.815,2.815,7099,0
1996-01-16,2.815,2.815,2.815,2.815,0,0
1996-01-17,2.815,2.9049,2.815,2.9049,16399,0
1996-01-18,2.9049,2.9049,2.9049,2.9049,0,0
1996-01-19,2.8779,2.8779,2.8779,2.8779,1330,0
1996-01-22,2.8779,2.8779,2.8779,2.8779,0,0
1996-01-23,2.8779,2.8779,2.8779,2.8779,0,0
1996-01-24,2.9595,2.9864,2.9595,2.9864,3991,0
1996-01-25,2.9864,2.9864,2.9864,2.9864,2214,0
1996-01-26,3.0765,3.0765,3.0765,3.0765,3542,0
1996-01-29,3.1037,3.1311,3.1037,3.1311,10193,0
1996-01-30,3.1311,3.1311,3.1311,3.1311,0,0
1996-01-31,3.1847,3.1847,3.1847,3.1847,890,0
1996-02-01,3.3563,3.3563,3.2658,3.2658,23054,0
1996-02-02,3.3023,3.3023,3.3023,3.3023,890,0
1996-02-05,3.3833,3.3833,3.3833,3.3833,2660,0
1996-02-06,3.5005,3.5005,3.4375,3.4734,6210,0
1996-02-07,3.4734,3.5005,3.4734,3.5005,18175,0
1996-02-08,3.4103,3.4103,3.4103,3.4103,1330,0
1996-02-09,3.4103,3.4103,3.4103,3.4103,0,0
1996-02-12,3.4103,3.4103,3.4103,3.4103,0,0
1996-02-13,3.4103,3.4103,3.4103,3.4103,0,0
1996-02-14,3.2658,3.2658,3.2658,3.2658,13740,0
1996-02-15,3.2658,3.3023,3.2658,3.3023,3991,0
1996-02-16,3.4375,3.6628,3.4375,3.6628,11973,0
1996-02-20,3.6628,3.6628,3.6628,3.6628,0,0
1996-02-21,4.033,4.033,3.8887,3.8887,3991,0
1996-02-22,3.8887,3.8887,3.8887,3.8887,0,0
1996-02-23,3.8887,3.9517,3.8887,3.9517,3991,0
1996-02-26,3.9789,4.033,3.9789,4.006,4875,0
1996-02-27,3.9789,3.9789,3.9517,3.9517,18620,0
1996-02-28,3.9517,3.9517,3.9517,3.9517,0,0
1996-02-29,3.9789,4.006,3.9789,4.006,1330,0
1996-03-01,4.1685,4.2317,4.1409,4.2317,96205,0
1996-03-04,4.1685,4.1685,4.0872,4.1145,8868,0
1996-03-05,4.1145,4.1145,4.1145,4.1145,0,0
1996-03-06,4.1685,4.1685,4.1685,4.1685,7099,0
1996-03-07,4.2589,4.3398,4.2589,4.3398,7099,0
1996-03-08,4.5113,4.5113,4.5113,4.5113,8418,0
1996-03-11,4.5113,4.5113,4.5113,4.5113,0,0
1996-03-12,4.5113,4.5113,4.5113,4.5113,0,0
1996-03-13,4.5113,4.5113,4.5113,4.5113,0,0
1996-03-14,4.4569,4.4569,4.4569,4.4569,890,0
1996-03-15,4.4569,4.4569,4.4569,4.4569,1330,0
1996-03-18,4.4569,4.4569,4.4569,4.4569,890,0
1996-03-19,4.4569,4.4569,4.4569,4.4569,0,0
1996-03-20,4.4569,4.4569,4.4569,4.4569,0,0
1996-03-21,4.4569,4.4569,4.4569,4.4569,0,0
1996-03-22,4.4569,4.4569,4.4569,4.4569,0,0
1996-03-25,4.403,4.403,4.403,4.403,7099,0
1996-03-26,4.403,4.4837,4.403,4.4837,11087,0
1996-03-27,4.4837,4.4837,4.4837,4.4837,1330,0
1996-03-28,4.4837,4.4837,4.4837,4.4837,0,0
1996-03-29,4.4837,4.4837,4.4837,4.4837,0,0
1996-04-01,4.4837,4.4837,4.4837,4.4837,0,0
1996-04-02,4.4837,4.4837,4.4837,4.4837,0,0
1996-04-03,4.4837,4.4837,4.4837,4.4837,0,0
1996-04-04,4.4837,4.4837,4.4837,4.4837,0,0
1996-04-08,4.4837,4.4837,4.4837,4.4837,0,0
1996-04-09,4.4837,4.4837,4.4837,4.4837,0,0
1996-04-10,4.3129,4.3129,4.3129,4.3129,3542,0
1996-04-11,4.3669,4.403,4.3669,4.403,2214,0
1996-04-12,4.3398,4.3398,4.3398,4.3398,890,0
1996-04-15,4.3398,4.3398,4.3398,4.3398,0,0
1996-04-16,4.3398,4.3398,4.3398,4.3398,0,0
1996-04-17,4.3398,4.3398,4.3398,4.3398,0,0
1996-04-18,4.3129,4.3129,4.3129,4.3129,890,0
1996-04-19,4.3129,4.3129,4.3129,4.3129,0,0
1996-04-22,4.3129,4.3129,4.3129,4.3129,0,0
1996-04-23,4.3398,4.3669,4.3398,4.3669,2214,0
1996-04-24,4.3669,4.3669,4.3669,4.3669,0,0
1996-04-25,4.3669,4.3669,4.3669,4.3669,0,0
1996-04-26,4.3669,4.3669,4.3669,4.3669,0,0
1996-04-29,4.3669,4.3669,4.3669,4.3669,0,0
1996-04-30,4.3669,4.3669,4.3669,4.3669,0,0
1996-05-01,4.3669,4.3669,4.3669,4.3669,0,0
1996-05-02,4.3669,4.3669,4.3669,4.3669,0,0
1996-05-03,4.3669,4.3669,4.3669,4.3669,0,0
1996-05-06,4.3669,4.3669,4.3669,4.3669,0,0
1996-05-07,4.403,4.4299,4.403,4.4299,8418,0
1996-05-08,4.5113,4.5113,4.5113,4.5113,3542,0
1996-05-09,4.5653,4.6194,4.5653,4.6194,2214,0
1996-05-10,4.6194,4.6194,4.6194,4.6194,0,0
1996-05-13,4.5113,4.5113,4.4837,4.4837,2660,0
1996-05-14,4.4837,4.4837,4.4837,4.4837,0,0
1996-05-15,4.4837,4.4837,4.4837,4.4837,0,0
1996-05-16,4.3129,4.3129,4.2853,4.2853,3542,0
1996-05-17,4.2853,4.2853,4.2853,4.2853,0,0
1996-05-20,4.2853,4.2853,4.2853,4.2853,0,0
1996-05-21,4.2853,4.2853,4.2853,4.2853,0,0
1996-05-22,4.2853,4.2853,4.2853,4.2853,0,0
1996-05-23,4.2853,4.2853,4.2853,4.2853,0,0
1996-05-24,4.2853,4.2853,4.2853,4.2853,0,0
1996-05-28,4.2317,4.2317,4.2317,4.2317,2214,0
1996-05-29,4.2317,4.2317,4.2317,4.2317,0,0
1996-05-30,4.2853,4.2853,4.2853,4.2853,890,0
1996-05-31,4.2853,4.2853,4.2853,4.2853,0,0
1996-06-03,4.2853,4.2853,4.2853,4.2853,0,0
1996-06-04,4.2853,4.2853,4.2853,4.2853,0,0
1996-06-05,4.2853,4.2853,4.2853,4.2853,0,0
1996-06-06,4.0603,4.0603,3.8887,3.8887,8418,0
1996-06-07,3.8887,3.8887,3.8887,3.8887,0,0
1996-06-10,3.7804,3.7804,3.7804,3.7804,6210,0
1996-06-11,3.7804,3.7804,3.7804,3.7804,0,0
1996-06-12,3.7804,3.7804,3.7804,3.7804,0,0
1996-06-13,3.8344,3.8344,3.8344,3.8344,1330,0
1996-06-14,3.7531,3.7531,3.7531,3.7531,2660,0
1996-06-17,3.7531,3.7531,3.7531,3.7531,0,0
1996-06-18,3.7531,3.7531,3.7531,3.7531,0,0
1996-06-19,3.6903,3.6903,3.6903,3.6903,1330,0
1996-06-20,3.6903,3.6903,3.6903,3.6903,0,0
1996-06-21,3.6358,3.6358,3.6358,3.6358,5321,0
1996-06-24,3.6092,3.6628,3.5816,3.6628,6210,0
1996-06-25,3.6628,3.6628,3.6628,3.6628,0,0
1996-06-26,3.717,3.717,3.717,3.717,1330,0
1996-06-27,3.717,3.717,3.717,3.717,0,0
1996-06-28,3.717,3.7531,3.717,3.7531,3991,0
1996-07-01,3.7531,3.7531,3.7531,3.7531,0,0
1996-07-02,3.7804,3.7804,3.7804,3.7804,890,0
1996-07-03,3.7804,3.7804,3.7804,3.7804,0,0
1996-07-05,3.717,3.717,3.6903,3.6903,2214,0
1996-07-08,3.6903,3.6903,3.6903,3.6903,0,0
1996-07-09,3.6903,3.6903,3.6903,3.6903,0,0
1996-07-10,3.6903,3.6903,3.6903,3.6903,0,0
1996-07-11,3.6358,3.6628,3.6358,3.6628,3542,0
1996-07-12,3.6628,3.6628,3.6628,3.6628,0,0
1996-07-15,3.717,3.717,3.717,3.717,0,0
1996-07-16,3.717,3.717,3.717,3.717,0,0
1996-07-17,3.717,3.717,3.717,3.717,0,0
1996-07-18,3.717,3.717,3.717,3.717,0,0
1996-07-19,3.717,3.717,3.717,3.717,0,0
1996-07-22,3.717,3.717,3.717,3.717,0,0
1996-07-23,3.6092,3.6092,3.5551,3.5551,1994,0
1996-07-24,3.5551,3.5551,3.5551,3.5551,0,0
1996-07-25,3.6092,3.672,3.6092,3.672,1774,0
1996-07-26,3.6092,3.6092,3.6092,3.6092,445,0
1996-07-29,3.6092,3.6092,3.6092,3.6092,0,0
1996-07-30,3.6092,3.6092,3.6092,3.6092,0,0
1996-07-31,3.6092,3.6092,3.6092,3.6092,0,0
1996-08-01,3.6092,3.6092,3.6092,3.6092,0,0
1996-08-02,3.6092,3.6092,3.6092,3.6092,0,0
1996-08-05,3.717,3.717,3.717,3.717,1108,0
1996-08-06,3.8344,3.8975,3.8344,3.8975,8648,0
1996-08-07,3.9517,4.006,3.9517,4.006,6867,0
1996-08-08,4.1228,4.1685,4.1228,4.1685,5099,0
1996-08-09,4.0603,4.0603,4.0603,4.0603,3542,0
1996-08-12,4.0603,4.0603,4.0603,4.0603,0,0
1996-08-13,4.006,4.006,3.9517,3.9517,3542,0
1996-08-14,3.9517,3.9517,3.9517,3.9517,0,0
1996-08-15,3.9517,3.9517,3.9517,3.9517,0,0
1996-08-16,3.9517,3.9517,3.9517,3.9517,0,0
1996-08-19,3.8344,3.8344,3.7804,3.8344,10415,0
1996-08-20,3.8344,3.9517,3.8344,3.9517,46110,0
1996-08-21,3.8975,3.9517,3.8975,3.9517,2433,0
1996-08-22,4.006,4.006,4.006,4.006,1774,0
1996-08-23,4.006,4.0603,4.006,4.0603,7312,0
1996-08-26,4.0603,4.0603,4.0603,4.0603,0,0
1996-08-27,4.0603,4.0603,4.0603,4.0603,0,0
1996-08-28,4.1685,4.4569,4.1685,4.4569,12187,0
1996-08-29,4.5113,4.5742,4.5113,4.5113,9309,0
1996-08-30,4.5113,4.5113,4.403,4.403,5985,0
1996-09-03,4.403,4.403,4.403,4.403,0,0
1996-09-04,4.403,4.403,4.403,4.403,0,0
1996-09-05,4.403,4.403,4.403,4.403,0,0
1996-09-06,4.403,4.403,4.403,4.403,0,0
1996-09-09,4.4569,4.5113,4.4569,4.5113,8648,0
1996-09-10,4.5113,4.5113,4.5113,4.5113,0,0
1996-09-11,4.5113,4.5113,4.5113,4.5113,0,0
1996-09-12,4.5113,4.5113,4.5113,4.5113,0,0
1996-09-13,4.5742,4.5742,4.5742,4.5742,1774,0
1996-09-16,4.5742,4.5742,4.5742,4.5742,0,0
1996-09-17,4.403,4.403,4.403,4.403,8648,0
1996-09-18,4.403,4.403,4.403,4.403,0,0
1996-09-19,4.403,4.403,4.403,4.403,0,0
1996-09-20,4.3488,4.3488,4.2317,4.2317,4214,0
1996-09-23,4.2317,4.2317,4.2317,4.2317,0,0
1996-09-24,4.1685,4.1685,4.1685,4.1685,3767,0
1996-09-25,4.1228,4.1685,4.1228,4.1685,5985,0
1996-09-26,4.1228,4.1228,4.006,4.0603,5539,0
1996-09-27,4.0603,4.0603,4.0603,4.0603,0,0
1996-09-30,4.0603,4.0603,4.0603,4.0603,0,0
1996-10-01,4.0603,4.0603,4.0603,4.0603,0,0
1996-10-02,4.0603,4.0603,4.0603,4.0603,0,0
1996-10-03,4.006,4.006,4.006,4.006,663,0
1996-10-04,4.1228,4.2853,4.1228,4.2853,5099,0
1996-10-07,4.3488,4.403,4.3488,4.403,1994,0
1996-10-08,4.403,4.403,4.403,4.403,0,0
1996-10-09,4.403,4.403,4.403,4.403,0,0
1996-10-10,4.403,4.403,4.403,4.403,0,0
1996-10-11,4.4569,4.4569,4.4569,4.4569,1774,0
1996-10-14,4.4569,4.4569,4.4569,4.4569,0,0
1996-10-15,4.4569,4.4569,4.4569,4.4569,0,0
1996-10-16,4.403,4.403,4.403,4.403,1774,0
1996-10-17,4.403,4.403,4.403,4.403,0,0
1996-10-18,4.403,4.403,4.3488,4.3488,5099,0
1996-10-21,4.3488,4.3488,4.3488,4.3488,0,0
1996-10-22,4.2853,4.2853,4.2853,4.2853,663,0
1996-10-23,4.2853,4.2853,4.2853,4.2853,0,0
1996-10-24,4.2853,4.2853,4.2853,4.2853,0,0
1996-10-25,4.2853,4.2853,4.2853,4.2853,0,0
1996-10-28,4.1685,4.1685,4.1685,4.1685,663,0
1996-10-29,4.1228,4.1228,4.1228,4.1228,663,0
1996-10-30,4.1228,4.1228,4.1228,4.1228,0,0
1996-10-31,4.1228,4.1228,4.1228,4.1228,0,0
1996-11-01,4.1228,4.1228,4.1228,4.1228,0,0
1996-11-04,4.1228,4.1228,4.1228,4.1228,663,0
1996-11-05,4.1228,4.1228,4.1228,4.1228,0,0
1996-11-06,4.1228,4.1228,4.1228,4.1228,0,0
1996-11-07,4.1228,4.1228,4.1228,4.1228,0,0
1996-11-08,4.1228,4.1228,4.1228,4.1228,0,0
1996-11-11,4.1228,4.1228,4.1228,4.1228,0,0
1996-11-12,4.1228,4.1228,4.1228,4.1228,0,0
1996-11-13,4.2317,4.2317,4.2317,4.2317,1774,0
1996-11-14,4.2317,4.2317,4.2317,4.2317,0,0
1996-11-15,4.2317,4.2317,4.2317,4.2317,0,0
1996-11-18,4.1685,4.1685,4.1685,4.1685,3542,0
1996-11-19,4.1685,4.1685,4.1685,4.1685,0,0
1996-11-20,4.1685,4.1685,4.1685,4.1685,663,0
1996-11-21,4.1685,4.1685,4.1685,4.1685,0,0
1996-11-22,4.1685,4.1685,4.1685,4.1685,0,0
1996-11-25,4.1228,4.1228,4.1228,4.1228,1774,0
1996-11-26,4.1228,4.1228,4.1228,4.1228,0,0
1996-11-27,4.1228,4.1228,4.1228,4.1228,0,0
1996-11-29,4.1228,4.1228,4.1228,4.1228,0,0
1996-12-02,4.1685,4.1685,4.1685,4.1685,3542,0
1996-12-03,4.1228,4.1228,4.0603,4.0603,3767,0
1996-12-04,4.006,4.006,4.006,4.006,445,0
1996-12-05,4.006,4.006,4.006,4.006,0,0
1996-12-06,3.8975,3.8975,3.8975,3.8975,1774,0
1996-12-09,3.8344,3.8344,3.8344,3.8344,1108,0
1996-12-10,3.8344,3.8344,3.8344,3.8344,0,0
1996-12-11,3.8344,3.8344,3.8344,3.8344,0,0
1996-12-12,3.8344,3.8344,3.8344,3.8344,0,0
1996-12-13,3.8975,3.8975,3.8344,3.8344,3542,0
1996-12-16,3.8344,3.8344,3.8344,3.8344,0,0
1996-12-17,3.8344,3.8344,3.8344,3.8344,0,0
1996-12-18,3.8344,3.8344,3.8344,3.8344,0,0
1996-12-19,3.8344,3.8344,3.8344,3.8344,0,0
1996-12-20,3.8344,3.8344,3.8344,3.8344,0,0
1996-12-23,3.8344,3.8344,3.8344,3.8344,0,0
1996-12-24,3.8975,3.8975,3.8975,3.8975,1774,0
1996-12-26,3.8975,3.8975,3.8975,3.8975,0,0
1996-12-27,3.8975,3.8975,3.8975,3.8975,0,0
1996-12-30,3.8344,3.8344,3.8344,3.8344,1108,0
1996-12-31,3.8344,3.8344,3.8344,3.8344,0,0
1997-01-02,3.7804,3.7804,3.7804,3.7804,663,0
1997-01-03,3.7804,3.7804,3.7804,3.7804,0,0
1997-01-06,3.717,3.717,3.717,3.717,2660,0
1997-01-07,3.717,3.717,3.717,3.717,0,0
1997-01-08,3.672,3.672,3.6092,3.6092,3542,0
1997-01-09,3.6092,3.6092,3.6092,3.6092,6210,0
1997-01-10,3.6092,3.6092,3.6092,3.6092,0,0
1997-01-13,3.6092,3.672,3.6092,3.672,46770,0
1997-01-14,3.6092,3.6092,3.6092,3.6092,663,0
1997-01-15,3.6092,3.6092,3.6092,3.6092,0,0
1997-01-16,3.6092,3.6092,3.6092,3.6092,663,0
1997-01-17,3.672,3.7804,3.672,3.7804,10415,0
1997-01-20,3.7804,3.7804,3.7804,3.7804,0,0
1997-01-21,3.7804,3.7804,3.7804,3.7804,0,0
1997-01-22,3.7804,3.7804,3.7804,3.7804,0,0
1997-01-23,3.717,3.717,3.717,3.717,1774,0
1997-01-24,3.717,3.717,3.717,3.717,0,0
1997-01-27,3.672,3.672,3.672,3.672,1994,0
1997-01-28,3.672,3.672,3.672,3.672,0,0
1997-01-29,3.672,3.672,3.672,3.672,0,0
1997-01-30,3.6092,3.6092,3.6092,3.6092,1994,0
1997-01-31,3.6092,3.6092,3.6092,3.6092,0,0
1997-02-03,3.6092,3.6092,3.6092,3.6092,0,0
1997-02-04,3.6092,3.6092,3.6092,3.6092,0,0
1997-02-05,3.6092,3.6092,3.6092,3.6092,0,0
1997-02-06,3.5551,3.5551,3.4375,3.4375,5539,0
1997-02-07,3.4375,3.4375,3.4375,3.4375,0,0
1997-02-10,3.3833,3.3833,3.2658,3.2658,6210,0
1997-02-11,3.2121,3.2121,3.1576,3.1576,3104,0
1997-02-12,3.2121,3.3293,3.2121,3.3293,7536,0
1997-02-13,3.3293,3.3293,3.3293,3.3293,663,0
1997-02-14,3.3833,3.3833,3.3833,3.3833,3767,0
1997-02-18,3.4375,3.4375,3.4375,3.4375,3542,0
1997-02-19,3.3833,3.4375,3.3833,3.4375,2433,0
1997-02-20,3.5005,3.5005,3.5005,3.5005,3542,0
1997-02-21,3.5005,3.5551,3.5005,3.5551,1994,0
1997-02-24,3.5551,3.5551,3.5551,3.5551,0,0
1997-02-25,3.5551,3.5551,3.5551,3.5551,1330,0
1997-02-26,3.5551,3.5551,3.5005,3.5551,7312,0
1997-02-27,3.6092,3.6092,3.6092,3.6092,445,0
1997-02-28,3.6092,3.6092,3.6092,3.6092,2433,0
1997-03-03,3.6092,3.6092,3.6092,3.6092,0,0
1997-03-04,3.672,3.672,3.672,3.672,663,0
1997-03-05,3.672,3.672,3.672,3.672,0,0
1997-03-06,3.6092,3.6092,3.6092,3.6092,3542,0
1997-03-07,3.6092,3.6092,3.6092,3.6092,0,0
1997-03-10,3.6092,3.6092,3.6092,3.6092,0,0
1997-03-11,3.5551,3.5551,3.5551,3.5551,2433,0
1997-03-12,3.5005,3.5005,3.5005,3.5005,445,0
1997-03-13,3.672,3.7804,3.672,3.7804,15516,0
1997-03-14,3.7804,3.7804,3.7804,3.7804,0,0
1997-03-17,3.7804,3.7804,3.7804,3.7804,0,0
1997-03-18,3.717,3.7804,3.717,3.7804,2433,0
1997-03-19,3.717,3.717,3.717,3.717,6867,0
1997-03-20,3.7804,3.7804,3.7804,3.7804,1774,0
1997-03-21,3.7804,3.7804,3.7804,3.7804,0,0
1997-03-24,3.7804,3.7804,3.7804,3.7804,0,0
1997-03-25,3.7804,3.7804,3.7804,3.7804,0,0
1997-03-26,3.7804,3.8344,3.7804,3.8344,1330,0
1997-03-27,3.8344,3.8344,3.8344,3.8344,0,0
1997-03-31,3.8344,3.8344,3.8344,3.8344,0,0
1997-04-01,3.8975,3.9517,3.8975,3.9517,1108,0
1997-04-02,3.9517,3.9517,3.9517,3.9517,0,0
1997-04-03,3.9517,3.9517,3.9517,3.9517,0,0
1997-04-04,3.9517,3.9517,3.9517,3.9517,0,0
1997-04-07,3.9517,3.9517,3.9517,3.9517,0,0
1997-04-08,3.9517,3.9517,3.9517,3.9517,0,0
1997-04-09,3.9517,3.9517,3.9517,3.9517,0,0
1997-04-10,3.9517,3.9517,3.9517,3.9517,0,0
1997-04-11,3.8975,3.8975,3.717,3.717,9309,0
1997-04-14,3.672,3.672,3.672,3.672,1774,0
1997-04-15,3.672,3.672,3.672,3.672,0,0
1997-04-16,3.672,3.672,3.672,3.672,0,0
1997-04-17,3.672,3.672,3.672,3.672,0,0
1997-04-18,3.672,3.672,3.672,3.672,0,0
1997-04-21,3.672,3.672,3.672,3.672,0,0
1997-04-22,3.6092,3.6092,3.6092,3.6092,3542,0
1997-04-23,3.5551,3.5551,3.5551,3.5551,1994,0
1997-04-24,3.5005,3.5005,3.5005,3.5005,1330,0
1997-04-25,3.5005,3.5005,3.5005,3.5005,0,0
1997-04-28,3.4375,3.4375,3.2658,3.2658,17291,0
1997-04-29,3.2658,3.2658,3.2658,3.2658,1774,0
1997-04-30,3.2658,3.2658,3.2658,3.2658,0,0
1997-05-01,3.2658,3.2658,3.2658,3.2658,0,0
1997-05-02,3.2658,3.2658,3.2658,3.2658,0,0
1997-05-05,3.3293,3.3293,3.3293,3.3293,5099,0
1997-05-06,3.3833,3.3833,3.3833,3.3833,5099,0
1997-05-07,3.3833,3.3833,3.3833,3.3833,0,0
1997-05-08,3.4375,3.4375,3.4375,3.4375,8648,0
1997-05-09,3.4375,3.4375,3.4375,3.4375,0,0
1997-05-12,3.5551,3.6092,3.5551,3.5551,5539,0
1997-05-13,3.6092,3.717,3.6092,3.717,5539,0
1997-05-14,3.672,3.672,3.672,3.672,3542,0
1997-05-15,3.672,3.672,3.672,3.672,0,0
1997-05-16,3.6092,3.6092,3.4375,3.4375,13740,0
1997-05-19,3.4375,3.4375,3.4375,3.4375,0,0
1997-05-20,3.4375,3.4375,3.4375,3.4375,0,0
1997-05-21,3.4375,3.4375,3.4375,3.4375,0,0
1997-05-22,3.3833,3.3833,3.2658,3.3293,14187,0
1997-05-23,3.3293,3.3293,3.3293,3.3293,0,0
1997-05-27,3.3833,3.3833,3.3833,3.3833,3542,0
1997-05-28,3.3833,3.3833,3.3833,3.3833,0,0
1997-05-29,3.3833,3.3833,3.3833,3.3833,0,0
1997-05-30,3.3833,3.3833,3.3833,3.3833,0,0
1997-06-02,3.3833,3.3833,3.3833,3.3833,0,0
1997-06-03,3.3833,3.3833,3.3833,3.3833,0,0
1997-06-04,3.3833,3.3833,3.3833,3.3833,0,0
1997-06-05,3.3833,3.3833,3.3833,3.3833,0,0
1997-06-06,3.3833,3.3833,3.3833,3.3833,0,0
1997-06-09,3.3833,3.3833,3.3833,3.3833,0,0
1997-06-10,3.3833,3.3833,3.3833,3.3833,0,0
1997-06-11,3.4375,3.4375,3.4375,3.4375,1994,0
1997-06-12,3.4375,3.4375,3.4375,3.4375,0,0
1997-06-13,3.4375,3.4375,3.4375,3.4375,0,0
1997-06-16,3.4375,3.4375,3.4375,3.4375,0,0
1997-06-17,3.3833,3.3833,3.2121,3.2121,11748,0
1997-06-18,3.2658,3.3833,3.2658,3.3833,12413,0
1997-06-19,3.3833,3.3833,3.3833,3.3833,0,0
1997-06-20,3.3293,3.3293,3.2658,3.2658,3767,0
1997-06-23,3.2658,3.2658,3.2658,3.2658,0,0
1997-06-24,3.2658,3.2658,3.2658,3.2658,0,0
1997-06-25,3.2658,3.2658,3.2658,3.2658,445,0
1997-06-26,3.2658,3.2658,3.2658,3.2658,0,0
1997-06-27,3.2658,3.2658,3.2658,3.2658,0,0
1997-06-30,3.2658,3.2658,3.2658,3.2658,0,0
1997-07-01,3.2658,3.2658,3.2658,3.2658,0,0
1997-07-02,3.2658,3.2658,3.2658,3.2658,0,0
1997-07-03,3.2658,3.2658,3.2658,3.2658,0,0
1997-07-07,3.2121,3.2121,3.1576,3.1576,4214,0
1997-07-08,3.1576,3.1576,3.1576,3.1576,0,0
1997-07-09,3.1576,3.1576,3.1576,3.1576,0,0
1997-07-10,3.1576,3.1576,3.1576,3.1576,0,0
1997-07-11,3.1576,3.1576,3.1576,3.1576,0,0
1997-07-14,3.1037,3.1037,3.1037,3.1037,663,0
1997-07-15,3.1037,3.1037,3.1037,3.1037,0,0
1997-07-16,2.9864,2.9864,2.9864,2.9864,663,0
1997-07-17,2.9864,2.9864,2.9864,2.9864,0,0
1997-07-18,2.9864,2.9864,2.9864,2.9864,0,0
1997-07-21,2.9864,2.9864,2.9864,2.9864,0,0
1997-07-22,2.9864,2.9864,2.9864,2.9864,0,0
1997-07-23,2.8422,2.8779,2.8422,2.8779,4875,0
1997-07-24,2.8779,2.8779,2.8779,2.8779,0,0
1997-07-25,2.8779,2.8779,2.8779,2.8779,0,0
1997-07-28,2.8779,2.8779,2.8779,2.8779,0,0
1997-07-29,2.8779,2.8779,2.8779,2.8779,0,0
1997-07-30,2.8779,2.8779,2.8779,2.8779,0,0
1997-07-31,2.8779,2.8779,2.8779,2.8779,0,0
1997-08-01,2.8779,2.8779,2.8779,2.8779,0,0
1997-08-04,2.8779,2.8779,2.8779,2.8779,0,0
1997-08-05,2.8779,2.8779,2.8779,2.8779,0,0
1997-08-06,2.8779,2.8779,2.8779,2.8779,0,0
1997-08-07,2.8779,2.8779,2.8779,2.8779,0,0
1997-08-08,2.7612,2.7612,2.6795,2.6795,3767,0
1997-08-11,2.6795,2.6795,2.6795,2.6795,0,0
1997-08-12,2.6795,2.6795,2.6795,2.6795,0,0
1997-08-13,2.6795,2.6795,2.6795,2.6795,0,0
1997-08-14,2.7067,2.7067,2.7067,2.7067,3542,0
1997-08-15,2.7067,2.7067,2.7067,2.7067,0,0
1997-08-18,2.7067,2.7067,2.7067,2.7067,0,0
1997-08-19,2.7067,2.7067,2.7067,2.7067,0,0
1997-08-20,2.815,2.815,2.815,2.815,3542,0
1997-08-21,2.815,2.815,2.815,2.815,0,0
1997-08-22,2.815,2.815,2.815,2.815,0,0
1997-08-25,2.815,2.815,2.815,2.815,0,0
1997-08-26,2.9049,2.9049,2.9049,2.9049,1108,0
1997-08-27,2.9049,2.9049,2.9049,2.9049,0,0
1997-08-28,2.9049,2.9049,2.9049,2.9049,0,0
1997-08-29,2.9049,2.9049,2.9049,2.9049,0,0
1997-09-02,2.9049,2.9049,2.9049,2.9049,0,0
1997-09-03,2.9049,2.9049,2.9049,2.9049,0,0
1997-09-04,2.9049,2.9049,2.9049,2.9049,0,0
1997-09-05,2.9049,2.9049,2.9049,2.9049,0,0
1997-09-08,2.9049,2.9049,2.9049,2.9049,0,0
1997-09-09,2.9049,2.9049,2.9049,2.9049,0,0
1997-09-10,2.815,2.815,2.6795,2.6795,8648,0
1997-09-11,2.6795,2.6795,2.6795,2.6795,0,0
1997-09-12,2.6795,2.6795,2.6795,2.6795,0,0
1997-09-15,2.6795,2.6795,2.6795,2.6795,0,0
1997-09-16,2.6795,2.6795,2.6795,2.6795,0,0
1997-09-17,2.6795,2.6795,2.6795,2.6795,0,0
1997-09-18,2.6795,2.6795,2.6795,2.6795,0,0
1997-09-19,2.6795,2.6795,2.6795,2.6795,0,0
1997-09-22,2.6795,2.6795,2.6795,2.6795,0,0
1997-09-23,2.6795,2.6795,2.6795,2.6795,0,0
1997-09-24,2.6795,2.6795,2.6795,2.6795,0,0
1997-09-25,2.6795,2.6795,2.6795,2.6795,0,0
1997-09-26,2.6795,2.6795,2.6795,2.6795,0,0
1997-09-29,2.7067,2.7067,2.7067,2.7067,1774,0
1997-09-30,2.8422,2.8422,2.8422,2.8422,3767,0
1997-10-01,2.9325,2.9325,2.9325,2.9325,445,0
1997-10-02,2.9325,2.9325,2.9325,2.9325,0,0
1997-10-03,2.9325,2.9325,2.9325,2.9325,0,0
1997-10-06,2.9325,2.9325,2.9325,2.9325,0,0
1997-10-07,2.9325,2.9325,2.9325,2.9325,0,0
1997-10-08,2.815,2.815,2.5983,2.7612,24826,0
1997-10-09,2.7612,2.815,2.7612,2.815,7312,0
1997-10-10,2.815,2.815,2.815,2.815,0,0
1997-10-13,2.815,2.815,2.815,2.815,0,0
1997-10-14,2.815,2.815,2.815,2.815,0,0
1997-10-15,2.815,2.815,2.815,2.815,0,0
1997-10-16,2.815,2.815,2.815,2.815,0,0
1997-10-17,2.815,2.815,2.815,2.815,0,0
1997-10-20,2.815,2.815,2.815,2.815,0,0
1997-10-21,2.815,2.815,2.815,2.815,0,0
1997-10-22,2.815,2.815,2.815,2.815,0,0
1997-10-23,2.815,2.815,2.815,2.815,0,0
1997-10-24,2.815,2.815,2.815,2.815,1774,0
1997-10-27,2.7067,2.7067,2.7067,2.7067,1774,0
1997-10-28,2.5353,2.5353,2.5353,2.5353,2433,0
1997-10-29,2.5353,2.5353,2.5353,2.5353,0,0
1997-10-30,2.5353,2.5353,2.5353,2.5353,0,0
1997-10-31,2.481,2.481,2.481,2.481,663,0
1997-11-03,2.481,2.481,2.481,2.481,0,0
1997-11-04,2.481,2.481,2.481,2.481,0,0
1997-11-05,2.481,2.481,2.3097,2.364,6210,0
1997-11-06,2.364,2.364,2.364,2.364,0,0
1997-11-07,2.364,2.364,2.364,2.364,0,0
1997-11-10,2.364,2.364,2.364,2.364,0,0
1997-11-11,2.364,2.364,2.364,2.364,0,0
1997-11-12,2.2553,2.2553,2.2553,2.2553,1774,0
1997-11-13,2.2553,2.2553,2.2553,2.2553,0,0
1997-11-14,2.1475,2.1475,2.1475,2.1475,1774,0
1997-11-17,2.1475,2.1475,2.1475,2.1475,0,0
1997-11-18,2.2013,2.2013,2.1201,2.1201,3104,0
1997-11-19,2.0572,2.0572,2.0572,2.0572,1774,0
1997-11-20,2.0572,2.0572,2.0572,2.0572,0,0
1997-11-21,2.0572,2.0572,2.0572,2.0572,0,0
1997-11-24,2.0572,2.0572,2.0572,2.0572,0,0
1997-11-25,2.1201,2.1201,2.1201,2.1201,663,0
1997-11-26,2.1201,2.1201,2.1201,2.1201,0,0
1997-11-28,2.1201,2.1201,2.1201,2.1201,0,0
1997-12-01,1.9757,1.9757,1.913,1.913,1108,0
1997-12-02,1.7772,1.7772,1.6961,1.6961,10415,0
1997-12-03,1.6961,1.6961,1.6961,1.6961,3542,0
1997-12-04,1.6961,1.6961,1.6961,1.6961,0,0
1997-12-05,1.7772,1.7772,1.7772,1.7772,663,0
1997-12-08,1.7503,1.7503,1.7503,1.7503,14851,0
1997-12-09,1.7503,2.0572,1.7503,1.9757,39457,0
1997-12-10,1.913,1.913,1.913,1.913,1774,0
1997-12-11,1.913,1.913,1.913,1.913,0,0
1997-12-12,1.8585,1.8585,1.8585,1.8585,1108,0
1997-12-15,1.8585,1.8585,1.8585,1.8585,0,0
1997-12-16,1.7772,1.8045,1.7772,1.8045,3767,0
1997-12-17,1.8045,1.8045,1.8045,1.8045,6867,0
1997-12-18,1.8045,1.8045,1.8045,1.8045,0,0
1997-12-19,1.8045,1.8045,1.8045,1.8045,0,0
1997-12-22,1.8045,1.8045,1.8045,1.8045,0,0
1997-12-23,1.8045,1.8045,1.8045,1.8045,0,0
1997-12-24,1.8045,1.8045,1.8045,1.8045,0,0
1997-12-26,1.8045,1.8045,1.8045,1.8045,0,0
1997-12-29,1.8045,1.8045,1.8045,1.8045,0,0
1997-12-30,1.8045,1.8045,1.8045,1.8045,0,0
1997-12-31,1.8045,1.8045,1.8045,1.8045,13740,0
1998-01-02,1.8045,1.8045,1.8045,1.8045,0,0
1998-01-05,1.8045,1.8045,1.8045,1.8045,0,0
1998-01-06,1.8045,1.8045,1.8045,1.8045,0,0
1998-01-07,1.8045,1.8045,1.8045,1.8045,0,0
1998-01-08,1.8045,1.8045,1.8045,1.8045,0,0
1998-01-09,1.8045,1.8045,1.8045,1.8045,0,0
1998-01-12,1.8045,1.8045,1.8045,1.8045,0,0
1998-01-13,1.8045,1.8045,1.8045,1.8045,0,0
1998-01-14,1.8045,1.8045,1.8045,1.8045,0,0
1998-01-15,1.8045,1.8045,1.8045,1.8045,0,0
1998-01-16,1.8045,1.8045,1.8045,1.8045,0,0
1998-01-20,1.8045,1.8045,1.8045,1.8045,0,0
1998-01-21,1.8045,1.8045,1.8045,1.8045,0,0
1998-01-22,1.8045,1.8045,1.8045,1.8045,0,0
1998-01-23,1.8585,1.9395,1.8585,1.9395,5099,0
1998-01-26,1.9395,1.9395,1.9395,1.9395,0,0
1998-01-27,2.0027,2.0027,2.0027,2.0027,1774,0
1998-01-28,2.0572,2.0572,2.0572,2.0572,1774,0
1998-01-29,2.0572,2.0572,2.0572,2.0572,0,0
1998-01-30,2.0572,2.0572,2.0572,2.0572,0,0
1998-02-02,2.0572,2.0572,2.0572,2.0572,0,0
1998-02-03,2.0572,2.0572,2.0572,2.0572,0,0
1998-02-04,2.0572,2.0572,2.0572,2.0572,0,0
1998-02-05,2.1201,2.1653,2.1201,2.1653,10415,0
1998-02-06,2.2286,2.2286,2.2286,2.2286,1774,0
1998-02-09,2.2286,2.2286,2.2286,2.2286,0,0
1998-02-10,2.2553,2.2553,2.2553,2.2553,1774,0
1998-02-11,2.2553,2.2553,2.2553,2.2553,0,0
1998-02-12,2.2553,2.2553,2.2553,2.2553,0,0
1998-02-13,2.2553,2.2553,2.2553,2.2553,0,0
1998-02-17,2.2013,2.2013,2.2013,2.2013,1994,0
1998-02-18,2.2013,2.2013,2.2013,2.2013,0,0
1998-02-19,2.2013,2.2013,2.2013,2.2013,0,0
1998-02-20,2.2013,2.2013,2.2013,2.2013,0,0
1998-02-23,2.2013,2.2013,2.2013,2.2013,0,0
1998-02-24,2.2013,2.2013,2.2013,2.2013,0,0
1998-02-25,2.2013,2.2013,2.2013,2.2013,0,0
1998-02-26,2.2013,2.2013,2.2013,2.2013,0,0
1998-02-27,2.2013,2.2013,2.2013,2.2013,0,0
1998-03-02,2.2013,2.2013,2.2013,2.2013,0,0
1998-03-03,2.2013,2.2013,2.2013,2.2013,0,0
1998-03-04,2.2013,2.2013,2.2013,2.2013,0,0
1998-03-05,2.2013,2.2013,2.2013,2.2013,0,0
1998-03-06,2.1475,2.1475,2.0841,2.0841,3542,0
1998-03-09,2.0841,2.0841,2.0841,2.0841,0,0
1998-03-10,2.0841,2.0841,2.0841,2.0841,0,0
1998-03-11,2.0841,2.0841,2.0841,2.0841,0,0
1998-03-12,2.0841,2.0841,2.0841,2.0841,0,0
1998-03-13,2.03,2.03,1.913,1.913,3104,0
1998-03-16,1.913,1.913,1.913,1.913,0,0
1998-03-17,1.913,1.913,1.913,1.913,0,0
1998-03-18,1.913,1.913,1.913,1.913,0,0
1998-03-19,1.913,1.913,1.913,1.913,0,0
1998-03-20,1.913,1.913,1.913,1.913,0,0
1998-03-23,1.913,1.913,1.913,1.913,0,0
1998-03-24,1.913,1.913,1.913,1.913,0,0
1998-03-25,1.913,1.913,1.913,1.913,0,0
1998-03-26,1.913,1.913,1.913,1.913,0,0
1998-03-27,2.0841,2.0841,2.0841,2.0841,1774,0
1998-03-30,2.1475,2.1475,2.1475,2.1475,1774,0
1998-03-31,2.1475,2.1475,2.1475,2.1475,0,0
1998-04-01,2.1475,2.1475,2.1475,2.1475,0,0
1998-04-02,2.1653,2.2829,2.1653,2.2829,4875,0
1998-04-03,2.3907,2.3907,2.3907,2.3907,1774,0
1998-04-06,2.481,2.481,2.481,2.481,1774,0
1998-04-07,2.481,2.481,2.481,2.481,0,0
1998-04-08,2.481,2.481,2.481,2.481,0,0
1998-04-09,2.481,2.481,2.481,2.481,0,0
1998-04-13,2.481,2.481,2.481,2.481,0,0
1998-04-14,2.5353,2.5353,2.5353,2.5353,1330,0
1998-04-15,2.5353,2.5353,2.5353,2.5353,0,0
1998-04-16,2.5353,2.5353,2.5353,2.5353,0,0
1998-04-17,2.5353,2.5353,2.5353,2.5353,0,0
1998-04-20,2.5353,2.5353,2.5353,2.5353,0,0
1998-04-21,2.5353,2.5353,2.5353,2.5353,0,0
1998-04-22,2.5353,2.5353,2.5353,2.5353,0,0
1998-04-23,2.5353,2.5353,2.5353,2.5353,0,0
1998-04-24,2.5353,2.5353,2.5353,2.5353,0,0
1998-04-27,2.5353,2.5353,2.5353,2.5353,0,0
1998-04-28,2.5353,2.5353,2.5353,2.5353,0,0
1998-04-29,2.5353,2.5353,2.5353,2.5353,0,0
1998-04-30,2.5353,2.5353,2.5353,2.5353,0,0
1998-05-01,2.5353,2.5353,2.5353,2.5353,0,0
1998-05-04,2.481,2.481,2.481,2.481,445,0
1998-05-05,2.481,2.481,2.481,2.481,0,0
1998-05-06,2.481,2.481,2.481,2.481,0,0
1998-05-07,2.481,2.481,2.481,2.481,0,0
1998-05-08,2.481,2.481,2.481,2.481,0,0
1998-05-11,2.4272,2.4272,2.4272,2.4272,2660,0
1998-05-12,2.4272,2.4272,2.4272,2.4272,0,0
1998-05-13,2.4272,2.4272,2.4272,2.4272,0,0
1998-05-14,2.4272,2.4272,2.4272,2.4272,0,0
1998-05-15,2.4272,2.4272,2.4272,2.4272,0,0
1998-05-18,2.4272,2.4272,2.4272,2.4272,0,0
1998-05-19,2.4272,2.4272,2.4272,2.4272,0,0
1998-05-20,2.4272,2.4272,2.4272,2.4272,0,0
1998-05-21,2.4272,2.4272,2.4272,2.4272,0,0
1998-05-22,2.4272,2.4272,2.4272,2.4272,0,0
1998-05-26,2.364,2.364,2.364,2.364,1108,0
1998-05-27,2.364,2.364,2.364,2.364,0,0
1998-05-28,2.364,2.364,2.364,2.364,0,0
1998-05-29,2.364,2.364,2.364,2.364,0,0
1998-06-01,2.364,2.364,2.364,2.364,0,0
1998-06-02,2.364,2.364,2.364,2.364,0,0
1998-06-03,2.364,2.364,2.364,2.364,0,0
1998-06-04,2.364,2.364,2.364,2.364,0,0
1998-06-05,2.364,2.364,2.364,2.364,0,0
1998-06-08,2.364,2.364,2.364,2.364,0,0
1998-06-09,2.3097,2.3097,2.3097,2.3097,663,0
1998-06-10,2.3097,2.3097,2.3097,2.3097,0,0
1998-06-11,2.3097,2.3097,2.3097,2.3097,0,0
1998-06-12,2.3097,2.3097,2.3097,2.3097,0,0
1998-06-15,2.3097,2.3097,2.3097,2.3097,0,0
1998-06-16,2.1475,2.1475,2.03,2.03,22166,0
1998-06-17,2.03,2.03,2.03,2.03,0,0
1998-06-18,2.03,2.03,2.03,2.03,0,0
1998-06-19,2.1475,2.1475,2.1475,2.1475,3767,0
1998-06-22,2.1475,2.1475,2.1475,2.1475,0,0
1998-06-23,2.1475,2.1475,2.1475,2.1475,0,0
1998-06-24,2.1475,2.1475,2.1475,2.1475,0,0
1998-06-25,2.1475,2.1475,2.1475,2.1475,0,0
1998-06-26,2.1475,2.1475,2.1475,2.1475,0,0
1998-06-29,2.1475,2.1475,2.1475,2.1475,0,0
1998-06-30,2.0572,2.0572,2.0572,2.0572,663,0
1998-07-01,2.0572,2.0572,2.0572,2.0572,0,0
1998-07-02,2.0572,2.0572,2.0572,2.0572,0,0
1998-07-06,1.9757,1.9757,1.9757,1.9757,4433,0
1998-07-07,2.03,2.03,2.03,2.03,6867,0
1998-07-08,2.03,2.03,2.03,2.03,0,0
1998-07-09,2.0027,2.0027,2.0027,2.0027,445,0
1998-07-10,2.0027,2.0027,2.0027,2.0027,0,0
1998-07-13,2.0027,2.0027,2.0027,2.0027,0,0
1998-07-14,2.0027,2.0027,2.0027,2.0027,0,0
1998-07-15,2.0027,2.0027,2.0027,2.0027,0,0
1998-07-16,1.9395,1.9395,1.9395,1.9395,4433,0
1998-07-17,1.9395,1.9395,1.9395,1.9395,0,0
1998-07-20,1.9395,1.9395,1.9395,1.9395,0,0
1998-07-21,1.9395,1.9395,1.9395,1.9395,663,0
1998-07-22,1.9395,1.9395,1.9395,1.9395,0,0
1998-07-23,1.9395,1.9395,1.9395,1.9395,0,0
1998-07-24,1.8947,1.8947,1.8947,1.8947,1774,0
1998-07-27,1.8947,1.8947,1.8947,1.8947,0,0
1998-07-28,1.8947,1.8947,1.8947,1.8947,0,0
1998-07-29,1.8947,1.8947,1.8947,1.8947,0,0
1998-07-30,1.8947,1.8947,1.8947,1.8947,0,0
1998-07-31,1.8947,1.8947,1.8947,1.8947,0,0
1998-08-03,1.8947,1.8947,1.8947,1.8947,0,0
1998-08-04,1.8045,1.8045,1.8045,1.8045,1994,0
1998-08-05,1.8316,1.8316,1.8316,1.8316,3542,0
1998-08-06,1.8316,1.8316,1.8316,1.8316,0,0
1998-08-07,1.8316,1.8316,1.8316,1.8316,0,0
1998-08-10,1.8316,1.8316,1.8316,1.8316,0,0
1998-08-11,1.8316,1.8316,1.8316,1.8316,0,0
1998-08-12,1.8316,1.8316,1.8316,1.8316,0,0
1998-08-13,1.7772,1.7772,1.7772,1.7772,663,0
1998-08-14,1.7772,1.7772,1.7772,1.7772,0,0
1998-08-17,1.7772,1.7772,1.7772,1.7772,0,0
1998-08-18,1.7772,1.7772,1.7772,1.7772,0,0
1998-08-19,1.7772,1.7772,1.7772,1.7772,0,0
1998-08-20,1.7772,1.7772,1.7772,1.7772,0,0
1998-08-21,1.7772,1.7772,1.7772,1.7772,0,0
1998-08-24,1.7772,1.7772,1.7772,1.7772,0,0
1998-08-25,1.7772,1.7772,1.7772,1.7772,0,0
1998-08-26,1.7772,1.7772,1.7772,1.7772,0,0
1998-08-27,1.6961,1.6961,1.6059,1.6059,4214,0
1998-08-28,1.6059,1.6059,1.6059,1.6059,0,0
1998-08-31,1.6059,1.6059,1.6059,1.6059,0,0
1998-09-01,1.6059,1.6059,1.6059,1.6059,0,0
1998-09-02,1.6059,1.6059,1.6059,1.6059,0,0
1998-09-03,1.6059,1.6059,1.6059,1.6059,0,0
1998-09-04,1.6059,1.6059,1.6059,1.6059,0,0
1998-09-08,1.552,1.552,1.552,1.552,5099,0
1998-09-09,1.552,1.552,1.552,1.552,0,0
1998-09-10,1.6059,1.7772,1.6059,1.7772,17291,0
1998-09-11,1.8316,1.9757,1.8316,1.9757,13740,0
1998-09-14,1.9757,1.9757,1.9757,1.9757,0,0
1998-09-15,1.9757,1.9757,1.9757,1.9757,0,0
1998-09-16,1.9757,1.9757,1.9757,1.9757,0,0
1998-09-17,1.9757,1.9757,1.9757,1.9757,0,0
1998-09-18,1.9757,1.9757,1.9757,1.9757,0,0
1998-09-21,1.9757,1.9757,1.9757,1.9757,3542,0
1998-09-22,1.9757,1.9757,1.9757,1.9757,0,0
1998-09-23,2.03,2.03,2.03,2.03,1774,0
1998-09-24,2.0572,2.1475,2.0572,2.1475,6867,0
1998-09-25,2.2553,2.3097,2.2553,2.2829,13525,0
1998-09-28,2.2829,2.2829,2.2829,2.2829,0,0
1998-09-29,2.2829,2.2829,2.2829,2.2829,0,0
1998-09-30,2.2829,2.2829,2.2829,2.2829,0,0
1998-10-01,2.2829,2.2829,2.2829,2.2829,0,0
1998-10-02,2.2829,2.2829,2.2829,2.2829,0,0
1998-10-05,2.2829,2.2829,2.2829,2.2829,0,0
1998-10-06,2.2829,2.2829,2.2829,2.2829,0,0
1998-10-07,2.3459,2.6526,2.3459,2.6526,23272,0
1998-10-08,2.6167,2.6167,2.6167,2.6167,445,0
1998-10-09,2.5717,2.5717,2.5717,2.5717,1774,0
1998-10-12,2.5717,2.5717,2.5717,2.5717,0,0
1998-10-13,2.5717,2.5717,2.5717,2.5717,0,0
1998-10-14,2.5083,2.5083,2.5083,2.5083,1774,0
1998-10-15,2.5083,2.5083,2.5083,2.5083,0,0
1998-10-16,2.5083,2.5083,2.5083,2.5083,0,0
1998-10-19,2.4543,2.4543,2.3459,2.3459,9084,0
1998-10-20,2.3459,2.3459,2.3459,2.3459,0,0
1998-10-21,2.3459,2.3459,2.3459,2.3459,445,0
1998-10-22,2.3459,2.3459,2.3459,2.3459,0,0
1998-10-23,2.2829,2.2829,2.2829,2.2829,1774,0
1998-10-26,2.2829,2.2829,2.2829,2.2829,0,0
1998-10-27,2.2553,2.2553,2.2553,2.2553,663,0
1998-10-28,2.2553,2.2553,2.2553,2.2553,0,0
1998-10-29,2.2553,2.2553,2.2553,2.2553,0,0
1998-10-30,2.2553,2.2553,2.2553,2.2553,0,0
1998-11-02,2.2553,2.2553,2.2553,2.2553,0,0
1998-11-03,2.2553,2.2553,2.2553,2.2553,0,0
1998-11-04,2.3097,2.3097,2.3097,2.3097,7979,0
1998-11-05,2.2829,2.364,2.2829,2.364,3767,0
1998-11-06,2.364,2.364,2.364,2.364,0,0
1998-11-09,2.364,2.364,2.364,2.364,0,0
1998-11-10,2.364,2.364,2.364,2.364,0,0
1998-11-11,2.364,2.364,2.364,2.364,0,0
1998-11-12,2.4272,2.4272,2.4272,2.4272,1108,0
1998-11-13,2.481,2.481,2.481,2.481,1774,0
1998-11-16,2.481,2.481,2.481,2.481,0,0
1998-11-17,2.481,2.481,2.481,2.481,0,0
1998-11-18,2.5353,2.5353,2.5353,2.5353,3767,0
1998-11-19,2.5353,2.5353,2.5353,2.5353,0,0
1998-11-20,2.5083,2.5083,2.5083,2.5083,445,0
1998-11-23,2.4543,2.4543,2.4543,2.4543,6649,0
1998-11-24,2.4543,2.4543,2.4543,2.4543,0,0
1998-11-25,2.4543,2.4543,2.4543,2.4543,0,0
1998-11-27,2.4543,2.4543,2.4543,2.4543,0,0
1998-11-30,2.4543,2.4543,2.4543,2.4543,0,0
1998-12-01,2.3907,2.3907,2.3907,2.3907,663,0
1998-12-02,2.3459,2.4543,2.3459,2.4543,1994,0
1998-12-03,2.4543,2.4543,2.4543,2.4543,0,0
1998-12-04,2.3907,2.3907,2.364,2.364,3542,0
1998-12-07,2.364,2.364,2.364,2.364,3767,0
1998-12-08,2.364,2.364,2.364,2.364,0,0
1998-12-09,2.364,2.364,2.364,2.364,0,0
1998-12-10,2.364,2.364,2.364,2.364,0,0
1998-12-11,2.364,2.364,2.364,2.364,0,0
1998-12-14,2.364,2.364,2.364,2.364,0,0
1998-12-15,2.3097,2.3097,2.3097,2.3097,3542,0
1998-12-16,2.3097,2.3097,2.3097,2.3097,0,0
1998-12-17,2.3097,2.3097,2.3097,2.3097,0,0
1998-12-18,2.364,2.364,2.364,2.364,1994,0
1998-12-21,2.364,2.364,2.364,2.364,0,0
1998-12-22,2.364,2.364,2.364,2.364,0,0
1998-12-23,2.364,2.364,2.364,2.364,0,0
1998-12-24,2.364,2.364,2.364,2.364,0,0
1998-12-28,2.364,2.364,2.364,2.364,0,0
1998-12-29,2.364,2.364,2.364,2.364,0,0
1998-12-30,2.364,2.364,2.364,2.364,0,0
1998-12-31,2.4272,2.4272,2.4272,2.4272,3542,0
1999-01-04,2.481,2.481,2.481,2.481,1774,0
1999-01-05,2.5353,2.5353,2.5353,2.5353,1994,0
1999-01-06,2.481,2.481,2.4272,2.481,6210,0
1999-01-07,2.481,2.481,2.481,2.481,445,0
1999-01-08,2.5353,2.6526,2.5353,2.6526,5099,0
1999-01-11,2.7067,2.7612,2.7067,2.7612,3542,0
1999-01-12,2.815,2.9325,2.815,2.8779,24161,0
1999-01-13,2.815,2.815,2.815,2.815,1774,0
1999-01-14,2.815,2.815,2.815,2.815,0,0
1999-01-15,2.815,2.815,2.815,2.815,0,0
1999-01-19,2.7612,2.7612,2.5983,2.5983,14187,0
1999-01-20,2.5983,2.5983,2.5983,2.5983,0,0
1999-01-21,2.5353,2.5353,2.5353,2.5353,663,0
1999-01-22,2.5353,2.5353,2.5353,2.5353,0,0
1999-01-25,2.5083,2.5083,2.5083,2.5083,445,0
1999-01-26,2.5083,2.5083,2.5083,2.5083,0,0
1999-01-27,2.5083,2.5083,2.5083,2.5083,0,0
1999-01-28,2.5083,2.5083,2.5083,2.5083,0,0
1999-01-29,2.5083,2.5083,2.5083,2.5083,0,0
1999-02-01,2.5717,2.5983,2.5717,2.5983,4214,0
1999-02-02,2.5353,2.5983,2.5353,2.5983,4433,0
1999-02-03,2.5983,2.5983,2.5983,2.5983,0,0
1999-02-04,2.6526,2.6526,2.6526,2.6526,1774,0
1999-02-05,2.6526,2.6526,2.6526,2.6526,0,0
1999-02-08,2.6526,2.6526,2.6526,2.6526,0,0
1999-02-09,2.6526,2.6526,2.6526,2.6526,0,0
1999-02-10,2.6526,2.6526,2.6526,2.6526,0,0
1999-02-11,2.6526,2.6526,2.6526,2.6526,0,0
1999-02-12,2.6526,2.6526,2.6526,2.6526,0,0
1999-02-16,2.6526,2.6526,2.6526,2.6526,0,0
1999-02-17,2.5983,2.5983,2.5983,2.5983,663,0
1999-02-18,2.5983,2.5983,2.5983,2.5983,0,0
1999-02-19,2.6526,2.6526,2.6526,2.6526,1774,0
1999-02-22,2.6526,2.6526,2.6526,2.6526,0,0
1999-02-23,2.5983,2.6526,2.5983,2.6526,2433,0
1999-02-24,2.6526,2.6526,2.6526,2.6526,0,0
1999-02-25,2.6526,2.6526,2.6526,2.6526,0,0
1999-02-26,2.6526,2.6526,2.6526,2.6526,0,0
1999-03-01,2.6526,2.6526,2.6526,2.6526,0,0
1999-03-02,2.6526,2.6526,2.6526,2.6526,0,0
1999-03-03,2.6526,2.6526,2.6526,2.6526,0,0
1999-03-04,2.6526,2.6526,2.6526,2.6526,0,0
1999-03-05,2.6526,2.6526,2.6526,2.6526,0,0
1999-03-08,2.7067,2.7612,2.7067,2.7612,6867,0
1999-03-09,2.815,2.9325,2.815,2.9325,5099,0
1999-03-10,2.9325,2.9325,2.9325,2.9325,0,0
1999-03-11,2.9325,2.9325,2.9325,2.9325,0,0
1999-03-12,2.8779,2.8779,2.7968,2.7968,4433,0
1999-03-15,2.9049,2.9325,2.815,2.8779,24161,0
1999-03-16,2.815,2.815,2.7067,2.7067,6867,0
1999-03-17,2.6526,2.6526,2.6526,2.6526,1774,0
1999-03-18,2.5983,2.5983,2.5983,2.5983,1774,0
1999-03-19,2.5983,2.5983,2.5983,2.5983,0,0
1999-03-22,2.481,2.5083,2.481,2.5083,3767,0
1999-03-23,2.3907,2.4543,2.3907,2.4543,8648,0
1999-03-24,2.3907,2.3907,2.3907,2.3907,663,0
1999-03-25,2.4543,2.481,2.4543,2.481,1330,0
1999-03-26,2.481,2.481,2.481,2.481,0,0
1999-03-29,2.5353,2.5353,2.5353,2.5353,1774,0
1999-03-30,2.5353,2.5353,2.5353,2.5353,0,0
1999-03-31,2.5983,2.6795,2.5983,2.6795,3542,0
1999-04-01,2.6167,2.6167,2.6167,2.6167,1330,0
1999-04-05,2.7067,2.7067,2.7067,2.7067,5539,0
1999-04-06,2.7067,2.7067,2.7067,2.7067,0,0
1999-04-07,2.7067,2.7067,2.7067,2.7067,445,0
1999-04-08,2.6526,2.6526,2.6526,2.6526,445,0
1999-04-09,2.6526,2.6526,2.6526,2.6526,0,0
1999-04-12,2.7067,2.7067,2.6526,2.6526,1994,0
1999-04-13,2.5983,2.6795,2.5983,2.6795,5099,0
1999-04-14,2.6795,2.6795,2.6795,2.6795,0,0
1999-04-15,2.7333,2.7333,2.7333,2.7333,1108,0
1999-04-16,2.6795,2.7612,2.6795,2.7067,10415,0
1999-04-19,2.7067,2.7067,2.7067,2.7067,2660,0
1999-04-20,2.7067,2.7067,2.7067,2.7067,0,0
1999-04-21,2.7968,2.7968,2.7968,2.7968,1774,0
1999-04-22,2.7968,2.7968,2.7968,2.7968,0,0
1999-04-23,2.815,2.815,2.7612,2.7612,1774,0
1999-04-26,2.7067,2.7067,2.7067,2.7067,445,0
1999-04-27,2.7067,2.7067,2.7067,2.7067,0,0
1999-04-28,2.6526,2.6526,2.6526,2.6526,1994,0
1999-04-29,2.7067,2.7067,2.6526,2.6526,18620,0
1999-04-30,2.6526,2.6526,2.6526,2.6526,0,0
1999-05-03,2.6526,2.6526,2.6526,2.6526,0,0
1999-05-04,2.6526,2.6526,2.6526,2.6526,0,0
1999-05-05,2.6526,2.6526,2.6526,2.6526,0,0
1999-05-06,2.7067,2.7067,2.7067,2.7067,663,0
1999-05-07,2.7067,2.7067,2.7067,2.7067,0,0
1999-05-10,2.5353,2.5353,2.5353,2.5353,10639,0
1999-05-11,2.5353,2.5353,2.5353,2.5353,0,0
1999-05-12,2.5983,2.6526,2.5983,2.5983,5099,0
1999-05-13,2.5983,2.5983,2.5983,2.5983,0,0
1999-05-14,2.5983,2.5983,2.5983,2.5983,663,0
1999-05-17,2.6526,2.6526,2.6526,2.6526,3542,0
1999-05-18,2.6526,2.6526,2.6526,2.6526,0,0
1999-05-19,2.6526,2.6526,2.6526,2.6526,0,0
1999-05-20,2.6526,2.6526,2.6526,2.6526,0,0
1999-05-21,2.6795,2.6795,2.6795,2.6795,1108,0
1999-05-24,2.6795,2.6795,2.6795,2.6795,0,0
1999-05-25,2.6167,2.6167,2.6167,2.6167,663,0
1999-05-26,2.5983,2.5983,2.5983,2.5983,1108,0
1999-05-27,2.5353,2.5353,2.5353,2.5353,2433,0
1999-05-28,2.5353,2.5353,2.5353,2.5353,0,0
1999-06-01,2.481,2.5983,2.481,2.5983,27708,0
1999-06-02,2.5983,2.5983,2.5983,2.5983,0,0
1999-06-03,2.5983,2.5983,2.5983,2.5983,0,0
1999-06-04,2.5983,2.5983,2.5983,2.5983,0,0
1999-06-07,2.5983,2.5983,2.5983,2.5983,0,0
1999-06-08,2.5353,2.5353,2.481,2.481,1330,0
1999-06-09,2.4272,2.4272,2.4272,2.4272,663,0
1999-06-10,2.4272,2.4272,2.4272,2.4272,0,0
1999-06-11,2.4272,2.4272,2.4272,2.4272,0,0
1999-06-14,2.4272,2.4272,2.4272,2.4272,0,0
1999-06-15,2.4272,2.4272,2.4272,2.4272,0,0
1999-06-16,2.4272,2.4272,2.4272,2.4272,0,0
1999-06-17,2.4272,2.4272,2.4272,2.4272,0,0
1999-06-18,2.364,2.364,2.364,2.364,445,0
1999-06-21,2.364,2.364,2.364,2.364,0,0
1999-06-22,2.364,2.364,2.364,2.364,0,0
1999-06-23,2.364,2.364,2.364,2.364,0,0
1999-06-24,2.3097,2.3097,2.3097,2.3097,4875,0
1999-06-25,2.3097,2.3097,2.3097,2.3097,0,0
1999-06-28,2.3097,2.3097,2.3097,2.3097,0,0
1999-06-29,2.3097,2.3097,2.3097,2.3097,0,0
1999-06-30,2.3097,2.3097,2.3097,2.3097,0,0
1999-07-01,2.3097,2.3097,2.3097,2.3097,0,0
1999-07-02,2.3097,2.3097,2.3097,2.3097,0,0
1999-07-06,2.3097,2.3097,2.3097,2.3097,0,0
1999-07-07,2.2553,2.2553,2.2553,2.2553,663,0
1999-07-08,2.2553,2.2553,2.2553,2.2553,0,0
1999-07-09,2.2553,2.2553,2.2553,2.2553,663,0
1999-07-12,2.2553,2.2553,2.2553,2.2553,0,0
1999-07-13,2.2553,2.2553,2.2553,2.2553,0,0
1999-07-14,2.2553,2.2553,2.2553,2.2553,0,0
1999-07-15,2.2553,2.2553,2.2553,2.2553,0,0
1999-07-16,2.2553,2.2553,2.2553,2.2553,0,0
1999-07-19,2.2553,2.2553,2.2553,2.2553,0,0
1999-07-20,2.2553,2.2553,2.2553,2.2553,0,0
1999-07-21,2.2553,2.2553,2.2553,2.2553,0,0
1999-07-22,2.3097,2.364,2.3097,2.364,3542,0
1999-07-23,2.364,2.364,2.364,2.364,0,0
1999-07-26,2.3097,2.3097,2.3097,2.3097,445,0
1999-07-27,2.2553,2.3097,2.2553,2.3097,3767,0
1999-07-28,2.3097,2.3097,2.3097,2.3097,0,0
1999-07-29,2.2553,2.2553,2.2553,2.2553,445,0
1999-07-30,2.2553,2.2553,2.2553,2.2553,0,0
1999-08-02,2.2013,2.2013,2.2013,2.2013,1994,0
1999-08-03,2.2013,2.2013,2.2013,2.2013,0,0
1999-08-04,2.2013,2.2013,2.2013,2.2013,0,0
1999-08-05,2.0841,2.2013,2.0841,2.2013,17957,0
1999-08-06,2.2553,2.2553,2.2553,2.2553,663,0
1999-08-09,2.2553,2.2553,2.2553,2.2553,0,0
1999-08-10,2.2553,2.2553,2.2553,2.2553,0,0
1999-08-11,2.2553,2.2553,2.2553,2.2553,0,0
1999-08-12,2.2553,2.2553,2.2553,2.2553,0,0
1999-08-13,2.2553,2.2553,2.2553,2.2553,0,0
1999-08-16,2.2829,2.2829,2.2829,2.2829,1774,0
1999-08-17,2.2829,2.2829,2.2829,2.2829,0,0
1999-08-18,2.2829,2.2829,2.2829,2.2829,0,0
1999-08-19,2.2286,2.481,2.2286,2.481,9309,0
1999-08-20,2.5983,2.6526,2.5983,2.6526,7979,0
1999-08-23,2.5983,2.5983,2.5353,2.5353,21057,0
1999-08-24,2.5353,2.5353,2.5353,2.5353,0,0
1999-08-25,2.5353,2.5353,2.5353,2.5353,0,0
1999-08-26,2.5353,2.5353,2.5353,2.5353,13740,0
1999-08-27,2.481,2.481,2.481,2.481,1774,0
1999-08-30,2.481,2.481,2.481,2.481,1330,0
1999-08-31,2.481,2.481,2.481,2.481,0,0
1999-09-01,2.481,2.481,2.481,2.481,0,0
1999-09-02,2.4272,2.4272,2.4272,2.4272,663,0
1999-09-03,2.4272,2.4272,2.4272,2.4272,0,0
1999-09-07,2.4272,2.4272,2.4272,2.4272,0,0
1999-09-08,2.4272,2.4272,2.4272,2.4272,0,0
1999-09-09,2.4272,2.4272,2.4272,2.4272,0,0
1999-09-10,2.4272,2.4272,2.4272,2.4272,0,0
1999-09-13,2.4272,2.4272,2.4272,2.4272,0,0
1999-09-14,2.4272,2.4272,2.4272,2.4272,0,0
1999-09-15,2.4272,2.4272,2.4272,2.4272,0,0
1999-09-16,2.4272,2.4272,2.4272,2.4272,0,0
1999-09-17,2.4272,2.4272,2.4272,2.4272,0,0
1999-09-20,2.364,2.4272,2.364,2.4272,1774,0
1999-09-21,2.4272,2.4272,2.4272,2.4272,0,0
1999-09-22,2.481,2.6526,2.481,2.6167,7312,0
1999-09-23,2.6526,2.7067,2.6526,2.7067,4214,0
1999-09-24,2.7612,2.7968,2.7612,2.7968,1108,0
1999-09-27,2.9325,3.1576,2.9325,3.1576,27266,0
1999-09-28,3.6092,3.717,3.5551,3.6092,26377,0
1999-09-29,3.7804,3.7804,3.2933,3.4375,35026,0
1999-09-30,3.2658,3.3293,3.1037,3.3293,39457,0
1999-10-01,3.2658,3.2658,3.2121,3.2658,9309,0
1999-10-04,3.2658,3.3833,3.2658,3.3293,13525,0
1999-10-05,3.4734,3.5816,3.4734,3.5005,8204,0
1999-10-06,3.5551,3.5551,3.5005,3.5005,10639,0
1999-10-07,3.5551,3.5551,3.5005,3.5005,16626,0
1999-10-08,3.4375,3.5551,3.4375,3.4734,17069,0
1999-10-11,3.4103,3.4103,3.4103,3.4103,3542,0
1999-10-12,3.3833,3.3833,3.2658,3.3293,5985,0
1999-10-13,3.3563,3.3833,3.3563,3.3563,4875,0
1999-10-14,3.3563,3.3563,3.3563,3.3563,0,0
1999-10-15,3.2658,3.2658,3.2121,3.2121,8204,0
1999-10-18,3.2121,3.2121,3.2121,3.2121,2433,0
1999-10-19,3.1576,3.1576,3.1576,3.1576,8204,0
1999-10-20,3.1037,3.1037,3.1037,3.1037,663,0
1999-10-21,3.0676,3.0676,2.8422,2.9325,8648,0
1999-10-22,2.9325,2.9325,2.9325,2.9325,0,0
1999-10-25,2.8779,2.8779,2.8779,2.8779,1330,0
1999-10-26,2.9325,2.9325,2.9325,2.9325,3542,0
1999-10-27,2.9325,2.9325,2.9325,2.9325,0,0
1999-10-28,2.8779,2.9864,2.8779,2.9864,7312,0
1999-10-29,2.9864,2.9864,2.9864,2.9864,0,0
1999-11-01,2.9864,2.9864,2.9864,2.9864,0,0
1999-11-02,3.0495,3.0495,2.9049,2.9049,4433,0
1999-11-03,2.9864,2.9864,2.9864,2.9864,663,0
1999-11-04,2.9325,3.1037,2.9325,3.1037,12859,0
1999-11-05,3.0676,3.0676,2.9595,2.9595,4433,0
1999-11-08,2.9049,2.9049,2.8422,2.8422,2433,0
1999-11-09,2.8779,2.8779,2.8779,2.8779,445,0
1999-11-10,2.8779,2.8779,2.8779,2.8779,0,0
1999-11-11,2.8779,2.8779,2.8779,2.8779,0,0
1999-11-12,2.8779,2.8779,2.8779,2.8779,0,0
1999-11-15,2.7612,2.8779,2.7067,2.815,7536,0
1999-11-17,2.8422,2.8422,2.8422,2.8422,0,0
1999-11-18,2.8779,2.8779,2.8779,2.8779,663,0
1999-11-19,2.8422,2.8422,2.815,2.815,1994,0
1999-11-22,2.815,2.815,2.815,2.815,0,0
1999-11-23,2.815,2.815,2.815,2.815,0,0
1999-11-24,2.8779,2.8779,2.8779,2.8779,1774,0
1999-11-26,2.8779,2.8779,2.8779,2.8779,0,0
1999-11-29,2.8779,2.8779,2.8779,2.8779,0,0
1999-11-30,2.8779,2.8779,2.8779,2.8779,0,0
1999-12-01,2.815,2.815,2.815,2.815,1774,0
1999-12-02,2.815,2.815,2.815,2.815,0,0
1999-12-03,2.815,2.815,2.815,2.815,0,0
1999-12-06,2.7067,2.7067,2.7067,2.7067,445,0
1999-12-07,2.7612,2.7968,2.7612,2.7968,2660,0
1999-12-08,2.7968,2.7968,2.7968,2.7968,0,0
1999-12-09,2.815,2.815,2.815,2.815,1774,0
1999-12-10,2.815,2.815,2.815,2.815,0,0
1999-12-13,2.815,2.815,2.815,2.815,0,0
1999-12-14,2.815,2.815,2.815,2.815,0,0
1999-12-15,2.815,2.815,2.815,2.815,0,0
1999-12-16,2.815,2.815,2.815,2.815,0,0
1999-12-17,2.815,2.815,2.815,2.815,0,0
1999-12-20,2.7067,2.7067,2.6526,2.6526,6867,0
1999-12-21,2.5983,2.6526,2.5983,2.6526,8648,0
1999-12-22,2.6526,2.6526,2.6526,2.6526,0,0
1999-12-23,2.6526,2.6526,2.6526,2.6526,0,0
1999-12-27,2.6526,2.6526,2.6526,2.6526,0,0
1999-12-28,2.6526,2.6526,2.6526,2.6526,0,0
1999-12-29,2.5983,2.6526,2.5983,2.5983,5099,0
1999-12-30,2.5983,2.5983,2.5983,2.5983,0,0
1999-12-31,2.6526,2.6526,2.6526,2.6526,1330,0
2000-01-03,2.5353,2.5353,2.5353,2.5353,6867,0
2000-01-04,2.5353,2.5353,2.5353,2.5353,0,0
2000-01-05,2.5983,2.5983,2.5983,2.5983,1774,0
2000-01-06,2.5353,2.5353,2.5353,2.5353,6867,0
2000-01-07,2.5353,2.5353,2.5353,2.5353,0,0
2000-01-10,2.5983,2.5983,2.5983,2.5983,1774,0
2000-01-11,2.5983,2.5983,2.5983,2.5983,0,0
2000-01-12,2.5983,2.5983,2.5983,2.5983,0,0
2000-01-13,2.5983,2.5983,2.5983,2.5983,0,0
2000-01-14,2.5983,2.5983,2.5983,2.5983,0,0
2000-01-18,2.5983,2.5983,2.5353,2.5353,663,0
2000-01-19,2.5353,2.5353,2.5353,2.5353,0,0
2000-01-20,2.5353,2.5353,2.5353,2.5353,0,0
2000-01-21,2.5353,2.5353,2.5353,2.5353,0,0
2000-01-24,2.5353,2.5353,2.5353,2.5353,0,0
2000-01-25,2.5353,2.5353,2.5353,2.5353,0,0
2000-01-26,2.5353,2.5353,2.5353,2.5353,0,0
2000-01-27,2.481,2.481,2.364,2.364,7536,0
2000-01-28,2.364,2.364,2.364,2.364,0,0
2000-01-31,2.481,2.481,2.481,2.481,7536,0
2000-02-01,2.481,2.481,2.481,2.481,0,0
2000-02-02,2.4272,2.4272,2.4272,2.4272,1774,0
2000-02-03,2.4272,2.4272,2.4272,2.4272,0,0
2000-02-04,2.5353,2.7067,2.5353,2.7067,8648,0
2000-02-07,2.6526,2.6526,2.5353,2.5353,5099,0
2000-02-08,2.481,2.481,2.481,2.481,445,0
2000-02-09,2.5353,2.5353,2.481,2.481,19065,0
2000-02-10,2.5353,2.5353,2.5353,2.5353,3542,0
2000-02-11,2.5353,2.5353,2.5353,2.5353,0,0
2000-02-14,2.481,2.481,2.481,2.481,1994,0
2000-02-15,2.364,2.4543,2.3097,2.3459,22609,0
2000-02-16,2.3907,2.481,2.3907,2.481,4214,0
2000-02-17,2.481,2.481,2.481,2.481,0,0
2000-02-18,2.481,2.481,2.481,2.481,0,0
2000-02-22,2.4272,2.4272,2.4272,2.4272,2660,0
2000-02-23,2.481,2.6526,2.481,2.6526,3542,0
2000-02-24,2.7067,2.7612,2.5353,2.5353,8648,0
2000-02-25,2.5717,2.5717,2.481,2.481,1330,0
2000-02-28,2.481,2.481,2.481,2.481,0,0
2000-02-29,2.4272,2.4272,2.3097,2.3097,9759,0
2000-03-01,2.364,2.364,2.364,2.364,663,0
2000-03-02,2.364,2.364,2.364,2.364,0,0
2000-03-03,2.364,2.364,2.364,2.364,3542,0
2000-03-06,2.364,2.364,2.364,2.364,0,0
2000-03-07,2.4272,2.4272,2.4272,2.4272,3542,0
2000-03-08,2.4272,2.4272,2.4272,2.4272,0,0
2000-03-09,2.4272,2.4272,2.4272,2.4272,0,0
2000-03-10,2.4272,2.4272,2.4272,2.4272,3542,0
2000-03-13,2.4272,2.4272,2.4272,2.4272,0,0
2000-03-14,2.4272,2.4272,2.4272,2.4272,0,0
2000-03-15,2.481,2.481,2.481,2.481,1330,0
2000-03-16,2.4272,2.4272,2.4272,2.4272,1330,0
2000-03-17,2.5983,2.5983,2.5083,2.5083,13080,0
2000-03-20,2.5083,2.5083,2.5083,2.5083,0,0
2000-03-21,2.5083,2.5083,2.5083,2.5083,0,0
2000-03-22,2.5083,2.5083,2.5083,2.5083,0,0
2000-03-23,2.5717,2.5717,2.5083,2.5083,2660,0
2000-03-24,2.5083,2.5083,2.5083,2.5083,0,0
2000-03-27,2.4272,2.6526,2.3907,2.6526,32590,0
2000-03-28,2.6526,2.6526,2.6526,2.6526,1774,0
2000-03-29,2.6526,2.6526,2.6526,2.6526,0,0
2000-03-30,2.6526,2.6526,2.6526,2.6526,445,0
2000-03-31,2.6526,2.815,2.6526,2.815,8648,0
2000-04-03,2.8779,2.8779,2.8779,2.8779,1774,0
2000-04-04,2.9049,2.9049,2.9049,2.9049,663,0
2000-04-05,2.9049,2.9049,2.9049,2.9049,0,0
2000-04-06,2.9049,2.9049,2.9049,2.9049,0,0
2000-04-07,2.9049,3.1311,2.9049,3.1311,4875,0
2000-04-10,2.9325,2.9325,2.7968,2.7968,13740,0
2000-04-11,2.7968,2.7968,2.7968,2.7968,0,0
2000-04-12,2.7968,2.7968,2.7968,2.7968,0,0
2000-04-13,2.7968,2.7968,2.7968,2.7968,0,0
2000-04-14,2.8422,2.8422,2.8422,2.8422,663,0
2000-04-17,2.8422,2.8422,2.8422,2.8422,0,0
2000-04-18,2.8422,2.8422,2.8422,2.8422,0,0
2000-04-19,2.8422,2.8422,2.8422,2.8422,0,0
2000-04-20,2.9049,2.9049,2.7067,2.7067,14630,0
2000-04-24,2.9325,2.9864,2.9325,2.9864,5985,0
2000-04-25,3.0495,3.0495,3.0495,3.0495,1774,0
2000-04-26,3.0495,3.0495,2.9325,2.9325,1994,0
2000-04-27,2.9864,2.9864,2.9864,2.9864,445,0
2000-04-28,2.9864,2.9864,2.9864,2.9864,0,0
2000-05-01,2.9864,3.1037,2.9864,3.0495,5985,0
2000-05-02,2.9864,3.0495,2.9325,3.0495,6649,0
2000-05-03,2.9864,2.9864,2.9864,2.9864,663,0
2000-05-04,3.1037,3.1576,3.1037,3.1576,9759,0
2000-05-05,3.1576,3.1576,3.1576,3.1576,663,0
2000-05-08,3.1576,3.1576,3.1576,3.1576,0,0
2000-05-09,3.1576,3.1576,3.1576,3.1576,0,0
2000-05-10,3.1576,3.1576,3.1576,3.1576,0,0
2000-05-11,3.1576,3.1576,3.1576,3.1576,0,0
2000-05-12,3.2121,3.2121,3.2121,3.2121,1330,0
2000-05-15,3.1847,3.1847,3.1847,3.1847,1330,0
2000-05-16,3.1847,3.1847,3.1847,3.1847,0,0
2000-05-17,3.1847,3.1847,3.1847,3.1847,0,0
2000-05-18,3.1847,3.1847,3.1847,3.1847,0,0
2000-05-19,3.1847,3.1847,3.1847,3.1847,445,0
2000-05-22,3.1847,3.1847,3.1847,3.1847,0,0
2000-05-23,3.1847,3.1847,3.1847,3.1847,0,0
2000-05-24,3.1847,3.1847,3.1847,3.1847,0,0
2000-05-25,3.1311,3.1311,3.0495,3.0495,1994,0
2000-05-26,3.1037,3.1037,3.1037,3.1037,1330,0
2000-05-30,3.1037,3.1037,3.1037,3.1037,0,0
2000-05-31,3.1037,3.1037,3.1037,3.1037,0,0
2000-06-01,3.1037,3.1037,3.1037,3.1037,0,0
2000-06-02,3.1037,3.1037,3.1037,3.1037,0,0
2000-06-05,3.1576,3.2481,3.1576,3.2481,5539,0
2000-06-06,3.3293,3.4103,3.3293,3.4103,2433,0
2000-06-07,3.4103,3.4103,3.4103,3.4103,0,0
2000-06-08,3.4103,3.4103,3.4103,3.4103,0,0
2000-06-09,3.4734,3.717,3.4734,3.717,10639,0
2000-06-12,3.7804,3.7804,3.672,3.6903,19731,0
2000-06-13,3.6903,3.6903,3.6903,3.6903,0,0
2000-06-14,3.717,3.717,3.717,3.717,10639,0
2000-06-15,3.6903,3.8344,3.6903,3.8344,12413,0
2000-06-16,3.8344,3.8975,3.8344,3.8975,9084,0
2000-06-19,3.9517,3.9517,3.7804,3.7804,4214,0
2000-06-20,3.8344,3.9517,3.8344,3.9517,1108,0
2000-06-21,4.006,4.0603,4.006,4.0603,8204,0
2000-06-22,4.0603,4.403,4.0603,4.403,21721,0
2000-06-23,4.4569,4.6194,4.403,4.403,6867,0
2000-06-26,4.4299,4.4299,4.4299,4.4299,4214,0
2000-06-27,4.3488,4.3488,4.2043,4.2853,7536,0
2000-06-28,4.2853,4.4569,4.2853,4.4569,14187,0
2000-06-29,4.5382,4.5382,4.4569,4.4569,4214,0
2000-06-30,4.4837,4.4837,4.403,4.403,1994,0
2000-07-03,4.403,4.403,4.403,4.403,0,0
2000-07-05,4.3129,4.3129,4.1685,4.2043,3767,0
2000-07-06,4.2043,4.2043,3.9517,3.9517,12187,0
2000-07-07,3.9517,3.9517,3.9517,3.9517,0,0
2000-07-10,3.9517,3.9517,3.8975,3.8975,663,0
2000-07-11,3.8975,3.8975,3.8975,3.8975,0,0
2000-07-12,3.8975,3.8975,3.8975,3.8975,0,0
2000-07-13,3.8616,3.8616,3.8616,3.8616,1330,0
2000-07-14,3.7804,4.006,3.7804,3.9155,7979,0
2000-07-17,3.8975,3.8975,3.8975,3.8975,1774,0
2000-07-18,3.8975,3.8975,3.8975,3.8975,0,0
2000-07-19,3.8975,3.9517,3.8344,3.9517,2433,0
2000-07-20,3.7804,3.8616,3.7804,3.8616,663,0
2000-07-21,3.7804,3.7804,3.7804,3.7804,663,0
2000-07-24,3.717,3.717,3.672,3.672,2660,0
2000-07-25,3.5551,3.5551,3.5551,3.5551,4214,0
2000-07-26,3.5551,3.5551,3.5551,3.5551,0,0
2000-07-27,3.5551,3.5551,3.5551,3.5551,0,0
2000-07-28,3.5551,3.5551,3.5551,3.5551,0,0
2000-07-31,3.4375,3.4375,3.4375,3.4375,3542,0
2000-08-01,3.3293,3.3293,3.3293,3.3293,663,0
2000-08-02,3.4375,3.672,3.4375,3.672,7536,0
2000-08-03,3.672,3.672,3.672,3.672,663,0
2000-08-04,3.7804,3.7804,3.7804,3.7804,663,0
2000-08-07,3.6092,3.6092,3.4375,3.4375,17291,0
2000-08-08,3.6092,3.717,3.6092,3.717,9309,0
2000-08-09,3.6092,3.672,3.6092,3.672,1994,0
2000-08-10,3.5816,3.5816,3.5816,3.5816,1330,0
2000-08-11,3.672,3.672,3.672,3.672,1774,0
2000-08-14,3.6092,3.6092,3.6092,3.6092,663,0
2000-08-15,3.6092,3.6092,3.6092,3.6092,0,0
2000-08-16,3.6092,3.6092,3.6092,3.6092,0,0
2000-08-17,3.6092,3.6092,3.6092,3.6092,0,0
2000-08-18,3.6092,3.6092,3.6092,3.6092,0,0
2000-08-21,3.5551,3.5551,3.4734,3.4734,7312,0
2000-08-22,3.5005,3.5551,3.5005,3.5551,2660,0
2000-08-23,3.5005,3.5551,3.5005,3.5551,1994,0
2000-08-24,3.5551,3.5551,3.5551,3.5551,0,0
2000-08-25,3.5551,3.5551,3.5551,3.5551,0,0
2000-08-28,3.717,3.717,3.717,3.717,1108,0
2000-08-29,3.5551,3.5551,3.5551,3.5551,1994,0
2000-08-30,3.5551,3.5551,3.5551,3.5551,3542,0
2000-08-31,3.6092,3.6092,3.5551,3.5551,5985,0
2000-09-01,3.5551,3.5551,3.5551,3.5551,0,0
2000-09-05,3.5551,3.5551,3.5551,3.5551,0,0
2000-09-06,3.5551,3.5551,3.5551,3.5551,0,0
2000-09-07,3.5551,3.5551,3.5551,3.5551,0,0
2000-09-08,3.5551,3.5551,3.5551,3.5551,0,0
2000-09-11,3.5551,3.5551,3.5551,3.5551,445,0
2000-09-12,3.6092,3.6092,3.6092,3.6092,445,0
2000-09-13,3.6092,3.6092,3.6092,3.6092,0,0
2000-09-14,3.6092,3.6092,3.6092,3.6092,0,0
2000-09-15,3.5551,3.5551,3.5551,3.5551,1330,0
2000-09-18,3.5551,3.5551,3.5551,3.5551,0,0
2000-09-19,3.672,3.672,3.672,3.672,663,0
2000-09-20,3.5551,3.5816,3.5551,3.5816,31479,0
2000-09-21,3.5816,3.5816,3.5816,3.5816,0,0
2000-09-22,3.5816,3.5816,3.5816,3.5816,0,0
2000-09-25,3.5551,3.5551,3.5551,3.5551,1774,0
2000-09-26,3.5551,3.5551,3.5551,3.5551,0,0
2000-09-27,3.6092,3.6092,3.6092,3.6092,1774,0
2000-09-28,3.6092,3.6092,3.6092,3.6092,0,0
2000-09-29,3.6092,3.6092,3.6092,3.6092,0,0
2000-10-02,3.5816,3.5816,3.5816,3.5816,445,0
2000-10-03,3.5551,3.5551,3.5551,3.5551,663,0
2000-10-04,3.5551,3.5551,3.5551,3.5551,0,0
2000-10-05,3.672,3.672,3.5816,3.5816,2660,0
2000-10-06,3.6092,3.6092,3.6092,3.6092,663,0
2000-10-09,3.6092,3.6092,3.6092,3.6092,0,0
2000-10-10,3.6092,3.6092,3.6092,3.6092,0,0
2000-10-11,3.6092,3.6092,3.6092,3.6092,0,0
2000-10-12,3.5551,3.5551,3.0495,3.0495,22609,0
2000-10-13,3.1576,3.1576,3.1576,3.1576,15297,0
2000-10-16,3.1037,3.1037,3.0495,3.0495,1994,0
2000-10-17,3.0495,3.0495,3.0495,3.0495,11087,0
2000-10-18,3.0495,3.0495,3.0495,3.0495,23938,0
2000-10-19,3.0495,3.0495,3.0495,3.0495,0,0
2000-10-20,3.0495,3.0495,3.0495,3.0495,663,0
2000-10-23,3.1576,3.2481,3.1576,3.1847,14630,0
2000-10-24,3.1847,3.1847,3.1847,3.1847,0,0
2000-10-25,3.1576,3.2121,3.1576,3.2121,1108,0
2000-10-26,3.2121,3.2121,3.2121,3.2121,0,0
2000-10-27,3.2658,3.2658,3.2658,3.2658,445,0
2000-10-30,3.1576,3.1576,2.7612,2.7612,445,0
2000-10-31,2.7612,2.7612,2.7612,2.7612,0,0
2000-11-01,2.7968,2.7968,2.7968,2.7968,8648,0
2000-11-02,2.815,2.815,2.7612,2.7612,31479,0
2000-11-03,2.7067,2.815,2.7067,2.7067,55417,0
2000-11-06,2.7612,2.7612,2.7067,2.7067,24826,0
2000-11-07,2.7612,2.7612,2.7067,2.7067,9309,0
2000-11-08,2.6526,2.7067,2.6526,2.6795,65834,0
2000-11-09,2.6526,2.7067,2.6526,2.7067,25937,0
2000-11-10,2.6526,2.7067,2.6526,2.6795,10415,0
2000-11-13,2.6795,2.6795,2.5353,2.5983,17069,0
2000-11-14,2.481,2.481,2.364,2.4543,54090,0
2000-11-15,2.4272,2.481,2.4272,2.481,10639,0
2000-11-16,2.5083,2.5353,2.5083,2.5353,30372,0
2000-11-17,2.5353,2.5353,2.5353,2.5353,0,0
2000-11-20,2.5717,2.5717,2.5717,2.5717,3542,0
2000-11-21,2.5083,2.5353,2.481,2.481,11087,0
2000-11-22,2.5083,2.6526,2.5083,2.6526,31255,0
2000-11-24,2.5983,2.6526,2.5983,2.6526,5099,0
2000-11-27,2.7067,2.7968,2.7067,2.7968,32140,0
2000-11-28,2.8422,2.8779,2.8422,2.8422,31255,0
2000-11-29,2.8422,2.8422,2.7067,2.7067,21721,0
2000-11-30,2.7333,2.7612,2.7333,2.7612,9084,0
2000-12-01,2.7968,2.7968,2.6526,2.6526,31479,0
2000-12-04,2.5983,2.6795,2.5983,2.6526,21721,0
2000-12-05,2.6526,2.7067,2.5983,2.6167,25268,0
2000-12-06,2.6167,2.7968,2.6167,2.7968,29481,0
2000-12-07,2.815,2.815,2.815,2.815,3542,0
2000-12-08,2.7968,2.815,2.7968,2.815,12187,0
2000-12-11,2.7612,2.7612,2.6526,2.6526,10415,0
2000-12-12,2.6526,2.7612,2.6526,2.7612,62289,0
2000-12-13,2.7612,2.7612,2.6795,2.7067,11087,0
2000-12-14,2.7067,2.7067,2.7067,2.7067,0,0
2000-12-15,2.7067,2.7067,2.6795,2.7067,4433,0
2000-12-18,2.7067,2.7067,2.6795,2.7067,4214,0
2000-12-19,2.7067,2.7067,2.7067,2.7067,17738,0
2000-12-20,2.7067,2.7067,2.7067,2.7067,4875,0
2000-12-21,2.7067,2.7333,2.7067,2.7333,73817,0
2000-12-22,2.7333,2.7333,2.5983,2.5983,89779,0
2000-12-26,2.5353,2.5353,2.4272,2.4272,2660,0
2000-12-27,2.481,2.6526,2.481,2.6526,30150,0
2000-12-28,2.7067,2.7968,2.7067,2.7968,8648,0
2000-12-29,2.7333,2.815,2.7333,2.7333,52318,0
2001-01-02,2.7612,2.815,2.7333,2.7333,23272,0
2001-01-03,2.7612,2.7612,2.6167,2.6167,78694,0
2001-01-04,2.6526,2.6526,2.6526,2.6526,16179,0
2001-01-05,2.6167,2.6167,2.5717,2.6167,17957,0
2001-01-08,2.6167,2.7067,2.6167,2.6795,24603,0
2001-01-09,2.6167,2.7067,2.6167,2.7067,11087,0
2001-01-10,2.7067,2.7067,2.5717,2.5717,17069,0
2001-01-11,2.5983,2.5983,2.5983,2.5983,7536,0
2001-01-12,2.5983,2.6795,2.5983,2.6526,32807,0
2001-01-16,2.7067,2.7612,2.6795,2.7612,16179,0
2001-01-17,2.6795,2.815,2.6795,2.815,24603,0
2001-01-18,2.7612,2.7612,2.7067,2.7067,28149,0
2001-01-19,2.6795,2.7067,2.6167,2.6526,22831,0
2001-01-22,2.7067,2.815,2.6347,2.815,31479,0
2001-01-23,2.815,2.815,2.7333,2.7612,12413,0
2001-01-24,2.6526,2.7067,2.6526,2.7067,11526,0
2001-01-25,2.7612,2.7612,2.7067,2.7067,25937,0
2001-01-26,2.7333,2.7968,2.7333,2.7612,30372,0
2001-01-29,2.7793,2.8422,2.7333,2.815,125910,0
2001-01-30,2.8422,2.8422,2.7519,2.815,78471,0
2001-01-31,2.815,2.8327,2.7793,2.7878,34801,0
2001-02-01,2.8237,2.8237,2.7249,2.7249,40120,0
2001-02-02,2.7793,2.7968,2.7612,2.7612,46110,0
2001-02-05,2.7612,2.7612,2.7249,2.7519,43227,0
2001-02-06,2.7425,2.7425,2.6612,2.6612,9084,0
2001-02-07,2.6888,2.6888,2.6612,2.6612,10193,0
2001-02-08,2.6167,2.6612,2.6167,2.6612,9532,0
2001-02-09,2.6435,2.6435,2.6167,2.6347,39016,0
2001-02-12,2.6347,2.7157,2.6347,2.6612,27933,0
2001-02-13,2.6526,2.6526,2.6347,2.6526,1553,0
2001-02-14,2.6982,2.6982,2.5983,2.5983,11526,0
2001-02-15,2.5983,2.6257,2.5717,2.5717,27266,0
2001-02-16,2.5983,2.6888,2.5983,2.6888,9759,0
2001-02-20,2.6167,2.6167,2.6167,2.6167,663,0
2001-02-21,2.6526,2.6704,2.6526,2.6704,9532,0
2001-02-22,2.7067,2.7249,2.6795,2.7249,73592,0
2001-02-23,2.7519,2.9504,2.7519,2.9142,20840,0
2001-02-26,2.9142,3.1219,2.9142,3.0856,47659,0
2001-02-27,3.1401,3.1576,3.0856,3.1219,79797,0
2001-02-28,3.1219,3.1219,2.9325,2.9683,26596,0
2001-03-01,2.9864,3.2028,2.9325,3.0495,74480,0
2001-03-02,3.0043,3.0043,2.9774,3.0043,9532,0
2001-03-05,3.0043,3.0043,2.7157,2.9232,21284,0
2001-03-06,2.9049,3.0224,2.9049,2.9774,38791,0
2001-03-07,3.0043,3.0405,3.0043,3.0405,20396,0
2001-03-08,3.0495,3.2121,3.0495,3.1938,32807,0
2001-03-09,3.2028,3.2121,3.1759,3.1759,13740,0
2001-03-12,3.1759,3.2481,3.1759,3.2212,118371,0
2001-03-13,3.2121,3.2121,3.0856,3.1125,32363,0
2001-03-14,3.1125,3.1219,2.9774,2.9774,69602,0
2001-03-15,2.9774,3.0224,2.9504,3.0224,18620,0
2001-03-16,2.9774,2.9774,2.887,2.887,35911,0
2001-03-19,2.896,2.9683,2.8422,2.9325,52539,0
2001-03-20,2.896,2.9504,2.887,2.9325,3991,0
2001-03-21,2.9325,2.9504,2.9142,2.9504,15735,0
2001-03-22,2.9325,2.9864,2.9325,2.9864,32807,0
2001-03-23,3.0224,3.0224,2.9683,2.9683,4433,0
2001-03-26,2.9414,2.9774,2.9325,2.9774,54531,0
2001-03-27,2.9504,2.9774,2.9504,2.9774,12413,0
2001-03-28,2.9595,3.0676,2.9595,3.0131,41676,0
2001-03-29,3.0495,3.0495,2.9864,3.0316,8204,0
2001-03-30,3.0043,3.0224,3.0043,3.0224,2214,0
2001-04-02,3.0131,3.0405,3.0043,3.0043,26158,0
2001-04-03,3.0043,3.1759,3.0043,3.1759,22609,0
2001-04-04,3.2306,3.4285,3.2306,3.4016,45665,0
2001-04-05,3.3927,3.3927,3.3377,3.3744,58965,0
2001-04-06,3.3833,3.5187,3.3833,3.4559,43227,0
2001-04-09,3.4734,3.5005,3.4285,3.5005,10193,0
2001-04-10,3.4734,3.4734,3.3927,3.4016,9084,0
2001-04-11,3.4016,3.4734,3.3927,3.4016,24386,0
2001-04-12,3.4734,3.4734,3.4016,3.4192,6649,0
2001-04-16,3.4734,3.5641,3.4734,3.5641,24603,0
2001-04-17,3.5187,3.5364,3.4734,3.5364,38350,0
2001-04-18,3.5364,3.5551,3.4016,3.5187,50545,0
2001-04-19,3.6001,3.6001,3.5364,3.5364,71379,0
2001-04-20,3.591,3.6092,3.5551,3.6001,26596,0
2001-04-23,3.6539,3.6539,3.528,3.6092,62512,0
2001-04-24,3.6539,3.8251,3.6539,3.762,58745,0
2001-04-25,3.7711,3.7711,3.6811,3.7264,39237,0
2001-04-26,3.7264,3.7898,3.6992,3.7898,97533,0
2001-04-27,3.7898,3.8975,3.7898,3.8975,52539,0
2001-04-30,3.8795,3.9877,3.8344,3.9064,50545,0
2001-05-01,3.8887,3.8887,3.7988,3.8344,26158,0
2001-05-02,3.8163,3.8251,3.7711,3.8074,64509,0
2001-05-03,3.8344,3.8344,3.762,3.7898,30150,0
2001-05-04,3.8344,3.8795,3.672,3.6811,50982,0
2001-05-07,3.6992,3.6992,3.6182,3.645,25052,0
2001-05-08,3.6539,3.717,3.6358,3.6992,60075,0
2001-05-09,3.7353,3.9517,3.7353,3.8708,114824,0
2001-05-10,3.8074,3.8795,3.7898,3.8795,41899,0
2001-05-11,3.9342,4.006,3.9064,3.943,208147,0
2001-05-14,3.9607,4.015,3.9064,3.9064,246053,0
2001-05-15,3.9699,4.0603,3.9342,4.0603,85570,0
2001-05-16,4.0872,4.2853,4.0872,4.2407,265120,0
2001-05-17,4.2853,4.3579,4.2589,4.2853,113049,0
2001-05-18,4.2853,4.7725,4.2853,4.6916,154286,0
2001-05-21,5.3052,5.4134,5.1067,5.2604,768536,0
2001-05-22,4.9623,4.9623,4.403,4.5472,429607,0
2001-05-23,4.5204,4.5204,4.403,4.4392,213468,0
2001-05-24,4.5832,4.6372,4.2761,4.5024,844569,0
2001-05-25,4.5113,4.6194,4.403,4.6194,571692,0
2001-05-29,4.5832,4.5832,4.403,4.4929,110392,0
2001-05-30,4.4209,4.4299,4.1505,4.2043,164480,0
2001-05-31,4.2407,4.2407,4.0603,4.1409,197293,0
2001-06-01,4.1317,4.403,4.1317,4.3129,272216,0
2001-06-04,4.3307,4.4662,4.2946,4.4662,95099,0
2001-06-05,4.4662,4.5472,4.403,4.5382,113269,0
2001-06-06,4.5832,4.6286,4.4662,4.4662,275091,0
2001-06-07,4.4662,4.6644,4.4662,4.6644,91106,0
2001-06-08,4.5653,4.8089,4.5472,4.8089,201721,0
2001-06-11,4.6916,4.7096,4.6286,4.6825,218565,0
2001-06-12,4.8632,4.8632,4.7636,4.8089,144526,0
2001-06-13,4.8538,4.9354,4.8271,4.9267,221006,0
2001-06-14,4.9623,5.0886,4.9173,5.0255,292158,0
2001-06-15,5.0527,5.0796,5.0072,5.0255,165586,0
2001-06-18,5.0527,5.1515,4.9982,5.0886,824396,0
2001-06-19,5.1337,5.1337,4.8538,4.8719,231647,0
2001-06-20,4.737,4.7454,4.6465,4.7188,195734,0
2001-06-21,4.7282,4.7282,4.6194,4.7282,88450,0
2001-06-22,4.7188,4.9173,4.7188,4.8538,104851,0
2001-06-25,5.278,5.278,5.0347,5.0527,309228,0
2001-06-26,5.1424,5.1515,5.0255,5.1424,332953,0
2001-06-27,5.0886,5.2326,4.8179,4.8362,193739,0
2001-06-28,4.791,4.8809,4.6736,4.7819,160490,0
2001-06-29,4.8903,4.9528,4.8632,4.8632,191295,0
2001-07-02,4.8271,4.8809,4.7454,4.8538,33914,0
2001-07-03,4.8179,4.8538,4.7454,4.7819,26596,0
2001-07-05,4.8271,4.8271,4.7096,4.737,134777,0
2001-07-06,4.7725,4.7819,4.6372,4.7282,99087,0
2001-07-09,4.7454,4.7454,4.6194,4.6825,64509,0
2001-07-10,4.7004,4.737,4.6736,4.6736,58298,0
2001-07-11,4.8538,4.9982,4.8089,4.9528,169135,0
2001-07-12,4.899,4.9623,4.8089,4.9623,44776,0
2001-07-13,4.9806,4.9982,4.8089,4.9623,61401,0
2001-07-16,4.9898,5.0072,4.9354,4.9354,102856,0
2001-07-17,4.9439,5.0161,4.9173,4.9623,93320,0
2001-07-18,4.9623,4.9982,4.8179,4.9982,184656,0
2001-07-19,4.9898,4.9898,4.845,4.9439,50545,0
2001-07-20,4.9898,5.0347,4.8089,4.8809,266009,0
2001-07-23,4.8089,4.8809,4.6736,4.8809,98866,0
2001-07-24,4.8362,4.8809,4.7004,4.7454,193075,0
2001-07-25,4.737,4.7819,4.6286,4.6825,81797,0
2001-07-26,4.6372,4.6465,4.5289,4.5289,154286,0
2001-07-27,4.5113,4.5832,4.3307,4.403,165586,0
2001-07-30,4.403,4.4662,4.2317,4.3762,135000,0
2001-07-31,4.403,4.5113,4.403,4.4299,95761,0
2001-08-01,4.4662,4.5382,4.4392,4.5382,63618,0
2001-08-02,4.4837,4.5472,4.4837,4.5472,70711,0
2001-08-03,4.5204,4.7282,4.5204,4.7096,102191,0
2001-08-06,4.7096,4.7819,4.7096,4.7636,16179,0
2001-08-07,4.737,4.737,4.6372,4.6558,24161,0
2001-08-08,4.6372,4.737,4.5925,4.7004,89779,0
2001-08-09,4.8089,4.9623,4.8089,4.9623,140540,0
2001-08-10,4.9898,4.9982,4.7999,4.845,153841,0
2001-08-13,4.8903,4.9982,4.8538,4.9716,112388,0
2001-08-14,4.9528,4.9898,4.899,4.9716,124802,0
2001-08-15,4.9528,5.0347,4.9528,5.0347,220120,0
2001-08-16,5.0616,5.0616,4.9623,4.9898,220343,0
2001-08-17,5.0347,5.0886,4.9623,4.9623,251150,0
2001-08-20,4.9623,4.9623,4.6916,4.7999,132557,0
2001-08-21,4.7819,4.8179,4.6372,4.7725,126131,0
2001-08-22,4.845,4.845,4.6644,4.7282,140983,0
2001-08-23,4.737,4.791,4.7004,4.791,67390,0
2001-08-24,4.7819,4.8271,4.737,4.8271,107289,0
2001-08-27,4.8271,4.8271,4.7636,4.8271,61841,0
2001-08-28,4.7725,4.7725,4.6644,4.6644,64509,0
2001-08-29,4.6916,4.9623,4.6916,4.8089,193965,0
2001-08-30,4.8362,4.8903,4.737,4.8903,72710,0
2001-08-31,4.9173,4.9173,4.7545,4.8809,79363,0
2001-09-04,4.8632,4.8719,4.7454,4.7636,77580,0
2001-09-05,4.7725,4.8903,4.7545,4.8809,118152,0
2001-09-06,4.8538,4.9354,4.7725,4.8903,70048,0
2001-09-07,4.9173,5.2326,4.9173,5.0347,247828,0
2001-09-10,5.0347,5.1605,4.9898,5.1515,163151,0
2001-09-17,5.4857,5.5216,5.1605,5.3052,762104,0
2001-09-18,5.278,5.5216,5.1337,5.5216,379724,0
2001-09-19,5.5216,5.7111,5.4046,5.4311,1080870,0
2001-09-20,5.3052,5.4857,5.1881,5.3417,483905,0
2001-09-21,5.4584,5.4584,5.1337,5.1424,428050,0
2001-09-24,4.9354,5.1156,4.9354,5.0796,266223,0
2001-09-25,5.0347,5.2237,5.0347,5.1067,123472,0
2001-09-26,5.1515,5.278,5.1337,5.179,358666,0
2001-09-27,5.2326,5.3052,5.1248,5.1973,217460,0
2001-09-28,5.2508,5.2693,5.1881,5.2326,482583,0
2001-10-01,5.2326,5.3773,5.1973,5.3773,291056,0
2001-10-02,5.3773,5.4134,5.2868,5.3684,199282,0
2001-10-03,5.3417,5.4134,5.179,5.2153,289727,0
2001-10-04,5.2326,5.278,5.1337,5.1424,170691,0
2001-10-05,5.1424,5.6393,5.1424,5.4134,1292123,0
2001-10-08,5.4134,5.5037,5.3052,5.4678,346256,0
2001-10-09,5.4678,5.4678,5.3231,5.3863,361765,0
2001-10-10,5.3863,5.4496,5.2604,5.2604,574126,0
2001-10-11,5.0978,5.1067,4.7819,5.0255,710011,0
2001-10-12,5.0347,5.3052,5.0255,5.2237,602727,0
2001-10-15,5.2064,5.296,5.1424,5.1881,485018,0
2001-10-16,5.2604,5.2604,5.0704,5.1881,213028,0
2001-10-17,5.1424,5.2693,5.1067,5.1881,324304,0
2001-10-18,5.2237,5.2237,5.0072,5.0704,232311,0
2001-10-19,5.0527,5.1424,4.8271,4.8271,419842,0
2001-10-22,4.8271,4.9267,4.7454,4.791,269771,0
2001-10-23,4.8271,5.0072,4.8271,4.9354,394575,0
2001-10-24,5.0347,5.179,5.0072,5.1248,202388,0
2001-10-25,5.1424,5.2508,5.1067,5.1067,289058,0
2001-10-26,5.1067,5.1605,5.0527,5.1067,80246,0
2001-10-29,5.0978,5.2604,5.0616,5.2419,306796,0
2001-10-30,5.3052,5.3863,5.3052,5.3506,460184,0
2001-10-31,5.3506,5.3684,5.1973,5.3052,185538,0
2001-11-01,5.3052,5.4046,5.3052,5.3052,271765,0
2001-11-02,5.3417,5.4224,5.3417,5.3684,216572,0
2001-11-05,5.3231,5.3231,5.278,5.3231,131894,0
2001-11-06,5.3322,5.3322,5.2419,5.2604,124583,0
2001-11-07,5.296,5.3863,5.2604,5.296,488565,0
2001-11-08,5.3231,5.3417,5.0527,5.0704,305687,0
2001-11-09,5.0978,5.1424,5.0347,5.0616,187312,0
2001-11-12,5.0704,5.278,5.0616,5.0616,439135,0
2001-11-13,5.0437,5.0437,4.8719,4.9716,291273,0
2001-11-14,4.9354,5.0347,4.8719,4.9173,259354,0
2001-11-15,4.9173,4.9173,4.7454,4.791,219231,0
2001-11-16,4.791,4.9173,4.6644,4.8632,408102,0
2001-11-19,4.8903,4.9173,4.6194,4.6372,314774,0
2001-11-20,4.6372,4.7282,4.6194,4.7282,211252,0
2001-11-21,4.7096,4.7999,4.6644,4.7725,100639,0
2001-11-23,4.8271,4.8538,4.8089,4.8089,69386,0
2001-11-26,4.8089,4.9173,4.7004,4.737,126796,0
2001-11-27,4.7725,4.8362,4.7188,4.8089,290611,0
2001-11-28,4.8538,4.9623,4.8538,4.908,406990,0
2001-11-29,4.9528,5.0437,4.9528,5.0347,203493,0
2001-11-30,5.1156,5.1881,5.0616,5.1067,174900,0
2001-12-03,5.1424,5.2508,5.1424,5.179,219675,0
2001-12-04,5.1881,5.2064,5.0616,5.1605,385711,0
2001-12-05,5.179,5.179,5.0796,5.0978,246053,0
2001-12-06,5.0978,5.1424,5.0704,5.0796,172017,0
2001-12-07,5.0704,5.0978,4.9354,4.9806,169358,0
2001-12-10,5.0072,5.0072,4.791,4.8538,198841,0
2001-12-11,4.8719,5.0072,4.8362,4.9354,221670,0
2001-12-12,5.0704,5.2237,5.0704,5.1881,264234,0
2001-12-13,5.2326,5.3052,5.1515,5.3052,212142,0
2001-12-14,5.3417,5.5938,5.3322,5.5938,640189,0
2001-12-17,5.5758,5.5758,5.4134,5.5037,398341,0
2001-12-18,5.5037,5.5938,5.4224,5.5306,415629,0
2001-12-19,5.4948,5.4948,5.3863,5.4134,271109,0
2001-12-20,5.4134,5.5668,5.3773,5.4948,321867,0
2001-12-21,5.5486,5.6118,5.3863,5.3863,446224,0
2001-12-24,5.4403,5.5668,5.4311,5.5037,113494,0
2001-12-26,5.4857,5.5938,5.4403,5.5668,39678,0
2001-12-27,5.5216,5.5306,5.3863,5.4134,122362,0
2001-12-28,5.3863,5.4857,5.3863,5.4403,149853,0
2001-12-31,5.5216,5.5486,5.4584,5.4857,259354,0
