Date,Open,High,Low,Close,Volume,OpenInt
1996-09-30,7.7564,7.7564,7.7564,7.7564,21061,0
1996-10-01,7.5215,7.5215,7.5215,7.5215,3829,0
1996-10-02,7.5215,7.5215,7.5215,7.5215,0,0
1996-10-03,7.7564,7.8788,7.7564,7.8788,11275,0
1996-10-04,7.7564,7.7564,7.7564,7.7564,11169,0
1996-10-07,7.8128,7.8128,7.7564,7.7753,35525,0
1996-10-08,7.8788,7.8788,7.7564,7.7564,15422,0
1996-10-09,7.8788,7.8788,7.7377,7.7564,41587,0
1996-10-10,7.7564,7.7564,7.7564,7.7564,0,0
1996-10-11,7.6437,7.6437,7.6437,7.6437,318,0
1996-10-14,7.6437,7.6437,7.6437,7.6437,8295,0
1996-10-15,7.578,7.6437,7.578,7.6437,124126,0
1996-10-16,7.6437,7.6437,7.5026,7.5215,172308,0
1996-10-17,7.5215,7.5215,7.5215,7.5215,0,0
1996-10-18,7.5215,7.5215,7.5215,7.5215,1701,0
1996-10-21,7.5215,7.5215,7.5215,7.5215,0,0
1996-10-22,7.4086,7.4086,7.4086,7.4086,212,0
1996-10-23,7.4086,7.4086,7.4086,7.4086,212,0
1996-10-24,7.4086,7.4086,7.4086,7.4086,0,0
1996-10-25,7.4086,7.4086,7.4086,7.4086,0,0
1996-10-28,7.2864,7.2864,7.2864,7.2864,532,0
1996-10-29,7.2676,7.2676,7.1359,7.1736,53820,0
1996-10-30,7.1736,7.1736,7.1736,7.1736,0,0
1996-10-31,7.1736,7.1736,7.0514,7.0514,23718,0
1996-11-01,7.0514,7.0514,7.0514,7.0514,212,0
1996-11-04,7.0514,7.0514,7.0514,7.0514,0,0
1996-11-05,7.465,7.578,7.465,7.465,46056,0
1996-11-06,7.465,7.465,7.4086,7.4086,9466,0
1996-11-07,7.2864,7.6437,7.2864,7.6437,10104,0
1996-11-08,7.5215,7.5215,7.4086,7.4086,6169,0
1996-11-11,7.2864,7.2864,7.2864,7.2864,3510,0
1996-11-12,7.2864,7.2864,7.2864,7.2864,0,0
1996-11-13,7.5215,7.5215,7.4368,7.4368,14467,0
1996-11-14,7.4744,7.5402,7.3429,7.3429,134443,0
1996-11-15,7.3429,7.6437,7.3429,7.6437,5637,0
1996-11-18,7.6437,7.6437,7.6437,7.6437,0,0
1996-11-19,7.6437,7.6437,7.6437,7.6437,9998,0
1996-11-20,7.6437,7.7564,7.6437,7.7564,13082,0
1996-11-21,7.8128,7.8128,7.7564,7.7564,5850,0
1996-11-22,7.7564,7.7564,7.7564,7.7564,0,0
1996-11-25,7.7002,7.8788,7.5215,7.5215,10425,0
1996-11-26,7.6437,7.6437,7.465,7.5215,11169,0
1996-11-27,7.578,7.578,7.578,7.578,4999,0
1996-11-29,7.5215,7.5215,7.4086,7.4086,15422,0
1996-12-02,7.4086,7.4086,7.4086,7.4086,0,0
1996-12-03,7.1736,7.1736,6.8165,6.8165,19783,0
1996-12-04,7.0514,7.0514,7.0514,7.0514,4362,0
1996-12-05,6.9387,6.9387,6.9387,6.9387,212,0
1996-12-06,7.0514,7.0514,7.0514,7.0514,639,0
1996-12-09,7.0514,7.0514,7.0514,7.0514,318,0
1996-12-10,7.0514,7.2864,7.0514,7.2864,2021,0
1996-12-11,7.1736,7.23,7.1736,7.23,219320,0
1996-12-12,7.1736,7.1736,7.1736,7.1736,4362,0
1996-12-13,7.1736,7.1736,7.1736,7.1736,3510,0
1996-12-16,7.1736,7.1736,7.1736,7.1736,0,0
1996-12-17,7.1736,7.1736,7.0984,7.1736,120828,0
1996-12-18,7.2864,7.2864,7.1736,7.1736,532,0
1996-12-19,7.1736,7.183,7.1548,7.1548,160394,0
1996-12-20,7.1736,7.1736,7.1736,7.1736,1701,0
1996-12-23,7.1736,7.1736,7.1736,7.1736,2870,0
1996-12-24,7.1736,7.1736,7.1736,7.1736,5850,0
1996-12-26,7.1736,7.1736,7.1736,7.1736,14998,0
1996-12-27,7.1736,7.23,7.0514,7.0514,57967,0
1996-12-30,7.4086,7.4086,7.2864,7.2864,18931,0
1996-12-31,7.4086,7.4086,7.4086,7.4086,6807,0
1997-01-02,7.4086,7.4086,7.4086,7.4086,0,0
1997-01-03,7.2864,7.4086,7.2864,7.4086,14998,0
1997-01-06,7.3429,7.3429,7.23,7.23,51481,0
1997-01-07,7.4086,7.4086,7.2864,7.2864,957,0
1997-01-08,7.2864,7.2864,7.0514,7.0514,20422,0
1997-01-09,7.4086,7.4086,7.4086,7.4086,8295,0
1997-01-10,7.5215,7.8788,7.5215,7.8788,31057,0
1997-01-13,8.2267,8.2267,8.1137,8.1137,2870,0
1997-01-14,8.17,8.17,7.9915,7.9915,22763,0
1997-01-15,7.8788,7.8788,7.7564,7.7564,5956,0
1997-01-16,7.7564,7.9915,7.7564,7.9915,2021,0
1997-01-17,7.8788,7.8788,7.8788,7.8788,1701,0
1997-01-20,7.7564,7.7564,7.7564,7.7564,1701,0
1997-01-21,7.8128,7.8128,7.8128,7.8128,14571,0
1997-01-22,7.8128,7.8128,7.8128,7.8128,0,0
1997-01-23,7.6437,7.7564,7.6437,7.6437,4785,0
1997-01-24,7.6437,7.6437,7.6437,7.6437,63817,0
1997-01-27,7.7002,7.7002,7.7002,7.7002,212,0
1997-01-28,7.8788,7.8788,7.8128,7.8128,5956,0
1997-01-29,7.8788,7.8788,7.8788,7.8788,212,0
1997-01-30,7.8128,7.8128,7.8128,7.8128,15742,0
1997-01-31,7.8411,7.8411,7.7564,7.7564,10318,0
1997-02-03,7.9351,7.9351,7.9351,7.9351,3298,0
1997-02-04,7.8788,7.8788,7.8788,7.8788,9998,0
1997-02-05,7.8788,7.8788,7.8788,7.8788,1170,0
1997-02-06,7.8788,7.8788,7.8788,7.8788,0,0
1997-02-07,7.8788,7.8788,7.8788,7.8788,0,0
1997-02-10,7.8788,8.048,7.8788,7.9915,5850,0
1997-02-11,7.8788,7.8788,7.8788,7.8788,10636,0
1997-02-12,7.8788,8.1137,7.8788,8.1137,4999,0
1997-02-13,7.9915,8.2267,7.9915,8.2267,113170,0
1997-02-14,8.2548,8.4617,8.2267,8.4617,21592,0
1997-02-18,8.4617,8.4617,8.4617,8.4617,0,0
1997-02-19,8.1137,8.1137,8.1137,8.1137,212,0
1997-02-20,8.1137,8.3489,7.9915,8.1137,35420,0
1997-02-21,7.9915,7.9915,7.9915,7.9915,3298,0
1997-02-24,7.9915,7.9915,7.9915,7.9915,0,0
1997-02-25,7.9915,7.9915,7.9915,7.9915,0,0
1997-02-26,7.9163,8.1137,7.9163,8.1137,32122,0
1997-02-27,7.9163,7.9915,7.9163,7.9915,5637,0
1997-02-28,7.9163,7.9163,7.9163,7.9163,957,0
1997-03-03,8.1137,8.1137,8.1137,8.1137,10318,0
1997-03-04,8.1137,8.1137,8.1137,8.1137,0,0
1997-03-05,8.1137,8.1137,8.1137,8.1137,0,0
1997-03-06,8.1137,8.1137,8.1137,8.1137,0,0
1997-03-07,8.1137,8.1137,8.1137,8.1137,1276,0
1997-03-10,8.1137,8.1137,8.1137,8.1137,4150,0
1997-03-11,8.1137,8.1137,8.1137,8.1137,43926,0
1997-03-12,8.1513,8.2738,8.1137,8.2738,23080,0
1997-03-13,8.2267,8.2738,8.1137,8.2738,3615,0
1997-03-14,8.1137,8.2267,8.1137,8.2267,9253,0
1997-03-17,8.2267,8.2267,8.2267,8.2267,5637,0
1997-03-18,8.2267,8.2267,8.2267,8.2267,0,0
1997-03-19,8.2267,8.2267,8.1137,8.1137,2021,0
1997-03-20,8.2267,8.3018,8.1513,8.3018,107321,0
1997-03-21,8.1513,8.1513,8.1513,8.1513,957,0
1997-03-24,8.2267,8.2267,8.1137,8.2267,12445,0
1997-03-25,8.0385,8.0385,7.8788,7.9915,14571,0
1997-03-26,7.8035,8.0385,7.8035,8.0385,3298,0
1997-03-27,7.7564,7.7564,7.6437,7.6437,19571,0
1997-03-31,7.6437,7.6437,7.6437,7.6437,1701,0
1997-04-01,7.5684,7.5684,7.2113,7.2113,165394,0
1997-04-02,7.2113,7.4086,7.0984,7.0984,4468,0
1997-04-03,7.0514,7.0514,6.9387,6.9387,318,0
1997-04-04,7.0514,7.0514,7.0514,7.0514,318,0
1997-04-07,7.0514,7.0514,7.0514,7.0514,318,0
1997-04-08,7.2113,7.2113,7.2113,7.2113,318,0
1997-04-09,7.2113,7.2864,7.2113,7.2864,16167,0
1997-04-10,7.2113,7.2113,7.2113,7.2113,5850,0
1997-04-11,7.1736,7.1736,7.1736,7.1736,5319,0
1997-04-14,7.0514,7.0514,7.0514,7.0514,639,0
1997-04-15,7.0514,7.0514,7.0514,7.0514,957,0
1997-04-16,6.7035,6.9761,6.7035,6.9761,12338,0
1997-04-17,6.7035,6.9387,6.7035,6.9387,12763,0
1997-04-18,6.7411,6.7411,6.7411,6.7411,1170,0
1997-04-21,6.7411,6.7411,6.7411,6.7411,0,0
1997-04-22,7.0514,7.0514,7.0514,7.0514,3298,0
1997-04-23,7.0514,7.0514,7.0514,7.0514,0,0
1997-04-24,6.8165,6.8165,6.8165,6.8165,318,0
1997-04-25,6.9387,6.9387,6.9387,6.9387,3298,0
1997-04-28,6.7035,6.8633,6.7035,6.8633,1490,0
1997-04-29,6.5813,6.6282,6.4779,6.6282,14571,0
1997-04-30,6.3462,6.5813,6.3462,6.5813,10425,0
1997-05-01,6.5813,6.5813,6.5813,6.5813,0,0
1997-05-02,6.3933,6.4215,6.3462,6.3462,11488,0
1997-05-05,6.3462,6.5813,6.3462,6.5813,12127,0
1997-05-06,6.3462,6.3462,6.3462,6.3462,1170,0
1997-05-07,6.2334,6.2334,6.2334,6.2334,9679,0
1997-05-08,6.2334,6.2334,6.2334,6.2334,0,0
1997-05-09,6.5813,6.6282,6.5813,6.5813,3615,0
1997-05-12,6.506,6.5813,6.506,6.506,1701,0
1997-05-13,6.7411,6.8165,6.7411,6.8165,35206,0
1997-05-14,6.7411,6.7411,6.7035,6.7035,4999,0
1997-05-15,6.7035,6.7035,6.7035,6.7035,0,0
1997-05-16,6.7035,6.7035,6.7035,6.7035,7020,0
1997-05-19,6.5813,6.5813,6.5813,6.5813,318,0
1997-05-20,6.4779,6.4779,6.4779,6.4779,318,0
1997-05-21,6.6282,6.6282,6.6282,6.6282,212,0
1997-05-22,6.6282,6.6282,6.6282,6.6282,0,0
1997-05-23,6.506,6.506,6.506,6.506,639,0
1997-05-27,6.3933,6.3933,6.3933,6.3933,212,0
1997-05-28,6.3933,6.3933,6.3933,6.3933,639,0
1997-05-29,6.5813,6.5813,6.5813,6.5813,5319,0
1997-05-30,6.5813,6.5813,6.506,6.506,2445,0
1997-06-02,6.3462,6.3462,6.2334,6.3462,10956,0
1997-06-03,6.4685,6.4685,6.2334,6.2334,639,0
1997-06-04,6.2334,6.2334,6.1582,6.2334,31909,0
1997-06-05,6.1111,6.1111,6.1111,6.1111,36376,0
1997-06-06,5.9983,6.1111,5.9983,6.1111,11912,0
1997-06-09,5.9983,5.9983,5.9983,5.9983,15422,0
1997-06-10,6.1111,6.1111,5.9983,6.1111,7446,0
1997-06-11,5.9983,6.1111,5.9983,6.1111,4785,0
1997-06-12,5.9231,6.036,5.8762,5.8762,24783,0
1997-06-13,5.8762,5.9983,5.8762,5.9983,26910,0
1997-06-16,5.9983,5.9983,5.9983,5.9983,1170,0
1997-06-17,5.6881,5.6881,5.6881,5.6881,4362,0
1997-06-18,5.6411,5.6411,5.5284,5.5284,20316,0
1997-06-19,5.4061,5.4061,5.171,5.171,14571,0
1997-06-20,5.171,5.171,5.171,5.171,0,0
1997-06-23,4.983,4.983,4.983,4.983,5850,0
1997-06-24,5.0582,5.0582,4.936,4.936,957,0
1997-06-25,4.936,4.936,4.823,4.823,3934,0
1997-06-26,4.7479,4.823,4.7291,4.823,66795,0
1997-06-27,4.6257,4.6257,4.4658,4.4658,60519,0
1997-06-30,4.4658,4.4658,4.2308,4.3531,95939,0
1997-07-01,4.3531,4.3531,4.2308,4.2308,15742,0
1997-07-02,4.2495,4.2778,4.1556,4.1556,24463,0
1997-07-03,4.1556,4.1556,4.1556,4.1556,0,0
1997-07-07,3.7607,4.118,3.7607,3.9958,26590,0
1997-07-08,3.9958,3.9958,3.883,3.883,532,0
1997-07-09,3.883,3.883,3.883,3.883,0,0
1997-07-10,4.118,4.118,3.883,3.883,3510,0
1997-07-11,4.118,4.4658,4.118,4.4658,17976,0
1997-07-14,4.3908,4.4658,4.3908,4.3908,22763,0
1997-07-15,4.3908,4.3908,4.3908,4.3908,0,0
1997-07-16,4.3908,4.7009,4.3908,4.7009,2341,0
1997-07-17,4.6257,4.6257,4.3908,4.4658,1701,0
1997-07-18,4.3908,4.7479,4.3908,4.7479,5956,0
1997-07-21,4.823,4.823,4.5129,4.5129,10104,0
1997-07-22,4.7479,4.7479,4.588,4.588,14145,0
1997-07-23,4.4658,4.4658,4.3531,4.3531,21061,0
1997-07-24,4.3531,4.588,4.3531,4.588,7338,0
1997-07-25,4.588,4.588,4.588,4.588,639,0
1997-07-28,4.588,4.588,4.588,4.588,852,0
1997-07-29,4.5129,4.5129,4.4658,4.4658,9147,0
1997-07-30,4.3908,4.3908,4.3908,4.3908,212,0
1997-07-31,4.588,4.588,4.2308,4.2308,14467,0
1997-08-01,4.2308,4.2591,4.2308,4.2308,255271,0
1997-08-04,4.2308,4.2308,4.2308,4.2308,3298,0
1997-08-05,4.2308,4.2778,4.118,4.118,12976,0
1997-08-06,4.0428,4.0428,4.0428,4.0428,532,0
1997-08-07,4.118,4.2308,4.118,4.2308,30633,0
1997-08-08,4.1556,4.3531,4.1556,4.3062,280159,0
1997-08-11,4.3531,4.588,4.3531,4.588,1809,0
1997-08-12,4.588,4.588,4.3531,4.3531,24145,0
1997-08-13,4.5129,4.5129,4.5129,4.5129,33717,0
1997-08-14,4.3531,4.3531,4.3531,4.3531,2021,0
1997-08-15,4.3531,4.3531,4.3531,4.3531,1701,0
1997-08-18,4.2308,4.2308,4.2308,4.2308,5637,0
1997-08-19,4.4658,4.588,4.2308,4.588,3298,0
1997-08-20,4.588,4.588,4.588,4.588,18082,0
1997-08-21,4.3908,4.588,4.3908,4.4658,16806,0
1997-08-22,4.7009,4.823,4.7009,4.823,15422,0
1997-08-25,4.7009,4.7009,4.588,4.588,6169,0
1997-08-26,4.588,4.588,4.588,4.588,7446,0
1997-08-27,4.4658,4.4658,4.4658,4.4658,6807,0
1997-08-28,4.7009,4.7009,4.4658,4.6257,6594,0
1997-08-29,4.5974,4.5974,4.5974,4.5974,10636,0
1997-09-02,4.588,4.588,4.3531,4.3531,4468,0
1997-09-03,4.5129,4.5129,4.2778,4.2778,25315,0
1997-09-04,4.2308,4.4658,4.2308,4.2308,15422,0
1997-09-05,4.2308,4.2308,4.2308,4.2308,1490,0
1997-09-08,4.2778,4.2778,4.1556,4.1556,20954,0
1997-09-09,4.1556,4.2308,3.9958,3.9958,14252,0
1997-09-10,4.118,4.118,4.0428,4.0428,10636,0
1997-09-11,3.9205,4.0428,3.9205,4.0428,10636,0
1997-09-12,3.9958,4.118,3.883,3.883,15422,0
1997-09-15,3.8076,3.8076,3.8076,3.8076,13082,0
1997-09-16,3.7607,3.7607,3.5727,3.6479,11488,0
1997-09-17,3.4127,3.4127,3.3377,3.3658,20740,0
1997-09-18,3.3658,3.3658,3.3658,3.3658,0,0
1997-09-19,3.2907,3.3377,3.2154,3.3377,19571,0
1997-09-22,3.1778,3.2907,3.1778,3.1778,7446,0
1997-09-23,3.1026,3.1026,2.9805,3.1026,11169,0
1997-09-24,3.2154,3.2907,3.0556,3.0556,20634,0
1997-09-25,3.3658,3.3658,3.3658,3.3658,3298,0
1997-09-26,3.4127,3.6479,3.4127,3.6479,15315,0
1997-09-29,3.7607,3.9958,3.6855,3.883,48502,0
1997-09-30,4.1556,4.1556,3.883,3.9958,21061,0
1997-10-01,4.4658,4.5129,4.2778,4.2778,25953,0
1997-10-02,4.2778,4.2778,4.2778,4.2778,1701,0
1997-10-03,4.1556,4.2778,4.118,4.118,37228,0
1997-10-06,4.0428,4.2778,3.9958,4.118,23080,0
1997-10-07,4.118,4.118,4.118,4.118,8828,0
1997-10-08,3.9205,4.118,3.9205,3.9958,13297,0
1997-10-09,4.0428,4.1273,3.883,3.883,12763,0
1997-10-10,3.883,4.118,3.883,3.9205,4785,0
1997-10-13,4.118,4.118,3.9958,3.9958,12127,0
1997-10-14,3.9958,3.9958,3.883,3.883,29249,0
1997-10-15,3.883,3.883,3.883,3.883,1170,0
1997-10-16,3.9958,4.118,3.9205,3.9205,12338,0
1997-10-17,3.9205,3.9205,3.9205,3.9205,212,0
1997-10-20,3.9958,3.9958,3.8076,3.8076,29568,0
1997-10-21,3.883,3.883,3.883,3.883,8935,0
1997-10-22,3.883,3.883,3.883,3.883,5319,0
1997-10-23,3.9958,3.9958,3.883,3.883,7126,0
1997-10-24,3.8076,3.8076,3.4127,3.4127,14784,0
1997-10-27,3.2907,3.2907,3.1778,3.1778,12763,0
1997-10-28,3.2907,3.2907,3.1778,3.1778,3298,0
1997-10-29,3.2907,3.2907,3.1778,3.1778,3192,0
1997-10-30,3.2154,3.3377,3.2154,3.3377,31909,0
1997-10-31,3.2154,3.3377,3.1778,3.3377,11169,0
1997-11-03,3.3377,3.3377,3.3377,3.3377,2341,0
1997-11-04,3.1026,3.1026,3.1026,3.1026,318,0
1997-11-05,3.1872,3.2154,3.1778,3.1778,42864,0
1997-11-06,3.2907,3.2907,3.2907,3.2907,1701,0
1997-11-07,3.2154,3.2154,3.0556,3.0556,8616,0
1997-11-10,3.0838,3.0838,3.0556,3.0556,56053,0
1997-11-11,3.0556,3.0556,3.0556,3.0556,852,0
1997-11-12,3.0556,3.1026,2.9428,3.0556,14998,0
1997-11-13,3.1778,3.1778,3.1778,3.1778,318,0
1997-11-14,2.8205,2.8205,2.5855,2.8205,9466,0
1997-11-17,2.8205,2.8205,2.8205,2.8205,0,0
1997-11-18,2.4821,2.5855,2.4727,2.5103,330255,0
1997-11-19,2.5103,2.5855,2.4727,2.4727,8828,0
1997-11-20,2.4727,2.4821,2.4727,2.4727,90195,0
1997-11-21,2.5855,2.5855,2.5103,2.5103,16167,0
1997-11-24,2.5855,2.7077,2.4727,2.7077,11169,0
1997-11-25,2.6326,2.6326,2.3503,2.5103,25740,0
1997-11-26,2.3503,2.3503,2.2753,2.2753,25315,0
1997-11-28,2.2753,2.2753,2.2753,2.2753,0,0
1997-12-01,2.3503,2.3503,2.2377,2.2377,16273,0
1997-12-02,2.2377,2.3503,2.1623,2.3503,6169,0
1997-12-03,2.3503,2.3503,2.059,2.2377,16486,0
1997-12-04,2.2753,2.2753,2.0025,2.2471,33398,0
1997-12-05,2.0401,2.2753,2.0025,2.2377,7446,0
1997-12-08,2.0401,2.2377,2.0401,2.2377,19783,0
1997-12-09,2.0401,2.2471,2.0025,2.0025,287497,0
1997-12-10,2.0025,2.0401,2.0025,2.0401,433641,0
1997-12-11,2.1154,2.1154,2.1154,2.1154,13297,0
1997-12-12,2.0025,2.0401,2.0025,2.0401,45735,0
1997-12-15,2.1154,2.1154,2.0025,2.0025,14784,0
1997-12-16,2.0025,2.0025,2.0025,2.0025,1490,0
1997-12-17,2.1623,2.1623,1.9275,1.9275,11805,0
1997-12-18,2.0401,2.2377,1.8805,2.1154,39566,0
1997-12-19,2.2377,2.2377,2.0025,2.0401,41269,0
1997-12-22,2.1154,2.1154,2.0025,2.012,40417,0
1997-12-23,2.1623,2.1623,2.0025,2.0025,4150,0
1997-12-24,2.1154,2.2377,2.1154,2.1154,1701,0
1997-12-26,2.2377,2.2377,2.1154,2.1154,957,0
1997-12-29,2.1154,2.3503,2.1154,2.1623,4999,0
1997-12-30,2.1154,2.2753,2.1154,2.2753,6594,0
1997-12-31,2.1154,2.1154,2.1154,2.1154,2445,0
1998-01-02,2.1154,2.2377,2.1154,2.2377,10848,0
1998-01-05,2.1154,2.1623,2.0401,2.0401,2021,0
1998-01-06,2.0401,2.1154,1.965,2.0025,23293,0
1998-01-07,1.9275,1.9275,1.8805,1.8805,105726,0
1998-01-08,1.8805,1.8805,1.6923,1.7582,19783,0
1998-01-09,1.7582,1.7582,1.6923,1.7582,23399,0
1998-01-12,1.8051,1.8051,1.7582,1.7582,5956,0
1998-01-13,1.8805,1.9275,1.8051,1.9275,3829,0
1998-01-14,1.8805,2.0025,1.8805,2.0025,12338,0
1998-01-15,1.9275,2.1154,1.9275,2.1154,2341,0
1998-01-16,2.0401,2.1154,2.0401,2.1154,7446,0
1998-01-20,2.2377,2.2377,2.2377,2.2377,12127,0
1998-01-21,2.2377,2.2753,2.2377,2.2753,22123,0
1998-01-22,2.3974,2.3974,2.2753,2.3503,40417,0
1998-01-23,2.5103,2.6608,2.4727,2.6608,87429,0
1998-01-26,2.8675,2.8675,2.5855,2.7077,59988,0
1998-01-27,2.8205,2.8675,2.7452,2.8675,13508,0
1998-01-28,2.8205,2.9428,2.6326,2.8675,34251,0
1998-01-29,2.8205,2.8675,2.8205,2.8675,22974,0
1998-01-30,3.0556,3.1307,2.8675,2.8675,17655,0
1998-02-02,3.1778,3.3095,3.1778,3.3095,106363,0
1998-02-03,3.0556,3.0556,2.8205,2.9428,16593,0
1998-02-04,2.9428,3.0556,2.9428,3.0556,31271,0
1998-02-05,3.2154,3.2154,3.1778,3.1778,21485,0
1998-02-06,3.1778,3.2907,3.1778,3.1778,5637,0
1998-02-09,3.1778,3.2907,3.1778,3.2907,16167,0
1998-02-10,3.2907,3.3095,3.2907,3.3095,24570,0
1998-02-11,3.1778,3.2907,3.1026,3.2907,14571,0
1998-02-12,2.9805,3.1778,2.9805,2.9805,4680,0
1998-02-13,2.9428,2.9428,2.9428,2.9428,13615,0
1998-02-17,3.1778,3.1778,2.9805,2.9805,14571,0
1998-02-18,2.9428,2.9428,2.9428,2.9428,9998,0
1998-02-19,2.8205,3.0556,2.8205,3.0556,5637,0
1998-02-20,3.0556,3.0556,3.0556,3.0556,5532,0
1998-02-23,2.8205,2.8675,2.7077,2.7077,8295,0
1998-02-24,2.7452,2.7452,2.7077,2.7077,5956,0
1998-02-25,2.8675,2.8675,2.7077,2.8205,10848,0
1998-02-26,2.8205,2.9428,2.8205,2.9428,15954,0
1998-02-27,3.0556,3.2907,3.0556,3.2154,18613,0
1998-03-02,3.1026,3.1026,3.1026,3.1026,1170,0
1998-03-03,3.0556,3.1778,2.9805,3.1778,15742,0
1998-03-04,3.1026,3.1026,2.9428,2.9428,4999,0
1998-03-05,3.0556,3.0556,2.8675,2.8675,1276,0
1998-03-06,3.0743,3.0743,3.0743,3.0743,107213,0
1998-03-09,3.1026,3.1026,2.9805,2.9805,45522,0
1998-03-10,2.9428,2.9428,2.8675,2.8675,154014,0
1998-03-11,3.1026,3.1026,2.8675,2.8675,30633,0
1998-03-12,2.8675,2.8675,2.8675,2.8675,0,0
1998-03-13,2.9428,3.1026,2.9428,3.1026,8189,0
1998-03-16,3.0556,3.0556,2.9428,2.9428,8295,0
1998-03-17,2.8675,2.8675,2.7452,2.7452,10848,0
1998-03-18,2.7077,2.8675,2.7077,2.8675,9466,0
1998-03-19,2.6326,2.6326,2.6326,2.6326,318,0
1998-03-20,2.8205,2.8205,2.8205,2.8205,4999,0
1998-03-23,2.7452,2.9805,2.7452,2.9805,14784,0
1998-03-24,2.9428,3.1026,2.9428,3.0556,16167,0
1998-03-25,2.9805,3.0556,2.9805,3.0556,18931,0
1998-03-26,2.8205,3.0556,2.8205,2.9428,20954,0
1998-03-27,3.1778,3.2907,3.0556,3.1872,127955,0
1998-03-30,3.2907,3.3658,3.2154,3.3095,31909,0
1998-03-31,3.3095,3.3095,3.2061,3.2061,15103,0
1998-04-01,3.2907,3.3377,3.2907,3.3377,3615,0
1998-04-02,3.3377,3.3377,3.3095,3.3095,8295,0
1998-04-03,3.5727,3.8076,3.5727,3.8076,47543,0
1998-04-06,4.3531,4.3531,4.118,4.1556,57967,0
1998-04-07,4.2495,4.2495,4.0428,4.2308,86048,0
1998-04-08,4.2778,4.4658,4.2308,4.4658,71583,0
1998-04-09,4.3908,4.3908,4.2778,4.3531,96045,0
1998-04-13,4.4658,4.4658,4.2778,4.3531,37014,0
1998-04-14,4.4658,4.4658,4.2308,4.3531,32547,0
1998-04-15,4.2308,4.2308,4.1556,4.1556,15103,0
1998-04-16,4.2308,4.2308,3.9958,4.1273,21485,0
1998-04-17,4.2308,4.2308,4.0428,4.118,12763,0
1998-04-20,4.3531,4.4658,4.2778,4.3531,42014,0
1998-04-21,4.588,4.6539,4.4658,4.588,160076,0
1998-04-22,4.9923,5.0582,4.936,5.0582,64349,0
1998-04-23,5.5284,5.6411,5.3495,5.6411,42014,0
1998-04-24,5.4061,5.6411,5.3495,5.4061,39354,0
1998-04-27,5.2932,5.2932,5.0582,5.1146,25420,0
1998-04-28,5.0582,5.1146,4.936,5.0677,21805,0
1998-04-29,4.9923,5.2932,4.9923,5.2932,34035,0
1998-04-30,5.5846,5.6411,5.2555,5.2555,277818,0
1998-05-01,5.4061,5.4061,4.7009,4.936,173370,0
1998-05-04,5.0865,5.2932,5.0582,5.0865,37546,0
1998-05-05,5.2932,5.4061,5.2274,5.2274,12127,0
1998-05-06,5.4061,5.4061,5.1146,5.1146,37758,0
1998-05-07,4.936,5.1428,4.936,5.1428,6807,0
1998-05-08,5.171,5.171,4.9923,5.0112,32440,0
1998-05-11,4.9923,5.0206,4.936,5.0206,12338,0
1998-05-12,5.1146,5.1146,4.9078,4.9642,49990,0
1998-05-13,4.936,4.9923,4.823,4.9923,30739,0
1998-05-14,4.8513,4.9923,4.8513,4.9923,12976,0
1998-05-15,5.0582,5.0582,4.8796,5.0582,33930,0
1998-05-18,5.0582,5.0582,4.9642,4.9642,9466,0
1998-05-19,4.936,4.936,4.7574,4.7574,18082,0
1998-05-20,4.936,4.936,4.7574,4.7574,3934,0
1998-05-21,4.7574,4.936,4.7574,4.936,532,0
1998-05-22,4.936,4.936,4.7574,4.7574,7446,0
1998-05-26,4.7009,4.7009,4.3531,4.3531,37440,0
1998-05-27,4.118,4.3531,4.118,4.2308,38929,0
1998-05-28,4.2308,4.2308,4.0522,4.0522,29889,0
1998-05-29,4.0522,4.118,4.0522,4.0522,16486,0
1998-06-01,3.9958,3.9958,3.9958,3.9958,5637,0
1998-06-02,4.0522,4.0804,3.883,3.883,9679,0
1998-06-03,4.118,4.3531,4.0522,4.3531,111362,0
1998-06-04,4.3531,4.3531,4.118,4.118,34568,0
1998-06-05,4.1743,4.1743,4.1743,4.1743,532,0
1998-06-08,4.0522,4.2591,4.0522,4.2591,14467,0
1998-06-09,4.4658,4.4658,4.118,4.2872,30419,0
1998-06-10,4.118,4.118,4.118,4.118,5532,0
1998-06-11,4.118,4.118,3.8172,4.0522,12338,0
1998-06-12,3.8172,4.0522,3.8172,3.883,5105,0
1998-06-15,3.8172,3.8172,3.6479,3.6479,15954,0
1998-06-16,3.883,3.883,3.7044,3.883,2021,0
1998-06-17,3.9958,3.9958,3.9958,3.9958,5850,0
1998-06-18,3.9393,4.118,3.9393,4.0522,11169,0
1998-06-19,4.118,4.118,3.9958,3.9958,2127,0
1998-06-22,4.118,4.118,4.118,4.118,1701,0
1998-06-23,4.118,4.118,3.883,4.118,1170,0
1998-06-24,3.883,3.883,3.883,3.883,5532,0
1998-06-25,3.9393,3.9393,3.7607,3.7607,16486,0
1998-06-26,3.7607,3.7607,3.6479,3.7044,14145,0
1998-06-29,3.5256,3.5256,3.5256,3.5256,8295,0
1998-06-30,3.883,3.9958,3.8172,3.8172,11593,0
1998-07-01,3.9958,4.0522,3.9958,3.9958,2659,0
1998-07-02,3.9393,3.9393,3.9393,3.9393,852,0
1998-07-06,4.4658,4.588,4.3531,4.5222,27441,0
1998-07-07,4.3531,4.3531,4.3531,4.3531,10636,0
1998-07-08,4.3531,4.3531,4.2308,4.2308,5956,0
1998-07-09,4.118,4.2308,3.9958,4.118,10636,0
1998-07-10,4.118,4.118,3.9958,3.9958,1701,0
1998-07-13,4.024,4.024,4.024,4.024,1276,0
1998-07-14,4.118,4.2025,4.118,4.1461,2341,0
1998-07-15,4.1461,4.2308,4.118,4.2308,10318,0
1998-07-16,4.3531,4.3531,4.118,4.3531,60308,0
1998-07-17,4.118,4.2308,4.118,4.118,2870,0
1998-07-20,4.118,4.4095,4.118,4.3531,23080,0
1998-07-21,4.4658,4.4658,4.3531,4.3531,22974,0
1998-07-22,4.4658,4.4658,4.2308,4.2308,12976,0
1998-07-23,4.2872,4.3531,4.2872,4.3531,6807,0
1998-07-24,4.4658,4.4658,4.2872,4.2872,15315,0
1998-07-27,4.2308,4.2308,4.1743,4.1743,1276,0
1998-07-28,4.1743,4.1743,3.9958,4.1743,47543,0
1998-07-29,4.1743,4.1743,4.118,4.118,11593,0
1998-07-30,4.0522,4.0522,3.9393,3.9393,15742,0
1998-07-31,3.9393,3.9393,3.9393,3.9393,1701,0
1998-08-03,3.8172,3.883,3.7607,3.7607,26590,0
1998-08-04,3.7607,3.9393,3.7607,3.9393,7446,0
1998-08-05,3.883,3.9393,3.883,3.9393,2021,0
1998-08-06,3.883,3.9958,3.7607,3.9958,25315,0
1998-08-07,3.7607,3.7607,3.7607,3.7607,1701,0
1998-08-10,3.7607,3.7607,3.7607,3.7607,1276,0
1998-08-11,3.7044,3.7044,3.6479,3.6479,9466,0
1998-08-12,3.6479,3.6479,3.6479,3.6479,2341,0
1998-08-13,3.5821,3.5821,3.5821,3.5821,1809,0
1998-08-14,3.5821,3.5821,3.5821,3.5821,0,0
1998-08-17,3.5256,3.6479,3.5256,3.5256,5956,0
1998-08-18,3.5256,3.6479,3.4692,3.4692,22974,0
1998-08-19,3.7044,3.8172,3.4692,3.6479,145717,0
1998-08-20,3.7044,3.883,3.7044,3.883,34035,0
1998-08-21,3.7607,3.7607,3.7607,3.7607,8828,0
1998-08-24,3.7044,3.7607,3.7044,3.7607,64349,0
1998-08-25,3.7607,3.7607,3.4692,3.4692,49565,0
1998-08-26,3.2907,3.4692,3.2907,3.347,25102,0
1998-08-27,3.1778,3.1778,2.9428,2.9428,17443,0
1998-08-28,2.9052,3.0556,2.8205,2.8205,7659,0
1998-08-31,2.9992,3.1778,2.9428,2.9428,15315,0
1998-09-01,3.4127,3.7607,3.347,3.4692,293773,0
1998-09-02,3.5256,3.5256,3.4127,3.5256,79453,0
1998-09-03,3.4127,3.7607,3.2907,3.7607,323449,0
1998-09-04,3.9393,4.2308,3.9393,4.2308,67327,0
1998-09-08,4.118,4.1743,3.883,3.883,165074,0
1998-09-09,3.7044,3.8172,3.7044,3.7044,22763,0
1998-09-10,3.883,4.2308,3.883,4.118,228042,0
1998-09-11,4.3531,4.3531,4.118,4.118,65626,0
1998-09-14,4.118,4.118,3.9958,3.9958,11593,0
1998-09-15,4.118,4.118,3.9393,3.9393,33080,0
1998-09-16,3.9958,4.118,3.9958,4.118,5637,0
1998-09-17,4.118,4.2872,4.118,4.2872,207938,0
1998-09-18,4.3531,4.3531,4.1743,4.3531,28294,0
1998-09-21,4.4095,4.4095,4.1743,4.1743,66795,0
1998-09-22,4.118,4.2025,4.118,4.118,11912,0
1998-09-23,4.0522,4.2025,4.0522,4.1743,86578,0
1998-09-24,4.2308,4.3531,4.2308,4.2872,300156,0
1998-09-25,4.588,4.588,4.2308,4.2308,129018,0
1998-09-28,4.3531,4.4377,4.2872,4.3531,196134,0
1998-09-29,4.5222,4.5222,4.3531,4.3531,131676,0
1998-09-30,4.2872,4.588,4.2872,4.588,87749,0
1998-10-01,4.7009,4.7009,4.5129,4.588,476611,0
1998-10-02,4.7009,4.7009,4.5222,4.6445,99023,0
1998-10-05,4.5222,4.7009,4.4658,4.4658,11912,0
1998-10-06,4.4658,4.6445,4.4095,4.6445,36270,0
1998-10-07,4.823,5.1146,4.7574,4.9923,59988,0
1998-10-08,5.2274,5.4061,5.1146,5.171,110404,0
1998-10-09,5.2932,5.2932,4.7574,4.7574,55308,0
1998-10-12,4.7574,4.823,4.7009,4.823,10636,0
1998-10-13,4.7574,4.823,4.7009,4.7574,21485,0
1998-10-14,4.7009,4.7574,4.7009,4.7009,12445,0
1998-10-15,4.936,4.9923,4.7574,4.936,33080,0
1998-10-16,5.0582,5.1146,4.823,5.0582,39673,0
1998-10-19,5.171,5.171,4.823,4.823,24570,0
1998-10-20,4.7574,4.936,4.7009,4.8796,24888,0
1998-10-21,4.8796,4.8796,4.7009,4.7009,11488,0
1998-10-22,4.5222,4.5222,4.4658,4.4658,24570,0
1998-10-23,4.4095,4.4658,4.4095,4.4658,18825,0
1998-10-26,4.4658,4.4658,4.4095,4.4095,19146,0
1998-10-27,4.4095,4.7009,4.4095,4.6445,22230,0
1998-10-28,4.588,4.7009,4.588,4.6445,11912,0
1998-10-29,4.823,4.823,4.7574,4.7574,8509,0
1998-10-30,4.7009,4.8796,4.588,4.8796,16593,0
1998-11-02,4.588,4.6445,4.4095,4.4095,35525,0
1998-11-03,4.2872,4.3531,4.1743,4.1743,32865,0
1998-11-04,4.4658,4.5222,4.2308,4.4658,45204,0
1998-11-05,4.6445,4.6727,4.4658,4.6727,161246,0
1998-11-06,4.588,4.588,4.4658,4.4658,32865,0
1998-11-09,4.3531,4.588,4.3531,4.3531,9147,0
1998-11-10,4.3531,4.4658,4.2778,4.3531,48713,0
1998-11-11,4.2872,4.2872,4.2872,4.2872,957,0
1998-11-12,4.2308,4.588,4.2308,4.588,6169,0
1998-11-13,4.588,4.7009,4.4658,4.5222,13297,0
1998-11-16,4.588,4.7009,4.5222,4.6727,18931,0
1998-11-17,4.7009,4.7009,4.588,4.7009,14998,0
1998-11-18,4.823,5.0582,4.823,5.0582,50842,0
1998-11-19,4.9923,5.0582,4.7574,4.823,76900,0
1998-11-20,4.936,4.936,4.7574,4.936,13828,0
1998-11-23,4.7009,4.8796,4.6445,4.7574,33291,0
1998-11-24,4.7574,4.936,4.7574,4.936,11275,0
1998-11-25,4.7009,4.936,4.7009,4.823,14252,0
1998-11-27,4.7009,4.7009,4.7009,4.7009,1170,0
1998-11-30,4.6445,4.6445,4.4095,4.588,12445,0
1998-12-01,4.447,4.6445,4.447,4.5222,40417,0
1998-12-02,4.5222,4.5222,4.5222,4.5222,957,0
1998-12-03,4.5222,4.5504,4.4658,4.5504,58818,0
1998-12-04,4.4658,4.5222,4.3531,4.3531,305155,0
1998-12-07,4.4658,4.4658,4.2591,4.3531,61158,0
1998-12-08,4.3154,4.4377,4.2308,4.2308,36906,0
1998-12-09,4.2872,4.2872,4.2872,4.2872,28294,0
1998-12-10,4.2872,4.2872,4.2872,4.2872,21910,0
1998-12-11,4.2308,4.2778,4.118,4.1743,129975,0
1998-12-14,4.118,4.3531,3.9958,4.2872,8935,0
1998-12-15,4.118,4.1461,4.118,4.1461,11912,0
1998-12-16,4.3531,4.4095,4.2591,4.3531,39566,0
1998-12-17,4.3154,4.4095,4.1743,4.1743,73497,0
1998-12-18,4.1743,4.1743,4.1743,4.1743,852,0
1998-12-21,4.3531,4.3531,4.118,4.118,21272,0
1998-12-22,4.118,4.118,3.9958,3.9958,44352,0
1998-12-23,4.118,4.1743,3.9958,4.1743,43715,0
1998-12-24,3.9958,4.2308,3.9958,4.2308,15637,0
1998-12-28,4.1743,4.2872,4.1743,4.2308,42545,0
1998-12-29,4.2308,4.3531,4.2308,4.2308,32547,0
1998-12-30,4.3531,4.4095,4.2872,4.2872,55522,0
1998-12-31,4.2872,4.4658,4.2872,4.4658,38929,0
1999-01-04,4.2872,4.3531,4.2872,4.3531,639,0
1999-01-05,4.4658,4.4658,4.3531,4.3531,6169,0
1999-01-06,4.7009,4.7009,4.5222,4.5222,3192,0
1999-01-07,4.7009,4.7009,4.588,4.7009,9998,0
1999-01-08,4.7009,4.7009,4.494,4.494,21592,0
1999-01-11,4.588,4.588,4.5222,4.5222,10636,0
1999-01-12,4.4658,4.588,4.4095,4.5222,12338,0
1999-01-13,4.2308,4.4095,4.2308,4.4095,37866,0
1999-01-14,4.2308,4.3531,4.1839,4.3531,9147,0
1999-01-15,4.2308,4.4095,4.2308,4.3531,13828,0
1999-01-19,4.4095,4.4095,4.2308,4.2308,12976,0
1999-01-20,4.4095,4.4095,4.2308,4.2308,13508,0
1999-01-21,4.3531,4.3531,4.2308,4.2308,56797,0
1999-01-22,4.118,4.2872,3.9958,3.9958,25420,0
1999-01-25,4.1743,4.2308,4.118,4.118,77965,0
1999-01-26,4.118,4.1743,4.118,4.118,23718,0
1999-01-27,4.1743,4.2308,4.118,4.118,6275,0
1999-01-28,4.1743,4.1743,4.118,4.118,44247,0
1999-01-29,4.2308,4.2872,4.2308,4.2872,10104,0
1999-02-01,4.2308,4.3531,4.2308,4.3531,11275,0
1999-02-02,4.3531,4.4095,4.2872,4.3531,23080,0
1999-02-03,4.4095,4.4095,4.2308,4.2308,43503,0
1999-02-04,4.3531,4.4095,4.118,4.2308,33291,0
1999-02-05,4.2308,4.4095,4.2308,4.4095,14784,0
1999-02-08,4.1743,4.588,4.1743,4.5222,48820,0
1999-02-09,4.4658,4.4658,4.1743,4.2872,81261,0
1999-02-10,4.2872,4.2872,4.2308,4.2872,57223,0
1999-02-11,4.2872,4.2872,4.2308,4.2872,15742,0
1999-02-12,4.2872,4.2872,4.2308,4.2872,7338,0
1999-02-16,4.2308,4.2308,3.9958,4.118,15637,0
1999-02-17,4.118,4.118,4.0522,4.118,54352,0
1999-02-18,3.9958,4.0522,3.9393,3.9958,63286,0
1999-02-19,3.9958,4.0522,3.9393,4.0522,164861,0
1999-02-22,3.9958,4.0522,3.9205,3.9958,73177,0
1999-02-23,4.0522,4.0522,3.883,4.0522,6807,0
1999-02-24,4.0522,4.118,3.9958,4.0522,36906,0
1999-02-25,4.1743,4.1743,4.0522,4.118,75090,0
1999-02-26,4.118,4.1743,4.118,4.118,63604,0
1999-03-01,4.2308,4.3531,4.1743,4.2308,51691,0
1999-03-02,4.3531,4.4658,4.2872,4.4095,95089,0
1999-03-03,4.4658,4.4658,4.4095,4.4095,48394,0
1999-03-04,4.4095,4.4658,4.3531,4.3812,69455,0
1999-03-05,4.3531,4.4658,4.3531,4.4095,63604,0
1999-03-08,4.4095,4.588,4.4095,4.588,206237,0
1999-03-09,4.7009,4.8796,4.7009,4.8796,157523,0
1999-03-10,4.7009,4.823,4.7009,4.7574,68923,0
1999-03-11,4.8796,4.936,4.7574,4.936,158585,0
1999-03-12,4.7574,4.823,4.588,4.6445,107213,0
1999-03-15,4.5222,4.588,4.2308,4.2308,178156,0
1999-03-16,4.1743,4.2308,4.118,4.1743,32760,0
1999-03-17,4.2308,4.4095,4.1743,4.4095,50311,0
1999-03-18,4.4658,4.6163,4.4095,4.4095,22763,0
1999-03-19,4.494,4.6163,4.494,4.6163,4362,0
1999-03-22,4.5222,4.7009,4.5222,4.7009,24888,0
1999-03-23,4.7009,4.7009,4.494,4.6445,14252,0
1999-03-24,4.4658,4.588,4.4658,4.5222,36270,0
1999-03-25,4.5222,4.6445,4.4658,4.4658,48713,0
1999-03-26,4.4658,4.4658,4.2872,4.2872,50311,0
1999-03-29,4.2308,4.5222,4.2308,4.3531,22230,0
1999-03-30,4.3531,4.4658,4.3531,4.3531,12338,0
1999-03-31,4.2872,4.4658,4.2872,4.4095,10636,0
1999-04-01,4.588,4.588,4.4095,4.588,15103,0
1999-04-05,4.4095,4.5222,4.4095,4.4095,13615,0
1999-04-06,4.3531,4.4658,4.2308,4.3531,68923,0
1999-04-07,4.2872,4.4095,4.2872,4.2872,87961,0
1999-04-08,4.4095,4.4095,4.2872,4.3531,7020,0
1999-04-09,4.4095,4.4095,4.2872,4.2872,32760,0
1999-04-12,4.4095,4.588,4.3531,4.4095,23293,0
1999-04-13,4.588,4.6445,4.4658,4.6445,42545,0
1999-04-14,4.6445,4.6445,4.3531,4.4095,44992,0
1999-04-15,4.5222,4.8796,4.4658,4.823,50203,0
1999-04-16,4.936,5.171,4.8796,5.171,34886,0
1999-04-19,5.171,5.4061,5.171,5.2555,27441,0
1999-04-20,5.2274,5.3495,5.171,5.171,45417,0
1999-04-21,5.171,5.2274,4.936,5.171,46693,0
1999-04-22,4.9923,5.0582,4.8796,5.0582,67434,0
1999-04-23,4.936,4.9923,4.823,4.8796,32227,0
1999-04-26,4.8796,4.9923,4.7009,4.7574,143802,0
1999-04-27,4.823,4.9923,4.823,4.9923,44247,0
1999-04-28,5.0582,5.171,4.936,5.0582,32547,0
1999-04-29,5.1146,5.3778,5.1146,5.3495,33610,0
1999-04-30,5.4625,5.4625,5.2274,5.2274,35420,0
1999-05-03,5.4061,5.4061,5.3495,5.3495,11805,0
1999-05-04,5.2932,5.4061,5.2932,5.4061,9679,0
1999-05-05,5.2932,5.5846,5.171,5.5846,266862,0
1999-05-06,5.5846,5.8762,5.5284,5.6975,168478,0
1999-05-07,5.171,5.2274,4.9923,5.171,117850,0
1999-05-10,4.8796,4.936,4.4658,4.588,116998,0
1999-05-11,4.588,4.7009,4.4658,4.6163,452360,0
1999-05-12,4.588,4.588,4.4658,4.588,269735,0
1999-05-13,4.7009,4.823,4.5693,4.6821,186667,0
1999-05-14,4.7009,4.7574,4.588,4.7009,192942,0
1999-05-17,4.7009,4.7009,4.5222,4.588,122636,0
1999-05-18,4.588,4.588,4.4377,4.588,175179,0
1999-05-19,4.4095,4.4658,4.2308,4.4658,323874,0
1999-05-20,4.5222,4.7009,4.4658,4.6445,306430,0
1999-05-21,4.6539,4.7009,4.5222,4.7009,274522,0
1999-05-24,4.588,4.7009,4.5222,4.6445,430555,0
1999-05-25,4.823,4.936,4.5974,4.936,481078,0
1999-05-26,4.7574,4.7574,4.588,4.7009,418961,0
1999-05-27,4.6445,4.6445,4.5222,4.6445,602331,0
1999-05-28,4.6445,4.7291,4.588,4.7009,441192,0
1999-06-01,4.6445,4.7009,4.588,4.6445,444703,0
1999-06-02,4.7009,4.7009,4.588,4.6163,309622,0
1999-06-03,4.6163,4.7009,4.588,4.6445,204111,0
1999-06-04,4.6727,4.7291,4.6257,4.6727,142632,0
1999-06-07,4.7291,4.823,4.6727,4.7574,158268,0
1999-06-08,4.7291,4.7291,4.5222,4.6445,204429,0
1999-06-09,4.588,4.588,4.4658,4.5222,198792,0
1999-06-10,4.5222,4.5504,4.4658,4.5504,139122,0
1999-06-11,4.4658,4.5504,4.3812,4.5504,197090,0
1999-06-14,4.4658,4.4658,4.3812,4.4095,214002,0
1999-06-15,4.4095,4.4095,4.3154,4.3812,131783,0
1999-06-16,4.3531,4.3812,4.2872,4.3531,111467,0
1999-06-17,4.3154,4.3154,4.2591,4.3154,64455,0
1999-06-18,4.3531,4.494,4.3531,4.494,139441,0
1999-06-21,4.494,4.5222,4.4377,4.4377,70518,0
1999-06-22,4.4095,4.4658,4.2308,4.3531,90621,0
1999-06-23,4.2308,4.4658,4.2025,4.3531,228360,0
1999-06-24,4.4095,4.4095,4.2872,4.3531,109659,0
1999-06-25,4.3154,4.4377,4.2872,4.4095,54669,0
1999-06-28,4.4658,4.4658,4.2872,4.4658,70518,0
1999-06-29,4.5222,4.5222,4.3531,4.494,53182,0
1999-06-30,4.5222,4.5504,4.4658,4.5504,49354,0
1999-07-01,4.5504,4.588,4.4658,4.494,116679,0
1999-07-02,4.5222,4.588,4.4658,4.5222,127955,0
1999-07-06,4.4095,4.588,4.2308,4.2308,210705,0
1999-07-07,4.1743,4.2308,4.024,4.024,155609,0
1999-07-08,4.2025,4.2308,3.9958,4.0522,75836,0
1999-07-09,4.0522,4.0804,3.9958,4.0522,43926,0
1999-07-12,3.9393,4.024,3.6479,3.8172,244634,0
1999-07-13,3.7044,3.7607,3.6479,3.7044,427256,0
1999-07-14,3.7326,3.7607,3.6479,3.7044,108809,0
1999-07-15,3.6479,3.6479,3.4692,3.5539,159224,0
1999-07-16,3.5821,3.7607,3.5821,3.7044,93598,0
1999-07-19,3.7044,3.7044,3.5821,3.6479,98598,0
1999-07-20,3.7044,3.7044,3.5821,3.7044,68818,0
1999-07-21,3.7044,3.8172,3.6479,3.8172,78922,0
1999-07-22,3.7607,3.8172,3.6479,3.7044,109022,0
1999-07-23,3.6479,3.7607,3.6479,3.7044,94876,0
1999-07-26,3.7607,3.7607,3.5821,3.7044,51161,0
1999-07-27,3.7044,3.7607,3.6479,3.6479,36270,0
1999-07-28,3.6855,3.7607,3.5821,3.7326,357273,0
1999-07-29,3.7044,3.883,3.6479,3.883,265907,0
1999-07-30,3.883,3.883,3.7607,3.8172,215703,0
1999-08-02,3.8172,3.8172,3.7044,3.7607,66689,0
1999-08-03,3.7889,3.8172,3.7419,3.7889,96364,0
1999-08-04,3.9676,3.9958,3.8172,3.9676,199431,0
1999-08-05,3.9205,3.9676,3.883,3.9112,72646,0
1999-08-06,4.024,4.0522,3.883,4.0522,36589,0
1999-08-09,4.0522,4.118,3.9958,4.118,111149,0
1999-08-10,4.2308,4.2872,4.118,4.1743,67113,0
1999-08-11,4.4095,4.588,4.2872,4.5222,266119,0
1999-08-12,4.5222,4.5222,4.4095,4.4658,129975,0
1999-08-13,4.4095,4.4658,4.3154,4.4377,80942,0
1999-08-16,4.2591,4.2591,3.9958,4.118,87429,0
1999-08-17,4.0522,4.1461,3.9958,4.0522,106576,0
1999-08-18,4.118,4.118,3.883,3.9958,100087,0
1999-08-19,3.9393,3.9958,3.883,3.9676,90408,0
1999-08-20,4.0146,4.118,3.9393,3.9393,47650,0
1999-08-23,3.9393,3.9393,3.7607,3.883,77644,0
1999-08-24,3.7607,3.8172,3.7044,3.7044,87217,0
1999-08-25,3.7044,3.7607,3.6479,3.7044,63286,0
1999-08-26,3.7607,3.883,3.7044,3.8172,59138,0
1999-08-27,3.7889,3.9958,3.7889,3.9958,56053,0
1999-08-30,3.9958,4.024,3.883,3.9393,47863,0
1999-08-31,3.9958,4.118,3.9393,4.0522,98386,0
1999-09-01,3.9958,3.9958,3.8172,3.8172,64987,0
1999-09-02,3.883,3.9393,3.8172,3.9393,33398,0
1999-09-03,3.883,3.9393,3.7607,3.7889,37546,0
1999-09-07,3.8172,3.9393,3.8172,3.9393,72007,0
1999-09-08,3.9393,3.9393,3.8172,3.8172,48713,0
1999-09-09,3.7889,3.9958,3.7889,3.9958,66478,0
1999-09-10,3.9676,3.9676,3.8172,3.8172,66795,0
1999-09-13,3.8642,3.9112,3.8172,3.8172,119871,0
1999-09-14,3.8454,3.883,3.8172,3.8454,76581,0
1999-09-15,3.883,3.883,3.7044,3.7607,159332,0
1999-09-16,3.7044,3.7607,3.6479,3.7044,47013,0
1999-09-17,3.6479,3.7044,3.5256,3.5821,138270,0
1999-09-20,3.5821,3.6479,3.5256,3.5256,44035,0
1999-09-21,3.7044,3.9958,3.6479,3.9112,256972,0
1999-09-22,3.9112,3.9958,3.883,3.9393,234316,0
1999-09-23,3.8172,3.9393,3.8076,3.883,116361,0
1999-09-24,4.0522,4.0522,3.9958,4.024,120189,0
1999-09-27,4.588,4.936,4.4095,4.936,505223,0
1999-09-28,5.8762,6.1676,5.5846,5.9983,1267522,0
1999-09-29,5.7634,5.8762,5.3495,5.4625,500754,0
1999-09-30,5.6411,5.8481,5.5284,5.6411,305261,0
1999-10-01,5.8762,6.1111,5.8762,6.1111,138802,0
1999-10-04,6.4685,6.6377,6.3462,6.6094,395244,0
1999-10-05,6.8165,7.0044,6.5248,6.7035,612116,0
1999-10-06,6.5813,6.7035,6.3462,6.7035,280691,0
1999-10-07,6.5248,6.5813,6.4026,6.5813,184433,0
1999-10-08,6.5248,6.6377,6.4685,6.4685,240593,0
1999-10-11,6.2334,6.3462,6.1394,6.2899,320044,0
1999-10-12,6.3462,6.6377,6.3462,6.4685,267076,0
1999-10-13,6.7035,6.9387,6.6377,6.8727,504584,0
1999-10-14,6.9949,6.9949,6.4685,6.4685,312812,0
1999-10-15,6.5813,6.8165,6.4685,6.6377,199749,0
1999-10-18,6.6377,6.7598,6.5813,6.6377,225702,0
1999-10-19,6.4685,6.5248,6.2615,6.4026,195282,0
1999-10-20,6.4685,6.5813,6.3745,6.4026,87112,0
1999-10-21,6.3745,6.4026,6.1111,6.4026,125190,0
1999-10-22,6.1676,6.2899,6.1111,6.1676,100725,0
1999-10-25,6.1111,6.5813,5.6411,5.8762,254312,0
1999-10-26,5.7634,5.8198,5.3495,5.5284,325894,0
1999-10-27,5.6975,5.8762,5.5284,5.8198,111893,0
1999-10-28,6.1111,6.2334,6.0547,6.2334,237507,0
1999-10-29,6.2334,6.2899,6.1676,6.2899,93598,0
1999-11-01,6.1111,6.1111,5.6975,5.7915,128805,0
1999-11-02,5.7634,5.8762,5.7634,5.8198,289625,0
1999-11-03,5.8762,5.8762,5.7634,5.8762,37758,0
1999-11-04,5.8762,5.9983,5.7634,5.7634,76261,0
1999-11-05,5.8762,5.8762,5.6975,5.7634,68496,0
1999-11-08,5.8198,5.8198,5.6411,5.7634,48820,0
1999-11-09,5.8198,5.9983,5.6975,5.9325,99237,0
1999-11-10,5.8762,6.3462,5.7634,6.2899,244634,0
1999-11-11,6.1111,6.2899,5.8762,5.9983,153588,0
1999-11-12,5.8762,5.9983,5.8198,5.8762,118807,0
1999-11-15,5.7634,5.9042,5.7634,5.9042,74986,0
1999-11-17,5.9042,5.9325,5.7634,5.7634,143377,0
1999-11-18,5.7634,5.9042,5.6975,5.9042,60627,0
1999-11-19,5.8481,6.0547,5.8198,5.9983,68818,0
1999-11-22,5.9983,6.1111,5.8762,6.0547,104873,0
1999-11-23,6.1111,6.4685,6.1111,6.4685,128273,0
1999-11-24,6.4309,6.7035,6.2899,6.6094,310471,0
1999-11-26,6.6377,6.901,6.5813,6.8165,181987,0
1999-11-29,6.4685,6.7598,6.1676,6.3462,342382,0
1999-11-30,6.1111,6.2334,6.1111,6.1959,64670,0
1999-12-01,6.1394,6.2334,6.0547,6.1111,85943,0
1999-12-02,6.1111,6.1676,5.9983,5.9983,144441,0
1999-12-03,6.0547,6.1111,5.8762,5.8762,126144,0
1999-12-06,5.9042,5.9325,5.7634,5.7915,161672,0
1999-12-07,5.8762,6.2334,5.8198,6.2334,265692,0
1999-12-08,6.2334,6.2334,6.0547,6.1676,98704,0
1999-12-09,6.1111,6.1111,5.9983,5.9983,75305,0
1999-12-10,5.9983,5.9983,5.8198,5.8198,101364,0
1999-12-13,5.7634,5.7915,5.6411,5.6975,125507,0
1999-12-14,5.6129,5.6411,5.4061,5.4625,133272,0
1999-12-15,5.4061,5.6975,5.4061,5.6694,163586,0
1999-12-16,5.5284,5.6975,5.5284,5.5284,108383,0
1999-12-17,5.6129,5.8198,5.5846,5.7634,183475,0
1999-12-20,5.7634,5.9325,5.7634,5.9325,107213,0
1999-12-21,5.9983,6.1111,5.8198,6.1111,100512,0
1999-12-22,6.0547,6.0547,5.9983,5.9983,87749,0
1999-12-23,6.0265,6.1111,5.9983,6.1111,47863,0
1999-12-27,5.9983,6.1111,5.9325,5.9983,143271,0
1999-12-28,6.0547,6.1111,5.9983,6.0547,191666,0
1999-12-29,6.1394,6.1676,5.9983,6.1111,98917,0
1999-12-30,6.0547,6.1111,5.8762,5.8762,102216,0
1999-12-31,5.8762,6.0547,5.8198,5.9042,47013,0
2000-01-03,5.9042,5.9983,5.8198,5.8762,54669,0
2000-01-04,5.8762,5.9325,5.7634,5.8198,130613,0
2000-01-05,5.7634,5.8198,5.7634,5.8198,55202,0
2000-01-06,5.7634,5.7634,5.4625,5.6975,70837,0
2000-01-07,5.9983,5.9983,5.8198,5.8198,33291,0
2000-01-10,5.9983,5.9983,5.8198,5.8198,52651,0
2000-01-11,5.8198,5.9325,5.7634,5.9325,34355,0
2000-01-12,5.8198,5.9325,5.6975,5.8762,39354,0
2000-01-13,5.8198,5.8198,5.6975,5.6975,37758,0
2000-01-14,5.7634,5.8198,5.7634,5.7634,67010,0
2000-01-18,5.7634,5.8198,5.6411,5.7634,161882,0
2000-01-19,5.7634,5.9983,5.7634,5.8762,74455,0
2000-01-20,5.8198,5.8481,5.6694,5.7634,181774,0
2000-01-21,5.6694,5.7634,5.6694,5.6694,74240,0
2000-01-24,5.6975,5.6975,5.4908,5.6411,182625,0
2000-01-25,5.4625,5.6975,5.4625,5.6411,83069,0
2000-01-26,5.5284,5.5846,5.2932,5.3495,147950,0
2000-01-27,5.4061,5.4061,5.2932,5.4061,99769,0
2000-01-28,5.3495,5.4061,4.7009,4.8796,313450,0
2000-01-31,5.171,5.4061,5.0582,5.0582,177944,0
2000-02-01,5.1146,5.2932,5.1146,5.1428,77751,0
2000-02-02,5.4061,5.4061,5.171,5.3495,137632,0
2000-02-03,5.3778,5.5846,5.3495,5.5846,82111,0
2000-02-04,5.8198,6.5813,5.7634,6.4026,728051,0
2000-02-07,6.6377,6.6377,6.1111,6.2334,700290,0
2000-02-08,6.0547,6.0829,5.7634,5.9983,146887,0
2000-02-09,6.2334,6.5248,6.2334,6.2899,359505,0
2000-02-10,6.5248,6.7881,6.3179,6.7598,419281,0
2000-02-11,6.8165,6.8165,6.4685,6.7035,234529,0
2000-02-14,6.5813,6.6659,6.5248,6.5248,247825,0
2000-02-15,6.5625,6.6377,6.4685,6.5248,104235,0
2000-02-16,6.4685,6.6377,6.4685,6.5248,151247,0
2000-02-17,6.7035,6.9387,6.5813,6.5813,174329,0
2000-02-18,6.6377,6.9387,6.6377,6.9387,135293,0
2000-02-22,6.8165,6.9387,6.5813,6.8445,307069,0
2000-02-23,6.8165,6.8165,6.5248,6.5813,203364,0
2000-02-24,6.5248,6.5531,6.3462,6.3462,66265,0
2000-02-25,6.2615,6.2615,5.7634,5.7634,153375,0
2000-02-28,5.7634,5.9983,5.6411,5.8198,141569,0
2000-02-29,5.9325,5.9983,5.9042,5.9983,39673,0
2000-03-01,6.0547,6.2334,5.9983,6.1676,150929,0
2000-03-02,6.1111,6.2334,5.9325,6.0265,97747,0
2000-03-03,5.9983,6.0829,5.8762,5.9983,117212,0
2000-03-06,5.8198,5.9983,5.7634,5.7634,144972,0
2000-03-07,5.8198,6.1111,5.8198,6.0547,205068,0
2000-03-08,6.1111,6.1111,5.9325,5.9325,100087,0
2000-03-09,6.1111,6.1111,5.8762,6.1111,68284,0
2000-03-10,6.1111,6.1676,5.9325,6.1111,269416,0
2000-03-13,6.3462,7.0514,6.2899,6.6659,958538,0
2000-03-14,6.6377,6.6377,6.4685,6.5813,323449,0
2000-03-15,6.5813,6.7035,6.5248,6.7035,339722,0
2000-03-16,6.5813,6.6377,6.4026,6.5248,268032,0
2000-03-17,6.4685,6.4967,6.2899,6.4309,354826,0
2000-03-20,6.4309,6.4685,6.2334,6.4685,221873,0
2000-03-21,6.4967,6.6377,6.4026,6.5813,337701,0
2000-03-22,6.5248,6.5248,6.4026,6.5248,182305,0
2000-03-23,6.4309,6.4309,6.1676,6.2899,191666,0
2000-03-24,6.2334,6.2615,6.1111,6.2334,90408,0
2000-03-27,5.8762,6.0547,5.5846,5.7634,287497,0
2000-03-28,5.7634,5.8198,5.5846,5.6975,208578,0
2000-03-29,5.6411,5.6975,5.171,5.4061,465869,0
2000-03-30,5.4061,5.6129,5.2932,5.4625,100725,0
2000-03-31,5.4061,5.7634,5.4061,5.7634,161033,0
2000-04-03,5.6411,5.6975,5.4061,5.5563,240593,0
2000-04-04,5.6411,5.9325,5.4061,5.6975,378120,0
2000-04-05,5.5846,5.6411,5.4061,5.4625,132739,0
2000-04-06,5.4061,5.5284,5.2932,5.3495,76794,0
2000-04-07,5.3495,5.3495,5.0582,5.171,139122,0
2000-04-10,5.2932,5.3495,5.2274,5.3495,217404,0
2000-04-11,5.2932,5.3215,5.171,5.171,158268,0
2000-04-12,5.171,5.2932,5.0582,5.1146,207195,0
2000-04-13,5.1991,5.1991,4.9923,5.0582,96364,0
2000-04-14,5.1146,5.4061,4.936,5.3495,278883,0
2000-04-17,5.3778,5.3778,5.1428,5.2932,264737,0
2000-04-18,4.936,5.1146,4.7009,5.0206,338234,0
2000-04-19,4.823,5.0582,4.823,5.0582,248782,0
2000-04-20,4.9923,5.0582,4.7574,4.8796,100831,0
2000-04-24,4.8607,4.9078,4.823,4.8796,109979,0
2000-04-25,4.7574,4.823,4.4658,4.494,366100,0
2000-04-26,4.588,4.588,4.1743,4.2872,269841,0
2000-04-27,4.3531,4.588,4.3154,4.5222,247507,0
2000-04-28,4.5504,4.7009,4.3812,4.7009,216234,0
2000-05-01,4.6727,4.7574,4.6727,4.6727,110404,0
2000-05-02,4.823,6.3462,4.7574,6.2899,698164,0
2000-05-03,5.7634,5.7634,5.171,5.1991,602437,0
2000-05-04,5.2555,5.3215,5.1991,5.3215,545747,0
2000-05-05,5.3215,5.3215,4.936,5.1146,230169,0
2000-05-08,4.9923,5.0865,4.936,5.0582,183263,0
2000-05-09,5.0582,5.0582,4.7009,4.936,300794,0
2000-05-10,5.0865,5.171,4.936,5.0582,100725,0
2000-05-11,5.0582,5.0582,4.823,4.823,22230,0
2000-05-12,4.8513,4.9923,4.823,4.9923,111362,0
2000-05-15,4.7857,4.8513,4.7291,4.7574,412475,0
2000-05-16,4.9078,4.9078,4.7574,4.8796,181136,0
2000-05-17,4.7009,4.7479,4.588,4.588,152948,0
2000-05-18,4.588,4.6727,4.588,4.6445,65306,0
2000-05-19,4.7009,4.7009,4.4658,4.4658,199217,0
2000-05-22,4.588,4.823,4.588,4.7009,152948,0
2000-05-23,4.7291,4.7857,4.7009,4.7009,57542,0
2000-05-24,4.7009,4.7009,4.5222,4.5222,94555,0
2000-05-25,4.588,4.588,4.2872,4.3154,191772,0
2000-05-26,4.4658,4.7009,4.4095,4.5222,151565,0
2000-05-30,4.588,4.7009,4.588,4.588,99342,0
2000-05-31,4.7009,4.7009,4.588,4.6163,56053,0
2000-06-01,4.6163,4.823,4.588,4.7291,105193,0
2000-06-02,4.7574,5.171,4.7291,5.1428,377055,0
2000-06-05,4.9923,5.171,4.983,5.171,255588,0
2000-06-06,5.1428,5.4061,5.1428,5.2932,478844,0
2000-06-07,5.171,5.2932,5.1146,5.2932,107746,0
2000-06-08,5.1146,5.171,4.936,4.9923,195814,0
2000-06-09,4.9923,5.1146,4.7291,4.7291,185604,0
2000-06-12,4.9078,5.3495,4.8513,5.2932,266862,0
2000-06-13,5.3215,5.3215,4.8796,4.8796,484162,0
2000-06-14,5.1146,5.4061,5.0582,5.4061,234954,0
2000-06-15,5.3495,5.3495,5.1146,5.2932,101257,0
2000-06-16,5.2932,5.3495,5.171,5.3495,97215,0
2000-06-19,5.2745,5.2932,4.8796,4.8796,195282,0
2000-06-20,4.936,5.0582,4.7009,4.7009,199431,0
2000-06-21,4.936,4.936,4.7009,4.936,185816,0
2000-06-22,4.936,5.1146,4.7574,4.8796,167521,0
2000-06-23,4.9923,4.9923,4.823,4.8513,62647,0
2000-06-26,4.936,5.1146,4.823,5.1146,96045,0
2000-06-27,5.1146,5.1991,4.9923,5.1991,310471,0
2000-06-28,5.2932,5.4061,5.1146,5.4061,278350,0
2000-06-29,5.4061,5.4061,4.936,5.0582,262928,0
2000-06-30,5.0582,5.2274,5.0582,5.2274,408964,0
2000-07-03,5.2274,5.2932,5.0865,5.0865,115191,0
2000-07-05,5.0582,5.0677,4.588,4.588,395882,0
2000-07-06,4.7574,4.936,4.7009,4.823,215172,0
2000-07-07,4.7009,4.823,4.6445,4.6727,113702,0
2000-07-10,4.7574,4.9078,4.7009,4.823,204534,0
2000-07-11,4.823,4.936,4.7009,4.7009,224318,0
2000-07-12,4.6445,4.7574,4.588,4.7291,183263,0
2000-07-13,4.7291,4.7574,4.6445,4.6445,171351,0
2000-07-14,4.7009,4.7009,4.588,4.6445,147737,0
2000-07-17,4.7009,4.823,4.7009,4.823,245272,0
2000-07-18,4.823,4.823,4.7009,4.7009,109553,0
2000-07-19,4.6445,4.7009,4.4658,4.4658,296114,0
2000-07-20,4.5222,4.7009,4.4658,4.5222,259418,0
2000-07-21,4.588,4.7574,4.588,4.6445,85408,0
2000-07-24,4.7574,4.7574,4.588,4.588,75836,0
2000-07-25,4.7009,4.7009,4.588,4.588,67648,0
2000-07-26,4.7009,5.171,4.6727,5.171,477355,0
2000-07-27,5.171,5.171,4.9923,5.0582,234210,0
2000-07-28,5.0394,5.0865,4.936,5.0582,57860,0
2000-07-31,4.8796,4.9078,4.7009,4.7009,69773,0
2000-08-01,4.7574,4.8796,4.7009,4.8796,49354,0
2000-08-02,4.7574,4.8513,4.6445,4.7009,99237,0
2000-08-03,4.7009,4.7574,4.2308,4.2591,666575,0
2000-08-04,4.3531,4.5222,4.3531,4.4095,152736,0
2000-08-07,4.7009,4.7009,4.4658,4.5504,86578,0
2000-08-08,4.588,4.6163,4.4658,4.5504,57542,0
2000-08-09,4.4658,4.588,4.3531,4.4095,87536,0
2000-08-10,4.5504,4.7009,4.5504,4.6163,73921,0
2000-08-11,4.7574,4.936,4.7009,4.936,204534,0
2000-08-14,4.8796,5.0582,4.823,5.0582,309622,0
2000-08-15,4.8513,5.1428,4.8513,5.0865,112638,0
2000-08-16,5.171,5.3495,5.0865,5.3495,237507,0
2000-08-17,5.2932,5.3495,4.9923,4.9923,161246,0
2000-08-18,4.936,5.1146,4.8796,5.1146,114553,0
2000-08-21,5.0582,5.0582,4.7574,4.823,263886,0
2000-08-22,4.7857,4.823,4.7009,4.7009,120828,0
2000-08-23,4.7009,4.823,4.7009,4.7857,189325,0
2000-08-24,4.7857,4.8513,4.7574,4.823,66265,0
2000-08-25,4.7857,4.936,4.7574,4.936,85091,0
2000-08-28,4.823,4.936,4.7009,4.7009,192303,0
2000-08-29,4.7291,4.936,4.7291,4.8796,389607,0
2000-08-30,4.9078,4.9923,4.823,4.9923,338659,0
2000-08-31,4.8796,5.1428,4.8796,4.936,416516,0
2000-09-01,4.936,5.1146,4.936,5.0677,683911,0
2000-09-05,5.0112,5.1146,4.936,5.1146,156033,0
2000-09-06,5.0582,5.0582,4.936,5.0582,111149,0
2000-09-07,5.0582,5.171,4.9923,5.171,223574,0
2000-09-08,5.1146,5.171,4.8796,5.0582,287710,0
2000-09-11,4.9923,5.0206,4.936,4.9923,100725,0
2000-09-12,5.0112,5.0865,4.9642,4.9923,191984,0
2000-09-13,4.9923,4.9923,4.936,4.936,70306,0
2000-09-14,4.936,4.9923,4.936,4.9923,184752,0
2000-09-15,4.936,4.9642,4.823,4.9078,110404,0
2000-09-18,4.8513,4.8796,4.7291,4.823,196557,0
2000-09-19,4.823,4.823,4.7009,4.7574,115298,0
2000-09-20,4.7479,4.7479,4.588,4.6445,248461,0
2000-09-21,4.6445,4.6727,4.588,4.6445,292178,0
2000-09-22,4.7291,4.823,4.6445,4.7009,310899,0
2000-09-25,4.7574,4.7574,4.588,4.588,110830,0
2000-09-26,4.7009,4.7574,4.7009,4.7291,128273,0
2000-09-27,4.7574,5.0582,4.7574,4.9923,190283,0
2000-09-28,4.9923,5.0582,4.9078,4.9078,110723,0
2000-09-29,4.8796,4.8796,4.823,4.823,117212,0
2000-10-02,4.8326,4.8513,4.7574,4.7574,87536,0
2000-10-03,4.7574,4.7574,4.588,4.588,116679,0
2000-10-04,4.6163,4.6445,4.4377,4.5222,143588,0
2000-10-05,4.5222,4.588,4.1743,4.2591,468315,0
2000-10-06,4.4658,4.4658,4.2025,4.3154,214216,0
2000-10-09,4.2872,4.4658,4.2872,4.4658,77113,0
2000-10-10,4.4658,4.494,4.3531,4.4658,340360,0
2000-10-11,4.5222,4.5222,4.2308,4.3812,272714,0
2000-10-12,4.2778,4.7009,4.2591,4.7009,565849,0
2000-10-13,4.7009,4.7009,4.3531,4.3812,194325,0
2000-10-16,4.3531,4.3812,4.1743,4.1743,120295,0
2000-10-17,4.0804,4.0804,3.9393,3.9958,267397,0
2000-10-18,3.9676,3.9676,3.883,3.883,181455,0
2000-10-19,3.8172,3.8922,3.7607,3.8172,134124,0
2000-10-20,3.7889,3.9676,3.7607,3.9676,206769,0
2000-10-23,3.9958,4.0522,3.9393,4.0522,166885,0
2000-10-24,3.9393,4.0522,3.8454,3.8454,151354,0
2000-10-25,3.7326,3.7326,3.5821,3.6479,238677,0
2000-10-26,3.6104,3.6104,3.4127,3.4974,377055,0
2000-10-27,3.4692,3.5821,3.4692,3.5821,144760,0
2000-10-30,3.5821,3.5821,3.5256,3.5821,132954,0
2000-10-31,3.5727,3.6479,3.5256,3.5821,112638,0
2000-11-01,3.8076,3.8172,3.6104,3.6104,149439,0
2000-11-02,3.7044,3.7044,3.5539,3.7044,158268,0
2000-11-03,3.6104,3.6479,3.4692,3.5821,168692,0
2000-11-06,3.6479,3.6761,3.4127,3.4127,268778,0
2000-11-07,3.5256,3.5821,3.4692,3.5256,68178,0
2000-11-08,3.5256,3.5256,3.4692,3.5256,128167,0
2000-11-09,3.4692,3.4787,3.4127,3.4127,151354,0
2000-11-10,3.4127,3.441,3.2907,3.4127,196239,0
2000-11-13,3.4127,3.5256,3.2907,3.5256,122636,0
2000-11-14,3.507,3.5256,3.347,3.4127,192303,0
2000-11-15,3.4974,3.4974,3.3753,3.4692,76794,0
2000-11-16,3.4223,3.5256,3.4127,3.5256,152099,0
2000-11-17,3.5727,3.5821,3.4692,3.4692,135825,0
2000-11-20,3.4692,3.4692,3.347,3.4127,79453,0
2000-11-21,3.347,3.4127,3.2907,3.4127,248461,0
2000-11-22,3.4127,3.6104,3.3753,3.6104,221341,0
2000-11-24,3.6104,3.6104,3.5256,3.6104,74667,0
2000-11-27,3.6104,3.9393,3.5821,3.9112,488628,0
2000-11-28,3.7607,3.7607,3.6479,3.7326,403007,0
2000-11-29,3.7044,3.7326,3.5821,3.6104,607438,0
2000-11-30,3.5256,3.6104,3.5256,3.5821,241443,0
2000-12-01,3.6574,3.7607,3.6479,3.7607,171882,0
2000-12-04,3.883,4.2025,3.883,4.1743,314939,0
2000-12-05,4.0522,4.118,4.024,4.0522,363973,0
2000-12-06,4.0522,4.6727,3.9958,4.588,402689,0
2000-12-07,4.5222,4.588,4.3531,4.4377,218574,0
2000-12-08,4.3342,4.3531,4.1461,4.1743,322704,0
2000-12-11,4.0993,4.118,3.2624,3.9393,279413,0
2000-12-12,3.7419,3.9393,3.7044,3.8172,243783,0
2000-12-13,3.8172,3.883,3.7607,3.883,119019,0
2000-12-14,3.7795,3.9393,3.7607,3.883,100831,0
2000-12-15,3.9393,4.1743,3.9393,4.1743,135932,0
2000-12-18,4.1743,4.1743,3.9958,3.9958,236443,0
2000-12-19,4.118,4.2308,4.0522,4.2308,137421,0
2000-12-20,4.2872,4.4095,4.2308,4.3531,567019,0
2000-12-21,4.4095,4.4095,4.2872,4.3531,235274,0
2000-12-22,4.3531,4.588,4.3531,4.4095,283351,0
2000-12-26,4.494,4.494,4.4095,4.494,235169,0
2000-12-27,4.494,4.494,4.2308,4.3531,203898,0
2000-12-28,4.3908,4.4095,4.2308,4.2308,190601,0
2000-12-29,4.2872,4.4658,4.2308,4.4095,215597,0
2001-01-02,4.4658,4.4658,4.2308,4.2591,201558,0
2001-01-03,4.2778,4.4095,4.2308,4.2308,409284,0
2001-01-04,4.3531,4.4095,4.2308,4.3531,150396,0
2001-01-05,4.4095,4.4095,4.2308,4.2308,69348,0
2001-01-08,4.2872,4.5222,4.2872,4.4658,156884,0
2001-01-09,4.447,4.494,4.4095,4.494,58712,0
2001-01-10,4.4095,4.4095,4.2308,4.2308,186134,0
2001-01-11,4.2778,4.2778,4.118,4.1461,97747,0
2001-01-12,4.1273,4.2308,4.1273,4.2308,88282,0
2001-01-16,4.3531,4.3531,4.2308,4.3531,196239,0
2001-01-17,4.2872,4.4377,4.2872,4.3812,82963,0
2001-01-18,4.4658,4.4658,4.2872,4.4095,373440,0
2001-01-19,4.4658,4.4658,4.4095,4.4658,129443,0
2001-01-22,4.494,4.7009,4.4658,4.7009,434598,0
2001-01-23,4.7009,4.823,4.5504,4.823,501073,0
2001-01-24,4.6445,4.6727,4.4658,4.4658,229848,0
2001-01-25,4.4658,4.6445,4.4658,4.588,117956,0
2001-01-26,4.588,4.588,4.4658,4.4658,124126,0
2001-01-29,4.494,4.588,4.3531,4.4095,163905,0
2001-01-30,4.4095,4.5222,4.3531,4.5222,176032,0
2001-01-31,4.4658,4.4658,4.3342,4.4095,154863,0
2001-02-01,4.4658,4.588,4.4095,4.5222,251122,0
2001-02-02,4.3812,4.4095,4.2308,4.2308,248782,0
2001-02-05,4.1743,4.2872,4.118,4.2872,151036,0
2001-02-06,4.2308,4.2872,4.118,4.2872,155076,0
2001-02-07,4.2308,4.2591,4.118,4.1743,56692,0
2001-02-08,4.2308,4.2308,3.8172,3.8172,409709,0
2001-02-09,3.883,4.0522,3.8454,3.883,227189,0
2001-02-12,3.883,4.118,3.883,3.9393,174646,0
2001-02-13,4.024,4.118,3.9393,3.9393,130613,0
2001-02-14,3.883,4.118,3.883,4.0804,64032,0
2001-02-15,3.9112,3.9676,3.6479,3.7607,223362,0
2001-02-16,3.8076,4.1743,3.7044,4.1743,505223,0
2001-02-20,4.071,4.118,3.883,3.883,228467,0
2001-02-21,4.0804,4.1461,3.9958,4.0522,166563,0
2001-02-22,3.9958,4.4095,3.9676,4.0522,247081,0
2001-02-23,4.2308,4.4658,4.2025,4.3812,365463,0
2001-02-26,4.588,5.171,4.4658,5.171,792401,0
2001-02-27,5.1991,5.3215,5.0582,5.2274,756345,0
2001-02-28,4.8796,5.171,4.7574,4.8796,376737,0
2001-03-01,4.7009,4.7574,4.4658,4.5222,720926,0
2001-03-02,4.4658,4.4658,4.2308,4.3531,205281,0
2001-03-05,4.4658,4.588,4.4095,4.494,194325,0
2001-03-06,4.494,4.5222,4.3531,4.3531,204534,0
2001-03-07,4.4095,4.5222,4.3531,4.494,163160,0
2001-03-08,4.7857,4.9923,4.7009,4.936,374078,0
2001-03-09,5.1146,5.1991,4.8796,4.9078,748153,0
2001-03-12,5.0865,5.2274,4.9923,5.2274,684551,0
2001-03-13,4.9642,5.1146,4.7857,4.8513,375781,0
2001-03-14,4.8513,4.8513,4.6163,4.7009,292178,0
2001-03-15,4.7009,4.7009,4.4377,4.4658,349295,0
2001-03-16,4.4658,4.4658,4.2308,4.2872,245484,0
2001-03-19,4.1743,4.4377,4.0522,4.1461,761663,0
2001-03-20,4.1273,4.4095,4.118,4.2872,320364,0
2001-03-21,4.2778,4.494,4.2591,4.2872,244953,0
2001-03-22,4.3154,4.4377,4.2872,4.3531,292709,0
2001-03-23,4.7009,4.7574,4.5504,4.5504,381948,0
2001-03-26,4.5504,4.6727,4.5504,4.6727,106363,0
2001-03-27,4.6727,4.6727,4.588,4.588,53182,0
2001-03-28,4.5504,4.588,4.3812,4.5222,142312,0
2001-03-29,4.4658,4.4847,4.3531,4.4095,66265,0
2001-03-30,4.3908,4.5222,4.3154,4.5222,131783,0
2001-04-02,4.4847,4.5222,4.2872,4.2872,79772,0
2001-04-03,4.4658,4.5504,4.2591,4.5222,279413,0
2001-04-04,4.588,4.9923,4.5411,4.9923,450552,0
2001-04-05,4.8513,4.936,4.7009,4.7009,245484,0
2001-04-06,4.6445,4.7009,4.5504,4.6445,449596,0
2001-04-09,4.7009,4.7291,4.2308,4.5129,202409,0
2001-04-10,4.6539,4.6539,4.5129,4.607,163479,0
2001-04-11,4.5222,4.607,4.5129,4.607,139441,0
2001-04-12,4.5411,4.7009,4.4377,4.7009,429597,0
2001-04-16,4.6916,4.8418,4.6351,4.7479,171457,0
2001-04-17,4.6821,4.6821,4.5129,4.5129,132422,0
2001-04-18,4.3437,4.5787,4.2308,4.5693,365249,0
2001-04-19,4.4566,4.5129,4.3531,4.4752,296432,0
2001-04-20,4.4752,4.4847,4.3719,4.3719,215597,0
2001-04-23,4.3248,4.3719,4.2308,4.2308,183369,0
2001-04-24,4.2685,4.5129,4.2495,4.5129,554361,0
2001-04-25,4.5411,4.6445,4.3248,4.3342,422684,0
2001-04-26,4.4095,4.6727,4.4095,4.6634,614882,0
2001-04-27,4.7009,4.7009,4.494,4.56,365675,0
2001-04-30,4.5222,4.6539,4.5222,4.588,326109,0
2001-05-01,4.607,4.7197,4.5693,4.7197,432576,0
2001-05-02,4.588,4.6351,4.5129,4.607,245698,0
2001-05-03,4.5974,4.607,4.3719,4.3719,274735,0
2001-05-04,4.4847,4.5129,4.3625,4.4566,197304,0
2001-05-07,4.4377,4.5504,4.4377,4.5411,184646,0
2001-05-08,4.494,4.56,4.4658,4.5411,137207,0
2001-05-09,4.6821,4.9078,4.6257,4.8796,1231679,0
2001-05-10,4.8701,4.9546,4.8043,4.9265,1307408,0
2001-05-11,4.9453,5.2179,4.8983,5.0206,685295,0
2001-05-14,4.9736,5.171,4.9453,5.124,408964,0
2001-05-15,5.0769,5.171,4.9736,5.1523,270586,0
2001-05-16,5.2179,5.5563,5.2179,5.5094,882170,0
2001-05-17,5.7257,5.9042,5.6881,5.7915,1148182,0
2001-05-18,5.4061,6.0829,5.2932,5.9231,1612561,0
2001-05-21,6.0172,6.1111,5.8668,6.0736,1112339,0
2001-05-22,5.8481,5.8573,5.6223,5.8102,403859,0
2001-05-23,5.6316,5.6694,5.3778,5.4718,571699,0
2001-05-24,5.6034,5.6975,5.0677,5.124,785700,0
2001-05-25,5.2837,5.5658,5.2179,5.5471,217937,0
2001-05-29,5.4437,5.4531,5.124,5.1523,572762,0
2001-05-30,5.1146,5.171,4.7479,4.7857,518411,0
2001-05-31,4.7386,4.8607,4.5504,4.56,999062,0
2001-06-01,4.6163,4.8326,4.607,4.8326,472250,0
2001-06-04,4.9642,5.0112,4.7479,4.936,440873,0
2001-06-05,5.0487,5.2274,4.983,5.2274,401093,0
2001-06-06,5.124,5.2274,4.983,5.0112,385776,0
2001-06-07,5.0582,5.171,4.983,4.983,108703,0
2001-06-08,5.1428,5.4437,5.0958,5.3872,453529,0
2001-06-11,5.3121,5.3591,5.1052,5.1428,232722,0
2001-06-12,5.3121,5.4342,5.2555,5.3967,342700,0
2001-06-13,5.3308,5.4342,5.265,5.4342,249952,0
2001-06-14,5.3872,5.6787,5.3121,5.5284,451934,0
2001-06-15,5.3591,5.4625,5.2932,5.3215,618392,0
2001-06-18,5.3967,5.4531,5.0769,5.4342,671149,0
2001-06-19,5.4155,5.5471,5.265,5.4342,1630327,0
2001-06-20,5.265,5.3403,5.0769,5.0958,717522,0
2001-06-21,5.0769,5.1428,5.0206,5.0299,314302,0
2001-06-22,5.124,5.2085,4.9172,5.0487,909507,0
2001-06-25,5.2462,5.3778,5.2179,5.3121,975346,0
2001-06-26,5.4342,5.6411,5.3121,5.6129,603818,0
2001-06-27,5.6411,5.6504,5.5001,5.5094,904720,0
2001-06-28,5.5376,5.5658,5.3215,5.3967,543833,0
2001-06-29,5.4342,5.5376,5.3495,5.3495,243145,0
2001-07-02,5.4061,5.4155,5.2179,5.2274,408326,0
2001-07-03,5.1804,5.2462,5.171,5.1991,108065,0
2001-07-05,4.936,5.0206,4.8043,4.936,552553,0
2001-07-06,4.8139,4.9642,4.8139,4.936,352593,0
2001-07-09,4.9265,5.0299,4.9078,5.0018,186879,0
2001-07-10,5.0582,5.1146,5.0018,5.0769,257185,0
2001-07-11,5.0958,5.2555,5.0206,5.1428,624029,0
2001-07-12,4.9923,5.1146,4.795,4.9546,416196,0
2001-07-13,4.936,4.983,4.8889,4.936,282712,0
2001-07-16,4.9265,4.9736,4.9172,4.9265,520537,0
2001-07-17,4.9078,5.0018,4.9078,5.0018,661363,0
2001-07-18,4.9923,5.1804,4.9923,5.1804,583080,0
2001-07-19,5.1991,5.2085,5.0582,5.0958,487780,0
2001-07-20,5.0865,5.265,5.0865,5.1991,324406,0
2001-07-23,5.1898,5.2179,5.0769,5.0865,410346,0
2001-07-24,5.1052,5.2745,5.0958,5.124,379607,0
2001-07-25,5.1334,5.2085,5.0958,5.0958,1105108,0
2001-07-26,5.0769,5.124,5.0018,5.0018,244953,0
2001-07-27,4.9642,5.0487,4.823,5.0487,253250,0
2001-07-30,4.9078,4.983,4.8889,4.9265,140930,0
2001-07-31,4.7386,4.823,4.4283,4.776,1589057,0
2001-08-01,4.6257,4.6539,4.4283,4.5033,672850,0
2001-08-02,4.6257,4.8889,4.5222,4.8889,481610,0
2001-08-03,4.7668,4.8139,4.6634,4.7668,146142,0
2001-08-06,4.7386,4.8139,4.6539,4.8139,213681,0
2001-08-07,4.6539,4.6539,4.56,4.588,364611,0
2001-08-08,4.588,4.7668,4.5787,4.7386,292071,0
2001-08-09,4.823,5.1898,4.8139,5.1428,708055,0
2001-08-10,4.983,5.0769,4.8139,5.0677,923227,0
2001-08-13,4.983,5.1146,4.936,5.0865,510966,0
2001-08-14,4.8796,5.0769,4.8513,5.0677,266225,0
2001-08-15,4.9736,4.983,4.8326,4.8326,373012,0
2001-08-16,4.823,4.936,4.7479,4.8796,272075,0
2001-08-17,4.8513,5.0677,4.8139,4.8701,967048,0
2001-08-20,4.8701,4.8796,4.7009,4.8796,406731,0
2001-08-21,4.7857,4.795,4.6634,4.7479,277180,0
2001-08-22,4.7479,4.776,4.6539,4.7197,177839,0
2001-08-23,4.6634,4.776,4.6445,4.776,195069,0
2001-08-24,4.6727,4.6727,4.447,4.588,243464,0
2001-08-27,4.5222,4.5693,4.4658,4.4658,144653,0
2001-08-28,4.4095,4.5033,4.3531,4.494,329618,0
2001-08-29,4.5129,4.6539,4.5129,4.6539,129123,0
2001-08-30,4.607,4.6257,4.5222,4.5787,141889,0
2001-08-31,4.5411,4.5504,4.3719,4.4189,149439,0
2001-09-04,4.4283,4.4658,4.2402,4.2495,371099,0
2001-09-05,4.4189,4.4377,4.2402,4.2872,310684,0
2001-09-06,4.3625,4.4658,4.2778,4.3248,150929,0
2001-09-07,4.4658,4.6351,4.4566,4.494,151780,0
2001-09-10,4.5033,4.5129,4.3342,4.3719,189431,0
2001-09-17,4.983,5.0018,4.4566,4.8418,1041290,0
2001-09-18,4.823,4.9078,4.6916,4.9078,417049,0
2001-09-19,4.7857,4.9265,4.7104,4.8889,1125316,0
2001-09-20,4.7479,4.8607,4.7104,4.8607,1131484,0
2001-09-21,4.776,4.936,4.6539,4.8701,1300709,0
2001-09-24,4.7857,4.8139,4.7197,4.8043,449169,0
2001-09-25,4.7009,4.795,4.6916,4.7197,347486,0
2001-09-26,4.7574,5.0865,4.7479,5.0487,1133400,0
2001-09-27,5.0299,5.124,4.9453,4.9923,852815,0
2001-09-28,5.0677,5.1428,4.9923,4.9923,291328,0
2001-10-01,5.124,5.2837,5.0769,5.2837,884192,0
2001-10-02,5.3215,5.3591,5.124,5.3495,539258,0
2001-10-03,5.3591,5.4061,5.124,5.1617,397689,0
2001-10-04,5.1991,5.3025,5.0865,5.171,434918,0
2001-10-05,5.2932,5.7821,5.2368,5.7069,1829648,0
2001-10-08,5.7351,5.8102,5.5284,5.6316,640196,0
2001-10-09,5.5563,5.5563,5.2179,5.2932,661682,0
2001-10-10,5.2179,5.3403,4.9453,4.9453,682636,0
2001-10-11,5.1052,5.1617,4.823,4.8607,793253,0
2001-10-12,5.0865,5.2932,5.0769,5.1334,571592,0
2001-10-15,5.2837,5.4061,5.2745,5.3308,619241,0
2001-10-16,5.2745,5.5001,5.2274,5.4908,437043,0
2001-10-17,5.4908,5.6598,5.3685,5.6598,629027,0
2001-10-18,5.6223,5.6881,5.4625,5.5094,764002,0
2001-10-19,5.5846,5.6316,5.4061,5.4061,599673,0
2001-10-22,5.3591,5.4531,5.171,5.1804,1076815,0
2001-10-23,5.1991,5.3591,5.1523,5.3495,486396,0
2001-10-24,5.4249,5.6223,5.3591,5.6223,514795,0
2001-10-25,5.5658,5.7257,5.3025,5.3308,599991,0
2001-10-26,5.4061,5.4531,5.3121,5.3685,210598,0
2001-10-29,5.5189,5.5846,5.4531,5.5284,352166,0
2001-10-30,5.5471,5.5846,5.4625,5.5094,615095,0
2001-10-31,5.4531,5.5094,5.3967,5.5094,247720,0
2001-11-01,5.4813,5.5094,5.3591,5.3591,366951,0
2001-11-02,5.4531,5.4531,5.2932,5.3591,300049,0
2001-11-05,5.3591,5.3685,5.1804,5.2555,402157,0
2001-11-06,5.265,5.3778,5.1804,5.1991,455765,0
2001-11-07,5.2179,5.3025,5.171,5.2745,442787,0
2001-11-08,5.3121,5.3121,5.0299,5.1334,435660,0
2001-11-09,5.1428,5.2085,5.0206,5.0865,311536,0
2001-11-12,5.0769,5.2837,4.9453,4.9453,407580,0
2001-11-13,4.8701,4.9078,4.7291,4.8889,534153,0
2001-11-14,4.8607,4.8701,4.7104,4.7479,573400,0
2001-11-15,4.9546,4.9642,4.6445,4.936,809419,0
2001-11-16,4.8139,4.8701,4.7009,4.8513,782828,0
2001-11-19,4.8418,4.936,4.6634,4.8043,613924,0
2001-11-20,4.7104,4.823,4.6821,4.7291,1165841,0
2001-11-21,4.8607,4.8796,4.8043,4.8418,436619,0
2001-11-23,4.9923,5.0865,4.8607,4.8889,431406,0
2001-11-26,5.0769,5.1334,4.9546,5.0206,241549,0
2001-11-27,5.0677,5.3591,5.0487,5.3591,349401,0
2001-11-28,5.3215,5.4061,5.2837,5.3591,289200,0
2001-11-29,5.3403,5.3403,5.0487,5.0769,328661,0
2001-11-30,5.2085,5.2932,5.124,5.1804,1630645,0
2001-12-03,5.171,5.4061,5.171,5.3495,1172327,0
2001-12-04,5.3872,5.4342,5.2837,5.3025,383544,0
2001-12-05,5.5471,5.5754,5.3685,5.5001,894083,0
2001-12-06,5.6034,5.7257,5.5846,5.5941,1363567,0
2001-12-07,5.6129,5.6411,5.5094,5.5189,959708,0
2001-12-10,5.5284,5.6787,5.4531,5.6316,1120742,0
2001-12-11,5.6411,5.6881,5.5001,5.6411,1268478,0
2001-12-12,5.6787,5.8762,5.6411,5.8198,365463,0
2001-12-13,6.1207,6.2899,6.0453,6.2899,992257,0
2001-12-14,6.3838,6.6659,6.3179,6.5156,1414090,0
2001-12-17,6.3933,6.4779,6.2521,6.4685,479377,0
2001-12-18,6.2147,6.5531,6.1864,6.5248,762620,0
2001-12-19,6.4309,6.4402,6.2147,6.3086,497777,0
2001-12-20,6.3745,6.5156,6.3179,6.4309,1140951,0
2001-12-21,6.4215,6.4685,6.1111,6.3274,881959,0
2001-12-24,6.1489,6.4026,6.1489,6.3556,188688,0
2001-12-26,6.2899,6.3838,6.1959,6.3462,148483,0
2001-12-27,5.9983,6.243,5.9231,6.2147,1043523,0
2001-12-28,6.2241,6.2804,6.0453,6.1111,397902,0
2001-12-31,6.0642,6.1959,5.9983,6.1207,294517,0
