Date,Open,High,Low,Close,Volume,OpenInt
1995-01-03,21.265,21.265,20.917,21.152,425809,0
1995-01-04,21.386,21.737,20.326,20.569,887678,0
1995-01-05,20.681,20.917,20.326,20.569,622173,0
1995-01-06,20.797,21.04,20.681,20.797,491122,0
1995-01-09,21.04,21.152,20.917,21.04,194555,0
1995-01-10,21.152,23.033,21.04,22.094,1679941,0
1995-01-11,22.327,22.45,21.979,22.094,483672,0
1995-01-12,22.094,22.094,21.265,21.622,277634,0
1995-01-13,21.979,22.563,21.737,22.205,620152,0
1995-01-16,21.855,22.563,21.855,22.327,710142,0
1995-01-17,22.327,22.563,21.855,21.979,700250,0
1995-01-18,21.979,22.094,21.265,21.386,744183,0
1995-01-19,20.917,21.152,20.797,20.917,828004,0
1995-01-20,21.04,21.265,20.797,20.797,824176,0
1995-01-23,20.797,21.04,20.681,21.04,466443,0
1995-01-24,20.797,21.265,20.797,21.04,448787,0
1995-01-25,21.265,21.265,21.04,21.04,290717,0
1995-01-26,21.386,21.737,21.265,21.51,371771,0
1995-01-27,21.622,21.622,21.04,21.04,363263,0
1995-01-30,21.152,22.094,21.152,21.855,665786,0
1995-01-31,21.737,22.327,21.265,21.51,1122761,0
1995-02-01,21.386,22.675,21.386,22.327,1491875,0
1995-02-02,22.327,23.502,22.327,23.388,1015006,0
1995-02-03,23.388,24.207,23.267,23.861,1190840,0
1995-02-06,23.737,24.084,23.737,23.737,565051,0
1995-02-07,23.616,23.737,22.919,22.919,534736,0
1995-02-08,23.267,23.502,23.145,23.267,573667,0
1995-02-09,23.267,23.267,23.033,23.145,262531,0
1995-02-10,23.267,23.267,22.919,23.033,661213,0
1995-02-13,23.145,23.861,22.563,22.563,654831,0
1995-02-14,22.919,22.919,22.205,22.205,887253,0
1995-02-15,22.45,22.675,21.979,21.979,799921,0
1995-02-16,21.979,22.45,21.855,22.327,1022559,0
1995-02-17,22.563,22.563,22.094,22.205,717269,0
1995-02-21,22.094,22.205,21.737,22.094,578026,0
1995-02-22,22.094,22.205,21.737,22.094,588453,0
1995-02-23,22.327,22.45,21.386,21.737,1158927,0
1995-02-24,21.855,22.094,21.51,21.51,414640,0
1995-02-27,21.737,21.979,21.622,21.855,339541,0
1995-02-28,21.737,22.327,21.737,22.094,218171,0
1995-03-01,22.327,22.675,22.205,22.675,813114,0
1995-03-02,22.675,22.675,22.205,22.45,294760,0
1995-03-03,22.563,22.675,22.45,22.563,433680,0
1995-03-06,22.327,22.327,21.979,22.094,573559,0
1995-03-07,21.979,21.979,21.622,21.622,451447,0
1995-03-08,21.737,21.855,21.51,21.737,1079683,0
1995-03-09,21.622,22.094,21.622,21.737,355816,0
1995-03-10,21.979,22.094,21.51,21.51,832575,0
1995-03-13,21.622,22.094,21.622,22.094,472614,0
1995-03-14,22.094,22.563,21.979,22.205,495801,0
1995-03-15,22.327,22.327,21.979,22.327,249765,0
1995-03-16,22.094,23.388,22.094,23.145,947993,0
1995-03-17,23.145,23.388,22.796,22.919,871506,0
1995-03-20,23.145,23.737,22.919,23.616,613664,0
1995-03-21,23.502,23.616,23.145,23.145,290292,0
1995-03-22,23.267,23.388,23.145,23.267,502505,0
1995-03-23,23.145,23.267,22.796,22.796,288375,0
1995-03-24,23.033,23.267,22.563,22.675,373049,0
1995-03-27,22.919,23.267,22.919,23.145,703121,0
1995-03-28,23.267,24.33,23.267,24.33,1031494,0
1995-03-29,24.677,25.494,24.677,24.915,1217540,0
1995-03-30,25.026,25.026,24.33,24.33,554944,0
1995-03-31,24.33,24.33,23.861,24.084,504312,0
1995-04-03,24.207,24.443,23.861,24.443,449532,0
1995-04-04,24.33,25.494,24.33,25.494,714823,0
1995-04-05,25.383,25.383,24.677,24.915,711100,0
1995-04-06,24.915,25.026,23.737,23.861,947568,0
1995-04-07,24.084,24.207,23.616,23.616,798539,0
1995-04-10,23.616,23.616,23.033,23.033,737375,0
1995-04-11,23.033,23.388,23.033,23.267,613346,0
1995-04-12,23.145,23.861,23.145,23.737,821834,0
1995-04-13,23.737,24.443,23.737,24.443,489845,0
1995-04-17,24.207,24.33,23.737,23.737,574732,0
1995-04-18,23.737,23.737,23.033,23.145,932463,0
1995-04-19,22.563,22.563,18.688,20.569,9634372,0
1995-04-20,19.158,19.853,18.688,19.631,6997823,0
1995-04-21,19.631,20.681,19.507,20.326,3913766,0
1995-04-24,20.098,20.569,20.098,20.326,1949702,0
1995-04-25,20.213,20.326,18.916,19.271,2613254,0
1995-04-26,19.385,19.853,19.271,19.631,1582929,0
1995-04-27,19.507,19.631,18.567,18.8,3736014,0
1995-04-28,18.688,18.8,17.748,18.333,2793662,0
1995-05-01,18.444,19.037,17.975,18.8,1881197,0
1995-05-02,18.8,19.158,18.567,19.037,1764081,0
1995-05-03,19.271,19.385,18.567,18.567,1549526,0
1995-05-04,18.444,18.567,16.81,17.157,3450406,0
1995-05-05,17.506,17.861,17.279,17.628,2115216,0
1995-05-08,17.748,18.688,17.628,18.333,2776431,0
1995-05-09,18.567,19.385,18.444,19.037,3381474,0
1995-05-10,19.743,20.326,19.507,20.213,3686765,0
1995-05-11,20.213,20.797,20.098,20.213,1966299,0
1995-05-12,19.976,19.976,19.385,19.743,2156701,0
1995-05-15,19.631,20.098,19.631,19.631,1078617,0
1995-05-16,19.743,19.976,19.631,19.631,718012,0
1995-05-17,19.631,20.098,19.507,19.853,913102,0
1995-05-18,19.853,19.976,19.631,19.631,736631,0
1995-05-19,19.631,19.631,19.158,19.507,993735,0
1995-05-22,19.631,19.743,19.037,19.158,713864,0
1995-05-23,19.385,20.213,19.271,20.213,1367738,0
1995-05-24,20.681,20.797,19.976,20.213,1372418,0
1995-05-25,20.213,20.213,19.631,19.976,516440,0
1995-05-26,19.853,19.976,19.563,19.631,513991,0
1995-05-30,19.853,19.976,19.631,19.631,673978,0
1995-05-31,19.743,19.853,19.631,19.853,1396777,0
1995-06-01,20.098,20.213,19.853,20.098,1231686,0
1995-06-02,20.098,20.917,19.976,20.569,1792058,0
1995-06-05,20.447,21.386,20.326,21.152,1268174,0
1995-06-06,21.152,21.737,21.152,21.265,1039687,0
1995-06-07,22.327,22.45,21.855,21.979,2067882,0
1995-06-08,22.205,22.205,21.737,21.855,916930,0
1995-06-09,22.094,22.094,21.51,21.51,458786,0
1995-06-12,21.622,21.622,21.386,21.386,676531,0
1995-06-13,21.51,21.622,21.386,21.51,765668,0
1995-06-14,18.333,18.916,18.098,18.444,12754063,0
1995-06-15,18.688,18.916,18.444,18.8,3754736,0
1995-06-16,18.8,19.037,18.688,18.688,1250409,0
1995-06-19,18.8,18.8,18.688,18.8,1229134,0
1995-06-20,18.8,18.8,18.444,18.8,1867797,0
1995-06-21,18.8,18.8,18.333,18.688,1465388,0
1995-06-22,18.688,18.8,18.444,18.688,3587305,0
1995-06-23,18.567,18.8,18.098,18.218,2936517,0
1995-06-26,18.333,18.444,17.628,17.748,3199790,0
1995-06-27,17.975,17.975,16.339,16.81,6832307,0
1995-06-28,16.563,16.687,16.339,16.451,3601987,0
1995-06-29,16.451,16.687,15.982,16.339,3543587,0
1995-06-30,16.339,16.687,16.218,16.687,2244673,0
1995-07-03,16.687,17.034,16.563,16.865,794180,0
1995-07-05,16.922,17.157,16.563,16.563,1714086,0
1995-07-06,16.687,16.687,16.339,16.563,1635689,0
1995-07-07,16.563,16.687,16.218,16.451,2140642,0
1995-07-10,16.687,16.81,16.339,16.451,1563784,0
1995-07-11,16.451,17.034,16.339,16.687,2390403,0
1995-07-12,16.922,17.279,16.563,17.157,3028425,0
1995-07-13,17.279,17.628,17.279,17.506,2024268,0
1995-07-14,17.392,17.975,17.279,17.861,1363804,0
1995-07-17,18.218,18.333,17.975,17.975,1994592,0
1995-07-18,18.098,18.098,17.392,17.975,1358910,0
1995-07-19,17.975,17.975,17.392,17.628,1537082,0
1995-07-20,18.218,18.218,17.748,18.218,1454963,0
1995-07-21,17.861,18.098,17.628,17.861,725887,0
1995-07-24,17.861,18.218,17.748,17.975,1518467,0
1995-07-25,18.098,18.333,18.098,18.218,2069050,0
1995-07-26,18.333,18.8,18.333,18.567,3420304,0
1995-07-27,18.916,19.158,18.567,18.567,3096184,0
1995-07-28,19.037,19.271,18.916,18.916,2932904,0
1995-07-31,19.743,19.976,18.218,18.333,2951199,0
1995-08-01,18.444,18.8,18.333,18.688,1291577,0
1995-08-02,18.8,18.916,18.567,18.688,1166695,0
1995-08-03,17.861,17.975,17.279,17.58,4782507,0
1995-08-04,17.279,17.392,16.81,16.922,3518801,0
1995-08-07,16.922,17.279,16.922,17.157,1368587,0
1995-08-08,17.628,17.628,17.392,17.506,811302,0
1995-08-09,17.628,17.748,17.157,17.157,855977,0
1995-08-10,17.157,17.628,17.034,17.392,2319774,0
1995-08-11,17.392,17.506,17.279,17.506,781625,0
1995-08-14,17.506,17.748,17.279,17.628,767052,0
1995-08-15,17.748,18.333,17.392,17.506,799494,0
1995-08-16,17.628,17.748,17.506,17.628,527928,0
1995-08-17,17.861,18.098,17.628,18.098,705146,0
1995-08-18,18.098,18.333,17.861,17.861,767797,0
1995-08-21,17.861,18.098,17.506,17.506,868212,0
1995-08-22,17.392,17.628,17.279,17.392,996284,0
1995-08-23,17.392,17.392,17.034,17.157,877467,0
1995-08-24,17.279,17.392,17.034,17.392,827473,0
1995-08-25,17.279,17.392,17.157,17.279,454104,0
1995-08-28,17.279,17.279,17.034,17.157,408898,0
1995-08-29,17.157,17.279,17.034,17.034,793857,0
1995-08-30,17.279,17.392,16.922,17.157,893423,0
1995-08-31,17.157,17.279,17.034,17.157,1151480,0
1995-09-01,17.034,17.157,17.034,17.157,227637,0
1995-09-05,17.157,17.748,17.034,17.506,1112550,0
1995-09-06,17.628,18.218,17.628,18.218,1998953,0
1995-09-07,18.218,18.333,18.098,18.218,1302958,0
1995-09-08,18.444,19.271,18.218,19.158,2246376,0
1995-09-11,19.385,19.631,18.688,18.8,1840565,0
1995-09-12,18.8,18.916,18.567,18.567,637170,0
1995-09-13,18.688,19.158,18.567,18.916,906185,0
1995-09-14,18.916,19.037,18.8,18.916,795027,0
1995-09-15,18.8,18.916,18.444,18.688,744609,0
1995-09-18,18.688,18.688,18.444,18.688,486230,0
1995-09-19,18.567,19.037,18.444,19.037,658446,0
1995-09-20,19.037,19.385,18.916,18.916,1273810,0
1995-09-21,18.916,19.037,18.688,18.916,438680,0
1995-09-22,18.8,18.8,18.444,18.688,430914,0
1995-09-25,18.688,18.8,18.444,18.567,249974,0
1995-09-26,18.567,18.916,18.567,18.567,762157,0
1995-09-27,18.8,19.037,18.444,18.567,1343271,0
1995-09-28,18.567,18.916,18.567,18.8,621429,0
1995-09-29,18.8,19.385,18.8,18.916,1971932,0
1995-10-02,18.916,19.158,18.688,18.688,1074045,0
1995-10-03,18.688,18.8,18.444,18.688,556114,0
1995-10-04,18.567,18.688,18.444,18.567,477929,0
1995-10-05,18.567,18.688,18.333,18.444,354435,0
1995-10-06,18.444,18.567,18.333,18.567,239125,0
1995-10-09,18.333,18.333,17.975,18.218,428893,0
1995-10-10,18.218,18.218,17.748,17.748,818748,0
1995-10-11,18.098,18.098,17.506,17.506,848748,0
1995-10-12,17.628,18.218,17.628,18.098,546860,0
1995-10-13,18.333,18.8,18.333,18.8,804283,0
1995-10-16,18.688,19.037,18.688,18.688,622066,0
1995-10-17,19.158,19.158,18.916,19.158,664509,0
1995-10-18,19.271,19.507,19.037,19.037,774179,0
1995-10-19,19.037,19.271,18.916,19.271,400279,0
1995-10-20,19.158,19.271,18.916,18.916,573026,0
1995-10-23,18.916,19.385,18.916,19.158,713546,0
1995-10-24,19.037,20.447,19.037,20.326,2270628,0
1995-10-25,20.569,20.797,20.326,20.447,2128298,0
1995-10-26,20.098,20.213,19.853,20.098,1059043,0
1995-10-27,19.853,20.569,19.853,20.213,647383,0
1995-10-30,20.326,20.569,19.976,20.098,538352,0
1995-10-31,19.507,19.976,19.507,19.853,639404,0
1995-11-01,19.507,21.386,19.507,21.386,2338920,0
1995-11-02,21.386,21.622,21.04,21.386,1809505,0
1995-11-03,21.386,22.327,21.04,22.205,1542829,0
1995-11-06,22.094,22.205,21.622,21.622,667700,0
1995-11-07,21.152,21.386,20.447,21.04,1312955,0
1995-11-08,21.04,21.737,20.681,21.737,873423,0
1995-11-09,21.855,21.855,21.386,21.622,710993,0
1995-11-10,21.51,21.737,21.265,21.386,581326,0
1995-11-13,21.386,21.51,21.265,21.386,549520,0
1995-11-14,21.265,21.265,20.797,20.917,344752,0
1995-11-15,20.797,21.152,20.681,20.917,776202,0
1995-11-16,20.917,21.622,20.917,21.622,826515,0
1995-11-17,21.622,21.855,21.386,21.737,821940,0
1995-11-20,21.855,21.979,21.622,21.622,1105210,0
1995-11-21,21.51,21.979,21.51,21.855,723971,0
1995-11-22,22.919,23.145,22.675,22.919,2946625,0
1995-11-24,22.796,23.033,22.796,23.033,512291,0
1995-11-27,22.796,23.145,22.675,23.145,1242536,0
1995-11-28,23.033,23.267,22.675,23.267,1063832,0
1995-11-29,24.207,24.677,23.737,24.084,3094057,0
1995-11-30,23.972,26.322,23.861,26.322,9401310,0
1995-12-01,26.21,26.21,25.026,25.618,4082257,0
1995-12-04,25.27,25.853,25.146,25.494,973519,0
1995-12-05,25.27,25.494,25.146,25.494,1404011,0
1995-12-06,25.383,25.383,25.026,25.146,833322,0
1995-12-07,25.026,25.27,24.915,25.27,731951,0
1995-12-08,24.677,25.146,24.677,25.146,654297,0
1995-12-11,24.915,25.27,24.799,24.915,592284,0
1995-12-12,24.915,25.494,24.915,25.494,575052,0
1995-12-13,25.494,25.494,25.146,25.494,580579,0
1995-12-14,25.383,25.383,25.026,25.27,568458,0
1995-12-15,25.618,25.618,25.026,25.494,1297104,0
1995-12-18,25.383,25.383,24.799,24.915,632597,0
1995-12-19,24.915,24.915,23.861,24.33,716631,0
1995-12-20,24.443,25.026,23.972,24.084,570156,0
1995-12-21,24.33,25.27,24.084,24.207,670786,0
1995-12-22,24.207,25.383,24.207,25.146,696105,0
1995-12-26,25.026,25.146,24.915,25.146,415171,0
1995-12-27,25.146,25.618,24.915,25.27,662171,0
1995-12-28,25.27,25.853,25.146,25.383,457085,0
1995-12-29,25.494,25.74,25.27,25.74,574940,0
1996-01-02,25.618,25.618,25.026,25.27,605686,0
1996-01-03,25.146,25.963,25.146,25.853,607707,0
1996-01-04,26.21,26.68,26.088,26.556,1542829,0
1996-01-05,26.322,26.435,25.026,25.146,871726,0
1996-01-08,25.146,25.146,24.677,24.799,468147,0
1996-01-09,24.799,24.915,23.861,23.972,938207,0
1996-01-10,24.207,24.677,24.084,24.443,1440069,0
1996-01-11,24.915,25.27,24.207,25.146,1444115,0
1996-01-12,25.146,25.618,25.026,25.026,580372,0
1996-01-15,25.27,26.21,25.27,26.088,755883,0
1996-01-16,26.322,26.322,25.74,25.963,939907,0
1996-01-17,25.74,25.853,25.27,25.494,340392,0
1996-01-18,25.74,26.21,25.618,26.21,755244,0
1996-01-19,25.963,26.088,25.74,26.088,553348,0
1996-01-22,25.853,25.963,25.618,25.618,374641,0
1996-01-23,25.74,25.963,25.27,25.618,579305,0
1996-01-24,25.494,25.963,25.494,25.963,563350,0
1996-01-25,25.963,26.793,25.853,26.322,1108933,0
1996-01-26,25.853,26.21,25.494,26.21,479313,0
1996-01-29,25.963,26.21,25.853,25.963,280504,0
1996-01-30,25.909,25.963,25.383,25.963,465594,0
1996-01-31,25.383,25.963,25.383,25.963,705038,0
1996-02-01,26.21,27.028,26.088,26.435,965756,0
1996-02-02,26.556,26.556,25.853,25.853,454316,0
1996-02-05,25.74,26.088,25.026,25.383,1011603,0
1996-02-06,25.27,25.74,24.799,25.494,1127332,0
1996-02-07,25.383,25.494,25.146,25.27,658446,0
1996-02-08,25.27,26.21,25.146,26.21,656319,0
1996-02-09,26.21,26.21,25.618,25.74,454210,0
1996-02-12,25.618,26.322,25.494,26.21,917994,0
1996-02-13,26.322,27.149,26.322,27.028,1774505,0
1996-02-14,26.435,26.435,25.146,25.618,1732277,0
1996-02-15,25.494,25.618,24.084,24.084,2342325,0
1996-02-16,24.677,24.677,23.737,24.207,1131165,0
1996-02-20,23.972,24.084,23.033,23.145,942353,0
1996-02-21,23.145,23.861,23.145,23.861,825344,0
1996-02-22,23.737,24.207,23.502,23.972,1126060,0
1996-02-23,23.972,24.084,23.388,23.972,1043409,0
1996-02-26,23.388,23.616,23.033,23.267,457935,0
1996-02-27,23.388,23.502,22.675,23.502,903316,0
1996-02-28,23.737,23.861,23.267,23.267,859278,0
1996-02-29,23.267,23.267,22.675,23.033,691954,0
1996-03-01,23.616,23.861,23.502,23.616,648765,0
1996-03-04,23.033,23.145,22.327,23.033,1277320,0
1996-03-05,23.033,23.616,22.919,23.616,1322639,0
1996-03-06,23.388,23.502,23.267,23.267,851724,0
1996-03-07,23.388,23.972,23.267,23.972,995649,0
1996-03-08,23.033,23.502,22.675,22.796,884168,0
1996-03-11,23.033,23.267,22.796,23.033,550796,0
1996-03-12,22.919,23.033,22.563,22.796,726311,0
1996-03-13,22.919,23.267,22.675,23.267,755988,0
1996-03-14,23.145,23.616,23.145,23.145,513353,0
1996-03-15,23.388,23.388,22.563,22.563,733865,0
1996-03-18,22.796,23.388,22.675,23.388,525376,0
1996-03-19,23.972,23.972,22.919,22.919,442297,0
1996-03-20,23.145,23.267,22.796,22.919,228702,0
1996-03-21,23.033,23.861,23.033,23.616,683869,0
1996-03-22,24.084,24.084,23.502,23.737,384537,0
1996-03-25,23.737,23.861,23.033,23.145,726738,0
1996-03-26,23.267,23.267,23.033,23.145,207746,0
1996-03-27,23.502,23.861,23.267,23.267,446021,0
1996-03-28,23.388,23.737,23.267,23.502,593133,0
1996-03-29,23.737,23.861,23.616,23.616,407513,0
1996-04-01,24.33,24.443,23.972,24.33,838322,0
1996-04-02,24.555,25.026,24.33,24.915,773754,0
1996-04-03,24.799,24.915,24.555,24.799,329968,0
1996-04-04,25.146,25.383,24.799,24.799,436979,0
1996-04-08,23.972,24.33,23.616,23.972,496017,0
1996-04-09,24.33,24.33,23.145,23.267,564733,0
1996-04-10,23.267,23.502,22.919,23.145,677700,0
1996-04-11,23.267,23.267,22.796,22.919,384537,0
1996-04-12,22.796,22.796,22.45,22.563,738120,0
1996-04-15,22.563,23.033,22.563,23.033,398257,0
1996-04-16,23.861,23.861,23.267,23.502,442934,0
1996-04-17,23.502,23.502,22.563,22.919,328158,0
1996-04-18,23.145,23.145,22.675,22.919,199985,0
1996-04-19,22.919,23.388,22.796,22.919,422086,0
1996-04-22,23.033,23.267,22.563,22.563,367409,0
1996-04-23,22.563,22.919,22.563,22.675,509737,0
1996-04-24,22.796,23.861,22.675,22.796,432085,0
1996-04-25,22.919,23.033,22.796,23.033,392834,0
1996-04-26,23.033,23.033,22.796,22.919,310505,0
1996-04-29,22.45,23.033,22.45,23.033,876296,0
1996-04-30,23.033,23.502,23.033,23.145,782581,0
1996-05-01,23.267,23.616,22.563,22.675,804389,0
1996-05-02,22.45,22.675,21.386,22.563,1567823,0
1996-05-03,22.563,22.919,22.45,22.45,492714,0
1996-05-06,22.563,22.796,22.327,22.675,586005,0
1996-05-07,23.033,23.033,22.205,22.205,1002667,0
1996-05-08,22.327,22.327,21.386,21.979,1183285,0
1996-05-09,21.979,22.45,21.737,22.205,506437,0
1996-05-10,22.45,22.675,22.327,22.563,527820,0
1996-05-13,22.563,22.796,22.45,22.45,519416,0
1996-05-14,22.45,22.563,21.979,22.327,512291,0
1996-05-15,22.327,22.675,22.205,22.45,459211,0
1996-05-16,22.45,22.675,22.327,22.45,566968,0
1996-05-17,22.45,22.675,22.205,22.327,593665,0
1996-05-20,22.45,22.563,22.205,22.205,331987,0
1996-05-21,22.205,22.205,21.737,21.737,456232,0
1996-05-22,21.979,22.45,21.737,22.205,696314,0
1996-05-23,22.327,22.675,22.327,22.327,662488,0
1996-05-24,22.327,22.563,22.327,22.45,487611,0
1996-05-28,22.563,22.675,22.094,22.094,499209,0
1996-05-29,22.327,22.327,21.737,21.979,371558,0
1996-05-30,21.979,22.205,21.622,21.622,917994,0
1996-05-31,21.855,21.855,20.213,20.681,2168085,0
1996-06-03,20.681,21.265,20.569,21.265,1247749,0
1996-06-04,21.51,22.45,21.265,21.386,1019901,0
1996-06-05,21.51,21.622,21.386,21.51,666106,0
1996-06-06,21.622,22.094,21.622,21.737,1003517,0
1996-06-07,17.748,17.975,17.157,17.861,5615935,0
1996-06-10,17.861,18.098,16.451,16.922,5096625,0
1996-06-11,17.279,17.506,16.81,17.034,2956092,0
1996-06-12,17.157,17.392,17.034,17.157,1876729,0
1996-06-13,17.279,17.392,17.034,17.157,1315187,0
1996-06-14,17.157,17.748,17.034,17.628,892145,0
1996-06-17,17.748,17.748,17.392,17.506,598026,0
1996-06-18,17.506,17.975,17.506,17.861,1068723,0
1996-06-19,17.748,17.748,17.157,17.279,716208,0
1996-06-20,17.279,17.506,17.034,17.506,1519849,0
1996-06-21,17.506,17.628,17.157,17.279,681532,0
1996-06-24,17.279,17.279,17.034,17.157,406557,0
1996-06-25,17.157,17.279,16.81,17.034,659189,0
1996-06-26,17.034,17.157,16.563,16.563,542820,0
1996-06-27,16.81,17.157,16.563,17.157,778647,0
1996-06-28,17.279,17.506,16.81,16.81,839175,0
1996-07-01,17.034,17.034,16.81,16.922,531863,0
1996-07-02,16.81,16.81,16.563,16.563,1051494,0
1996-07-03,16.687,16.81,16.451,16.563,500696,0
1996-07-05,16.451,16.563,16.218,16.218,228598,0
1996-07-08,16.218,16.339,15.982,16.094,555796,0
1996-07-09,16.218,16.218,15.154,15.399,1073084,0
1996-07-10,15.511,15.511,14.93,15.154,1392841,0
1996-07-11,15.154,15.154,14.214,14.93,1373163,0
1996-07-12,14.807,15.276,14.683,15.154,1115633,0
1996-07-15,15.043,15.043,14.46,14.683,540268,0
1996-07-16,15.043,15.043,14.101,14.93,1046279,0
1996-07-17,15.043,15.276,14.683,14.683,636213,0
1996-07-18,14.93,15.511,14.807,15.511,519843,0
1996-07-19,15.511,15.626,15.399,15.511,905442,0
1996-07-22,15.745,15.745,15.399,15.626,529204,0
1996-07-23,15.511,16.81,15.511,15.745,995435,0
1996-07-24,15.154,15.982,15.154,15.626,534630,0
1996-07-25,15.745,15.868,15.511,15.511,559095,0
1996-07-26,15.511,15.745,15.399,15.745,307628,0
1996-07-29,15.745,16.094,15.626,15.868,535798,0
1996-07-30,15.982,16.218,15.626,15.868,629832,0
1996-07-31,15.745,16.218,15.626,15.745,782153,0
1996-08-01,15.745,15.868,15.043,15.276,1239879,0
1996-08-02,15.276,15.511,15.154,15.276,766307,0
1996-08-05,15.399,16.687,15.276,16.563,1816418,0
1996-08-06,17.392,18.098,17.034,17.861,2760580,0
1996-08-07,17.861,18.218,17.506,17.628,1058087,0
1996-08-08,17.748,18.444,17.628,18.218,1211689,0
1996-08-09,18.218,18.218,17.748,18.098,428466,0
1996-08-12,17.861,18.333,17.748,18.333,484420,0
1996-08-13,18.098,18.218,17.628,17.861,543882,0
1996-08-14,17.975,18.333,17.628,17.748,1013200,0
1996-08-15,17.628,17.628,17.034,17.034,435063,0
1996-08-16,17.157,17.628,17.034,17.628,488037,0
1996-08-19,17.506,17.861,17.506,17.861,363156,0
1996-08-20,17.861,17.861,17.506,17.506,179664,0
1996-08-21,17.279,17.628,17.279,17.392,397942,0
1996-08-22,17.279,17.628,17.157,17.628,354007,0
1996-08-23,17.628,18.098,17.157,17.506,906296,0
1996-08-26,17.628,17.628,17.157,17.506,922782,0
1996-08-27,17.506,17.628,17.392,17.628,892998,0
1996-08-28,17.506,17.975,17.506,17.861,251042,0
1996-08-29,17.975,18.218,17.506,17.975,1096807,0
1996-08-30,17.861,17.861,17.506,17.628,314330,0
1996-09-03,17.157,17.748,17.157,17.628,465059,0
1996-09-04,17.861,18.688,17.628,18.333,1085852,0
1996-09-05,18.218,19.271,18.098,18.688,3746225,0
1996-09-06,18.8,18.916,18.567,18.688,761626,0
1996-09-09,19.037,19.158,18.567,19.037,1443261,0
1996-09-10,18.8,18.8,18.567,18.567,1114786,0
1996-09-11,18.688,18.916,18.567,18.916,547497,0
1996-09-12,19.271,19.631,19.158,19.385,1851518,0
1996-09-13,19.385,19.853,19.385,19.507,1927041,0
1996-09-16,19.271,19.507,19.158,19.385,1106274,0
1996-09-17,19.385,19.385,19.037,19.271,775028,0
1996-09-18,19.271,19.507,19.158,19.507,1332527,0
1996-09-19,19.385,19.631,19.385,19.507,527609,0
1996-09-20,19.631,19.976,19.507,19.976,972139,0
1996-09-23,19.853,19.976,19.507,19.743,296990,0
1996-09-24,19.743,19.743,19.385,19.507,890872,0
1996-09-25,19.385,19.507,19.158,19.158,661528,0
1996-09-26,19.271,19.385,18.916,19.037,605577,0
1996-09-27,19.037,19.158,18.688,19.037,564412,0
1996-09-30,18.916,19.158,18.8,19.037,298376,0
1996-10-01,18.916,19.037,18.688,18.916,649617,0
1996-10-02,18.916,19.158,18.8,19.037,396238,0
1996-10-03,18.916,19.631,18.916,19.507,376986,0
1996-10-04,19.631,19.743,19.271,19.271,592067,0
1996-10-07,19.385,19.976,19.385,19.976,711953,0
1996-10-08,19.631,19.853,19.507,19.743,479421,0
1996-10-09,19.743,19.743,19.037,19.158,449637,0
1996-10-10,18.916,19.158,18.567,18.8,989374,0
1996-10-11,18.688,18.8,18.098,18.567,947033,0
1996-10-14,18.444,19.037,18.333,19.037,1348485,0
1996-10-15,18.916,19.271,18.916,19.158,780773,0
1996-10-16,19.037,19.037,18.8,18.916,449104,0
1996-10-17,18.916,19.037,18.688,18.916,246040,0
1996-10-18,18.916,18.916,18.333,18.567,2062137,0
1996-10-21,18.333,18.567,17.748,17.748,1428371,0
1996-10-22,17.861,18.098,17.506,17.748,1307210,0
1996-10-23,17.628,17.861,17.506,17.861,575899,0
1996-10-24,17.861,18.098,17.392,17.861,838746,0
1996-10-25,17.748,17.748,17.279,17.506,854597,0
1996-10-28,17.506,17.506,17.279,17.392,1742913,0
1996-10-29,17.157,17.279,16.922,17.034,360814,0
1996-10-30,17.157,17.279,16.922,17.157,533672,0
1996-10-31,17.392,17.392,16.687,17.157,854384,0
1996-11-01,17.279,17.392,16.922,16.922,393151,0
1996-11-04,17.157,17.279,16.687,16.81,520586,0
1996-11-05,16.81,17.034,16.563,16.687,840980,0
1996-11-06,17.034,18.444,17.034,18.333,1674409,0
1996-11-07,18.333,18.444,17.975,18.218,914375,0
1996-11-08,18.444,19.385,18.333,19.037,682700,0
1996-11-11,19.037,19.158,18.444,18.444,216149,0
1996-11-12,18.444,18.567,17.975,18.333,316245,0
1996-11-13,18.218,18.444,18.218,18.444,309119,0
1996-11-14,18.444,18.444,17.861,18.098,418257,0
1996-11-15,18.098,18.218,17.748,17.861,439852,0
1996-11-18,17.975,18.098,17.748,17.861,257954,0
1996-11-19,17.975,17.975,17.392,17.392,708122,0
1996-11-20,17.506,17.628,17.392,17.506,806091,0
1996-11-21,17.392,17.392,17.157,17.157,591006,0
1996-11-22,17.157,17.975,17.157,17.628,1231048,0
1996-11-25,17.748,18.098,17.506,17.861,645787,0
1996-11-26,17.861,18.098,17.628,17.628,616003,0
1996-11-27,17.861,17.861,17.628,17.748,410597,0
1996-11-29,17.861,17.975,17.748,17.748,302631,0
1996-12-02,17.748,17.861,17.628,17.861,385176,0
1996-12-03,17.861,18.333,17.748,17.861,1201900,0
1996-12-04,17.861,18.916,17.861,18.8,825242,0
1996-12-05,18.8,19.631,18.8,19.037,1251154,0
1996-12-06,18.218,19.037,18.218,18.688,691954,0
1996-12-09,18.8,18.8,18.444,18.444,358585,0
1996-12-10,18.567,18.567,18.333,18.444,650787,0
1996-12-11,18.218,18.444,18.098,18.444,626531,0
1996-12-12,18.444,18.567,18.218,18.218,443571,0
1996-12-13,18.098,18.098,17.861,17.975,330394,0
1996-12-16,18.098,18.567,17.628,17.748,519416,0
1996-12-17,17.628,18.444,17.506,18.333,762905,0
1996-12-18,18.444,18.688,18.333,18.567,653765,0
1996-12-19,18.688,18.8,18.218,18.8,685465,0
1996-12-20,19.158,19.158,18.567,18.567,614938,0
1996-12-23,18.688,18.8,18.444,18.8,408153,0
1996-12-24,18.8,19.037,18.8,18.8,247953,0
1996-12-26,18.916,19.037,18.688,18.916,337412,0
1996-12-27,19.158,19.158,18.444,18.567,415066,0
1996-12-30,18.688,18.688,17.748,17.861,823108,0
1996-12-31,17.861,18.098,17.628,17.861,895021,0
1997-01-02,17.975,17.975,17.628,17.748,1345826,0
1997-01-03,17.628,17.861,17.628,17.861,998732,0
1997-01-06,17.861,17.975,17.506,17.506,603983,0
1997-01-07,17.392,17.861,17.157,17.861,558243,0
1997-01-08,17.861,17.861,17.392,17.506,868955,0
1997-01-09,17.628,17.861,17.506,17.748,455064,0
1997-01-10,17.628,17.748,17.506,17.628,310392,0
1997-01-13,17.628,17.748,16.81,16.922,725250,0
1997-01-14,16.922,16.922,16.339,16.687,2244353,0
1997-01-15,16.687,17.279,16.687,16.922,990115,0
1997-01-16,17.034,17.157,16.687,16.687,879169,0
1997-01-17,16.81,17.034,16.563,16.922,385920,0
1997-01-20,17.157,17.392,17.034,17.279,699718,0
1997-01-21,17.034,17.506,17.034,17.279,803325,0
1997-01-22,17.392,17.392,17.157,17.157,524521,0
1997-01-23,17.279,17.506,17.034,17.392,1274660,0
1997-01-24,17.392,17.748,17.279,17.628,1139676,0
1997-01-27,17.628,17.628,16.81,16.81,477292,0
1997-01-28,17.034,17.279,17.034,17.279,940650,0
1997-01-29,17.628,17.628,17.034,17.279,488464,0
1997-01-30,17.279,17.279,16.922,17.034,677167,0
1997-01-31,17.157,18.098,17.034,17.861,1303488,0
1997-02-03,18.098,18.218,17.392,17.506,555905,0
1997-02-04,17.506,17.506,17.157,17.392,652168,0
1997-02-05,17.392,17.392,16.81,16.922,832153,0
1997-02-06,17.157,17.157,16.563,16.687,641000,0
1997-02-07,16.81,17.157,16.81,17.034,557179,0
1997-02-10,17.034,17.392,17.034,17.279,456658,0
1997-02-11,17.506,18.098,17.506,17.628,827366,0
1997-02-12,17.506,17.861,17.392,17.628,506013,0
1997-02-13,17.628,18.688,17.628,18.444,883001,0
1997-02-14,18.444,19.271,18.333,18.8,1253708,0
1997-02-18,18.8,19.037,18.567,18.8,733013,0
1997-02-19,18.567,18.688,17.975,17.975,530692,0
1997-02-20,17.975,18.688,17.748,18.688,469210,0
1997-02-21,18.688,18.8,18.567,18.8,597065,0
1997-02-24,18.688,18.688,18.333,18.567,361347,0
1997-02-25,18.567,18.916,18.444,18.8,511332,0
1997-02-26,18.688,18.8,17.748,17.748,853852,0
1997-02-27,17.861,18.098,17.628,17.861,797263,0
1997-02-28,18.098,18.8,17.975,18.444,1004265,0
1997-03-03,18.567,19.976,18.333,19.853,2264882,0
1997-03-04,19.743,20.569,19.631,20.326,2211801,0
1997-03-05,20.447,20.569,20.213,20.569,1359444,0
1997-03-06,20.447,20.569,19.507,19.631,1222221,0
1997-03-07,20.917,21.51,20.569,21.265,3380092,0
1997-03-10,21.152,21.737,21.152,21.622,2297433,0
1997-03-11,21.386,21.622,21.152,21.622,908847,0
1997-03-12,21.51,21.622,21.152,21.386,593983,0
1997-03-13,21.152,21.386,20.797,20.797,768222,0
1997-03-14,21.152,21.737,20.917,21.51,1332952,0
1997-03-17,20.681,21.04,20.447,20.917,889167,0
1997-03-18,21.04,21.152,20.797,20.917,409003,0
1997-03-19,20.681,20.681,19.976,20.569,420064,0
1997-03-20,20.326,20.681,20.213,20.447,407191,0
1997-03-21,20.797,20.917,20.681,20.681,744819,0
1997-03-24,20.681,20.681,20.098,20.447,454952,0
1997-03-25,20.569,20.797,20.447,20.681,370071,0
1997-03-26,20.681,21.04,20.447,21.04,717587,0
1997-03-27,20.917,21.04,19.853,20.569,591648,0
1997-03-31,20.326,20.681,19.853,20.681,587068,0
1997-04-01,20.447,20.447,19.631,19.853,416659,0
1997-04-02,19.631,19.743,18.916,19.507,526330,0
1997-04-03,19.507,20.098,19.507,19.853,803005,0
1997-04-04,19.743,19.976,19.631,19.853,466340,0
1997-04-07,19.743,20.447,19.631,20.447,950118,0
1997-04-08,20.447,20.569,20.098,20.326,373153,0
1997-04-09,20.326,20.797,19.271,19.631,371771,0
1997-04-10,20.098,20.326,19.853,19.976,299013,0
1997-04-11,19.631,19.976,19.385,19.507,263804,0
1997-04-14,19.385,19.743,19.158,19.743,222530,0
1997-04-15,19.507,20.326,19.507,20.098,547927,0
1997-04-16,19.743,20.326,19.631,20.098,469634,0
1997-04-17,19.743,20.447,19.743,19.976,503038,0
1997-04-18,19.743,19.976,18.688,18.916,656849,0
1997-04-21,18.916,19.385,18.688,19.158,411979,0
1997-04-22,19.037,19.385,18.916,19.385,696525,0
1997-04-23,19.507,20.098,19.507,19.631,696844,0
1997-04-24,19.631,19.631,18.567,18.916,506336,0
1997-04-25,19.158,19.158,18.688,19.158,424319,0
1997-04-28,18.916,19.271,18.916,19.037,494527,0
1997-04-29,19.743,20.326,19.507,20.213,632703,0
1997-04-30,19.976,20.681,19.976,20.447,699507,0
1997-05-01,20.569,20.569,19.743,20.326,505481,0
1997-05-02,20.447,20.797,20.447,20.569,304015,0
1997-05-05,20.326,20.326,19.853,20.213,477721,0
1997-05-06,19.976,20.797,19.743,20.213,1110637,0
1997-05-07,20.213,20.569,20.098,20.326,633874,0
1997-05-08,20.098,21.04,19.976,20.098,1030323,0
1997-05-09,20.098,20.569,19.853,19.976,391451,0
1997-05-12,20.033,20.569,20.033,20.569,491762,0
1997-05-13,20.569,21.152,20.326,21.04,597600,0
1997-05-14,21.152,21.51,20.213,20.213,467722,0
1997-05-15,20.213,20.447,19.976,20.326,343478,0
1997-05-16,20.326,20.326,19.743,19.976,380495,0
1997-05-19,20.098,20.447,19.976,20.326,178917,0
1997-05-20,20.447,20.447,19.853,20.447,183173,0
1997-05-21,20.326,20.447,19.743,19.976,469316,0
1997-05-22,19.976,19.976,19.385,19.507,299970,0
1997-05-23,20.098,20.447,19.976,20.447,403258,0
1997-05-27,20.447,20.447,20.098,20.213,258699,0
1997-05-28,19.976,20.098,19.507,19.853,381558,0
1997-05-29,19.976,20.213,19.743,20.213,522500,0
1997-05-30,19.976,21.386,19.853,21.386,813114,0
1997-06-02,21.622,21.855,20.917,21.855,1356888,0
1997-06-03,22.094,23.267,21.979,22.205,1883115,0
1997-06-04,22.205,22.205,21.737,21.855,1044155,0
1997-06-05,21.979,22.327,21.855,21.979,396130,0
1997-06-06,21.855,21.979,21.622,21.737,594838,0
1997-06-09,21.855,22.45,21.737,22.45,1024476,0
1997-06-10,22.45,22.796,22.327,22.796,649829,0
1997-06-11,23.033,23.145,22.563,22.675,1609843,0
1997-06-12,22.675,23.033,22.327,22.45,2443268,0
1997-06-13,22.675,23.033,22.675,22.796,639193,0
1997-06-16,22.563,22.563,21.979,22.327,680036,0
1997-06-17,22.094,22.563,21.979,22.45,542391,0
1997-06-18,22.205,22.45,22.205,22.327,445808,0
1997-06-19,22.45,22.675,22.45,22.563,2406891,0
1997-06-20,22.563,22.796,22.327,22.327,1139782,0
1997-06-23,22.563,22.563,21.855,21.979,306672,0
1997-06-24,21.737,22.094,21.386,21.855,1132550,0
1997-06-25,21.911,21.979,21.51,21.801,782370,0
1997-06-26,21.679,21.855,21.386,21.565,1007878,0
1997-06-27,21.622,21.855,21.152,21.51,741631,0
1997-06-30,21.152,21.911,21.04,21.737,772160,0
1997-07-01,21.855,21.855,21.622,21.679,473889,0
1997-07-02,21.801,21.801,21.51,21.801,851088,0
1997-07-03,21.855,21.855,21.51,21.622,249549,0
1997-07-07,21.386,21.855,21.386,21.679,852472,0
1997-07-08,21.51,21.737,21.444,21.565,419322,0
1997-07-09,21.565,21.979,21.386,21.622,534202,0
1997-07-10,21.855,22.27,21.801,22.094,424108,0
1997-07-11,22.094,22.383,21.801,22.327,374216,0
1997-07-14,22.094,22.796,21.911,22.094,577497,0
1997-07-15,22.45,22.45,22.094,22.149,355603,0
1997-07-16,21.979,22.618,21.855,22.563,394216,0
1997-07-17,22.506,22.506,22.094,22.205,333160,0
1997-07-18,22.094,22.327,21.737,22.037,603451,0
1997-07-21,21.855,22.149,21.622,21.855,259654,0
1997-07-22,21.801,22.327,21.801,22.327,441446,0
1997-07-23,22.205,22.327,21.801,21.855,289015,0
1997-07-24,21.911,23.211,21.565,23.033,676531,0
1997-07-25,22.563,22.854,21.911,22.149,327521,0
1997-07-28,22.205,22.45,21.737,21.737,173494,0
1997-07-29,21.801,22.45,21.565,21.979,326032,0
1997-07-30,21.622,22.45,21.622,22.327,761415,0
1997-07-31,22.563,23.033,22.506,22.919,1008947,0
1997-08-01,22.741,22.919,22.27,22.506,338160,0
1997-08-04,22.506,23.145,22.506,22.919,931714,0
1997-08-05,22.327,22.854,21.622,22.563,555265,0
1997-08-06,22.563,23.145,22.563,23.033,326668,0
1997-08-07,23.145,23.502,22.327,22.327,1074895,0
1997-08-08,21.979,22.45,21.737,22.037,510797,0
1997-08-11,22.037,22.675,21.979,22.45,507400,0
1997-08-12,22.563,22.741,21.979,21.979,407938,0
1997-08-13,22.205,22.205,21.444,21.444,353262,0
1997-08-14,22.037,22.149,21.565,21.855,574094,0
1997-08-15,21.855,22.675,21.855,22.205,518461,0
1997-08-18,22.149,22.205,21.51,22.149,247846,0
1997-08-19,22.506,22.919,22.327,22.741,518352,0
1997-08-20,22.741,22.976,22.675,22.741,192110,0
1997-08-21,22.854,22.976,22.149,22.205,256995,0
1997-08-22,21.911,22.205,21.737,22.094,599408,0
1997-08-25,22.149,22.796,22.149,22.618,347306,0
1997-08-26,22.854,22.919,22.506,22.675,320181,0
1997-08-27,22.506,22.618,22.205,22.45,400809,0
1997-08-28,22.383,22.675,22.149,22.383,343901,0
1997-08-29,22.327,22.506,22.149,22.149,899698,0
1997-09-02,22.149,22.618,21.855,21.911,1052662,0
1997-09-03,22.094,23.267,22.094,22.919,877574,0
1997-09-04,22.741,22.919,22.383,22.563,522184,0
1997-09-05,22.796,23.033,22.506,22.976,518884,0
1997-09-08,23.145,23.267,22.45,22.45,355282,0
1997-09-09,22.327,22.854,22.149,22.675,326668,0
1997-09-10,22.45,23.324,22.45,22.675,275506,0
1997-09-11,22.45,22.976,22.327,22.383,257104,0
1997-09-12,22.563,23.559,22.506,23.445,466978,0
1997-09-15,22.919,23.794,22.383,22.563,915760,0
1997-09-16,22.741,23.502,22.45,23.388,740992,0
1997-09-17,23.388,23.681,23.267,23.388,458997,0
1997-09-18,23.388,23.794,23.211,23.267,283377,0
1997-09-19,23.324,23.445,22.796,23.033,298586,0
1997-09-22,22.854,22.976,22.563,22.796,351347,0
1997-09-23,22.854,23.211,22.037,22.383,666106,0
1997-09-24,22.45,22.976,22.205,22.205,309543,0
1997-09-25,22.327,22.327,21.51,21.679,429107,0
1997-09-26,21.679,21.979,21.679,21.979,242319,0
1997-09-29,21.622,22.149,21.444,21.979,516972,0
1997-09-30,21.911,22.675,21.855,22.383,493992,0
1997-10-01,22.383,22.45,21.622,21.979,632278,0
1997-10-02,21.622,21.737,20.917,20.917,544521,0
1997-10-03,20.917,22.149,20.917,21.911,1025960,0
1997-10-06,22.037,22.149,21.51,21.622,1565379,0
1997-10-07,21.737,23.033,21.737,23.033,1005007,0
1997-10-08,23.267,23.267,21.801,22.27,791941,0
1997-10-09,22.094,22.563,21.979,22.383,484526,0
1997-10-10,22.205,22.383,21.979,22.149,383259,0
1997-10-13,22.383,22.618,22.205,22.563,471230,0
1997-10-14,22.675,22.741,22.45,22.45,711844,0
1997-10-15,22.327,22.741,22.327,22.618,280504,0
1997-10-16,22.618,22.675,22.094,22.149,472614,0
1997-10-17,22.094,22.327,22.037,22.27,368582,0
1997-10-20,22.506,22.796,22.27,22.741,502929,0
1997-10-21,23.145,23.388,22.919,23.145,408898,0
1997-10-22,23.145,23.211,22.327,22.45,398793,0
1997-10-23,21.679,21.979,21.622,21.801,531329,0
1997-10-24,22.037,22.037,21.152,21.265,316993,0
1997-10-27,19.976,20.569,19.631,19.687,1410287,0
1997-10-28,19.215,20.739,18.688,20.213,1021282,0
1997-10-29,20.269,20.917,20.213,20.269,847576,0
1997-10-30,20.098,20.326,19.631,19.631,286246,0
1997-10-31,19.631,19.976,19.507,19.687,451764,0
1997-11-03,20.269,20.624,20.156,20.447,328265,0
1997-11-04,21.265,21.265,20.269,20.739,648126,0
1997-11-05,20.739,21.265,20.624,20.739,427829,0
1997-11-06,20.739,21.33,20.739,21.152,463146,0
1997-11-07,21.152,21.33,20.917,21.04,523672,0
1997-11-10,21.265,21.51,21.152,21.386,305503,0
1997-11-11,21.444,21.801,21.265,21.386,266568,0
1997-11-12,21.04,21.208,20.681,20.681,478359,0
1997-11-13,21.152,21.152,20.391,20.391,226679,0
1997-11-14,19.976,20.681,19.976,20.391,284544,0
1997-11-17,21.04,21.265,20.797,20.917,508569,0
1997-11-18,20.862,21.152,20.681,20.973,215192,0
1997-11-19,20.917,21.04,20.503,20.503,179026,0
1997-11-20,20.681,20.973,20.569,20.681,266676,0
1997-11-21,21.152,21.265,20.681,20.862,397726,0
1997-11-24,20.681,20.917,20.569,20.569,273059,0
1997-11-25,20.569,20.797,20.391,20.681,410174,0
1997-11-26,20.681,21.094,20.681,20.739,150307,0
1997-11-28,21.04,21.094,20.862,20.862,51379,0
1997-12-01,21.094,21.622,20.973,21.51,411236,0
1997-12-02,21.622,21.737,21.04,21.152,467616,0
1997-12-03,21.386,21.51,20.681,20.797,873213,0
1997-12-04,20.973,21.979,20.973,21.855,814707,0
1997-12-05,22.094,22.327,21.979,22.037,526223,0
1997-12-08,22.037,22.205,21.622,21.855,387302,0
1997-12-09,21.801,22.506,21.737,22.327,441552,0
1997-12-10,21.622,21.622,19.631,20.098,5121515,0
1997-12-11,20.098,20.098,19.271,19.743,1239238,0
1997-12-12,20.098,20.098,19.507,19.687,287844,0
1997-12-15,19.743,19.743,19.45,19.563,864170,0
1997-12-16,19.631,19.631,18.746,19.093,466978,0
1997-12-17,19.385,19.631,18.8,18.916,531009,0
1997-12-18,18.916,19.158,18.444,18.688,628023,0
1997-12-19,18.511,18.746,17.918,18.39,574837,0
1997-12-22,18.39,18.8,18.098,18.218,519206,0
1997-12-23,18.333,18.333,17.684,17.861,443681,0
1997-12-24,17.392,17.804,17.334,17.748,381454,0
1997-12-26,17.748,18.154,17.748,17.748,206042,0
1997-12-29,17.684,18.218,17.506,18.098,406984,0
1997-12-30,18.04,19.093,17.748,18.916,462721,0
1997-12-31,18.982,19.631,18.916,19.507,513674,0
1998-01-02,19.743,20.681,19.271,19.853,567606,0
1998-01-05,19.853,19.976,19.563,19.976,278694,0
1998-01-06,19.507,19.743,19.271,19.507,435808,0
1998-01-07,19.507,20.447,19.329,20.447,420488,0
1998-01-08,20.447,20.569,19.158,19.563,444001,0
1998-01-09,19.563,19.563,18.098,18.444,313161,0
1998-01-12,18.218,18.8,18.218,18.8,311138,0
1998-01-13,18.8,18.8,18.444,18.567,192748,0
1998-01-14,18.333,19.158,18.274,19.158,345605,0
1998-01-15,19.158,19.158,18.746,18.746,381239,0
1998-01-16,18.746,19.158,18.746,18.982,387302,0
1998-01-20,18.982,18.982,18.688,18.8,715779,0
1998-01-21,18.8,18.916,18.746,18.746,785987,0
1998-01-22,18.746,18.746,18.39,18.622,346136,0
1998-01-23,18.333,18.444,18.098,18.333,282844,0
1998-01-26,18.333,18.688,18.333,18.567,218915,0
1998-01-27,18.511,18.8,18.511,18.746,349115,0
1998-01-28,18.688,19.215,18.622,18.858,943419,0
1998-01-29,18.8,19.385,18.8,18.916,393790,0
1998-01-30,18.916,19.385,18.858,18.858,448041,0
1998-02-02,19.037,19.385,18.916,19.385,450061,0
1998-02-03,19.215,19.215,18.444,19.215,358793,0
1998-02-04,19.037,19.631,18.916,19.271,510479,0
1998-02-05,19.631,20.447,19.507,20.391,974373,0
1998-02-06,19.631,19.921,19.563,19.743,875234,0
1998-02-09,19.743,20.681,19.743,20.447,748013,0
1998-02-10,20.503,20.797,19.976,19.976,1139144,0
1998-02-11,20.213,20.569,20.213,20.447,488464,0
1998-02-12,20.213,21.152,20.213,21.152,1270514,0
1998-02-13,21.152,23.267,21.152,22.919,2341472,0
1998-02-17,22.45,22.919,22.45,22.563,812475,0
1998-02-18,22.506,23.033,22.45,23.033,1056173,0
1998-02-19,22.854,23.267,22.854,23.033,541753,0
1998-02-20,24.443,24.555,23.559,23.794,1818649,0
1998-02-23,23.794,23.917,23.502,23.917,568458,0
1998-02-24,23.794,24.084,23.616,23.861,359112,0
1998-02-25,23.972,24.207,23.502,23.616,748543,0
1998-02-26,23.502,24.149,23.502,23.917,735670,0
1998-02-27,23.917,24.207,23.681,23.917,565264,0
1998-03-02,24.084,24.207,23.559,23.794,310714,0
1998-03-03,23.972,24.264,23.861,24.149,748438,0
1998-03-04,23.681,23.972,23.559,23.737,607278,0
1998-03-05,23.616,23.794,23.502,23.616,819919,0
1998-03-06,23.502,23.861,23.445,23.559,564519,0
1998-03-09,23.681,23.794,23.559,23.681,484206,0
1998-03-10,24.264,24.5,24.084,24.387,1554743,0
1998-03-11,24.443,24.915,24.387,24.799,1497193,0
1998-03-12,24.621,24.677,24.443,24.5,399001,0
1998-03-13,24.5,24.799,24.443,24.799,766307,0
1998-03-16,24.799,24.857,24.33,24.33,601748,0
1998-03-17,24.443,24.5,24.207,24.264,664827,0
1998-03-18,24.264,24.33,23.794,24.264,559626,0
1998-03-19,24.264,24.443,23.972,24.028,463465,0
1998-03-20,24.149,24.33,23.861,23.861,606642,0
1998-03-23,23.737,24.264,23.737,24.207,210832,0
1998-03-24,24.084,24.387,24.084,24.207,221147,0
1998-03-25,24.387,24.387,23.616,23.972,597600,0
1998-03-26,23.861,24.207,23.388,23.388,693233,0
1998-03-27,23.445,23.502,23.09,23.145,754287,0
1998-03-30,23.388,24.028,23.388,23.559,663974,0
1998-03-31,23.737,23.794,23.267,23.324,458997,0
1998-04-01,23.616,24.084,23.559,23.616,552926,0
1998-04-02,23.616,24.443,23.033,24.207,1519209,0
1998-04-03,24.33,24.5,24.028,24.443,691528,0
1998-04-06,24.443,24.799,24.207,24.207,544097,0
1998-04-07,24.387,24.387,23.445,23.794,385920,0
1998-04-08,23.917,25.146,23.917,24.915,1194672,0
1998-04-09,24.915,25.853,24.799,25.327,1280299,0
1998-04-13,25.327,25.494,25.026,25.27,657492,0
1998-04-14,25.203,25.383,24.915,25.091,359328,0
1998-04-15,25.494,26.322,25.494,25.963,877574,0
1998-04-16,25.909,25.909,24.443,25.026,386344,0
1998-04-17,25.026,25.439,24.732,25.439,357519,0
1998-04-20,25.383,25.674,25.27,25.439,248062,0
1998-04-21,25.439,25.74,25.383,25.494,250826,0
1998-04-22,25.74,26.379,25.74,26.145,481548,0
1998-04-23,25.963,26.088,24.443,24.5,488143,0
1998-04-24,24.5,25.561,24.33,24.621,416659,0
1998-04-27,24.264,24.264,23.324,23.502,384645,0
1998-04-28,24.387,24.677,23.616,24.443,744396,0
1998-04-29,24.443,24.5,23.502,24.084,713443,0
1998-04-30,24.264,25.383,24.207,25.383,475911,0
1998-05-01,25.494,25.494,24.915,25.026,174454,0
1998-05-04,24.799,24.915,24.207,24.443,450914,0
1998-05-05,24.149,25.026,24.149,24.969,239549,0
1998-05-06,25.146,25.146,24.33,24.677,555585,0
1998-05-07,24.677,24.915,24.555,24.915,350498,0
1998-05-08,24.915,25.439,24.5,24.915,548670,0
1998-05-11,24.915,24.915,24.387,24.387,116691,0
1998-05-12,24.387,24.387,23.917,24.33,773861,0
1998-05-13,24.264,24.732,24.207,24.555,461871,0
1998-05-14,24.443,25.026,24.264,24.969,472291,0
1998-05-15,25.146,25.494,24.915,25.091,537501,0
1998-05-18,25.146,25.27,24.264,24.5,627494,0
1998-05-19,24.33,24.387,23.737,23.861,1118295,0
1998-05-20,23.388,24.149,23.324,23.445,706950,0
1998-05-21,24.028,24.677,24.028,24.677,707269,0
1998-05-22,24.857,24.915,24.264,24.5,572497,0
1998-05-26,24.443,25.026,24.443,24.677,1031386,0
1998-05-27,24.207,24.799,24.084,24.677,2167020,0
1998-05-28,26.435,28.495,26.379,28.09,13017655,0
1998-05-29,28.909,29.32,28.672,29.2,6418409,0
1998-06-01,28.202,28.909,28.202,28.852,2457948,0
1998-06-02,28.785,28.785,27.733,28.147,2995874,0
1998-06-03,27.969,28.672,27.969,28.315,2743880,0
1998-06-04,27.845,28.315,27.845,28.259,1557508,0
1998-06-05,28.202,28.785,28.147,28.438,1494213,0
1998-06-08,28.438,28.852,28.315,28.618,885656,0
1998-06-09,28.381,28.785,28.381,28.672,1800570,0
1998-06-10,28.618,29.255,28.618,28.727,1619415,0
1998-06-11,28.672,29.087,28.672,28.909,1022559,0
1998-06-12,28.672,28.966,28.618,28.966,864170,0
1998-06-15,28.785,28.909,28.495,28.495,1131380,0
1998-06-16,28.56,28.56,27.845,28.025,2416571,0
1998-06-17,28.259,28.727,28.202,28.618,1499743,0
1998-06-18,28.438,29.142,28.438,29.03,1298809,0
1998-06-19,28.315,29.03,28.315,28.672,821515,0
1998-06-22,28.618,28.672,28.025,28.202,778965,0
1998-06-23,28.202,28.259,27.911,27.911,1288490,0
1998-06-24,27.733,28.672,27.62,28.315,2295197,0
1998-06-25,28.202,29.142,28.202,28.966,1027453,0
1998-06-26,29.2,29.969,29.03,29.612,1136057,0
1998-06-29,29.435,30.027,29.435,29.793,684294,0
1998-06-30,28.909,29.378,28.672,29.32,1259344,0
1998-07-01,29.32,30.197,29.255,29.969,1314445,0
1998-07-02,29.969,30.027,29.612,29.725,1048084,0
1998-07-06,29.725,29.903,29.556,29.556,381982,0
1998-07-07,29.725,29.849,29.502,29.612,1120210,0
1998-07-08,29.612,29.793,29.556,29.668,703337,0
1998-07-09,29.502,29.668,29.2,29.32,550583,0
1998-07-10,29.378,29.435,28.672,29.087,706419,0
1998-07-13,28.672,28.852,28.315,28.381,978309,0
1998-07-14,28.438,28.672,28.259,28.381,791410,0
1998-07-15,28.259,28.438,27.845,27.845,1046173,0
1998-07-16,27.028,28.202,27.028,28.202,1758870,0
1998-07-17,28.202,28.315,27.845,27.969,930867,0
1998-07-20,28.025,28.025,27.553,27.705,834918,0
1998-07-21,27.553,27.787,26.793,26.793,570581,0
1998-07-22,26.68,26.972,26.031,26.435,1314550,0
1998-07-23,26.435,26.435,25.327,25.383,1439325,0
1998-07-24,25.383,26.088,25.203,25.327,1653561,0
1998-07-27,25.383,26.322,25.327,25.618,1335186,0
1998-07-28,25.853,26.088,25.494,25.909,1128825,0
1998-07-29,25.963,26.322,25.909,26.268,493036,0
1998-07-30,26.088,26.088,24.621,25.203,1289127,0
1998-07-31,25.383,25.618,25.091,25.561,838746,0
1998-08-03,25.561,26.322,24.677,24.799,672380,0
1998-08-04,24.969,24.969,23.145,23.324,1623245,0
1998-08-05,23.794,24.387,23.267,24.207,863531,0
1998-08-06,22.563,22.563,15.276,17.975,21685313,0
1998-08-07,17.861,17.861,16.922,17.214,4933771,0
1998-08-10,17.918,18.098,16.687,16.865,7704135,0
1998-08-11,15.511,16.563,15.219,16.339,3113097,0
1998-08-12,16.922,16.922,15.399,15.568,2105324,0
1998-08-13,15.511,15.69,14.571,14.571,2956198,0
1998-08-14,14.571,15.043,13.923,13.989,3207983,0
1998-08-17,14.101,14.395,13.867,13.989,1672390,0
1998-08-18,14.214,14.338,13.989,13.989,1765783,0
1998-08-19,14.101,14.158,13.81,14.044,1233067,0
1998-08-20,14.101,14.101,13.34,13.34,2214678,0
1998-08-21,13.161,13.273,12.691,13.104,3403494,0
1998-08-24,13.104,13.453,13.049,13.161,817899,0
1998-08-25,13.273,13.397,12.748,12.869,1058301,0
1998-08-26,12.634,12.691,12.164,12.278,1371888,0
1998-08-27,12.164,12.4,11.517,12.109,1541658,0
1998-08-28,11.987,12.335,11.808,12.221,1419540,0
1998-08-31,12.455,12.805,11.93,12.164,1636964,0
1998-09-01,12.335,13.743,11.987,13.631,1486237,0
1998-09-02,13.52,14.395,13.219,14.214,1890346,0
1998-09-03,13.631,14.101,13.576,14.044,958416,0
1998-09-04,13.989,14.571,13.923,14.338,745034,0
1998-09-08,14.683,14.807,13.631,13.923,659298,0
1998-09-09,13.923,13.989,13.049,13.631,581646,0
1998-09-10,13.687,14.46,12.926,13.273,743758,0
1998-09-11,13.161,13.34,12.748,13.161,699932,0
1998-09-14,14.28,14.28,13.397,13.631,542500,0
1998-09-15,14.101,14.28,13.52,13.81,1124145,0
1998-09-16,14.101,14.571,13.923,14.571,728545,0
1998-09-17,14.46,15.154,14.158,15.097,926928,0
1998-09-18,15.097,16.395,14.985,16.162,1137441,0
1998-09-21,15.745,17.157,15.626,17.157,999478,0
1998-09-22,18.8,18.8,16.395,16.63,1418265,0
1998-09-23,16.922,17.279,15.868,16.563,873318,0
1998-09-24,16.63,17.392,16.63,16.922,595579,0
1998-09-25,16.865,16.922,16.743,16.922,429319,0
1998-09-28,16.922,16.978,16.218,16.218,456554,0
1998-09-29,16.274,16.687,15.982,16.63,488890,0
1998-09-30,15.745,15.925,15.333,15.399,866939,0
1998-10-01,15.276,15.276,13.687,13.687,1073725,0
1998-10-02,14.338,14.683,13.397,14.395,778220,0
1998-10-05,14.395,14.46,14.044,14.338,521970,0
1998-10-06,14.28,14.93,14.044,14.044,408363,0
1998-10-07,14.158,14.571,12.984,13.52,739716,0
1998-10-08,12.805,14.513,12.691,14.46,729929,0
1998-10-09,14.395,14.46,12.805,13.867,673760,0
1998-10-12,14.571,14.571,13.219,13.687,765139,0
1998-10-13,13.743,14.627,13.397,14.46,801942,0
1998-10-14,14.46,14.807,14.158,14.75,512822,0
1998-10-15,14.75,15.399,14.46,15.333,496973,0
1998-10-16,15.982,16.339,15.511,16.162,649829,0
1998-10-19,15.801,16.162,15.801,16.038,352838,0
1998-10-20,15.925,16.038,14.101,14.101,1885030,0
1998-10-21,14.338,15.043,14.28,14.75,1367101,0
1998-10-22,14.807,14.807,14.214,14.75,441977,0
1998-10-23,14.75,15.276,14.627,15.276,588135,0
1998-10-26,15.219,15.745,15.097,15.399,589623,0
1998-10-27,15.399,15.399,14.93,15.043,700037,0
1998-10-28,14.865,15.745,14.865,15.399,728230,0
1998-10-29,15.868,17.506,15.801,17.034,2418059,0
1998-10-30,17.506,18.154,17.506,17.804,2612616,0
1998-11-02,17.861,18.688,17.861,18.567,1508363,0
1998-11-03,18.444,20.326,18.39,20.156,2869824,0
1998-11-04,20.156,20.797,18.982,19.037,2098622,0
1998-11-05,18.8,19.385,18.154,18.8,1965233,0
1998-11-06,18.567,20.098,18.567,19.507,2238824,0
1998-11-09,19.743,19.921,19.271,19.631,802688,0
1998-11-10,19.385,20.681,19.329,20.269,1495593,0
1998-11-11,20.213,20.269,19.563,19.743,716631,0
1998-11-12,19.563,19.853,19.507,19.853,783965,0
1998-11-13,19.853,19.853,19.45,19.853,392514,0
1998-11-16,19.743,20.098,18.916,19.271,383259,0
1998-11-17,18.333,18.567,17.861,18.218,1373376,0
1998-11-18,18.218,18.218,17.748,17.861,1024796,0
1998-11-19,17.861,17.975,17.748,17.861,713758,0
1998-11-20,17.918,17.975,17.628,17.861,894591,0
1998-11-23,17.975,18.098,17.684,17.918,791410,0
1998-11-24,18.274,18.39,17.918,18.218,556858,0
1998-11-25,18.333,19.158,18.333,19.037,841089,0
1998-11-27,18.8,18.916,18.39,18.622,155304,0
1998-11-30,18.39,18.858,17.975,18.622,722588,0
1998-12-01,18.746,19.215,18.567,18.858,574624,0
1998-12-02,18.746,19.037,18.04,18.39,547394,0
1998-12-03,18.218,18.746,17.861,18.154,550689,0
1998-12-04,18.333,18.746,18.218,18.444,386131,0
1998-12-07,18.567,19.976,18.567,19.687,1688664,0
1998-12-08,19.687,20.098,19.329,19.743,928633,0
1998-12-09,19.385,19.45,18.154,18.274,433576,0
1998-12-10,18.8,19.158,17.748,17.804,1500704,0
1998-12-11,17.628,18.218,17.392,17.975,916930,0
1998-12-14,17.392,17.628,17.034,17.334,521331,0
1998-12-15,17.861,18.154,17.448,17.506,775669,0
1998-12-16,17.57,17.748,16.978,16.978,868107,0
1998-12-17,17.1,17.861,17.034,17.392,1229665,0
1998-12-18,17.392,17.628,17.279,17.57,917678,0
1998-12-21,17.748,18.444,17.334,17.334,491549,0
1998-12-22,17.448,17.57,16.395,16.563,1167332,0
1998-12-23,16.922,17.861,16.81,17.861,1654518,0
1998-12-24,17.861,17.918,17.392,17.684,167535,0
1998-12-28,17.57,18.04,17.1,17.214,799494,0
1998-12-29,17.448,17.748,17.214,17.392,275188,0
1998-12-30,17.334,17.975,17.279,17.804,555369,0
1998-12-31,18.444,18.444,16.743,16.743,1113188,0
1999-01-04,17.279,18.218,17.1,18.04,1152653,0
1999-01-05,17.748,18.688,17.748,18.567,754928,0
1999-01-06,19.037,19.507,18.916,19.507,660998,0
1999-01-07,19.158,19.158,18.444,18.916,829385,0
1999-01-08,18.916,18.916,18.218,18.39,678977,0
1999-01-11,18.444,18.858,17.861,18.858,528353,0
1999-01-12,19.037,19.357,18.444,18.511,630258,0
1999-01-13,17.861,18.154,17.628,17.975,749072,0
1999-01-14,17.804,17.975,17.628,17.684,989374,0
1999-01-15,17.804,18.511,17.684,18.333,412408,0
1999-01-19,18.688,18.746,17.506,18.098,765242,0
1999-01-20,18.333,18.622,17.861,17.861,917460,0
1999-01-21,17.804,17.861,17.157,17.334,419106,0
1999-01-22,16.395,18.274,16.395,18.218,775988,0
1999-01-25,17.861,17.861,17.334,17.57,689930,0
1999-01-26,17.448,17.628,17.214,17.57,1155527,0
1999-01-27,17.57,17.684,16.743,17.1,1009153,0
1999-01-28,17.334,17.392,17.1,17.1,809602,0
1999-01-29,17.157,17.157,16.687,16.81,801942,0
1999-02-01,16.63,16.865,16.094,16.865,742056,0
1999-02-02,16.81,16.922,16.094,16.395,622173,0
1999-02-03,16.395,17.506,16.339,17.506,611109,0
1999-02-04,17.279,17.975,16.978,17.334,843533,0
1999-02-05,17.392,17.506,16.922,17.448,390173,0
1999-02-08,17.392,17.918,17.334,17.748,660360,0
1999-02-09,18.333,18.333,17.392,17.392,975757,0
1999-02-10,17.392,17.392,16.038,16.865,785987,0
1999-02-11,16.395,16.687,16.162,16.339,1041385,0
1999-02-12,16.395,16.395,15.626,16.339,1301789,0
1999-02-16,16.274,16.865,16.218,16.395,601642,0
1999-02-17,16.274,16.743,15.868,15.982,446127,0
1999-02-18,16.274,16.339,15.745,15.925,673551,0
1999-02-19,16.094,16.451,15.982,16.218,616641,0
1999-02-22,16.094,16.865,16.094,16.81,902143,0
1999-02-23,17.392,17.804,16.978,16.978,1868539,0
1999-02-24,17.034,17.034,16.563,16.687,815452,0
1999-02-25,16.687,16.687,16.339,16.451,588770,0
1999-02-26,16.687,16.865,16.395,16.451,652279,0
1999-03-01,16.339,17.157,16.218,17.1,614087,0
1999-03-02,17.392,17.684,16.865,17.506,1276257,0
1999-03-03,17.628,18.04,17.506,17.628,1101380,0
1999-03-04,17.506,17.918,17.214,17.392,528031,0
1999-03-05,17.628,17.804,16.922,17.334,703121,0
1999-03-08,17.334,17.448,16.865,16.978,278056,0
1999-03-09,17.157,17.157,16.508,16.687,481652,0
1999-03-10,16.865,17.861,16.743,17.628,471976,0
1999-03-11,17.506,18.218,17.448,18.154,637492,0
1999-03-12,18.04,18.098,17.334,17.748,196578,0
1999-03-15,17.748,17.861,17.334,17.628,765989,0
1999-03-16,17.861,18.098,17.684,17.918,371876,0
1999-03-17,17.975,18.218,17.628,18.218,301459,0
1999-03-18,18.218,18.333,17.279,18.098,396026,0
1999-03-19,18.218,18.218,17.628,17.684,443360,0
1999-03-22,17.804,18.04,17.684,17.861,298376,0
1999-03-23,17.506,17.628,16.978,17.279,611855,0
1999-03-24,17.392,17.57,17.034,17.392,536012,0
1999-03-25,17.214,17.279,16.978,17.1,433999,0
1999-03-26,16.865,16.978,16.687,16.865,485804,0
1999-03-29,16.743,16.922,16.395,16.922,560476,0
1999-03-30,16.687,17.157,16.508,16.81,668976,0
1999-03-31,16.743,16.865,16.218,16.218,1037238,0
1999-04-01,16.218,16.274,14.985,15.043,1571866,0
1999-04-05,14.985,15.69,14.93,15.399,1714831,0
1999-04-06,15.745,15.745,15.154,15.456,585581,0
1999-04-07,15.043,15.456,14.627,15.219,1459005,0
1999-04-08,9.984,11.46,9.4567,11.46,13234658,0
1999-04-09,11.281,11.338,10.632,10.81,2736326,0
1999-04-12,11.046,11.169,10.699,11.102,1703871,0
1999-04-13,10.923,10.99,10.341,10.341,2114685,0
1999-04-14,10.341,11.102,10.341,11.102,1889178,0
1999-04-15,11.169,11.225,10.699,11.046,1595054,0
1999-04-16,11.225,11.637,11.169,11.572,1233497,0
1999-04-19,11.46,11.572,10.81,11.225,1413584,0
1999-04-20,11.102,11.987,11.102,11.93,1072237,0
1999-04-21,12.748,12.869,11.865,11.987,1296148,0
1999-04-22,11.987,12.164,11.517,11.572,426554,0
1999-04-23,11.695,12.042,11.695,12.042,551862,0
1999-04-26,12.109,12.109,11.637,11.751,982988,0
1999-04-27,11.987,12.042,11.281,11.395,868955,0
1999-04-28,11.637,11.93,11.46,11.695,929271,0
1999-04-29,11.751,12.164,11.695,11.808,1510065,0
1999-04-30,12.164,12.805,12.042,12.805,1716853,0
1999-05-03,12.278,12.805,12.221,12.634,1130419,0
1999-05-04,12.634,12.926,12.513,12.748,885978,0
1999-05-05,12.335,12.579,11.865,12.4,1712915,0
1999-05-06,12.109,12.513,12.109,12.4,1352631,0
1999-05-07,12.335,12.455,12.221,12.221,782264,0
1999-05-10,12.221,12.634,12.109,12.455,1331039,0
1999-05-11,12.164,12.805,12.109,12.221,2393168,0
1999-05-12,12.164,12.455,11.751,12.221,1611863,0
1999-05-13,12.221,12.513,12.042,12.4,2297539,0
1999-05-14,12.221,12.278,12.042,12.109,801094,0
1999-05-17,11.987,12.109,11.865,12.109,501545,0
1999-05-18,12.164,12.164,11.865,11.987,544097,0
1999-05-19,12.164,12.4,12.042,12.221,928741,0
1999-05-20,12.164,13.049,12.164,12.513,1750465,0
1999-05-21,12.748,12.926,12.335,12.335,988201,0
1999-05-24,12.335,12.335,11.987,12.042,767903,0
1999-05-25,12.042,12.335,11.93,11.93,827366,0
1999-05-26,11.987,12.042,11.695,11.751,773861,0
1999-05-27,11.637,11.637,11.046,11.281,1720044,0
1999-05-28,11.281,11.808,11.169,11.751,1003943,0
1999-06-01,11.572,12.579,11.517,11.808,1474319,0
1999-06-02,11.808,12.455,11.637,12.221,855446,0
1999-06-03,12.278,12.455,12.164,12.4,800029,0
1999-06-04,12.579,12.926,12.455,12.691,1183818,0
1999-06-07,12.869,13.453,12.691,13.161,1094150,0
1999-06-08,13.049,14.28,12.984,13.989,2396676,0
1999-06-09,13.989,14.28,13.397,13.743,1193925,0
1999-06-10,13.631,13.867,13.397,13.397,785243,0
1999-06-11,13.397,13.687,13.34,13.631,631641,0
1999-06-14,13.631,13.631,13.219,13.397,515801,0
1999-06-15,13.397,13.576,13.34,13.52,559095,0
1999-06-16,13.52,13.743,13.397,13.576,892361,0
1999-06-17,13.453,13.52,13.161,13.161,845982,0
1999-06-18,13.219,13.219,12.691,12.869,1063940,0
1999-06-21,12.869,12.984,12.691,12.984,574518,0
1999-06-22,12.984,13.104,12.805,12.926,530161,0
1999-06-23,12.748,12.805,12.579,12.691,772369,0
1999-06-24,12.579,12.579,12.042,12.042,1144567,0
1999-06-25,12.164,12.455,12.164,12.4,731630,0
1999-06-28,12.4,12.805,12.109,12.221,1077023,0
1999-06-29,12.109,12.164,12.042,12.109,688549,0
1999-06-30,12.109,12.278,11.865,12.164,1070956,0
1999-07-01,12.042,12.109,11.865,11.93,650890,0
1999-07-02,11.93,12.278,11.808,12.221,425065,0
1999-07-06,12.221,12.4,11.93,12.042,741841,0
1999-07-07,12.042,12.109,11.637,11.751,655784,0
1999-07-08,11.695,12.278,11.695,12.221,597920,0
1999-07-09,12.221,12.4,12.221,12.335,373899,0
1999-07-12,12.221,12.221,12.042,12.109,373049,0
1999-07-13,12.4,12.4,11.987,12.042,718650,0
1999-07-14,11.987,12.109,11.93,11.987,538139,0
1999-07-15,12.109,12.221,11.987,12.164,723122,0
1999-07-16,12.335,12.335,12.042,12.221,501760,0
1999-07-19,12.164,12.164,11.751,11.93,652595,0
1999-07-20,11.93,12.164,11.751,11.93,353052,0
1999-07-21,11.93,12.042,11.572,11.637,501333,0
1999-07-22,11.572,11.865,11.46,11.751,506336,0
1999-07-23,11.751,11.751,11.517,11.517,255402,0
1999-07-26,11.517,11.808,11.46,11.517,505267,0
1999-07-27,11.572,11.751,11.46,11.46,515694,0
1999-07-28,11.338,11.637,11.338,11.46,478890,0
1999-07-29,11.637,11.637,10.81,11.102,1447729,0
1999-07-30,11.102,11.102,10.162,10.228,1731424,0
1999-08-02,10.228,10.397,9.871,10.106,1490599,0
1999-08-03,9.984,9.984,9.578,9.636,2929073,0
1999-08-04,9.871,10.286,9.4024,9.4567,3569438,0
1999-08-05,9.4567,9.757,9.4567,9.692,1380716,0
1999-08-06,9.636,9.636,9.4567,9.513,881933,0
1999-08-09,9.578,9.636,9.4567,9.4567,1226582,0
1999-08-10,9.4567,9.513,9.1657,9.2221,1151802,0
1999-08-11,9.2881,9.3443,8.8746,9.0436,1631224,0
1999-08-12,8.9873,9.1657,8.8746,8.8746,790559,0
1999-08-13,9.0436,9.1095,8.931,8.9873,576006,0
1999-08-16,9.1095,9.2221,8.9873,9.1657,517716,0
1999-08-17,9.3443,9.692,9.2881,9.4024,866298,0
1999-08-18,9.4024,9.4024,9.2221,9.3443,329013,0
1999-08-19,9.4024,9.4024,9.2221,9.2221,344645,0
1999-08-20,9.4024,9.4567,9.2881,9.4024,455064,0
1999-08-23,9.4024,9.513,9.3443,9.4024,307628,0
1999-08-24,9.2881,9.4024,9.1657,9.4024,428787,0
1999-08-25,9.2881,9.4024,9.1657,9.3443,382516,0
1999-08-26,9.3443,9.4567,9.2881,9.3443,916930,0
1999-08-27,9.4024,9.4024,9.2881,9.2881,367837,0
1999-08-30,9.2881,9.2881,8.6962,8.7524,813751,0
1999-08-31,8.7524,8.931,8.5172,8.5455,1006816,0
1999-09-01,8.4609,8.6962,8.4609,8.6962,694402,0
1999-09-02,8.5738,9.2221,8.5738,9.0436,755563,0
1999-09-03,8.931,9.2881,8.8184,8.9873,424534,0
1999-09-07,8.9873,9.2881,8.9873,9.0436,421449,0
1999-09-08,8.9873,9.4024,8.9873,9.0436,487721,0
1999-09-09,9.0436,9.2221,8.8184,8.8746,404534,0
1999-09-10,8.931,9.1095,8.7524,8.7524,521652,0
1999-09-13,8.8184,9.0436,8.7524,8.931,504207,0
1999-09-14,8.931,9.0436,8.7524,8.7524,451019,0
1999-09-15,8.8746,8.8746,8.4609,8.4609,533882,0
1999-09-16,8.4609,8.5738,8.2821,8.4045,426021,0
1999-09-17,8.4045,8.4609,8.2821,8.4045,598238,0
1999-09-20,8.4609,8.4609,7.9906,8.047,621748,0
1999-09-21,8.047,8.047,7.408,7.4646,2204144,0
1999-09-22,7.521,7.6336,7.408,7.4646,1284554,0
1999-09-23,7.521,7.5772,7.408,7.4646,735990,0
1999-09-24,7.408,7.521,7.0507,7.1638,741948,0
1999-09-27,7.286,7.521,7.1638,7.3421,447618,0
1999-09-28,7.408,7.408,6.9941,7.286,654191,0
1999-09-29,7.1638,7.4646,7.1073,7.1073,415279,0
1999-09-30,7.0507,7.1638,6.4678,6.4678,1123400,0
1999-10-01,6.5807,6.8155,6.3457,6.6372,1284448,0
1999-10-04,6.6935,6.6935,6.2233,6.5807,888742,0
1999-10-05,6.4678,6.4678,5.9321,6.2894,1189775,0
1999-10-06,6.2233,6.7594,6.1673,6.7594,636961,0
1999-10-07,6.7594,7.0507,6.6935,6.8718,755032,0
1999-10-08,6.6372,6.9941,6.6372,6.8155,435911,0
1999-10-11,6.8718,7.9346,6.8718,7.5772,1273704,0
1999-10-12,7.5772,7.6336,6.5245,6.5807,1550380,0
1999-10-13,6.5807,6.6935,6.2894,6.3457,819496,0
1999-10-14,6.4678,6.4678,6.0543,6.2233,1052765,0
1999-10-15,6.1108,6.402,6.0543,6.2233,680569,0
1999-10-18,6.3457,6.4678,6.2894,6.2894,490485,0
1999-10-19,6.402,6.6935,6.1673,6.2233,1869920,0
1999-10-20,6.2894,6.2894,5.8756,5.9321,1097019,0
1999-10-21,5.9321,6.0543,5.6407,5.8192,637063,0
1999-10-22,6.2233,6.2233,5.5273,5.5841,1444858,0
1999-10-25,5.6407,5.697,5.5841,5.5841,1194032,0
1999-10-26,5.6407,5.7536,5.5273,5.5273,1059362,0
1999-10-27,5.6407,6.1673,5.5273,6.1108,2412103,0
1999-10-28,6.2233,6.3457,6.1108,6.2233,717055,0
1999-10-29,6.2233,6.5807,6.1108,6.4678,900974,0
1999-11-01,6.7594,7.4646,6.6372,6.9941,2029268,0
1999-11-02,7.1638,7.8781,7.1073,7.6336,2214251,0
1999-11-03,7.8781,7.8781,7.4646,7.6996,1212327,0
1999-11-04,8.6397,8.6962,7.408,7.521,2729518,0
1999-11-05,7.5772,7.7558,7.4646,7.5772,1545591,0
1999-11-08,7.6336,7.7558,7.408,7.521,1150844,0
1999-11-09,7.521,7.5772,7.2294,7.286,1093084,0
1999-11-10,7.286,7.4646,7.1638,7.286,513140,0
1999-11-11,7.408,7.408,6.8718,7.0507,1222962,0
1999-11-12,7.1638,7.1638,6.9379,7.0507,576966,0
1999-11-15,7.1638,7.1638,6.9379,6.9941,410174,0
1999-11-17,6.8718,7.2294,6.8718,6.9941,939163,0
1999-11-18,6.9941,7.2294,6.8155,6.8155,894914,0
1999-11-19,6.9379,7.4646,6.8718,7.2294,1193711,0
1999-11-22,7.4646,7.7558,7.408,7.7558,1179990,0
1999-11-23,7.6336,7.812,7.521,7.6336,1384117,0
1999-11-24,7.521,7.521,6.9379,6.9941,766416,0
1999-11-26,6.9941,7.1638,6.8718,6.9941,512076,0
1999-11-29,6.9379,6.9379,6.5245,6.5807,1008412,0
1999-11-30,6.5807,6.6935,6.5245,6.5807,754604,0
1999-12-01,6.6935,6.7594,6.5245,6.5807,696422,0
1999-12-02,6.6372,6.8718,6.5245,6.5807,1124467,0
1999-12-03,6.8155,6.8718,6.4678,6.5245,1330297,0
1999-12-06,6.5245,6.5807,6.4678,6.5245,613554,0
1999-12-07,6.6372,7.1638,6.5807,7.1073,1280830,0
1999-12-08,6.9941,7.3421,6.5807,6.5807,1289980,0
1999-12-09,6.5807,6.7594,6.3457,6.3457,1123505,0
1999-12-10,6.5807,7.1638,6.402,7.1073,1774717,0
1999-12-13,6.9379,6.9941,6.5807,6.9379,1355188,0
1999-12-14,6.8155,6.9379,6.6935,6.9379,584093,0
1999-12-15,6.7594,6.9379,6.6935,6.9379,663445,0
1999-12-16,6.8155,6.9379,6.5807,6.6372,1389652,0
1999-12-17,6.7594,6.8718,6.6935,6.7594,1117339,0
1999-12-20,6.7594,6.8718,6.5807,6.6935,1017879,0
1999-12-21,6.6372,6.7594,6.5245,6.7594,977670,0
1999-12-22,6.6372,6.9379,6.5807,6.9379,999156,0
1999-12-23,6.8155,7.0507,6.7594,6.9941,708014,0
1999-12-27,7.1073,7.408,6.9941,7.0507,1444751,0
1999-12-28,7.2294,7.286,6.9941,7.1073,808749,0
1999-12-29,7.1638,7.5772,7.1638,7.286,1085955,0
1999-12-30,7.3421,7.5772,7.2294,7.3703,1282320,0
1999-12-31,7.5772,7.6996,7.408,7.6996,770777,0
2000-01-03,7.812,7.8781,6.9379,7.1073,1369335,0
2000-01-04,6.9379,7.408,6.9379,7.1638,1317212,0
2000-01-05,7.0507,7.408,7.0507,7.3421,1166160,0
2000-01-06,7.286,7.7558,7.0507,7.6336,1092127,0
2000-01-07,7.6996,8.5738,7.5772,8.2258,2573471,0
2000-01-10,8.348,8.4045,7.8781,7.8781,1357528,0
2000-01-11,7.8781,8.2258,7.7558,7.7558,737906,0
2000-01-12,7.8781,8.1694,7.7558,7.9346,812688,0
2000-01-13,8.047,8.931,8.047,8.6962,1872793,0
2000-01-14,8.8184,9.0436,7.7558,7.7558,1520065,0
2000-01-18,8.4609,8.4609,7.8781,8.1035,826091,0
2000-01-19,8.1694,8.1694,7.521,7.521,1297850,0
2000-01-20,7.521,7.5772,7.2294,7.286,1855665,0
2000-01-21,7.286,7.5772,7.2294,7.3421,1776530,0
2000-01-24,7.4646,7.6336,7.1638,7.4646,1065215,0
2000-01-25,7.0507,7.3421,7.0507,7.286,1057872,0
2000-01-26,7.286,7.5772,7.286,7.408,873850,0
2000-01-27,7.521,7.5772,7.1638,7.1638,448041,0
2000-01-28,6.9379,7.5772,6.6935,7.1638,1888858,0
2000-01-31,7.1638,7.6996,7.1638,7.521,913421,0
2000-02-01,7.521,7.8781,7.521,7.7558,833535,0
2000-02-02,7.812,8.1035,7.7558,7.812,635365,0
2000-02-03,7.812,8.1035,7.812,7.9346,822790,0
2000-02-04,8.047,8.2258,7.8781,7.8781,511863,0
2000-02-07,7.9906,8.1035,7.812,7.9346,610897,0
2000-02-08,7.9346,8.047,7.5772,7.6996,759287,0
2000-02-09,7.3421,7.6336,6.9941,7.1073,1590269,0
2000-02-10,6.9941,7.0507,6.5807,6.7594,1391140,0
2000-02-11,6.6935,6.6935,6.2894,6.4678,1046599,0
2000-02-14,6.5245,7.0507,6.402,6.9941,959696,0
2000-02-15,7.1073,7.2294,6.9379,7.1073,801622,0
2000-02-16,7.1073,7.2294,6.7594,6.9379,569413,0
2000-02-17,6.9941,6.9941,6.6372,6.6935,443786,0
2000-02-18,6.6935,6.8155,6.5807,6.6372,380176,0
2000-02-22,6.5807,6.6372,6.4678,6.6372,550155,0
2000-02-23,6.5807,6.8155,6.402,6.6935,668871,0
2000-02-24,6.8155,6.8155,6.4678,6.4678,497400,0
2000-02-25,6.4678,6.6372,6.2233,6.2233,486441,0
2000-02-28,6.402,6.4678,6.1108,6.2233,527928,0
2000-02-29,6.2233,6.5245,6.1673,6.402,562604,0
2000-03-01,6.9379,7.286,6.3457,7.286,1537186,0
2000-03-02,7.286,7.408,6.4678,6.5245,1276681,0
2000-03-03,6.7594,6.9379,6.6372,6.8718,962353,0
2000-03-06,6.6372,6.6935,6.4678,6.5807,510055,0
2000-03-07,6.5807,6.5807,5.7536,5.7536,807579,0
2000-03-08,6.1673,6.3457,5.8756,6.1108,1194244,0
2000-03-09,6.0543,6.2894,5.9321,6.1673,556648,0
2000-03-10,6.1108,6.1673,5.9321,6.0543,518033,0
2000-03-13,6.0543,6.3457,6.0543,6.2894,476656,0
2000-03-14,6.2894,6.402,6.1108,6.2233,494420,0
2000-03-15,6.3457,6.7594,6.1673,6.7594,763863,0
2000-03-16,6.6372,6.8718,6.4678,6.8155,546648,0
2000-03-17,6.8155,6.8718,6.4678,6.5807,560690,0
2000-03-20,6.7594,6.7594,6.5807,6.6935,322309,0
2000-03-21,6.8155,6.8718,6.6372,6.7594,443891,0
2000-03-22,6.6372,6.9379,6.6372,6.7594,336351,0
2000-03-23,6.6935,7.0507,6.6372,7.0507,536330,0
2000-03-24,6.8718,7.0507,6.8155,6.8718,291780,0
2000-03-27,6.9379,6.9379,6.6935,6.7594,322412,0
2000-03-28,6.6372,6.9379,6.6372,6.8718,305289,0
2000-03-29,6.8155,7.286,6.8155,7.0507,602284,0
2000-03-30,7.1638,7.521,7.1073,7.1073,817899,0
2000-03-31,6.9941,7.1073,6.8155,6.8718,394112,0
2000-04-03,6.9941,7.408,6.9379,7.2294,417299,0
2000-04-04,7.0507,7.286,6.7594,7.1638,465594,0
2000-04-05,7.1638,7.1638,6.7594,7.0507,337412,0
2000-04-06,7.0507,7.5772,7.0507,7.4646,781518,0
2000-04-07,7.4646,7.7558,7.4646,7.6996,754395,0
2000-04-10,7.5772,7.9346,7.5772,7.812,762264,0
2000-04-11,7.6996,7.7558,7.521,7.6336,678657,0
2000-04-12,7.6336,7.6996,7.521,7.5772,716524,0
2000-04-13,7.1073,7.408,7.1073,7.3421,765989,0
2000-04-14,7.286,7.286,6.6935,6.6935,677062,0
2000-04-17,6.6935,6.9379,6.5807,6.7594,617492,0
2000-04-18,6.7594,7.0507,6.6372,6.8718,443891,0
2000-04-19,7.0507,7.521,7.0507,7.408,526223,0
2000-04-20,7.408,7.521,7.2294,7.408,298483,0
2000-04-24,7.3421,8.2821,7.3421,8.1694,1488364,0
2000-04-25,7.8781,8.1035,7.812,7.9346,549520,0
2000-04-26,8.1694,8.2258,7.6336,7.6996,339436,0
2000-04-27,7.6336,7.9346,7.5772,7.8781,1113082,0
2000-04-28,7.8781,7.9346,7.2294,7.2294,775669,0
2000-05-01,7.2294,7.4646,7.1638,7.286,721522,0
2000-05-02,6.9941,7.521,6.9941,7.521,563776,0
2000-05-03,7.1638,7.2294,6.1673,6.2894,1695790,0
2000-05-04,6.5245,6.5245,6.0543,6.2233,1153718,0
2000-05-05,6.2233,6.5807,6.0543,6.5807,488994,0
2000-05-08,6.2894,6.3457,5.998,6.1108,725567,0
2000-05-09,6.1108,6.1673,5.8756,5.9321,560796,0
2000-05-10,6.1108,6.1108,5.697,5.7536,890445,0
2000-05-11,5.8756,6.0543,5.7536,5.9321,486550,0
2000-05-12,5.9321,5.998,5.7536,5.8756,402085,0
2000-05-15,6.1108,6.2894,6.1108,6.1108,656319,0
2000-05-16,6.2894,6.3457,6.1108,6.1673,469530,0
2000-05-17,6.1673,6.2894,6.1108,6.1108,465059,0
2000-05-18,6.1108,6.3457,6.1108,6.2233,560476,0
2000-05-19,6.1108,6.1673,5.8192,5.998,583559,0
2000-05-22,5.998,5.998,5.7536,5.8756,518779,0
2000-05-23,5.8192,5.8756,5.697,5.8192,939695,0
2000-05-24,5.8756,5.9321,5.4621,5.5273,1490172,0
2000-05-25,5.5841,5.697,5.4055,5.4055,951077,0
2000-05-26,5.4055,5.6407,5.4055,5.4621,449743,0
2000-05-30,5.4621,5.5841,5.227,5.227,660890,0
2000-05-31,5.5273,5.5273,5.2833,5.2833,856832,0
2000-06-01,5.4055,5.6407,5.4055,5.5841,494100,0
2000-06-02,5.6407,5.697,5.4621,5.4621,815877,0
2000-06-05,5.5841,5.6407,5.3489,5.3489,565157,0
2000-06-06,5.2833,5.2833,4.9353,5.0575,1905344,0
2000-06-07,5.114,5.114,4.8789,4.8789,998092,0
2000-06-08,4.8789,4.8789,4.5217,4.7005,1510599,0
2000-06-09,4.7567,4.9353,4.5217,4.7005,1333912,0
2000-06-12,4.7005,4.9353,4.6442,4.8133,778647,0
2000-06-13,4.9353,4.9353,4.7005,4.8789,945012,0
2000-06-14,4.9353,4.9353,4.8133,4.8789,463996,0
2000-06-15,4.8133,4.9353,4.6442,4.7005,915655,0
2000-06-16,4.7005,4.7567,4.4653,4.4653,1097868,0
2000-06-19,4.5217,4.7005,4.5217,4.5217,724713,0
2000-06-20,4.6442,4.7005,4.5217,4.5875,817260,0
2000-06-21,4.5875,4.6442,4.5217,4.6442,715356,0
2000-06-22,4.7005,4.8789,4.6442,4.7005,1232327,0
2000-06-23,4.7005,4.8133,4.6442,4.7005,837470,0
2000-06-26,4.7567,4.9353,4.7005,4.8789,990010,0
2000-06-27,4.8789,4.9353,4.8133,4.8789,513885,0
2000-06-28,4.9353,4.9353,4.7005,4.8133,1879923,0
2000-06-29,4.8789,5.3489,4.8133,5.1703,3582734,0
2000-06-30,5.227,5.3489,4.5689,4.5875,2372532,0
2000-07-03,4.8789,5.0575,4.7005,4.9353,531863,0
2000-07-05,5.0575,5.114,4.8789,4.9353,730034,0
2000-07-06,5.0575,5.6407,4.8133,5.5273,2359448,0
2000-07-07,5.5841,5.5841,5.4055,5.4055,1374756,0
2000-07-10,5.4055,5.697,5.4055,5.6407,731310,0
2000-07-11,5.5841,5.6407,5.4621,5.5841,548988,0
2000-07-12,5.5841,6.4678,5.5841,6.4678,3723782,0
2000-07-13,6.6935,6.8718,6.4678,6.4678,1691537,0
2000-07-14,6.6372,6.8155,6.5807,6.6372,1531020,0
2000-07-17,6.9379,7.1638,6.6935,6.7594,1811844,0
2000-07-18,6.5245,6.6935,6.3457,6.6935,1708767,0
2000-07-19,6.6935,6.7594,6.5807,6.6372,544201,0
2000-07-20,6.6372,6.9941,6.5807,6.9941,1265617,0
2000-07-21,6.9941,7.1638,6.9941,7.1073,941397,0
2000-07-24,7.0507,7.1073,6.5807,6.8155,573667,0
2000-07-25,6.6372,6.9379,6.5807,6.8718,543457,0
2000-07-26,6.8718,6.9379,6.6372,6.6935,582814,0
2000-07-27,6.7594,6.9941,6.6935,6.9379,522928,0
2000-07-28,6.8718,7.0507,6.5807,6.6372,589837,0
2000-07-31,6.9379,6.9379,6.6372,6.8718,455914,0
2000-08-01,6.8718,6.9379,6.7594,6.8155,989799,0
2000-08-02,6.9379,6.9379,6.6935,6.8155,637063,0
2000-08-03,6.5245,6.6935,6.3457,6.5807,856192,0
2000-08-04,6.5245,6.7594,6.5245,6.6935,558564,0
2000-08-07,6.6935,6.6935,6.5807,6.5807,416238,0
2000-08-08,6.5245,6.6935,6.402,6.402,999478,0
2000-08-09,6.4678,6.6935,6.2233,6.6935,833535,0
2000-08-10,6.8155,6.9379,6.6372,6.7594,835237,0
2000-08-11,6.8718,6.9941,6.6935,6.9941,867042,0
2000-08-14,6.9941,8.1035,6.9379,8.047,2951837,0
2000-08-15,7.9346,7.9346,7.521,7.521,605153,0
2000-08-16,7.5772,7.812,7.521,7.812,401981,0
2000-08-17,7.812,8.047,7.6336,7.9346,852577,0
2000-08-18,7.812,7.8781,7.521,7.521,370282,0
2000-08-21,7.521,7.6996,7.521,7.5772,310392,0
2000-08-22,7.6336,7.6336,7.521,7.6336,307097,0
2000-08-23,7.5772,7.6336,7.4646,7.521,378154,0
2000-08-24,7.521,7.6336,7.4646,7.521,279014,0
2000-08-25,7.5772,7.9906,7.4646,7.4646,273591,0
2000-08-28,7.4646,7.7558,7.4646,7.6336,427617,0
2000-08-29,7.6336,7.8781,7.5772,7.7558,361347,0
2000-08-30,7.7558,8.1035,7.7558,8.047,522822,0
2000-08-31,8.2258,8.5172,8.047,8.0662,951926,0
2000-09-01,8.1694,8.1694,7.8781,7.8781,246253,0
2000-09-05,7.9906,7.9906,7.6336,7.6996,843322,0
2000-09-06,7.6996,7.812,7.6336,7.812,443571,0
2000-09-07,7.9346,8.1035,7.8781,7.9346,329327,0
2000-09-08,7.8781,8.348,7.8781,8.2821,427617,0
2000-09-11,8.2821,8.2821,7.8781,7.8781,344115,0
2000-09-12,7.9346,8.047,7.812,7.9906,686208,0
2000-09-13,7.8781,7.9346,7.6336,7.812,463040,0
2000-09-14,7.8781,8.2821,7.812,8.2821,478567,0
2000-09-15,8.2821,9.0436,8.2258,8.7524,2473692,0
2000-09-18,8.5738,8.7524,8.2821,8.5738,573244,0
2000-09-19,8.5172,8.931,8.2258,8.8746,648660,0
2000-09-20,8.7524,8.8184,8.348,8.6962,614833,0
2000-09-21,8.6962,8.8184,8.5172,8.7524,453361,0
2000-09-22,8.6397,9.636,8.4045,9.4024,1613566,0
2000-09-25,9.2881,9.815,9.0436,9.636,1788120,0
2000-09-26,9.3443,9.513,8.9873,9.513,1193287,0
2000-09-27,9.513,9.513,8.8184,9.2881,856408,0
2000-09-28,10.106,10.228,9.513,10.106,1771208,0
2000-09-29,9.815,10.162,9.692,10.106,908212,0
2000-10-02,10.341,10.923,10.286,10.923,2041287,0
2000-10-03,11.046,11.281,10.575,10.81,2564961,0
2000-10-04,10.867,11.281,10.81,11.225,1257640,0
2000-10-05,11.169,11.637,11.169,11.517,1463792,0
2000-10-06,11.225,11.281,10.453,10.699,1193393,0
2000-10-09,10.81,10.923,9.928,9.984,941077,0
2000-10-10,9.984,10.757,9.984,10.757,1040005,0
2000-10-11,10.453,10.52,9.757,10.341,2168192,0
2000-10-12,10.341,10.341,9.4567,9.871,1279449,0
2000-10-13,9.4567,10.106,9.4567,9.984,993838,0
2000-10-16,9.815,10.575,9.757,10.453,837897,0
2000-10-17,10.397,10.575,9.928,9.984,483464,0
2000-10-18,9.757,9.928,9.636,9.871,531329,0
2000-10-19,10.106,10.162,9.692,9.815,1262321,0
2000-10-20,9.815,9.984,9.692,9.871,504631,0
2000-10-23,9.636,10.52,9.513,10.453,810664,0
2000-10-24,10.453,10.52,10.106,10.286,760350,0
2000-10-25,10.341,10.52,10.106,10.453,504207,0
2000-10-26,10.575,11.395,10.52,11.102,1447197,0
2000-10-27,10.99,11.102,10.575,10.632,940121,0
2000-10-30,10.632,11.046,10.52,10.923,2408169,0
2000-10-31,11.046,11.517,10.81,11.395,2692289,0
2000-11-01,11.517,12.109,11.517,12.109,1618032,0
2000-11-02,12.221,12.4,11.751,12.042,1781526,0
2000-11-03,12.109,12.109,11.281,11.865,1044576,0
2000-11-06,11.808,12.164,11.517,11.93,986287,0
2000-11-07,12.164,12.164,11.865,12.042,526438,0
2000-11-08,11.987,12.805,11.987,12.579,1818760,0
2000-11-09,12.221,12.513,11.751,12.455,1225200,0
2000-11-10,12.335,12.869,12.221,12.805,949695,0
2000-11-13,12.221,12.984,12.109,12.748,1127654,0
2000-11-14,12.335,13.273,12.335,13.219,886086,0
2000-11-15,13.161,13.219,12.691,12.748,989799,0
2000-11-16,12.926,13.743,12.869,13.453,1131165,0
2000-11-17,13.397,13.989,13.049,13.687,1832480,0
2000-11-20,12.221,12.455,11.169,11.225,2091177,0
2000-11-21,11.395,11.517,11.169,11.338,1003202,0
2000-11-22,11.338,11.338,10.867,11.225,772478,0
2000-11-24,11.169,11.338,11.046,11.338,317202,0
2000-11-27,11.695,11.751,10.575,10.867,978415,0
2000-11-28,10.757,11.102,10.632,10.923,564412,0
2000-11-29,10.923,11.281,10.699,11.169,688549,0
2000-11-30,11.395,12.042,11.281,11.281,807900,0
2000-12-01,11.281,12.109,11.281,12.042,629940,0
2000-12-04,11.93,12.042,11.637,12.042,463146,0
2000-12-05,11.865,12.4,11.695,11.808,821409,0
2000-12-06,12.164,12.278,11.695,11.808,679188,0
2000-12-07,11.695,11.865,11.572,11.637,199344,0
2000-12-08,11.751,12.164,11.338,12.042,437935,0
2000-12-11,12.278,12.513,11.695,11.695,864492,0
2000-12-12,11.751,12.4,11.751,12.042,429214,0
2000-12-13,11.93,11.93,11.395,11.572,600152,0
2000-12-14,11.865,12.221,11.517,11.865,395493,0
2000-12-15,12.221,12.335,11.338,11.395,1242963,0
2000-12-18,11.46,12.984,11.169,12.579,1805354,0
2000-12-19,12.691,12.926,12.221,12.634,856509,0
2000-12-20,12.335,13.989,12.278,13.52,2048945,0
2000-12-21,13.273,13.52,13.049,13.52,983944,0
2000-12-22,13.219,13.52,13.161,13.453,484206,0
2000-12-26,13.273,13.923,13.049,13.923,592496,0
2000-12-27,13.81,14.28,13.743,14.044,598238,0
2000-12-28,14.101,14.46,13.989,14.46,490271,0
2000-12-29,14.46,14.865,14.214,14.338,680147,0
2001-01-02,13.631,14.338,13.453,14.044,992562,0
2001-01-03,13.81,14.683,13.397,13.576,1145843,0
2001-01-04,13.52,13.576,11.517,12.4,1295191,0
2001-01-05,12.221,13.397,11.987,12.805,1708446,0
2001-01-08,12.805,13.631,12.513,12.748,929377,0
2001-01-09,12.748,13.34,12.278,13.161,1367312,0
2001-01-10,13.049,13.867,12.926,13.52,890341,0
2001-01-11,13.923,13.923,13.161,13.273,552818,0
2001-01-12,13.219,13.219,12.691,12.805,535372,0
2001-01-16,12.513,12.634,12.042,12.455,817154,0
2001-01-17,12.335,12.4,11.517,11.808,926928,0
2001-01-18,11.987,11.987,11.225,11.46,851937,0
2001-01-19,11.102,11.281,10.228,10.341,2162231,0
2001-01-22,10.757,11.572,10.453,11.517,1559843,0
2001-01-23,11.338,12.164,11.338,11.93,894700,0
2001-01-24,11.93,12.164,11.637,11.751,703015,0
2001-01-25,11.987,12.109,11.517,11.865,514309,0
2001-01-26,11.751,12.042,11.572,11.751,609516,0
2001-01-29,12.127,12.127,11.704,12.032,351777,0
2001-01-30,11.656,11.921,11.609,11.76,710142,0
2001-01-31,11.76,12.042,11.178,11.234,834385,0
2001-02-01,11.234,11.704,11.234,11.272,742693,0
2001-02-02,11.272,11.865,11.272,11.562,895551,0
2001-02-05,11.846,12.335,11.572,12.023,836302,0
2001-02-06,11.562,11.978,11.329,11.517,1149248,0
2001-02-07,11.987,12.455,11.609,11.827,3101397,0
2001-02-08,12.221,12.345,11.949,12.032,1385504,0
2001-02-09,12.032,12.172,11.535,11.619,596110,0
2001-02-12,11.619,12.682,11.619,12.643,1449538,0
2001-02-13,12.39,12.691,12.221,12.306,820026,0
2001-02-14,12.643,13.151,12.326,12.643,1566653,0
2001-02-15,12.917,12.926,12.616,12.786,699186,0
2001-02-16,12.878,12.917,12.503,12.531,591648,0
2001-02-20,12.503,12.786,12.316,12.4,770987,0
2001-02-21,12.455,12.739,12.221,12.335,822790,0
2001-02-22,12.691,12.691,12.032,12.316,786627,0
2001-02-23,12.032,12.221,11.751,11.751,1848652,0
2001-02-26,11.894,12.316,11.751,12.08,998518,0
2001-02-27,11.798,12.786,11.751,12.455,915338,0
2001-02-28,12.831,12.974,12.364,12.691,806091,0
2001-03-01,12.691,13.114,12.146,12.926,946398,0
2001-03-02,12.691,13.132,12.607,12.814,846407,0
2001-03-05,12.831,13.151,12.598,12.974,572283,0
2001-03-06,12.598,13.161,12.598,12.796,381454,0
2001-03-07,13.021,13.142,12.946,13.123,456232,0
2001-03-08,13.161,13.161,12.888,13.021,314861,0
2001-03-09,13.021,13.151,12.127,12.316,992990,0
2001-03-12,11.894,12.455,11.836,11.836,1220730,0
2001-03-13,11.751,12.268,11.704,12.221,528564,0
2001-03-14,11.987,12.249,11.525,12.042,540160,0
2001-03-15,11.949,12.201,11.722,12.192,569627,0
2001-03-16,11.939,12.032,11.628,11.751,915121,0
2001-03-19,11.656,11.751,11.281,11.562,929377,0
2001-03-20,11.14,11.704,11.14,11.216,673445,0
2001-03-21,10.81,10.819,10.397,10.406,1485279,0
2001-03-22,10.341,10.341,9.2127,9.588,2090114,0
2001-03-23,9.729,10.078,9.682,9.871,1020112,0
2001-03-26,9.967,10.332,9.777,9.957,675999,0
2001-03-27,10.05,10.05,9.729,9.757,818538,0
2001-03-28,9.2127,9.4024,9.1657,9.2505,1029902,0
2001-03-29,9.2603,9.777,9.1657,9.655,1439646,0
2001-03-30,9.748,10.078,9.4095,9.853,690359,0
2001-04-02,10.096,10.228,9.0719,9.2505,1659412,0
2001-04-03,8.8839,9.1657,8.4609,9.0246,1118295,0
2001-04-04,8.931,9.2127,8.7054,8.8368,514947,0
2001-04-05,8.931,9.3157,7.8968,8.0662,1374334,0
2001-04-06,8.6488,8.6962,8.0381,8.4515,1409435,0
2001-04-09,8.4609,8.6301,8.3855,8.5172,1057129,0
2001-04-10,8.6488,8.7335,8.5079,8.6204,1928107,0
2001-04-11,8.931,8.931,8.1319,8.2068,635575,0
2001-04-12,8.2068,8.5359,8.2068,8.4045,503143,0
2001-04-16,8.555,8.724,8.3855,8.5079,483251,0
2001-04-17,8.4609,9.3544,8.3669,9.3544,526758,0
2001-04-18,8.6962,9.0719,8.3952,8.555,1250196,0
2001-04-19,8.4609,8.724,8.4609,8.4609,446975,0
2001-04-20,8.1787,8.5079,7.8781,8.5079,676424,0
2001-04-23,8.4137,8.4422,8.0848,8.1882,526544,0
2001-04-24,8.4137,8.6397,8.3669,8.4137,603876,0
2001-04-25,8.5079,8.8839,8.4137,8.8746,749824,0
2001-04-26,8.9684,9.3544,8.931,8.931,972777,0
2001-04-27,9.4951,10.199,9.3066,9.4851,1467940,0
2001-04-30,9.4024,9.729,9.2411,9.2881,2551130,0
2001-05-01,9.119,9.505,9.0908,9.4482,1738871,0
2001-05-02,9.588,9.636,8.9405,9.3157,1756425,0
2001-05-03,9.3066,9.3066,8.9496,9.0246,435911,0
2001-05-04,9.0341,9.0341,8.6581,8.7524,978839,0
2001-05-07,8.8275,8.9121,8.4422,8.4795,2140852,0
2001-05-08,8.4795,8.8368,8.4609,8.8368,1545487,0
2001-05-09,8.8839,9.119,8.8839,9.119,1459219,0
2001-05-10,9.0246,9.0246,8.4795,8.724,633980,0
2001-05-11,8.8184,8.9121,8.6019,8.7335,468891,0
2001-05-14,8.8275,8.8275,8.6301,8.7805,253593,0
2001-05-15,8.7709,9.0063,8.6019,9.0063,369964,0
2001-05-16,8.9121,9.1657,8.8368,9.0063,607918,0
2001-05-17,8.9121,8.9777,8.6397,8.8839,584732,0
2001-05-18,8.8368,8.9592,8.724,8.8557,400385,0
2001-05-21,8.931,9.0246,8.8275,8.9496,670361,0
2001-05-22,8.931,9.0627,8.931,9.0155,1050642,0
2001-05-23,8.9873,9.0246,8.6962,8.7054,851192,0
2001-05-24,8.6111,9.1564,8.6111,9.1378,1079150,0
2001-05-25,9.0719,9.1001,8.7898,8.7898,378473,0
2001-05-29,8.8839,8.9969,8.7898,8.8463,501545,0
2001-05-30,8.7616,8.9777,8.6962,8.8368,481548,0
2001-05-31,8.8368,9.0908,8.8275,8.9777,714928,0
2001-06-01,8.8933,9.1095,8.7616,9.0341,1022878,0
2001-06-04,8.9777,9.4567,8.9777,9.3066,892892,0
2001-06-05,9.4024,10.153,9.4024,10.069,1283701,0
2001-06-06,10.059,10.059,9.636,9.843,636001,0
2001-06-07,10.059,10.247,9.4951,9.588,1833969,0
2001-06-08,9.588,9.975,9.588,9.645,922995,0
2001-06-11,9.597,9.607,9.3544,9.3934,690996,0
2001-06-12,9.1657,9.541,9.1657,9.2691,1012878,0
2001-06-13,9.3643,9.672,9.3443,9.4482,680036,0
2001-06-14,9.541,9.636,9.3544,9.3544,1983314,0
2001-06-15,9.4024,9.636,9.3643,9.541,589515,0
2001-06-18,9.541,9.588,9.4024,9.4024,347836,0
2001-06-19,9.3732,9.4482,9.185,9.2036,417831,0
2001-06-20,9.1657,9.4951,9.0246,9.4851,523672,0
2001-06-21,9.4024,9.739,9.3643,9.626,427829,0
2001-06-22,9.626,9.645,8.8368,9.2603,808964,0
2001-06-25,9.2603,9.3066,9.0246,9.119,823108,0
2001-06-26,9.2127,9.4567,9.0627,9.4382,737053,0
2001-06-27,9.3443,9.607,9.2127,9.4095,475063,0
2001-06-28,9.682,9.909,9.636,9.909,806305,0
2001-06-29,9.815,10.05,9.2603,9.2603,1990015,0
2001-07-02,9.4024,9.636,9.3066,9.56,496973,0
2001-07-03,9.56,9.56,9.3732,9.3732,410597,0
2001-07-05,9.3544,9.3544,8.9873,9.1378,692275,0
2001-07-06,9.2318,9.4024,9.0246,9.1284,404109,0
2001-07-09,9.1284,9.2603,8.9405,9.0811,569197,0
2001-07-10,8.9405,9.0627,8.8275,8.8463,552709,0
2001-07-11,8.7898,9.2221,8.6301,8.931,1121058,0
2001-07-12,8.8368,9.4024,8.8368,9.2603,632703,0
2001-07-13,9.2603,9.588,9.2603,9.4024,2827379,0
2001-07-16,9.3544,9.4024,9.119,9.119,368582,0
2001-07-17,9.3934,9.533,9.3066,9.3832,1238811,0
2001-07-18,9.3066,9.4567,9.3066,9.4482,1029685,0
2001-07-19,9.4951,9.682,9.4024,9.541,962033,0
2001-07-20,9.4482,9.636,9.3443,9.4024,599726,0
2001-07-23,9.825,9.825,9.4482,9.4567,841405,0
2001-07-24,9.4024,9.4567,8.9777,9.1095,443786,0
2001-07-25,9.119,9.119,8.9777,9.1095,281247,0
2001-07-26,9.1657,9.1657,8.7524,8.9027,1078936,0
2001-07-27,8.8368,9.0534,8.6962,8.7427,753858,0
2001-07-30,9.3066,9.541,9.1095,9.523,1435496,0
2001-07-31,9.541,10.53,9.541,10.482,1982676,0
2001-08-01,10.387,10.387,9.984,10.162,1040430,0
2001-08-02,10.257,10.286,9.729,9.9,1451344,0
2001-08-03,9.806,10.05,9.777,9.881,242530,0
2001-08-06,9.871,10.153,9.806,9.825,483781,0
2001-08-07,9.871,10.012,9.777,9.825,1081489,0
2001-08-08,9.748,10.003,9.616,9.825,1015962,0
2001-08-09,9.825,10.021,9.682,9.975,769179,0
2001-08-10,9.975,10.115,9.909,9.967,351665,0
2001-08-13,10.295,10.501,10.199,10.406,814282,0
2001-08-14,10.425,10.472,10.341,10.387,560586,0
2001-08-15,10.341,10.387,10.04,10.199,461765,0
2001-08-16,10.482,10.482,10.003,10.286,345816,0
2001-08-17,9.967,10.267,9.967,10.199,709401,0
2001-08-20,10.575,11.188,10.482,11.178,1584314,0
2001-08-21,11.234,11.281,11.046,11.046,1169990,0
2001-08-22,11.054,11.478,11.046,11.46,1863006,0
2001-08-23,11.469,11.676,11.319,11.357,1175950,0
2001-08-24,11.377,11.432,11.188,11.281,815557,0
2001-08-27,11.281,11.3,11.112,11.225,790134,0
2001-08-28,11.234,11.272,11.063,11.234,735140,0
2001-08-29,11.377,11.517,11.243,11.329,627598,0
2001-08-30,11.234,11.553,11.234,11.423,579624,0
2001-08-31,11.423,11.469,10.971,11.281,596750,0
2001-09-04,11,11.469,11,11.319,859385,0
2001-09-05,11.281,11.329,10.961,11.281,475273,0
2001-09-06,11.329,11.329,10.951,11.188,428893,0
2001-09-07,11,11.046,10.708,10.718,725778,0
2001-09-10,9.967,10.699,9.918,10.671,1060855,0
2001-09-17,10.247,10.747,10.106,10.247,732589,0
2001-09-18,9.967,10.199,9.853,10.078,580155,0
2001-09-19,10.059,10.295,9.3732,9.4024,1203607,0
2001-09-20,9.4482,9.767,9.2967,9.3066,955225,0
2001-09-21,8.8368,9.3934,8.6962,8.931,1066916,0
2001-09-24,9.777,9.853,9.4095,9.588,1059362,0
2001-09-25,9.588,9.918,9.541,9.871,692593,0
2001-09-26,10.304,10.482,9.967,9.967,2030226,0
2001-09-27,10.341,11.188,9.967,11.188,1981507,0
2001-09-28,11.188,11.562,11.092,11.338,1186372,0
2001-10-01,11.338,11.469,10.81,10.81,584622,0
2001-10-02,11.028,11.169,10.896,11.112,644085,0
2001-10-03,11.188,11.846,11.14,11.405,822259,0
2001-10-04,11.423,11.469,11.063,11.083,600689,0
2001-10-05,11.092,11.262,10.81,10.951,319226,0
2001-10-08,10.858,10.906,10.52,10.53,707482,0
2001-10-09,10.718,10.839,10.341,10.36,748331,0
2001-10-10,10.295,10.951,10.17,10.915,701846,0
2001-10-11,11.092,11.367,10.728,10.839,688333,0
2001-10-12,10.728,11,10.595,10.932,350920,0
2001-10-15,10.932,11.216,10.81,10.81,793540,0
2001-10-16,10.839,11.083,10.839,10.896,938633,0
2001-10-17,11.188,11.188,10.642,10.81,561328,0
2001-10-18,10.906,10.906,10.387,10.53,337943,0
2001-10-19,10.53,10.53,9.3544,9.607,3469657,0
2001-10-22,9.871,10.387,9.871,10.323,956823,0
2001-10-23,10.286,10.332,10.04,10.153,497820,0
2001-10-24,10.143,10.247,10.059,10.059,678126,0
2001-10-25,10.059,10.501,10.012,10.462,442617,0
2001-10-26,10.341,10.622,10.247,10.53,790985,0
2001-10-29,10.81,11.188,10.595,10.791,1437839,0
2001-10-30,10.81,11.018,10.314,10.622,1033728,0
2001-10-31,10.858,10.906,10.585,10.858,874276,0
2001-11-01,10.942,10.99,10.757,10.932,856722,0
2001-11-02,11.046,11.469,10.858,11.329,1522721,0
2001-11-05,11.405,11.894,11.377,11.535,1115528,0
2001-11-06,11.535,11.958,11.525,11.788,967457,0
2001-11-07,11.656,11.894,11.535,11.751,1149673,0
2001-11-08,11.751,11.751,11.517,11.535,415599,0
2001-11-09,11.609,11.751,11.281,11.423,1061279,0
2001-11-12,11.423,11.741,11.272,11.469,505591,0
2001-11-13,11.517,11.685,11.423,11.487,452722,0
2001-11-14,11.517,11.544,11.092,11.478,982988,0
2001-11-15,11.517,11.553,11.395,11.423,308690,0
2001-11-16,11.469,11.469,11,11.046,560796,0
2001-11-19,10.906,11.377,10.906,11.377,464528,0
2001-11-20,11.281,12.268,11.14,12.109,2602720,0
2001-11-21,12.109,12.109,11.666,11.894,815025,0
2001-11-23,11.987,12.099,11.865,11.921,104992,0
2001-11-26,11.704,12.032,11.517,11.987,579944,0
2001-11-27,11.968,11.987,11.704,11.798,256146,0
2001-11-28,11.808,12.127,11.751,11.751,337308,0
2001-11-29,11.978,11.978,11.609,11.827,250612,0
2001-11-30,11.846,12.127,11.77,11.827,361560,0
2001-12-03,11.827,11.827,11.517,11.779,420706,0
2001-12-04,11.609,12.221,11.609,12.118,713653,0
2001-12-05,12.118,12.41,12.015,12.278,642917,0
2001-12-06,12.297,12.297,11.939,11.939,387938,0
2001-12-07,12.032,12.155,11.562,11.562,330181,0
2001-12-10,11.562,11.76,11.083,11.178,983944,0
2001-12-11,10.622,11.046,10.622,10.961,1118933,0
2001-12-12,11.234,11.234,10.462,10.728,1145740,0
2001-12-13,10.728,11.272,10.642,11.225,1131272,0
2001-12-14,11.188,11.225,10.632,10.81,773861,0
2001-12-17,10.906,11,10.718,10.99,517395,0
2001-12-18,11,11.262,10.906,11.262,391341,0
2001-12-19,11.216,11.507,11.028,11.046,1492299,0
2001-12-20,11.046,11.178,11.036,11.112,649940,0
2001-12-21,11.206,11.206,10.839,10.887,873318,0
2001-12-24,10.906,11,10.791,10.951,368155,0
2001-12-26,10.961,11.092,10.819,10.848,297629,0
2001-12-27,10.757,11.243,10.757,11.225,488569,0
2001-12-28,11.281,11.497,11.188,11.395,542820,0
2001-12-31,11.3,11.386,11.036,11.083,647383,0
