Date,Open,High,Low,Close,Volume,OpenInt
1995-01-03,8.0158,8.0158,7.5802,7.7763,5877531,0
1995-01-04,7.7763,8.0585,7.7763,8.0329,3148226,0
1995-01-05,8.0158,8.2466,8.0158,8.0585,2563140,0
1995-01-06,8.1012,8.2466,8.0585,8.1784,1429947,0
1995-01-09,8.2466,8.2466,8.0585,8.0845,1366756,0
1995-01-10,8.0585,8.298,8.0585,8.2039,1559601,0
1995-01-11,8.2039,8.2466,7.956,8.0329,2570629,0
1995-01-12,8.0845,8.1525,8.0158,8.0585,1660236,0
1995-01-13,8.1525,8.1525,8.0158,8.0585,1321353,0
1995-01-16,8.0585,8.2039,8.0585,8.1012,822396,0
1995-01-17,8.2039,8.2039,8.0585,8.1271,2605268,0
1995-01-18,8.1525,8.2208,8.0585,8.1525,1384546,0
1995-01-19,8.1525,8.2039,8.0585,8.0845,1539476,0
1995-01-20,8.1012,8.1525,8.0585,8.0585,1009623,0
1995-01-23,8.0585,8.1525,8.0158,8.1012,726909,0
1995-01-24,8.1012,8.298,8.1012,8.298,1357394,0
1995-01-25,8.2466,8.298,8.1525,8.2466,897756,0
1995-01-26,8.2466,8.2466,8.1012,8.1012,494748,0
1995-01-27,8.2039,8.2039,7.8707,7.8707,1868995,0
1995-01-30,7.9391,7.9391,7.5802,7.6742,2969889,0
1995-01-31,7.6742,7.7763,7.5289,7.7253,3141204,0
1995-02-01,7.8193,8.0585,7.7937,7.9905,1309185,0
1995-02-02,7.956,8.1012,7.8707,7.9133,1969630,0
1995-02-03,7.9133,8.1525,7.9133,8.1525,913201,0
1995-02-06,8.1525,8.2466,7.956,8.0158,1412162,0
1995-02-07,7.956,8.1012,7.956,8.1012,1464585,0
1995-02-08,8.0585,8.2039,8.0585,8.2039,867796,0
1995-02-09,8.1271,8.2466,8.1012,8.1012,952517,0
1995-02-10,8.1012,8.2466,8.1012,8.2466,1103705,0
1995-02-13,8.1525,8.4432,8.1525,8.3921,2171367,0
1995-02-14,8.3921,8.4432,8.3491,8.3921,1004940,0
1995-02-15,8.3921,8.5799,8.3921,8.5286,1938739,0
1995-02-16,8.5286,8.5286,8.3921,8.486,1772104,0
1995-02-17,8.486,8.5286,8.3921,8.4432,1702834,0
1995-02-21,8.5286,8.631,8.4432,8.6057,2061839,0
1995-02-22,8.298,8.3491,7.6742,7.9391,21823198,0
1995-02-23,8.0158,8.1012,7.956,8.1012,7173140,0
1995-02-24,8.1012,8.2466,8.0158,8.1525,3181460,0
1995-02-27,8.2208,8.3662,8.0845,8.1525,3145883,0
1995-02-28,8.2208,8.2208,7.9905,8.0845,1346162,0
1995-03-01,7.9905,8.0845,7.8877,7.8877,2114732,0
1995-03-02,7.8877,7.956,7.7423,7.845,3298475,0
1995-03-03,7.845,7.845,7.6998,7.7937,1298420,0
1995-03-06,7.7423,7.7423,7.657,7.657,754995,0
1995-03-07,7.657,7.6998,7.5544,7.5544,2820111,0
1995-03-08,7.5544,7.657,7.2724,7.3151,5394014,0
1995-03-09,7.3151,7.3833,7.0248,7.076,5505884,0
1995-03-10,7.1531,7.2212,6.9392,7.1016,7558362,0
1995-03-13,7.076,7.2212,6.9818,7.17,5334570,0
1995-03-14,7.17,7.2724,7.0248,7.17,6846430,0
1995-03-15,7.3664,7.5115,7.2212,7.3664,8749129,0
1995-03-16,7.4605,7.5115,7.3664,7.5115,4287971,0
1995-03-17,7.5544,7.5544,7.4605,7.5115,4549153,0
1995-03-20,7.5115,7.5115,7.3151,7.4175,1114002,0
1995-03-21,7.4175,7.4605,7.3664,7.3752,1700022,0
1995-03-22,7.3664,7.4862,7.3151,7.3664,3380857,0
1995-03-23,7.3664,7.5115,7.3664,7.4347,1910655,0
1995-03-24,7.4347,7.6998,7.4175,7.6998,2600117,0
1995-03-27,7.6998,7.7937,7.5115,7.657,2348766,0
1995-03-28,7.5544,7.7937,7.5544,7.7937,2494332,0
1995-03-29,7.7937,7.845,7.6998,7.7937,5427714,0
1995-03-30,7.845,7.845,7.6315,7.7937,3351366,0
1995-03-31,7.6998,7.7937,7.657,7.7937,2810281,0
1995-04-03,7.7937,7.845,7.657,7.7423,2956314,0
1995-04-04,7.7423,7.9391,7.6998,7.845,3630803,0
1995-04-05,7.845,7.9391,7.8193,7.9391,5057007,0
1995-04-06,7.9391,8.0329,7.7937,7.9905,2950236,0
1995-04-07,7.9905,8.0329,7.8877,7.9391,2876747,0
1995-04-10,7.956,8.0329,7.845,7.9391,1694878,0
1995-04-11,7.9391,7.9391,7.7423,7.7594,4987266,0
1995-04-12,7.7423,7.7937,7.5973,7.7423,3136055,0
1995-04-13,7.7423,7.845,7.657,7.7937,3125293,0
1995-04-17,7.845,7.845,7.657,7.657,1881631,0
1995-04-18,7.7423,7.7423,7.657,7.657,2288855,0
1995-04-19,7.657,7.657,7.2724,7.4605,3904623,0
1995-04-20,7.3664,7.4605,7.2981,7.3236,2509780,0
1995-04-21,7.3833,7.4347,7.3151,7.3833,1512797,0
1995-04-24,7.4175,7.4605,7.17,7.2126,2526161,0
1995-04-25,7.2724,7.4175,7.076,7.3409,3511914,0
1995-04-26,7.3151,7.4175,7.2212,7.4175,1565218,0
1995-04-27,7.4605,7.5115,7.3664,7.4175,3766544,0
1995-04-28,7.4605,7.4605,7.2724,7.3664,2645051,0
1995-05-01,7.3664,7.3664,7.076,7.1016,2730240,0
1995-05-02,7.1016,7.1273,6.9818,7.1273,2208346,0
1995-05-03,7.076,7.076,6.9392,6.9562,4892246,0
1995-05-04,6.9818,7.1952,6.8878,7.1273,2544417,0
1995-05-05,7.2212,7.2212,7.0248,7.1273,1586285,0
1995-05-08,7.1273,7.3664,7.1273,7.3151,1335397,0
1995-05-09,7.3664,7.4175,6.9818,7.3752,2001925,0
1995-05-10,6.9392,7.076,6.8367,6.9132,19937821,0
1995-05-11,6.9392,6.9818,6.6914,6.9392,12156661,0
1995-05-12,6.9818,7.2212,6.9818,7.0589,10315282,0
1995-05-15,7.2212,7.4862,7.1531,7.4347,5391673,0
1995-05-16,7.4605,7.4605,7.3151,7.4605,3306433,0
1995-05-17,7.4605,7.5289,7.3664,7.4175,3997299,0
1995-05-18,7.4175,7.5544,7.4175,7.4347,2870193,0
1995-05-19,7.4347,7.5115,7.4347,7.4347,1485648,0
1995-05-22,7.4347,7.5115,7.3833,7.4347,1488924,0
1995-05-23,7.4347,7.5973,7.3664,7.5544,1668663,0
1995-05-24,7.5802,7.6315,7.5289,7.5973,2498545,0
1995-05-25,7.5289,7.6315,7.4862,7.6315,1325570,0
1995-05-26,7.6315,7.6315,7.4862,7.5802,1450541,0
1995-05-30,7.5802,7.6315,7.5115,7.6315,995112,0
1995-05-31,7.6742,7.9645,7.5973,7.9645,5124407,0
1995-06-01,7.9133,8.0158,7.7763,7.8193,2117071,0
1995-06-02,7.8193,7.9133,7.7253,7.8193,2329106,0
1995-06-05,7.9133,8.1525,7.8193,8.1525,4304351,0
1995-06-06,8.1525,8.298,8.1012,8.2039,4533240,0
1995-06-07,8.2809,8.3921,8.1356,8.2466,2376848,0
1995-06-08,8.2466,8.3491,8.2466,8.3491,1151915,0
1995-06-09,8.2466,8.298,8.1525,8.298,1645258,0
1995-06-12,8.298,8.3921,8.2466,8.3921,2338936,0
1995-06-13,8.3921,8.3921,8.2208,8.298,4786462,0
1995-06-14,8.298,8.298,8.0585,8.1012,2711986,0
1995-06-15,8.1012,8.2039,7.9391,7.9391,4319330,0
1995-06-16,7.9645,7.9905,7.8193,7.8707,4157847,0
1995-06-19,7.8193,7.9133,7.7253,7.8193,2984870,0
1995-06-20,7.8193,7.8193,7.6315,7.7763,3702884,0
1995-06-21,7.7253,7.9645,7.6742,7.7253,4170953,0
1995-06-22,7.7763,8.0585,7.6742,7.9905,3345750,0
1995-06-23,8.0158,8.0585,7.9645,7.9905,1193105,0
1995-06-26,8.0158,8.0329,7.8193,7.845,2206473,0
1995-06-27,7.8193,7.9645,7.7763,7.7937,2019248,0
1995-06-28,7.7937,7.8193,7.6742,7.7253,2607139,0
1995-06-29,7.7253,7.7763,7.657,7.6742,3330303,0
1995-06-30,7.7253,7.9391,7.657,7.9391,3360258,0
1995-07-03,7.9391,8.0845,7.8707,8.0329,1297952,0
1995-07-05,8.1012,8.3491,8.0329,8.2466,3381792,0
1995-07-06,8.298,8.3491,8.1784,8.1784,3712243,0
1995-07-07,8.1525,8.2466,8.0585,8.1012,1868529,0
1995-07-10,8.1012,8.1525,7.9905,8.0158,904775,0
1995-07-11,8.0329,8.0329,7.7763,7.845,2694200,0
1995-07-12,7.8707,7.8707,7.657,7.657,4164870,0
1995-07-13,7.6998,7.8193,7.657,7.8193,2649732,0
1995-07-14,7.8193,8.1012,7.7763,8.0845,5059347,0
1995-07-17,8.1784,8.4432,8.1525,8.3921,3495062,0
1995-07-18,8.3921,8.4944,8.3237,8.4177,5709024,0
1995-07-19,8.3921,8.3921,8.0158,8.1525,4904419,0
1995-07-20,8.2466,8.5887,8.1525,8.5374,2744752,0
1995-07-21,8.4603,8.5374,8.2208,8.2208,3130907,0
1995-07-24,8.2039,8.2466,7.9645,7.9645,3842838,0
1995-07-25,8.0158,8.0158,7.8193,7.9391,7645423,0
1995-07-26,7.9391,7.9391,7.7937,7.8193,4168147,0
1995-07-27,7.8193,7.8193,7.657,7.6998,5613070,0
1995-07-28,7.7253,7.7763,7.6742,7.7423,4126488,0
1995-07-31,7.7763,7.8193,7.6742,7.7253,2346893,0
1995-08-01,7.6742,7.7763,7.6315,7.6742,4655405,0
1995-08-02,7.657,7.7937,7.6315,7.657,2794368,0
1995-08-03,7.6315,7.6998,7.5802,7.6998,2797641,0
1995-08-04,7.6998,7.7937,7.6315,7.7253,1634960,0
1995-08-07,7.6742,7.7763,7.5973,7.6315,1795976,0
1995-08-08,7.5973,7.7594,7.5802,7.6315,2058562,0
1995-08-09,7.6742,7.7253,7.5802,7.5973,1190765,0
1995-08-10,7.3833,7.5802,7.3833,7.5374,5819488,0
1995-08-11,7.6315,7.6742,7.5289,7.657,1952313,0
1995-08-14,7.657,7.7763,7.6315,7.7763,816778,0
1995-08-15,7.7763,7.8193,7.6742,7.8193,1201064,0
1995-08-16,7.7763,8.0585,7.7763,7.9645,2779390,0
1995-08-17,7.9133,7.9645,7.8193,7.9133,1863377,0
1995-08-18,7.8877,7.9905,7.8877,7.9391,1432287,0
1995-08-21,8.0158,8.0158,7.8707,7.8707,3363536,0
1995-08-22,7.9645,7.9645,7.7763,7.8193,1841848,0
1995-08-23,7.7763,7.845,7.7763,7.845,1350376,0
1995-08-24,7.7763,7.845,7.6742,7.7763,2338001,0
1995-08-25,7.7253,7.7423,7.6742,7.6998,3736585,0
1995-08-28,7.7423,7.7423,7.657,7.657,6336706,0
1995-08-29,7.6742,7.7253,7.6315,7.7253,1091534,0
1995-08-30,7.7253,8.0158,7.7253,7.8877,2480759,0
1995-08-31,7.8877,7.9391,7.845,7.9391,750782,0
1995-09-01,7.9391,8.0585,7.8877,7.9645,1204340,0
1995-09-05,7.9391,8.1356,7.9391,8.1101,1873680,0
1995-09-06,8.0845,8.1356,7.9391,7.9391,773719,0
1995-09-07,7.9905,7.9905,7.845,7.8877,1429947,0
1995-09-08,7.8877,7.8877,7.6742,7.7253,3721609,0
1995-09-11,7.7937,7.7937,7.6998,7.7253,2426461,0
1995-09-12,7.7423,7.7763,7.5802,7.5973,3261967,0
1995-09-13,7.5115,7.7937,7.4605,7.7423,3283495,0
1995-09-14,7.7253,7.9391,7.7253,7.8193,2557523,0
1995-09-15,7.8877,7.8877,7.7423,7.7763,2614626,0
1995-09-18,7.7937,7.7937,7.7253,7.7937,1608280,0
1995-09-19,7.7763,7.9905,7.7763,7.9905,2118945,0
1995-09-20,7.9645,8.0845,7.9645,7.9988,1929374,0
1995-09-21,7.9905,8.2809,7.9905,8.2298,4221036,0
1995-09-22,8.0585,8.1784,7.9391,8.0329,3202519,0
1995-09-25,8.0329,8.2809,8.0329,8.1356,2835089,0
1995-09-26,8.1356,8.2298,8.0329,8.0585,2900616,0
1995-09-27,8.0158,8.0585,7.845,8.0585,2939469,0
1995-09-28,8.0329,8.1525,8.0329,8.1356,1662576,0
1995-09-29,8.1101,8.1356,7.9905,8.0329,1336805,0
1995-10-02,8.0329,8.0845,8.0158,8.0585,535938,0
1995-10-03,8.0329,8.0329,7.7937,7.9219,1628409,0
1995-10-04,7.845,7.8877,7.657,7.6998,1880697,0
1995-10-05,7.6998,7.9219,7.657,7.9219,1828741,0
1995-10-06,7.9219,8.0329,7.9219,7.9905,1709852,0
1995-10-09,7.9645,7.9905,7.7937,7.8707,1335867,0
1995-10-10,7.7937,7.845,7.6998,7.7937,1119617,0
1995-10-11,7.6998,7.845,7.6998,7.845,1541344,0
1995-10-12,7.7937,7.8877,7.7423,7.8877,1372375,0
1995-10-13,7.845,7.9219,7.6998,7.6998,1245997,0
1995-10-16,7.6998,7.7253,7.5802,7.5882,1750106,0
1995-10-17,7.6315,7.6315,7.5115,7.5544,6105478,0
1995-10-18,7.5544,7.5544,7.4095,7.4095,5272784,0
1995-10-19,7.4095,7.4605,7.3409,7.3664,3510042,0
1995-10-20,7.3833,7.3833,7.0931,7.1273,4356312,0
1995-10-23,7.0931,7.2212,7.0501,7.17,2748494,0
1995-10-24,7.17,7.4605,7.1442,7.4095,4224780,0
1995-10-25,7.4095,7.4095,7.2212,7.2212,2120349,0
1995-10-26,7.2212,7.2895,7.0501,7.1273,2210684,0
1995-10-27,7.1442,7.1952,7.076,7.1952,2198984,0
1995-10-30,7.1273,7.2212,7.1273,7.1442,1225870,0
1995-10-31,7.1952,7.1952,7.1273,7.1357,1224933,0
1995-11-01,7.1273,7.3664,7.1273,7.3664,1782872,0
1995-11-02,7.3664,7.7423,7.2724,7.5973,4880077,0
1995-11-03,7.5973,7.5973,7.4862,7.5544,909926,0
1995-11-06,7.5289,7.7763,7.4862,7.7423,2099752,0
1995-11-07,7.6998,7.7423,7.657,7.657,1422460,0
1995-11-08,7.6742,7.7937,7.6315,7.7423,2545351,0
1995-11-09,7.7253,7.7763,7.5544,7.657,1759467,0
1995-11-10,7.6315,7.6742,7.4605,7.5115,5154834,0
1995-11-13,7.5115,7.5544,7.4347,7.4605,2096477,0
1995-11-14,7.4347,7.4347,7.3151,7.3151,1526371,0
1995-11-15,7.3664,7.7763,7.2895,7.6742,3186140,0
1995-11-16,7.7423,8.0585,7.7423,7.9645,3453403,0
1995-11-17,7.9905,8.0585,7.8877,7.9645,2152644,0
1995-11-20,7.9391,8.0845,7.9219,7.9905,2101624,0
1995-11-21,7.9905,8.1525,7.9645,8.1525,4377375,0
1995-11-22,8.1356,8.2298,8.0585,8.0585,2541607,0
1995-11-24,8.1101,8.2298,8.0585,8.1784,951582,0
1995-11-27,8.1525,8.2039,7.9391,7.9645,2776581,0
1995-11-28,7.8877,7.8877,7.6998,7.7763,4566469,0
1995-11-29,7.7763,7.7937,7.5289,7.6315,4730763,0
1995-11-30,7.6315,7.7253,7.5802,7.5802,2185876,0
1995-12-01,7.5802,7.6315,7.4095,7.4095,4045511,0
1995-12-04,7.4347,7.5802,7.3833,7.5115,3580721,0
1995-12-05,7.5289,7.657,7.4862,7.5802,2271067,0
1995-12-06,7.5973,7.7253,7.5289,7.6742,2669858,0
1995-12-07,7.657,7.9219,7.657,7.8707,2077753,0
1995-12-08,7.8707,7.9219,7.7937,7.8877,870137,0
1995-12-11,7.8193,7.8877,7.6742,7.6742,991370,0
1995-12-12,7.6742,7.7937,7.657,7.7423,2283236,0
1995-12-13,7.7253,7.8193,7.7253,7.8193,2228472,0
1995-12-14,7.8193,8.0158,7.6998,7.7253,3302687,0
1995-12-15,7.7423,7.9219,7.7423,7.8877,3018570,0
1995-12-18,7.8193,7.8707,7.7423,7.8193,3324688,0
1995-12-19,7.6998,7.8707,7.6315,7.8193,2338001,0
1995-12-20,7.8193,7.9391,7.7763,7.7763,1642450,0
1995-12-21,7.7937,7.8707,7.7253,7.845,1099491,0
1995-12-22,7.8707,7.9905,7.8193,7.9645,893074,0
1995-12-26,7.9645,8.0158,7.8877,7.9988,925372,0
1995-12-27,7.9391,8.0158,7.7937,7.7937,944560,0
1995-12-28,7.7937,7.8193,7.7253,7.7423,2049203,0
1995-12-29,7.7423,7.8193,7.7253,7.8193,2780793,0
1996-01-02,7.7763,7.9391,7.7253,7.9391,1220253,0
1996-01-03,7.8707,8.3749,7.8707,8.2552,5745068,0
1996-01-04,8.2039,8.2552,8.1101,8.1356,4201844,0
1996-01-05,8.1356,8.2039,8.0674,8.1101,3240436,0
1996-01-08,8.0674,8.1356,8.0674,8.1356,161952,0
1996-01-09,8.0845,8.0845,7.8707,8.0158,2830410,0
1996-01-10,7.9905,8.0158,7.8877,7.9391,1646660,0
1996-01-11,7.8877,8.0158,7.8193,8.0158,1966822,0
1996-01-12,7.9645,8.1784,7.9645,8.1101,3373836,0
1996-01-15,8.1101,8.1525,7.9391,7.9391,1793637,0
1996-01-16,7.9391,7.9905,7.8877,7.9905,1408886,0
1996-01-17,8.0158,8.0158,7.7253,7.7423,1376122,0
1996-01-18,7.7253,7.7423,7.657,7.6742,1322760,0
1996-01-19,7.7253,7.7253,7.5115,7.5544,2682028,0
1996-01-22,7.5544,7.5544,7.3409,7.4347,3704289,0
1996-01-23,7.3833,7.6315,7.3409,7.6315,4409199,0
1996-01-24,7.5973,7.6742,7.4862,7.5802,3123417,0
1996-01-25,7.4862,7.5289,7.4347,7.4347,1245997,0
1996-01-26,7.4347,7.4862,7.4347,7.4862,1435566,0
1996-01-29,7.4347,7.5289,7.4347,7.4946,656233,0
1996-01-30,7.4519,7.6315,7.4519,7.4946,1638238,0
1996-01-31,7.5289,7.5973,7.3409,7.5802,5096327,0
1996-02-01,7.5115,7.7763,7.4862,7.6998,2938532,0
1996-02-02,7.6315,7.7253,7.5802,7.5802,1631687,0
1996-02-05,7.5289,7.657,7.5289,7.5802,1188425,0
1996-02-06,7.5289,7.7763,7.5289,7.6998,2467653,0
1996-02-07,7.7253,8.1525,7.7253,8.0845,4498600,0
1996-02-08,8.0674,8.2039,8.0674,8.1101,1801127,0
1996-02-09,8.1101,8.2809,8.1101,8.1101,2832745,0
1996-02-12,8.1784,8.298,8.1101,8.2809,2343149,0
1996-02-13,8.2298,8.3749,8.1525,8.298,2865982,0
1996-02-14,8.3237,8.3237,8.1356,8.1784,2071669,0
1996-02-15,8.1356,8.2809,8.1356,8.2039,1126640,0
1996-02-16,8.1784,8.2298,8.1101,8.1525,2250939,0
1996-02-20,8.1271,8.1525,7.9645,8.0845,2388081,0
1996-02-21,8.0845,8.0845,7.845,7.8707,3534848,0
1996-02-22,7.9219,8.2039,7.8877,8.2039,6020756,0
1996-02-23,8.1525,8.4432,8.1525,8.3749,4987734,0
1996-02-26,8.3749,8.4432,8.1356,8.2039,4393287,0
1996-02-27,8.2298,8.4006,8.1525,8.4006,3072401,0
1996-02-28,8.4432,8.6653,8.4006,8.5715,5879400,0
1996-02-29,8.5455,8.75,8.5455,8.7336,4146146,0
1996-03-01,8.7168,9.582,8.7168,9.582,13557121,0
1996-03-04,9.4371,9.784,9.4371,9.599,17309152,0
1996-03-05,9.4371,9.509,9.2717,9.4371,9172727,0
1996-03-06,9.4189,9.4916,9.2981,9.4371,4710636,0
1996-03-07,9.4371,9.4589,9.1703,9.2981,4007597,0
1996-03-08,9.153,9.2222,8.7168,9.0748,5188066,0
1996-03-11,9.1017,9.4916,9.0577,9.4371,3266180,0
1996-03-12,9.3923,9.537,9.3667,9.4916,3498337,0
1996-03-13,9.4916,9.564,9.4189,9.564,2163876,0
1996-03-14,9.4916,9.726,9.4916,9.582,1786149,0
1996-03-15,9.607,9.638,9.3923,9.564,3879346,0
1996-03-18,9.537,9.607,9.3491,9.3923,1559134,0
1996-03-19,9.3491,9.4916,9.3491,9.4371,2607139,0
1996-03-20,9.4189,9.4589,9.2981,9.3923,1700958,0
1996-03-21,9.3923,9.537,9.3491,9.3923,1011962,0
1996-03-22,9.3923,9.509,9.3923,9.509,1053154,0
1996-03-25,9.537,9.638,9.3923,9.3923,2327234,0
1996-03-26,9.3923,9.3923,8.8106,8.8791,4933435,0
1996-03-27,8.8791,9.1703,8.8791,9.1703,4744337,0
1996-03-28,9.153,9.3923,9.0748,9.3491,3760459,0
1996-03-29,9.3491,9.4189,9.2464,9.3747,3531104,0
1996-04-01,9.3667,9.3923,9.2222,9.2981,1563345,0
1996-04-02,9.2222,9.2981,8.93,8.9562,1795042,0
1996-04-03,8.93,9.2464,8.8614,9.1703,3034485,0
1996-04-04,9.0577,9.1017,8.9562,9.0083,2298680,0
1996-04-08,8.8791,9.0083,8.8365,8.93,2940869,0
1996-04-09,8.9562,9.0083,8.6653,8.7168,2108178,0
1996-04-10,8.7168,8.7168,8.3491,8.4006,5389339,0
1996-04-11,8.4261,8.6913,8.2552,8.6228,14531170,0
1996-04-12,8.6398,9.1264,8.5455,9.1017,7500786,0
1996-04-15,9.1017,9.3136,9.1017,9.2717,4634810,0
1996-04-16,9.2981,9.3491,8.8365,8.9131,4397029,0
1996-04-17,8.8614,8.9562,8.7336,8.8106,3302687,0
1996-04-18,8.8106,8.8365,8.6228,8.7678,5057942,0
1996-04-19,8.7678,8.9131,8.6653,8.8106,1863377,0
1996-04-22,8.8614,8.93,8.7168,8.7336,1917672,0
1996-04-23,8.7336,8.9816,8.7168,8.9562,4636214,0
1996-04-24,9.0083,9.0244,8.8614,9.0083,6134032,0
1996-04-25,9.0083,9.2464,8.93,9.2222,3254475,0
1996-04-26,9.1703,9.784,9.1703,9.708,8040471,0
1996-04-29,9.726,9.784,9.537,9.582,4349755,0
1996-04-30,9.582,9.855,9.537,9.855,7211990,0
1996-05-01,9.784,10.015,9.582,10.015,3650929,0
1996-05-02,10.015,10.015,9.681,9.751,2967551,0
1996-05-03,9.828,10.357,9.726,10.236,7835928,0
1996-05-06,10.263,10.263,9.997,10.092,4039429,0
1996-05-07,10.075,10.092,9.869,9.903,1684579,0
1996-05-08,9.903,9.903,9.4589,9.607,4166741,0
1996-05-09,9.582,9.801,9.564,9.726,5586858,0
1996-05-10,9.751,10.117,9.681,10.075,5441758,0
1996-05-13,10.015,10.075,9.681,9.997,3867179,0
1996-05-14,9.976,10.015,9.855,9.948,3192691,0
1996-05-15,9.903,10.212,9.869,10.092,4579109,0
1996-05-16,10.049,10.117,9.948,9.997,1866656,0
1996-05-17,10.015,10.049,9.828,9.855,1961202,0
1996-05-20,9.855,9.903,9.751,9.784,1410761,0
1996-05-21,9.726,10.015,9.681,9.948,1901292,0
1996-05-22,10.015,10.263,9.976,10.075,4739654,0
1996-05-23,10.015,10.075,9.828,9.869,2047328,0
1996-05-24,9.93,9.93,9.708,9.726,1298420,0
1996-05-28,9.784,9.828,9.607,9.726,2607608,0
1996-05-29,9.828,9.976,9.655,9.655,1740745,0
1996-05-30,9.655,9.997,9.607,9.997,2326768,0
1996-05-31,9.93,9.997,9.751,9.903,3218902,0
1996-06-03,9.855,10.049,9.801,9.93,2012693,0
1996-06-04,9.948,10.163,9.948,10.092,2220045,0
1996-06-05,10.015,10.144,9.997,10.049,1155659,0
1996-06-06,10.075,10.075,9.855,9.855,1304506,0
1996-06-07,9.751,9.751,9.607,9.751,1539007,0
1996-06-10,9.751,9.903,9.631,9.855,1438839,0
1996-06-11,9.855,9.948,9.708,9.708,1814699,0
1996-06-12,9.708,9.784,9.4589,9.4589,1362076,0
1996-06-13,9.537,9.607,9.3923,9.599,2844916,0
1996-06-14,9.537,9.537,9.3136,9.3136,1359270,0
1996-06-17,9.4189,9.4189,9.1017,9.1017,2711986,0
1996-06-18,9.1017,9.1264,8.8365,9.0083,3753904,0
1996-06-19,8.9816,9.0748,8.8614,8.93,2015970,0
1996-06-20,8.9478,8.9816,8.8014,8.8014,1806744,0
1996-06-21,8.8365,8.8365,8.5117,8.5117,4664298,0
1996-06-24,8.5715,8.7336,8.5117,8.7336,3415025,0
1996-06-25,8.8014,8.8365,8.5374,8.5715,1999117,0
1996-06-26,8.5715,8.6398,8.298,8.3577,2089923,0
1996-06-27,8.3491,8.8365,8.3491,8.7759,1996310,0
1996-06-28,8.8791,8.8791,8.5799,8.6398,1532450,0
1996-07-01,8.6398,8.6398,8.4944,8.5374,923029,0
1996-07-02,8.4944,8.682,8.3921,8.3921,1353652,0
1996-07-03,8.4261,8.6398,8.3921,8.5117,2091794,0
1996-07-05,8.4944,8.5374,8.1525,8.2208,1163144,0
1996-07-08,8.2208,8.4944,8.1525,8.2724,2606204,0
1996-07-09,8.3662,8.3662,8.0585,8.1784,3628461,0
1996-07-10,8.1012,8.3491,8.0845,8.2208,3605526,0
1996-07-11,8.2724,8.2724,8.0075,8.0845,4299202,0
1996-07-12,8.1525,8.1525,7.7684,7.8621,3663568,0
1996-07-15,7.8364,7.9391,7.717,7.8621,1844656,0
1996-07-16,7.8621,7.9817,7.2981,7.6143,5263894,0
1996-07-17,7.7684,8.1012,7.6143,7.956,3906963,0
1996-07-18,8.0075,8.0414,7.8877,8.0075,2519609,0
1996-07-19,7.9817,8.1012,7.8877,7.9133,1441648,0
1996-07-22,7.956,7.956,7.6655,7.7937,1362548,0
1996-07-23,7.8109,7.9133,7.6912,7.7763,1880697,0
1996-07-24,7.6912,7.9133,7.6143,7.9133,1568965,0
1996-07-25,7.9133,8.0845,7.8621,8.0585,2611351,0
1996-07-26,8.0845,8.298,8.0585,8.2466,1511857,0
1996-07-29,8.2208,8.5374,8.1525,8.3237,2705901,0
1996-07-30,8.4432,8.4432,8.1525,8.2208,2240641,0
1996-07-31,8.1784,8.2466,8.0329,8.0585,1336805,0
1996-08-01,7.9817,8.1012,7.7937,7.956,3383664,0
1996-08-02,8.0329,8.0585,7.6143,7.7937,7011192,0
1996-08-05,7.8109,8.2466,7.8109,8.2208,3900414,0
1996-08-06,8.2039,8.298,7.9391,8.0075,2514463,0
1996-08-07,8.0075,8.0075,7.7684,7.9391,1666793,0
1996-08-08,7.9391,8.3921,7.8621,8.1012,4268310,0
1996-08-09,7.1784,7.5032,7.0674,7.4263,38103071,0
1996-08-12,7.4691,7.5459,7.2981,7.4005,5580775,0
1996-08-13,7.3752,7.4005,7.2551,7.2551,5193214,0
1996-08-14,7.2551,7.4263,7.2551,7.2981,9253704,0
1996-08-15,7.358,7.358,7.1613,7.2297,7516234,0
1996-08-16,7.281,7.4005,7.2551,7.3833,6474784,0
1996-08-19,7.3752,7.4263,7.3752,7.4005,4662426,0
1996-08-20,7.4263,7.5882,7.3752,7.5716,4769612,0
1996-08-21,7.5459,7.5882,7.5203,7.5882,3653268,0
1996-08-22,7.6143,7.6482,7.5032,7.5459,3142613,0
1996-08-23,7.5032,7.5716,7.4691,7.4691,2592629,0
1996-08-26,7.5032,7.5459,7.4005,7.4005,4767742,0
1996-08-27,7.4005,7.4691,7.3236,7.4433,3448259,0
1996-08-28,7.5032,7.5716,7.3752,7.5203,1438839,0
1996-08-29,7.5716,7.6482,7.4433,7.5203,3200180,0
1996-08-30,7.5203,7.6655,7.4433,7.5973,2075880,0
1996-09-03,7.5716,7.6143,7.4691,7.6143,2374040,0
1996-09-04,7.5716,7.6482,7.5459,7.6143,1511857,0
1996-09-05,7.5973,7.5973,7.4691,7.4691,2377783,0
1996-09-06,7.4691,7.5459,7.4691,7.5032,2043585,0
1996-09-09,7.5203,7.5973,7.4691,7.5459,1203405,0
1996-09-10,7.5459,7.5459,7.4263,7.4862,1354586,0
1996-09-11,7.5032,7.6143,7.4433,7.5973,2281363,0
1996-09-12,7.5459,7.6143,7.5203,7.5716,929582,0
1996-09-13,7.5459,7.7684,7.5459,7.5973,2001459,0
1996-09-16,7.5459,7.6143,7.5203,7.5459,2817768,0
1996-09-17,7.6143,7.6143,7.5203,7.5716,1313865,0
1996-09-18,7.5973,7.6655,7.5459,7.6655,1806275,0
1996-09-19,7.6482,7.6482,7.4433,7.5203,5460946,0
1996-09-20,7.5716,7.6143,7.5203,7.5973,4909563,0
1996-09-23,7.5459,7.5973,7.5459,7.5459,2323022,0
1996-09-24,7.5459,7.5973,7.5203,7.5459,2141413,0
1996-09-25,7.5716,7.5716,7.4433,7.4691,3158992,0
1996-09-26,7.5032,7.5032,7.4005,7.4005,1779124,0
1996-09-27,7.4005,7.4433,7.2981,7.4433,2279493,0
1996-09-30,7.4263,7.5973,7.3752,7.4005,1992563,0
1996-10-01,7.3236,7.3752,7.2042,7.2551,6278664,0
1996-10-02,7.2981,7.4433,7.2551,7.4263,3663099,0
1996-10-03,7.4005,7.4433,7.2981,7.3236,2111454,0
1996-10-04,7.358,7.358,7.2042,7.2297,3393962,0
1996-10-07,7.2297,7.2297,7.1101,7.1613,3708969,0
1996-10-08,7.1613,7.2551,7.1101,7.1357,3585401,0
1996-10-09,7.1613,7.1613,6.8878,6.9132,4459285,0
1996-10-10,6.9392,7.1101,6.8878,7.0161,3623782,0
1996-10-11,7.0844,7.4691,7.0332,7.4691,3440767,0
1996-10-14,7.4691,7.5032,7.4005,7.5032,2408209,0
1996-10-15,7.5203,7.5973,7.4433,7.5032,2365147,0
1996-10-16,7.5032,7.5973,7.4691,7.5716,1948098,0
1996-10-17,7.5716,7.5716,7.4691,7.5203,1886782,0
1996-10-18,7.5459,7.6912,7.5203,7.5973,4109171,0
1996-10-21,7.6143,7.6482,7.5032,7.5203,1421991,0
1996-10-22,7.5716,7.5716,7.4691,7.5203,1221190,0
1996-10-23,7.5203,7.5973,7.4263,7.5716,2122220,0
1996-10-24,7.5032,7.6482,7.4433,7.5459,1943886,0
1996-10-25,7.5459,7.5973,7.3752,7.3752,914607,0
1996-10-28,7.3752,7.5032,7.3752,7.3752,640789,0
1996-10-29,7.4433,7.4433,7.1784,7.2042,1245997,0
1996-10-30,6.9904,7.1784,6.9132,7.1613,3728165,0
1996-10-31,7.1784,7.1784,6.9562,7.0248,4925480,0
1996-11-01,7.0332,7.1357,7.0332,7.1101,5523669,0
1996-11-04,7.2297,7.2981,7.0844,7.1613,3585867,0
1996-11-05,7.2042,7.5973,7.1784,7.5973,5209129,0
1996-11-06,7.5973,7.8621,7.5459,7.8109,4015086,0
1996-11-07,7.7937,7.845,7.717,7.8109,1716874,0
1996-11-08,7.8109,7.8621,7.7423,7.8621,944560,0
1996-11-11,7.845,7.956,7.7937,7.8621,2410550,0
1996-11-12,7.8621,8.4261,7.8621,8.298,5867701,0
1996-11-13,8.298,8.3237,8.0585,8.0585,3565273,0
1996-11-14,8.1356,8.1784,8.0329,8.0845,2030948,0
1996-11-15,8.1784,8.1784,8.0329,8.0585,1458970,0
1996-11-18,8.0845,8.0845,7.9391,7.9905,2736323,0
1996-11-19,7.9905,8.0075,7.956,8.0075,1677086,0
1996-11-20,8.0075,8.3237,8.0075,8.2039,3288649,0
1996-11-21,8.298,8.3491,8.1784,8.2039,5049051,0
1996-11-22,8.2466,8.469,8.2298,8.4432,2661901,0
1996-11-25,8.4432,8.6653,8.298,8.3237,4905350,0
1996-11-26,8.3749,8.6228,8.3749,8.5887,3072401,0
1996-11-27,8.5887,8.6228,8.5201,8.5455,2100688,0
1996-11-29,8.5201,8.5887,8.4944,8.4944,429686,0
1996-12-02,8.5201,8.5715,8.4261,8.469,2950700,0
1996-12-03,8.4944,8.7934,8.4432,8.5887,2847725,0
1996-12-04,8.5887,8.6653,8.4006,8.5201,3029335,0
1996-12-05,8.4944,8.5455,8.4261,8.469,845330,0
1996-12-06,8.2809,8.3237,8.1784,8.2809,1419647,0
1996-12-09,8.2466,8.3237,8.1784,8.2466,1006814,0
1996-12-10,8.2039,8.2466,8.1012,8.1012,3459962,0
1996-12-11,8.0075,8.0329,7.956,7.956,1897545,0
1996-12-12,7.9817,8.0075,7.8364,7.8364,1657898,0
1996-12-13,7.8621,7.8877,7.7341,7.7341,1468329,0
1996-12-16,7.7341,7.8109,7.6655,7.7937,2160601,0
1996-12-17,7.6655,7.7684,7.6655,7.7341,1554453,0
1996-12-18,7.717,7.7684,7.6482,7.6482,682913,0
1996-12-19,7.717,7.7341,7.6143,7.6655,846735,0
1996-12-20,7.7684,7.7684,7.6143,7.6482,2160601,0
1996-12-23,7.6482,7.7684,7.5716,7.5882,1103705,0
1996-12-24,7.6482,7.6482,7.4433,7.5203,1032559,0
1996-12-26,7.4433,7.5203,7.3236,7.4263,1734664,0
1996-12-27,7.4263,7.4263,7.3236,7.3236,1295142,0
1996-12-30,6.7168,7.1273,6.6914,7.1016,9643135,0
1996-12-31,7.1016,7.1016,6.9132,6.9223,4301078,0
1997-01-02,6.9392,7.0332,6.9132,7.0332,2197111,0
1997-01-03,7.1531,7.2042,7.1016,7.1531,2294471,0
1997-01-06,7.1531,7.1531,7.0077,7.0844,3191756,0
1997-01-07,7.0844,7.1273,7.0077,7.1273,1943886,0
1997-01-08,7.1016,7.1273,7.0332,7.1016,4639023,0
1997-01-09,7.1784,7.4433,7.1273,7.392,3462765,0
1997-01-10,7.3236,7.5716,7.281,7.5203,4291715,0
1997-01-13,7.5459,7.5882,7.4263,7.4691,4138190,0
1997-01-14,7.4946,7.5459,7.4946,7.5203,1879294,0
1997-01-15,7.5203,7.5459,7.4263,7.4946,2191494,0
1997-01-16,7.5716,7.6143,7.4691,7.5716,2291191,0
1997-01-17,7.5459,7.6655,7.5203,7.5882,1554453,0
1997-01-20,7.6143,7.6655,7.5716,7.5882,959074,0
1997-01-21,7.5882,7.7341,7.5882,7.717,1289996,0
1997-01-22,7.6912,7.717,7.5882,7.6482,7925793,0
1997-01-23,7.6143,7.6912,7.5882,7.6143,2167621,0
1997-01-24,7.6143,7.6655,7.5882,7.5882,4866500,0
1997-01-27,7.6482,7.6655,7.4691,7.5882,4282355,0
1997-01-28,7.6143,7.6482,7.4946,7.5716,3161331,0
1997-01-29,7.5203,7.5716,7.4691,7.5459,2548630,0
1997-01-30,7.5459,7.5459,7.3492,7.4263,6939577,0
1997-01-31,7.4263,7.4263,7.2469,7.2469,3590079,0
1997-02-03,7.2981,7.2981,7.0844,7.1016,1978054,0
1997-02-04,7.1273,7.1273,6.9818,7.0844,3040104,0
1997-02-05,7.0332,7.0589,6.9562,6.9818,2649732,0
1997-02-06,7.0077,7.2297,6.9562,7.1273,2617902,0
1997-02-07,7.1531,7.281,7.1273,7.1784,1759467,0
1997-02-10,7.1531,7.2042,7.0844,7.1016,1671472,0
1997-02-11,7.1016,7.1531,7.0844,7.1273,1765552,0
1997-02-12,7.1531,7.2297,7.1273,7.2297,2015970,0
1997-02-13,7.2297,7.3236,7.2297,7.2981,1507181,0
1997-02-14,7.3236,7.3236,7.2297,7.2297,1118682,0
1997-02-18,7.2297,7.2469,7.1273,7.1531,789628,0
1997-02-19,7.1531,7.1784,6.9818,6.9818,1788022,0
1997-02-20,7.0332,7.1016,6.7939,7.0332,2779857,0
1997-02-21,6.6402,7.1016,6.6231,7.0844,5020498,0
1997-02-24,7.0589,7.2297,7.0589,7.2297,2130648,0
1997-02-25,7.2297,7.2297,7.1531,7.1531,3237623,0
1997-02-26,7.1784,7.2297,7.0077,7.1016,4645574,0
1997-02-27,7.0844,7.1784,7.0589,7.0589,2852405,0
1997-02-28,7.0589,7.281,7.0332,7.2042,3672932,0
1997-03-03,7.2042,7.2981,7.1273,7.2469,2130181,0
1997-03-04,7.281,7.4005,7.2469,7.3236,1802530,0
1997-03-05,7.3492,7.4005,7.3236,7.3752,1939676,0
1997-03-06,7.3752,7.4433,7.3752,7.4263,1165022,0
1997-03-07,7.4691,7.4946,7.3236,7.3236,6706478,0
1997-03-10,7.3492,7.4946,7.3236,7.4263,3831603,0
1997-03-11,7.4005,7.4946,7.4005,7.4691,1673342,0
1997-03-12,7.4946,7.5716,7.4433,7.4433,2080563,0
1997-03-13,7.4946,7.4946,7.4005,7.4433,2685775,0
1997-03-14,7.4433,7.4691,7.4263,7.4263,2682028,0
1997-03-17,7.4433,7.4691,7.3492,7.4263,1675214,0
1997-03-18,7.4263,7.4433,7.2981,7.2981,2890784,0
1997-03-19,7.2981,7.4005,7.2981,7.4005,3768413,0
1997-03-20,7.4005,7.4691,7.3236,7.4433,2910449,0
1997-03-21,7.4691,7.4946,7.4005,7.4946,2462975,0
1997-03-24,7.4946,7.6655,7.4263,7.5882,2035158,0
1997-03-25,7.5882,7.7423,7.4263,7.4433,2684837,0
1997-03-26,7.4433,7.5716,7.4005,7.4691,1480030,0
1997-03-27,7.5203,7.5203,7.4005,7.4263,1629812,0
1997-03-31,7.4005,7.4691,7.4005,7.4263,3451532,0
1997-04-01,7.4263,7.5289,7.4263,7.4691,2711047,0
1997-04-02,7.4263,7.4691,7.4263,7.4691,2006609,0
1997-04-03,7.4946,7.5459,7.4263,7.5459,3553571,0
1997-04-04,7.4691,7.6655,7.4691,7.5459,2875808,0
1997-04-07,7.6143,7.6143,7.4433,7.5459,3347154,0
1997-04-08,7.4946,7.5459,7.4263,7.5203,2809811,0
1997-04-09,7.4691,7.5459,7.4433,7.5459,1353183,0
1997-04-10,7.4946,7.5459,7.4263,7.4263,1407950,0
1997-04-11,7.4005,7.4433,7.281,7.281,1341483,0
1997-04-14,7.3492,7.3492,7.2297,7.2469,1871802,0
1997-04-15,7.281,7.2981,7.0332,7.1531,2377783,0
1997-04-16,7.1273,7.2042,7.0844,7.1784,1925632,0
1997-04-17,7.1784,7.2981,7.1531,7.2981,1198722,0
1997-04-18,7.3236,7.4433,7.2981,7.4433,1782406,0
1997-04-21,7.4433,7.4433,7.281,7.281,2360936,0
1997-04-22,7.281,7.2981,7.2042,7.2981,1060643,0
1997-04-23,7.2297,7.4005,7.1273,7.3752,2912788,0
1997-04-24,7.3752,7.4433,7.3752,7.4263,1686449,0
1997-04-25,7.4263,7.5716,7.4005,7.5459,1891461,0
1997-04-28,7.5203,7.5716,7.4691,7.5459,2446127,0
1997-04-29,7.5882,7.5882,7.4691,7.5716,1657429,0
1997-04-30,7.5203,7.7937,7.4946,7.6912,4044580,0
1997-05-01,7.717,8.2126,7.6912,8.1356,8195401,0
1997-05-02,8.1525,8.2552,7.9391,8.2552,4346944,0
1997-05-05,8.2298,8.3749,8.2126,8.2809,3943004,0
1997-05-06,8.2298,8.2552,8.1101,8.1784,3751563,0
1997-05-07,8.0585,8.2126,8.0158,8.0329,2619306,0
1997-05-08,7.9391,8.0845,7.9391,8.0329,2484037,0
1997-05-09,8.0585,8.3063,8.0585,8.2298,3247454,0
1997-05-12,8.2126,8.3749,8.1442,8.3577,3768413,0
1997-05-13,8.4517,8.7759,8.4517,8.6228,13404529,0
1997-05-14,8.6482,8.8188,8.6228,8.7759,4703614,0
1997-05-15,8.7253,9.0417,8.6741,8.9383,2741472,0
1997-05-16,8.8698,9.3068,8.8448,9.1618,5718853,0
1997-05-19,9.2133,9.2628,9.1092,9.1703,2935256,0
1997-05-20,9.1444,9.1867,8.8698,9.0577,3969215,0
1997-05-21,9.0417,9.0663,8.9217,8.9904,2709645,0
1997-05-22,8.9648,9.0834,8.8871,9.0834,2916529,0
1997-05-23,9.1092,9.2628,9.1092,9.2133,3757181,0
1997-05-27,9.1618,9.3403,9.1092,9.3224,4855269,0
1997-05-28,9.2902,9.3589,9.1618,9.3403,4737782,0
1997-05-29,9.3589,9.41,9.3068,9.3403,3006402,0
1997-05-30,9.2902,9.4499,9.1618,9.4371,2861766,0
1997-06-02,9.3825,9.4856,9.3403,9.4371,2475142,0
1997-06-03,9.3589,9.607,9.3589,9.518,1736531,0
1997-06-04,9.502,9.555,9.3825,9.41,727378,0
1997-06-05,9.41,9.528,9.3589,9.3825,2198516,0
1997-06-06,9.3589,9.4678,9.2902,9.4499,2150303,0
1997-06-09,9.4856,9.502,9.41,9.444,1657898,0
1997-06-10,9.4499,9.631,9.41,9.4371,2486843,0
1997-06-11,9.41,9.502,9.3667,9.4371,1565218,0
1997-06-12,9.4371,9.647,9.4371,9.582,3454809,0
1997-06-13,9.528,9.673,9.528,9.607,1697682,0
1997-06-16,9.582,9.631,9.3923,9.4499,5256872,0
1997-06-17,9.41,9.41,9.2902,9.3491,2811686,0
1997-06-18,9.3403,9.4856,9.3403,9.4271,5936969,0
1997-06-19,9.41,9.778,9.41,9.751,4738247,0
1997-06-20,9.778,9.82,9.528,9.631,3194097,0
1997-06-23,9.631,9.673,9.3589,9.4271,1512797,0
1997-06-24,9.4371,9.4371,9.2133,9.2464,2125496,0
1997-06-25,9.2628,9.708,9.1867,9.631,3367751,0
1997-06-26,9.528,9.631,9.4371,9.4678,1548367,0
1997-06-27,9.4856,9.528,9.3068,9.3825,768570,0
1997-06-30,9.3403,9.673,9.3403,9.638,1662576,0
1997-07-01,9.631,9.673,9.4499,9.4499,1403736,0
1997-07-02,9.4499,9.582,9.41,9.582,666526,0
1997-07-03,9.631,9.708,9.59,9.689,1331652,0
1997-07-07,9.689,9.708,9.555,9.673,2540204,0
1997-07-08,9.689,10.049,9.647,10.015,4130230,0
1997-07-09,10.117,10.367,9.869,10.236,8339570,0
1997-07-10,10.171,10.254,10.015,10.221,3085504,0
1997-07-11,10.221,10.621,10.171,10.621,3855943,0
1997-07-14,10.538,10.656,10.46,10.538,3131374,0
1997-07-15,10.494,10.564,10.434,10.538,3809135,0
1997-07-16,10.494,10.605,10.494,10.587,3210479,0
1997-07-17,10.564,10.656,10.564,10.605,3152437,0
1997-07-18,10.605,10.803,10.605,10.648,4242568,0
1997-07-21,10.639,10.648,10.367,10.564,2777048,0
1997-07-22,10.538,10.605,10.494,10.564,2596842,0
1997-07-23,10.587,10.648,10.564,10.605,1608280,0
1997-07-24,10.587,11.076,10.579,11.004,4156442,0
1997-07-25,10.982,11.004,10.733,10.742,2865513,0
1997-07-28,10.709,10.76,10.34,10.418,3459022,0
1997-07-29,10.494,11.282,10.434,11.127,19953273,0
1997-07-30,11.178,11.717,11.178,11.546,9126858,0
1997-07-31,11.494,11.521,11.023,11.143,6214539,0
1997-08-01,11.1,11.127,10.76,10.76,4453197,0
1997-08-04,10.785,10.861,10.391,10.803,5173089,0
1997-08-05,10.803,11.246,10.785,11.203,5206320,0
1997-08-06,11.178,11.246,10.956,11.178,2649263,0
1997-08-07,11.203,11.443,11.203,11.237,10042397,0
1997-08-08,11.218,11.374,11.042,11.349,9910871,0
1997-08-11,11.374,11.913,11.203,11.374,11720891,0
1997-08-12,11.521,11.57,11.127,11.178,9981548,0
1997-08-13,11.218,12.162,11.152,12.083,12543754,0
1997-08-14,12.109,12.28,11.546,11.631,6628311,0
1997-08-15,11.588,12.041,11.374,11.973,9614115,0
1997-08-18,11.938,11.989,11.862,11.964,2708242,0
1997-08-19,11.938,11.973,11.664,11.717,2896403,0
1997-08-20,11.641,11.691,11.399,11.641,4319330,0
1997-08-21,11.623,12.041,11.57,11.826,2546291,0
1997-08-22,11.691,11.888,11.623,11.809,2507905,0
1997-08-25,11.784,11.888,11.717,11.809,835030,0
1997-08-26,11.717,11.862,11.494,11.504,2587948,0
1997-08-27,11.555,11.793,11.332,11.597,4048785,0
1997-08-28,11.597,11.745,11.57,11.641,2306171,0
1997-08-29,11.57,11.597,11.504,11.521,912264,0
1997-09-02,11.623,11.888,11.57,11.817,2035158,0
1997-09-03,11.845,11.989,11.817,11.862,2488252,0
1997-09-04,11.87,12.144,11.817,12.015,7319648,0
1997-09-05,12.118,12.349,11.989,12.162,3209543,0
1997-09-08,12.203,12.237,12.041,12.118,896820,0
1997-09-09,12.083,12.237,11.922,12.203,1584410,0
1997-09-10,12.162,12.289,11.938,12.118,2258894,0
1997-09-11,12.083,12.203,12.015,12.153,2062776,0
1997-09-12,12.262,12.785,12.162,12.681,5628514,0
1997-09-15,12.681,12.877,12.562,12.63,5135641,0
1997-09-16,12.63,13.348,12.58,13.297,6191133,0
1997-09-17,13.297,13.424,13.101,13.144,3276943,0
1997-09-18,13.168,13.297,12.998,13.007,2381999,0
1997-09-19,13.066,13.22,12.785,13.101,4315588,0
1997-09-22,13.075,13.126,12.877,12.922,3004061,0
1997-09-23,12.877,13.075,12.708,12.726,5796087,0
1997-09-24,12.803,12.828,12.383,12.407,3521274,0
1997-09-25,12.357,12.758,12.21,12.656,4321671,0
1997-09-26,12.656,12.726,12.407,12.502,1741681,0
1997-09-29,12.529,12.606,12.289,12.529,2505567,0
1997-09-30,12.529,12.681,12.383,12.562,1740745,0
1997-10-01,12.562,12.758,12.562,12.621,1146766,0
1997-10-02,12.606,12.656,12.502,12.597,695083,0
1997-10-03,12.606,12.656,12.162,12.179,5115515,0
1997-10-06,12.179,12.459,12.179,12.357,3041037,0
1997-10-07,12.341,12.383,11.623,12.162,9409571,0
1997-10-08,12.162,12.21,11.768,11.888,8900313,0
1997-10-09,11.922,12.083,11.745,12.066,3464172,0
1997-10-10,11.989,12.357,11.989,12.083,3259625,0
1997-10-13,12.144,12.237,11.922,12.041,1788490,0
1997-10-14,11.989,12.083,11.521,11.955,4992880,0
1997-10-15,11.922,12.306,11.87,11.903,4412943,0
1997-10-16,11.845,12.144,11.649,11.793,3118271,0
1997-10-17,11.793,11.973,11.649,11.649,5281678,0
1997-10-20,11.655,12.237,11.504,12.237,5279808,0
1997-10-21,12.237,12.529,12.21,12.357,5456269,0
1997-10-22,12.289,12.357,11.817,11.922,2415232,0
1997-10-23,11.745,11.973,11.57,11.717,4450856,0
1997-10-24,11.888,12.015,11.374,11.649,6678862,0
1997-10-27,11.623,11.664,10.691,10.691,6916637,0
1997-10-28,10.538,11.282,10.316,11.237,6616139,0
1997-10-29,11.282,11.717,11.1,11.451,4574426,0
1997-10-30,11.297,12.21,11.178,11.888,5258275,0
1997-10-31,12.041,12.237,11.613,12.066,4537450,0
1997-11-03,12.162,12.486,12.162,12.434,2629136,0
1997-11-04,12.306,12.486,12.162,12.341,1388289,0
1997-11-05,12.306,12.58,12.162,12.486,1776789,0
1997-11-06,12.459,12.949,12.341,12.844,2245321,0
1997-11-07,12.681,12.851,12.58,12.699,2232688,0
1997-11-10,12.758,12.949,12.341,12.459,2233619,0
1997-11-11,12.529,12.726,12.434,12.656,2543482,0
1997-11-12,12.289,12.289,11.504,11.613,11825740,0
1997-11-13,11.664,11.989,11.649,11.973,4898329,0
1997-11-14,11.989,12.262,11.87,11.981,3115460,0
1997-11-17,12.015,12.237,11.922,12.187,2104434,0
1997-11-18,12.118,12.21,11.888,11.932,4510304,0
1997-11-19,11.989,11.989,11.735,11.759,2957719,0
1997-11-20,11.817,12.187,11.664,12.187,3968747,0
1997-11-21,12.237,12.306,11.745,11.845,2105837,0
1997-11-24,11.793,11.87,11.511,11.536,1699553,0
1997-11-25,11.649,11.947,11.649,11.852,2635221,0
1997-11-26,11.826,11.895,11.282,11.307,3657480,0
1997-11-28,11.282,11.852,11.227,11.649,2390893,0
1997-12-01,11.672,12.118,11.536,12.05,2173240,0
1997-12-02,12.091,12.289,12.05,12.171,2347362,0
1997-12-03,12.196,12.392,11.973,12.314,2058562,0
1997-12-04,12.511,12.562,11.999,12.066,2288384,0
1997-12-05,11.999,12.392,11.698,12.392,2260298,0
1997-12-08,12.468,12.511,12.05,12.144,2194300,0
1997-12-09,12.015,12.203,11.826,12.015,3602250,0
1997-12-10,11.973,12.118,11.793,11.947,2206941,0
1997-12-11,11.752,11.793,11.451,11.655,3130439,0
1997-12-12,11.752,11.752,11.203,11.358,2609477,0
1997-12-15,11.349,11.973,10.76,11.947,6813196,0
1997-12-16,11.947,12.091,11.383,11.597,4399371,0
1997-12-17,11.649,11.775,10.818,10.914,3013890,0
1997-12-18,10.956,11.332,10.914,11.134,5458142,0
1997-12-19,10.931,11.203,10.931,11.004,3565273,0
1997-12-22,11.004,11.255,11.004,11.092,2432079,0
1997-12-23,11.134,11.255,10.835,10.835,3316729,0
1997-12-24,10.861,11.315,10.861,11.187,2209747,0
1997-12-26,11.282,11.307,10.982,11.032,1467863,0
1997-12-29,11.1,11.672,11.032,11.631,1928442,0
1997-12-30,11.597,11.87,11.451,11.793,2608074,0
1997-12-31,11.698,12.171,11.53,11.922,2471867,0
1998-01-02,11.826,11.87,11.451,11.555,1739806,0
1998-01-05,11.631,11.826,11.358,11.672,2557992,0
1998-01-06,11.698,11.999,11.597,11.793,3005465,0
1998-01-07,11.793,11.852,10.716,11.237,15377438,0
1998-01-08,11.307,11.717,11.255,11.57,6410660,0
1998-01-09,11.555,11.597,11.307,11.504,5094452,0
1998-01-12,11.358,11.451,11.134,11.218,4445242,0
1998-01-13,11.187,11.227,10.434,10.434,11028148,0
1998-01-14,10.587,10.587,9.855,10.075,11804673,0
1998-01-15,10.075,10.288,9.2805,9.778,18905263,0
1998-01-16,8.4944,9.1177,8.4603,8.8614,56211219,0
1998-01-20,9.0928,9.2805,9.0083,9.2805,10666803,0
1998-01-21,9.3589,9.4371,9.2299,9.3923,8884399,0
1998-01-22,9.4371,9.769,9.3747,9.673,5422568,0
1998-01-23,9.82,9.869,9.726,9.869,8859592,0
1998-01-26,9.976,10.015,9.599,9.631,7371602,0
1998-01-27,9.647,9.778,9.555,9.699,7396408,0
1998-01-28,9.718,9.726,9.614,9.718,7656655,0
1998-01-29,9.751,10.195,9.726,9.82,5605116,0
1998-01-30,9.792,10.117,9.631,10.049,5109898,0
1998-02-02,10.171,10.316,9.921,9.997,4922669,0
1998-02-03,9.976,10.144,9.948,10.117,4797228,0
1998-02-04,10.092,10.117,9.997,10.083,3191290,0
1998-02-05,10.117,10.538,10.058,10.502,6881065,0
1998-02-06,10.494,10.878,10.221,10.878,4630597,0
1998-02-09,10.835,10.861,10.316,10.316,3823178,0
1998-02-10,10.367,10.613,10.272,10.564,4714379,0
1998-02-11,10.46,10.956,10.46,10.613,3776371,0
1998-02-12,10.656,11.332,10.418,11.255,7549936,0
1998-02-13,11.083,11.255,10.931,11.059,3572760,0
1998-02-17,11.282,11.597,11.152,11.187,4988201,0
1998-02-18,11.134,11.255,11.032,11.083,3715519,0
1998-02-19,11.1,11.1,10.785,10.861,3602719,0
1998-02-20,10.835,10.878,10.511,10.673,8000216,0
1998-02-23,10.716,10.76,10.511,10.639,2837897,0
1998-02-24,10.733,11.504,10.564,11.434,11998454,0
1998-02-25,11.383,11.53,10.991,11.059,6644690,0
1998-02-26,11.032,11.672,10.991,11.486,4917521,0
1998-02-27,11.434,11.504,11.227,11.349,3583061,0
1998-03-02,11.504,12.383,11.486,12.127,11085254,0
1998-03-03,12.05,12.401,11.947,12.299,6456059,0
1998-03-04,12.245,12.664,12.203,12.441,4783654,0
1998-03-05,12.271,12.638,12.203,12.219,3513784,0
1998-03-06,12.289,12.844,12.228,12.844,5990334,0
1998-03-09,12.811,12.989,12.689,12.922,6941917,0
1998-03-10,13.04,13.04,12.589,12.716,2760197,0
1998-03-11,12.664,12.742,12.203,12.228,5179171,0
1998-03-12,12.299,12.468,12.074,12.271,3175841,0
1998-03-13,12.219,12.299,11.8,11.938,2843045,0
1998-03-16,11.947,12.228,11.775,12.203,3280689,0
1998-03-17,12.203,12.366,11.8,11.845,2314597,0
1998-03-18,11.903,11.999,11.358,11.707,5309295,0
1998-03-19,11.604,11.726,11.486,11.631,7640741,0
1998-03-20,11.672,11.947,11.623,11.862,4326820,0
1998-03-23,11.932,12.127,11.717,11.775,2435357,0
1998-03-24,11.707,12.074,11.707,12.05,1938271,0
1998-03-25,12.024,12.299,12.024,12.271,3517530,0
1998-03-26,12.144,12.401,12.127,12.144,4006192,0
1998-03-27,12.171,12.323,12.074,12.245,3045253,0
1998-03-30,12.271,12.571,12.271,12.468,3158052,0
1998-03-31,12.52,12.859,12.366,12.63,2287451,0
1998-04-01,12.589,12.638,12.171,12.425,7050975,0
1998-04-02,12.494,13.28,12.425,12.98,8396668,0
1998-04-03,12.989,13.144,12.922,13.014,5971609,0
1998-04-06,13.084,13.16,12.768,12.922,5786723,0
1998-04-07,12.859,12.895,12.289,12.366,3560593,0
1998-04-08,11.672,12.05,11.486,12.05,20359084,0
1998-04-09,12.127,12.299,11.973,12.187,4721867,0
1998-04-13,12.187,12.349,11.973,12.349,5995482,0
1998-04-14,12.271,12.494,12.162,12.271,3294728,0
1998-04-15,12.299,12.401,12.127,12.401,3292858,0
1998-04-16,12.349,12.794,12.171,12.52,2794368,0
1998-04-17,12.545,12.638,12.425,12.468,2638499,0
1998-04-20,12.401,12.681,12.245,12.621,2921684,0
1998-04-21,13.211,13.263,12.859,13.04,3264308,0
1998-04-22,13.066,13.066,12.794,12.828,1887251,0
1998-04-23,12.794,12.895,12.768,12.895,1963078,0
1998-04-24,12.895,13.16,12.768,12.844,2363275,0
1998-04-27,12.664,12.922,12.571,12.794,4526685,0
1998-04-28,12.859,12.922,12.407,12.589,3229199,0
1998-04-29,12.468,12.877,12.366,12.768,3640163,0
1998-04-30,12.94,13.144,12.828,12.949,3455746,0
1998-05-01,12.949,13.014,12.621,12.844,2284639,0
1998-05-04,12.895,13.28,12.768,13.22,3691651,0
1998-05-05,13.144,13.263,12.965,13.144,2055286,0
1998-05-06,13.238,13.238,12.689,12.716,2757387,0
1998-05-07,12.742,13.014,12.716,12.922,1653218,0
1998-05-08,12.965,13.187,12.895,13.101,2241576,0
1998-05-11,13.014,13.238,12.664,12.689,3505825,0
1998-05-12,12.768,13.485,12.716,13.485,6052586,0
1998-05-13,13.656,13.69,13.27,13.614,4773358,0
1998-05-14,13.458,14.101,13.458,13.577,6313301,0
1998-05-15,13.577,13.614,13.211,13.263,3017167,0
1998-05-18,13.238,13.504,13.187,13.348,2045925,0
1998-05-19,13.338,13.639,13.338,13.432,1867125,0
1998-05-20,13.708,14.469,13.614,14.374,6273983,0
1998-05-21,14.33,14.895,14.177,14.895,5929016,0
1998-05-22,14.845,14.938,14.374,14.496,5488098,0
1998-05-26,14.469,14.819,14.425,14.425,3284901,0
1998-05-27,14.374,14.4,13.811,14.101,3655144,0
1998-05-28,14.031,14.255,13.811,14.255,1688791,0
1998-05-29,14.203,14.607,14.203,14.297,1874145,0
1998-06-01,14.281,14.879,14.281,14.607,4731698,0
1998-06-02,14.645,14.801,14.408,14.553,2387615,0
1998-06-03,14.479,14.571,14.101,14.177,1824060,0
1998-06-04,14.203,14.525,13.929,14.469,2637561,0
1998-06-05,14.434,14.946,14.339,14.895,4263628,0
1998-06-08,14.879,15.441,14.836,15.091,4148487,0
1998-06-09,14.991,15.023,14.553,14.742,4303420,0
1998-06-10,14.751,15.245,14.357,14.365,5665494,0
1998-06-11,14.391,14.571,13.981,14.161,3610676,0
1998-06-12,14.177,14.374,13.577,14.101,4944671,0
1998-06-15,13.888,13.981,13.485,13.577,3766074,0
1998-06-16,13.732,14.007,13.417,13.785,4046918,0
1998-06-17,13.888,14.33,13.758,14.227,2458289,0
1998-06-18,14.255,14.503,14.083,14.093,1624662,0
1998-06-19,14.307,14.479,13.896,14.007,2337532,0
1998-06-22,14.058,14.281,13.955,14.161,1692065,0
1998-06-23,14.161,14.161,13.904,13.955,3089248,0
1998-06-24,13.904,14.374,13.904,14.365,4789270,0
1998-06-25,14.357,14.895,14.357,14.663,3540466,0
1998-06-26,14.623,14.946,14.623,14.819,2684837,0
1998-06-29,14.946,15.296,14.863,15.263,2814494,0
1998-06-30,15.426,15.468,15.221,15.321,4803314,0
1998-07-01,15.468,15.596,14.879,15.272,2667520,0
1998-07-02,15.426,15.468,15.075,15.169,914607,0
1998-07-06,15.468,16.014,15.321,15.564,2114967,0
1998-07-07,15.766,16.014,15.426,15.441,1140213,0
1998-07-08,15.715,15.766,15.126,15.564,1424564,0
1998-07-09,14.972,15.245,14.058,14.879,7346326,0
1998-07-10,15.023,15.023,13.826,14.33,3386474,0
1998-07-13,14.525,14.682,14.227,14.479,1454287,0
1998-07-14,14.525,14.853,14.451,14.623,1367228,0
1998-07-15,14.879,14.92,14.177,14.227,1402332,0
1998-07-16,14.281,15.023,14.031,14.879,1530347,0
1998-07-17,14.972,15.169,14.7,14.819,993242,0
1998-07-20,14.774,14.946,14.374,14.503,1027876,0
1998-07-21,14.553,14.553,13.785,13.826,1770935,0
1998-07-22,13.888,14.33,13.785,13.826,1942013,0
1998-07-23,13.853,13.853,12.494,12.621,3939728,0
1998-07-24,12.742,13.118,12.245,12.401,3891521,0
1998-07-27,12.349,13.084,12.219,12.922,5290804,0
1998-07-28,13.066,13.535,12.589,12.844,4093254,0
1998-07-29,13.084,13.084,11.947,12.245,2467420,0
1998-07-30,12.441,12.844,12.401,12.621,3861327,0
1998-07-31,12.638,12.794,12.245,12.383,2507905,0
1998-08-03,12.401,12.589,12.05,12.401,1695810,0
1998-08-04,12.589,12.638,11.152,11.434,2384333,0
1998-08-05,11.597,12.144,11.227,12.05,3226863,0
1998-08-06,11.999,12.965,11.903,12.091,4517324,0
1998-08-07,12.091,12.844,12.05,12.245,3459257,0
1998-08-10,12.401,13.084,12.245,12.716,4531600,0
1998-08-11,12.401,12.689,11.932,12.196,2986273,0
1998-08-12,12.494,13.485,12.401,12.768,2840471,0
1998-08-13,13.955,14.479,13.732,13.922,8605427,0
1998-08-14,14.134,14.227,14.031,14.083,8126831,0
1998-08-17,14.134,14.726,13.981,14.525,6445998,0
1998-08-18,14.623,15.675,14.525,15.468,7420049,0
1998-08-19,15.426,15.468,14.879,15.126,3092526,0
1998-08-20,15.075,15.518,14.972,15.245,3565506,0
1998-08-21,15.221,15.221,14.571,15.049,3673395,0
1998-08-24,15.221,15.366,14.255,14.879,7815330,0
1998-08-25,14.972,15.221,14.682,14.92,2561265,0
1998-08-26,14.726,14.774,13.577,13.904,4649552,0
1998-08-27,13.767,13.87,12.716,13.324,4240229,0
1998-08-28,13.324,13.913,12.828,12.895,2307340,0
1998-08-31,13.014,13.287,11.826,11.903,2784300,0
1998-09-01,12.074,12.074,9.885,10.76,24905663,0
1998-09-02,10.982,11.408,10.878,11.076,8824951,0
1998-09-03,11.076,11.451,10.683,10.835,4595491,0
1998-09-04,11.032,11.134,10.144,10.434,2354620,0
1998-09-08,11.227,11.579,11.134,11.307,3422277,0
1998-09-09,11.434,11.486,10.683,10.785,5039456,0
1998-09-10,10.579,10.579,10.083,10.307,3614886,0
1998-09-11,10.485,10.785,10.236,10.683,3162734,0
1998-09-14,10.982,11.775,10.878,11.504,3256112,0
1998-09-15,11.932,12.476,11.775,12.203,4089745,0
1998-09-16,12.494,12.52,12.203,12.323,2953274,0
1998-09-17,12.1,12.1,11.579,11.775,1711024,0
1998-09-18,11.8,12.219,11.631,11.932,2420847,0
1998-09-21,11.775,11.826,11.282,11.579,1846058,0
1998-09-22,11.672,11.775,10.956,10.982,2374977,0
1998-09-23,11.134,11.134,10.46,10.579,4462324,0
1998-09-24,10.605,10.639,10.083,10.083,3034952,0
1998-09-25,10.144,10.485,10.083,10.212,4187336,0
1998-09-28,10.383,10.46,9.885,9.939,3800943,0
1998-09-29,9.989,9.989,8.742,8.7759,7756353,0
1998-09-30,8.9217,9.862,8.7934,9.846,7134289,0
1998-10-01,9.537,10.083,9.1964,9.509,5967395,0
1998-10-02,9.638,10.408,9.537,10.236,4314415,0
1998-10-05,9.989,10.383,9.885,10.187,3134652,0
1998-10-06,10.383,10.835,10.34,10.434,2672901,0
1998-10-07,10.434,10.835,9.792,10.144,1945291,0
1998-10-08,9.734,9.81,9.2981,9.573,2341510,0
1998-10-09,9.846,10.083,9.444,9.573,2479121,0
1998-10-12,9.939,10.434,9.734,10.083,2031884,0
1998-10-13,10.033,10.683,9.939,9.989,2138838,0
1998-10-14,10.083,10.307,9.939,10.144,1738640,0
1998-10-15,10.236,11.282,10.117,11.032,3850329,0
1998-10-16,11.434,11.775,11.076,11.53,2236662,0
1998-10-19,11.408,11.775,11.134,11.504,1259101,0
1998-10-20,11.53,11.579,10.579,10.579,2693733,0
1998-10-21,10.639,10.861,10.187,10.835,2410083,0
1998-10-22,10.931,10.931,10.383,10.656,2641308,0
1998-10-23,10.683,10.785,10.187,10.383,3211178,0
1998-10-26,10.383,10.785,10.34,10.579,1483540,0
1998-10-27,10.785,11.134,9.989,9.989,2327234,0
1998-10-28,10.033,10.538,9.939,10.007,1869933,0
1998-10-29,10.144,10.931,10.007,10.785,2071202,0
1998-10-30,10.835,11.255,10.733,10.861,1623258,0
1998-11-02,11.032,11.332,10.76,11.227,1057365,0
1998-11-03,11.227,11.579,10.878,10.931,1656726,0
1998-11-04,11.255,12.1,11.211,12.1,4390011,0
1998-11-05,11.826,12.024,11.434,11.88,2469760,0
1998-11-06,11.88,12.571,11.707,12.171,2226133,0
1998-11-09,12.05,12.949,11.726,12.52,3901582,0
1998-11-10,12.28,12.972,11.88,11.932,3777778,0
1998-11-11,12.1,12.673,11.981,12.219,3553805,0
1998-11-12,13.27,13.495,12.621,13.417,8743744,0
1998-11-13,13.417,13.913,13.324,13.767,3888942,0
1998-11-16,13.767,14.016,13.168,13.568,1506944,0
1998-11-17,13.568,13.962,13.118,13.623,2899684,0
1998-11-18,13.716,13.811,13.27,13.716,901265,0
1998-11-19,13.639,13.716,13.194,13.417,1481669,0
1998-11-20,13.811,14.313,13.417,14.237,3043847,0
1998-11-23,14.33,15.554,14.211,15.477,3913750,0
1998-11-24,15.358,15.46,14.46,14.63,4050425,0
1998-11-25,14.742,15.339,14.391,15.339,1918376,0
1998-11-27,15.288,15.288,14.792,14.938,599593,0
1998-11-30,15.134,15.417,14.836,14.836,2339169,0
1998-12-01,14.792,15.039,14.297,14.742,2547227,0
1998-12-02,14.792,14.792,13.749,14.347,2485907,0
1998-12-03,14.297,14.623,13.204,13.247,1706110,0
1998-12-04,13.424,14.297,13.424,13.896,2494567,0
1998-12-07,13.749,14.023,13.545,13.896,1386886,0
1998-12-08,13.844,13.946,12.571,12.972,3460662,0
1998-12-09,13.441,14,13.297,14,5226913,0
1998-12-10,14.041,14.281,13.648,13.648,3631037,0
1998-12-11,13.568,14.093,12.998,13.896,2116603,0
1998-12-14,13.818,13.818,12.869,13.023,2902488,0
1998-12-15,13.348,13.896,13.092,13.844,2284173,0
1998-12-16,13.844,14.041,13.568,13.896,1856826,0
1998-12-17,13.946,14,13.424,13.522,1708682,0
1998-12-18,13.522,13.648,13.247,13.27,2218876,0
1998-12-21,13.424,13.844,13.348,13.545,1804638,0
1998-12-22,13.495,13.596,12.851,13.092,1883505,0
1998-12-23,13.144,14,13.048,14,1775850,0
1998-12-24,13.962,14,13.204,13.22,528449,0
1998-12-28,13.648,13.844,13.297,13.716,1013133,0
1998-12-29,13.69,14.742,13.648,14.143,2264045,0
1998-12-30,14.194,14.645,13.545,13.623,1257232,0
1998-12-31,13.749,14,13.545,13.818,662547,0
1999-01-04,13.922,14.588,13.247,13.749,2370063,0
1999-01-05,13.794,14.496,13.767,14.374,1960969,0
1999-01-06,14.347,15.039,14.169,14.938,3150097,0
1999-01-07,14.792,14.895,14.297,14.544,2001459,0
1999-01-08,14.544,14.717,13.946,14.391,2130416,0
1999-01-11,14.938,15.339,14.588,14.895,3029335,0
1999-01-12,14.938,14.938,14.093,14.143,2046160,0
1999-01-13,13.844,14.391,13.545,13.69,2370295,0
1999-01-14,13.69,14.742,13.424,13.818,5368972,0
1999-01-15,13.946,14.374,13.896,14.347,2949999,0
1999-01-19,14.391,14.645,14.023,14.544,1872975,0
1999-01-20,14.645,14.69,14.117,14.588,1746361,0
1999-01-21,14.544,14.588,13.596,13.623,1771869,0
1999-01-22,13.297,15.039,13.144,14.717,4109171,0
1999-01-25,14.69,15.134,14.544,14.991,2671264,0
1999-01-26,15.091,15.589,15.091,15.349,4254270,0
1999-01-27,15.441,15.485,14.991,15.211,3263371,0
1999-01-28,15.185,16.331,15.134,16.135,6433126,0
1999-01-29,16.331,17.579,15.981,16.588,6833322,0
1999-02-01,16.679,17.008,16.041,16.733,4235314,0
1999-02-02,16.588,16.632,15.884,16.082,3938790,0
1999-02-03,16.041,17.655,15.884,17.605,4131402,0
1999-02-04,17.605,17.605,16.331,16.357,3056251,0
1999-02-05,16.279,16.835,16.082,16.116,1843951,0
1999-02-08,16.237,16.786,16.082,16.706,2918404,0
1999-02-09,16.588,16.733,15.793,15.793,2637094,0
1999-02-10,15.793,16.39,15.793,16.082,1604303,0
1999-02-11,16.331,16.484,15.884,16.458,2971529,0
1999-02-12,16.237,16.436,15.637,15.715,1723893,0
1999-02-16,15.589,16.51,15.589,16.186,2042882,0
1999-02-17,16.135,16.484,16.041,16.161,2062308,0
1999-02-18,16.135,16.39,15.837,16.237,2156388,0
1999-02-19,16.357,16.632,16.135,16.39,3201818,0
1999-02-22,16.535,17.579,16.484,17.475,4483622,0
1999-02-23,16.39,16.679,16.082,16.605,5028221,0
1999-02-24,16.623,17.107,15.884,15.884,3408003,0
1999-02-25,15.964,15.964,15.245,15.793,2916764,0
1999-02-26,15.819,16.366,15.766,16.066,1655556,0
1999-03-01,16.091,16.962,15.819,16.792,1756427,0
1999-03-02,16.571,17.314,15.869,16.091,2452204,0
1999-03-03,16.116,16.861,16.066,16.792,2980656,0
1999-03-04,16.768,16.962,15.819,16.768,3082698,0
1999-03-05,16.768,17.21,15.819,15.869,3856647,0
1999-03-08,16.27,16.366,14.872,15.964,3280221,0
1999-03-09,15.691,15.715,15.263,15.518,1521924,0
1999-03-10,15.564,15.675,15.075,15.288,1396717,0
1999-03-11,15.263,15.321,14.663,15.016,2573439,0
1999-03-12,15.016,15.339,14.972,15.118,1780764,0
1999-03-15,15.118,16.17,15.016,15.964,3050400,0
1999-03-16,16.066,16.066,15.321,15.398,1570604,0
1999-03-17,15.417,15.417,15.091,15.143,3229199,0
1999-03-18,15.143,15.843,14.726,15.843,3969448,0
1999-03-19,16.023,16.066,15.195,15.366,4262928,0
1999-03-22,15.366,15.398,15.016,15.288,3968747,0
1999-03-23,15.339,15.819,15.221,15.321,2920509,0
1999-03-24,15.564,15.564,15.169,15.245,4412007,0
1999-03-25,15.417,15.518,15.221,15.468,2508143,0
1999-03-26,15.545,15.596,15.016,15.049,2257726,0
1999-03-29,15.169,16.17,15.016,16.023,4120639,0
1999-03-30,15.964,16.51,15.819,16.314,3170692,0
1999-03-31,16.34,16.493,16.314,16.314,2165287,0
1999-04-01,16.366,16.417,16.27,16.297,2142348,0
1999-04-05,16.297,16.366,16.023,16.314,1832254,0
1999-04-06,16.27,16.792,16.27,16.34,1407482,0
1999-04-07,16.34,16.417,16.066,16.17,2267322,0
1999-04-08,16.221,16.819,16.116,16.792,4392586,0
1999-04-09,16.663,16.989,16.663,16.921,2242980,0
1999-04-12,16.623,17.562,16.623,17.417,1967756,0
1999-04-13,17.613,17.885,16.768,16.768,3557554,0
1999-04-14,16.921,17.016,14.742,14.845,4381115,0
1999-04-15,15.016,15.321,14.895,15.288,8793826,0
1999-04-16,15.564,15.869,14.92,15.675,3236923,0
1999-04-19,15.715,16.588,15.169,15.169,2718772,0
1999-04-20,15.221,15.74,15.118,15.169,1902462,0
1999-04-21,15.143,15.715,15.075,15.288,1263083,0
1999-04-22,15.564,15.612,15.016,15.195,1644088,0
1999-04-23,15.263,15.263,14.726,15.016,3066547,0
1999-04-26,14.518,15.169,13.87,15.075,3172564,0
1999-04-27,15.169,15.169,14.194,14.347,3270156,0
1999-04-28,14.347,14.819,14.117,14.117,3166010,0
1999-04-29,14.374,14.571,13.922,13.922,3406363,0
1999-04-30,14.194,14.425,13.826,14.041,3445918,0
1999-05-03,14.023,14.7,13.87,14.645,1642921,0
1999-05-04,14.774,15.075,14.101,14.143,1964482,0
1999-05-05,14.169,14.819,13.623,14.819,2296807,0
1999-05-06,14.819,14.872,13.545,13.623,2964743,0
1999-05-07,13.826,14.518,13.596,14.469,2437933,0
1999-05-10,14.451,14.726,13.568,13.922,2199920,0
1999-05-11,13.922,14.313,13.568,14.313,2197577,0
1999-05-12,14.313,14.469,13.716,14.023,3057419,0
1999-05-13,14.219,14.645,13.972,14.194,3955877,0
1999-05-14,13.168,13.324,12.171,12.949,10087098,0
1999-05-17,12.794,13.402,12.777,13.348,3621206,0
1999-05-18,13.476,13.922,13.22,13.623,2547227,0
1999-05-19,13.376,13.376,12.219,13.075,5861615,0
1999-05-20,13.126,13.126,12.673,12.922,2426461,0
1999-05-21,12.949,13.623,12.726,13.204,4308332,0
1999-05-24,13.168,14.272,13.168,13.699,5865595,0
1999-05-25,13.568,14.872,13.168,13.22,5400802,0
1999-05-26,13.605,14.203,13.504,14.161,4804248,0
1999-05-27,13.955,14.101,13.554,13.683,3100717,0
1999-05-28,13.732,14.307,13.732,14.203,1616709,0
1999-06-01,14.408,14.408,13.41,13.776,3778479,0
1999-06-02,13.749,14.801,13.749,14.792,3087844,0
1999-06-03,14.654,14.654,13.955,14.083,1920717,0
1999-06-04,14.357,14.509,13.776,13.946,3179352,0
1999-06-07,13.955,14.058,13.504,14.058,2502524,0
1999-06-08,14.058,14.058,13.392,13.485,2636627,0
1999-06-09,13.554,14.058,13.348,13.955,7357794,0
1999-06-10,13.904,14.101,13.605,13.683,1505542,0
1999-06-11,13.656,13.708,13.204,13.305,1026706,0
1999-06-14,13.331,13.424,13.204,13.229,490537,0
1999-06-15,13.204,13.28,13.111,13.111,1168062,0
1999-06-16,13.187,13.424,13.187,13.41,746570,0
1999-06-17,13.485,13.656,13.424,13.554,464090,0
1999-06-18,13.554,13.981,13.528,13.955,804375,0
1999-06-21,13.955,13.981,13.811,13.879,545299,0
1999-06-22,13.826,13.826,13.449,13.504,587659,0
1999-06-23,13.504,13.504,13.187,13.256,497320,0
1999-06-24,13.058,13.204,13.007,13.187,695550,0
1999-06-25,13.28,13.348,13.135,13.256,1278296,0
1999-06-28,13.256,13.256,13.151,13.204,635868,0
1999-06-29,13.135,13.449,12.98,13.449,744932,0
1999-06-30,13.41,13.554,13.256,13.41,720825,0
1999-07-01,13.41,14.203,13.41,14.203,1101364,0
1999-07-02,14.058,14.177,14.007,14.161,559109,0
1999-07-06,14.101,14.134,13.904,14.031,631657,0
1999-07-07,14.007,14.134,13.981,14.101,461050,0
1999-07-08,13.811,14.058,13.749,13.981,1290464,0
1999-07-09,14.007,14.357,14.007,14.281,796888,0
1999-07-12,14.374,14.654,14.374,14.58,1203168,0
1999-07-13,14.509,15.007,14.451,14.757,1502265,0
1999-07-14,14.801,15.253,14.707,14.955,1564512,0
1999-07-15,15.211,15.554,15.211,15.305,1235465,0
1999-07-16,15.398,15.749,15.398,15.537,853991,0
1999-07-19,15.605,15.656,14.783,14.783,2106775,0
1999-07-20,14.757,14.93,14.58,14.63,785651,0
1999-07-21,14.58,14.607,14.101,14.101,1485414,0
1999-07-22,14.134,14.134,13.204,13.256,4164870,0
1999-07-23,13.229,13.256,12.153,12.28,4364732,0
1999-07-26,12.332,13.256,12.253,12.851,2651371,0
1999-07-27,13.111,13.204,12.877,13.058,1047538,0
1999-07-28,13.151,13.151,12.758,12.931,857268,0
1999-07-29,12.877,12.877,12.486,12.63,910630,0
1999-07-30,12.63,12.904,12.502,12.58,717548,0
1999-08-02,12.606,13.058,12.606,12.803,1205743,0
1999-08-03,12.708,12.708,12.253,12.374,1066957,0
1999-08-04,12.425,12.554,11.8,11.8,891903,0
1999-08-05,11.852,12.357,11.604,11.826,1249274,0
1999-08-06,11.8,12.1,11.408,11.604,1060174,0
1999-08-09,11.555,11.649,11.255,11.358,850013,0
1999-08-10,11.358,11.604,10.803,11.152,972179,0
1999-08-11,11.307,11.826,11.307,11.631,772310,0
1999-08-12,11.826,12.153,11.8,11.932,1280165,0
1999-08-13,12.554,13.256,12.529,12.554,2889853,0
1999-08-16,12.529,12.606,12.486,12.606,485855,0
1999-08-17,12.656,12.681,12.306,12.374,641257,0
1999-08-18,12.306,12.502,12.179,12.449,644064,0
1999-08-19,12.407,12.407,11.999,11.999,1056427,0
1999-08-20,12.153,12.374,12.058,12.374,634935,0
1999-08-23,12.449,12.758,12.425,12.708,821694,0
1999-08-24,12.606,12.656,12.407,12.656,577128,0
1999-08-25,12.835,13.118,12.434,12.434,1707979,0
1999-08-26,12.434,12.459,11.989,11.989,1410288,0
1999-08-27,11.955,11.989,11.53,11.579,1694172,0
1999-08-30,11.707,11.735,11.579,11.613,1080535,0
1999-08-31,11.613,11.613,11.358,11.358,1062047,0
1999-09-01,11.307,11.332,11.1,11.227,2389488,0
1999-09-02,11.187,11.187,10.861,10.982,1180705,0
1999-09-03,11.032,11.134,10.931,11.032,1669365,0
1999-09-07,11.187,11.227,10.835,10.931,2113327,0
1999-09-08,10.878,10.931,10.683,10.76,2588414,0
1999-09-09,10.656,10.906,10.656,10.835,1379160,0
1999-09-10,10.835,10.956,10.709,10.76,3375238,0
1999-09-13,10.931,11.459,10.878,11.004,2724856,0
1999-09-14,10.878,11.307,10.878,10.931,1309890,0
1999-09-15,11.032,11.152,10.785,10.861,1150276,0
1999-09-16,10.931,11.032,10.53,10.724,934964,0
1999-09-17,10.724,11.059,10.724,10.861,796182,0
1999-09-20,10.931,11.083,10.683,10.709,579233,0
1999-09-21,10.803,10.931,10.683,10.835,988794,0
1999-09-22,10.861,11.1,10.803,10.931,721295,0
1999-09-23,10.956,11.152,10.683,10.724,648039,0
1999-09-24,10.724,10.956,10.63,10.656,466663,0
1999-09-27,10.982,11.187,10.835,10.835,1095046,0
1999-09-28,10.835,11.032,10.63,10.803,1705172,0
1999-09-29,10.835,10.956,10.803,10.878,1579729,0
1999-09-30,10.835,10.956,10.683,10.835,2103263,0
1999-10-01,10.835,10.931,10.683,10.724,1251146,0
1999-10-04,10.878,11.332,10.878,11.227,1449137,0
1999-10-05,11.332,11.408,10.982,10.982,943858,0
1999-10-06,11.004,11.561,10.982,11.211,1721554,0
1999-10-07,11.211,11.486,11.152,11.263,680571,0
1999-10-08,11.307,12.228,11.307,11.707,1412864,0
1999-10-11,11.641,11.913,11.579,11.913,639849,0
1999-10-12,11.913,11.932,10.956,11.083,1058536,0
1999-10-13,11.083,11.083,10.485,10.53,1361140,0
1999-10-14,10.554,10.785,10.376,10.63,862181,0
1999-10-15,10.63,10.63,10.135,10.376,979430,0
1999-10-18,10.28,10.28,9.957,10.058,1143255,0
1999-10-19,10.135,10.307,9.599,9.878,1311758,0
1999-10-20,9.982,9.982,9.801,9.828,582977,0
1999-10-21,9.903,9.903,9.4767,9.673,1535963,0
1999-10-22,9.673,9.801,9.502,9.528,1652751,0
1999-10-25,9.4271,9.4767,9.2805,9.2805,1015706,0
1999-10-26,9.4499,9.708,9.4271,9.4271,2321150,0
1999-10-27,9.4271,9.4499,9.2805,9.3589,912029,0
1999-10-28,9.4271,9.855,9.4002,9.631,2154520,0
1999-10-29,9.673,10.579,9.673,10.007,3131374,0
1999-11-01,10.007,10.024,9.528,9.647,1227041,0
1999-11-02,9.726,10.075,9.708,9.982,1561474,0
1999-11-03,9.957,9.957,9.2222,9.2222,2564311,0
1999-11-04,9.4271,9.4767,9.2222,9.3747,1513264,0
1999-11-05,9.582,9.673,9.2981,9.3589,1656491,0
1999-11-08,9.3589,9.4271,9.178,9.2805,844395,0
1999-11-09,9.3224,9.4002,8.7759,8.854,2936660,0
1999-11-10,8.93,9.0244,8.7759,8.8188,3197136,0
1999-11-11,8.93,9.0244,8.6994,8.6994,1498985,0
1999-11-12,9.0244,9.178,8.7253,8.8188,3675972,0
1999-11-15,8.9478,9.0748,8.8698,9.0083,2235960,0
1999-11-17,8.8014,9.05,8.75,8.9816,3332176,0
1999-11-18,8.9816,9.502,8.9816,9.2981,4166973,0
1999-11-19,9.4767,9.878,9.153,9.828,3805158,0
1999-11-22,9.93,9.957,9.631,9.903,3163205,0
1999-11-23,10.376,11.032,9.855,10.835,4924541,0
1999-11-24,10.878,10.906,10.228,10.502,2425295,0
1999-11-26,10.587,10.914,10.564,10.666,516747,0
1999-11-29,10.691,11.014,10.564,10.991,1713366,0
1999-11-30,11.143,11.272,10.666,11.195,1658134,0
1999-12-01,11.092,11.211,10.716,11.211,992306,0
1999-12-02,11.119,11.162,10.46,10.666,1116813,0
1999-12-03,10.809,10.991,10.691,10.768,1454287,0
1999-12-06,10.768,10.785,10.236,10.357,1837867,0
1999-12-07,10.212,10.34,9.989,10.058,1106046,0
1999-12-08,10.108,10.288,10.058,10.108,773952,0
1999-12-09,10.135,10.236,9.912,10.033,916243,0
1999-12-10,9.989,10.058,9.836,10.033,971476,0
1999-12-13,10.033,10.058,9.801,9.801,1186789,0
1999-12-14,9.862,10.288,9.836,9.912,1603602,0
1999-12-15,9.862,9.957,9.681,9.681,1242721,0
1999-12-16,9.836,9.878,9.631,9.655,1686449,0
1999-12-17,9.607,10.307,9.607,10.033,1884675,0
1999-12-20,10.007,10.34,9.4856,9.607,1293274,0
1999-12-21,9.607,10.46,9.607,10.187,1730681,0
1999-12-22,10.163,10.263,9.957,10.212,659041,0
1999-12-23,10.511,10.613,10.083,10.263,1678725,0
1999-12-27,10.46,10.691,10.288,10.288,1085687,0
1999-12-28,10.418,10.485,10.34,10.485,732058,0
1999-12-29,10.434,10.564,10.288,10.288,395283,0
1999-12-30,10.288,10.511,10.263,10.418,694383,0
1999-12-31,10.357,10.666,10.263,10.587,494279,0
2000-01-03,10.538,10.613,10.263,10.357,1032324,0
2000-01-04,10.163,10.263,9.93,9.957,815373,0
2000-01-05,9.93,10.033,9.734,9.784,650848,0
2000-01-06,9.912,10.434,9.784,10.263,1480030,0
2000-01-07,10.564,10.613,10.163,10.263,1017813,0
2000-01-10,10.212,10.236,10.058,10.163,520255,0
2000-01-11,10.108,10.163,9.93,10.033,1360674,0
2000-01-12,10.007,10.033,9.582,9.631,892607,0
2000-01-13,9.564,9.564,9.0748,9.2037,1858461,0
2000-01-14,9.3068,9.528,9.2299,9.3312,1117046,0
2000-01-18,9.1348,9.2542,8.9478,9.0577,1158234,0
2000-01-19,9.0577,9.4856,8.9816,9.3589,1103469,0
2000-01-20,9.3589,9.41,9.1017,9.1348,919520,0
2000-01-21,9.2542,9.3589,8.9478,8.9816,875990,0
2000-01-24,9.0577,9.1017,8.8014,8.8014,969603,0
2000-01-25,8.75,8.9816,8.7253,8.8281,936136,0
2000-01-26,8.8791,9.2805,8.8014,9.2037,1006814,0
2000-01-27,9.2037,9.3068,8.9478,9.0577,1332121,0
2000-01-28,8.9478,9.0083,8.6994,8.7759,1044026,0
2000-01-31,8.7759,8.854,8.5799,8.854,1051045,0
2000-02-01,8.8281,8.9816,8.5972,8.8791,996984,0
2000-02-02,8.854,9.0577,8.8014,8.905,676359,0
2000-02-03,8.93,9.41,8.93,9.0577,1280165,0
2000-02-04,9.1017,9.2542,9.0083,9.2542,1463880,0
2000-02-07,9.2299,9.3589,9.0748,9.1017,1836935,0
2000-02-08,9.1017,9.76,9.1017,9.564,1232189,0
2000-02-09,9.4499,9.528,9.2037,9.2037,2276448,0
2000-02-10,9.2037,9.3747,9.2037,9.2299,1443989,0
2000-02-11,9.2299,9.2299,8.854,8.854,2295403,0
2000-02-14,8.5543,8.5972,7.6482,8.4517,4981416,0
2000-02-15,8.2466,8.2724,8.1525,8.2208,1162214,0
2000-02-16,8.2724,8.2724,7.7423,7.8707,1595174,0
2000-02-17,7.845,7.9988,7.3492,7.9988,2544181,0
2000-02-18,8.3237,8.631,8.0754,8.4517,2492460,0
2000-02-22,8.4775,8.75,8.4517,8.5543,1887483,0
2000-02-23,8.4517,8.5543,8.4517,8.4517,1012198,0
2000-02-24,8.4517,8.4517,7.9988,8.0414,2078222,0
2000-02-25,8.1012,8.5799,8.0845,8.2298,1286483,0
2000-02-28,8.2809,8.486,8.1784,8.2552,1124298,0
2000-02-29,8.1784,8.7852,8.1356,8.6057,2326533,0
2000-03-01,8.6057,8.7168,8.486,8.6057,543896,0
2000-03-02,8.7168,9.0663,8.5286,8.6398,1588155,0
2000-03-03,8.9904,9.699,8.8871,9.0834,1915801,0
2000-03-06,9.0834,9.0834,8.7336,8.8871,1208317,0
2000-03-07,8.7168,8.7678,8.5286,8.5799,925137,0
2000-03-08,8.5117,8.9383,8.4348,8.8106,934731,0
2000-03-09,8.8365,9.2717,8.8106,9.0159,980134,0
2000-03-10,9.1444,9.1444,8.8871,8.9383,758971,0
2000-03-13,8.8614,8.8614,8.6057,8.7168,794078,0
2000-03-14,8.7852,8.8365,8.5117,8.5799,1172511,0
2000-03-15,8.5627,9.3923,8.5627,9.3923,1388523,0
2000-03-16,9.444,10.298,9.444,10.049,2570863,0
2000-03-17,10.049,10.049,9.547,9.664,1641049,0
2000-03-20,9.948,10.049,9.4916,9.743,1225402,0
2000-03-21,9.743,10.154,9.647,10.075,1377292,0
2000-03-22,9.869,9.997,9.647,9.948,684083,0
2000-03-23,9.997,11.211,9.869,11.134,3337090,0
2000-03-24,11.162,12.219,11.11,11.307,3022782,0
2000-03-27,11.416,11.922,11.358,11.641,1500392,0
2000-03-28,11.546,11.691,11.341,11.341,1092236,0
2000-03-29,11.307,11.588,10.991,11.162,1341483,0
2000-03-30,11.059,11.459,10.724,11.383,1841380,0
2000-03-31,11.641,12.091,11.383,11.922,2548160,0
2000-04-03,12.091,12.476,11.793,12.245,2272000,0
2000-04-04,12.425,13.28,11.888,12.494,3738926,0
2000-04-05,12.323,13.331,12.271,13.151,2139540,0
2000-04-06,13.135,13.229,12.777,12.904,1879760,0
2000-04-07,12.828,12.931,12.554,12.803,1108621,0
2000-04-10,12.75,13.211,12.699,12.931,787760,0
2000-04-11,12.931,13.058,12.803,12.998,1077724,0
2000-04-12,13.135,13.937,13.075,13.639,1987182,0
2000-04-13,13.794,13.888,13.458,13.562,1136468,0
2000-04-14,12.52,13.023,11.717,11.922,2478418,0
2000-04-17,11.817,11.922,11.11,11.29,1649703,0
2000-04-18,11.383,12.299,11.358,12.066,1090597,0
2000-04-19,11.999,12.425,11.999,12.323,631190,0
2000-04-20,12.127,12.171,11.845,11.973,878567,0
2000-04-24,12.066,12.571,12.05,12.52,2378956,0
2000-04-25,12.554,13.229,12.52,13.151,2006843,0
2000-04-26,13.211,13.211,12.441,12.476,2371934,0
2000-04-27,12.219,12.219,11.307,11.459,1916738,0
2000-04-28,11.459,11.511,11.11,11.237,1445161,0
2000-05-01,11.237,12.127,11.237,12.015,1165957,0
2000-05-02,11.922,11.973,11.664,11.817,1156829,0
2000-05-03,11.11,11.211,10.605,10.835,1445393,0
2000-05-04,10.914,11.187,10.683,10.861,1413563,0
2000-05-05,10.803,11.211,10.76,11.162,901733,0
2000-05-08,11.004,11.307,10.861,11.211,665359,0
2000-05-09,11.11,11.383,11.059,11.307,721994,0
2000-05-10,11.237,11.263,10.861,10.991,477194,0
2000-05-11,11.059,11.211,10.724,10.76,1230550,0
2000-05-12,10.298,10.476,10.127,10.221,1879993,0
2000-05-15,10.204,10.408,9.997,10.245,1736764,0
2000-05-16,10.452,10.683,10.434,10.452,2063480,0
2000-05-17,10.204,10.357,10.101,10.101,2839534,0
2000-05-18,10.204,10.434,10.154,10.357,1148637,0
2000-05-19,10.245,10.298,9.921,9.921,1409120,0
2000-05-22,10.101,10.298,10.024,10.075,740716,0
2000-05-23,9.976,10.28,9.895,10.101,436002,0
2000-05-24,10.024,10.024,9.547,9.664,963050,0
2000-05-25,9.778,9.921,9.599,9.699,1265653,0
2000-05-26,9.784,9.784,9.4499,9.502,673551,0
2000-05-30,9.528,9.912,9.502,9.81,512533,0
2000-05-31,9.734,10.236,9.734,10.195,510895,0
2000-06-01,10.144,10.195,9.528,9.708,1334227,0
2000-06-02,9.734,10.033,9.681,9.93,1360209,0
2000-06-05,9.836,9.912,9.655,9.708,742126,0
2000-06-06,9.4499,9.555,8.9732,9.0928,2177922,0
2000-06-07,9.582,10.666,9.528,10.418,3704289,0
2000-06-08,10.144,10.236,9.734,9.862,908519,0
2000-06-09,9.957,10.236,9.76,9.76,1043325,0
2000-06-12,9.784,10.007,9.699,9.699,500598,0
2000-06-13,9.655,9.836,9.582,9.708,754056,0
2000-06-14,9.878,10.34,9.878,10.212,1396248,0
2000-06-15,10.288,10.418,10.212,10.263,721295,0
2000-06-16,10.263,10.34,9.734,9.836,933328,0
2000-06-19,9.878,10.033,9.734,9.912,445602,0
2000-06-20,9.862,9.862,9.631,9.681,529147,0
2000-06-21,9.708,9.708,9.3747,9.4767,911795,0
2000-06-22,9.3747,9.681,9.2805,9.582,1153790,0
2000-06-23,9.631,9.878,9.582,9.878,536406,0
2000-06-26,9.878,10.144,9.734,9.836,946900,0
2000-06-27,9.93,10.391,9.76,10.236,1252551,0
2000-06-28,10.288,10.443,9.989,10.195,637507,0
2000-06-29,10.144,10.144,9.582,9.76,1494542,0
2000-06-30,9.734,10.007,9.734,9.784,901965,0
2000-07-03,9.734,9.878,9.555,9.555,530787,0
2000-07-05,9.681,9.708,9.4767,9.631,1646194,0
2000-07-06,9.2222,9.2222,8.8698,9.1264,4262693,0
2000-07-07,9.1264,9.4371,9.0244,9.4371,2041011,0
2000-07-10,9.4371,10.288,9.3224,10.212,1689494,0
2000-07-11,10.117,10.195,9.862,10.144,624872,0
2000-07-12,10.033,10.195,9.912,9.93,579703,0
2000-07-13,9.93,9.989,9.4767,9.502,1199657,0
2000-07-14,9.502,9.81,9.502,9.784,415175,0
2000-07-17,9.734,9.836,9.528,9.708,418451,0
2000-07-18,9.607,9.81,9.555,9.76,704441,0
2000-07-19,9.734,9.76,9.2981,9.3589,850481,0
2000-07-20,9.3747,9.502,9.2037,9.2464,781440,0
2000-07-21,9.153,9.2222,8.9217,9.0244,1063918,0
2000-07-24,8.9732,9.0244,8.6994,8.6994,820055,0
2000-07-25,8.7678,8.8963,8.6228,8.7934,1174148,0
2000-07-26,8.8963,9.2805,8.8448,9.0244,1013601,0
2000-07-27,9.0748,9.2037,8.8698,8.9999,1400224,0
2000-07-28,7.0931,7.3492,6.7168,7.3492,9071859,0
2000-07-31,7.2469,7.2469,6.9392,7.0931,3195970,0
2000-08-01,7.2469,7.3492,7.076,7.3236,1987415,0
2000-08-02,7.3492,7.7082,7.3236,7.6056,1989053,0
2000-08-03,7.4519,7.4775,7.2042,7.3492,1979930,0
2000-08-04,7.3236,7.4775,7.2981,7.4263,802269,0
2000-08-07,7.4263,7.5544,7.3492,7.5032,1326505,0
2000-08-08,7.5032,7.5544,7.3236,7.4775,869667,0
2000-08-09,7.4519,7.5032,7.2981,7.4519,1225636,0
2000-08-10,7.4775,7.4775,7.2042,7.2042,798991,0
2000-08-11,7.3492,7.4519,7.2981,7.4005,569636,0
2000-08-14,7.4005,7.4519,7.3236,7.3752,957669,0
2000-08-15,7.3236,7.3752,7.2042,7.2469,912498,0
2000-08-16,7.2469,7.3492,7.0931,7.2724,1567091,0
2000-08-17,7.17,7.2724,7.0161,7.0931,1231485,0
2000-08-18,7.0418,7.5544,6.9991,7.4005,1599620,0
2000-08-21,7.5289,7.6315,7.4005,7.6056,1532217,0
2000-08-22,7.6056,7.7513,7.5544,7.6742,838776,0
2000-08-23,7.7253,7.9133,7.5544,7.8022,614340,0
2000-08-24,7.8022,7.8621,7.6315,7.6742,699297,0
2000-08-25,7.7852,7.8621,7.6742,7.8022,551384,0
2000-08-28,7.7513,7.8621,7.6315,7.7082,648977,0
2000-08-29,7.6912,7.717,7.4347,7.6143,1287652,0
2000-08-30,7.5115,7.5374,7.3321,7.4862,988560,0
2000-08-31,7.3321,7.4605,7.0248,7.3321,3611143,0
2000-09-01,6.8281,7.7423,6.8281,7.717,4596896,0
2000-09-05,7.8193,7.845,7.1357,7.3833,1787788,0
2000-09-06,7.3321,7.6655,7.3321,7.6143,1040514,0
2000-09-07,7.717,7.717,7.4347,7.4862,835267,0
2000-09-08,7.4347,7.7423,7.3833,7.5882,1019453,0
2000-09-11,7.6655,7.8193,7.4605,7.5374,744228,0
2000-09-12,7.5115,7.5631,7.3066,7.4347,1404203,0
2000-09-13,7.3321,7.358,7.3066,7.3321,1450307,0
2000-09-14,7.3321,7.3833,7.2126,7.2297,1107448,0
2000-09-15,7.0248,7.4862,7.0248,7.2126,1703769,0
2000-09-18,7.2297,7.2297,6.9732,6.9732,1045194,0
2000-09-19,6.9304,6.9732,6.8537,6.8965,783309,0
2000-09-20,6.9304,6.9732,6.6656,6.6656,920455,0
2000-09-21,6.7681,6.8965,6.6486,6.7256,1262145,0
2000-09-22,6.572,6.6914,6.4435,6.572,1059941,0
2000-09-25,6.5973,6.6231,6.3667,6.3667,1161980,0
2000-09-26,6.3153,6.3153,6.0161,6.11,1609451,0
2000-09-27,6.0588,6.1869,5.9564,6.0588,1254892,0
2000-09-28,6.0588,6.2896,6.0588,6.1617,1086386,0
2000-09-29,6.11,6.5203,6.11,6.341,1823358,0
2000-10-02,6.3153,6.3153,6.0588,6.0588,1145364,0
2000-10-03,5.9564,6.2127,5.9564,6.0847,975455,0
2000-10-04,6.0334,6.4435,5.9395,6.1869,1089899,0
2000-10-05,6.341,6.9479,6.341,6.6656,3324453,0
2000-10-06,6.6231,6.6486,5.9819,6.0334,2114496,0
2000-10-09,6.1617,6.5458,6.1361,6.3923,987856,0
2000-10-10,6.341,6.5203,6.11,6.3923,1364886,0
2000-10-11,6.11,6.3923,5.9135,5.9564,2466718,0
2000-10-12,5.9564,6.0334,5.8025,5.8369,1088257,0
2000-10-13,5.777,6.1617,5.7596,6.0588,1726707,0
2000-10-16,6.0847,6.4177,6.0588,6.3667,1248335,0
2000-10-17,6.2896,6.3153,6.0847,6.1617,1016409,0
2000-10-18,6.11,6.1361,5.9135,6.0588,999327,0
2000-10-19,5.9395,6.4691,5.9395,6.3667,1627236,0
2000-10-20,6.341,6.4177,6.0588,6.1617,729250,0
2000-10-23,6.11,6.341,6.0588,6.11,609194,0
2000-10-24,6.1361,6.3923,6.0847,6.2127,830352,0
2000-10-25,6.2896,6.3153,6.0161,6.0847,668638,0
2000-10-26,6.0334,6.1617,5.9395,5.9819,535705,0
2000-10-27,6.0161,6.2127,6.0161,6.11,582510,0
2000-10-30,6.1617,6.5203,6.1361,6.4435,816545,0
2000-10-31,6.341,6.7681,6.341,6.6914,1723193,0
2000-11-01,6.5973,6.6486,6.4691,6.572,511833,0
2000-11-02,6.5973,7.1357,6.5203,7.0077,2372168,0
2000-11-03,7.0589,7.0844,6.7256,6.8708,1038174,0
2000-11-06,7.0248,7.358,6.8537,7.2551,2277149,0
2000-11-07,7.358,7.4862,7.3066,7.4605,2056456,0
2000-11-08,7.4095,7.7937,7.3321,7.7423,2252110,0
2000-11-09,7.5374,7.5631,7.1357,7.5115,1458499,0
2000-11-10,7.5115,7.5115,6.9732,7.1784,1135768,0
2000-11-13,7.0844,7.4095,7.0589,7.2895,834334,0
2000-11-14,7.3066,7.6655,7.2895,7.4605,863584,0
2000-11-15,7.358,7.4347,7.0844,7.3833,880201,0
2000-11-16,7.1357,7.1357,6.8281,7.0248,2087351,0
2000-11-17,7.0248,7.1613,6.9304,7.0844,762017,0
2000-11-20,7.0844,7.0844,6.7256,6.8708,705612,0
2000-11-21,6.8708,6.8965,6.4691,6.5458,1295142,0
2000-11-22,6.5458,6.572,6.3153,6.341,1230786,0
2000-11-24,6.4435,6.4691,6.3923,6.4177,355727,0
2000-11-27,6.5203,7.0248,6.5203,6.7256,1144896,0
2000-11-28,6.7341,6.7341,6.5549,6.7085,1271037,0
2000-11-29,6.6571,6.7085,6.5033,6.6571,1104406,0
2000-11-30,6.6314,6.6571,6.3496,6.5805,1587688,0
2000-12-01,6.6571,6.6828,6.4777,6.5549,557238,0
2000-12-04,6.4777,7.0418,6.4777,7.0161,2055988,0
2000-12-05,6.8621,7.2212,6.811,6.9392,1516536,0
2000-12-06,6.8367,7.1952,6.7853,6.8621,911096,0
2000-12-07,6.7853,6.7853,6.5549,6.7341,720825,0
2000-12-08,6.7599,6.8878,6.7085,6.8367,916008,0
2000-12-11,6.8621,6.8878,6.5549,6.6571,757803,0
2000-12-12,6.6571,6.8621,6.5289,6.7853,1711024,0
2000-12-13,6.811,6.811,6.4777,6.6314,575489,0
2000-12-14,6.5033,6.5805,6.3496,6.4007,612468,0
2000-12-15,6.2984,6.6058,6.2468,6.4007,1550474,0
2000-12-18,6.5549,6.7085,6.4777,6.6314,1175786,0
2000-12-19,6.6571,6.6828,6.2984,6.3238,883948,0
2000-12-20,6.1701,6.5033,6.1442,6.4777,944092,0
2000-12-21,6.0929,6.7085,6.0929,6.5033,1168299,0
2000-12-22,6.4264,6.8878,6.4007,6.8367,1005878,0
2000-12-26,6.7599,6.811,6.5289,6.6828,666526,0
2000-12-27,6.6058,7.5289,6.5805,7.5032,2000053,0
2000-12-28,7.5544,7.9391,7.3236,7.6824,1401633,0
2000-12-29,7.6056,7.657,7.4005,7.4519,754293,0
2001-01-02,7.4519,7.8109,7.4263,7.5032,1173211,0
2001-01-03,7.5289,8.0928,7.4263,8.0928,1897314,0
2001-01-04,7.9391,8.5543,7.7341,8.3491,1722725,0
2001-01-05,7.9905,7.9905,7.6056,7.7341,2132050,0
2001-01-08,7.6824,7.6824,7.3752,7.6056,1719685,0
2001-01-09,7.7082,7.7082,7.5802,7.6315,576661,0
2001-01-10,7.6315,7.7082,7.4263,7.5802,446302,0
2001-01-11,7.5802,7.7341,7.4519,7.5289,810458,0
2001-01-12,7.6315,7.7341,7.4519,7.7341,460109,0
2001-01-16,7.657,7.7341,7.4519,7.6824,1125468,0
2001-01-17,7.7082,7.7341,7.5544,7.7082,499899,0
2001-01-18,7.5544,7.6315,7.4005,7.4005,756164,0
2001-01-19,7.2981,7.3492,7.0418,7.17,808822,0
2001-01-22,7.0674,7.6056,7.0161,7.5544,974051,0
2001-01-23,7.5544,7.5802,7.4775,7.5544,627446,0
2001-01-24,7.4519,7.6315,7.4263,7.5802,718952,0
2001-01-25,7.5802,8.0674,7.4775,7.7852,1394609,0
2001-01-26,7.7852,7.9391,7.7341,7.8109,555599,0
2001-01-29,7.7594,8.0502,7.5973,8.0247,574553,0
2001-01-30,8.0247,8.1955,7.845,8.0075,718017,0
2001-01-31,7.9219,8.6057,7.9133,8.3577,1795276,0
2001-02-01,8.3577,8.4006,8.2039,8.3406,2629136,0
2001-02-02,8.3406,8.3491,8.1525,8.1784,1919781,0
2001-02-05,8.1955,8.298,7.9133,7.9133,1192637,0
2001-02-06,8.1525,8.2126,7.9391,7.9905,768099,0
2001-02-07,7.9905,8.3749,7.9905,8.2724,621361,0
2001-02-08,8.2298,8.2893,7.6143,7.7852,1555625,0
2001-02-09,7.7852,7.9817,7.4862,7.5115,850712,0
2001-02-12,7.6315,7.9475,7.5882,7.8707,1623491,0
2001-02-13,7.8877,7.9905,7.7937,7.9391,568234,0
2001-02-14,7.8877,8.0329,7.8022,7.9905,1073281,0
2001-02-15,7.9475,8.2724,7.8707,8.2724,1150042,0
2001-02-16,8.2298,8.5031,8.1955,8.409,1520051,0
2001-02-20,8.409,8.6741,8.2809,8.631,1568493,0
2001-02-21,8.5374,8.5374,7.9645,7.9817,2103263,0
2001-02-22,7.9734,7.9817,7.392,7.7423,2705667,0
2001-02-23,7.5802,7.9133,7.4175,7.7423,1399756,0
2001-02-26,7.8789,7.9645,7.7852,7.8877,1345928,0
2001-02-27,7.8877,7.8962,7.717,7.8193,1161511,0
2001-02-28,7.8193,7.8621,7.4005,7.5882,2164109,0
2001-03-01,7.5973,7.5973,7.3066,7.3752,2016436,0
2001-03-02,7.3066,7.3066,7.1016,7.3066,912498,0
2001-03-05,7.3066,7.4519,7.2469,7.2981,1175316,0
2001-03-06,7.2895,7.4095,7.264,7.3752,1677322,0
2001-03-07,7.3833,7.5115,7.3409,7.4946,1609918,0
2001-03-08,7.4862,7.5716,7.4605,7.5631,1191466,0
2001-03-09,7.5374,7.5631,7.4519,7.5289,782608,0
2001-03-12,7.5289,7.5289,7.264,7.2724,731591,0
2001-03-13,7.2042,7.2297,7.0161,7.1273,1049643,0
2001-03-14,7.0674,7.1016,6.8965,7.0589,851180,0
2001-03-15,6.8965,7.4095,6.8965,7.3066,1449372,0
2001-03-16,7.2042,7.3066,6.9732,6.9991,2405165,0
2001-03-19,7.1273,7.2297,7.1016,7.1613,971946,0
2001-03-20,7.264,7.4263,7.2212,7.2981,1320654,0
2001-03-21,7.2895,7.2981,7.1016,7.1016,933092,0
2001-03-22,7.0161,7.0161,6.6231,6.7085,1981095,0
2001-03-23,6.7085,6.9223,6.6314,6.7511,1480264,0
2001-03-26,6.8537,6.8878,6.6486,6.7599,1267995,0
2001-03-27,6.7681,6.7681,6.5033,6.6914,2512355,0
2001-03-28,6.6914,6.6914,6.4177,6.6144,972179,0
2001-03-29,6.5889,6.7681,6.4861,6.7341,852819,0
2001-03-30,6.7085,6.7681,6.5889,6.6999,1224933,0
2001-04-02,6.8024,6.8708,6.6914,6.7769,985281,0
2001-04-03,6.7085,6.8965,6.4861,6.5289,976860,0
2001-04-04,6.572,6.7085,6.5458,6.5889,728082,0
2001-04-05,6.6914,6.9392,6.5889,6.9223,1196150,0
2001-04-06,6.8367,6.9392,6.6314,6.845,1035132,0
2001-04-09,6.9732,7.0332,6.9132,6.9479,1314572,0
2001-04-10,6.9223,7.1784,6.9223,7.1016,818181,0
2001-04-11,7.1016,7.1442,6.8708,6.9562,1426671,0
2001-04-12,6.9479,6.9479,6.6914,6.8281,986687,0
2001-04-16,6.8281,6.8794,6.6486,6.7511,724101,0
2001-04-17,6.7511,6.9132,6.7427,6.811,655294,0
2001-04-18,6.8965,7.4005,6.8965,7.2895,1334696,0
2001-04-19,7.3066,7.3752,7.1871,7.3752,804375,0
2001-04-20,7.2981,7.3492,7.0844,7.1871,1297718,0
2001-04-23,7.1016,7.4263,7.1016,7.3409,1024839,0
2001-04-24,7.3236,7.3236,6.8281,7.0674,2556588,0
2001-04-25,7.0844,7.0844,6.9562,7.0161,871544,0
2001-04-26,7.0161,7.2382,6.9562,7.2297,1250912,0
2001-04-27,7.3066,7.5203,7.2895,7.4862,1315504,0
2001-04-30,7.4519,7.5882,7.3664,7.5716,817014,0
2001-05-01,7.5289,7.5973,7.5032,7.5973,459175,0
2001-05-02,7.6143,7.6742,7.5544,7.657,713336,0
2001-05-03,7.64,7.6742,7.5544,7.5882,820757,0
2001-05-04,7.5115,7.7513,7.4175,7.7341,796417,0
2001-05-07,7.64,7.64,7.4095,7.5115,1374481,0
2001-05-08,7.6143,7.6143,7.3492,7.4095,732993,0
2001-05-09,7.4519,7.4519,7.2895,7.3752,415410,0
2001-05-10,7.4433,7.7082,7.4347,7.5289,1108385,0
2001-05-11,7.5802,7.6143,7.4691,7.5289,642191,0
2001-05-14,7.3833,7.4946,7.3236,7.4095,1083808,0
2001-05-15,7.4095,7.4347,7.3492,7.392,982242,0
2001-05-16,7.392,7.5115,7.3151,7.4862,1375419,0
2001-05-17,7.4691,7.6482,7.4519,7.64,1001899,0
2001-05-18,7.64,7.6998,7.4775,7.6655,1075386,0
2001-05-21,7.5716,7.8193,7.5544,7.8022,1478160,0
2001-05-22,7.8193,7.8962,7.7852,7.8535,1493371,0
2001-05-23,7.8535,7.8535,7.4433,7.5716,1018516,0
2001-05-24,7.5882,7.6742,7.5882,7.64,1227974,0
2001-05-25,7.4946,7.657,7.4519,7.64,957199,0
2001-05-29,7.6998,7.7423,7.657,7.717,924204,0
2001-05-30,7.6742,7.6998,7.6056,7.6056,901500,0
2001-05-31,7.5973,7.6998,7.5716,7.6655,637274,0
2001-06-01,7.657,7.6655,7.4605,7.4862,614807,0
2001-06-04,7.4175,7.5115,7.3236,7.4263,599827,0
2001-06-05,7.4263,7.6315,7.3752,7.6315,781676,0
2001-06-06,7.5716,7.657,7.5289,7.5882,378199,0
2001-06-07,7.4946,7.5882,7.4005,7.4691,593044,0
2001-06-08,7.4691,7.6315,7.4691,7.5882,304710,0
2001-06-11,7.5544,7.64,7.5115,7.6315,685720,0
2001-06-12,7.5716,7.657,7.5032,7.6056,563553,0
2001-06-13,7.6056,7.657,7.5882,7.6056,501067,0
2001-06-14,7.5882,7.6315,7.4519,7.4605,324369,0
2001-06-15,7.2551,7.4433,7.2551,7.4095,1132488,0
2001-06-18,7.3664,7.5544,7.3409,7.4433,534065,0
2001-06-19,7.4862,7.5882,7.3833,7.4347,625573,0
2001-06-20,7.4433,7.5032,7.4347,7.4691,579233,0
2001-06-21,7.4095,7.5882,7.3833,7.5716,844863,0
2001-06-22,7.5716,7.5716,7.4005,7.4946,601702,0
2001-06-25,7.4519,7.4862,7.3664,7.4433,1022263,0
2001-06-26,7.4005,7.4862,7.3664,7.4433,1004473,0
2001-06-27,7.4775,7.4775,7.2981,7.3321,401369,0
2001-06-28,7.3321,7.5115,7.3236,7.5115,759438,0
2001-06-29,7.4433,7.7852,7.4433,7.6742,971009,0
2001-07-02,7.6742,7.717,7.4691,7.4862,625341,0
2001-07-03,7.5716,7.5716,7.4433,7.4691,312664,0
2001-07-05,7.3236,7.4095,7.281,7.3236,1629579,0
2001-07-06,7.3066,7.3066,7.0332,7.0332,1289762,0
2001-07-09,7.076,7.1357,7.0332,7.1101,979430,0
2001-07-10,7.281,7.4263,7.1952,7.3409,1586752,0
2001-07-11,7.3492,7.5716,7.3236,7.5289,1339843,0
2001-07-12,7.657,7.845,7.5882,7.8109,707253,0
2001-07-13,7.8109,7.9645,7.6912,7.9645,908519,0
2001-07-16,7.9645,8.0674,7.9391,7.9645,532428,0
2001-07-17,7.9391,8.0075,7.8707,7.9645,553254,0
2001-07-18,7.9645,8.2552,7.9219,8.2552,1142086,0
2001-07-19,8.1697,8.486,8.1101,8.469,1819149,0
2001-07-20,8.4517,8.7678,8.4348,8.7086,1874379,0
2001-07-23,8.6482,8.8281,8.614,8.75,1158000,0
2001-07-24,8.682,8.9904,8.6482,8.9904,2143752,0
2001-07-25,8.9904,9.3589,8.9816,9.3068,3629165,0
2001-07-26,9.3491,9.3923,8.8791,8.9383,2331444,0
2001-07-27,8.9816,9.0159,8.7678,8.9562,1348270,0
2001-07-30,8.9383,9.0748,8.7678,9.0663,727144,0
2001-07-31,9.0748,9.41,9.0083,9.3068,926310,0
2001-08-01,9.2717,9.3491,9.1348,9.2376,880436,0
2001-08-02,9.178,9.3667,9.1017,9.3403,821460,0
2001-08-03,9.3403,9.4916,9.2376,9.4916,1330953,0
2001-08-06,9.4916,9.502,9.2299,9.2628,1566858,0
2001-08-07,9.2222,9.2222,8.93,9.0577,2429274,0
2001-08-08,9.0577,9.2902,8.8871,8.9383,1529411,0
2001-08-09,8.9999,9.0244,8.8106,8.854,818885,0
2001-08-10,8.7678,8.8614,8.6653,8.7678,1099491,0
2001-08-13,8.854,8.8698,8.6913,8.7934,585786,0
2001-08-14,8.7678,8.905,8.7253,8.7852,721059,0
2001-08-15,8.7852,8.9816,8.7678,8.9131,503873,0
2001-08-16,8.854,8.8791,8.7086,8.854,1155428,0
2001-08-17,8.8871,8.8871,8.6057,8.6228,1226808,0
2001-08-20,8.6228,8.7253,8.5799,8.682,746332,0
2001-08-21,8.682,8.682,8.2724,8.2724,1845826,0
2001-08-22,8.3577,8.3749,8.2724,8.3491,962113,0
2001-08-23,8.3577,8.3921,8.1101,8.2039,1008221,0
2001-08-24,8.2039,8.6482,8.1012,8.6482,957435,0
2001-08-27,8.6482,8.682,8.4006,8.4261,421963,0
2001-08-28,8.3832,8.3832,8.1955,8.2466,400433,0
2001-08-29,8.298,8.3063,8.1101,8.2298,486555,0
2001-08-30,8.2126,8.2466,7.8962,7.8962,737207,0
2001-08-31,7.956,8.332,7.9219,8.332,1220722,0
2001-09-04,8.332,8.7253,8.332,8.6228,1857060,0
2001-09-05,8.5627,8.6228,8.332,8.5031,1514434,0
2001-09-06,8.4348,8.4775,8.1525,8.2382,1083107,0
2001-09-07,8.1356,8.1356,7.8109,7.956,1510689,0
2001-09-10,7.8281,7.9305,7.8022,7.9049,1229147,0
2001-09-17,7.657,7.657,6.7769,6.7769,1641515,0
2001-09-18,6.7681,6.811,6.5549,6.6742,1499456,0
2001-09-19,6.6828,6.6914,6.341,6.5118,1789657,0
2001-09-20,6.4777,6.5033,6.153,6.1787,1444457,0
2001-09-21,5.9736,6.2726,5.9651,6.1701,1509287,0
2001-09-24,6.3153,6.7341,6.2984,6.7341,1695578,0
2001-09-25,6.8621,7.0418,6.5118,6.6486,2049670,0
2001-09-26,6.6486,6.6486,6.0075,6.204,3323749,0
2001-09-27,6.119,6.1272,5.7343,5.9906,2111220,0
2001-09-28,6.0418,6.1957,5.8881,6.0075,3182628,0
2001-10-01,6.0075,6.0075,5.7854,5.9223,2351807,0
2001-10-02,5.9651,6.2726,5.9223,6.2299,1436501,0
2001-10-03,6.2299,6.5973,6.1701,6.3667,2018308,0
2001-10-04,6.4607,6.6914,6.3153,6.5118,1826636,0
2001-10-05,6.4691,6.7085,6.3496,6.6402,944560,0
2001-10-08,6.435,6.4777,6.3496,6.4177,780738,0
2001-10-09,6.4177,6.4777,6.2555,6.3068,1268231,0
2001-10-10,6.3068,6.6058,6.0247,6.5805,3861091,0
2001-10-11,6.5458,6.9562,6.5203,6.8024,2084542,0
2001-10-12,6.7341,6.7427,6.5033,6.5889,737207,0
2001-10-15,6.572,6.6058,6.4777,6.572,586255,0
2001-10-16,6.6656,6.7341,6.6144,6.7256,571277,0
2001-10-17,6.6914,6.7341,6.3496,6.3496,1480967,0
2001-10-18,6.4007,6.4007,6.1957,6.2299,736972,0
2001-10-19,6.2468,6.5632,6.119,6.5118,1136233,0
2001-10-22,6.5118,6.5118,6.2726,6.2984,1495710,0
2001-10-23,6.3153,6.4777,6.1272,6.2214,1877890,0
2001-10-24,6.2299,6.2299,6.0675,6.0675,862414,0
2001-10-25,6.0505,6.3068,5.9135,6.2299,971009,0
2001-10-26,6.1869,6.4691,6.153,6.4518,1178362,0
2001-10-29,6.4435,6.4435,6.1701,6.1957,609426,0
2001-10-30,6.153,6.1701,5.8111,5.8624,973346,0
2001-10-31,5.9053,6.1869,5.8369,5.8624,1351077,0
2001-11-01,6.0247,6.0847,5.9477,6.0675,841585,0
2001-11-02,5.9651,6.2299,5.9223,6.0847,734865,0
2001-11-05,6.1272,6.4518,6.119,6.4435,1085687,0
2001-11-06,6.4435,6.5973,6.2299,6.5549,632127,0
2001-11-07,6.5203,6.6571,6.375,6.6402,1182338,0
2001-11-08,6.6402,6.9304,6.4777,6.5033,1229613,0
2001-11-09,6.4518,6.6058,6.4094,6.5549,322031,0
2001-11-12,6.4861,6.6571,6.3153,6.5203,405580,0
2001-11-13,6.6058,6.811,6.5632,6.7681,521895,0
2001-11-14,6.8367,7.2212,6.811,7.2126,1642921,0
2001-11-15,7.1871,7.6482,7.1784,7.4005,2716900,0
2001-11-16,8.614,8.8871,8.1525,8.2466,9181157,0
2001-11-19,8.3063,8.6482,8.2893,8.3491,2260999,0
2001-11-20,8.3491,8.5887,8.332,8.3749,1687616,0
2001-11-21,8.3063,8.5117,8.2724,8.3491,1429712,0
2001-11-23,8.4177,8.6741,8.3832,8.409,951351,0
2001-11-26,8.298,8.3749,8.1012,8.3406,2187284,0
2001-11-27,8.3063,8.409,8.1525,8.3151,1180938,0
2001-11-28,8.2208,8.2466,8.0928,8.1271,2061606,0
2001-11-29,8.1442,8.1442,7.9391,7.9817,1504371,0
2001-11-30,7.9988,8.0845,7.8022,7.8962,1517002,0
2001-12-03,7.8962,7.8962,7.6998,7.7684,1301229,0
2001-12-04,7.7253,7.9305,7.7082,7.8962,1174382,0
2001-12-05,7.8789,8.2809,7.8707,8.2382,1387587,0
2001-12-06,8.0928,8.3406,8.0928,8.2208,1163850,0
2001-12-07,8.0585,8.1184,7.9905,8.1101,1010794,0
2001-12-10,8.0928,8.1101,7.9988,8.0585,1016879,0
2001-12-11,7.956,8.0329,7.8535,7.9391,1250678,0
2001-12-12,7.845,7.9305,7.7253,7.8962,863817,0
2001-12-13,7.8109,7.8193,7.657,7.7513,898225,0
2001-12-14,7.7082,7.8535,7.6143,7.7852,692037,0
2001-12-17,7.8109,7.8707,7.5802,7.8535,1052920,0
2001-12-18,7.8535,7.9219,7.7684,7.8962,663721,0
2001-12-19,7.8962,7.9305,7.6824,7.9049,956730,0
2001-12-20,7.8877,8.1442,7.8621,8.0674,1499689,0
2001-12-21,8.0585,8.1356,8.0158,8.0845,1642921,0
2001-12-24,8.0845,8.1955,7.9988,8.1613,457772,0
2001-12-26,8.2382,8.5455,8.2298,8.3063,925607,0
2001-12-27,8.3151,8.4944,8.2208,8.3406,754760,0
2001-12-28,8.298,8.5117,8.2552,8.5031,839013,0
2001-12-31,8.5627,8.6398,8.4348,8.4432,1561243,0
