Date,Open,High,Low,Close,Volume,OpenInt
1995-01-03,8.0357,8.1224,7.9433,7.9565,1665680,0
1995-01-04,7.9955,8.0357,7.8305,7.9565,1479264,0
1995-01-05,7.9565,7.9955,7.8305,7.8305,1589060,0
1995-01-06,7.8766,7.8766,7.7041,7.7041,2180885,0
1995-01-09,7.7309,7.8766,7.7041,7.8305,1239754,0
1995-01-10,7.8766,8.1816,7.8766,7.9565,2484946,0
1995-01-11,8.0357,8.1224,7.9172,8.0357,860894,0
1995-01-12,8.0165,8.2875,8.0165,8.1816,1797195,0
1995-01-13,8.4538,8.6983,8.3281,8.6983,5593688,0
1995-01-16,8.6983,9.0774,8.6983,9.0774,4379266,0
1995-01-17,9.0774,9.4881,8.9516,9.1361,5554470,0
1995-01-18,9.1174,9.1174,8.8244,8.9516,2439693,0
1995-01-19,9.0302,9.0774,8.9096,8.9516,853044,0
1995-01-20,8.9516,9.0302,8.6196,8.6983,2171233,0
1995-01-23,8.6983,8.7457,8.4538,8.6196,2273790,0
1995-01-24,8.7457,8.7457,8.4932,8.7457,2060830,0
1995-01-25,8.579,8.872,8.5398,8.8244,2365488,0
1995-01-26,8.7848,8.8244,8.579,8.5857,1421342,0
1995-01-27,8.6196,8.6598,8.3674,8.6196,2473483,0
1995-01-30,8.579,8.6196,8.2491,8.2491,3445377,0
1995-01-31,8.2875,8.3281,8.0816,8.2875,3401337,0
1995-02-01,8.3674,8.4932,8.2875,8.4134,1540193,0
1995-02-02,8.3674,8.4134,8.2083,8.2875,1556483,0
1995-02-03,8.4134,8.5398,8.3281,8.4932,6791214,0
1995-02-06,8.4932,8.7457,8.4538,8.6323,2346792,0
1995-02-07,8.6983,8.9096,8.6323,8.7457,1924487,0
1995-02-08,8.8244,9.0774,8.7848,8.9096,1770648,0
1995-02-09,8.9096,8.9906,8.8244,8.9302,1584232,0
1995-02-10,9.0302,9.4493,8.9516,9.3607,3747020,0
1995-02-13,9.324,9.4881,9.324,9.4096,1744709,0
1995-02-14,9.4493,9.74,9.3607,9.719,1624657,0
1995-02-15,9.905,9.905,9.634,9.707,3023676,0
1995-02-16,9.78,9.78,9.613,9.74,1688605,0
1995-02-17,9.655,9.668,9.4493,9.655,1811071,0
1995-02-21,9.574,9.613,9.4096,9.4881,1284399,0
1995-02-22,9.4881,9.693,9.4493,9.613,1609573,0
1995-02-23,9.594,9.78,9.574,9.74,1395404,0
1995-02-24,9.655,9.719,9.4881,9.535,1754966,0
1995-02-27,9.4881,9.574,9.3607,9.3878,1440649,0
1995-02-28,9.4096,9.613,9.3878,9.613,1044292,0
1995-03-01,9.655,9.82,9.613,9.74,2030666,0
1995-03-02,9.693,9.74,9.555,9.58,869338,0
1995-03-03,9.535,9.78,9.4881,9.78,1111256,0
1995-03-06,9.74,10.315,9.613,10.07,6744758,0
1995-03-07,10.024,10.112,9.74,9.905,1744709,0
1995-03-08,9.945,9.987,9.74,9.945,843397,0
1995-03-09,10.024,10.024,9.655,9.905,2491581,0
1995-03-10,9.82,10.112,9.82,10.024,1719971,0
1995-03-13,9.945,10.315,9.945,10.17,1912420,0
1995-03-14,10.278,10.278,10.024,10.024,796939,0
1995-03-15,9.945,10.07,9.78,9.987,2205016,0
1995-03-16,9.987,10.07,9.905,10.024,1987231,0
1995-03-17,10.07,10.315,9.987,10.153,2202605,0
1995-03-20,10.198,10.528,10.198,10.315,1914834,0
1995-03-21,10.404,10.568,10.328,10.371,1009300,0
1995-03-22,10.315,10.528,10.278,10.442,2071087,0
1995-03-23,10.404,10.61,10.404,10.568,2600773,0
1995-03-24,10.61,10.647,10.484,10.568,1083508,0
1995-03-27,10.568,10.736,10.484,10.61,1323615,0
1995-03-28,10.736,10.736,10.568,10.689,1433413,0
1995-03-29,10.736,10.98,10.647,10.775,7867476,0
1995-03-30,10.9,10.98,10.357,10.568,7429489,0
1995-03-31,10.528,10.647,10.315,10.484,5695036,0
1995-04-03,10.357,10.528,10.315,10.484,2696091,0
1995-04-04,10.484,10.568,9.945,10.024,5083906,0
1995-04-05,9.866,10.198,9.668,10.198,9077675,0
1995-04-06,10.278,10.278,9.987,10.049,2104269,0
1995-04-07,10.153,10.484,9.987,10.385,3050226,0
1995-04-10,10.259,10.689,10.259,10.484,3142526,0
1995-04-11,10.528,10.61,10.243,10.315,3144332,0
1995-04-12,10.278,10.591,10.153,10.528,1753152,0
1995-04-13,10.862,10.98,10.689,10.792,2930774,0
1995-04-17,10.775,10.94,10.315,10.357,3091246,0
1995-04-18,10.442,10.528,9.987,10.153,2566384,0
1995-04-19,10.153,10.236,9.613,9.945,4895682,0
1995-04-20,9.905,10.024,9.693,9.987,1799003,0
1995-04-21,9.987,10.484,9.945,10.404,3652911,0
1995-04-24,10.289,10.61,10.278,10.568,2483136,0
1995-04-25,10.647,10.736,10.528,10.647,1124529,0
1995-04-26,10.775,10.94,10.528,10.647,2092806,0
1995-04-27,10.528,10.647,10.427,10.528,12454276,0
1995-04-28,10.528,10.568,10.198,10.278,3548539,0
1995-05-01,10.198,10.259,10.024,10.024,1659645,0
1995-05-02,10.07,10.198,10.024,10.153,1865969,0
1995-05-03,10.198,10.357,10.112,10.315,4620583,0
1995-05-04,10.357,10.9,10.357,10.484,6349606,0
1995-05-05,10.689,10.813,10.484,10.736,3985317,0
1995-05-08,10.61,10.98,10.61,10.9,3402545,0
1995-05-09,10.98,11.067,10.484,10.568,3133478,0
1995-05-10,10.736,10.775,10.236,10.442,2781161,0
1995-05-11,10.484,10.736,10.404,10.736,2632144,0
1995-05-12,10.647,11.106,10.568,10.591,3505702,0
1995-05-15,10.647,11.067,10.357,10.954,3401337,0
1995-05-16,10.862,11.269,10.689,11.212,4852244,0
1995-05-17,11.478,12.098,11.478,11.895,10196170,0
1995-05-18,11.935,12.306,11.729,11.875,7764919,0
1995-05-19,11.683,12.098,11.603,11.855,3456235,0
1995-05-22,11.935,12.392,11.935,12.392,4167514,0
1995-05-23,12.471,13.181,12.392,13.135,5465787,0
1995-05-24,13.301,13.34,12.557,12.805,4461917,0
1995-05-25,12.805,12.848,12.431,12.471,4044440,0
1995-05-26,12.266,12.392,11.895,12.14,2814946,0
1995-05-30,12.098,12.188,11.145,11.212,5110453,0
1995-05-31,11.269,11.808,10.9,11.563,6190336,0
1995-06-01,11.603,11.973,11.437,11.769,4795532,0
1995-06-02,11.644,12.225,11.523,12.08,3771757,0
1995-06-05,12.14,12.225,12.016,12.098,2170028,0
1995-06-06,12.14,12.188,11.603,11.644,2144689,0
1995-06-07,11.769,11.895,11.523,11.729,2030068,0
1995-06-08,11.808,11.935,11.729,11.895,1403246,0
1995-06-09,11.895,12.188,11.855,12.14,2022823,0
1995-06-12,12.306,12.518,11.855,11.973,6863001,0
1995-06-13,12.06,12.188,11.644,11.729,4020312,0
1995-06-14,11.523,12.188,11.523,11.973,3667989,0
1995-06-15,12.266,12.471,12.14,12.392,4949980,0
1995-06-16,12.392,12.518,12.188,12.266,1726607,0
1995-06-19,12.16,12.725,12.098,12.618,3134687,0
1995-06-20,12.762,12.97,12.678,12.909,2841485,0
1995-06-21,13.008,13.055,12.518,12.518,2331708,0
1995-06-22,12.6,12.848,12.518,12.805,2655074,0
1995-06-23,12.848,12.889,12.725,12.805,1427982,0
1995-06-26,12.678,12.848,12.344,12.373,2468653,0
1995-06-27,12.306,12.518,12.188,12.225,2129004,0
1995-06-28,12.225,12.636,12.06,12.431,4887237,0
1995-06-29,12.557,13.008,12.471,12.931,2886731,0
1995-06-30,13.008,13.135,12.805,12.805,2570007,0
1995-07-03,12.762,12.848,12.725,12.762,442212,0
1995-07-05,12.889,13.135,12.848,13.008,2198982,0
1995-07-06,13.181,13.718,13.135,13.673,2466239,0
1995-07-07,13.718,14.294,13.646,14.294,3511136,0
1995-07-10,14.217,14.545,14.217,14.381,1704288,0
1995-07-11,14.217,14.294,13.85,13.884,2440903,0
1995-07-12,14.005,14.335,13.923,14.256,3112966,0
1995-07-13,14.217,14.462,14.005,14.091,2910259,0
1995-07-14,13.843,14.294,13.758,14.256,2005935,0
1995-07-17,14.217,14.462,14.03,14.03,2274999,0
1995-07-18,14.005,14.03,13.385,13.466,2591726,0
1995-07-19,12.931,13.262,12.6,12.931,5902568,0
1995-07-20,13.055,13.262,12.97,13.154,1941983,0
1995-07-21,13.135,13.962,13.135,13.673,3560004,0
1995-07-24,13.758,14.665,13.718,14.568,3450204,0
1995-07-25,14.917,15.124,14.545,14.917,4318934,0
1995-07-26,14.878,15.29,14.839,15.215,4690561,0
1995-07-27,15.581,15.661,14.217,14.335,13098589,0
1995-07-28,14.587,14.753,13.843,14.091,5882661,0
1995-07-31,14.217,14.545,14.091,14.381,3464078,0
1995-08-01,14.42,14.587,13.884,13.962,3928007,0
1995-08-02,14.173,14.256,13.554,13.673,5269719,0
1995-08-03,13.428,13.698,13.22,13.385,3689709,0
1995-08-04,13.466,13.718,13.385,13.428,1835808,0
1995-08-07,13.591,13.718,13.34,13.34,1392389,0
1995-08-08,13.591,13.673,13.466,13.554,2693679,0
1995-08-09,13.843,13.884,13.591,13.673,1275953,0
1995-08-10,13.673,13.758,13.181,13.262,3007993,0
1995-08-11,13.466,14.381,13.428,14.381,5634109,0
1995-08-14,14.381,14.665,14.049,14.626,4922828,0
1995-08-15,14.665,14.791,14.335,14.648,3782616,0
1995-08-16,15.143,15.788,15.083,15.542,7498266,0
1995-08-17,15.503,15.503,14.791,14.958,5623847,0
1995-08-18,14.958,14.999,14.507,14.545,3411594,0
1995-08-21,14.665,14.753,13.758,13.923,5105018,0
1995-08-22,14.091,14.335,13.884,14.217,4245337,0
1995-08-23,14.42,14.791,14.294,14.42,5000049,0
1995-08-24,14.714,14.753,13.843,14.268,4527072,0
1995-08-25,14.381,14.42,14.069,14.294,3003770,0
1995-08-28,14.42,14.42,13.554,13.554,1961892,0
1995-08-29,13.632,13.718,12.742,13.466,7573070,0
1995-08-30,13.718,13.943,13.301,13.673,3851390,0
1995-08-31,13.798,14.381,13.718,14.173,2971799,0
1995-09-01,14.195,14.256,13.798,13.843,1444875,0
1995-09-05,14.005,14.381,13.798,14.294,2096426,0
1995-09-06,14.587,14.665,14.294,14.601,3388665,0
1995-09-07,14.878,14.958,14.42,14.527,2649638,0
1995-09-08,14.587,14.753,14.173,14.507,3156402,0
1995-09-11,14.462,15.456,14.462,15.376,4726160,0
1995-09-12,15.542,15.542,14.958,15.376,5204564,0
1995-09-13,15.376,15.415,14.898,15.083,5042879,0
1995-09-14,15.173,15.173,14.626,14.714,3418229,0
1995-09-15,14.462,14.839,14.217,14.839,5979790,0
1995-09-18,14.791,15.621,14.714,15.549,5333668,0
1995-09-19,15.456,15.747,15.25,15.621,3695138,0
1995-09-20,15.788,16.163,15.415,15.436,5491731,0
1995-09-21,15.376,15.503,14.791,15.173,4805189,0
1995-09-22,14.878,15.044,14.714,14.878,3868886,0
1995-09-25,14.958,14.958,14.294,14.42,2457801,0
1995-09-26,14.626,14.665,14.173,14.335,3174501,0
1995-09-27,14.049,14.173,12.678,13.385,11984918,0
1995-09-28,13.591,13.923,13.34,13.905,6052786,0
1995-09-29,14.091,14.13,13.055,13.301,7184558,0
1995-10-02,13.591,13.591,12.431,12.678,4292093,0
1995-10-03,12.848,12.848,11.523,12.725,7401433,0
1995-10-04,12.431,12.6,11.855,12.344,5723090,0
1995-10-05,12.266,13.181,12.266,13.181,5522496,0
1995-10-06,13.428,13.673,13.008,13.075,4943040,0
1995-10-09,13.008,13.181,12.518,12.678,3056559,0
1995-10-10,12.016,12.762,11.683,12.266,5573774,0
1995-10-11,13.008,13.181,12.188,13.095,4124679,0
1995-10-12,13.181,13.591,12.762,12.931,2300638,0
1995-10-13,13.428,13.591,13.095,13.181,3047811,0
1995-10-16,13.591,13.591,12.678,12.725,3530138,0
1995-10-17,13.008,14.587,12.678,14.256,3626365,0
1995-10-18,14.917,15.415,14.091,14.091,5349049,0
1995-10-19,14.005,14.335,13.758,14.294,2522649,0
1995-10-20,14.507,14.507,13.34,13.34,2046653,0
1995-10-23,13.181,14.256,13.008,13.843,3238144,0
1995-10-24,14.173,14.42,13.512,13.843,2626715,0
1995-10-25,13.758,13.758,13.095,13.181,3282191,0
1995-10-26,13.008,13.758,13.008,13.34,3278264,0
1995-10-27,13.591,14.335,13.428,14.005,4150922,0
1995-10-30,14.42,14.507,14.005,14.256,1452416,0
1995-10-31,14.42,14.587,14.005,14.173,1580011,0
1995-11-01,14.173,14.665,13.591,13.591,2544972,0
1995-11-02,13.758,14.335,13.591,14.256,2375144,0
1995-11-03,14.42,15.661,14.256,15.503,5409379,0
1995-11-06,15.415,15.415,14.665,14.665,1304913,0
1995-11-07,14.091,14.173,13.262,13.428,6815946,0
1995-11-08,13.923,14.091,13.135,13.301,3700868,0
1995-11-09,13.923,14.091,13.512,13.718,3420644,0
1995-11-10,13.591,14.005,13.34,13.591,1505505,0
1995-11-13,13.512,14.091,13.428,13.884,3055356,0
1995-11-14,13.512,13.843,12.848,12.931,2908451,0
1995-11-15,13.262,13.34,12.678,12.931,2944345,0
1995-11-16,12.848,13.34,12.678,12.762,1689509,0
1995-11-17,12.762,12.931,11.855,12.016,2659596,0
1995-11-20,12.188,12.344,10.112,10.112,6269972,0
1995-11-21,10.61,11.351,10.422,10.94,3925594,0
1995-11-22,11.145,11.603,10.112,10.442,4149109,0
1995-11-24,10.689,11.193,10.528,11.106,567390,0
1995-11-27,11.351,11.603,10.61,10.629,1932630,0
1995-11-28,10.568,11.855,10.442,11.769,2841485,0
1995-11-29,12.016,12.431,11.523,12.266,2796539,0
1995-11-30,11.935,12.266,11.269,11.437,2041827,0
1995-12-01,11.523,12.098,10.61,10.775,2884925,0
1995-12-04,10.9,11.683,10.442,11.437,5112260,0
1995-12-05,11.523,11.523,10.442,10.61,3623648,0
1995-12-06,11.018,11.018,10.442,10.61,3737065,0
1995-12-07,10.528,11.018,10.112,10.9,3947010,0
1995-12-08,10.98,11.683,10.775,11.683,4187420,0
1995-12-11,11.683,12.188,11.437,12.098,3012515,0
1995-12-12,11.935,12.098,11.193,11.193,2923531,0
1995-12-13,11.351,11.351,10.689,10.862,3473130,0
1995-12-14,10.862,10.862,9.78,9.78,5132470,0
1995-12-15,9.866,9.866,9.4493,9.613,5713436,0
1995-12-18,9.613,9.613,8.6983,9.203,5561108,0
1995-12-19,9.535,10.198,9.1174,10.198,5343023,0
1995-12-20,10.442,10.442,9.535,9.535,4293297,0
1995-12-21,9.693,9.866,9.203,9.283,3807651,0
1995-12-22,9.3607,9.78,9.203,9.693,3884872,0
1995-12-26,9.693,9.78,9.4493,9.4493,1947716,0
1995-12-27,9.613,9.613,9.1174,9.1174,2123573,0
1995-12-28,9.1174,9.1174,8.6196,8.6598,4264943,0
1995-12-29,8.6983,8.7848,8.6196,8.6391,6258208,0
1996-01-02,8.872,8.9516,8.6196,8.7848,4360262,0
1996-01-03,8.5398,8.5398,7.9565,8.1616,10187722,0
1996-01-04,8.1224,8.2875,7.4991,7.9565,7770349,0
1996-01-05,7.6249,8.4538,7.585,8.1224,5349049,0
1996-01-08,8.2083,8.6196,8.2083,8.5398,1942890,0
1996-01-09,8.3281,8.3281,7.2933,7.3725,5136692,0
1996-01-10,7.2136,7.9565,7.0417,7.2136,3901162,0
1996-01-11,7.7041,8.7848,7.6249,8.7848,4533105,0
1996-01-12,9.0302,9.535,8.5398,8.6983,5800611,0
1996-01-15,8.872,8.9906,7.8766,7.8766,2865613,0
1996-01-16,8.0357,9.3607,8.0357,9.203,6569804,0
1996-01-17,8.7848,9.4493,8.6983,9.0302,3137093,0
1996-01-18,9.283,9.866,9.203,9.866,2290083,0
1996-01-19,9.693,9.78,9.0302,9.203,2388416,0
1996-01-22,9.283,9.693,9.1174,9.535,3537079,0
1996-01-23,9.613,9.78,9.4493,9.574,1891304,0
1996-01-24,9.78,9.945,9.613,9.866,1372480,0
1996-01-25,9.987,10.357,9.3607,9.4493,5117690,0
1996-01-26,9.203,9.945,9.1174,9.78,1477454,0
1996-01-29,9.866,9.945,9.203,9.324,1713637,0
1996-01-30,9.3607,9.693,9.283,9.574,1893417,0
1996-01-31,9.613,9.866,9.203,9.78,1526922,0
1996-02-01,9.613,10.198,9.4493,9.945,1608965,0
1996-02-02,10.024,11.269,9.866,11.018,5420541,0
1996-02-05,11.106,11.683,10.689,11.683,5737265,0
1996-02-06,11.603,11.683,11.106,11.351,3277360,0
1996-02-07,11.437,11.437,9.693,9.987,7661455,0
1996-02-08,10.024,10.862,9.866,10.61,7222261,0
1996-02-09,10.442,10.94,10.278,10.357,2612538,0
1996-02-12,10.442,10.689,10.357,10.528,909152,0
1996-02-13,9.82,10.024,9.535,9.655,5251320,0
1996-02-14,9.945,10.112,9.1174,9.203,6128200,0
1996-02-15,9.3607,9.693,9.203,9.4493,3205570,0
1996-02-16,9.4493,9.613,8.9516,9.4096,2205924,0
1996-02-20,9.3607,9.613,9.0302,9.4493,1992660,0
1996-02-21,9.4493,9.866,9.4493,9.78,2555828,0
1996-02-22,10.024,10.024,9.535,9.78,4480315,0
1996-02-23,9.78,9.945,9.203,9.535,3459553,0
1996-02-26,9.613,9.74,9.203,9.4493,1637926,0
1996-02-27,9.4493,9.535,8.7848,8.872,2370623,0
1996-02-28,8.872,8.9516,8.4538,8.5398,4735812,0
1996-02-29,8.4538,8.4538,7.7906,7.9565,7935041,0
1996-03-01,7.9955,8.2083,7.5456,7.8766,5705596,0
1996-03-04,8.1224,8.1224,7.7906,7.8305,2358550,0
1996-03-05,7.9565,8.0357,7.7906,7.9565,1910312,0
1996-03-06,7.8305,7.9565,7.459,7.5456,4414259,0
1996-03-07,7.6249,7.7906,7.2136,7.3325,4825697,0
1996-03-08,7.2136,7.3725,7.0417,7.2541,7353775,0
1996-03-11,7.6249,7.7906,7.3725,7.459,3215825,0
1996-03-12,7.5456,7.5456,7.2136,7.2933,2813741,0
1996-03-13,7.585,7.6249,7.2933,7.3725,3330749,0
1996-03-14,7.3725,7.4991,7.3325,7.459,4482732,0
1996-03-15,7.4192,7.9565,7.2933,7.7906,4660395,0
1996-03-18,7.9955,8.6983,7.9955,8.6196,4780153,0
1996-03-19,8.579,8.872,8.3674,8.4932,3749129,0
1996-03-20,8.2491,8.3674,7.9565,8.0816,4417577,0
1996-03-21,8.2875,8.2875,7.9172,7.9565,3760295,0
1996-03-22,8.0357,8.2083,7.7041,8.0816,2078929,0
1996-03-25,8.1224,8.2083,7.6249,7.7906,2434570,0
1996-03-26,7.7041,7.7906,7.2933,7.3998,6077521,0
1996-03-27,7.459,7.7906,7.4192,7.585,2101855,0
1996-03-28,7.5456,7.6249,7.3725,7.4192,2372731,0
1996-03-29,7.5456,7.6249,7.4192,7.4991,1959478,0
1996-04-01,7.5456,7.6249,7.3725,7.4192,4881502,0
1996-04-02,7.3725,7.459,7.2541,7.2933,2825500,0
1996-04-03,7.3325,7.6649,7.2933,7.479,2530790,0
1996-04-04,7.6249,7.7906,7.459,7.4991,3264389,0
1996-04-08,7.2136,8.3674,7.1674,8.2491,4501735,0
1996-04-09,8.3674,8.579,8.0357,8.4134,3686692,0
1996-04-10,8.2875,8.7457,8.2083,8.5398,3924086,0
1996-04-11,8.4932,8.4932,8.0357,8.2491,2964860,0
1996-04-12,8.3674,8.3674,7.9565,8.1224,2178474,0
1996-04-15,8.4538,8.5398,8.2083,8.4538,3423354,0
1996-04-16,8.7457,8.9516,8.6196,8.872,7889498,0
1996-04-17,8.9516,9.0302,8.3674,8.4932,4605803,0
1996-04-18,8.5398,8.9906,8.4538,8.9516,2439090,0
1996-04-19,8.9906,9.1174,8.9516,8.9516,1984515,0
1996-04-22,9.1174,9.203,8.872,9.1564,1495249,0
1996-04-23,8.9906,9.945,8.9516,9.866,3805237,0
1996-04-24,10.198,10.689,10.024,10.357,6412347,0
1996-04-25,10.278,10.442,10.024,10.112,3021868,0
1996-04-26,10.153,10.442,9.866,9.945,3662258,0
1996-04-29,9.866,9.987,9.3607,9.693,1991450,0
1996-04-30,9.574,9.82,9.4096,9.574,2840275,0
1996-05-01,9.574,10.198,9.574,10.112,3926199,0
1996-05-02,10.357,10.528,9.866,9.987,4372632,0
1996-05-03,10.112,10.357,9.945,10.024,1373684,0
1996-05-06,9.945,10.198,9.866,10.112,2363678,0
1996-05-07,10.153,10.357,10.024,10.198,4427529,0
1996-05-08,10.112,10.198,9.78,10.024,2047256,0
1996-05-09,10.024,10.112,9.945,9.945,1348353,0
1996-05-10,10.112,10.112,9.945,10.024,1705795,0
1996-05-13,10.024,10.442,9.945,10.278,1270823,0
1996-05-14,10.357,10.404,10.198,10.259,1142021,0
1996-05-15,10.198,10.278,9.78,9.78,1656328,0
1996-05-16,9.693,10.024,9.535,9.905,1964003,0
1996-05-17,9.866,9.945,9.78,9.78,705849,0
1996-05-20,9.905,10.024,9.78,9.82,2310896,0
1996-05-21,9.82,9.866,8.7848,8.872,3287014,0
1996-05-22,8.872,9.0302,8.6983,8.7848,2454780,0
1996-05-23,8.7848,9.3607,8.6196,9.1564,2594743,0
1996-05-24,9.1174,9.3607,9.0302,9.0302,2147101,0
1996-05-28,9.1564,9.1564,8.6983,8.7848,1709116,0
1996-05-29,8.7848,8.8244,8.3674,8.4932,2118145,0
1996-05-30,8.579,8.6983,8.2083,8.6196,2302150,0
1996-05-31,8.7457,9.0302,8.6598,8.9516,3838121,0
1996-06-03,8.8244,8.872,8.4538,8.579,1772460,0
1996-06-04,8.7848,8.8244,8.6196,8.7848,2961844,0
1996-06-05,8.4538,8.7848,8.4134,8.7457,3303906,0
1996-06-06,8.6983,8.6983,8.2083,8.2875,3222761,0
1996-06-07,8.2491,8.2875,7.9565,8.2875,6168616,0
1996-06-10,8.2083,8.3281,7.9565,8.0816,2900610,0
1996-06-11,8.0816,8.3674,7.8305,8.2083,2925949,0
1996-06-12,8.4538,8.7848,8.3674,8.6196,3134078,0
1996-06-13,8.6983,8.7848,8.4538,8.6598,1179732,0
1996-06-14,8.5398,8.6598,8.3674,8.3674,1896437,0
1996-06-17,8.3674,8.4134,7.8305,7.9172,4220001,0
1996-06-18,7.7906,7.9565,7.7041,7.7906,3723792,0
1996-06-19,7.8766,8.0357,7.2136,7.3725,4933988,0
1996-06-20,7.2933,7.8766,7.2933,7.7906,3975065,0
1996-06-21,7.7906,7.7906,7.2933,7.3725,6161375,0
1996-06-24,7.3725,7.459,7.2933,7.3132,7262681,0
1996-06-25,7.3725,7.3725,7.0417,7.0417,2225229,0
1996-06-26,7.1674,7.1674,6.796,7.1276,2185105,0
1996-06-27,6.9611,7.2933,6.9611,7.2933,1829169,0
1996-06-28,7.459,7.8766,7.3325,7.7041,2865317,0
1996-07-01,7.7041,7.7041,7.5456,7.6249,3281886,0
1996-07-02,7.5456,7.6249,7.2933,7.3325,6149313,0
1996-07-03,7.3325,7.3725,7.0011,7.0011,2070182,0
1996-07-05,7.0011,7.0417,6.6701,6.8822,3465586,0
1996-07-08,7.0417,7.3325,6.8822,7.1674,1994470,0
1996-07-09,7.2136,7.2933,7.0011,7.1276,1701876,0
1996-07-10,7.1276,7.1276,6.9224,6.9611,1648186,0
1996-07-11,6.9611,6.9611,6.5508,6.6701,2523250,0
1996-07-12,6.796,6.8822,6.5508,6.7099,1658437,0
1996-07-15,6.5508,6.5508,5.9671,6.2194,1652103,0
1996-07-16,6.2194,6.796,6.2194,6.7099,3490018,0
1996-07-17,6.9224,7.0417,6.4646,6.6305,4391334,0
1996-07-18,6.6701,6.7099,6.5045,6.6305,2222514,0
1996-07-19,6.5508,6.6305,6.5045,6.5045,1528732,0
1996-07-22,6.5508,6.5508,6.4646,6.5045,978533,0
1996-07-23,6.5508,6.6701,6.1727,6.2194,1570960,0
1996-07-24,6.0469,6.299,5.9671,6.299,1973358,0
1996-07-25,6.3783,6.5045,6.2194,6.299,1129958,0
1996-07-26,6.299,6.4646,6.2194,6.299,3581118,0
1996-07-29,6.299,6.3388,6.007,6.007,1617417,0
1996-07-30,6.1727,6.259,6.0469,6.259,785787,0
1996-07-31,6.3388,6.5045,6.259,6.259,1412899,0
1996-08-01,6.3388,6.3783,6.0469,6.299,1270823,0
1996-08-02,6.4646,6.5508,6.3388,6.5045,1893417,0
1996-08-05,6.6305,6.796,6.4445,6.4646,1957669,0
1996-08-06,6.5045,6.6701,6.4445,6.6701,2477098,0
1996-08-07,6.796,7.7041,6.7099,7.585,4409432,0
1996-08-08,7.0417,7.3725,6.7563,6.796,5527322,0
1996-08-09,6.6305,6.9224,6.5508,6.6305,2201401,0
1996-08-12,6.7099,6.7099,6.5508,6.5905,968581,0
1996-08-13,6.3783,6.5905,6.0469,6.0469,1959176,0
1996-08-14,6.0934,6.3783,5.9671,6.3388,1636118,0
1996-08-15,6.299,6.4646,6.1332,6.1727,1139007,0
1996-08-16,6.2194,6.4646,6.1727,6.3388,640089,0
1996-08-19,6.4646,6.5045,6.299,6.5045,667842,0
1996-08-20,6.5045,6.5508,6.3783,6.5508,1262985,0
1996-08-21,6.4646,6.6701,6.4646,6.6701,991806,0
1996-08-22,6.7099,6.9611,6.6305,6.9611,5270324,0
1996-08-23,6.9611,6.9611,6.796,6.9224,2837563,0
1996-08-26,6.8822,6.9611,6.796,6.796,2682819,0
1996-08-27,6.796,6.9224,6.796,6.9224,1534466,0
1996-08-28,6.9224,6.9224,6.5905,6.7099,1506413,0
1996-08-29,6.7099,6.796,6.5905,6.6305,1180029,0
1996-08-30,6.6701,6.7099,6.5508,6.5508,775527,0
1996-09-03,6.299,6.5045,6.259,6.3783,1675025,0
1996-09-04,6.3783,6.5045,6.299,6.4247,692272,0
1996-09-05,6.3783,6.3783,6.0934,6.0934,2206824,0
1996-09-06,6.1332,6.1332,5.8876,5.9671,3309034,0
1996-09-09,5.8876,6.007,5.8413,5.8876,2778142,0
1996-09-10,5.9275,6.007,5.8014,6.007,1341712,0
1996-09-11,5.9671,6.259,5.9275,6.259,1557387,0
1996-09-12,6.299,6.3783,6.1332,6.2194,1161630,0
1996-09-13,6.259,6.3783,6.1332,6.2194,1159520,0
1996-09-16,6.3388,6.8822,6.299,6.8559,4402188,0
1996-09-17,7.2136,7.2541,6.9611,7.2541,4043837,0
1996-09-18,7.1276,7.1276,6.796,6.8357,3076469,0
1996-09-19,6.796,7.0011,6.7099,6.9611,1684380,0
1996-09-20,7.0417,7.2541,6.9611,7.0417,2665325,0
1996-09-23,7.0417,7.0875,6.8357,6.9611,615352,0
1996-09-24,7.0417,7.6249,6.9611,7.459,3448695,0
1996-09-25,7.585,7.7041,7.2933,7.5456,2660498,0
1996-09-26,7.5456,8.2083,7.4192,7.585,3122015,0
1996-09-27,7.6249,7.6249,7.2933,7.2933,1751648,0
1996-09-30,7.3725,7.585,7.2541,7.459,1542307,0
1996-10-01,7.459,7.459,7.0417,7.1674,1679250,0
1996-10-02,7.2933,7.4192,6.796,6.8822,2012567,0
1996-10-03,6.9611,7.0011,6.7563,6.8822,2422503,0
1996-10-04,6.9611,7.1276,6.9224,6.9611,2460209,0
1996-10-07,7.0943,7.1674,6.9224,7.0217,2572722,0
1996-10-08,7.0875,7.3325,7.0875,7.1674,3255340,0
1996-10-09,7.5456,7.8305,7.2933,7.7509,4391334,0
1996-10-10,7.7906,7.8305,7.459,7.585,2546179,0
1996-10-11,7.7041,8.1616,7.6249,8.1616,3314763,0
1996-10-14,8.2083,8.4134,8.1224,8.2491,2609523,0
1996-10-15,8.3281,8.4134,7.9172,8.0357,2917802,0
1996-10-16,8.0816,8.1224,7.7906,7.8305,1916946,0
1996-10-17,7.7041,7.8305,7.5456,7.7041,3424264,0
1996-10-18,7.8305,8.1224,7.7906,8.1224,2641796,0
1996-10-21,8.1616,8.4932,7.8766,7.8968,3940075,0
1996-10-22,7.8305,7.9172,7.7041,7.7509,3005883,0
1996-10-23,7.7509,8.0357,7.7041,7.8766,3306320,0
1996-10-24,7.9565,8.2083,7.8305,7.9172,1136892,0
1996-10-25,8.2875,8.3674,8.1224,8.1616,2550700,0
1996-10-28,8.2491,8.2875,8.0357,8.0357,1688001,0
1996-10-29,8.0816,8.1616,7.9172,7.9172,2738925,0
1996-10-30,7.9172,7.9565,7.8305,7.8766,2277109,0
1996-10-31,7.9172,8.0816,7.8766,8.0357,1445482,0
1996-11-01,8.1224,8.2491,8.0357,8.1616,1351666,0
1996-11-04,8.2083,8.4538,8.0816,8.4134,2494594,0
1996-11-05,8.4932,8.9096,8.4134,8.6598,4861295,0
1996-11-06,8.6598,9.0774,8.6196,8.9516,2364888,0
1996-11-07,8.9096,9.203,8.872,9.1174,2630335,0
1996-11-08,9.0302,9.1564,8.872,8.9516,1437034,0
1996-11-11,9.0302,9.0774,8.872,9.0774,1104318,0
1996-11-12,9.203,9.693,9.1564,9.535,4569601,0
1996-11-13,9.535,10.024,9.535,9.78,3577498,0
1996-11-14,9.78,10.236,9.655,10.198,3149464,0
1996-11-15,10.442,10.775,10.07,10.357,6840077,0
1996-11-18,10.198,10.278,9.535,9.866,3207984,0
1996-11-19,9.613,9.945,9.535,9.905,2487356,0
1996-11-20,9.866,10.198,9.82,10.153,2218594,0
1996-11-21,10.07,11.269,9.987,11.018,5687197,0
1996-11-22,12.266,13.262,12.188,12.762,24330299,0
1996-11-25,12.431,12.762,11.729,11.935,7213212,0
1996-11-26,11.895,11.895,11.193,11.563,5622039,0
1996-11-27,11.683,12.188,11.603,12.016,3032124,0
1996-11-29,12.016,12.016,11.769,11.769,449453,0
1996-12-02,11.808,12.14,11.523,12.098,2888544,0
1996-12-03,12.431,12.431,12.016,12.098,3895125,0
1996-12-04,12.098,12.098,11.769,11.973,2731688,0
1996-12-05,12.06,12.188,11.808,11.855,1277162,0
1996-12-06,11.603,11.808,11.351,11.563,2158863,0
1996-12-09,11.644,12.6,11.644,12.557,2549193,0
1996-12-10,12.678,12.725,12.188,12.266,4707754,0
1996-12-11,11.973,12.098,11.523,11.769,3976573,0
1996-12-12,11.973,12.225,11.769,11.973,6080539,0
1996-12-13,11.895,12.14,11.769,11.935,2315420,0
1996-12-16,11.973,12.06,11.437,11.437,1572470,0
1996-12-17,11.193,11.397,11.106,11.312,1900356,0
1996-12-18,11.351,12.266,11.351,12.225,4422705,0
1996-12-19,12.392,12.518,11.935,12.188,1594186,0
1996-12-20,12.431,12.471,11.788,11.855,2928356,0
1996-12-23,11.895,11.895,11.563,11.683,1406864,0
1996-12-24,11.683,11.935,11.683,11.935,256097,0
1996-12-26,11.855,12.098,11.855,11.935,1114574,0
1996-12-27,11.935,12.06,11.808,11.935,1415914,0
1996-12-30,11.935,11.973,11.855,11.895,686545,0
1996-12-31,11.895,11.973,11.729,11.769,1240966,0
1997-01-02,11.729,11.769,11.145,11.333,2412246,0
1997-01-03,11.523,11.973,11.478,11.973,1947111,0
1997-01-06,12.266,13.095,12.266,12.889,7342917,0
1997-01-07,12.97,12.97,12.678,12.97,3609772,0
1997-01-08,12.97,12.97,12.678,12.725,2783268,0
1997-01-09,12.762,12.931,12.762,12.805,3731034,0
1997-01-10,12.636,12.97,12.6,12.889,4173246,0
1997-01-13,12.931,13.385,12.848,13.262,4785278,0
1997-01-14,13.34,13.798,13.181,13.554,3169373,0
1997-01-15,13.34,13.632,13.22,13.428,19304912,0
1997-01-16,13.095,13.34,12.725,13.22,12882612,0
1997-01-17,13.385,14.13,13.385,14.049,10914989,0
1997-01-20,14.091,14.462,13.758,14.256,5079383,0
1997-01-21,14.256,14.753,14.173,14.294,3643861,0
1997-01-22,14.256,14.294,13.923,14.173,3021868,0
1997-01-23,14.049,14.665,14.005,14.381,6954095,0
1997-01-24,14.335,14.42,13.428,13.673,4196473,0
1997-01-27,13.632,13.718,13.028,13.199,3388363,0
1997-01-28,13.385,13.591,12.931,13.008,3370267,0
1997-01-29,13.055,13.428,13.008,13.055,2770301,0
1997-01-30,13.181,14.049,13.181,14.005,4126789,0
1997-01-31,14.091,14.381,14.049,14.13,5523101,0
1997-02-03,14.13,14.217,13.843,13.923,2252974,0
1997-02-04,13.923,14.049,13.262,13.466,4081242,0
1997-02-05,13.34,13.466,12.725,12.805,3776581,0
1997-02-06,12.931,13.008,12.6,12.931,5547232,0
1997-02-07,13.135,13.554,13.095,13.466,3323816,0
1997-02-10,13.466,13.512,13.008,13.055,2560054,0
1997-02-11,13.095,13.301,12.14,12.306,6999646,0
1997-02-12,12.805,14.587,12.725,14.507,16843496,0
1997-02-13,14.587,16.245,14.282,16.119,19928410,0
1997-02-14,15.833,16.45,15.503,15.953,9489114,0
1997-02-18,15.953,15.991,15.209,15.747,4690261,0
1997-02-19,15.747,16.497,15.376,15.503,6757730,0
1997-02-20,15.331,15.415,14.587,14.626,5930626,0
1997-02-21,14.545,14.587,13.962,14.173,5597606,0
1997-02-24,13.962,14.958,13.843,14.917,4362673,0
1997-02-25,15.209,15.209,14.42,14.626,3659248,0
1997-02-26,14.626,14.791,14.256,14.626,2791111,0
1997-02-27,14.545,14.665,13.512,13.512,3806747,0
1997-02-28,13.512,13.884,12.805,13.818,8731685,0
1997-03-03,13.591,14.049,13.301,13.512,4392541,0
1997-03-04,13.512,13.843,13.428,13.591,3203457,0
1997-03-05,13.632,13.798,13.385,13.554,1771252,0
1997-03-06,13.466,13.591,13.008,13.095,1851493,0
1997-03-07,13.135,13.673,12.762,13.367,5410886,0
1997-03-10,13.34,13.798,13.181,13.718,3251118,0
1997-03-11,13.884,13.884,13.22,13.22,2531397,0
1997-03-12,13.22,13.466,13.135,13.301,3142225,0
1997-03-13,13.22,13.632,13.181,13.301,2636667,0
1997-03-14,13.34,13.428,13.055,13.181,2914484,0
1997-03-17,13.008,13.008,12.098,12.306,5590063,0
1997-03-18,12.392,12.931,12.188,12.762,4314714,0
1997-03-19,12.725,12.762,11.895,11.895,8444824,0
1997-03-20,12.098,12.97,11.563,12.848,4918909,0
1997-03-21,12.188,12.848,12.14,12.188,5550853,0
1997-03-24,12.098,12.188,11.193,12.098,5371374,0
1997-03-25,12.188,12.6,11.855,12.471,2932880,0
1997-03-26,12.471,13.22,12.344,13.008,4660703,0
1997-03-27,13.055,13.095,12.6,12.678,2477098,0
1997-03-31,12.725,12.762,12.016,12.098,4295407,0
1997-04-01,11.973,12.344,11.769,11.973,2640287,0
1997-04-02,12.06,12.06,11.729,11.935,2925038,0
1997-04-03,11.973,12.266,11.855,12.14,6312502,0
1997-04-04,12.06,13.843,12.016,13.758,7611380,0
1997-04-07,13.923,14.791,13.798,14.626,7275654,0
1997-04-08,14.587,14.791,14.217,14.665,5841033,0
1997-04-09,14.753,15.331,14.714,15.083,8275600,0
1997-04-10,14.917,15.044,14.587,14.587,8273190,0
1997-04-11,14.256,14.42,13.262,13.718,5765016,0
1997-04-14,13.428,13.591,13.008,13.591,3626060,0
1997-04-15,13.843,14.005,13.181,13.22,3708107,0
1997-04-16,12.805,13.34,12.762,13.154,6013874,0
1997-04-17,13.262,14.237,13.181,14.091,4273390,0
1997-04-18,14.545,14.714,13.591,13.843,3515357,0
1997-04-21,13.718,13.758,13.055,13.135,4605803,0
1997-04-22,13.181,13.673,12.725,13.591,3637219,0
1997-04-23,13.673,14.791,13.512,14.626,5467900,0
1997-04-24,14.714,14.958,14.335,14.402,4316524,0
1997-04-25,14.381,14.462,13.673,13.758,2192650,0
1997-04-28,13.673,14.587,13.262,14.091,3718065,0
1997-04-29,14.507,15.25,14.335,15.044,4948167,0
1997-04-30,14.587,15.25,14.545,14.753,4597653,0
1997-05-01,14.839,15.621,14.791,15.581,4828414,0
1997-05-02,15.747,16.782,15.707,16.7,8526269,0
1997-05-05,16.575,16.74,15.991,16.369,6252775,0
1997-05-06,16.323,17.033,16.163,16.575,6736618,0
1997-05-07,16.575,16.868,16.163,16.245,3779297,0
1997-05-08,16.037,16.7,15.912,16.391,3381123,0
1997-05-09,16.411,16.575,15.991,16.245,2154943,0
1997-05-12,16.369,16.7,15.991,16.018,2358254,0
1997-05-13,15.991,16.245,15.542,15.853,3105423,0
1997-05-14,15.991,16.323,15.581,16.184,4956308,0
1997-05-15,16.119,16.7,16.119,16.615,4302344,0
1997-05-16,16.369,16.538,15.991,16.163,3570559,0
1997-05-19,16.163,16.245,15.581,15.581,2613444,0
1997-05-20,15.581,16.782,15.331,16.782,3908704,0
1997-05-21,16.907,16.988,16.163,16.245,4758433,0
1997-05-22,16.163,16.245,15.586,16.163,2440903,0
1997-05-23,16.323,16.615,16.119,16.45,2747072,0
1997-05-27,16.284,17.406,16.163,17.112,5009400,0
1997-05-28,17.112,17.61,16.411,16.497,4724350,0
1997-05-29,16.538,16.615,15.788,15.912,3126541,0
1997-05-30,14.545,16.079,14.294,15.767,10486955,0
1997-06-02,16.037,16.079,15.331,15.953,4006137,0
1997-06-03,15.747,15.953,15.331,15.331,5213612,0
1997-06-04,15.436,15.953,15.415,15.542,3041177,0
1997-06-05,15.503,15.747,15.209,15.376,2262631,0
1997-06-06,15.331,15.953,15.173,15.767,2659292,0
1997-06-09,15.747,16.391,15.747,15.933,1984819,0
1997-06-10,15.331,15.503,14.069,14.335,9785331,0
1997-06-11,13.923,14.753,13.385,14.753,11032626,0
1997-06-12,14.545,14.839,14.005,14.462,8093704,0
1997-06-13,14.462,15.376,14.462,15.331,7954350,0
1997-06-16,15.29,15.788,15.044,15.503,5035643,0
1997-06-17,15.331,16.43,15.25,16.163,5848272,0
1997-06-18,15.912,16.323,15.788,15.991,5748126,0
1997-06-19,15.991,16.657,15.661,16.575,4185008,0
1997-06-20,16.575,16.83,16.284,16.538,6504949,0
1997-06-23,16.615,17.159,16.497,16.762,3464679,0
1997-06-24,17.074,17.074,16.411,16.782,3606753,0
1997-06-25,16.7,17.033,16.47,16.683,2768189,0
1997-06-26,16.615,16.988,16.411,16.615,4194661,0
1997-06-27,16.74,17.239,16.119,16.205,4613341,0
1997-06-30,16.245,17.181,16.163,16.163,7422550,0
1997-07-01,16.037,17.366,15.991,17.279,7812877,0
1997-07-02,17.239,17.942,17.112,17.696,4692374,0
1997-07-03,17.822,18.193,17.648,17.98,2915084,0
1997-07-07,18.067,18.067,17.551,17.961,3942790,0
1997-07-08,17.902,18.233,17.696,18.233,3442057,0
1997-07-09,18.233,18.379,17.822,17.98,4941533,0
1997-07-10,17.902,18.399,17.366,18.254,4637474,0
1997-07-11,18.358,18.817,18.274,18.67,6277513,0
1997-07-14,18.605,19.685,18.605,19.558,6356541,0
1997-07-15,19.746,19.849,19.188,19.188,5309538,0
1997-07-16,19.394,19.849,18.976,19.685,8291890,0
1997-07-17,19.558,19.601,18.897,18.897,3501483,0
1997-07-18,18.817,18.897,17.863,18.233,4677896,0
1997-07-21,18.193,18.314,17.677,18.156,3059876,0
1997-07-22,18.193,19.373,18.156,19.228,6679002,0
1997-07-23,19.188,20.475,18.732,20.37,9811874,0
1997-07-24,20.301,21.342,19.558,21.111,11333363,0
1997-07-25,21.012,21.14,20.301,20.573,4200089,0
1997-07-28,20.554,21.051,20.097,21.012,5659746,0
1997-07-29,20.848,21.012,19.911,19.951,6785178,0
1997-07-30,19.726,19.785,19.307,19.664,5243170,0
1997-07-31,19.638,20.079,19.287,20.079,4410941,0
1997-08-01,20.097,20.594,19.726,20.448,5885069,0
1997-08-04,20.387,21.196,20.097,21.111,5977076,0
1997-08-05,21.217,22.007,21.196,21.801,7244583,0
1997-08-06,21.754,22.067,21.424,21.919,3583831,0
1997-08-07,22.007,22.133,21.363,21.608,3362126,0
1997-08-08,21.424,21.549,20.514,20.633,4505051,0
1997-08-11,20.633,20.72,19.726,20.33,4856768,0
1997-08-12,20.37,21.176,20.33,20.554,3688802,0
1997-08-13,21.424,22.173,20.848,21.841,10697500,0
1997-08-14,21.801,21.987,21.382,21.424,3593482,0
1997-08-15,21.508,22.291,20.925,22.026,5214217,0
1997-08-18,22.378,22.462,21.588,22.336,5204261,0
1997-08-19,22.291,23.042,22.085,22.979,6649137,0
1997-08-20,22.916,25.488,22.671,25.071,16461009,0
1997-08-21,24.864,24.944,24.12,24.16,8164296,0
1997-08-22,23.285,24.738,23.126,24.738,6796337,0
1997-08-25,24.612,25.361,24.28,24.493,6764970,0
1997-08-26,24.367,24.367,23.285,23.578,6049470,0
1997-08-27,23.578,23.788,22.75,23.537,5197928,0
1997-08-28,23.206,24.16,22.708,23.927,7310943,0
1997-08-29,23.909,23.909,23.313,23.499,3409785,0
1997-09-02,23.618,24.033,23.499,23.664,4809713,0
1997-09-03,23.578,24.326,23.41,23.764,6075411,0
1997-09-04,23.705,24.096,23.41,23.788,3236035,0
1997-09-05,23.976,24.075,23.332,23.888,4632643,0
1997-09-08,23.788,23.909,22.418,22.524,3659545,0
1997-09-09,22.583,23.332,22.583,23.166,6841888,0
1997-09-10,24.864,24.864,24.033,24.096,13315772,0
1997-09-11,24.096,24.241,22.211,23.723,25722084,0
1997-09-12,23.829,25.028,23.41,24.903,34443516,0
1997-09-15,24.738,24.944,23.644,23.829,8708156,0
1997-09-16,24.033,24.407,23.245,24.054,8440302,0
1997-09-17,24.241,24.367,23.537,23.743,4728269,0
1997-09-18,23.764,24.033,23.332,23.537,3436931,0
1997-09-19,23.537,23.743,23.126,23.166,4181387,0
1997-09-22,23.285,23.909,23.206,23.245,4685136,0
1997-09-23,23.285,24.28,23.245,24.075,4751195,0
1997-09-24,24.203,24.493,23.788,24.241,6485044,0
1997-09-25,23.996,24.182,23.664,24.033,2950984,0
1997-09-26,24.033,24.054,22.954,23.021,7699462,0
1997-09-29,23.245,23.996,22.834,23.499,4896587,0
1997-09-30,23.371,23.618,22.378,22.398,6099241,0
1997-10-01,22.622,22.622,20.885,21.588,12083857,0
1997-10-02,21.88,22.211,21.801,22.106,5013320,0
1997-10-03,22.462,22.954,22.085,22.462,7440953,0
1997-10-06,22.336,22.336,21.588,22.085,6336635,0
1997-10-07,22.211,22.462,21.96,22.398,4217584,0
1997-10-08,22.437,23.245,22.378,23.245,6728773,0
1997-10-09,23.206,23.788,22.834,23.371,6971596,0
1997-10-10,23.206,24.12,23.126,23.829,4353023,0
1997-10-13,24.075,24.531,23.618,23.743,6104671,0
1997-10-14,23.618,23.618,21.801,22.546,11289328,0
1997-10-15,22.378,22.916,21.96,22.026,7678952,0
1997-10-16,22.173,22.378,19.89,20.633,16699007,0
1997-10-17,20.184,20.301,18.314,19.228,26001104,0
1997-10-20,19.354,19.354,18.156,19.268,15195615,0
1997-10-21,20.016,20.594,19.394,20.514,22737013,0
1997-10-22,20.759,20.848,20.057,20.614,9424863,0
1997-10-23,19.354,19.811,19.023,19.307,17070328,0
1997-10-24,18.564,18.897,16.74,17.366,48929659,0
1997-10-27,17.074,17.239,15.25,15.415,15624248,0
1997-10-28,14.753,16.74,14.091,15.805,33598004,0
1997-10-29,16.079,16.7,15.09,15.331,17316774,0
1997-10-30,14.839,14.917,13.554,13.571,20043637,0
1997-10-31,14.462,14.665,13.301,14.568,17025988,0
1997-11-03,15.173,15.874,14.999,15.602,10539743,0
1997-11-04,15.641,17.218,15.083,17.132,12836760,0
1997-11-05,17.239,18.399,16.83,17.344,13097077,0
1997-11-06,17.279,17.61,15.953,16.284,8905737,0
1997-11-07,15.331,15.953,14.626,15.124,16992509,0
1997-11-10,15.503,15.542,14.507,14.714,7037953,0
1997-11-11,14.878,14.999,13.943,14.256,6373736,0
1997-11-12,14.005,14.15,11.973,12.14,25440649,0
1997-11-13,12.678,13.798,12.392,13.778,24988787,0
1997-11-14,14.173,14.714,13.632,13.923,16873059,0
1997-11-17,14.545,15.661,14.256,15.192,12851839,0
1997-11-18,15.083,15.25,14.462,14.462,6730580,0
1997-11-19,14.13,15.192,14.13,15.124,8061131,0
1997-11-20,15.376,15.991,14.999,15.747,9195615,0
1997-11-21,15.953,16.079,14.626,14.812,15104820,0
1997-11-24,14.568,14.753,13.34,13.534,8115431,0
1997-11-25,13.884,13.962,12.805,13.385,13998993,0
1997-11-26,13.512,13.737,12.6,12.848,9617917,0
1997-11-28,12.889,13.199,12.725,12.848,2403198,0
1997-12-01,13.181,13.611,12.848,13.135,12541753,0
1997-12-02,13.095,13.718,13.008,13.611,16745765,0
1997-12-03,13.632,13.632,12.889,13.095,12391533,0
1997-12-04,13.22,13.301,12.344,12.471,13962190,0
1997-12-05,12.392,13.554,12.392,13.407,13022877,0
1997-12-08,13.34,14.665,13.008,13.798,17100195,0
1997-12-09,13.611,14.13,12.99,13.135,9130154,0
1997-12-10,13.035,13.135,12.6,13.035,11475739,0
1997-12-11,12.6,12.848,11.769,12.016,15502087,0
1997-12-12,12.266,12.431,11.269,11.377,11738473,0
1997-12-15,11.478,11.973,11.125,11.397,16383486,0
1997-12-16,11.456,12.431,11.397,12.287,8561559,0
1997-12-17,12.518,12.678,11.437,11.523,10775326,0
1997-12-18,11.351,11.644,11.106,11.351,10741240,0
1997-12-19,11.437,12.762,11.351,12.538,12521238,0
1997-12-22,12.889,13.466,12.805,13.22,14624906,0
1997-12-23,13.242,13.242,12.225,12.287,6110702,0
1997-12-24,12.431,12.636,12.14,12.344,2003819,0
1997-12-26,12.518,12.762,12.431,12.725,1105827,0
1997-12-29,13.095,13.22,12.557,12.805,2730785,0
1997-12-30,12.762,13.008,12.471,12.678,6049772,0
1997-12-31,12.678,12.931,12.518,12.805,3163942,0
1998-01-02,12.762,13.428,12.557,13.428,3872807,0
1998-01-05,13.554,14.507,13.135,14.173,10043536,0
1998-01-06,13.884,14.091,12.931,12.95,7166757,0
1998-01-07,12.6,12.931,12.14,12.266,8393848,0
1998-01-08,12.016,12.762,12.016,12.12,7524506,0
1998-01-09,12.431,12.471,11.067,11.523,12913072,0
1998-01-12,11.193,11.769,11.067,11.351,9303902,0
1998-01-13,11.769,12.848,11.563,12.705,12495905,0
1998-01-14,12.678,12.678,11.808,12.098,10400987,0
1998-01-15,11.935,12.909,11.935,12.742,9664971,0
1998-01-16,12.931,13.055,12.098,12.245,9826958,0
1998-01-20,12.471,13.512,12.431,13.407,12606003,0
1998-01-21,13.055,13.34,12.471,12.492,15420340,0
1998-01-22,12.344,12.762,11.973,11.973,13561311,0
1998-01-23,12.188,12.618,12.06,12.471,11291134,0
1998-01-26,12.557,12.6,11.855,11.935,5216629,0
1998-01-27,12.016,12.266,11.895,12.14,4954503,0
1998-01-28,12.306,12.805,12.225,12.557,6839474,0
1998-01-29,12.471,12.678,12.06,12.06,5897440,0
1998-01-30,12.306,12.636,12.188,12.431,4561461,0
1998-02-02,12.762,13.32,12.6,13.242,8682518,0
1998-02-03,13.262,13.718,13.22,13.281,10267955,0
1998-02-04,13.116,14.568,12.848,14.274,18908851,0
1998-02-05,14.626,14.878,13.512,13.554,18264544,0
1998-02-06,13.428,14.13,13.262,13.864,14682820,0
1998-02-09,14.173,14.217,13.428,13.428,5955657,0
1998-02-10,13.466,13.923,13.466,13.698,5733042,0
1998-02-11,13.843,14.545,13.737,14.507,7776681,0
1998-02-12,14.587,15.025,14.237,14.878,11023276,0
1998-02-13,14.753,14.917,14.44,14.917,5387663,0
1998-02-17,14.999,15.343,14.381,14.48,7825249,0
1998-02-18,14.42,14.839,13.962,14.091,11554773,0
1998-02-19,14.335,14.839,14.13,14.587,11687195,0
1998-02-20,14.772,14.772,13.843,14.005,7453321,0
1998-02-23,14.173,14.791,13.962,14.739,7478052,0
1998-02-24,14.714,14.839,14.069,14.109,6612335,0
1998-02-25,14.335,15.29,14.335,15.229,6243728,0
1998-02-26,15.173,15.912,15.083,15.912,9758484,0
1998-02-27,15.747,15.912,15.25,15.303,8117842,0
1998-03-02,15.456,15.456,14.091,14.256,13922676,0
1998-03-03,14.091,14.217,13.554,13.705,12415667,0
1998-03-04,13.466,14.13,13.428,14.03,8020108,0
1998-03-05,13.301,13.632,12.762,13.008,9182947,0
1998-03-06,13.34,13.385,12.848,13.075,7346237,0
1998-03-09,12.931,13.181,12.636,12.824,6450654,0
1998-03-10,13.181,13.262,12.725,13.008,7222862,0
1998-03-11,13.22,13.242,12.742,12.784,5889896,0
1998-03-12,12.762,12.99,12.636,12.931,4268258,0
1998-03-13,12.99,13.301,12.678,12.678,2601978,0
1998-03-16,12.805,12.99,12.725,12.762,3720777,0
1998-03-17,12.678,12.762,11.935,11.994,7543815,0
1998-03-18,11.994,12.344,11.855,11.915,7890101,0
1998-03-19,12.471,12.618,12.207,12.6,7760693,0
1998-03-20,12.678,12.678,12.188,12.471,6021715,0
1998-03-23,12.471,12.784,12.373,12.413,5434416,0
1998-03-24,12.306,12.344,11.895,12.266,11747823,0
1998-03-25,12.762,13.055,12.518,12.742,8194460,0
1998-03-26,12.678,12.931,12.657,12.805,3404353,0
1998-03-27,12.931,12.97,12.431,12.538,4029057,0
1998-03-30,12.538,12.678,12.518,12.518,2056306,0
1998-03-31,12.538,12.867,12.471,12.678,3761801,0
1998-04-01,12.344,13.653,12.207,13.611,26452060,0
1998-04-02,13.428,14.091,13.428,13.428,11582523,0
1998-04-03,13.466,13.512,12.578,12.742,9970540,0
1998-04-06,12.931,13.008,12.225,12.452,5433511,0
1998-04-07,12.344,12.344,12.098,12.225,3909608,0
1998-04-08,12.344,12.557,12.16,12.287,2833338,0
1998-04-09,12.518,12.518,12.266,12.306,2614047,0
1998-04-13,12.306,13.055,12.188,12.931,5633801,0
1998-04-14,12.931,13.181,12.725,12.725,3852298,0
1998-04-15,13.055,13.34,12.97,13.135,3646574,0
1998-04-16,12.889,13.884,12.725,13.035,7818908,0
1998-04-17,12.97,13.055,12.762,12.909,3581721,0
1998-04-20,12.848,13.534,12.805,13.367,3989239,0
1998-04-21,13.34,14.005,13.34,13.818,7240059,0
1998-04-22,13.798,14.335,13.718,14.294,4988587,0
1998-04-23,14.13,14.256,13.905,13.962,5081796,0
1998-04-24,13.923,14.217,13.843,14.173,3475847,0
1998-04-27,13.843,13.962,13.554,13.737,5485695,0
1998-04-28,13.962,14.005,13.367,13.632,2240004,0
1998-04-29,13.632,13.758,13.367,13.591,1849983,0
1998-04-30,13.718,13.843,13.181,13.367,2578754,0
1998-05-01,13.385,13.447,12.95,13.407,2974814,0
1998-05-04,13.512,13.884,13.281,13.32,2420086,0
1998-05-05,13.407,13.982,13.385,13.758,3077069,0
1998-05-06,13.864,13.864,13.301,13.407,2748278,0
1998-05-07,13.466,13.512,13.181,13.281,1818008,0
1998-05-08,13.32,13.843,13.281,13.798,1628273,0
1998-05-11,13.843,14.03,13.673,13.725,2243023,0
1998-05-12,13.758,13.798,13.262,13.778,2461416,0
1998-05-13,13.632,14.049,13.466,13.632,4047455,0
1998-05-14,13.385,13.718,13.22,13.262,2353427,0
1998-05-15,13.262,13.281,12.518,12.742,4516514,0
1998-05-18,12.725,12.931,12.471,12.805,2506059,0
1998-05-19,12.931,13.22,12.725,12.867,2085871,0
1998-05-20,12.848,13.095,12.392,12.518,2306973,0
1998-05-21,12.6,12.6,11.973,12.06,3952437,0
1998-05-22,12.08,12.098,11.644,11.747,3109949,0
1998-05-26,11.915,12.016,11.419,11.603,3333166,0
1998-05-27,11.351,12.188,11.269,12.16,4551204,0
1998-05-28,11.973,12.492,11.895,12.06,3220955,0
1998-05-29,12.14,12.225,11.193,11.193,5150271,0
1998-06-01,11.145,11.478,9.987,10.357,10885725,0
1998-06-02,10.568,10.647,9.82,10.092,11911918,0
1998-06-03,10.278,10.278,9.4493,9.4881,8546781,0
1998-06-04,9.74,9.82,9.0774,9.324,10524658,0
1998-06-05,9.3878,9.3878,8.9302,9.1564,11107736,0
1998-06-08,9.324,9.4096,9.2224,9.283,9503896,0
1998-06-09,9.324,9.574,9.3024,9.535,4554220,0
1998-06-10,9.324,9.4096,9.1174,9.283,5319491,0
1998-06-11,9.324,9.4294,8.9096,8.9906,8004423,0
1998-06-12,8.7848,8.8244,8.0357,8.2681,15043282,0
1998-06-15,8.143,9.0096,8.143,8.4739,9648983,0
1998-06-16,8.579,9.324,8.579,9.324,8950077,0
1998-06-17,9.3024,9.535,8.872,9.0096,7352272,0
1998-06-18,9.1174,9.4493,8.9096,9.2224,4794327,0
1998-06-19,9.3024,9.324,8.7457,8.8043,5129756,0
1998-06-22,8.9516,9.0774,8.7256,8.9906,5473030,0
1998-06-23,9.0774,9.3607,8.9906,9.1361,4139458,0
1998-06-24,9.203,9.3411,8.8244,9.324,6008749,0
1998-06-25,9.3411,9.655,8.9906,9.1174,4870640,0
1998-06-26,9.1174,9.4881,8.9906,9.283,2043943,0
1998-06-29,9.3607,9.4493,9.0774,9.1174,3022774,0
1998-06-30,9.1174,9.2616,8.9302,9.1775,3171183,0
1998-07-01,9.283,9.3607,9.0302,9.203,2157356,0
1998-07-02,8.7256,8.9516,8.4932,8.6196,6678097,0
1998-07-06,8.6598,8.9516,8.6196,8.9516,3161532,0
1998-07-07,9.0302,9.2616,8.7848,9.203,3492734,0
1998-07-08,9.1564,9.324,8.8459,9.1564,6901010,0
1998-07-09,9.1361,9.1564,8.6797,8.7457,4714090,0
1998-07-10,8.7658,8.9906,8.7256,8.9712,2415263,0
1998-07-13,9.0302,9.0774,8.7457,8.8919,3499070,0
1998-07-14,8.9096,8.9906,8.3674,8.4134,4275805,0
1998-07-15,8.579,9.0302,8.5398,8.9516,8448144,0
1998-07-16,9.0302,9.574,8.9516,9.0964,11073348,0
1998-07-17,9.1564,9.3024,8.8459,9.2224,3089435,0
1998-07-20,9.324,9.3411,9.0774,9.1361,3163644,0
1998-07-21,9.1174,9.594,9.0096,9.3024,7931729,0
1998-07-22,9.1564,9.283,8.7848,8.9096,4180484,0
1998-07-23,8.9302,9.0302,8.5131,8.6598,6030162,0
1998-07-24,8.7848,8.9906,8.579,8.8459,3647478,0
1998-07-27,8.8244,9.203,8.6598,9.0302,4686641,0
1998-07-28,9.4096,10.07,9.2426,9.594,12611433,0
1998-07-29,9.655,9.74,9.203,9.324,4787091,0
1998-07-30,9.4493,10.024,9.3024,9.925,5421143,0
1998-07-31,9.945,10.404,9.78,9.905,6271178,0
1998-08-03,9.78,9.866,9.2426,9.3607,4717714,0
1998-08-04,9.535,9.719,9.1564,9.2224,8346487,0
1998-08-05,9.283,9.507,8.7256,9.203,6626512,0
1998-08-06,9.1775,10.024,9.1174,9.655,7806847,0
1998-08-07,9.905,10.9,9.82,10.714,10460709,0
1998-08-10,10.714,10.736,10.07,10.07,5666079,0
1998-08-11,9.78,10.357,9.574,10.07,5381931,0
1998-08-12,10.278,10.484,9.634,9.78,3993767,0
1998-08-13,9.759,9.987,9.1174,9.1174,6331504,0
1998-08-14,9.4096,9.4493,9.1775,9.324,7013524,0
1998-08-17,9.3024,10.591,9.2426,10.315,10933388,0
1998-08-18,10.315,10.755,10.17,10.462,6846715,0
1998-08-19,10.61,10.647,9.945,10.006,6964658,0
1998-08-20,9.74,9.987,9.634,9.759,3802520,0
1998-08-21,9.655,9.693,9.324,9.4682,4660395,0
1998-08-24,9.674,9.945,9.4682,9.555,4201294,0
1998-08-25,9.74,9.945,9.4881,9.655,2059321,0
1998-08-26,9.4881,9.693,9.2426,9.3411,4296314,0
1998-08-27,9.1174,9.2426,8.3674,8.4134,7305814,0
1998-08-28,8.5992,8.7457,8.0624,8.2083,4326479,0
1998-08-31,8.3933,8.4134,7.0417,7.0417,6708866,0
1998-09-01,7.2541,8.4134,7.0875,8.4134,7700967,0
1998-09-02,8.4538,8.8244,8.2875,8.4134,4732189,0
1998-09-03,8.1616,8.1616,7.5456,7.5651,5146343,0
1998-09-04,7.9172,8.0165,7.1674,7.3725,4324670,0
1998-09-08,7.8499,8.1616,7.7906,8.1024,5594889,0
1998-09-09,8.1224,8.2875,7.5456,7.585,6162281,0
1998-09-10,7.4398,7.585,7.1276,7.3132,6333618,0
1998-09-11,7.459,8.2491,7.459,8.1224,6554117,0
1998-09-14,8.2875,8.4932,7.459,7.5456,5203360,0
1998-09-15,7.605,7.7309,7.5456,7.605,4818459,0
1998-09-16,7.7509,7.8305,7.6449,7.7509,4608215,0
1998-09-17,7.585,7.7509,7.459,7.4991,4154239,0
1998-09-18,7.605,7.6249,7.3132,7.4192,2267461,0
1998-09-21,7.2933,7.7509,7.2136,7.7309,3009501,0
1998-09-22,7.7906,8.1616,7.7309,7.9955,5341815,0
1998-09-23,8.2681,8.6196,7.9565,8.5992,4807604,0
1998-09-24,8.4932,8.9302,8.4538,8.579,4194661,0
1998-09-25,8.4538,8.9712,8.2875,8.9516,3914735,0
1998-09-28,8.9906,9.4096,8.5607,8.7256,6171330,0
1998-09-29,8.7256,8.8919,8.4538,8.8244,7814383,0
1998-09-30,8.579,8.6598,8.1224,8.2491,3311750,0
1998-10-01,8.0816,8.4739,7.7707,7.7906,3135285,0
1998-10-02,7.8499,7.9172,7.3725,7.4991,5929114,0
1998-10-05,7.479,7.4991,7.1276,7.1876,5135790,0
1998-10-06,7.5456,7.6249,6.8822,7.1276,5059772,0
1998-10-07,7.0417,7.459,6.9224,7.2541,4871852,0
1998-10-08,7.1674,7.4991,6.9611,7.2541,5634109,0
1998-10-09,7.3325,8.2875,7.3325,8.2875,4186213,0
1998-10-12,8.4739,9.4096,8.4739,9.0964,7807450,0
1998-10-13,8.7457,9.1174,8.5398,8.6598,4693880,0
1998-10-14,8.579,9.3411,8.5398,9.0964,5379214,0
1998-10-15,8.7457,8.9906,8.2875,8.8919,3654417,0
1998-10-16,8.9516,9.0302,8.579,8.8919,4170228,0
1998-10-19,8.872,9.1564,8.7457,9.1564,6816851,0
1998-10-20,9.2426,9.905,9.0774,9.3024,5583426,0
1998-10-21,9.4096,9.78,8.9096,9.759,4065860,0
1998-10-22,9.634,10.862,9.507,10.792,9756674,0
1998-10-23,11.018,12.048,11,11.251,19405054,0
1998-10-26,11.269,11.603,10.736,11.437,6871149,0
1998-10-27,11.582,11.683,10.94,10.94,6583680,0
1998-10-28,10.833,11.603,10.714,11.589,5323712,0
1998-10-29,11.523,12.306,11.269,12.098,12038609,0
1998-10-30,12.245,12.784,12.098,12.225,9865564,0
1998-11-02,11.875,11.895,11.251,11.456,6443715,0
1998-11-03,11.312,11.351,10.198,10.217,8575738,0
1998-11-04,10.442,11.165,10.404,10.755,9436633,0
1998-11-05,10.755,11.145,10.502,11.018,7154996,0
1998-11-06,10.94,12.188,10.9,11.973,9464381,0
1998-11-09,11.875,12.06,11.437,11.729,4671862,0
1998-11-10,11.644,11.895,11.603,11.662,4197374,0
1998-11-11,11.994,12.225,11.788,12.16,5779198,0
1998-11-12,12.06,12.678,12.016,12.578,7644561,0
1998-11-13,12.578,12.725,12.245,12.266,4221507,0
1998-11-16,12.306,12.471,11.603,11.747,3338594,0
1998-11-17,11.563,11.769,11.145,11.662,4386808,0
1998-11-18,11.973,12.344,11.895,12.12,7603238,0
1998-11-19,12.098,12.306,11.935,12.06,4971395,0
1998-11-20,12.266,12.557,12.14,12.225,6016287,0
1998-11-23,12.225,12.618,12.207,12.557,3076469,0
1998-11-24,12.557,13.22,12.538,13.075,6647930,0
1998-11-25,12.931,12.97,12.16,12.306,4910161,0
1998-11-27,12.306,12.392,12.207,12.245,1338695,0
1998-11-30,12.245,12.266,11.269,11.292,2510582,0
1998-12-01,11.212,11.855,10.755,11.808,4626313,0
1998-12-02,11.603,13.737,11.603,13.673,21562414,0
1998-12-03,13.428,15.393,13.428,14.173,23446478,0
1998-12-04,14.587,14.665,13.673,14.274,8176359,0
1998-12-07,14.13,14.714,13.923,14.545,4183801,0
1998-12-08,14.587,15.358,14.587,15.173,6314010,0
1998-12-09,15.173,15.415,14.753,14.898,3452316,0
1998-12-10,14.878,14.917,13.718,13.864,5295059,0
1998-12-11,13.758,14.294,13.34,13.447,8841183,0
1998-12-14,13.301,13.301,12.413,12.452,4377454,0
1998-12-15,12.848,13.34,12.762,13.242,6596955,0
1998-12-16,13.428,13.758,12.492,12.518,4839574,0
1998-12-17,12.742,13.758,12.636,13.698,6027147,0
1998-12-18,13.923,14.692,13.864,14.402,6025334,0
1998-12-21,14.545,14.587,13.698,13.962,4667639,0
1998-12-22,14.256,14.294,13.447,13.571,4284247,0
1998-12-23,13.843,13.843,12.95,13.385,8985370,0
1998-12-24,13.367,13.943,13.262,13.798,1669902,0
1998-12-28,14.109,14.173,13.407,13.632,2249961,0
1998-12-29,13.673,13.843,13.407,13.698,3064700,0
1998-12-30,13.698,14.692,13.673,14.294,6793926,0
1998-12-31,14.42,14.608,14.217,14.381,3730125,0
1999-01-04,14.587,15.29,14.314,15.173,10625108,0
1999-01-05,15.542,17.63,15.173,17.443,17218138,0
1999-01-06,17.882,18.732,17.59,17.92,14009856,0
1999-01-07,17.648,18.564,17.366,17.648,9317482,0
1999-01-08,18.156,18.358,17.074,17.531,5938766,0
1999-01-11,17.57,18.212,17.406,18.212,5681161,0
1999-01-12,18.193,18.817,18.067,18.233,7212005,0
1999-01-13,17.491,19.123,17.317,18.233,7865364,0
1999-01-14,18.314,18.34,17.239,18.128,5032930,0
1999-01-15,18.128,19.638,17.863,19.408,5877835,0
1999-01-19,19.287,19.287,17.59,18.107,12307675,0
1999-01-20,18.274,19.481,17.942,18.732,9431196,0
1999-01-21,18.314,18.732,17.531,17.92,4727666,0
1999-01-22,17.531,17.59,16.907,16.988,6051883,0
1999-01-25,16.967,17.181,16.139,17.112,7031320,0
1999-01-26,17.033,18.34,16.988,18.128,6808102,0
1999-01-27,18.107,18.193,17.57,17.648,3754564,0
1999-01-28,17.882,18.233,17.718,18.193,4676686,0
1999-01-29,18.193,19.287,18.193,19.147,7324219,0
1999-02-01,19.147,19.354,17.822,17.961,4229650,0
1999-02-02,17.98,17.98,16.657,17.218,9184758,0
1999-02-03,17.159,19.228,17.112,19.003,9337991,0
1999-02-04,18.837,19.188,18.107,18.107,5611781,0
1999-02-05,18.107,18.128,17.317,17.863,8609826,0
1999-02-08,19.147,19.54,18.358,19.247,13259362,0
1999-02-09,19.354,19.558,17.57,18.212,13273841,0
1999-02-10,18.233,18.856,17.718,18.254,6213260,0
1999-02-11,18.711,19.911,18.314,19.872,11027501,0
1999-02-12,19.373,20.184,18.711,19.951,10892669,0
1999-02-16,20.301,20.826,19.601,20.057,6138754,0
1999-02-17,20.144,21.14,19.373,19.518,8939821,0
1999-02-18,19.746,20.057,18.691,19.705,6865111,0
1999-02-19,20.202,20.301,19.287,19.811,6477198,0
1999-02-22,19.785,20.514,19.268,20.514,6611131,0
1999-02-23,20.554,21.012,20.184,20.448,4828111,0
1999-02-24,20.28,21.549,20.144,20.514,8274092,0
1999-02-25,20.475,20.554,18.67,18.856,9786233,0
1999-02-26,18.67,18.67,16.575,17.181,18072393,0
1999-03-01,17.366,18.156,16.7,17.842,9218537,0
1999-03-02,18.029,18.193,16.948,16.988,7078375,0
1999-03-03,17.279,17.491,16.369,16.7,6539037,0
1999-03-04,16.762,17.551,16.762,17.491,6493493,0
1999-03-05,17.98,18.46,17.551,18.107,6017492,0
1999-03-08,18.254,18.876,18.156,18.856,4925544,0
1999-03-09,18.605,19.89,17.882,17.961,12107081,0
1999-03-10,18.128,19.435,17.531,19.373,6177068,0
1999-03-11,19.58,19.726,18.314,18.624,4292093,0
1999-03-12,18.771,19.188,17.61,18.233,6062741,0
1999-03-15,18.156,18.732,17.406,17.776,6035292,0
1999-03-16,18.067,18.976,18.067,18.438,6428032,0
1999-03-17,18.358,19.147,18.34,18.711,4299331,0
1999-03-18,18.691,18.897,18.128,18.438,3279772,0
1999-03-19,18.732,18.771,16.988,17.511,7979989,0
1999-03-22,17.424,17.776,16.516,17.257,6488057,0
1999-03-23,17.112,17.202,16.119,16.284,5934846,0
1999-03-24,16.575,16.7,15.209,15.707,9571764,0
1999-03-25,16.245,17.132,15.953,17.112,8557638,0
1999-03-26,16.7,16.721,15.991,16.411,7925694,0
1999-03-29,16.657,17.366,16.575,16.948,5792167,0
1999-03-30,16.74,17.531,16.45,16.555,4667034,0
1999-03-31,16.516,16.782,15.788,16.099,6704638,0
1999-04-01,16.497,16.907,16.079,16.907,6326982,0
1999-04-05,17.033,17.511,16.615,17.491,6053389,0
1999-04-06,17.279,18.691,17.239,17.98,7664473,0
1999-04-07,18.274,18.976,17.424,17.648,5245886,0
1999-04-08,17.696,18.399,16.74,18.399,6053691,0
1999-04-09,18.107,18.771,17.61,17.677,4751797,0
1999-04-12,16.907,17.279,16.163,16.538,5434717,0
1999-04-13,16.636,16.988,14.978,15.143,9620331,0
1999-04-14,16.163,17.443,15.912,16.245,12579157,0
1999-04-15,16.615,18.274,16.079,18.274,10601278,0
1999-04-16,18.107,18.314,17.094,17.648,9261978,0
1999-04-19,17.822,17.882,16.119,16.205,5350558,0
1999-04-20,16.037,17.074,15.661,16.575,5187670,0
1999-04-21,17.239,18.732,17.094,18.156,10772612,0
1999-04-22,18.605,19.228,18.174,18.314,2955504,0
1999-04-23,18.274,18.936,17.443,18.732,5711021,0
1999-04-26,18.732,18.817,17.776,18.156,4286962,0
1999-04-27,18.156,18.438,17.696,17.882,4042329,0
1999-04-28,18.485,18.817,17.074,17.239,6411445,0
1999-04-29,17.159,17.491,16.184,16.847,9200442,0
1999-04-30,17.239,17.279,15.581,16.45,9998287,0
1999-05-03,16.497,16.615,15.621,16.575,8417981,0
1999-05-04,16.615,17.112,16.411,16.967,6661506,0
1999-05-05,16.988,19.063,16.205,19.023,12387310,0
1999-05-06,18.691,19.063,17.317,17.443,9256850,0
1999-05-07,17.696,18.029,16.988,17.902,5481774,0
1999-05-10,17.842,18.067,17.132,17.61,3883064,0
1999-05-11,17.776,17.92,16.83,17.202,7673517,0
1999-05-12,17.463,17.735,16.74,17.677,12940526,0
1999-05-13,17.822,18.645,17.406,17.511,10267660,0
1999-05-14,17.239,17.648,16.801,17.074,5257653,0
1999-05-17,16.988,17.757,16.205,17.57,6532098,0
1999-05-18,17.59,17.796,16.967,17.366,4940927,0
1999-05-19,18.128,18.564,17.491,18.564,10496306,0
1999-05-20,18.358,18.379,17.054,17.112,7682264,0
1999-05-21,17.239,17.257,16.205,16.323,9473429,0
1999-05-24,16.323,16.323,15.503,15.912,6555025,0
1999-05-25,15.953,16.245,15.083,15.103,4793423,0
1999-05-26,15.476,15.503,14.294,14.958,7830073,0
1999-05-27,14.917,15.707,14.48,15.124,9647782,0
1999-05-28,15.25,15.331,14.545,15.083,5315264,0
1999-06-01,14.999,15.833,14.381,14.48,6422904,0
1999-06-02,14.545,15.415,14.049,15.25,8961236,0
1999-06-03,15.25,15.542,14.714,15.124,4465539,0
1999-06-04,15.376,16.205,15.331,15.788,6807802,0
1999-06-07,15.788,16.284,15.707,15.912,3125636,0
1999-06-08,16.184,16.575,16.037,16.391,5209997,0
1999-06-09,16.47,18.193,16.45,18.128,11343318,0
1999-06-10,17.863,18.358,17.317,18.009,10196770,0
1999-06-11,18.254,18.691,17.385,17.796,6636770,0
1999-06-14,17.942,18.314,17.57,18.029,4162388,0
1999-06-15,18.128,18.732,18.107,18.358,4422705,0
1999-06-16,18.732,19.307,18.485,19.147,7180935,0
1999-06-17,18.976,19.333,18.691,19.228,4432054,0
1999-06-18,18.856,19.123,18.691,18.711,3552160,0
1999-06-21,18.856,19.998,18.645,19.998,7313360,0
1999-06-22,19.705,20.68,19.685,19.89,9174499,0
1999-06-23,19.726,19.931,19.268,19.664,4288771,0
1999-06-24,19.354,19.601,18.897,18.936,2555828,0
1999-06-25,19.063,19.394,18.691,19.228,2243928,0
1999-06-28,19.307,19.89,18.856,19.89,3913227,0
1999-06-29,19.705,20.614,19.705,20.448,3773570,0
1999-06-30,20.387,21.674,20.243,21.508,6910963,0
1999-07-01,22.133,23.285,22.067,22.854,16046249,0
1999-07-02,22.834,23.166,22.378,22.834,4194057,0
1999-07-06,22.875,23.285,22.336,22.65,4923132,0
1999-07-07,22.671,22.75,21.363,21.382,6210546,0
1999-07-08,21.801,22.954,21.588,22.954,8245740,0
1999-07-09,23.166,23.187,22.085,22.671,3957265,0
1999-07-12,22.934,22.954,21.919,21.96,6414758,0
1999-07-13,21.841,22.462,21.588,22.192,5902266,0
1999-07-14,22.462,23.664,22.437,23.537,14592325,0
1999-07-15,23.48,23.48,22.75,23.063,8052990,0
1999-07-16,22.979,24.221,22.979,23.705,6642805,0
1999-07-19,23.518,23.87,22.729,22.75,4412449,0
1999-07-20,22.583,22.708,20.965,21.07,8121157,0
1999-07-21,21.342,22.357,21.176,22.085,5046504,0
1999-07-22,22.007,22.085,20.72,20.945,4638075,0
1999-07-23,21.342,21.588,20.554,21.47,3081295,0
1999-07-26,21.324,21.775,20.72,20.78,4388017,0
1999-07-27,21.217,21.86,20.885,21.754,3677641,0
1999-07-28,22.026,22.378,21.382,22.272,6282337,0
1999-07-29,22.085,22.462,21.674,21.94,7498266,0
1999-07-30,22.336,22.502,21.801,22.462,4528281,0
1999-08-02,22.583,23.126,22.378,22.622,4399475,0
1999-08-03,23,23.41,22.418,23.352,6691067,0
1999-08-04,23.618,23.705,22.378,22.462,5217837,0
1999-08-05,22.563,23.042,21.841,22.916,4108393,0
1999-08-06,22.854,23.371,22.583,22.794,2763662,0
1999-08-09,22.875,23.41,22.622,22.916,3429992,0
1999-08-10,22.895,23.206,22.251,22.462,5577699,0
1999-08-11,22.875,23.285,22.251,23.206,4279421,0
1999-08-12,23.245,23.245,22.007,22.026,3422754,0
1999-08-13,22.502,22.502,21.176,21.88,6078428,0
1999-08-16,22.211,22.708,22.044,22.357,2665927,0
1999-08-17,22.65,23,22.173,22.875,5033233,0
1999-08-18,22.251,22.291,21.258,21.342,6272384,0
1999-08-19,21.47,21.674,20.72,20.925,3382333,0
1999-08-20,21.488,21.488,20.352,20.865,3944599,0
1999-08-23,21.176,21.549,20.885,21.549,3350664,0
1999-08-24,21.488,22.007,21.296,21.801,4448043,0
1999-08-25,22.133,22.133,21.363,21.588,4312907,0
1999-08-26,21.775,21.88,21.196,21.217,2925642,0
1999-08-27,21.674,21.674,21.07,21.156,4556936,0
1999-08-30,21.14,21.382,20.806,21.085,2678902,0
1999-08-31,21.424,21.424,19.832,20.826,6397569,0
1999-09-01,20.925,22.067,20.848,21.628,7753453,0
1999-09-02,21.277,21.96,21.14,21.296,5083003,0
1999-09-03,22.085,22.854,21.96,22.708,3893619,0
1999-09-07,22.75,23.764,22.75,23.555,7082296,0
1999-09-08,23.48,24.054,22.916,23.126,6060328,0
1999-09-09,23.099,23.764,22.75,23.705,4404306,0
1999-09-10,24.075,24.367,23.618,23.743,6478711,0
1999-09-13,23.537,23.578,22.106,22.151,4908049,0
1999-09-14,22.546,24.367,22.418,24.326,9481272,0
1999-09-15,24.593,24.698,22.75,23.147,7792973,0
1999-09-16,23.48,24.259,22.524,23.829,9389872,0
1999-09-17,23.829,24.407,23.458,24.203,5526720,0
1999-09-20,24.182,24.326,23.618,23.684,4745159,0
1999-09-21,23.537,23.618,22.173,22.192,5664871,0
1999-09-22,22.251,23.618,21.94,23.265,7019556,0
1999-09-23,23.537,23.664,21.88,21.919,5625961,0
1999-09-24,21.88,22.524,21.091,22.106,5613898,0
1999-09-27,22.583,23.432,22.173,22.729,4376853,0
1999-09-28,22.671,23.499,22.085,23.187,5425971,0
1999-09-29,23.432,23.618,22.954,23,4339148,0
1999-09-30,23.332,23.332,21.549,21.549,10032374,0
1999-10-01,21.57,22.954,21.57,21.96,6352921,0
1999-10-04,22.173,23.206,21.819,23.126,4421797,0
1999-10-05,23.313,24.738,23.313,24.572,13169471,0
1999-10-06,24.593,25.368,24.221,25.015,9029410,0
1999-10-07,25.048,25.071,23.85,23.927,7088931,0
1999-10-08,23.578,23.817,22.65,23.094,8050273,0
1999-10-11,23.226,23.764,23.206,23.537,3671310,0
1999-10-12,24.638,25.361,24.203,24.367,11898044,0
1999-10-13,24.048,24.698,23.723,24.512,7881655,0
1999-10-14,24.757,25.117,23.909,24.075,12972496,0
1999-10-15,23.888,24.989,23.458,24.16,7307021,0
1999-10-18,24.221,24.259,22.689,23.788,8217383,0
1999-10-19,23.829,23.829,22.133,22.502,10876981,0
1999-10-20,22.794,23.166,21.674,23.079,10010055,0
1999-10-21,22.583,23.458,22.563,23.285,5174399,0
1999-10-22,23.664,24.075,23.042,23.87,4370217,0
1999-10-25,23.829,24.241,23.48,23.555,4536124,0
1999-10-26,23.909,24.075,23.079,23.147,3938567,0
1999-10-27,22.954,23.042,22.106,22.378,5246190,0
1999-10-28,23.126,24.28,22.954,24.203,8037001,0
1999-10-29,24.638,26.895,24.638,26.249,12361365,0
1999-11-01,26.109,27.311,25.937,26.171,7682264,0
1999-11-02,26.416,27.68,26.191,27.556,6160774,0
1999-11-03,27.928,28.51,27.476,28.405,7665376,0
1999-11-04,28.345,28.366,27.018,27.702,6471169,0
1999-11-05,28.052,29.115,28.012,29.094,4573825,0
1999-11-08,28.822,29.731,28.716,28.842,3220649,0
1999-11-09,29.094,29.465,28.259,28.989,2623099,0
1999-11-10,28.902,29.964,28.842,29.34,6645517,0
1999-11-11,29.795,31.142,29.465,30.869,7800514,0
1999-11-12,31.102,32.118,29.585,32.078,8176359,0
1999-11-15,32.408,32.415,30.423,30.812,6066363,0
1999-11-17,31.037,32.078,29.982,30.226,6948972,0
1999-11-18,30.089,30.297,29.173,30.129,6200898,0
1999-11-19,30.458,30.997,29.544,30.579,5880245,0
1999-11-22,30.579,30.626,29.465,29.982,4660395,0
1999-11-23,30.044,30.458,29.094,29.503,3619124,0
1999-11-24,29.503,30.579,28.716,30.56,5184054,0
1999-11-26,30.792,30.912,29.67,29.816,1083508,0
1999-11-29,29.631,29.795,28.783,29.279,4459802,0
1999-11-30,29.094,29.897,27.642,28.032,9130462,0
1999-12-01,28.842,30.129,28.345,30.021,8698505,0
1999-12-02,30.044,32.567,30.002,32.529,6597254,0
1999-12-03,33.113,33.113,31.574,32.344,7252426,0
1999-12-06,32.118,34.89,31.6,34.438,6341161,0
1999-12-07,34.312,34.352,32.741,33.563,7326931,0
1999-12-08,33.134,33.404,31.744,31.863,6483835,0
1999-12-09,32.197,32.324,29.915,31.308,6230758,0
1999-12-10,31.432,31.432,29.711,30.149,5690214,0
1999-12-13,29.69,30.54,29.153,29.361,6913680,0
1999-12-14,29.585,29.795,27.291,27.371,9001357,0
1999-12-15,27.495,30.423,27.495,29.964,9880947,0
1999-12-16,30.207,31.102,30.089,30.792,4136746,0
1999-12-17,33.183,33.522,31.826,32.01,7659944,0
1999-12-20,32.158,34.312,31.904,33.378,6815946,0
1999-12-21,33.259,36.34,32.9,35.765,5403348,0
1999-12-22,35.432,35.432,33.232,33.422,7897940,0
1999-12-23,33.357,34.973,32.741,34.106,3592878,0
1999-12-27,34.167,36.007,33.259,35.909,4119549,0
1999-12-28,35.347,36.506,34.518,35.971,4338547,0
1999-12-29,35.432,37.005,35.181,36.904,2687045,0
1999-12-30,36.964,37.168,35.978,36.028,1849679,0
1999-12-31,36.261,37.504,36.097,36.923,1139910,0
2000-01-03,37.209,37.209,34.272,35.971,5685083,0
2000-01-04,35.327,36.612,34.352,34.438,4720428,0
2000-01-05,33.775,33.815,32.031,32.716,8262932,0
2000-01-06,32.217,33.649,32.158,32.966,12595145,0
2000-01-07,33.091,34.973,32.324,34.916,9106930,0
2000-01-10,35.844,39.197,35.784,38.641,7808051,0
2000-01-11,37.628,39.782,37.541,38.31,7523303,0
2000-01-12,38.416,40.24,37.005,39.511,9219747,0
2000-01-13,38.953,40.445,37.733,39.704,10602787,0
2000-01-14,41.461,46.335,41.398,45.751,15301793,0
2000-01-18,45.168,45.498,42.806,43.301,10188625,0
2000-01-19,42.806,44.503,41.44,42.639,4217887,0
2000-01-20,43.135,43.84,39.452,41.936,7502792,0
2000-01-21,42.182,43.178,41.03,42.599,5056907,0
2000-01-24,43.1,43.759,39.118,39.655,4582123,0
2000-01-25,40.24,41.186,37.628,41.067,3550651,0
2000-01-26,41.275,41.44,38.707,38.707,3751994,0
2000-01-27,39.325,41.108,36.055,37.754,5197776,0
2000-01-28,36.467,38.376,36.134,37.335,5228093,0
2000-01-31,36.719,39.988,36.388,38.866,6743700,0
2000-02-01,38.747,41.275,37.958,40.193,4734001,0
2000-02-02,39.284,43.178,39.284,42.806,8139109,0
2000-02-03,43.056,44.091,42.104,43.884,6002565,0
2000-02-04,44.59,45.008,43.635,43.72,7675933,0
2000-02-07,43.509,45.751,43.1,45.212,4238700,0
2000-02-08,45.669,46.41,44.754,46.246,5752049,0
2000-02-09,45.252,47.532,43.884,44.96,6089287,0
2000-02-10,44.882,47.075,44.217,46.705,3009501,0
2000-02-11,46.823,46.911,44.921,45.418,2548592,0
2000-02-14,45.086,45.829,43.681,44.833,3057311,0
2000-02-15,44.423,46.743,43.1,46.208,4108539,0
2000-02-16,47.075,48.655,46.664,47.573,5831076,0
2000-02-17,47.991,49.144,46.664,49.064,4417425,0
2000-02-18,48.323,48.694,45.008,45.086,3670704,0
2000-02-22,45.047,48.401,43.178,47.487,4135689,0
2000-02-23,47.328,48.857,46.538,47.945,3736160,0
2000-02-24,48.9,49.316,46.618,48.278,5382083,0
2000-02-25,48.361,49.56,45.498,45.498,3875821,0
2000-02-28,45.008,46.762,42.662,46.284,5225378,0
2000-02-29,47.487,52.254,47.487,51.677,8678446,0
2000-03-01,52.3,53.044,49.855,49.933,3993014,0
2000-03-02,51.133,51.882,47.818,47.818,3169823,0
2000-03-03,50.557,55.197,50.471,55.197,5815547,0
2000-03-06,56.356,57.188,55.031,55.656,6679453,0
2000-03-07,56.279,56.61,53.122,55.693,5070482,0
2000-03-08,55.616,55.693,51.133,52.379,6920165,0
2000-03-09,52.419,56.524,51.755,56.356,4279576,0
2000-03-10,56.107,60.669,55.366,60.416,5583129,0
2000-03-13,57.188,58.014,54.7,55.656,5359159,0
2000-03-14,57.188,57.188,50.557,50.643,5061739,0
2000-03-15,51.178,53.08,49.104,49.807,5792618,0
2000-03-16,50.973,52.545,46.664,49.807,10915138,0
2000-03-17,49.144,53.207,48.323,53.044,7310943,0
2000-03-20,52.962,54.116,51.054,51.094,4082303,0
2000-03-21,51.637,53.499,49.064,53.499,5869991,0
2000-03-22,53.373,56.356,53.334,55.401,4911517,0
2000-03-23,56.279,59.839,56.107,57.518,8452212,0
2000-03-24,57.975,60.794,57.938,59.215,4644712,0
2000-03-27,59.3,60.337,58.014,59.3,2941781,0
2000-03-28,58.758,59.174,56.067,56.356,3471471,0
2000-03-29,56.769,56.769,50.973,51.59,5430648,0
2000-03-30,50.887,54.7,50.35,52.545,5286763,0
2000-03-31,53.334,56.855,50.557,55.861,4416975,0
2000-04-03,55.773,55.861,50.059,51.094,5043790,0
2000-04-04,52.049,54.7,44.132,52.793,10161026,0
2000-04-05,51.637,57.644,51.133,53.958,9187626,0
2000-04-06,55.238,59.467,54.367,59.088,6705393,0
2000-04-07,59.467,64.811,58.599,64.607,8934692,0
2000-04-10,64.52,64.725,55.366,55.568,7805188,0
2000-04-11,53.706,60.13,52.379,57.273,10198128,0
2000-04-12,58.842,60.044,51.641,51.717,8801214,0
2000-04-13,54.448,54.866,42.353,42.931,18253226,0
2000-04-14,42.104,43.509,36.215,38.205,18975511,0
2000-04-17,37.792,46.08,37.132,45.086,12949423,0
2000-04-18,44.921,47.865,42.599,47.739,9690164,0
2000-04-19,47.366,47.532,42.435,42.806,6067570,0
2000-04-20,43.178,45.008,41.44,43.178,5220099,0
2000-04-24,41.852,44.59,39.197,42.353,6152173,0
2000-04-25,43.1,44.833,41.811,43.84,6609919,0
2000-04-26,44.548,46.41,42.104,42.23,7113520,0
2000-04-27,40.697,47.739,40.193,47.037,8612386,0
2000-04-28,48.029,50.059,47.037,49.648,7119853,0
2000-05-01,50.577,51.219,46.577,47.447,8125831,0
2000-05-02,47.075,50.224,45.418,45.543,10039917,0
2000-05-03,44.754,45.086,39.822,41.398,10235231,0
2000-05-04,42.435,43.178,40.525,41.77,6521540,0
2000-05-05,41.718,44.053,40.857,42.182,7065256,0
2000-05-08,41.978,42.104,39.53,39.743,7292090,0
2000-05-09,40.365,40.815,35.971,36.467,9689406,0
2000-05-10,35.805,36.506,31.327,32.49,16188623,0
2000-05-11,32.986,34.02,30.423,33.19,19432656,0
2000-05-12,34.398,36.055,33.522,34.352,8004423,0
2000-05-15,34.848,36.798,33.317,36.467,5307879,0
2000-05-16,37.792,38.991,36.506,37.792,9367855,0
2000-05-17,36.838,39.197,36.798,38.205,6835703,0
2000-05-18,38.623,38.953,37.383,37.541,4374593,0
2000-05-19,37.091,37.628,34.187,34.729,9007694,0
2000-05-22,34.848,34.89,29.915,34.518,10394041,0
2000-05-23,33.815,35.473,30.751,30.83,7529941,0
2000-05-24,30.499,32.324,26.521,31.826,17683421,0
2000-05-25,31.163,33.981,28.883,29.253,8611334,0
2000-05-26,29.711,30.666,28.51,30.129,3380071,0
2000-05-30,31.163,35.14,30.997,34.973,5799257,0
2000-05-31,34.729,35.805,32.567,32.861,7914833,0
2000-06-01,34.226,36.798,33.444,36.388,10300689,0
2000-06-02,39.197,41.275,37.383,40.777,10395555,0
2000-06-05,39.53,40.902,37.958,38.915,8006387,0
2000-06-06,39.078,39.617,36.097,36.176,6788043,0
2000-06-07,36.878,38.122,36.388,38.045,7896886,0
2000-06-08,38.583,39.284,37.919,38.623,5962446,0
2000-06-09,39.284,40.034,38.045,38.416,6256096,0
2000-06-12,39.041,39.041,35.883,36.055,5015585,0
2000-06-13,36.055,36.964,34.106,36.964,9401339,0
2000-06-14,37.295,37.874,33.815,35.221,7148958,0
2000-06-15,34.848,36.176,34.187,35.805,6389572,0
2000-06-16,37.005,37.588,35.347,36.388,7837464,0
2000-06-19,35.971,41.518,35.678,40.777,7556481,0
2000-06-20,41.44,43.84,41.186,42.063,11511038,0
2000-06-21,40.902,43.017,39.947,41.733,7613039,0
2000-06-22,42.562,42.891,40.525,40.857,6597406,0
2000-06-23,40.777,41.518,38.205,39.245,4584689,0
2000-06-26,39.655,41.852,39.655,41.811,5963348,0
2000-06-27,41.643,43.84,40.279,40.365,11844199,0
2000-06-28,40.777,42.639,40.114,41.03,6766779,0
2000-06-29,41.275,41.518,37.874,38.205,6850784,0
2000-06-30,38.827,40.697,38.122,38.827,6578854,0
2000-07-03,38.534,39.704,37.998,38.661,3825903,0
2000-07-05,37.295,37.335,32.986,33.19,12122318,0
2000-07-06,34.147,34.312,32.408,33.815,19003719,0
2000-07-07,35.099,36.619,34.973,35.638,9563620,0
2000-07-10,35.844,36.964,34.848,35.063,8089336,0
2000-07-11,35.883,37.628,35.14,37.209,12493637,0
2000-07-12,37.958,40.406,36.798,39.782,8753257,0
2000-07-13,40.857,41.852,38.497,39.078,7628576,0
2000-07-14,40.365,41.275,39.245,41.108,5055251,0
2000-07-17,42.23,42.931,41.233,42.23,5262327,0
2000-07-18,41.261,41.69,39.118,39.822,7554675,0
2000-07-19,39.411,39.578,36.215,36.301,7901264,0
2000-07-20,37.049,38.747,35.765,37.168,9612486,0
2000-07-21,35.844,36.592,33.317,33.444,8007135,0
2000-07-24,33.895,36.215,33.688,34.729,6260771,0
2000-07-25,35.844,37.005,34.56,36.592,6344324,0
2000-07-26,35.971,36.467,33.815,36.34,9772657,0
2000-07-27,34.02,34.973,31.826,33.484,13343371,0
2000-07-28,34.476,34.848,31.533,33.775,11958826,0
2000-07-31,34.106,36.134,33.484,35.307,10267805,0
2000-08-01,35.365,35.765,33.071,33.113,6792869,0
2000-08-02,33.484,34.89,32.654,33.649,8632595,0
2000-08-03,30.089,30.168,27.186,29.631,23684324,0
2000-08-04,30.792,31.163,28.551,29.837,12058670,0
2000-08-07,30.666,31.7,29.837,31.454,8812830,0
2000-08-08,31.494,32.118,29.877,30.332,6903124,0
2000-08-09,31.203,31.826,30.332,30.666,6786081,0
2000-08-10,30.089,30.579,27.808,28.101,9655322,0
2000-08-11,28.012,30.207,27.516,29.631,6927551,0
2000-08-14,30.248,34.147,29.711,33.815,11179528,0
2000-08-15,34.476,35.971,34.352,34.973,9560299,0
2000-08-16,35.551,36.215,34.89,35.307,6422001,0
2000-08-17,34.601,36.672,34.518,36.34,7113366,0
2000-08-18,36.632,38.455,36.388,36.506,9092604,0
2000-08-21,37.209,37.257,34.56,34.973,6195765,0
2000-08-22,35.202,37.792,34.476,36.878,6514907,0
2000-08-23,36.76,40.365,36.427,39.988,11160222,0
2000-08-24,40.074,40.525,38.205,38.991,9086873,0
2000-08-25,39.245,39.704,38.534,39.325,4158311,0
2000-08-28,39.325,41.067,39.284,40.571,6520938,0
2000-08-29,40.432,41.811,40.152,41.518,5493386,0
2000-08-30,41.44,43.427,40.902,43.224,7906241,0
2000-08-31,43.392,44.383,42.686,43.509,5565180,0
2000-09-01,43.681,44.676,42.639,44.298,4158311,0
2000-09-05,43.635,44.344,42.806,43.017,5890352,0
2000-09-06,41.69,42.063,39.118,39.232,9613241,0
2000-09-07,39.655,41.15,38.205,40.525,6762407,0
2000-09-08,39.578,39.617,36.923,36.964,6017800,0
2000-09-11,36.632,38.205,35.473,35.93,6421395,0
2000-09-12,35.896,37.132,32.821,33.277,7860085,0
2000-09-13,32.779,34.809,32.237,34.147,10101003,0
2000-09-14,35.063,35.971,33.404,33.815,5717962,0
2000-09-15,33.025,33.317,31.826,33.071,7013976,0
2000-09-18,33.317,35.805,32.078,32.616,8688701,0
2000-09-19,33.522,35.473,32.567,35.391,6511740,0
2000-09-20,35.307,36.007,33.484,35.347,7254989,0
2000-09-21,35.202,35.307,32.158,32.694,12008897,0
2000-09-22,29.915,29.915,27.516,28.762,29465335,0
2000-09-25,29.758,29.837,27.224,28.012,15098187,0
2000-09-26,28.178,28.331,26.355,26.395,11494443,0
2000-09-27,26.978,28.762,26.688,27.104,9593183,0
2000-09-28,26.895,30.666,26.775,30.044,10383186,0
2000-09-29,29.173,29.173,26.895,27.311,10804584,0
2000-10-02,27.516,27.68,24.864,25.194,10493435,0
2000-10-03,25.488,26.688,24.903,24.989,9812023,0
2000-10-04,24.738,27.766,24.738,26.978,9530440,0
2000-10-05,26.647,26.895,24.738,25.32,9513100,0
2000-10-06,24.944,25.693,22.875,23.41,10509424,0
2000-10-09,23.41,25.028,21.841,23.909,6239355,0
2000-10-10,23.245,23.285,21.217,22.708,13489063,0
2000-10-11,21.841,24.989,21.296,23.618,14505903,0
2000-10-12,24.944,26.109,20.885,23,22213963,0
2000-10-13,22.875,24.203,22.546,22.916,16262831,0
2000-10-16,22.622,23.166,20.633,20.848,12800413,0
2000-10-17,21.091,21.88,17.735,18.605,22639282,0
2000-10-18,17.902,20.806,16.907,18.856,18016889,0
2000-10-19,20.848,23.371,20.633,23.206,11626413,0
2000-10-20,22.173,23.829,21.919,22.834,9648384,0
2000-10-23,22.708,24.612,22.622,24.075,7029210,0
2000-10-24,23.537,23.537,21.754,22.085,8497612,0
2000-10-25,21.258,22.133,20.097,21.258,12240864,0
2000-10-26,21.424,22.044,20.016,21.754,9608564,0
2000-10-27,22.546,23.126,20.057,20.633,11210294,0
2000-10-30,20.554,21.714,19.811,20.554,8644208,0
2000-10-31,21.296,22.954,21.296,22.418,10200993,0
2000-11-01,20.554,22.291,20.475,21.754,6767984,0
2000-11-02,21.96,22.954,21.919,22.211,11956412,0
2000-11-03,21.754,21.88,20.885,21.342,9790305,0
2000-11-06,21.674,21.88,21.012,21.217,4112313,0
2000-11-07,21.14,21.14,19.849,20.224,5560957,0
2000-11-08,20.387,20.633,18.485,18.564,7515459,0
2000-11-09,18.107,19.481,17.776,18.897,8566989,0
2000-11-10,18.233,18.817,17.159,17.406,7678644,0
2000-11-13,17.112,19.764,16.948,18.525,9180684,0
2000-11-14,19.228,20.387,18.897,20.224,8050426,0
2000-11-15,20.301,21.96,20.224,21.051,11142727,0
2000-11-16,20.352,21.14,19.228,19.228,5096274,0
2000-11-17,19.147,20.387,18.856,19.764,4043989,0
2000-11-20,19.394,20.184,18.936,18.976,7280478,0
2000-11-21,19.228,19.481,18.314,18.856,6453975,0
2000-11-22,18.732,20.057,18.691,19.394,7714844,0
2000-11-24,19.811,21.841,19.685,21.754,4119549,0
2000-11-27,22.251,22.622,20.301,20.72,8416771,0
2000-11-28,20.594,20.72,18.233,18.254,11069882,0
2000-11-29,18.413,20.057,17.942,19.849,6173747,0
2000-11-30,18.763,19.188,17.57,18.233,10346083,0
2000-12-01,18.067,20.057,17.942,18.399,9155495,0
2000-12-04,18.525,19.726,17.776,19.354,5897594,0
2000-12-05,19.931,21.801,19.89,21.801,6945651,0
2000-12-06,21.754,22.546,20.594,20.885,7252426,0
2000-12-07,20.301,20.72,19.638,20.184,4153030,0
2000-12-08,21.051,23.87,20.965,23.829,13607757,0
2000-12-11,23.458,24.738,22.671,24.407,9260619,0
2000-12-12,23.664,23.829,21.296,21.628,11543765,0
2000-12-13,20.387,21.549,20.057,20.184,6945202,0
2000-12-14,20.262,21.47,19.811,19.849,5257954,0
2000-12-15,20.057,21.382,19.726,20.144,8591876,0
2000-12-18,20.633,21.714,19.764,20.514,12796639,0
2000-12-19,20.587,23,20.144,20.428,12301187,0
2000-12-20,19.685,20.554,19.354,19.481,9017946,0
2000-12-21,19.268,21.051,18.856,19.228,11195215,0
2000-12-22,19.672,21.217,19.558,21.091,7363276,0
2000-12-26,20.885,21.14,19.97,20.387,4186822,0
2000-12-27,20.352,22.75,20.262,22.291,5563373,0
2000-12-28,21.628,23.285,21.549,23.245,6694534,0
2000-12-29,22.954,23.458,22.044,22.336,5634558,0
2001-01-02,22.211,24.12,22.211,22.622,8018302,0
2001-01-03,22.583,28.345,22.583,28.304,14715399,0
2001-01-04,26.775,28.012,25.447,26.395,11654016,0
2001-01-05,26.688,27.104,24.203,24.657,11170479,0
2001-01-08,24.531,27.018,23.537,26.775,11379821,0
2001-01-09,27.147,28.101,26.355,27.516,11956261,0
2001-01-10,26.109,28.259,25.488,26.191,15173143,0
2001-01-11,25.734,28.92,25.528,28.384,11668342,0
2001-01-12,28.178,28.345,26.191,26.482,11753555,0
2001-01-16,26.269,26.355,24.033,24.657,9821826,0
2001-01-17,27.723,29.134,26.562,26.775,30759838,0
2001-01-18,28.012,30.83,27.437,30.54,16804279,0
2001-01-19,29.964,31.122,29.253,29.795,11976922,0
2001-01-22,29.379,29.585,28.178,28.259,6697555,0
2001-01-23,28.101,29.585,27.516,29.214,6881254,0
2001-01-24,29.046,30.499,28.968,29.631,9814741,0
2001-01-25,29.544,29.837,28.384,29.01,15368005,0
2001-01-26,28.178,28.92,27.595,28.551,11470615,0
2001-01-29,28.345,29.424,27.057,29.01,6503896,0
2001-01-30,29.173,31.327,28.762,30.458,11781457,0
2001-01-31,30.168,32.282,29.837,30.423,10699307,0
2001-02-01,29.915,31.454,29.253,30.332,7799461,0
2001-02-02,30.248,30.869,27.85,27.887,6763762,0
2001-02-05,27.766,27.808,25.071,26.895,10749230,0
2001-02-06,26.746,27.85,25.937,26.395,7511988,0
2001-02-07,26.191,26.482,24.944,25.447,12099390,0
2001-02-08,25.447,26.318,24.12,24.203,10832636,0
2001-02-09,24.453,25.488,23.743,23.788,9191392,0
2001-02-12,23.996,26.229,23.949,25.779,9556530,0
2001-02-13,26.109,27.556,24.572,24.612,11781307,0
2001-02-14,25.565,29.503,25.528,28.59,20367299,0
2001-02-15,29.01,30.912,28.883,29.379,13572467,0
2001-02-16,28.22,29.134,27.264,27.642,11877984,0
2001-02-20,28.178,28.431,26.562,26.725,7855863,0
2001-02-21,26.15,29.424,26.109,26.482,16266751,0
2001-02-22,26.852,29.173,25.652,27.186,16614095,0
2001-02-23,27.298,28.842,25.693,28.762,15648234,0
2001-02-26,28.801,28.842,26.775,28.052,10747121,0
2001-02-27,27.516,28.101,25.899,26.521,9586240,0
2001-02-28,26.601,26.601,23.079,23.705,17370770,0
2001-03-01,22.007,26.229,21.14,26.15,18346585,0
2001-03-02,25.447,28.59,24.612,26.443,14557639,0
2001-03-05,27.311,28.51,26.775,27.68,7857674,0
2001-03-06,28.883,30.458,28.842,29.837,13634911,0
2001-03-07,29.758,30.666,28.92,30.248,11737718,0
2001-03-08,29.877,30.499,28.677,30.089,13725401,0
2001-03-09,29.214,29.837,27.311,27.642,12428782,0
2001-03-12,26.813,29.424,26.601,27.351,15434667,0
2001-03-13,28.012,29.046,27.642,29.046,12687444,0
2001-03-14,28.138,30.168,28.012,29.795,17925790,0
2001-03-15,30.751,30.869,27.224,27.311,16942436,0
2001-03-16,26.15,26.688,25.117,25.565,14972849,0
2001-03-19,25.899,27.887,25.117,27.68,11630788,0
2001-03-20,27.264,28.384,25.361,25.447,19081695,0
2001-03-21,25.734,27.68,25.375,26.482,14277263,0
2001-03-22,27.186,30.423,27.147,30.248,23294456,0
2001-03-23,31.288,31.7,29.134,29.795,27297269,0
2001-03-26,29.631,30.499,29.173,29.795,15157153,0
2001-03-27,29.34,31.574,28.762,30.089,19027697,0
2001-03-28,29.837,31.415,28.012,28.178,18464382,0
2001-03-29,28.259,29.711,26.521,27.642,17850385,0
2001-03-30,27.186,27.186,25.693,26.109,19539885,0
2001-04-02,25.857,26.482,22.336,23.079,18303600,0
2001-04-03,23.285,24.785,23,23.499,18990143,0
2001-04-04,23.618,23.69,21.051,21.714,18593484,0
2001-04-05,22.834,25.235,22.622,24.657,14786134,0
2001-04-06,24.16,24.944,23.042,23.87,14044542,0
2001-04-09,23.705,24.033,21.051,22.553,12976877,0
2001-04-10,22.842,25.194,22.012,24.426,17109696,0
2001-04-11,27.582,28.883,26.754,27.21,24280827,0
2001-04-12,26.952,29.772,26.521,29.2,12915335,0
2001-04-16,28.51,29.801,27.464,28.816,12493637,0
2001-04-17,28.325,29.631,27.516,28.331,14764863,0
2001-04-18,30.54,33.218,30.465,31.216,25464027,0
2001-04-19,32.058,35.049,32.058,35.009,20917194,0
2001-04-20,35.239,35.473,33.815,34.553,15684883,0
2001-04-23,33.502,33.841,32.821,33.548,13215322,0
2001-04-24,34.046,35.832,32.33,33.303,16531748,0
2001-04-25,33.085,35.406,32.861,34.855,15570708,0
2001-04-26,35.805,35.869,31.826,33.384,13377000,0
2001-04-27,34.239,35.473,34.08,34.902,9087631,0
2001-04-30,35.14,37.546,34.419,36.441,14119799,0
2001-05-01,36.276,36.76,34.589,36.7,11955359,0
2001-05-02,37.243,37.572,35.239,35.797,11408020,0
2001-05-03,35.175,35.175,32.88,33.855,12258660,0
2001-05-04,32.701,34.112,32.143,33.696,11887185,0
2001-05-07,33.907,34.576,32.49,32.674,8140309,0
2001-05-08,33.322,34.352,32.828,34.339,6853654,0
2001-05-09,33.322,33.584,32.191,32.841,11378309,0
2001-05-10,35.076,35.44,33.218,33.232,16172186,0
2001-05-11,33.317,34.601,32.918,33.704,8178622,0
2001-05-14,33.536,33.649,32.158,32.973,6314314,0
2001-05-15,32.966,34.232,32.455,32.573,8671210,0
2001-05-16,32.415,36.4,31.99,36.382,13126032,0
2001-05-17,35.902,37.098,35.499,36.289,11908751,0
2001-05-18,35.579,36.931,35.473,36.773,7860239,0
2001-05-21,36.798,40.173,36.639,40.173,12769795,0
2001-05-22,39.915,40.445,37.792,39.173,10848170,0
2001-05-23,38.509,38.515,36.646,36.81,10109142,0
2001-05-24,36.527,37.854,35.738,37.839,10806242,0
2001-05-25,38.49,38.789,37.468,37.534,8250565,0
2001-05-29,37.328,37.328,35.327,35.672,6426524,0
2001-05-30,34.482,34.876,32.779,32.873,11436528,0
2001-05-31,32.158,35.473,32.158,34.226,12765720,0
2001-06-01,35.175,35.805,33.795,34.96,8355538,0
2001-06-04,35.14,35.473,33.834,34.608,6040270,0
2001-06-05,34.695,38.534,34.651,37.11,13090893,0
2001-06-06,36.964,38.376,36.228,37.792,11032023,0
2001-06-07,37.553,40.24,37.433,40.215,12446280,0
2001-06-08,40.114,40.312,38.555,38.953,7436732,0
2001-06-11,38.562,38.623,37.628,37.7,8136543,0
2001-06-12,36.134,38.886,35.805,38.329,12178724,0
2001-06-13,38.455,39.782,37.559,37.854,11383291,0
2001-06-14,36.998,37.594,35.532,35.718,12126388,0
2001-06-15,34.743,36.534,34.476,36.228,9643557,0
2001-06-18,36.866,37.972,36.574,36.798,10600222,0
2001-06-19,38.255,38.648,35.233,36.128,11297469,0
2001-06-20,35.002,36.46,33.815,36.427,15893920,0
2001-06-21,35.605,36.169,34.18,35.837,15886982,0
2001-06-22,35.419,37.621,35.009,36.201,11497009,0
2001-06-25,36.592,37.594,35.902,37.572,6848074,0
2001-06-26,36.659,37.601,36.068,37.231,7731739,0
2001-06-27,36.964,36.978,35.869,36.388,7621335,0
2001-06-28,36.971,39.065,36.798,38.104,10264635,0
2001-06-29,38.111,39.704,38.084,38.768,10235383,0
2001-07-02,38.654,39.184,38.02,38.762,7869435,0
2001-07-03,38.654,39.191,38.255,39.133,3579910,0
2001-07-05,38.284,38.422,37.528,37.998,7737015,0
2001-07-06,37.231,37.396,34.18,34.254,12899500,0
2001-07-09,34.383,34.425,33.153,33.384,12345530,0
2001-07-10,33.881,34.046,30.764,30.945,15299529,0
2001-07-11,30.951,31.826,30.135,31.799,15677188,0
2001-07-12,33.057,34.383,32.636,34.278,12308731,0
2001-07-13,34.087,34.89,32.951,33.616,8828964,0
2001-07-16,33.19,33.975,30.458,30.939,15008598,0
2001-07-17,29.943,32.951,29.837,32.623,25548491,0
2001-07-18,31.96,33.057,31.269,32.381,12051126,0
2001-07-19,32.951,34.608,32.88,33.873,11318433,0
2001-07-20,33.025,34.147,32.681,33.928,7791614,0
2001-07-23,34.046,34.08,32.289,32.63,6980943,0
2001-07-24,32.608,33.451,31.507,32.197,7016992,0
2001-07-25,32.249,33.177,31.216,33.014,8902117,0
2001-07-26,32.918,34.476,32.091,33.815,10104771,0
2001-07-27,33.967,35.876,33.782,35.743,11104569,0
2001-07-30,35.971,37.924,35.936,36.625,13624804,0
2001-07-31,36.625,37.231,35.844,36.062,14769395,0
2001-08-01,37.098,39.118,36.568,37.861,22414104,0
2001-08-02,38.217,39.583,37.496,39.417,16711223,0
2001-08-03,38.959,39.154,38.152,38.762,8995778,0
2001-08-06,37.958,39.085,37.827,38.422,9614450,0
2001-08-07,37.056,37.062,35.818,36.182,14644662,0
2001-08-08,35.79,36.568,33.218,33.329,17183448,0
2001-08-09,33.284,33.815,32.436,33.31,15577193,0
2001-08-10,33.357,34.89,32.88,34.829,16730983,0
2001-08-13,34.943,35.749,34.08,35.658,10559347,0
2001-08-14,35.765,36.028,34.546,34.659,7430393,0
2001-08-15,34.743,35.34,33.548,33.649,10232667,0
2001-08-16,33.19,33.329,32.091,32.925,12381883,0
2001-08-17,31.56,32.554,31.396,31.812,8097479,0
2001-08-20,31.706,32.773,31.681,32.296,8143484,0
2001-08-21,32.317,32.681,30.585,30.73,7682869,0
2001-08-22,31.355,32.773,30.326,32.351,13171735,0
2001-08-23,32.455,33.091,31.846,32.212,8121311,0
2001-08-24,32.623,34.318,32.595,34.192,10340804,0
2001-08-27,33.914,35.245,33.775,34.651,6509324,0
2001-08-28,34.736,34.943,33.484,34.073,8601381,0
2001-08-29,34.318,34.608,32.497,32.986,8168217,0
2001-08-30,32.667,33.322,31.96,32.58,7826453,0
2001-08-31,31.362,32.623,31.355,32.58,6346892,0
2001-09-04,32.49,33.451,30.645,30.751,10673367,0
2001-09-05,30.898,31.547,29.207,29.964,20555976,0
2001-09-06,29.333,30.002,28.199,29.333,19767629,0
2001-09-07,29.306,30.533,28.877,29.386,15195765,0
2001-09-10,29.306,29.928,28.052,29.306,15905235,0
2001-09-17,27.973,28.908,26.933,27.41,13863098,0
2001-09-18,27.687,27.879,24.772,24.951,15190938,0
2001-09-19,25.13,25.791,21.681,23.28,21679151,0
2001-09-20,22.808,23.934,22.144,22.398,18909002,0
2001-09-21,20.23,23.027,20.196,22.482,18494996,0
2001-09-24,23.206,23.53,22.079,22.8,17581770,0
2001-09-25,22.875,24.061,22.244,23.67,15648383,0
2001-09-26,23.776,23.964,21.424,21.668,13429493,0
2001-09-27,21.656,21.947,19.825,20.931,16606854,0
2001-09-28,20.965,21.947,20.352,20.938,15898598,0
2001-10-01,20.84,21.562,19.97,20.489,13285455,0
2001-10-02,20.554,20.984,19.368,19.435,13222561,0
2001-10-03,19.188,21.761,18.97,21.375,22429336,0
2001-10-04,21.88,23.166,20.945,22.244,16364485,0
2001-10-05,22.085,22.677,20.872,22.151,11602586,0
2001-10-08,21.853,24.432,21.747,24.108,15537378,0
2001-10-09,24.003,24.048,21.614,21.825,14980691,0
2001-10-10,21.535,22.364,20.999,22.317,15906135,0
2001-10-11,22.629,25.969,22.622,25.764,25442762,0
2001-10-12,25.063,25.983,24.301,25.969,14368353,0
2001-10-15,24.93,25.249,23.788,24.287,15893318,0
2001-10-16,24.068,25.588,23.81,25.534,13723140,0
2001-10-17,26.395,26.402,23.319,23.346,17879340,0
2001-10-18,23.259,24.459,22.776,23.126,10810014,0
2001-10-19,22.847,24.657,22.185,24.208,18443865,0
2001-10-22,23.797,26.033,23.404,26.026,17332160,0
2001-10-23,26.005,26.782,25.599,25.99,19704286,0
2001-10-24,25.886,27.118,25.396,27.09,10225429,0
2001-10-25,26.513,30.036,26.026,30.002,19659038,0
2001-10-26,29.776,30.507,28.94,29.279,14283593,0
2001-10-29,29.227,29.61,27.23,27.437,12803730,0
2001-10-30,27.125,27.68,26.077,26.297,13159965,0
2001-10-31,27.125,28.276,26.958,27.09,10849682,0
2001-11-01,27.85,29.367,26.952,29.173,17351920,0
2001-11-02,29.2,30.499,28.783,29.852,15187016,0
2001-11-05,30.359,31.288,30.142,30.698,9458347,0
2001-11-06,30.634,32.158,30.002,32.091,15128645,0
2001-11-07,31.826,32.828,31.37,31.978,13497961,0
2001-11-08,32.282,33.253,30.533,30.857,17126587,0
2001-11-09,30.836,31.925,30.401,31.314,12409178,0
2001-11-12,31.263,32.243,29.935,31.939,11425518,0
2001-11-13,32.708,33.555,32.461,33.509,10907892,0
2001-11-14,33.889,34.412,31.96,32.9,19048513,0
2001-11-15,31.96,33.273,31.826,32.785,15923783,0
2001-11-16,33.273,33.372,32.523,33.14,11102459,0
2001-11-19,33.284,33.291,31.812,32.979,12594239,0
2001-11-20,32.595,32.785,30.326,30.394,16907443,0
2001-11-21,30.183,31.427,29.519,31.248,16759184,0
2001-11-23,31.274,31.758,30.512,31.581,3436931,0
2001-11-26,31.863,33.273,31.82,33.183,16251821,0
2001-11-27,32.958,35.301,32.497,34.589,28190435,0
2001-11-28,34.046,34.777,32.995,33.032,14494290,0
2001-11-29,33.266,35.002,32.708,34.98,14939069,0
2001-11-30,33.994,34.08,32.887,33.303,19210643,0
2001-12-03,33.038,33.914,32.63,33.106,11576795,0
2001-12-04,33.642,35.632,33.616,35.565,20797899,0
2001-12-05,35.856,38.193,35.856,37.765,15895281,0
2001-12-06,37.588,37.938,36.831,37.403,14074707,0
2001-12-07,37.132,37.728,35.805,36.665,10506558,0
2001-12-10,36.327,37.42,36.24,36.375,10324669,0
2001-12-11,36.539,37.906,36.534,36.91,9512643,0
2001-12-12,36.964,37.588,35.971,37.335,12457291,0
2001-12-13,36.415,36.474,34.446,34.503,14922322,0
2001-12-14,34.497,35.46,34.046,35.042,14216629,0
2001-12-17,34.943,37.118,34.943,36.798,13331303,0
2001-12-18,36.898,37.355,36.234,36.91,10040519,0
2001-12-19,36.149,36.46,34.763,34.883,13651801,0
2001-12-20,34.339,34.743,32.654,32.708,14021766,0
2001-12-21,33.153,33.577,32.88,33.169,10154842,0
2001-12-24,33.253,33.284,32.835,32.912,1400532,0
2001-12-26,33.12,34.093,32.821,33.164,3299076,0
2001-12-27,33.484,33.981,33.317,33.522,3910663,0
2001-12-28,34.001,34.709,33.649,34.02,4558594,0
2001-12-31,34.147,34.212,32.766,32.861,3588202,0
