Date,Open,High,Low,Close,Volume,OpenInt
1995-01-03,10.478,10.579,10.447,10.555,6315774,0
1995-01-04,10.503,10.555,10.275,10.326,7955031,0
1995-01-05,10.326,10.352,10.172,10.275,10395527,0
1995-01-06,10.275,10.326,10.197,10.275,6626169,0
1995-01-09,10.226,10.245,10.095,10.122,7215086,0
1995-01-10,10.172,10.172,9.992,10.021,9139241,0
1995-01-11,10.042,10.095,9.992,10.042,9585458,0
1995-01-12,9.992,10.172,9.945,10.148,10238616,0
1995-01-13,10.226,10.3,10.122,10.148,12099514,0
1995-01-16,10.226,10.376,10.226,10.326,7082693,0
1995-01-17,10.352,10.447,10.326,10.376,6317243,0
1995-01-18,10.275,10.352,10.245,10.3,5593974,0
1995-01-19,10.197,10.429,10.197,10.376,7375429,0
1995-01-20,10.352,10.402,10.326,10.376,13143966,0
1995-01-23,10.326,10.447,10.326,10.376,6169156,0
1995-01-24,10.326,10.376,10.245,10.275,7180758,0
1995-01-25,10.3,10.402,10.245,10.326,7453397,0
1995-01-26,10.326,10.555,10.326,10.555,6088251,0
1995-01-27,10.606,10.76,10.555,10.681,9151498,0
1995-01-30,10.706,10.76,10.606,10.735,7168500,0
1995-01-31,10.735,10.76,10.681,10.706,7203801,0
1995-02-01,10.76,10.783,10.654,10.654,5741076,0
1995-02-02,10.606,10.681,10.534,10.681,5900440,0
1995-02-03,10.783,10.836,10.735,10.836,7032669,0
1995-02-06,10.808,10.939,10.783,10.858,7119955,0
1995-02-07,10.858,10.987,10.836,10.939,5509628,0
1995-02-08,10.939,11.041,10.858,10.858,6043627,0
1995-02-09,10.886,10.886,10.681,10.706,5357128,0
1995-02-10,10.654,10.858,10.606,10.836,7222932,0
1995-02-13,10.783,10.858,10.654,10.681,5460595,0
1995-02-14,10.706,10.735,10.579,10.634,7375920,0
1995-02-15,10.706,10.836,10.634,10.783,7505377,0
1995-02-16,10.783,11.013,10.76,11.013,7464184,0
1995-02-17,10.964,11.013,10.886,10.886,15943407,0
1995-02-21,10.939,10.987,10.836,10.939,6461901,0
1995-02-22,10.939,10.987,10.858,10.964,8415962,0
1995-02-23,11.013,11.114,10.964,11.013,6790437,0
1995-02-24,11.013,11.192,11.013,11.168,6094134,0
1995-02-27,11.168,11.246,11.114,11.114,5890146,0
1995-02-28,11.114,11.214,11.041,11.214,6976281,0
1995-03-01,11.192,11.267,11.144,11.267,7291088,0
1995-03-02,11.317,11.317,11.168,11.192,4573545,0
1995-03-03,11.192,11.317,11.144,11.246,5885241,0
1995-03-06,11.214,11.42,11.144,11.396,6560947,0
1995-03-07,11.346,11.396,11.246,11.294,8664576,0
1995-03-08,11.346,11.373,11.294,11.317,8245810,0
1995-03-09,11.317,11.346,11.168,11.214,7035126,0
1995-03-10,11.246,11.6,11.214,11.574,9236325,0
1995-03-13,11.574,11.653,11.523,11.6,5652322,0
1995-03-14,11.625,11.672,11.574,11.6,5858761,0
1995-03-15,11.6,11.672,11.574,11.653,5269847,0
1995-03-16,11.653,11.984,11.625,11.93,8296806,0
1995-03-17,11.93,11.958,11.857,11.877,16689729,0
1995-03-20,11.877,11.877,11.755,11.778,7148396,0
1995-03-21,11.778,12.111,11.778,11.93,8943096,0
1995-03-22,11.984,12.111,11.958,12.031,8285531,0
1995-03-23,11.893,11.908,11.702,11.828,21876212,0
1995-03-24,11.804,11.877,11.755,11.778,10043941,0
1995-03-27,11.755,11.755,11.574,11.702,9534463,0
1995-03-28,11.702,11.726,11.625,11.625,6254477,0
1995-03-29,11.6,11.877,11.549,11.755,11132528,0
1995-03-30,11.778,11.778,11.549,11.574,6744836,0
1995-03-31,11.549,11.653,11.469,11.499,8636623,0
1995-04-03,11.469,11.804,11.447,11.778,8074675,0
1995-04-04,11.828,11.904,11.804,11.904,7761338,0
1995-04-05,11.857,11.904,11.804,11.877,5492957,0
1995-04-06,11.877,11.93,11.804,11.93,5074194,0
1995-04-07,11.904,12.008,11.804,11.984,5725876,0
1995-04-10,12.008,12.008,11.904,11.93,4728004,0
1995-04-11,11.958,11.984,11.778,11.804,5247780,0
1995-04-12,11.804,11.904,11.778,11.904,5215415,0
1995-04-13,11.904,12.008,11.857,11.857,4319539,0
1995-04-17,11.904,11.904,11.653,11.653,6667848,0
1995-04-18,11.726,11.93,11.653,11.904,6085796,0
1995-04-19,11.93,11.93,11.653,11.804,8959770,0
1995-04-20,11.778,11.804,11.672,11.672,4774097,0
1995-04-21,11.755,11.857,11.672,11.857,10340601,0
1995-04-24,11.828,11.93,11.778,11.904,4689755,0
1995-04-25,11.857,11.93,11.804,11.877,4357297,0
1995-04-26,11.857,11.958,11.828,11.857,7185175,0
1995-04-27,11.828,11.904,11.828,11.828,5400771,0
1995-04-28,11.857,11.877,11.755,11.857,7645125,0
1995-05-01,11.828,11.828,11.755,11.755,7733876,0
1995-05-02,11.804,11.877,11.726,11.828,7336204,0
1995-05-03,11.857,11.958,11.857,11.958,9935083,0
1995-05-04,11.958,12.111,11.93,12.031,12373621,0
1995-05-05,12.06,12.212,12.031,12.134,6379030,0
1995-05-08,12.163,12.414,12.134,12.39,7959936,0
1995-05-09,12.39,12.491,12.338,12.44,7482323,0
1995-05-10,12.491,12.597,12.44,12.517,10127303,0
1995-05-11,12.541,12.541,12.39,12.414,7838819,0
1995-05-12,12.314,12.369,12.008,12.031,13852529,0
1995-05-15,12.031,12.081,11.755,11.804,19247414,0
1995-05-16,11.804,11.804,11.6,11.702,17704761,0
1995-05-17,11.726,11.877,11.702,11.828,15646251,0
1995-05-18,11.778,11.904,11.672,11.672,10787814,0
1995-05-19,11.625,11.904,11.625,11.904,16710321,0
1995-05-22,11.93,11.984,11.877,11.984,5452254,0
1995-05-23,12.008,12.212,11.984,12.212,9124528,0
1995-05-24,12.212,12.237,12.06,12.163,7487232,0
1995-05-25,12.186,12.314,12.134,12.237,7443589,0
1995-05-26,12.237,12.265,12.111,12.163,8439504,0
1995-05-30,12.163,12.265,12.163,12.265,4927086,0
1995-05-31,12.265,12.621,12.237,12.571,8963688,0
1995-06-01,12.571,12.621,12.338,12.44,7419563,0
1995-06-02,12.44,12.597,12.338,12.414,6321657,0
1995-06-05,12.414,12.414,12.212,12.314,5564059,0
1995-06-06,12.314,12.414,12.265,12.284,4889823,0
1995-06-07,12.237,12.39,12.212,12.338,3093653,0
1995-06-08,12.314,12.44,12.314,12.39,4553436,0
1995-06-09,12.338,12.39,12.212,12.237,7268528,0
1995-06-12,12.237,12.338,12.212,12.284,5780796,0
1995-06-13,12.369,12.369,12.284,12.338,5214435,0
1995-06-14,12.314,12.491,12.284,12.414,5694001,0
1995-06-15,12.44,12.597,12.414,12.517,5513556,0
1995-06-16,12.541,12.748,12.517,12.721,18369190,0
1995-06-19,12.672,12.824,12.672,12.798,5070759,0
1995-06-20,12.773,12.925,12.748,12.896,6916948,0
1995-06-21,12.925,13.1,12.896,13.052,9008808,0
1995-06-22,13.128,13.305,13.128,13.232,7148396,0
1995-06-23,13.255,13.436,13.232,13.332,5491976,0
1995-06-26,13.332,13.46,13.332,13.411,5032026,0
1995-06-27,13.411,13.411,13.128,13.207,9126974,0
1995-06-28,13.207,13.255,13.052,13.153,8539044,0
1995-06-29,13.178,13.232,12.98,13.052,8074186,0
1995-06-30,13.178,13.255,13.003,13.003,5673406,0
1995-07-03,13.003,13.178,13.003,13.153,2219835,0
1995-07-05,13.255,13.279,13.003,13.026,8455688,0
1995-07-06,13.026,13.153,12.98,13.153,7029733,0
1995-07-07,13.128,13.232,12.877,12.896,9376571,0
1995-07-10,12.95,13.1,12.95,13.003,9086281,0
1995-07-11,12.98,13.052,12.925,13.052,5813160,0
1995-07-12,13.026,13.279,13.003,13.279,5385568,0
1995-07-13,13.255,13.305,13.026,13.178,5496395,0
1995-07-14,13.052,13.207,13.026,13.026,5646927,0
1995-07-17,13.052,13.1,12.95,13.052,6437380,0
1995-07-18,13.026,13.178,13.003,13.153,5450787,0
1995-07-19,13.1,13.332,13.1,13.279,8414982,0
1995-07-20,13.305,13.332,13.003,13.1,7074843,0
1995-07-21,13.128,13.279,13.026,13.279,15342228,0
1995-07-24,13.279,13.382,13.232,13.305,4748107,0
1995-07-25,13.305,13.382,13.255,13.382,4191065,0
1995-07-26,13.382,13.639,13.359,13.562,6557029,0
1995-07-27,13.562,13.639,13.508,13.562,5414010,0
1995-07-28,13.613,13.613,13.436,13.46,3684529,0
1995-07-31,13.411,13.46,13.279,13.382,4876091,0
1995-08-01,13.436,13.613,13.332,13.562,6428061,0
1995-08-02,13.613,13.688,13.382,13.436,7093477,0
1995-08-03,13.411,13.538,13.359,13.411,5953893,0
1995-08-04,13.436,13.508,13.411,13.485,3303524,0
1995-08-07,13.508,13.508,13.305,13.411,3654616,0
1995-08-08,13.382,13.46,13.359,13.46,4197931,0
1995-08-09,13.411,13.639,13.411,13.613,4119966,0
1995-08-10,13.585,13.688,13.508,13.613,5973017,0
1995-08-11,13.562,13.585,13.382,13.46,8354672,0
1995-08-14,13.436,13.562,13.359,13.538,4689755,0
1995-08-15,13.411,13.46,13.279,13.359,8935248,0
1995-08-16,13.207,13.255,13.1,13.153,12557503,0
1995-08-17,13.128,13.153,12.95,13.128,13194479,0
1995-08-18,13.052,13.052,12.773,12.848,18697238,0
1995-08-21,12.896,13.003,12.824,12.877,10134171,0
1995-08-22,12.925,12.95,12.798,12.896,10541160,0
1995-08-23,12.896,12.95,12.824,12.824,6484944,0
1995-08-24,12.848,13.003,12.848,13.003,6351081,0
1995-08-25,13.052,13.207,13.052,13.153,8143819,0
1995-08-28,13.178,13.232,13.1,13.207,5298287,0
1995-08-29,13.207,13.232,13.1,13.178,4519111,0
1995-08-30,13.153,13.207,13.1,13.1,5901911,0
1995-08-31,13.128,13.207,13.052,13.1,6815935,0
1995-09-01,13.052,13.178,13.052,13.077,5151667,0
1995-09-05,13.052,13.052,12.925,13.003,6540847,0
1995-09-06,13.026,13.178,13.003,13.153,6787006,0
1995-09-07,13.128,13.153,13.003,13.026,7121430,0
1995-09-08,13.077,13.077,12.95,12.98,7498019,0
1995-09-11,13.026,13.077,13.003,13.003,5399304,0
1995-09-12,13.077,13.178,13.026,13.178,7467125,0
1995-09-13,13.1,13.436,13.077,13.436,8193345,0
1995-09-14,13.485,13.562,13.332,13.538,9721292,0
1995-09-15,13.585,13.665,13.485,13.585,17911200,0
1995-09-18,13.585,13.665,13.508,13.639,5272294,0
1995-09-19,13.639,13.766,13.613,13.766,5205612,0
1995-09-20,13.766,14.173,13.766,14.097,10561265,0
1995-09-21,14.173,14.251,13.994,14.173,7273437,0
1995-09-22,14.227,14.401,13.994,14.401,7344044,0
1995-09-25,14.377,14.377,14.199,14.3,5747942,0
1995-09-26,14.147,14.251,14.046,14.227,5794035,0
1995-09-27,14.147,14.325,14.072,14.3,6280960,0
1995-09-28,14.274,14.325,13.969,14.022,7037576,0
1995-09-29,14.022,14.147,13.843,14.072,7738295,0
1995-10-02,14.022,14.173,13.945,14.046,6733065,0
1995-10-03,14.121,14.479,14.121,14.455,7022866,0
1995-10-04,14.377,14.606,14.352,14.606,6727673,0
1995-10-05,14.582,14.659,14.325,14.401,7576969,0
1995-10-06,14.377,14.503,14.352,14.431,3441802,0
1995-10-09,14.377,14.732,14.352,14.606,5094301,0
1995-10-10,14.582,14.634,14.377,14.557,8195307,0
1995-10-11,14.431,14.606,14.401,14.503,5220811,0
1995-10-12,14.527,14.582,14.431,14.431,3167203,0
1995-10-13,14.503,14.659,14.455,14.455,4142030,0
1995-10-16,14.503,14.683,14.455,14.606,4125849,0
1995-10-17,14.606,14.606,14.377,14.455,4306788,0
1995-10-18,14.401,14.659,14.401,14.634,5806290,0
1995-10-19,14.527,14.989,14.431,14.989,13312159,0
1995-10-20,14.965,15.067,14.732,14.762,16293027,0
1995-10-23,14.708,14.762,14.634,14.683,7182717,0
1995-10-24,14.837,14.837,14.659,14.784,6636462,0
1995-10-25,14.527,14.634,14.527,14.634,12545250,0
1995-10-26,14.634,14.762,14.431,14.479,11366921,0
1995-10-27,14.401,14.617,14.401,14.606,7949150,0
1995-10-30,14.634,14.732,14.606,14.683,5272791,0
1995-10-31,14.708,14.837,14.659,14.659,7006681,0
1995-11-01,14.659,14.732,14.582,14.634,5990177,0
1995-11-02,14.634,14.683,14.527,14.606,6041174,0
1995-11-03,14.659,14.708,14.503,14.503,8139893,0
1995-11-06,14.503,14.557,14.352,14.352,5561610,0
1995-11-07,14.377,14.527,14.352,14.527,7282756,0
1995-11-08,14.582,14.837,14.557,14.837,8324761,0
1995-11-09,14.887,14.887,14.634,14.634,7016488,0
1995-11-10,14.606,14.837,14.606,14.837,4880507,0
1995-11-13,14.837,15.091,14.784,15.067,6768370,0
1995-11-14,15.013,15.142,14.965,15.091,7284218,0
1995-11-15,15.067,15.168,14.937,15.142,6773766,0
1995-11-16,15.194,15.32,15.142,15.247,7724563,0
1995-11-17,15.271,15.32,15.194,15.294,11252180,0
1995-11-20,15.32,15.343,15.217,15.343,5408620,0
1995-11-21,15.32,15.678,15.32,15.653,6613913,0
1995-11-22,15.602,15.626,15.294,15.294,5993118,0
1995-11-24,15.397,15.397,15.294,15.343,1199900,0
1995-11-27,15.343,15.374,15.168,15.217,6438850,0
1995-11-28,15.194,15.421,15.194,15.374,6218191,0
1995-11-29,15.32,15.397,15.271,15.397,4321010,0
1995-11-30,15.397,15.522,15.374,15.449,5840619,0
1995-12-01,15.421,15.576,15.397,15.453,5068307,0
1995-12-04,15.449,15.548,15.32,15.548,6393251,0
1995-12-05,15.522,15.857,15.475,15.779,6244183,0
1995-12-06,15.829,16.188,15.779,16.188,8790596,0
1995-12-07,16.136,16.16,15.907,15.983,6410409,0
1995-12-08,15.983,16.136,15.932,16.009,4402410,0
1995-12-11,15.983,16.337,15.983,16.188,6982169,0
1995-12-12,16.188,16.363,16.16,16.337,5123230,0
1995-12-13,16.337,16.393,16.289,16.316,5956344,0
1995-12-14,16.316,16.316,16.062,16.062,7798117,0
1995-12-15,16.136,16.188,16.009,16.034,24215206,0
1995-12-18,15.829,15.954,15.806,15.829,7383769,0
1995-12-19,15.779,15.882,15.421,15.752,11790095,0
1995-12-20,15.752,15.752,15.142,15.142,10280784,0
1995-12-21,15.217,15.499,14.606,14.837,33515767,0
1995-12-22,14.863,14.887,14.401,14.683,18031826,0
1995-12-26,14.683,15.271,14.683,15.217,10519587,0
1995-12-27,15.247,15.374,15.217,15.217,10991797,0
1995-12-28,15.271,15.32,15.142,15.271,6329992,0
1995-12-29,15.294,15.32,15.013,15.142,6202011,0
1996-01-02,15.067,15.343,15.067,15.294,9342247,0
1996-01-03,15.343,15.475,15.32,15.421,8712139,0
1996-01-04,15.421,15.499,15.194,15.294,10495066,0
1996-01-05,15.271,15.397,15.115,15.217,7654933,0
1996-01-08,15.217,15.343,15.217,15.32,2337033,0
1996-01-09,15.374,15.397,15.091,15.115,8196774,0
1996-01-10,15.042,15.067,14.837,14.863,8781769,0
1996-01-11,14.937,15.013,14.708,15.013,10139560,0
1996-01-12,15.091,15.115,14.762,14.837,8863170,0
1996-01-15,14.863,15.042,14.837,15.013,4935913,0
1996-01-16,15.091,15.271,14.911,15.271,6094134,0
1996-01-17,15.294,15.374,14.887,14.911,8608672,0
1996-01-18,14.965,14.989,14.708,14.965,8150685,0
1996-01-19,14.965,15.067,14.837,14.965,10308244,0
1996-01-22,14.965,14.965,14.732,14.837,7322962,0
1996-01-23,14.81,15.042,14.732,14.989,7229793,0
1996-01-24,15.115,15.32,15.067,15.32,8000633,0
1996-01-25,15.343,15.343,14.911,15.013,9281439,0
1996-01-26,14.965,15.194,14.937,15.194,5912704,0
1996-01-29,15.194,15.247,15.115,15.142,4657388,0
1996-01-30,15.194,15.397,15.194,15.343,8090860,0
1996-01-31,15.421,15.449,15.217,15.374,6401587,0
1996-02-01,15.32,15.421,15.294,15.397,8490988,0
1996-02-02,15.421,15.499,15.271,15.32,8284550,0
1996-02-05,15.271,15.548,15.271,15.548,6231921,0
1996-02-06,15.548,15.653,15.421,15.626,10148877,0
1996-02-07,15.653,15.932,15.653,15.907,11278169,0
1996-02-08,15.954,16.469,15.829,16.363,12018114,0
1996-02-09,16.316,16.363,16.11,16.237,10361203,0
1996-02-12,16.289,16.316,16.11,16.237,7784385,0
1996-02-13,16.289,16.721,16.267,16.469,12276526,0
1996-02-14,16.417,16.597,16.289,16.518,10844694,0
1996-02-15,16.469,16.772,16.469,16.568,8058002,0
1996-02-16,16.469,16.495,16.337,16.417,12775223,0
1996-02-20,16.316,16.673,16.289,16.442,7883439,0
1996-02-21,16.495,16.698,16.469,16.698,5993118,0
1996-02-22,16.848,17.179,16.826,17.131,9433940,0
1996-02-23,17.155,17.207,16.747,16.951,8018282,0
1996-02-26,16.848,16.903,16.62,16.673,7104756,0
1996-02-27,16.62,16.747,16.417,16.747,9985589,0
1996-02-28,16.8,17.004,16.543,16.597,11259044,0
1996-02-29,16.469,16.772,16.337,16.469,9193180,0
1996-03-01,16.62,16.772,16.518,16.747,7699556,0
1996-03-04,16.8,17.207,16.698,17.131,8089877,0
1996-03-05,17.107,17.179,17.029,17.179,5889652,0
1996-03-06,17.179,17.207,16.903,16.951,6298615,0
1996-03-07,16.878,17.131,16.848,17.029,8043296,0
1996-03-08,16.772,16.903,16.289,16.363,14471851,0
1996-03-11,16.363,16.645,16.337,16.543,13011084,0
1996-03-12,16.495,16.568,16.289,16.568,9784057,0
1996-03-13,16.62,16.673,16.469,16.543,9100012,0
1996-03-14,16.62,16.772,16.518,16.62,6475628,0
1996-03-15,16.62,16.645,16.469,16.495,15022519,0
1996-03-18,16.673,16.848,16.62,16.826,8352221,0
1996-03-19,16.826,16.903,16.747,16.826,7743690,0
1996-03-20,16.903,17.207,16.903,17.179,7248921,0
1996-03-21,17.207,17.232,16.975,17.054,6313319,0
1996-03-22,17.155,17.179,17.004,17.107,4558830,0
1996-03-25,17.232,17.285,17.179,17.232,6298615,0
1996-03-26,17.131,17.36,17.131,17.309,6534965,0
1996-03-27,17.334,17.411,17.107,17.107,8458623,0
1996-03-28,17.054,17.155,17.029,17.107,5999003,0
1996-03-29,17.131,17.131,16.848,16.878,7068961,0
1996-04-01,16.975,17.207,16.951,17.179,10188597,0
1996-04-02,17.207,17.232,17.054,17.131,6078932,0
1996-04-03,17.054,17.155,17.004,17.131,4659351,0
1996-04-04,17.155,17.155,17.029,17.08,5009466,0
1996-04-08,16.8,16.848,16.62,16.826,9981178,0
1996-04-09,17.029,17.029,16.645,16.673,9346659,0
1996-04-10,16.62,16.721,16.085,16.085,11499807,0
1996-04-11,16.212,16.316,16.034,16.289,15004866,0
1996-04-12,16.442,16.597,16.337,16.469,7111132,0
1996-04-15,16.495,16.518,16.337,16.518,5043793,0
1996-04-16,16.543,16.673,16.469,16.597,6215250,0
1996-04-17,16.518,16.543,16.188,16.337,10935905,0
1996-04-18,16.417,16.442,16.188,16.212,11783722,0
1996-04-19,16.212,16.363,15.954,16.062,15956644,0
1996-04-22,16.267,16.469,16.212,16.442,8778826,0
1996-04-23,16.417,16.543,16.363,16.518,7636298,0
1996-04-24,16.62,16.62,16.289,16.393,8849927,0
1996-04-25,16.363,16.645,16.237,16.568,8788143,0
1996-04-26,16.568,16.721,16.495,16.568,5131078,0
1996-04-29,16.417,16.597,16.417,16.543,5053603,0
1996-04-30,16.518,16.673,16.518,16.62,6766900,0
1996-05-01,16.597,16.721,16.568,16.673,4922672,0
1996-05-02,16.518,16.597,16.363,16.393,8608184,0
1996-05-03,16.442,16.442,16.237,16.267,8492950,0
1996-05-06,16.267,16.495,16.11,16.495,8797457,0
1996-05-07,16.518,16.645,16.442,16.597,8232575,0
1996-05-08,16.417,16.878,16.363,16.878,10174870,0
1996-05-09,16.848,17.08,16.8,16.878,5923490,0
1996-05-10,17.08,17.107,16.903,17.107,6075010,0
1996-05-13,17.131,17.538,17.029,17.538,10155990,0
1996-05-14,17.796,18.202,17.693,18.101,16437685,0
1996-05-15,18.304,18.509,18.101,18.151,15907856,0
1996-05-16,18.151,18.66,18.151,18.558,12291726,0
1996-05-17,18.714,19.069,18.612,18.815,18234344,0
1996-05-20,19.017,19.069,18.151,18.968,10014767,0
1996-05-21,18.968,19.529,18.354,18.968,12770315,0
1996-05-22,18.761,19.326,18.66,19.224,14131053,0
1996-05-23,19.224,19.326,18.915,19.017,11642993,0
1996-05-24,19.069,19.475,19.017,19.374,7831217,0
1996-05-28,19.272,19.272,18.761,18.761,9807591,0
1996-05-29,18.865,19.119,18.66,18.761,10647327,0
1996-05-30,18.714,19.224,18.66,19.069,8065607,0
1996-05-31,19.017,19.119,18.714,18.761,8125430,0
1996-06-03,18.714,18.968,18.66,18.865,7441137,0
1996-06-04,19.017,19.017,18.74,18.968,6155430,0
1996-06-05,19.017,19.475,18.915,19.475,6941957,0
1996-06-06,19.475,19.529,19.069,19.069,6206183,0
1996-06-07,18.761,19.169,18.66,19.119,7259954,0
1996-06-10,19.169,19.224,18.968,19.069,4328120,0
1996-06-11,19.119,19.374,19.017,19.169,6029896,0
1996-06-12,19.169,19.272,18.865,18.865,6014205,0
1996-06-13,18.915,19.017,18.815,18.915,4573050,0
1996-06-14,18.968,18.968,18.66,18.66,5617262,0
1996-06-17,18.761,18.915,18.714,18.815,5311526,0
1996-06-18,18.761,18.915,18.714,18.865,6109575,0
1996-06-19,18.915,19.119,18.865,18.968,4651752,0
1996-06-20,19.169,19.374,19.017,19.069,10409010,0
1996-06-21,19.169,19.427,19.119,19.427,17362737,0
1996-06-24,19.579,19.938,19.475,19.885,8561598,0
1996-06-25,19.938,19.986,19.631,19.782,5893819,0
1996-06-26,19.986,20.189,19.938,20.04,8361046,0
1996-06-27,19.986,20.04,19.631,19.938,8744009,0
1996-06-28,20.04,20.085,19.885,19.986,6127233,0
1996-07-01,19.986,20.189,19.885,20.14,6632544,0
1996-07-02,20.14,20.242,20.04,20.189,5965415,0
1996-07-03,20.085,20.344,19.782,19.986,7174878,0
1996-07-05,19.631,19.782,19.272,19.374,4440408,0
1996-07-08,19.374,19.529,19.224,19.326,6938528,0
1996-07-09,19.475,19.579,19.326,19.374,4958713,0
1996-07-10,19.427,19.579,19.119,19.579,6482739,0
1996-07-11,19.529,19.579,19.169,19.427,6685259,0
1996-07-12,19.272,19.475,19.169,19.224,5888433,0
1996-07-15,19.119,19.224,18.509,18.558,9726684,0
1996-07-16,18.612,19.069,18.048,18.815,15406465,0
1996-07-17,19.119,19.224,18.761,18.761,8904846,0
1996-07-18,19.017,19.374,18.915,19.326,6318713,0
1996-07-19,19.326,19.374,19.069,19.224,8539044,0
1996-07-22,19.119,19.427,19.017,19.326,5512327,0
1996-07-23,19.224,19.374,19.017,19.069,7679698,0
1996-07-24,18.815,18.968,18.454,18.714,10563230,0
1996-07-25,18.815,19.069,18.761,18.815,8191130,0
1996-07-26,18.865,19.272,18.815,19.224,6020331,0
1996-07-29,19.169,19.169,18.815,18.865,4652241,0
1996-07-30,18.915,18.968,18.454,18.915,6038723,0
1996-07-31,18.865,19.326,18.815,19.119,6433951,0
1996-08-01,19.119,19.631,19.069,19.631,8003082,0
1996-08-02,19.782,20.189,19.069,20.085,7798607,0
1996-08-05,20.085,20.189,19.986,20.04,4814798,0
1996-08-06,20.04,20.14,19.885,20.14,5009715,0
1996-08-07,20.189,20.292,19.834,20.085,5570436,0
1996-08-08,20.14,20.14,19.885,19.986,3568560,0
1996-08-09,20.04,20.14,19.782,19.885,5183300,0
1996-08-12,19.885,20.292,19.885,20.292,5670462,0
1996-08-13,20.292,20.699,20.189,20.496,9507987,0
1996-08-14,20.596,20.753,20.393,20.651,5431908,0
1996-08-15,20.699,21.006,20.651,20.853,7112110,0
1996-08-16,20.955,21.262,20.904,21.108,8796236,0
1996-08-19,21.159,21.412,21.006,21.056,5585140,0
1996-08-20,20.955,21.108,20.753,20.904,5794280,0
1996-08-21,20.8,21.209,20.651,20.753,4394070,0
1996-08-22,20.651,21.209,20.651,21.209,4132466,0
1996-08-23,21.209,21.262,20.853,20.955,3928972,0
1996-08-26,21.006,21.006,20.753,20.853,4347734,0
1996-08-27,20.853,21.056,20.8,21.056,3049765,0
1996-08-28,21.108,21.209,20.8,20.904,3939758,0
1996-08-29,20.8,20.853,20.447,20.55,7270742,0
1996-08-30,20.55,20.55,20.242,20.393,6234868,0
1996-09-03,20.242,20.853,20.189,20.699,7711570,0
1996-09-04,20.853,20.904,20.447,20.651,6038969,0
1996-09-05,20.596,20.699,20.393,20.393,3838501,0
1996-09-06,20.496,21.209,20.496,20.927,7661802,0
1996-09-09,21.108,21.159,20.904,21.108,5440979,0
1996-09-10,21.108,21.365,21.056,21.365,6915233,0
1996-09-11,21.209,21.31,21.108,21.159,4389906,0
1996-09-12,21.262,21.515,21.159,21.159,4876334,0
1996-09-13,21.515,21.671,21.412,21.618,6325580,0
1996-09-16,21.72,21.977,21.618,21.671,6524913,0
1996-09-17,21.618,21.671,21.262,21.262,6598463,0
1996-09-18,21.365,21.365,21.006,21.159,8251693,0
1996-09-19,21.056,21.412,21.056,21.209,6085796,0
1996-09-20,21.006,21.108,20.699,20.853,18978951,0
1996-09-23,20.699,21.056,20.651,20.853,5454713,0
1996-09-24,20.853,21.262,20.753,21.006,7794686,0
1996-09-25,21.159,21.159,20.853,20.904,5870778,0
1996-09-26,20.904,21.209,20.8,21.006,5333840,0
1996-09-27,21.159,21.159,20.651,20.699,7089555,0
1996-09-30,21.006,21.056,20.651,20.753,5149221,0
1996-10-01,20.753,20.753,19.986,20.447,16381783,0
1996-10-02,20.447,20.447,20.085,20.292,9669312,0
1996-10-03,20.344,20.393,19.885,19.938,9122810,0
1996-10-04,19.986,20.447,19.938,20.393,10472273,0
1996-10-07,20.447,20.651,20.393,20.496,6450861,0
1996-10-08,20.447,20.651,20.344,20.393,5937221,0
1996-10-09,20.393,20.447,19.986,20.292,7915802,0
1996-10-10,20.189,20.242,19.938,19.986,5092090,0
1996-10-11,20.14,20.447,20.04,20.292,4934194,0
1996-10-14,20.393,20.447,20.04,20.14,3520995,0
1996-10-15,20.085,20.085,19.427,19.885,12223324,0
1996-10-16,19.834,19.885,19.631,19.782,7361949,0
1996-10-17,19.938,20.292,19.579,20.085,8467455,0
1996-10-18,20.242,20.447,20.14,20.393,8091595,0
1996-10-21,20.344,20.393,20.085,20.292,6552372,0
1996-10-22,20.292,20.447,20.242,20.447,4639986,0
1996-10-23,20.393,20.55,20.292,20.496,5897992,0
1996-10-24,20.393,20.753,20.393,20.496,5407390,0
1996-10-25,20.393,20.55,20.344,20.344,3979230,0
1996-10-28,20.344,20.447,20.14,20.242,5861216,0
1996-10-29,20.344,20.55,20.189,20.292,6472683,0
1996-10-30,20.393,20.651,20.292,20.55,6290030,0
1996-10-31,20.55,20.651,20.447,20.596,5962470,0
1996-11-01,20.699,20.699,20.242,20.496,6934359,0
1996-11-04,20.496,20.753,20.292,20.699,7947187,0
1996-11-05,20.8,21.006,20.8,21.006,7216309,0
1996-11-06,20.955,21.209,20.853,21.209,7195224,0
1996-11-07,21.159,21.365,21.056,21.365,5793546,0
1996-11-08,21.365,21.466,21.262,21.466,4324690,0
1996-11-11,21.412,21.466,21.159,21.209,4620367,0
1996-11-12,21.209,21.209,20.853,20.955,6341761,0
1996-11-13,21.006,21.31,21.006,21.209,3969915,0
1996-11-14,21.209,21.466,21.159,21.262,5503009,0
1996-11-15,21.515,21.618,21.412,21.515,9615866,0
1996-11-18,21.618,21.618,21.262,21.31,5063406,0
1996-11-19,21.262,21.365,21.006,21.108,5553273,0
1996-11-20,21.159,21.209,21.056,21.056,4806701,0
1996-11-21,20.853,21.209,20.447,20.651,14099672,0
1996-11-22,20.753,20.753,20.393,20.699,8926670,0
1996-11-25,20.853,20.981,20.651,20.955,7420058,0
1996-11-26,20.955,21.056,20.853,20.904,9585706,0
1996-11-27,20.904,21.006,20.853,20.904,4219748,0
1996-11-29,20.955,20.955,20.853,20.853,1805976,0
1996-12-02,20.853,20.904,20.55,20.753,5807766,0
1996-12-03,20.651,20.753,20.292,20.292,8219089,0
1996-12-04,20.085,20.242,19.885,20.242,10184920,0
1996-12-05,20.189,20.344,19.732,20.085,9277269,0
1996-12-06,19.475,20.085,19.427,19.986,11868557,0
1996-12-09,20.242,20.496,20.04,20.496,6882626,0
1996-12-10,20.393,20.393,20.242,20.242,4842252,0
1996-12-11,19.986,20.189,19.834,20.085,8584399,0
1996-12-12,20.14,20.14,19.475,19.529,8000142,0
1996-12-13,19.374,19.679,19.119,19.529,10612266,0
1996-12-16,19.732,19.885,19.579,19.631,8128123,0
1996-12-17,19.631,19.986,19.529,19.834,8929119,0
1996-12-18,19.885,20.04,19.579,19.732,4968766,0
1996-12-19,19.938,20.904,19.529,20.853,12711229,0
1996-12-20,21.515,21.72,21.31,21.569,27953671,0
1996-12-23,21.618,21.671,21.159,21.365,6153217,0
1996-12-24,21.31,21.72,21.262,21.671,2908781,0
1996-12-26,21.671,21.874,21.618,21.72,4710596,0
1996-12-27,21.922,22.079,21.821,22.024,4660580,0
1996-12-30,22.079,22.127,21.671,21.671,3674230,0
1996-12-31,21.771,21.821,21.412,21.466,5080079,0
1997-01-02,21.262,21.412,20.853,21.159,8780786,0
1997-01-03,21.412,21.771,21.31,21.671,6520246,0
1997-01-06,21.72,21.874,21.31,21.466,7687051,0
1997-01-07,21.262,22.18,21.159,22.18,8983792,0
1997-01-08,22.18,22.231,21.671,21.771,7010605,0
1997-01-09,21.977,22.18,21.874,21.977,7016246,0
1997-01-10,21.515,22.079,21.466,22.079,7432068,0
1997-01-13,22.18,22.231,21.874,22.024,5310051,0
1997-01-14,22.231,22.738,22.231,22.637,8592738,0
1997-01-15,22.536,23.453,22.434,23.248,11902879,0
1997-01-16,23.248,23.607,23.097,23.503,8498832,0
1997-01-17,23.555,24.116,23.453,23.961,13947664,0
1997-01-20,23.961,24.422,23.961,23.961,9155911,0
1997-01-21,23.756,24.575,23.756,24.321,12809302,0
1997-01-22,24.321,24.37,24.015,24.218,7810370,0
1997-01-23,24.218,24.218,23.403,23.453,7872897,0
1997-01-24,23.35,23.555,22.894,23.303,12534703,0
1997-01-27,23.097,23.201,22.84,22.996,7765265,0
1997-01-28,23.248,23.303,22.434,22.637,10470307,0
1997-01-29,22.738,23.045,22.689,23.045,9394226,0
1997-01-30,23.201,23.453,23.097,23.403,6774501,0
1997-01-31,23.453,23.86,23.303,23.607,10620109,0
1997-02-03,23.812,24.27,23.555,24.27,9440565,0
1997-02-04,24.27,24.321,23.961,24.218,9816665,0
1997-02-05,24.321,24.422,23.607,23.756,9580803,0
1997-02-06,23.86,23.86,23.503,23.555,7473992,0
1997-02-07,23.812,23.812,23.248,23.756,8543701,0
1997-02-10,23.961,24.321,23.756,23.756,5873226,0
1997-02-11,24.116,24.167,23.756,24.167,5304658,0
1997-02-12,24.218,24.575,24.167,24.575,9003654,0
1997-02-13,24.677,24.879,24.472,24.879,9062009,0
1997-02-14,24.879,24.879,24.575,24.728,7282262,0
1997-02-18,24.831,25.083,24.677,25.083,6632788,0
1997-02-19,25.083,25.389,24.981,25.288,7359986,0
1997-02-20,25.239,25.239,24.935,24.981,6342011,0
1997-02-21,25.036,25.389,24.935,25.288,10003984,0
1997-02-24,25.083,25.698,25.083,25.646,7402892,0
1997-02-25,25.8,25.8,25.34,25.546,6534469,0
1997-02-26,25.491,25.491,24.677,24.879,9587911,0
1997-02-27,24.981,25.34,24.981,25.137,7390142,0
1997-02-28,24.935,25.187,24.728,24.879,7075334,0
1997-03-03,24.677,24.728,24.472,24.626,7275644,0
1997-03-04,24.626,24.831,24.167,24.167,9327532,0
1997-03-05,24.218,24.626,24.064,24.575,9349353,0
1997-03-06,24.728,25.036,24.728,24.831,12767127,0
1997-03-07,24.831,24.935,24.677,24.677,4985196,0
1997-03-10,24.831,24.981,24.626,24.935,7430350,0
1997-03-11,25.036,25.389,25.036,25.288,7774338,0
1997-03-12,25.187,25.239,24.778,24.879,6870363,0
1997-03-13,24.575,24.677,24.37,24.422,10154517,0
1997-03-14,24.524,24.524,24.167,24.27,7558823,0
1997-03-17,24.167,24.575,23.961,24.575,6551637,0
1997-03-18,24.472,24.728,24.422,24.626,7010118,0
1997-03-19,24.524,24.677,24.116,24.321,7467125,0
1997-03-20,24.321,24.37,23.914,24.064,5641288,0
1997-03-21,24.27,24.575,24.167,24.472,12078177,0
1997-03-24,24.472,24.524,24.015,24.37,7957239,0
1997-03-25,24.37,24.626,24.27,24.27,8162941,0
1997-03-26,24.167,24.218,23.71,23.914,9002673,0
1997-03-27,23.756,24.064,23.097,23.403,11367408,0
1997-03-31,23.201,23.201,22.536,22.738,16211629,0
1997-04-01,22.536,23.097,22.484,22.894,12612179,0
1997-04-02,22.84,23.145,22.637,22.738,6848544,0
1997-04-03,22.637,22.792,22.484,22.588,8041824,0
1997-04-04,22.484,23.403,22.484,23.403,8046728,0
1997-04-07,23.503,23.503,22.996,22.996,5823702,0
1997-04-08,22.894,23.248,22.689,23.145,5594709,0
1997-04-09,23.248,23.503,23.045,23.503,5979388,0
1997-04-10,23.503,23.555,23.248,23.248,4313900,0
1997-04-11,23.045,23.045,21.515,21.922,11379669,0
1997-04-14,22.127,22.792,22.127,22.689,11138661,0
1997-04-15,23.145,23.756,23.045,23.656,11133266,0
1997-04-16,23.607,24.064,23.555,23.961,8666293,0
1997-04-17,23.961,24.218,23.812,23.86,8031772,0
1997-04-18,23.86,24.422,23.86,24.321,9632780,0
1997-04-21,24.321,24.472,23.86,23.914,8371588,0
1997-04-22,24.064,25.239,24.064,25.239,13464910,0
1997-04-23,25.239,25.239,24.422,24.575,9693340,0
1997-04-24,24.677,24.879,24.37,24.472,6089962,0
1997-04-25,24.422,24.524,24.064,24.116,4884672,0
1997-04-28,24.064,24.935,24.015,24.935,5716806,0
1997-04-29,25.389,25.593,25.083,25.546,9815930,0
1997-04-30,25.389,26,25.389,25.952,10024331,0
1997-05-01,25.698,25.747,25.34,25.34,7537251,0
1997-05-02,25.444,26.205,25.444,26.103,6944654,0
1997-05-05,26.356,26.92,26.103,26.92,8900437,0
1997-05-06,26.817,27.377,26.765,27.123,13174370,0
1997-05-07,27.123,27.123,26.611,26.664,7945224,0
1997-05-08,26.41,26.967,26.356,26.356,10205025,0
1997-05-09,26.561,26.765,26.205,26.664,8384334,0
1997-05-12,26.692,27.224,26.664,27.123,6377805,0
1997-05-13,27.123,27.224,26.765,27.123,6959120,0
1997-05-14,27.326,27.531,27.224,27.326,6843885,0
1997-05-15,27.224,27.735,27.123,27.682,5811445,0
1997-05-16,27.581,27.885,27.224,27.276,11583902,0
1997-05-19,27.479,27.885,27.429,27.735,6148559,0
1997-05-20,27.581,27.94,27.531,27.885,6172341,0
1997-05-21,28.04,28.04,27.377,27.479,7409264,0
1997-05-22,27.531,27.581,27.069,27.123,5870038,0
1997-05-23,27.326,27.885,27.276,27.783,4314634,0
1997-05-27,27.326,28.143,27.276,27.94,7513466,0
1997-05-28,27.783,27.837,27.326,27.429,5808010,0
1997-05-29,27.479,27.531,27.276,27.531,3751702,0
1997-05-30,27.377,27.987,27.326,27.94,5227673,0
1997-06-02,27.837,27.885,27.531,27.581,4327385,0
1997-06-03,27.479,27.885,27.377,27.682,5307603,0
1997-06-04,27.633,27.682,27.171,27.171,6442528,0
1997-06-05,27.224,27.377,26.967,27.123,7244998,0
1997-06-06,27.171,27.735,27.171,27.633,6042153,0
1997-06-09,27.885,27.94,27.682,27.94,5270095,0
1997-06-10,27.987,28.244,27.783,27.885,6677657,0
1997-06-11,28.04,28.143,27.783,27.885,4953319,0
1997-06-12,28.348,28.552,28.244,28.552,7890056,0
1997-06-13,28.856,29.416,28.704,29.313,10289856,0
1997-06-16,29.366,29.617,29.212,29.212,6935096,0
1997-06-17,29.008,29.313,28.856,29.212,6392518,0
1997-06-18,29.163,29.47,29.061,29.11,6480287,0
1997-06-19,29.366,29.366,28.904,29.163,8296562,0
1997-06-20,29.212,29.264,29.008,29.11,13480597,0
1997-06-23,28.959,29.061,28.393,28.45,5091605,0
1997-06-24,28.552,28.754,28.244,28.677,8040599,0
1997-06-25,28.779,28.935,27.987,28.324,7188363,0
1997-06-26,28.425,28.652,28.269,28.497,5824435,0
1997-06-27,28.652,29.036,28.524,28.959,6702174,0
1997-06-30,28.959,28.983,27.359,27.735,10308244,0
1997-07-01,27.94,28.348,27.682,27.987,13849837,0
1997-07-02,27.987,28.729,27.783,28.729,9105649,0
1997-07-03,28.959,29.163,28.804,28.856,4911152,0
1997-07-07,28.959,29.137,28.372,28.497,7438931,0
1997-07-08,28.348,28.779,28.244,28.779,6748511,0
1997-07-09,28.804,28.856,28.166,28.293,8051137,0
1997-07-10,28.599,28.704,28.117,28.393,6187794,0
1997-07-11,28.45,28.577,28.372,28.473,3789948,0
1997-07-14,28.372,28.599,28.192,28.45,4370780,0
1997-07-15,28.599,28.628,28.244,28.599,6181169,0
1997-07-16,28.704,29.163,28.577,28.904,6803192,0
1997-07-17,28.983,29.344,28.166,28.497,8661633,0
1997-07-18,28.473,28.473,28.166,28.244,11217612,0
1997-07-21,28.09,28.09,27.633,27.862,7536268,0
1997-07-22,28.393,28.652,28.066,28.599,10125831,0
1997-07-23,28.856,28.856,28.143,28.166,8265672,0
1997-07-24,28.166,28.729,27.913,28.628,7562992,0
1997-07-25,28.729,28.935,28.497,28.599,6401097,0
1997-07-28,28.552,28.729,28.293,28.425,4771891,0
1997-07-29,28.45,28.552,28.04,28.425,6188033,0
1997-07-30,28.372,28.628,28.269,28.497,5994099,0
1997-07-31,28.269,28.524,28.09,28.192,7468843,0
1997-08-01,28.09,28.552,27.837,27.987,8806039,0
1997-08-04,27.913,28.244,27.783,28.117,4996231,0
1997-08-05,28.016,28.066,27.735,27.735,4934934,0
1997-08-06,27.656,27.987,27.508,27.783,9609737,0
1997-08-07,27.682,27.711,27.15,27.15,9265506,0
1997-08-08,26.713,26.817,25.571,25.571,23154323,0
1997-08-11,25.901,25.901,24.321,25.187,31039478,0
1997-08-12,25.364,25.389,24.728,24.855,17392401,0
1997-08-13,25.364,25.364,24.422,24.652,17805534,0
1997-08-14,24.803,24.905,24.27,24.497,13268275,0
1997-08-15,24.064,24.448,23.683,23.961,15436137,0
1997-08-18,24.218,24.626,23.683,24.626,15627129,0
1997-08-19,24.831,24.855,24.626,24.803,12690633,0
1997-08-20,24.803,25.209,24.677,25.083,11447090,0
1997-08-21,25.137,25.137,24.448,24.7,10725048,0
1997-08-22,24.292,24.752,24.015,24.752,9693830,0
1997-08-25,24.677,24.981,24.244,24.346,6944165,0
1997-08-26,24.218,24.472,24.064,24.064,7957239,0
1997-08-27,23.961,24.064,23.327,23.914,12621742,0
1997-08-28,23.812,23.987,23.303,23.756,11893073,0
1997-08-29,23.453,23.756,23.35,23.375,12003650,0
1997-09-02,23.503,24.448,23.248,24.422,11191867,0
1997-09-03,24.524,24.599,24.064,24.064,9492293,0
1997-09-04,23.812,24.37,23.784,24.321,8592982,0
1997-09-05,24.677,24.728,24.321,24.422,9094123,0
1997-09-08,24.472,24.728,24.116,24.116,6450378,0
1997-09-09,23.94,24.19,23.784,23.961,10134658,0
1997-09-10,23.884,24.142,23.478,23.503,7451433,0
1997-09-11,23.375,23.453,22.588,22.894,18417492,0
1997-09-12,22.996,23.35,22.457,23.272,17022677,0
1997-09-15,23.327,23.683,23.272,23.478,8860223,0
1997-09-16,23.656,24.524,23.63,24.167,12118636,0
1997-09-17,24.448,24.448,23.987,24.087,8011911,0
1997-09-18,24.064,24.19,23.86,23.987,9026458,0
1997-09-19,24.015,24.142,23.71,24.142,12451099,0
1997-09-22,24.346,24.55,24.321,24.405,7163356,0
1997-09-23,24.55,24.55,24.218,24.37,6059805,0
1997-09-24,24.394,24.935,24.37,24.728,11768523,0
1997-09-25,24.677,25.314,24.652,24.981,12612423,0
1997-09-26,25.108,25.263,25.06,25.263,6741157,0
1997-09-29,25.491,25.747,25.414,25.515,10623789,0
1997-09-30,25.491,25.491,24.831,24.879,8391203,0
1997-10-01,24.981,25.263,24.879,25.263,7413676,0
1997-10-02,25.263,25.646,25.187,25.646,7848864,0
1997-10-03,25.901,25.977,24.935,25.444,9899538,0
1997-10-06,25.698,25.823,25.593,25.646,5537580,0
1997-10-07,25.8,26.205,25.698,26.026,8497360,0
1997-10-08,26.152,26.152,25.491,25.593,7405832,0
1997-10-09,25.288,25.389,25.108,25.209,6651910,0
1997-10-10,24.935,25.239,24.831,25.161,4410254,0
1997-10-13,25.137,25.137,24.957,25.006,3954222,0
1997-10-14,25.34,25.364,24.626,24.778,8091348,0
1997-10-15,24.599,24.7,24.321,24.394,7759870,0
1997-10-16,24.55,24.855,23.884,24.041,8935498,0
1997-10-17,23.914,24.116,23.272,23.86,13691691,0
1997-10-20,23.86,24.116,23.453,23.987,10040756,0
1997-10-21,24.064,24.524,23.94,24.472,7515178,0
1997-10-22,24.472,24.55,24.015,24.19,5649383,0
1997-10-23,23.656,23.812,23.171,23.53,16777742,0
1997-10-24,24.064,24.142,22.484,22.637,18628833,0
1997-10-27,22.637,23.201,21.671,21.845,20032234,0
1997-10-28,21.492,23.63,20.393,23.555,31142209,0
1997-10-29,23.656,24.041,23.02,23.303,17861182,0
1997-10-30,22.942,23.914,22.84,22.84,11452489,0
1997-10-31,23.453,23.503,22.966,23.097,10034622,0
1997-11-03,23.303,23.835,23.248,23.756,7977835,0
1997-11-04,23.656,23.734,23.327,23.683,7694406,0
1997-11-05,23.734,23.94,23.453,23.503,6919398,0
1997-11-06,23.503,23.784,23.272,23.607,7476443,0
1997-11-07,23.327,23.429,22.816,23.248,9301544,0
1997-11-10,23.35,23.429,22.689,22.738,7730451,0
1997-11-11,22.894,23.171,22.84,23.07,5701850,0
1997-11-12,22.894,23.503,22.865,23.02,9247851,0
1997-11-13,23.303,23.503,23.145,23.429,9693830,0
1997-11-14,23.453,23.58,23.045,23.478,8154112,0
1997-11-17,23.835,24.524,23.756,24.321,10487959,0
1997-11-18,24.27,24.7,24.167,24.37,9346659,0
1997-11-19,24.321,25.34,24.27,25.34,12884080,0
1997-11-20,25.646,26.026,25.546,25.901,12388823,0
1997-11-21,25.952,26,25.467,26,11636862,0
1997-11-24,25.773,25.925,25.515,25.515,7487964,0
1997-11-25,25.617,26.23,25.571,26.152,9072303,0
1997-11-26,26.128,26.128,25.444,25.444,7846416,0
1997-11-28,25.571,25.698,25.467,25.491,2403471,0
1997-12-01,25.646,26.41,25.515,26.333,9427565,0
1997-12-02,26.511,26.997,26.485,26.866,13613483,0
1997-12-03,26.92,26.967,26.434,26.84,8103118,0
1997-12-04,26.896,26.92,26.308,26.434,7696616,0
1997-12-05,26.434,27.123,26.41,26.943,7345030,0
1997-12-08,26.611,26.817,25.698,25.925,12333169,0
1997-12-09,25.873,26.079,25.646,25.952,7904770,0
1997-12-10,25.823,26.152,25.672,26.055,7418827,0
1997-12-11,25.773,26.152,25.773,25.952,8285775,0
1997-12-12,26.103,26.639,26.055,26.485,8045256,0
1997-12-15,26.511,27.046,26.511,26.866,8810208,0
1997-12-16,26.92,26.997,26.537,26.794,5474080,0
1997-12-17,26.997,27.046,26.664,26.866,5991157,0
1997-12-18,26.84,27.069,26.182,26.205,8665801,0
1997-12-19,25.823,26.84,25.389,26.692,19254038,0
1997-12-22,26.739,27.201,26.561,26.943,9125509,0
1997-12-23,26.943,26.943,26.434,26.511,5223753,0
1997-12-24,26.511,26.561,26.254,26.356,3350107,0
1997-12-26,26.356,26.639,26.254,26.254,1313663,0
1997-12-29,26.664,27.069,26.639,27.046,4735853,0
1997-12-30,27.224,27.406,27.15,27.351,5519681,0
1997-12-31,27.276,27.303,26.997,27.201,4463453,0
1998-01-02,27.224,27.326,26.896,27.303,6674961,0
1998-01-05,27.25,27.276,26.611,27.098,9437129,0
1998-01-06,26.866,27.171,26.84,26.967,6684518,0
1998-01-07,26.84,26.997,26.561,26.997,6579094,0
1998-01-08,26.84,27.326,26.817,27.171,7754964,0
1998-01-09,27.098,27.201,26.128,26.152,10727994,0
1998-01-12,25.491,26.997,25.389,26.943,10915059,0
1998-01-13,26.92,26.997,26.356,26.664,7845685,0
1998-01-14,26.611,26.611,26.205,26.356,6963780,0
1998-01-15,26.283,26.283,25.925,26,5112683,0
1998-01-16,26.308,26.588,26.23,26.511,10084889,0
1998-01-20,26.611,26.896,26.537,26.896,6059805,0
1998-01-21,26.713,26.896,26.511,26.713,5500804,0
1998-01-22,26.385,26.92,26.385,26.692,6681090,0
1998-01-23,26.639,26.765,25.952,26.026,6180436,0
1998-01-26,26.23,26.23,25.467,25.719,6201027,0
1998-01-27,25.719,26.152,25.617,25.8,6956180,0
1998-01-28,25.8,26.41,25.444,26.152,12341256,0
1998-01-29,26.205,26.739,26.182,26.41,8190892,0
1998-01-30,26.41,26.511,26.308,26.41,6133361,0
1998-02-02,26.692,27.377,26.611,27.201,12404761,0
1998-02-03,27.201,27.581,27.123,27.531,8952416,0
1998-02-04,27.25,27.508,27.224,27.351,7332279,0
1998-02-05,27.453,27.581,27.25,27.554,9189984,0
1998-02-06,27.554,27.759,27.406,27.406,5282351,0
1998-02-09,27.508,27.508,27.326,27.479,4362693,0
1998-02-10,27.508,27.885,27.479,27.711,6528345,0
1998-02-11,27.735,28.09,27.656,28.09,5330405,0
1998-02-12,27.987,28.372,27.711,28.244,7206018,0
1998-02-13,28.166,28.221,27.837,27.964,5400523,0
1998-02-17,28.016,28.244,27.814,27.94,5738625,0
1998-02-18,27.837,28.473,27.783,28.192,5631481,0
1998-02-19,28.143,28.143,27.913,28.04,4272224,0
1998-02-20,28.143,28.425,27.94,28.372,7216309,0
1998-02-23,28.425,28.45,27.987,28.221,5438037,0
1998-02-24,28.016,28.166,27.759,27.862,5538070,0
1998-02-25,27.94,28.166,27.913,27.987,4665238,0
1998-02-26,27.987,28.244,27.885,28.09,3639662,0
1998-02-27,28.016,28.117,27.862,27.987,4347734,0
1998-03-02,27.885,28.016,27.711,27.735,6647745,0
1998-03-03,27.554,27.837,27.554,27.814,4790522,0
1998-03-04,27.783,28.04,27.581,28.04,6149303,0
1998-03-05,27.913,28.473,27.885,28.269,9376080,0
1998-03-06,28.372,28.856,28.372,28.754,11736404,0
1998-03-09,28.779,29.849,28.754,29.597,11823685,0
1998-03-10,29.699,29.748,29.597,29.617,6253257,0
1998-03-11,29.516,29.572,29.313,29.546,5826888,0
1998-03-12,29.516,29.546,29.212,29.212,5993366,0
1998-03-13,29.344,29.366,28.704,28.779,4941794,0
1998-03-16,28.904,29.445,28.881,29.264,5924224,0
1998-03-17,29.313,29.546,29.11,29.546,5742793,0
1998-03-18,29.491,30.591,29.47,30.511,11009699,0
1998-03-19,30.465,30.694,30.283,30.568,7260443,0
1998-03-20,30.769,31.607,30.568,31.607,12959843,0
1998-03-23,30.997,31.25,30.694,30.946,9347398,0
1998-03-24,31.048,31.305,30.769,30.997,6797551,0
1998-03-25,30.997,31.151,30.769,31.076,6482739,0
1998-03-26,31.076,31.381,30.717,31.177,5556457,0
1998-03-27,31.177,31.203,30.537,30.612,6211819,0
1998-03-30,31.203,32.348,31.123,31.964,13164567,0
1998-03-31,32.066,32.093,31.456,31.586,8465246,0
1998-04-01,31.607,32.911,31.586,32.881,10865534,0
1998-04-02,32.834,33.188,32.552,33.087,8208051,0
1998-04-03,33.087,33.087,32.552,32.811,8338241,0
1998-04-06,32.911,33.165,32.324,32.324,9475373,0
1998-04-07,32.044,32.271,31.789,32.22,7584323,0
1998-04-08,32.119,32.348,31.507,31.838,6748511,0
1998-04-09,31.941,32.168,31.734,32.044,4804003,0
1998-04-13,31.917,31.941,31.351,31.714,6722771,0
1998-04-14,31.687,31.815,31.328,31.734,6106146,0
1998-04-15,31.815,31.815,30.843,31.279,8135725,0
1998-04-16,31.381,31.381,30.13,30.511,8786913,0
1998-04-17,30.511,31.406,30.055,31.328,10219737,0
1998-04-20,31.225,31.456,30.591,30.717,8489766,0
1998-04-21,30.309,30.895,30.259,30.465,6801472,0
1998-04-22,30.384,31.203,30.182,30.895,8353935,0
1998-04-23,30.437,30.843,30.362,30.487,7086119,0
1998-04-24,30.409,30.568,29.775,30.027,6075499,0
1998-04-27,29.72,29.955,29.313,29.516,7633851,0
1998-04-28,29.825,30.209,29.546,29.546,7206018,0
1998-04-29,29.926,30.336,29.617,30.055,6737725,0
1998-04-30,30.283,31.022,30.259,30.946,7024335,0
1998-05-01,31.048,31.123,30.612,31.076,5995079,0
1998-05-04,31.076,31.328,31.048,31.1,5481680,0
1998-05-05,31.1,31.1,30.511,31.022,4586044,0
1998-05-06,31.022,31.25,30.843,30.997,5788889,0
1998-05-07,31.1,31.1,30.74,30.87,6275320,0
1998-05-08,30.895,31.607,30.895,31.177,6712470,0
1998-05-11,31.406,31.789,31.351,31.586,7101817,0
1998-05-12,31.556,31.761,31.305,31.714,5184033,0
1998-05-13,31.714,31.891,31.406,31.507,5959773,0
1998-05-14,31.432,31.992,31.351,31.714,5626334,0
1998-05-15,31.687,31.917,31.305,31.351,7266819,0
1998-05-18,31.482,31.714,31.351,31.556,5426514,0
1998-05-19,31.734,31.964,31.659,31.838,5102879,0
1998-05-20,31.734,32.579,31.734,32.552,6843640,0
1998-05-21,32.579,33.013,32.324,32.4,8026133,0
1998-05-22,32.299,32.526,31.941,32.144,4448749,0
1998-05-26,32.197,32.22,31.556,31.556,5411805,0
1998-05-27,31.432,31.917,31.203,31.917,7663027,0
1998-05-28,31.917,32.299,31.714,32.197,5459857,0
1998-05-29,32.324,32.501,31.964,31.964,6440814,0
1998-06-01,32.066,32.526,31.992,32.424,5882302,0
1998-06-02,32.475,32.71,32.299,32.475,7667925,0
1998-06-03,32.501,32.607,32.324,32.4,5292893,0
1998-06-04,32.4,32.78,32.066,32.71,6448170,0
1998-06-05,32.78,33.469,32.654,33.469,7857450,0
1998-06-08,33.445,33.749,32.96,33.062,7057190,0
1998-06-09,33.087,33.623,32.938,33.289,5446373,0
1998-06-10,33.038,33.547,32.96,33.14,5917603,0
1998-06-11,33.038,33.165,32.452,32.501,6034799,0
1998-06-12,32.475,33.038,32.324,32.911,8120768,0
1998-06-15,32.811,33.115,32.348,32.348,8757742,0
1998-06-16,32.144,32.271,31.714,32.22,10106216,0
1998-06-17,32.348,33.32,32.168,32.754,11104586,0
1998-06-18,32.679,33.289,32.679,33.188,6679861,0
1998-06-19,33.165,33.32,32.607,32.78,11329408,0
1998-06-22,32.71,33.391,32.71,33.087,5896520,0
1998-06-23,33.14,33.749,32.96,33.674,8304903,0
1998-06-24,33.597,34.412,33.445,34.309,8516980,0
1998-06-25,34.363,35.281,34.183,34.615,12121332,0
1998-06-26,34.615,35.154,34.568,34.999,10058408,0
1998-06-29,35.255,35.407,35.052,35.078,6312835,0
1998-06-30,34.898,35.154,34.694,34.872,6772540,0
1998-07-01,34.951,34.999,34.568,34.976,5795753,0
1998-07-02,34.872,34.898,34.694,34.821,3880668,0
1998-07-06,34.821,35.534,34.67,35.382,5945555,0
1998-07-07,35.382,35.737,34.976,35.052,6566102,0
1998-07-08,34.999,35.635,34.951,35.562,4791997,0
1998-07-09,35.331,35.611,34.872,35.358,6581792,0
1998-07-10,35.358,35.868,35.154,35.562,5094055,0
1998-07-13,35.562,35.789,35.205,35.432,5014616,0
1998-07-14,35.432,35.941,35.358,35.868,5076401,0
1998-07-15,35.994,36.277,35.766,35.816,5659436,0
1998-07-16,35.534,35.689,35.078,35.562,9119869,0
1998-07-17,35.484,35.484,35.101,35.125,5525325,0
1998-07-20,35.125,35.125,34.338,34.49,5858519,0
1998-07-21,34.644,34.67,34.309,34.363,6214514,0
1998-07-22,34.338,34.44,34.058,34.208,7438441,0
1998-07-23,33.876,34.513,33.853,33.853,6824270,0
1998-07-24,33.955,34.363,33.775,34.034,6611458,0
1998-07-27,33.932,34.976,33.648,34.644,7095929,0
1998-07-28,34.236,34.412,33.469,34.003,9812496,0
1998-07-29,33.903,34.104,33.062,33.391,7258728,0
1998-07-30,33.495,34.261,33.495,33.749,6685013,0
1998-07-31,33.829,33.932,32.372,32.834,8782262,0
1998-08-03,32.881,34.104,32.834,33.495,9455764,0
1998-08-04,33.445,33.469,32.066,32.066,12786006,0
1998-08-05,32.271,33.14,31.659,32.78,13088560,0
1998-08-06,32.78,33.521,32.579,33.289,8787658,0
1998-08-07,33.289,33.42,32.324,32.811,8650599,0
1998-08-10,32.679,33.289,32.475,32.679,6550900,0
1998-08-11,32.22,32.475,31.917,32.424,11873457,0
1998-08-12,32.452,32.607,31.992,32.501,9274578,0
1998-08-13,32.501,32.552,31.761,32.119,8949469,0
1998-08-14,32.168,32.299,30.82,31.328,10476438,0
1998-08-17,30.922,32.372,30.895,32.247,8386544,0
1998-08-18,32.247,32.4,31.861,32.247,8536345,0
1998-08-19,32.247,32.247,31.838,32.093,8575823,0
1998-08-20,32.093,32.679,31.891,32.4,7841762,0
1998-08-21,32.018,32.475,31.328,32.348,11487792,0
1998-08-24,32.372,32.754,32.372,32.475,8967369,0
1998-08-25,32.526,33.215,32.271,32.679,9873300,0
1998-08-26,32.066,32.71,31.941,32.299,9307918,0
1998-08-27,31.25,31.279,30.437,30.487,17543186,0
1998-08-28,30.591,30.669,29.389,29.673,13978307,0
1998-08-31,29.699,29.875,26.537,26.561,21605048,0
1998-09-01,27.224,28.497,26.817,27.837,25810581,0
1998-09-02,27.913,27.987,26.152,26.205,17162918,0
1998-09-03,25.747,25.747,24.803,25.263,20345080,0
1998-09-04,25.546,25.952,24.422,25.34,14445863,0
1998-09-08,26.511,26.511,25.263,25.901,15254210,0
1998-09-09,26.459,26.459,25.546,25.546,11976428,0
1998-09-10,25.083,25.083,24.55,24.831,11008469,0
1998-09-11,24.626,25.698,24.497,25.467,12982148,0
1998-09-14,26.205,26.385,25.719,25.823,11230361,0
1998-09-15,25.646,25.646,24.728,24.957,11066333,0
1998-09-16,25.06,25.491,24.677,25.467,13724300,0
1998-09-17,24.879,25.187,24.55,24.803,9953722,0
1998-09-18,24.981,25.161,24.524,25.036,14416929,0
1998-09-21,24.524,24.855,24.087,24.142,11751361,0
1998-09-22,24.167,24.472,22.84,22.996,22440367,0
1998-09-23,23.327,24.346,23.097,23.656,23470846,0
1998-09-24,23.223,23.756,22.689,23.122,16478134,0
1998-09-25,22.434,23.097,21.874,22.918,27493228,0
1998-09-28,23.453,23.453,22.738,23.35,12995146,0
1998-09-29,23.53,24.218,23.429,23.94,14464984,0
1998-09-30,23.812,23.961,23.375,23.503,10866756,0
1998-10-01,22.942,23.303,22.588,22.942,13155735,0
1998-10-02,22.738,24.27,22.663,24.041,11208785,0
1998-10-05,24.448,25.389,23.884,25.06,16656872,0
1998-10-06,25.593,26.128,24.981,25.617,14445863,0
1998-10-07,25.952,26.434,25.389,25.823,17411774,0
1998-10-08,25.851,26.765,25.546,26.308,23568179,0
1998-10-09,26.588,26.664,25.593,26.026,15135546,0
1998-10-12,26.459,26.459,25.515,25.571,8493934,0
1998-10-13,25.672,26.333,25.491,26.103,8011667,0
1998-10-14,26.103,26.817,25.823,26.254,9032093,0
1998-10-15,26.103,27.783,25.952,27.531,11401981,0
1998-10-16,27.885,28.324,27.554,28.221,14959752,0
1998-10-19,28.117,28.269,27.862,27.885,6965739,0
1998-10-20,28.04,28.577,27.303,27.351,11159012,0
1998-10-21,27.453,27.608,27.123,27.326,7972927,0
1998-10-22,27.276,28.393,27.023,28.192,7200130,0
1998-10-23,28.117,28.652,28.066,28.652,7332768,0
1998-10-26,28.628,28.804,28.221,28.497,6690400,0
1998-10-27,28.754,28.779,27.581,27.735,7264122,0
1998-10-28,27.711,27.987,27.531,27.554,4940327,0
1998-10-29,27.171,27.711,26.866,27.656,8831783,0
1998-10-30,27.94,27.94,27.201,27.554,8212712,0
1998-11-02,27.837,29.163,27.759,28.959,11382368,0
1998-11-03,29.008,30.081,28.704,29.748,9842652,0
1998-11-04,29.926,29.955,29.061,29.416,9460912,0
1998-11-05,29.313,29.673,28.704,29.648,8002839,0
1998-11-06,29.516,29.72,29.239,29.617,5496143,0
1998-11-09,29.546,29.597,28.804,29.186,6349611,0
1998-11-10,28.983,29.597,28.856,29.416,5986987,0
1998-11-11,29.212,29.212,28.552,29.11,5906821,0
1998-11-12,28.904,28.935,28.628,28.779,3752685,0
1998-11-13,28.881,28.904,28.269,28.45,5024180,0
1998-11-16,28.599,28.729,27.987,28.552,6890720,0
1998-11-17,28.652,29.344,28.577,28.628,6552861,0
1998-11-18,28.677,28.959,28.393,28.935,5890391,0
1998-11-19,28.959,29.491,28.904,29.11,6924798,0
1998-11-20,29.344,29.72,29.212,29.699,8781521,0
1998-11-23,29.801,30.769,29.72,30.769,8776619,0
1998-11-24,30.591,30.717,29.849,29.976,6611701,0
1998-11-25,29.955,30.231,29.72,29.902,4520584,0
1998-11-27,29.72,29.72,29.186,29.239,3040936,0
1998-11-30,28.959,29.061,28.45,28.577,6875759,0
1998-12-01,28.473,28.754,28.192,28.497,7115541,0
1998-12-02,28.293,28.45,27.94,28.372,6019599,0
1998-12-03,27.964,28.244,27.783,27.783,6722771,0
1998-12-04,28.09,28.473,27.885,28.143,5629526,0
1998-12-07,28.143,28.166,27.633,27.987,5224490,0
1998-12-08,27.531,27.987,27.351,27.987,6770085,0
1998-12-09,27.581,27.581,26.765,27.377,11206085,0
1998-12-10,27.069,27.276,26.639,26.943,9423641,0
1998-12-11,25.698,26.205,25.263,25.646,25485720,0
1998-12-14,25.546,26.182,25.414,25.873,15925014,0
1998-12-15,26.254,26.896,26.055,26.896,10858426,0
1998-12-16,27.123,27.25,26.333,26.459,9339300,0
1998-12-17,26.561,26.866,26.283,26.41,6277772,0
1998-12-18,26.41,26.765,26.385,26.739,11500788,0
1998-12-21,26.765,27.351,26.739,26.817,8846986,0
1998-12-22,26.611,27.814,26.511,27.508,8684927,0
1998-12-23,27.682,28.677,27.581,28.524,8564295,0
1998-12-24,28.497,28.599,28.324,28.324,2504976,0
1998-12-28,28.497,28.524,27.633,28.09,3956185,0
1998-12-29,28.117,28.497,27.964,28.269,5174472,0
1998-12-30,28.324,28.425,27.656,27.656,5423324,0
1998-12-31,27.656,27.656,26.943,27.326,6653876,0
1999-01-04,27.224,28.09,26.967,27.406,9032833,0
1999-01-05,27.224,28.09,27.224,27.964,8264446,0
1999-01-06,28.143,28.704,27.735,28.652,12219408,0
1999-01-07,28.192,28.552,27.837,28.324,7402892,0
1999-01-08,28.221,28.293,27.25,27.735,10987138,0
1999-01-11,27.171,27.377,26.611,26.943,12371416,0
1999-01-12,26.664,27.15,26.611,26.692,10267545,0
1999-01-13,26.356,26.739,25.952,26.588,10496301,0
1999-01-14,26.511,26.537,25.593,25.901,12492286,0
1999-01-15,26.205,26.511,25.925,26.434,11896014,0
1999-01-19,26.511,26.537,25.593,26.152,10092978,0
1999-01-20,26.128,26.182,25.698,25.873,9076227,0
1999-01-21,25.773,25.773,24.855,25.108,15600646,0
1999-01-22,25.06,25.06,24.292,24.831,19144197,0
1999-01-25,24.831,25.698,24.497,25.672,12541567,0
1999-01-26,25.083,25.8,24.497,25.515,13684830,0
1999-01-27,25.593,26.41,25.108,26.079,11779551,0
1999-01-28,26.079,26.794,25.925,26.561,12663912,0
1999-01-29,26.664,26.866,26.308,26.639,10107443,0
1999-02-01,26.639,26.84,26.103,26.103,9643810,0
1999-02-02,26.055,26.611,25.773,26.611,10477908,0
1999-02-03,26.511,26.866,26.152,26.308,10419553,0
1999-02-04,26,26.182,25.546,25.925,10180263,0
1999-02-05,25.952,26.079,25.209,25.314,7408527,0
1999-02-08,25.467,25.546,25.006,25.083,7336447,0
1999-02-09,25.083,25.851,25.006,25.263,10108180,0
1999-02-10,25.467,25.952,25.288,25.952,7325906,0
1999-02-11,25.851,26.459,25.646,26.254,7191056,0
1999-02-12,26.205,26.485,25.571,26.055,6194900,0
1999-02-16,26.308,26.511,26.128,26.459,7138099,0
1999-02-17,26.283,26.611,25.901,26.23,7702497,0
1999-02-18,26.205,26.639,26.079,26.356,6523686,0
1999-02-19,26.308,26.866,26.128,26.817,12165709,0
1999-02-22,26.511,26.664,26.254,26.283,12245147,0
1999-02-23,26.128,26.254,25.314,25.593,13031184,0
1999-02-24,25.672,26.385,25.593,25.617,10771629,0
1999-02-25,25.672,26.308,25.515,26.205,10109651,0
1999-02-26,26.459,26.459,25.571,26.055,10254553,0
1999-03-01,25.8,26.079,25.546,25.977,6653876,0
1999-03-02,25.873,25.901,24.981,25.34,11784211,0
1999-03-03,25.288,25.34,24.803,25.137,7527443,0
1999-03-04,25.389,25.823,25.137,25.672,10156967,0
1999-03-05,25.952,26.23,25.719,26.079,10474479,0
1999-03-08,26,26.103,25.719,26.103,7362682,0
1999-03-09,25.977,26.152,25.617,25.698,8342658,0
1999-03-10,25.719,25.851,25.364,25.646,7372247,0
1999-03-11,26.055,27.171,26,27.069,21179418,0
1999-03-12,27.479,28.524,27.351,28.324,19843692,0
1999-03-15,28.269,28.324,27.837,28.016,10624528,0
1999-03-16,27.885,28.348,27.783,28.016,8022210,0
1999-03-17,28.117,28.117,27.171,27.25,8519185,0
1999-03-18,27.276,27.964,27.25,27.837,10227338,0
1999-03-19,27.987,28.09,27.531,27.531,10591668,0
1999-03-22,27.554,27.885,27.429,27.608,7050085,0
1999-03-23,27.023,27.123,26.434,26.866,15625415,0
1999-03-24,26.896,26.997,26.385,26.664,7558823,0
1999-03-25,26.561,26.997,26.485,26.866,6770823,0
1999-03-26,26.537,26.639,26.026,26.639,8635640,0
1999-03-29,26.692,27.682,26.356,26.434,9730849,0
1999-03-30,25.491,25.873,25.036,25.8,26235221,0
1999-03-31,25.719,25.747,24.803,25.036,16053486,0
1999-04-01,25.036,25.161,24.497,24.855,11790095,0
1999-04-05,24.935,24.957,24.524,24.677,10179526,0
1999-04-06,24.599,24.778,24.321,24.394,13385223,0
1999-04-07,24.321,24.346,23.503,24.041,18700184,0
1999-04-08,24.19,24.981,24.041,24.831,15958848,0
1999-04-09,24.778,25.06,24.394,24.778,10385227,0
1999-04-12,24.599,25.288,24.394,25.239,11747925,0
1999-04-13,26.23,26.41,25.698,25.823,13788543,0
1999-04-14,25.823,26,25.491,25.873,9812742,0
1999-04-15,25.977,26.308,25.873,26.205,10754221,0
1999-04-16,26.205,26.817,25.901,26.794,11247517,0
1999-04-19,26.896,27.351,26.128,26.485,15299573,0
1999-04-20,26.561,26.713,25.952,26.611,8235274,0
1999-04-21,26.794,27.783,26.713,27.554,16165295,0
1999-04-22,27.682,27.682,27.023,27.123,11325237,0
1999-04-23,26.92,27.633,26.92,27.123,6711737,0
1999-04-26,26.943,27.479,26.639,27.377,5667036,0
1999-04-27,27.711,28.324,27.453,28.324,12086029,0
1999-04-28,27.885,28.166,27.633,27.711,7093964,0
1999-04-29,27.735,27.987,27.479,27.656,6952991,0
1999-04-30,27.531,28.066,27.276,27.759,8640543,0
1999-05-03,27.429,28.221,27.429,28.143,6942451,0
1999-05-04,28.143,28.143,27.581,28.016,6406733,0
1999-05-05,27.94,28.856,27.783,28.754,13171429,0
1999-05-06,28.552,28.904,27.94,28.192,10155746,0
1999-05-07,28.166,28.166,27.554,27.633,6811036,0
1999-05-10,27.479,27.814,27.123,27.351,7677248,0
1999-05-11,27.531,27.531,26.765,27.303,6792643,0
1999-05-12,27.098,27.276,26.41,27.098,6669320,0
1999-05-13,27.069,27.069,26.692,26.817,8164410,0
1999-05-14,26.23,26.866,26.23,26.611,7065771,0
1999-05-17,26.611,27.429,26.561,27.377,7733144,0
1999-05-18,27.735,28.166,27.656,28.04,13121167,0
1999-05-19,28.04,28.04,27.531,27.913,6881151,0
1999-05-20,27.711,27.913,27.554,27.711,5053846,0
1999-05-21,27.608,28.244,27.581,27.735,7727262,0
1999-05-24,27.783,27.913,27.123,27.25,6924798,0
1999-05-25,27.25,28.066,27.201,27.326,10846163,0
1999-05-26,27.429,28.221,27.351,27.94,10679686,0
1999-05-27,27.885,28.016,27.479,27.783,7934927,0
1999-05-28,27.735,28.324,27.735,27.94,6812503,0
1999-06-01,27.837,28.324,27.608,28.192,8489766,0
1999-06-02,27.913,28.09,27.783,27.987,4570602,0
1999-06-03,27.94,28.117,27.862,28.066,5666785,0
1999-06-04,27.913,28.497,27.913,28.45,7910898,0
1999-06-07,28.166,28.324,27.581,27.633,5639083,0
1999-06-08,27.633,27.913,27.25,27.633,7106717,0
1999-06-09,27.406,27.531,27.171,27.326,5227187,0
1999-06-10,27.046,27.098,26.664,26.967,5768290,0
1999-06-11,26.866,27.023,26.103,26.283,7240098,0
1999-06-14,26.182,26.739,26.026,26.434,6895618,0
1999-06-15,26.128,26.205,25.773,26,9412120,0
1999-06-16,25.8,26.434,25.698,26.055,9533483,0
1999-06-17,26.055,26.561,26.026,26.333,9513383,0
1999-06-18,26.182,26.283,25.747,25.873,16471763,0
1999-06-21,25.8,25.823,25.036,25.108,14773908,0
1999-06-22,25.108,26.41,25.006,25.546,18294901,0
1999-06-23,25.851,25.901,25.137,25.187,12903201,0
1999-06-24,25.209,25.672,24.981,25.546,13232966,0
1999-06-25,25.747,25.823,25.036,25.239,8397330,0
1999-06-28,25.137,25.239,24.752,24.905,10291816,0
1999-06-29,24.831,24.957,24.626,24.957,10815518,0
1999-06-30,24.879,25.546,24.778,25.288,18905886,0
1999-07-01,25.546,26.561,25.34,26.459,18294901,0
1999-07-02,26.511,26.713,26.182,26.434,10311676,0
1999-07-06,26.308,26.308,25.773,25.952,7581628,0
1999-07-07,25.593,25.925,25.491,25.698,7964836,0
1999-07-08,25.593,26.182,25.444,25.747,6350099,0
1999-07-09,26.055,26.333,25.823,25.952,6629848,0
1999-07-12,26.103,26.103,25.491,25.719,5882302,0
1999-07-13,25.617,25.646,25.288,25.467,6943919,0
1999-07-14,25.239,25.364,25.108,25.239,6515594,0
1999-07-15,25.546,26.205,25.546,26.103,11460577,0
1999-07-16,26.128,26.511,25.977,26.511,8932552,0
1999-07-19,26.459,26.485,25.593,25.773,7736089,0
1999-07-20,25.593,26.055,25.515,25.672,6799508,0
1999-07-21,25.698,26.152,25.515,25.546,8902647,0
1999-07-22,25.952,25.977,25.314,25.747,7585546,0
1999-07-23,25.646,25.672,25.108,25.389,7248921,0
1999-07-26,25.161,25.952,25.108,25.719,6739682,0
1999-07-27,25.719,25.773,25.34,25.491,6927737,0
1999-07-28,25.239,25.389,24.935,25.036,7358762,0
1999-07-29,24.957,25.239,24.778,25.083,8243605,0
1999-07-30,25.161,25.161,24.575,24.7,6971378,0
1999-08-02,24.524,24.957,24.472,24.497,6327542,0
1999-08-03,24.524,24.935,24.524,24.803,6729388,0
1999-08-04,24.778,25.239,24.524,24.524,7515430,0
1999-08-05,24.599,25.137,24.37,24.831,8697187,0
1999-08-06,24.626,24.981,23.86,24.167,9369706,0
1999-08-09,24.167,24.575,24.087,24.37,5900686,0
1999-08-10,24.321,24.626,24.27,24.394,5961983,0
1999-08-11,24.37,24.472,23.86,24.244,7677978,0
1999-08-12,24.292,24.803,24.244,24.524,6872328,0
1999-08-13,24.626,24.752,24.19,24.394,5947516,0
1999-08-16,24.292,24.346,23.961,24.218,5205362,0
1999-08-17,24.27,24.575,24.116,24.524,4602475,0
1999-08-18,24.244,24.321,23.835,23.86,6995649,0
1999-08-19,23.683,23.914,23.53,23.683,11187695,0
1999-08-20,23.914,24.087,23.478,23.987,9081130,0
1999-08-23,23.961,24.394,23.784,23.987,8921519,0
1999-08-24,23.835,24.321,23.835,24.167,7927325,0
1999-08-25,24.244,25.187,24.19,25.006,12941939,0
1999-08-26,25.036,25.467,24.981,25.108,8458623,0
1999-08-27,25.108,25.314,24.879,25.314,6454785,0
1999-08-30,25.389,25.444,24.626,24.831,5525325,0
1999-08-31,24.752,24.981,24.37,24.394,7577947,0
1999-09-01,24.394,24.677,24.142,24.472,6119384,0
1999-09-02,24.292,24.37,23.94,24.27,5228410,0
1999-09-03,23.555,23.683,23.097,23.403,19166756,0
1999-09-07,23.453,23.453,21.922,22.281,25669602,0
1999-09-08,22.434,22.792,22.251,22.536,20602518,0
1999-09-09,22.61,22.84,22.231,22.434,10531603,0
1999-09-10,22.559,22.559,22.281,22.484,7996956,0
1999-09-13,22.637,22.738,22.355,22.588,6133604,0
1999-09-14,22.281,22.434,22.18,22.331,7974398,0
1999-09-15,22.536,22.663,22.049,22.049,8877637,0
1999-09-16,22.151,22.307,21.874,22.049,7988128,0
1999-09-17,22.307,22.331,21.845,22.024,13449948,0
1999-09-20,22.18,22.383,22.024,22.127,8797954,0
1999-09-21,22.024,22.281,21.797,21.922,9434679,0
1999-09-22,21.898,21.898,21.336,21.388,14615277,0
1999-09-23,21.569,21.694,20.722,20.778,15508706,0
1999-09-24,20.88,21.209,20.778,20.853,12965970,0
1999-09-27,21.006,21.235,20.753,20.8,11331128,0
1999-09-28,20.778,20.927,20.213,20.699,16838794,0
1999-09-29,20.699,20.699,19.885,19.938,14927880,0
1999-09-30,20.085,20.166,19.553,19.679,20602518,0
1999-10-01,19.679,20.064,19.475,20.011,14493425,0
1999-10-04,20.292,20.316,19.398,19.398,16111596,0
1999-10-05,19.679,19.679,19.296,19.553,16834874,0
1999-10-06,19.679,21.183,19.601,21.183,19977069,0
1999-10-07,21.31,21.569,21.131,21.209,14272520,0
1999-10-08,21.235,22,21.235,21.64,12689901,0
1999-10-11,21.821,21.821,21.235,21.365,6910082,0
1999-10-12,21.209,21.209,20.447,20.621,11508391,0
1999-10-13,20.42,20.651,20.189,20.267,10827775,0
1999-10-14,20.316,20.981,20.292,20.621,11214913,0
1999-10-15,20.292,20.8,20.242,20.369,11073201,0
1999-10-18,20.393,20.8,20.292,20.8,9667601,0
1999-10-19,21.183,21.569,21.006,21.539,14558889,0
1999-10-20,21.72,21.874,21.437,21.515,10737305,0
1999-10-21,21.466,22.205,21.365,22.151,14668970,0
1999-10-22,22.355,22.816,22.251,22.536,17982303,0
1999-10-25,22.588,23.07,22.434,22.966,10568378,0
1999-10-26,22.966,23.248,22.637,22.637,11376973,0
1999-10-27,22.764,23.327,22.637,23.223,8805308,0
1999-10-28,23.607,23.987,23.478,23.987,13474712,0
1999-10-29,24.064,24.218,23.756,24.064,10003984,0
1999-11-01,23.756,24.218,23.607,24.064,10332027,0
1999-11-02,23.914,24.041,23.375,23.555,7920706,0
1999-11-03,23.327,23.555,22.865,23.201,9717856,0
1999-11-04,23.453,23.453,22.865,23.122,9251285,0
1999-11-05,23.63,23.835,23.503,23.71,10070670,0
1999-11-08,23.63,24.041,23.53,23.987,6712470,0
1999-11-09,23.987,23.987,23.35,23.53,5474325,0
1999-11-10,23.272,23.756,23.248,23.607,6318225,0
1999-11-11,23.58,23.63,23.045,23.145,5942125,0
1999-11-12,23.248,23.453,23.07,23.453,5932809,0
1999-11-15,23.453,23.784,23.453,23.756,6794853,0
1999-11-17,23.94,24.472,23.86,24.448,9694073,0
1999-11-18,24.472,24.803,24.167,24.652,8097722,0
1999-11-19,24.677,24.752,24.346,24.677,9197589,0
1999-11-22,25.083,26.943,25.083,26.664,30675145,0
1999-11-23,26.92,27.303,26.84,27.201,23621628,0
1999-11-24,27.098,27.913,26.997,27.711,14290909,0
1999-11-26,27.377,27.682,27.15,27.15,4058181,0
1999-11-29,26.866,27.406,26.817,27.351,10445054,0
1999-11-30,27.171,27.711,27.123,27.453,9264278,0
1999-12-01,27.201,28.143,27.201,27.814,13316330,0
1999-12-02,27.326,27.711,27.326,27.508,5836698,0
1999-12-03,27.837,28.143,27.656,27.862,9405996,0
1999-12-06,27.814,27.814,25.546,26.352,32525007,0
1999-12-07,25.491,25.593,23.961,24.064,44313879,0
1999-12-08,24.524,24.831,24.218,24.472,24547667,0
1999-12-09,24.879,25.364,24.497,25.34,16829478,0
1999-12-10,25.491,25.851,25.34,25.8,14379176,0
1999-12-13,25.698,25.698,25.036,25.288,6852225,0
1999-12-14,25.108,25.263,24.905,24.981,8730528,0
1999-12-15,24.879,24.957,24.218,24.422,11109242,0
1999-12-16,24.626,24.626,23.607,23.86,13004463,0
1999-12-17,23.453,24.422,23.403,24.37,19657845,0
1999-12-20,24.37,24.626,23.86,24.292,9299092,0
1999-12-21,24.346,24.472,23.71,23.835,7784385,0
1999-12-22,24.575,24.778,23.86,23.86,11107771,0
1999-12-23,24.27,24.575,23.987,24.167,8275237,0
1999-12-27,24.167,24.448,23.884,24.27,7580645,0
1999-12-28,24.218,24.321,23.94,24.116,5809481,0
1999-12-29,24.422,24.422,23.914,24.041,4492142,0
1999-12-30,24.142,24.244,23.835,23.835,4872167,0
1999-12-31,24.015,24.015,23.683,23.756,3475881,0
2000-01-03,23.375,23.656,22.536,22.996,13492858,0
2000-01-04,22.738,23.171,22.685,23.02,8964421,0
2000-01-05,23.02,23.429,22.865,23.223,11605722,0
2000-01-06,23.272,23.53,23.07,23.248,8745975,0
2000-01-07,23.86,24.778,23.607,24.778,14075396,0
2000-01-10,24.677,24.855,23.961,23.987,10697095,0
2000-01-11,24.855,24.981,24.52,24.803,11533397,0
2000-01-12,24.803,25.209,24.652,25.083,10291816,0
2000-01-13,25.06,25.06,24.652,24.7,7489439,0
2000-01-14,25.263,25.263,24.752,24.905,9219407,0
2000-01-18,25.006,26.511,24.905,26.511,22503375,0
2000-01-19,26.511,26.611,26.128,26.611,15717105,0
2000-01-20,26.639,26.896,26.561,26.87,14160228,0
2000-01-21,27.224,27.279,26.817,27.279,13961630,0
2000-01-24,26.92,27.224,25.925,26.461,13864056,0
2000-01-25,26.103,26.943,25.646,26.87,11926666,0
2000-01-26,26.205,26.713,25.593,25.719,29085410,0
2000-01-27,25.541,25.571,23.835,24.27,21522668,0
2000-01-28,24.244,24.292,23.223,23.223,13342316,0
2000-01-31,23.272,23.961,23.07,23.429,13169465,0
2000-02-01,23.555,23.812,22.966,23.707,9957640,0
2000-02-02,23.478,23.607,22.865,22.996,8784956,0
2000-02-03,23.045,23.145,22.457,22.536,11605236,0
2000-02-04,22.536,23.555,22.457,22.942,14101143,0
2000-02-07,22.865,23.499,22.663,23.201,9493767,0
2000-02-08,23.429,23.607,23.145,23.327,10128041,0
2000-02-09,23.248,23.555,23.145,23.248,9749974,0
2000-02-10,23.35,23.403,22.942,23.122,9852700,0
2000-02-11,22.738,22.816,22.383,22.663,9431243,0
2000-02-14,22.457,22.536,21.947,22.075,8755046,0
2000-02-15,21.771,22.738,21.72,22.713,9631556,0
2000-02-16,22.457,22.61,21.72,21.845,8427245,0
2000-02-17,21.821,21.845,20.88,21.336,14295806,0
2000-02-18,21.006,21.336,20.699,20.955,14030775,0
2000-02-22,20.722,21.462,20.596,21.108,12926501,0
2000-02-23,20.955,20.981,20.393,20.904,13512467,0
2000-02-24,20.55,20.596,19.705,20.316,18950023,0
2000-02-25,20.292,20.675,19.601,19.858,13372231,0
2000-02-28,19.601,20.267,19.398,20.112,13235664,0
2000-02-29,19.627,19.907,19.423,19.831,12687453,0
2000-03-01,20.064,20.955,20.064,20.8,19147140,0
2000-03-02,20.88,21.131,20.14,20.238,13937114,0
2000-03-03,20.442,20.55,20.011,20.442,11053340,0
2000-03-06,20.064,20.189,19.705,19.986,9646999,0
2000-03-07,19.732,19.986,18.277,19.219,28735298,0
2000-03-08,19.012,19.601,18.714,19.374,17705008,0
2000-03-09,19.398,19.398,18.714,19.069,15194386,0
2000-03-10,18.786,19.012,17.97,18.558,17248239,0
2000-03-13,17.641,18.072,17.586,17.843,19185145,0
2000-03-14,18.072,18.072,17.49,17.665,13684830,0
2000-03-15,17.819,19.5,17.743,19.398,27151450,0
2000-03-16,20.112,20.344,19.806,20.292,21595233,0
2000-03-17,20.14,20.369,19.885,20.035,17820485,0
2000-03-20,19.986,19.986,19.601,19.806,8291655,0
2000-03-21,19.326,20.267,19.326,20.166,10523755,0
2000-03-22,19.986,19.986,18.841,19.196,14571638,0
2000-03-23,19.169,19.732,18.943,19.169,12677637,0
2000-03-24,19.069,19.245,18.915,19.169,10756428,0
2000-03-27,19.095,19.219,18.454,18.454,12925758,0
2000-03-28,18.66,18.968,18.304,18.304,16770630,0
2000-03-29,18.509,19.196,18.481,19.119,19981480,0
2000-03-30,19.219,20.369,19.219,19.806,23051347,0
2000-03-31,19.858,19.858,19.144,19.144,10869453,0
2000-04-03,19.349,20.369,19.272,20.112,17396082,0
2000-04-04,20.189,21.365,19.655,21.365,33584419,0
2000-04-05,20.496,20.778,19.326,19.423,24843840,0
2000-04-06,19.529,19.553,18.253,18.66,25355525,0
2000-04-07,18.66,18.943,18.253,18.841,15178694,0
2000-04-10,18.968,19.245,18.304,18.354,15819589,0
2000-04-11,18.943,19.475,18.636,19.245,14840105,0
2000-04-12,19.579,20.369,19.452,19.782,19111589,0
2000-04-13,19.374,19.831,19.219,19.272,10910402,0
2000-04-14,18.865,19.398,18.786,19.169,11637111,0
2000-04-17,19.069,19.831,18.865,19.782,13136612,0
2000-04-18,19.705,20.035,18.915,19.831,15938499,0
2000-04-19,19.831,20.267,19.553,20.064,12357682,0
2000-04-20,19.782,20.166,19.579,20.166,10161380,0
2000-04-24,20.166,20.571,19.986,20.238,11508144,0
2000-04-25,20.112,20.596,19.655,20.596,10687533,0
2000-04-26,19.986,20.442,19.938,20.166,11701589,0
2000-04-27,19.782,20.035,19.349,19.679,11063637,0
2000-04-28,19.627,19.732,19.069,19.272,9284627,0
2000-05-01,19.012,19.169,18.865,18.865,9515096,0
2000-05-02,18.99,19.398,18.74,18.865,11296064,0
2000-05-03,18.81,19.907,18.81,19.782,17661609,0
2000-05-04,19.885,20.064,19.296,19.782,8389731,0
2000-05-05,19.398,19.579,19.069,19.196,7367586,0
2000-05-08,19.452,19.782,19.423,19.782,7380337,0
2000-05-09,20.393,20.904,20.369,20.596,27446896,0
2000-05-10,20.621,21.618,20.596,21.539,25821119,0
2000-05-11,21.947,21.947,21.618,21.845,19528882,0
2000-05-12,21.618,21.618,21.006,21.31,9204457,0
2000-05-15,21.209,21.515,20.8,21.108,9888009,0
2000-05-16,20.699,20.699,19.831,19.959,20209988,0
2000-05-17,19.831,20.064,19.579,19.679,10362919,0
2000-05-18,19.679,20.344,19.655,20.166,9940724,0
2000-05-19,20.011,20.52,20.011,20.42,12333898,0
2000-05-22,20.42,20.675,20.166,20.675,11922493,0
2000-05-23,20.393,20.47,20.267,20.393,8845519,0
2000-05-24,20.496,21.64,20.47,21.492,13230518,0
2000-05-25,21.437,21.593,21.209,21.492,9486408,0
2000-05-26,21.72,22.434,21.72,22.251,15176982,0
2000-05-30,22.408,22.434,21.64,21.977,9142178,0
2000-05-31,21.845,21.977,21.515,21.771,6793380,0
2000-06-01,21.694,22.278,21.64,21.72,7357286,0
2000-06-02,21.72,21.72,21.258,21.437,7756928,0
2000-06-05,21.336,21.569,21.108,21.209,5942125,0
2000-06-06,20.849,21.183,20.825,21.131,8108510,0
2000-06-07,21.209,21.72,21.159,21.618,8419645,0
2000-06-08,21.258,21.618,21.159,21.539,9549176,0
2000-06-09,21.539,21.771,21.258,21.336,6091927,0
2000-06-12,21.336,21.797,21.31,21.462,5055558,0
2000-06-13,21.618,22.024,21.539,21.771,6901258,0
2000-06-14,21.845,22.075,21.365,21.618,12466051,0
2000-06-15,21.977,22.89,21.947,22.792,25350626,0
2000-06-16,22.89,22.918,22.481,22.637,17574573,0
2000-06-19,22.024,22.383,22.024,22.205,8575575,0
2000-06-20,21.744,21.871,21.492,21.593,8522616,0
2000-06-21,22,22.151,21.618,21.821,10764515,0
2000-06-22,21.72,23.045,21.618,22.89,14302684,0
2000-06-23,22.84,23.784,22.685,23.607,18816639,0
2000-06-26,23.63,24.167,23.453,24.064,12137020,0
2000-06-27,23.961,24.015,23.453,23.607,12792138,0
2000-06-28,23.86,24.831,23.812,24.497,23284508,0
2000-06-29,24.422,24.55,23.961,24.087,15623935,0
2000-06-30,23.707,23.987,22.942,23.429,23444367,0
2000-07-03,23.707,23.86,23.58,23.734,9453066,0
2000-07-05,24.113,24.142,23.756,23.961,8532918,0
2000-07-06,23.784,24.041,23.58,24.041,6180685,0
2000-07-07,23.94,24.167,23.812,23.961,6184602,0
2000-07-10,23.911,23.94,23.35,23.478,7908448,0
2000-07-11,23.201,23.453,22.764,22.918,9981422,0
2000-07-12,22.559,23.045,22.536,22.89,8779317,0
2000-07-13,23.045,23.707,23.02,23.63,10366840,0
2000-07-14,23.607,23.835,23.248,23.499,5703566,0
2000-07-17,23.478,23.499,23.07,23.375,8586854,0
2000-07-18,23.375,23.961,23.093,23.734,9321406,0
2000-07-19,24.041,24.725,23.961,24.677,20158495,0
2000-07-20,24.677,24.752,24.422,24.677,11313471,0
2000-07-21,24.7,24.981,24.626,24.831,9980931,0
2000-07-24,24.472,24.472,24.087,24.167,8351728,0
2000-07-25,24.142,24.19,23.987,24.167,5720970,0
2000-07-26,24.218,24.472,23.911,23.987,12459681,0
2000-07-27,24.394,24.957,24.346,24.652,11188432,0
2000-07-28,24.599,25.698,24.497,25.571,16708359,0
2000-07-31,25.314,25.444,24.981,25.006,9839713,0
2000-08-01,25.209,26.103,25.006,25.698,11427970,0
2000-08-02,25.698,25.719,25.389,25.672,8169070,0
2000-08-03,25.314,26,25.314,25.698,8165639,0
2000-08-04,25.541,25.541,24.931,25.335,7368072,0
2000-08-07,25.108,25.187,24.931,25.036,5229150,0
2000-08-08,25.444,25.444,24.677,24.855,7532589,0
2000-08-09,24.599,24.652,24.346,24.394,8726110,0
2000-08-10,24.626,25.187,24.497,24.879,7628943,0
2000-08-11,24.905,25.593,24.879,25.389,7561769,0
2000-08-14,25.389,25.8,25.389,25.719,6539616,0
2000-08-15,25.414,25.515,25.134,25.288,5398804,0
2000-08-16,25.036,25.036,24.27,24.752,14385058,0
2000-08-17,24.55,24.725,24.292,24.346,7161394,0
2000-08-18,24.27,24.599,24.27,24.599,6476124,0
2000-08-21,24.37,24.448,24.113,24.394,7040766,0
2000-08-22,24.394,24.448,23.656,23.656,5204379,0
2000-08-23,24.041,24.142,23.63,23.987,8595435,0
2000-08-24,23.784,24.064,23.607,23.63,5675860,0
2000-08-25,23.403,23.429,22.434,22.84,17043763,0
2000-08-28,23.35,23.555,23.122,23.248,15481734,0
2000-08-29,23.145,23.201,22.865,22.966,7285204,0
2000-08-30,22.637,22.84,21.947,22.127,11523341,0
2000-08-31,22.103,22.103,21.006,21.462,19768666,0
2000-09-01,22.024,22.231,21.771,22.127,12332919,0
2000-09-05,22.024,23.272,21.821,22.966,13760097,0
2000-09-06,22.383,22.408,22.049,22.151,12089457,0
2000-09-07,22.18,22.251,21.72,22.024,9155419,0
2000-09-08,22.127,22.509,21.947,22.251,6449640,0
2000-09-11,22.127,22.307,21.336,21.618,9622483,0
2000-09-12,21.515,21.977,21.286,21.821,10116760,0
2000-09-13,21.821,21.898,21.235,21.412,8568955,0
2000-09-14,21.131,21.159,20.369,20.8,13708614,0
2000-09-15,20.8,21.258,20.596,20.722,15178450,0
2000-09-18,20.8,21.821,20.699,21.667,10752260,0
2000-09-19,21.744,21.821,21.235,21.569,9361121,0
2000-09-20,21.462,21.492,20.166,20.496,18015645,0
2000-09-21,20.292,20.722,20.064,20.213,12566821,0
2000-09-22,20.8,21.593,20.753,21.569,20048168,0
2000-09-25,21.462,22.127,21.462,21.845,9918167,0
2000-09-26,21.871,22.481,21.72,22.408,12595504,0
2000-09-27,22.408,22.792,22.024,22.685,12777181,0
2000-09-28,22.231,22.685,22.075,22.61,10249158,0
2000-09-29,22.663,23.093,22.434,22.481,14666527,0
2000-10-02,22.637,23.248,22.536,23.248,11676581,0
2000-10-03,23.298,23.403,22.89,22.966,9048521,0
2000-10-04,23.07,23.35,22.84,23.35,10162121,0
2000-10-05,23.375,24.218,23.375,24.113,13001276,0
2000-10-06,24.041,24.142,23.555,23.835,11801867,0
2000-10-09,23.734,23.987,23.58,23.58,5002114,0
2000-10-10,23.58,24.19,23.272,23.734,7699798,0
2000-10-11,23.835,24.292,23.555,23.884,9692114,0
2000-10-12,23.884,23.961,22.996,23.35,10493595,0
2000-10-13,23.145,23.53,22.996,23.327,8972761,0
2000-10-16,23.272,24.167,23.248,23.911,8658202,0
2000-10-17,23.555,24.041,23.248,23.63,7447754,0
2000-10-18,23.555,24.015,23.171,23.734,9010765,0
2000-10-19,23.045,23.429,22.89,23.298,7119465,0
2000-10-20,22.637,22.738,21.922,22.355,17976167,0
2000-10-23,22.383,22.816,21.977,22.559,8688846,0
2000-10-24,22.434,22.918,22.205,22.89,7776053,0
2000-10-25,22.816,23.835,22.685,23.63,11469401,0
2000-10-26,23.171,24.19,23.02,23.94,11470876,0
2000-10-27,23.499,24.19,23.499,24.041,9271881,0
2000-10-30,24.015,24.677,24.015,24.422,12909334,0
2000-10-31,24.318,24.855,23.94,24.626,12057343,0
2000-11-01,24.803,25.06,24.599,24.831,10167514,0
2000-11-02,24.855,25.06,24.497,24.778,11171761,0
2000-11-03,24.677,24.677,24.113,24.19,7445060,0
2000-11-06,24.113,24.879,23.987,24.677,6826231,0
2000-11-07,24.497,24.831,24.394,24.497,5203894,0
2000-11-08,24.394,24.725,24.087,24.55,6194168,0
2000-11-09,24.448,25.571,24.422,25.414,14543194,0
2000-11-10,25.617,25.719,25.239,25.239,12657779,0
2000-11-13,25.006,25.134,24.626,24.905,10033405,0
2000-11-14,24.7,25.006,24.318,24.7,9102707,0
2000-11-15,24.752,25.083,24.575,25.006,9206907,0
2000-11-16,24.981,25.414,24.905,25.263,9330967,0
2000-11-17,25.467,25.617,24.931,25.06,14835200,0
2000-11-20,23.961,24.015,22.816,23.07,23684885,0
2000-11-21,23.07,23.453,22.536,22.536,17168072,0
2000-11-22,23.86,24.599,23.756,24.292,16434248,0
2000-11-24,24.041,24.27,23.911,24.064,4790522,0
2000-11-27,23.884,24.497,23.683,24.292,7951349,0
2000-11-28,24.575,24.778,24.422,24.652,7144228,0
2000-11-29,24.37,25.491,24.37,25.335,11889642,0
2000-11-30,25.444,25.541,25.06,25.541,15722745,0
2000-12-01,25.314,25.444,25.006,25.364,10054487,0
2000-12-04,25.288,25.851,25.239,25.593,10516891,0
2000-12-05,25.414,25.617,24.752,25.06,11364718,0
2000-12-06,24.905,25.209,24.626,24.831,9515096,0
2000-12-07,24.7,25.719,24.7,25.444,9689171,0
2000-12-08,24.879,25.288,24.725,24.831,10176336,0
2000-12-11,24.472,24.55,23.734,23.784,14205831,0
2000-12-12,23.53,23.94,23.499,23.656,9822791,0
2000-12-13,23.555,23.784,23.35,23.58,9090448,0
2000-12-14,22.84,23.429,22.738,23.248,12322380,0
2000-12-15,22.434,23.122,21.821,21.821,33761681,0
2000-12-18,22.024,22.663,21.871,22.383,12635468,0
2000-12-19,22.307,23.63,22.307,23.145,14334059,0
2000-12-20,22.738,23.656,22.663,22.942,16361433,0
2000-12-21,22.942,24.318,22.89,24.218,14633177,0
2000-12-22,23.987,24.064,23.453,24.015,9176502,0
2000-12-26,23.911,24.472,23.911,24.472,6957654,0
2000-12-27,24.472,25.036,24.472,24.7,9460424,0
2000-12-28,25.263,25.263,24.7,24.905,6768370,0
2000-12-29,24.855,24.931,24.55,24.855,6100264,0
2001-01-02,24.599,25.263,24.575,24.803,13005935,0
2001-01-03,24.831,25.364,24.087,24.167,15292951,0
2001-01-04,23.884,24.015,23.145,23.478,18114455,0
2001-01-05,23.499,23.961,23.453,23.53,9758557,0
2001-01-08,23.607,24.346,23.58,23.911,11688105,0
2001-01-09,23.756,24.448,23.499,24.218,10451181,0
2001-01-10,23.812,24.167,23.607,24.113,9764198,0
2001-01-11,23.961,24.015,23.298,23.403,8475786,0
2001-01-12,23.429,23.429,22.942,23.093,8849435,0
2001-01-16,23.272,23.375,22.918,23.248,8784219,0
2001-01-17,23.555,23.94,23.272,23.63,9388339,0
2001-01-18,23.375,23.94,23.223,23.298,8608921,0
2001-01-19,23.07,23.298,22.559,22.764,12046309,0
2001-01-22,22.663,22.865,22.509,22.713,8437537,0
2001-01-23,22.865,23.327,22.61,23.201,9454290,0
2001-01-24,23.223,23.683,22.89,23.683,11271546,0
2001-01-25,23.683,24.064,23.58,23.911,9182632,0
2001-01-26,23.987,24.142,23.453,23.63,7849115,0
2001-01-29,23.272,23.53,23.045,23.298,6280223,0
2001-01-30,23.403,23.756,23.35,23.63,6751698,0
2001-01-31,23.248,23.734,23.07,23.656,10559794,0
2001-02-01,23.35,23.453,23.093,23.429,8238949,0
2001-02-02,23.656,23.656,23.327,23.555,7428144,0
2001-02-05,23.53,24.318,23.499,24.142,11258064,0
2001-02-06,23.911,24.37,23.784,24.244,7670378,0
2001-02-07,24.19,24.7,24.167,24.472,11787646,0
2001-02-08,24.37,24.879,24.292,24.725,8157792,0
2001-02-09,24.725,24.855,24.448,24.52,5463043,0
2001-02-12,24.346,24.831,24.27,24.803,8294358,0
2001-02-13,24.448,24.497,24.244,24.448,8165149,0
2001-02-14,24.27,24.422,24.113,24.27,6960590,0
2001-02-15,23.86,24.041,23.248,23.812,14001112,0
2001-02-16,23.911,24.27,23.835,24.218,9360391,0
2001-02-20,24.422,24.879,23.812,23.86,19334698,0
2001-02-21,22.942,22.966,22.075,22.408,23557153,0
2001-02-22,22.408,22.408,20.981,21.618,23218069,0
2001-02-23,21.462,21.539,21.006,21.209,11117824,0
2001-02-26,21.209,21.437,20.981,21.412,11441947,0
2001-02-27,21.412,21.539,21.03,21.209,9026947,0
2001-02-28,21.31,21.667,21.183,21.618,13680414,0
2001-03-01,21.821,21.977,21.365,21.492,11921515,0
2001-03-02,21.64,21.64,21.209,21.437,11174947,0
2001-03-05,20.904,20.927,20.189,20.47,17713097,0
2001-03-06,20.47,20.47,20.14,20.316,11369620,0
2001-03-07,20.344,20.722,20.316,20.571,12658271,0
2001-03-08,20.904,21.006,20.496,20.955,11966134,0
2001-03-09,20.955,21.159,20.8,21.006,9631311,0
2001-03-12,20.647,20.927,20.393,20.442,9694564,0
2001-03-13,19.986,19.986,19.579,19.885,12701666,0
2001-03-14,19.374,19.705,18.865,19.452,17341165,0
2001-03-15,19.452,19.452,18.841,19.423,11575809,0
2001-03-16,19.245,20.292,19.219,19.831,22602428,0
2001-03-19,19.834,20.026,19.593,19.741,9120114,0
2001-03-20,19.741,19.896,19.191,19.346,10838319,0
2001-03-21,19.346,19.579,18.454,18.454,22584530,0
2001-03-22,18.679,18.845,18.147,18.646,18006821,0
2001-03-23,18.151,18.558,17.944,18.558,19213089,0
2001-03-26,18.761,18.801,18.151,18.312,13763779,0
2001-03-27,18.558,19.144,18.177,19.008,16507801,0
2001-03-28,19.008,19.272,18.291,18.743,17400743,0
2001-03-29,18.743,18.743,17.852,18.16,18748486,0
2001-03-30,18.354,18.558,18.111,18.418,12670771,0
2001-04-02,18.518,19.135,18.295,18.701,12779634,0
2001-04-03,18.599,18.639,18.02,18.215,11373050,0
2001-04-04,18.16,18.782,18.017,18.454,10773838,0
2001-04-05,18.865,19.005,18.198,18.477,11312738,0
2001-04-06,18.123,18.498,17.886,18.354,9694073,0
2001-04-09,18.354,18.595,17.907,17.907,9931650,0
2001-04-10,17.909,18.067,17.625,17.802,14583650,0
2001-04-11,17.538,18.253,17.28,18.001,16853994,0
2001-04-12,17.743,18.312,17.396,18.177,12785027,0
2001-04-16,18.177,18.558,18.008,18.521,10158932,0
2001-04-17,18.354,18.639,18.277,18.639,10807182,0
2001-04-18,18.883,19.204,18.644,19.069,18103176,0
2001-04-19,18.782,19.483,18.777,19.374,13284211,0
2001-04-20,19.191,19.272,18.877,19.169,11237957,0
2001-04-23,19.374,19.537,19.182,19.353,8153375,0
2001-04-24,19.353,19.762,19.237,19.329,10440395,0
2001-04-25,19.374,19.741,19.333,19.66,7962632,0
2001-04-26,19.415,19.569,19.127,19.127,10242289,0
2001-04-27,19.374,19.374,18.761,19.169,8660897,0
2001-04-30,19.069,19.069,18.701,18.841,9407462,0
2001-05-01,18.883,19.66,18.815,19.427,10368558,0
2001-05-02,19.537,19.537,19.231,19.402,9402070,0
2001-05-03,19.398,19.398,18.924,19.069,10532339,0
2001-05-04,18.782,19.157,18.688,19.101,10812326,0
2001-05-07,19.106,19.127,18.929,19.098,8597642,0
2001-05-08,18.977,19.047,18.765,18.994,8428712,0
2001-05-09,18.994,18.994,18.518,18.663,12305464,0
2001-05-10,18.743,18.865,18.565,18.604,8921030,0
2001-05-11,18.604,18.721,18.19,18.472,11812898,0
2001-05-14,18.639,18.806,18.498,18.765,9298850,0
2001-05-15,18.765,18.806,18.44,18.721,8503250,0
2001-05-16,18.761,19.746,18.569,19.643,13112097,0
2001-05-17,19.782,19.863,19.435,19.631,11733951,0
2001-05-18,19.679,19.701,19.455,19.618,8095763,0
2001-05-21,19.679,19.718,19.296,19.697,9794106,0
2001-05-22,19.593,19.64,19.393,19.496,7199881,0
2001-05-23,19.496,19.863,19.435,19.863,10438923,0
2001-05-24,19.863,20.129,19.782,20.021,8203641,0
2001-05-25,19.841,20.026,19.533,19.647,4904778,0
2001-05-29,19.679,19.901,19.64,19.716,5555476,0
2001-05-30,19.741,19.841,19.483,19.529,6347895,0
2001-05-31,19.353,19.389,19.149,19.333,8846254,0
2001-06-01,19.353,19.537,19.169,19.5,8533157,0
2001-06-04,19.374,19.415,19.127,19.402,5497857,0
2001-06-05,19.196,19.443,18.959,19.423,8306368,0
2001-06-06,19.272,19.369,18.908,19.069,8681002,0
2001-06-07,19.149,19.245,18.705,18.81,8318141,0
2001-06-08,18.845,18.858,18.62,18.761,5414501,0
2001-06-11,18.565,18.81,18.561,18.735,4260943,0
2001-06-12,18.721,18.815,18.561,18.726,5932567,0
2001-06-13,18.718,18.721,18.518,18.701,6607291,0
2001-06-14,18.502,18.636,18.288,18.363,8226197,0
2001-06-15,17.992,18.431,17.992,18.053,16810599,0
2001-06-18,18.053,18.13,17.729,17.852,7789538,0
2001-06-19,17.852,17.983,17.76,17.843,6670056,0
2001-06-20,17.725,18.045,17.72,17.918,10177077,0
2001-06-21,18.048,18.143,17.764,17.781,12548188,0
2001-06-22,17.802,17.826,17.371,17.477,11291899,0
2001-06-25,17.944,18.028,17.645,17.781,18009028,0
2001-06-26,17.781,18.067,17.551,17.924,24765873,0
2001-06-27,17.988,18.088,17.843,18.02,15512139,0
2001-06-28,18.067,18.521,18.028,18.498,19111589,0
2001-06-29,18.558,18.625,18.295,18.354,16116500,0
2001-07-02,18.269,18.782,18.22,18.599,8954620,0
2001-07-03,18.758,18.758,18.604,18.74,4776299,0
2001-07-05,18.636,18.714,18.363,18.451,6760770,0
2001-07-06,18.553,18.553,18.177,18.19,6159593,0
2001-07-09,18.333,18.633,18.172,18.444,5580239,0
2001-07-10,18.341,18.472,18.13,18.22,11571397,0
2001-07-11,18.22,18.66,18.062,18.561,8868070,0
2001-07-12,18.458,18.558,18.312,18.553,8515014,0
2001-07-13,18.399,18.82,18.399,18.765,7934927,0
2001-07-16,18.801,19.162,18.782,19.162,10300398,0
2001-07-17,19.047,19.25,18.726,19.224,9196118,0
2001-07-18,19.131,19.149,18.604,18.853,10016972,0
2001-07-19,18.883,19.123,18.679,19.047,6176267,0
2001-07-20,18.946,19.078,18.674,18.806,8686638,0
2001-07-23,18.761,18.782,18.045,18.143,12719323,0
2001-07-24,18.166,18.19,17.802,18.028,12197095,0
2001-07-25,17.988,18.368,17.949,18.345,8933534,0
2001-07-26,18.281,18.359,18.111,18.354,8481182,0
2001-07-27,18.354,18.391,18.028,18.269,5789867,0
2001-07-30,18.166,18.269,17.949,18.053,7118237,0
2001-07-31,18.053,18.25,17.865,18.19,10716225,0
2001-08-01,18.232,18.253,17.848,17.979,9716389,0
2001-08-02,17.979,18.127,17.743,17.909,12961313,0
2001-08-03,18.028,18.265,17.988,18.232,14324991,0
2001-08-06,18.232,18.345,18.067,18.194,9312331,0
2001-08-07,18.228,18.304,18.115,18.304,10526205,0
2001-08-08,18.274,18.692,18.172,18.558,16163820,0
2001-08-09,18.486,18.639,18.354,18.604,11936714,0
2001-08-10,18.472,18.755,18.13,18.629,9479302,0
2001-08-13,18.558,18.743,18.498,18.679,6342994,0
2001-08-14,18.721,18.801,18.639,18.777,8248023,0
2001-08-15,18.845,19.455,18.824,19.406,19443068,0
2001-08-16,19.406,19.478,19.135,19.459,11770484,0
2001-08-17,19.459,19.533,19.178,19.389,7825576,0
2001-08-20,19.537,19.797,19.459,19.797,9840693,0
2001-08-21,19.782,19.896,19.601,19.705,10011332,0
2001-08-22,19.705,19.718,19.5,19.679,9703389,0
2001-08-23,19.773,20.23,19.663,20.171,11396587,0
2001-08-24,20.149,20.331,19.907,20.072,10194973,0
2001-08-27,19.986,20.078,19.741,19.786,9795089,0
2001-08-28,19.786,19.786,19.415,19.525,7754716,0
2001-08-29,19.525,19.525,19.296,19.455,6700212,0
2001-08-30,19.618,20.292,19.601,19.901,16081929,0
2001-08-31,19.71,20.018,19.701,19.85,9301544,0
2001-09-04,19.953,20.554,19.766,20.189,17011645,0
2001-09-05,19.903,20.679,19.903,20.576,16915287,0
2001-09-06,20.541,20.541,20.163,20.193,12732314,0
2001-09-07,20.09,20.386,20.047,20.284,13630893,0
2001-09-10,20.289,20.465,20.189,20.374,16824819,0
2001-09-17,20.189,20.475,19.867,20.475,24850218,0
2001-09-18,20.475,20.52,19.964,20.178,13622068,0
2001-09-19,20.28,20.369,19.712,20.189,17672399,0
2001-09-20,19.907,20.153,19.701,19.718,19761065,0
2001-09-21,18.761,19.508,18.454,19.09,27990453,0
2001-09-24,19.095,19.863,19.095,19.59,16669621,0
2001-09-25,19.516,20.09,19.5,19.579,21328976,0
2001-09-26,19.537,19.579,19.073,19.123,14212695,0
2001-09-27,19.162,19.201,18.968,19.149,13588474,0
2001-09-28,19.191,19.272,19.051,19.108,14124432,0
2001-10-01,18.968,19.06,18.701,18.797,15192910,0
2001-10-02,18.865,18.954,18.561,18.831,11525554,0
2001-10-03,18.743,18.761,18.502,18.679,13614465,0
2001-10-04,18.354,18.468,18.281,18.418,14923953,0
2001-10-05,18.354,18.721,18.062,18.558,12856132,0
2001-10-08,18.544,18.963,18.502,18.824,8479466,0
2001-10-09,18.66,18.862,18.549,18.836,7281528,0
2001-10-10,18.824,18.903,18.644,18.824,10141030,0
2001-10-11,18.761,18.968,18.599,18.782,11690801,0
2001-10-12,18.414,18.498,17.949,18.274,20412257,0
2001-10-15,18.028,18.274,17.966,18.151,11358342,0
2001-10-16,18.151,18.274,18.067,18.166,11756261,0
2001-10-17,18.269,18.308,18.048,18.058,12985826,0
2001-10-18,18.088,18.845,18.088,18.81,18538117,0
2001-10-19,19.25,19.938,19.173,19.82,29018969,0
2001-10-22,19.623,19.981,19.475,19.976,14871000,0
2001-10-23,19.976,19.976,19.701,19.933,10875094,0
2001-10-24,19.845,19.981,19.797,19.893,8317400,0
2001-10-25,19.683,20.185,19.679,20.166,9118641,0
2001-10-26,19.986,20.185,19.938,20.043,7848864,0
2001-10-29,19.986,20.047,19.782,19.829,7072392,0
2001-10-30,19.618,19.903,19.402,19.643,9269185,0
2001-10-31,19.643,19.705,19.471,19.529,7826068,0
2001-11-01,19.333,19.855,19.318,19.82,8868564,0
2001-11-02,19.587,19.964,19.537,19.938,6993686,0
2001-11-05,19.701,20.23,19.701,20.108,9464838,0
2001-11-06,20.006,20.331,19.929,20.331,7759870,0
2001-11-07,20.149,20.352,20.031,20.149,6758316,0
2001-11-08,20.085,20.23,19.903,20.014,8968838,0
2001-11-09,19.888,20.129,19.801,20.075,6336369,0
2001-11-12,19.967,20.189,19.876,20.116,5033742,0
2001-11-13,20.149,20.28,20.043,20.251,6705116,0
2001-11-14,20.292,20.422,20.23,20.393,10599266,0
2001-11-15,20.435,20.576,20.292,20.449,5892840,0
2001-11-16,20.568,20.568,20.304,20.365,10462463,0
2001-11-19,20.435,20.475,20.031,20.178,8332360,0
2001-11-20,19.946,20.085,19.863,19.986,9509210,0
2001-11-21,19.824,19.986,19.793,19.888,5600594,0
2001-11-23,19.786,20.047,19.786,20.047,2662136,0
2001-11-26,19.964,19.964,19.618,19.705,9848044,0
2001-11-27,19.705,19.732,19.377,19.574,8886460,0
2001-11-28,19.255,19.326,18.994,19.069,10336440,0
2001-11-29,19.149,19.283,18.951,19.204,8752842,0
2001-11-30,19.169,19.272,19.073,19.154,8348049,0
2001-12-03,18.903,19.069,18.806,18.98,10328838,0
2001-12-04,19.144,19.191,18.88,18.987,9633761,0
2001-12-05,19.283,19.333,19.154,19.219,14845746,0
2001-12-06,19.047,19.123,18.828,18.938,8612838,0
2001-12-07,18.836,19.127,18.801,19.005,8156809,0
2001-12-10,18.828,19.117,18.561,18.612,9096087,0
2001-12-11,18.66,18.849,18.578,18.62,8942114,0
2001-12-12,18.62,18.815,18.537,18.755,10297460,0
2001-12-13,18.701,18.968,18.663,18.858,13451912,0
2001-12-14,18.845,19.055,18.792,18.865,8319610,0
2001-12-17,19.026,19.026,18.679,18.824,10734853,0
2001-12-18,18.946,18.987,18.714,18.968,9614391,0
2001-12-19,18.865,19.557,18.865,19.369,18469711,0
2001-12-20,19.272,19.618,19.267,19.478,11959271,0
2001-12-21,19.64,19.896,19.483,19.896,20669447,0
2001-12-24,19.896,19.903,19.623,19.727,6346914,0
2001-12-26,19.597,19.896,19.496,19.789,5884259,0
2001-12-27,19.374,19.553,19.36,19.553,9723250,0
2001-12-28,19.296,19.349,19.165,19.237,10579902,0
2001-12-31,19.272,19.455,19.149,19.231,8526535,0
