Date,Open,High,Low,Close,Volume,OpenInt
1996-08-02,10.849,11.265,10.29,11.265,4455449,0
1996-08-05,10.989,11.542,10.989,11.265,604942,0
1996-08-06,10.989,11.542,10.989,11.198,323801,0
1996-08-07,11.124,11.683,11.124,11.474,138173,0
1996-08-08,11.683,11.825,11.124,11.405,223136,0
1996-08-09,11.405,12.242,11.405,11.957,101503,0
1996-08-12,11.825,12.516,11.825,12.242,153273,0
1996-08-13,12.66,12.66,11.957,12.101,257772,0
1996-08-14,12.242,13.626,11.683,13.21,432974,0
1996-08-15,13.352,14.329,13.21,14.187,441602,0
1996-08-16,14.044,15.296,14.044,14.877,412842,0
1996-08-19,15.296,15.296,14.877,15.163,307743,0
1996-08-20,15.019,15.296,13.075,13.91,540708,0
1996-08-21,13.91,14.877,13.91,14.745,199888,0
1996-08-22,15.019,15.019,14.461,14.745,158545,0
1996-08-23,14.602,14.602,14.187,14.187,133258,0
1996-08-26,14.187,14.602,12.934,13.42,322843,0
1996-08-27,13.495,14.044,13.495,13.91,282696,0
1996-08-28,14.461,15.995,14.044,15.712,594637,0
1996-08-29,15.995,16.272,15.439,15.712,105220,0
1996-08-30,15.439,15.995,15.439,15.579,100545,0
1996-09-03,15.019,16.13,15.019,16.13,151593,0
1996-09-04,16.272,17.039,15.995,16.83,236921,0
1996-09-05,16.689,17.247,16.689,16.83,223020,0
1996-09-06,16.689,16.964,16.689,16.689,74899,0
1996-09-09,16.548,16.964,16.548,16.548,19413,0
1996-09-10,16.548,17.247,16.548,17.172,70465,0
1996-09-11,16.83,17.247,16.83,16.964,31160,0
1996-09-12,17.524,17.8,16.964,17.247,118042,0
1996-09-13,17.247,17.8,17.247,17.8,133021,0
1996-09-16,17.8,17.8,17.247,17.247,87363,0
1996-09-17,17.247,17.8,17.247,17.315,75618,0
1996-09-18,17.524,17.8,17.247,17.247,15579,0
1996-09-19,17.247,18.776,17.247,18.776,125948,0
1996-09-20,18.217,20.303,18.217,20.236,229610,0
1996-09-23,19.751,21.137,19.751,21.07,108332,0
1996-09-24,21.003,21.003,20.445,20.721,523571,0
1996-09-25,20.862,21.554,20.862,21.422,136494,0
1996-09-26,21.696,21.973,21.278,21.973,138294,0
1996-09-27,21.973,22.673,21.837,22.673,100424,0
1996-09-30,22.673,23.091,22.39,23.091,69025,0
1996-10-01,22.673,23.64,22.113,22.179,125230,0
1996-10-02,22.39,22.39,19.053,20.17,945640,0
1996-10-03,20.027,20.17,19.751,19.751,72623,0
1996-10-04,19.751,20.721,19.751,20.654,150995,0
1996-10-07,20.585,21.696,20.303,21.422,470125,0
1996-10-08,21.696,21.696,20.509,20.585,79333,0
1996-10-09,21.003,21.003,19.751,19.751,98026,0
1996-10-10,19.751,20.17,19.334,19.334,32237,0
1996-10-11,19.751,19.751,19.334,19.469,184191,0
1996-10-14,19.334,19.61,19.334,19.469,62076,0
1996-10-15,19.334,20.445,19.334,20.027,197013,0
1996-10-16,20.303,20.445,19.819,20.445,467367,0
1996-10-17,20.445,20.445,20.027,20.303,12342,0
1996-10-18,20.445,21.003,20.027,21.003,54765,0
1996-10-21,21.003,21.003,19.469,19.885,81250,0
1996-10-22,19.61,20.027,18.357,18.357,288452,0
1996-10-23,18.501,19.259,17.383,17.383,249262,0
1996-10-24,17.247,17.8,16.416,16.83,86764,0
1996-10-25,16.83,16.83,16.548,16.548,484864,0
1996-10-28,16.548,16.83,15.019,15.296,79093,0
1996-10-29,15.163,15.995,14.187,14.745,480190,0
1996-10-30,14.602,15.712,14.602,15.504,112527,0
1996-10-31,15.712,15.712,15.019,15.296,244109,0
1996-11-01,15.019,15.579,15.019,15.296,36309,0
1996-11-04,15.439,15.439,15.019,15.054,16776,0
1996-11-05,15.439,15.439,14.187,14.461,42063,0
1996-11-06,14.602,14.602,14.187,14.602,24208,0
1996-11-07,13.91,14.187,13.352,13.768,123914,0
1996-11-08,13.768,14.461,13.768,14.187,82451,0
1996-11-11,14.044,14.461,13.21,13.42,161901,0
1996-11-12,13.21,13.768,13.21,13.626,72261,0
1996-11-13,13.21,13.626,13.21,13.495,252136,0
1996-11-14,13.352,14.602,13.352,14.602,199170,0
1996-11-15,14.602,14.877,13.91,14.187,46497,0
1996-11-18,14.187,15.019,14.044,14.668,79692,0
1996-11-19,14.877,15.163,14.602,14.745,105816,0
1996-11-20,14.877,14.877,14.461,14.461,18934,0
1996-11-21,14.877,14.877,12.794,13.495,87122,0
1996-11-22,12.794,13.075,12.726,13,1851016,0
1996-11-25,13,13.21,13,13,532320,0
1996-11-26,13,13.21,12.869,12.934,286772,0
1996-11-27,12.934,13.21,12.934,12.934,81729,0
1996-11-29,12.934,13.21,12.934,12.934,27683,0
1996-12-02,12.934,14.254,12.934,14.119,174245,0
1996-12-03,14.187,14.187,13.626,13.626,125948,0
1996-12-04,13.626,13.91,13.352,13.626,135175,0
1996-12-05,13.352,13.768,13.352,13.768,32475,0
1996-12-06,12.794,13.626,12.794,13.21,113728,0
1996-12-09,13.21,14.329,13.21,14.044,528486,0
1996-12-10,14.187,15.163,13.91,14.745,253815,0
1996-12-11,14.461,14.602,14.044,14.393,89877,0
1996-12-12,14.602,14.602,14.187,14.187,148718,0
1996-12-13,14.187,14.602,14.187,14.187,99588,0
1996-12-16,14.044,14.877,14.044,14.502,229610,0
1996-12-17,14.329,14.745,14.044,14.044,146200,0
1996-12-18,14.187,14.187,13.91,13.91,25047,0
1996-12-19,14.187,14.187,13.91,13.91,13662,0
1996-12-20,13.91,14.187,13.768,13.91,26005,0
1996-12-23,13.626,13.768,13.495,13.701,125589,0
1996-12-24,13.495,13.768,13.495,13.626,19655,0
1996-12-26,13.352,13.626,13.352,13.352,2996,0
1996-12-27,13.352,13.768,12.516,13.21,232606,0
1996-12-30,12.934,13.21,12.934,12.934,156388,0
1996-12-31,13.495,13.495,12.934,13.495,31758,0
1997-01-02,13.495,13.768,13.352,13.352,45179,0
1997-01-03,13.352,14.187,13.352,13.768,73460,0
1997-01-06,14.187,14.187,13.768,14.187,18337,0
1997-01-07,14.187,14.187,13.495,13.91,52130,0
1997-01-08,14.044,14.254,13.626,13.626,106296,0
1997-01-09,13.626,13.91,13.286,13.495,115044,0
1997-01-10,13.495,13.626,13.495,13.626,10665,0
1997-01-13,13.768,13.91,13.495,13.91,46857,0
1997-01-14,14.187,14.187,13.352,13.626,100906,0
1997-01-15,13.352,13.626,13.075,13.495,205282,0
1997-01-16,13.21,13.626,13.143,13.286,447236,0
1997-01-17,13.626,13.768,13.21,13.495,54047,0
1997-01-20,13.495,13.626,13.21,13.42,9228,0
1997-01-21,13.352,14.187,13.352,13.768,268917,0
1997-01-22,13.768,14.044,13.495,13.495,25047,0
1997-01-23,13.495,13.768,13.352,13.352,25166,0
1997-01-24,13.352,13.768,12.101,13.21,82808,0
1997-01-27,13.21,13.352,12.869,13.352,26484,0
1997-01-28,13.075,14.187,13.075,13.978,78735,0
1997-01-29,13.768,14.044,13.626,14.044,49971,0
1997-01-30,13.626,14.044,13.495,13.91,47456,0
1997-01-31,13.91,13.91,13.286,13.626,14981,0
1997-02-03,13.626,13.626,12.101,12.374,104618,0
1997-02-04,12.374,12.934,12.242,12.516,55965,0
1997-02-05,13.352,13.352,12.516,12.794,22051,0
1997-02-06,12.934,12.934,12.374,12.794,14023,0
1997-02-07,12.794,13.352,12.794,13.352,227694,0
1997-02-10,13.21,14.044,12.374,12.794,100906,0
1997-02-11,12.66,12.934,11.957,12.101,33195,0
1997-02-12,12.242,12.516,11.683,12.242,52845,0
1997-02-13,12.374,12.934,12.101,12.934,38106,0
1997-02-14,13.075,13.21,12.794,13.21,40864,0
1997-02-18,12.934,13.075,12.516,12.794,10187,0
1997-02-19,12.516,12.794,12.516,12.794,6951,0
1997-02-20,12.66,12.794,12.516,12.516,23848,0
1997-02-21,12.242,12.516,11.124,11.124,50690,0
1997-02-24,11.124,11.405,10.748,10.849,54887,0
1997-02-25,10.989,11.124,10.573,10.989,67589,0
1997-02-26,10.989,11.405,10.431,10.706,86764,0
1997-02-27,10.431,10.849,10.431,10.706,222540,0
1997-02-28,10.706,10.706,10.013,10.29,433094,0
1997-03-03,10.013,10.431,9.87,10.29,186586,0
1997-03-04,10.29,10.573,10.29,10.573,97067,0
1997-03-05,10.573,10.849,10.573,10.706,210914,0
1997-03-06,10.849,11.405,10.849,11.124,97789,0
1997-03-07,11.405,11.957,11.405,11.825,63153,0
1997-03-10,11.825,12.794,11.825,12.242,62555,0
1997-03-11,12.374,12.374,12.242,12.374,19655,0
1997-03-12,12.516,12.516,11.957,12.242,17614,0
1997-03-13,12.242,12.242,11.957,11.957,3594,0
1997-03-14,11.957,12.374,11.957,12.374,19893,0
1997-03-17,12.374,12.374,11.405,11.683,37029,0
1997-03-18,12.101,12.242,11.825,12.032,17855,0
1997-03-19,11.825,11.957,11.715,11.892,23848,0
1997-03-20,11.683,11.957,11.405,11.474,23727,0
1997-03-21,11.265,11.405,11.056,11.056,15937,0
1997-03-24,11.056,11.265,11.056,11.265,9108,0
1997-03-25,11.056,11.265,10.989,10.989,8389,0
1997-03-26,11.124,11.825,10.849,11.405,134338,0
1997-03-27,11.265,11.542,11.056,11.056,35830,0
1997-03-31,11.265,11.265,10.989,11.265,26005,0
1997-04-01,11.124,11.265,10.989,11.056,41464,0
1997-04-02,11.056,11.265,10.989,10.989,19413,0
1997-04-03,11.265,11.265,10.989,10.989,21213,0
1997-04-04,11.265,11.265,10.989,11.265,27683,0
1997-04-07,11.265,11.265,10.989,10.989,3115,0
1997-04-08,10.989,11.265,10.989,10.989,7669,0
1997-04-09,11.265,11.405,10.989,11.405,62195,0
1997-04-10,11.405,11.542,11.124,11.405,135535,0
1997-04-11,11.474,11.474,11.124,11.124,34991,0
1997-04-14,11.542,11.751,11.124,11.683,220621,0
1997-04-15,11.542,11.892,11.542,11.825,74778,0
1997-04-16,11.683,11.683,10.365,10.365,84605,0
1997-04-17,10.849,10.849,9.87,10.221,267599,0
1997-04-18,10.29,10.29,9.87,9.87,176760,0
1997-04-21,9.87,10.156,8.9707,9.0375,85805,0
1997-04-22,8.9025,9.3205,8.9025,9.3205,102221,0
1997-04-23,9.4549,9.4549,9.0375,9.3205,128344,0
1997-04-24,9.3205,9.599,9.1788,9.3205,140569,0
1997-04-25,9.599,10.29,9.3205,10.29,141770,0
1997-04-28,10.29,11.056,10.08,10.29,106895,0
1997-04-29,10.29,10.639,10.221,10.431,108931,0
1997-04-30,10.431,11.405,10.221,10.989,65792,0
1997-05-01,10.916,12.101,10.916,11.542,109531,0
1997-05-02,11.957,11.957,11.405,11.892,304150,0
1997-05-05,11.825,11.825,11.405,11.542,191381,0
1997-05-06,11.542,12.516,11.542,12.374,351842,0
1997-05-07,12.516,12.516,12.242,12.452,264123,0
1997-05-08,12.242,12.452,12.242,12.242,35593,0
1997-05-09,12.374,12.452,11.825,11.957,13421,0
1997-05-12,12.242,12.242,11.825,11.825,10547,0
1997-05-13,11.825,12.101,10.849,10.989,89999,0
1997-05-14,10.989,11.683,10.989,11.405,82089,0
1997-05-15,11.405,11.683,11.405,11.405,219065,0
1997-05-16,11.405,12.101,11.124,11.825,118042,0
1997-05-19,11.892,12.101,11.825,12.101,41824,0
1997-05-20,12.101,12.101,11.825,11.825,60518,0
1997-05-21,11.957,12.242,11.825,12.101,235721,0
1997-05-22,12.242,12.374,11.957,11.957,73820,0
1997-05-23,12.374,13.495,12.101,13.352,348128,0
1997-05-27,12.934,14.044,12.934,13.495,110970,0
1997-05-28,13.495,13.495,13.286,13.286,23966,0
1997-05-29,13.286,13.495,13.286,13.352,45419,0
1997-05-30,13.352,14.044,13.352,14.044,133860,0
1997-06-02,13.701,14.044,13.626,13.768,92036,0
1997-06-03,14.044,14.461,13.768,13.768,144884,0
1997-06-04,13.768,13.91,13.21,13.495,87122,0
1997-06-05,13.352,13.42,13.075,13.21,63513,0
1997-06-06,13.075,13.075,12.66,12.934,105095,0
1997-06-09,13.21,14.119,13.075,13.56,623754,0
1997-06-10,13.56,13.91,13.495,13.834,193058,0
1997-06-11,13.626,14.119,13.626,14.119,259210,0
1997-06-12,14.119,15.371,13.91,15.163,383482,0
1997-06-13,15.645,15.921,14.877,14.877,120198,0
1997-06-16,14.877,15.054,13.768,14.044,44939,0
1997-06-17,13.91,13.91,13.352,13.352,29241,0
1997-06-18,13.768,13.768,13.075,13.075,122593,0
1997-06-19,13,13.352,12.583,12.583,69147,0
1997-06-20,13.075,13.075,12.242,12.516,78493,0
1997-06-23,12.242,13.626,12.242,13.075,241234,0
1997-06-24,13.286,13.56,12.101,13.352,245188,0
1997-06-25,13.56,13.626,13.286,13.626,119717,0
1997-06-26,13.495,13.626,13.352,13.626,35112,0
1997-06-27,13.352,13.626,13.352,13.56,31758,0
1997-06-30,13.626,14.877,13.495,14.187,285096,0
1997-07-01,14.187,14.537,14.119,14.461,70945,0
1997-07-02,14.461,14.602,14.254,14.461,28640,0
1997-07-03,14.329,14.877,14.329,14.877,19533,0
1997-07-07,14.877,14.877,14.329,14.329,63632,0
1997-07-08,14.461,14.602,14.187,14.393,158065,0
1997-07-09,14.745,15.504,14.602,15.371,200730,0
1997-07-10,15.296,15.296,15.163,15.296,39187,0
1997-07-11,15.296,15.296,15.163,15.163,11265,0
1997-07-14,15.296,16.062,15.163,15.504,138294,0
1997-07-15,15.296,15.712,15.296,15.579,93476,0
1997-07-16,15.712,17.383,15.712,17.039,386597,0
1997-07-17,16.964,16.964,15.856,15.856,114566,0
1997-07-18,15.712,15.788,14.846,15.019,323322,0
1997-07-21,15.019,15.019,14.877,14.877,17257,0
1997-07-22,14.877,15.371,14.877,15.229,12700,0
1997-07-23,15.163,15.163,14.877,14.877,90478,0
1997-07-24,15.019,15.019,14.877,14.987,21090,0
1997-07-25,14.877,14.987,14.877,14.877,12586,0
1997-07-28,14.877,14.952,14.877,14.92,44220,0
1997-07-29,14.877,15.296,14.877,15.088,54407,0
1997-07-30,15.088,15.579,15.088,15.163,64712,0
1997-07-31,15.296,15.579,15.019,15.538,58601,0
1997-08-01,15.579,15.712,15.296,15.371,48295,0
1997-08-04,15.296,15.504,15.163,15.163,19533,0
1997-08-05,15.579,15.995,15.296,15.712,123554,0
1997-08-06,15.645,15.68,15.296,15.439,29838,0
1997-08-07,15.371,15.439,14.81,14.877,36552,0
1997-08-08,14.81,15.088,14.537,14.668,49971,0
1997-08-11,14.537,14.81,14.254,14.254,64591,0
1997-08-12,14.254,14.745,14.254,14.254,84724,0
1997-08-13,14.254,14.329,13.352,13.834,91436,0
1997-08-14,14.044,14.044,13.495,13.768,129424,0
1997-08-15,13.701,14.044,13.701,14.044,17855,0
1997-08-18,13.768,14.461,13.768,14.044,67467,0
1997-08-19,14.461,14.745,14.329,14.602,33795,0
1997-08-20,14.602,14.668,14.461,14.461,205523,0
1997-08-21,14.461,14.602,14.119,14.187,78014,0
1997-08-22,13.978,14.187,13.768,14.187,15821,0
1997-08-25,13.978,14.151,13.91,14.151,15579,0
1997-08-26,13.768,14.044,13.21,13.978,125948,0
1997-08-27,14.044,15.229,13.834,15.163,246505,0
1997-08-28,15.229,15.439,14.877,15.439,59318,0
1997-08-29,15.163,15.163,14.537,14.877,49971,0
1997-09-02,14.81,14.952,14.704,14.952,4076,0
1997-09-03,14.877,14.952,14.745,14.952,17377,0
1997-09-04,14.952,14.952,14.877,14.877,12944,0
1997-09-05,14.952,14.952,14.537,14.745,22411,0
1997-09-08,14.745,15.088,14.745,15.088,39428,0
1997-09-09,14.952,15.579,14.877,15.579,188026,0
1997-09-10,15.019,15.712,15.019,15.645,3110390,0
1997-09-11,15.712,16.548,15.296,16.512,488939,0
1997-09-12,16.416,16.964,16.339,16.896,243631,0
1997-09-15,16.896,17.8,16.624,17.524,520575,0
1997-09-16,17.383,17.734,16.83,16.964,745632,0
1997-09-17,16.83,17.039,16.689,16.689,59799,0
1997-09-18,16.689,16.896,16.689,16.83,47456,0
1997-09-19,16.689,17.315,16.689,17.315,96709,0
1997-09-22,17.358,17.383,16.964,16.964,60876,0
1997-09-23,17.315,17.315,16.964,17.039,71423,0
1997-09-24,16.964,17.315,16.964,17.107,217746,0
1997-09-25,16.964,17.107,16.896,17.039,60637,0
1997-09-26,17.039,17.039,16.689,16.83,165976,0
1997-09-29,16.689,16.83,16.689,16.755,127148,0
1997-09-30,16.964,17.107,16.689,17.039,45540,0
1997-10-01,16.964,17.107,16.896,16.896,48295,0
1997-10-02,16.83,16.964,16.83,16.964,129905,0
1997-10-03,16.932,17.039,16.689,16.964,106777,0
1997-10-06,16.689,16.964,16.272,16.548,192818,0
1997-10-07,16.272,16.624,16.272,16.446,42182,0
1997-10-08,16.482,16.482,16.272,16.339,34272,0
1997-10-09,16.13,17.039,16.13,16.755,106895,0
1997-10-10,16.964,17.458,16.689,17.458,116602,0
1997-10-13,17.247,17.315,16.964,17.039,143925,0
1997-10-14,16.964,17.247,16.83,16.964,46616,0
1997-10-15,16.689,16.755,16.689,16.689,11504,0
1997-10-16,16.548,16.755,16.416,16.588,42903,0
1997-10-17,16.416,16.624,15.856,15.921,173646,0
1997-10-20,15.856,15.995,15.788,15.856,164539,0
1997-10-21,16.13,16.416,16.13,16.373,24806,0
1997-10-22,16.13,16.896,16.13,16.896,60158,0
1997-10-23,16.416,17.524,16.13,17.247,89640,0
1997-10-24,17.524,17.59,16.83,17.315,123313,0
1997-10-27,17.039,17.247,15.712,15.788,80052,0
1997-10-28,14.877,15.995,14.745,15.712,167534,0
1997-10-29,17.8,18.217,16.548,18.217,364186,0
1997-10-30,17.524,19.192,17.383,19.053,529803,0
1997-10-31,18.633,19.053,18.633,18.843,203486,0
1997-11-03,18.917,19.053,18.501,18.633,354840,0
1997-11-04,18.633,19.192,18.633,19.128,97067,0
1997-11-05,19.192,19.192,18.776,18.876,115165,0
1997-11-06,18.776,18.917,18.776,18.917,13779,0
1997-11-07,18.501,18.776,17.665,17.873,53206,0
1997-11-10,18.217,18.357,18.217,18.357,24926,0
1997-11-11,18.292,18.357,17.941,18.007,18695,0
1997-11-12,17.8,17.941,17.006,17.383,3016198,0
1997-11-13,17.107,17.247,16.416,16.689,208398,0
1997-11-14,16.964,17.107,16.689,17.039,74540,0
1997-11-17,16.83,17.383,16.83,17.247,417877,0
1997-11-18,17.247,17.247,16.689,16.755,19533,0
1997-11-19,16.865,17.423,16.79,17.247,454666,0
1997-11-20,17.524,17.524,17.107,17.383,172806,0
1997-11-21,16.964,17.524,16.964,17.172,24448,0
1997-11-24,17.006,17.383,16.964,17.383,52369,0
1997-11-25,16.964,16.964,16.689,16.755,59318,0
1997-11-26,16.896,16.896,16.689,16.755,42304,0
1997-11-28,16.964,17.107,16.83,17.107,15579,0
1997-12-01,17.247,17.524,16.83,17.458,49971,0
1997-12-02,17.247,17.349,16.83,17.172,22767,0
1997-12-03,16.896,17.172,16.896,17.172,44461,0
1997-12-04,16.896,18.217,16.896,18.217,302830,0
1997-12-05,18.292,19.334,18.258,18.983,185388,0
1997-12-08,18.917,19.819,18.917,19.751,173646,0
1997-12-09,19.543,20.585,19.543,20.236,137933,0
1997-12-10,20.17,20.585,20.027,20.06,116840,0
1997-12-11,19.885,20.027,19.751,19.958,98505,0
1997-12-12,19.885,20.445,19.751,20.236,82926,0
1997-12-15,20.585,20.828,20.303,20.378,127629,0
1997-12-16,20.303,20.721,20.303,20.445,77056,0
1997-12-17,20.378,21.422,20.378,21.137,207798,0
1997-12-18,20.927,21.137,20.721,20.721,142128,0
1997-12-19,20.862,21.278,20.445,21.213,124152,0
1997-12-22,21.278,22.179,21.278,22.179,543823,0
1997-12-23,21.904,22.256,21.554,21.554,386358,0
1997-12-24,21.522,21.629,21.454,21.454,22528,0
1997-12-26,21.629,21.696,21.629,21.696,1079,0
1997-12-29,21.696,22.673,21.422,22.179,200847,0
1997-12-30,22.113,22.372,21.696,22.179,175084,0
1997-12-31,21.904,22.321,21.837,22.113,92395,0
1998-01-02,22.113,22.53,21.696,21.837,107256,0
1998-01-05,21.422,21.422,21.07,21.278,87122,0
1998-01-06,20.927,21.303,20.654,21.278,103658,0
1998-01-07,21.003,21.137,20.378,20.654,60398,0
1998-01-08,20.795,21.629,20.721,21.488,219183,0
1998-01-09,21.554,21.696,21.278,21.554,269634,0
1998-01-12,21.278,22.321,21.278,22.179,381443,0
1998-01-13,22.39,22.53,22.113,22.465,70587,0
1998-01-14,22.53,23.091,22.048,22.807,263165,0
1998-01-15,22.881,23.091,22.74,23.091,108931,0
1998-01-16,23.157,23.298,22.881,23.091,89161,0
1998-01-20,23.016,24.265,22.74,24.198,475638,0
1998-01-21,23.849,24.198,23.78,24.058,117443,0
1998-01-22,23.78,24.265,23.78,23.991,115402,0
1998-01-23,23.816,23.816,23.091,23.365,192099,0
1998-01-26,23.298,23.572,22.881,22.98,58242,0
1998-01-27,22.948,23.572,22.673,23.365,87241,0
1998-01-28,23.365,23.507,22.881,23.016,153389,0
1998-01-29,23.091,23.091,22.74,22.881,35593,0
1998-01-30,22.881,22.948,22.74,22.847,22051,0
1998-02-02,22.948,23.924,22.673,23.924,287732,0
1998-02-03,23.924,24.758,23.64,24.758,374253,0
1998-02-04,24.409,24.891,23.924,24.097,187663,0
1998-02-05,24.859,25.517,24.859,25.243,129785,0
1998-02-06,25.208,25.384,24.198,24.758,190422,0
1998-02-09,24.614,26.353,24.584,26.287,339738,0
1998-02-10,26.077,29.347,26.077,28.021,1352130,0
1998-02-11,28.23,28.93,27.605,27.68,620522,0
1998-02-12,27.186,27.68,25.593,27.33,646528,0
1998-02-13,27.121,27.887,27.121,27.745,232606,0
1998-02-17,27.745,28.021,27.539,28.021,148841,0
1998-02-18,27.745,29.481,27.745,29.347,215948,0
1998-02-19,29.206,29.481,28.197,28.337,84126,0
1998-02-20,28.23,28.58,27.813,28.096,41704,0
1998-02-23,27.745,27.954,27.121,27.813,115402,0
1998-02-24,27.395,28.096,27.186,27.68,59679,0
1998-02-25,28.096,28.23,27.712,28.23,53806,0
1998-02-26,28.23,28.23,27.745,27.745,41343,0
1998-02-27,28.162,28.162,27.68,28.054,35593,0
1998-03-02,28.162,28.372,27.539,27.637,138294,0
1998-03-03,27.854,27.854,26.704,27.121,70345,0
1998-03-04,27.121,29.834,26.604,29.105,499004,0
1998-03-05,28.372,32.127,28.162,29.306,482467,0
1998-03-06,30.14,30.875,29.105,30.457,143085,0
1998-03-09,29.623,30.875,29.415,29.623,78614,0
1998-03-10,29.623,31.083,29.623,31.083,140929,0
1998-03-11,30.875,31.192,30.457,30.775,45778,0
1998-03-12,31.083,31.083,29.256,29.623,77056,0
1998-03-13,29.834,30.667,29.723,30.558,68788,0
1998-03-16,30.041,30.359,30.041,30.041,318770,0
1998-03-17,31.293,31.71,30.248,30.775,357117,0
1998-03-18,30.925,31.293,30.775,31.293,212593,0
1998-03-19,31.293,31.293,30.875,31.083,65552,0
1998-03-20,31.452,31.501,29.306,29.623,97189,0
1998-03-23,29.105,29.623,28.162,29.623,103901,0
1998-03-24,29.415,30.14,29.415,29.939,49854,0
1998-03-25,29.623,29.623,28.054,28.473,73581,0
1998-03-26,28.162,28.999,27.745,28.054,79333,0
1998-03-27,28.58,28.79,28.162,28.58,58359,0
1998-03-30,28.887,28.887,26.704,27.745,116363,0
1998-03-31,27.33,29.306,27.33,29.206,103658,0
1998-04-01,28.838,29.525,28.27,28.27,142487,0
1998-04-02,28.58,28.689,28.054,28.372,51291,0
1998-04-03,28.689,29.415,27.954,29.047,141527,0
1998-04-06,28.999,30.041,28.999,29.306,155428,0
1998-04-07,29.206,29.206,28.42,28.473,95390,0
1998-04-08,28.473,28.473,27.539,28.27,228768,0
1998-04-09,28.162,28.27,28.054,28.162,31995,0
1998-04-13,28.372,28.79,27.539,27.539,84965,0
1998-04-14,27.439,27.795,27.021,27.17,363706,0
1998-04-15,27.121,27.954,27.121,27.854,364667,0
1998-04-16,27.745,28.58,27.745,28.372,181074,0
1998-04-17,28.372,29.525,28.27,29.415,238719,0
1998-04-20,29.415,30.457,28.887,30.041,302232,0
1998-04-21,30.14,30.359,29.834,30.14,105577,0
1998-04-22,30.14,30.248,29.834,29.834,65192,0
1998-04-23,30.248,30.667,28.689,28.739,351484,0
1998-04-24,28.689,29.206,27.854,27.854,221341,0
1998-04-27,27.439,27.745,25.35,26.704,272631,0
1998-04-28,27.121,27.745,27.021,27.745,317812,0
1998-04-29,27.745,29.206,27.745,28.887,167053,0
1998-04-30,29.206,29.574,28.473,28.79,80891,0
1998-05-01,29.206,29.206,28.162,28.27,35593,0
1998-05-04,28.58,30.457,28.58,30.041,74540,0
1998-05-05,29.415,29.525,28.372,28.531,72382,0
1998-05-06,28.999,29.105,28.473,29.105,19056,0
1998-05-07,29.105,29.105,28.27,28.654,84724,0
1998-05-08,28.27,28.79,28.162,28.473,61120,0
1998-05-11,28.473,28.473,27.854,27.854,71902,0
1998-05-12,28.162,28.372,27.637,28.372,253815,0
1998-05-13,28.372,28.58,27.745,28.054,120436,0
1998-05-14,27.954,27.954,27.637,27.745,189346,0
1998-05-15,27.745,27.854,26.704,27.021,100065,0
1998-05-18,26.804,26.804,25.552,26.186,104139,0
1998-05-19,26.494,26.494,25.45,25.869,130144,0
1998-05-20,26.077,26.077,25.552,25.659,61356,0
1998-05-21,25.659,26.077,25.659,25.792,179157,0
1998-05-22,25.659,26.911,25.659,26.704,124031,0
1998-05-27,26.385,27.33,26.287,27.021,197731,0
1998-05-28,26.804,27.195,26.604,26.887,213431,0
1998-05-29,27.121,27.539,26.494,26.494,94072,0
1998-06-01,26.287,26.494,25.243,25.659,89877,0
1998-06-02,25.659,26.385,25.402,26.287,106895,0
1998-06-03,26.186,26.186,25.659,25.77,110132,0
1998-06-04,25.77,25.869,24.775,24.935,184788,0
1998-06-05,24.409,27.539,24.409,27.539,2926319,0
1998-06-08,27.33,28.054,26.077,27.637,1060565,0
1998-06-09,27.439,28.58,27.439,27.745,326557,0
1998-06-10,27.745,27.745,26.911,27.33,275269,0
1998-06-11,27.22,27.33,26.385,26.911,348728,0
1998-06-12,26.604,29.206,26.604,28.79,392707,0
1998-06-15,28.162,28.79,27.745,28.297,321766,0
1998-06-16,28.054,28.58,27.854,28.27,256094,0
1998-06-17,28.27,30.457,28.27,29.834,453105,0
1998-06-18,29.525,29.623,29.105,29.306,144285,0
1998-06-19,29.306,29.623,29.105,29.366,130862,0
1998-06-22,29.105,29.415,28.999,29.306,535916,0
1998-06-23,29.105,29.465,29.105,29.306,398459,0
1998-06-24,29.256,29.574,29.206,29.525,329076,0
1998-06-25,29.415,29.623,29.105,29.157,463893,0
1998-06-26,29.157,29.256,28.999,28.999,292164,0
1998-06-29,28.999,29.723,28.999,29.623,261965,0
1998-06-30,29.366,29.939,28.372,29.939,1951198,0
1998-07-01,29.723,31.293,29.623,31.293,349087,0
1998-07-02,30.974,31.083,29.723,30.248,885842,0
1998-07-06,30.089,31.611,30.041,31.501,458499,0
1998-07-07,31.083,32.227,31.083,31.71,224935,0
1998-07-08,32.335,32.645,31.918,32.127,230329,0
1998-07-09,32.544,33.585,32.227,33.119,545982,0
1998-07-10,33.378,33.378,31.81,32.025,202884,0
1998-07-13,32.335,33.168,31.918,32.645,203243,0
1998-07-14,32.862,32.862,32.444,32.702,374854,0
1998-07-15,32.444,32.645,32.444,32.645,116123,0
1998-07-16,32.444,33.011,32.444,33.011,233803,0
1998-07-17,33.059,34.631,32.645,33.955,261006,0
1998-07-20,33.48,33.796,33.378,33.536,45059,0
1998-07-21,33.48,34.004,32.645,32.752,228650,0
1998-07-22,33.278,33.278,31.918,32.227,310261,0
1998-07-23,31.71,32.127,30.457,31.133,225895,0
1998-07-24,31.083,31.293,30.359,30.875,99948,0
1998-07-27,30.558,31.391,30.457,30.775,90836,0
1998-07-28,30.457,31.083,30.457,30.457,80651,0
1998-07-29,30.508,31.083,30.457,31.083,65431,0
1998-07-30,31.391,32.076,31.293,31.71,140569,0
1998-07-31,31.918,32.544,31.501,31.76,183831,0
1998-08-03,31.391,32.025,30.974,31.192,177839,0
1998-08-04,31.71,31.71,29.623,29.834,306904,0
1998-08-05,29.623,30.558,28.162,30.558,286412,0
1998-08-06,29.883,31.918,29.834,31.501,188866,0
1998-08-07,31.293,32.127,30.974,31.083,217625,0
1998-08-10,31.501,31.501,29.939,30.041,275147,0
1998-08-11,29.623,30.248,28.372,29.723,313854,0
1998-08-12,29.623,31.501,29.623,30.875,371136,0
1998-08-13,30.667,30.667,29.047,29.525,171967,0
1998-08-14,30.457,30.457,28.58,29.105,89038,0
1998-08-17,28.632,29.939,28.632,29.206,101743,0
1998-08-18,29.306,30.667,29.306,30.248,151836,0
1998-08-19,30.457,30.974,30.359,30.875,326317,0
1998-08-20,30.875,30.875,30.359,30.558,145364,0
1998-08-21,30.248,30.359,27.637,28.162,197731,0
1998-08-24,28.473,28.79,27.17,28.004,186948,0
1998-08-25,28.27,30.298,28.27,29.939,431417,0
1998-08-26,29.623,30.041,28.58,29.939,213431,0
1998-08-27,29.105,30.089,27.22,27.539,739998,0
1998-08-28,27.539,29.723,26.385,29.415,531960,0
1998-08-31,28.79,28.838,26.911,27.121,288808,0
1998-09-01,27.439,27.439,25.194,25.243,565754,0
1998-09-02,25.243,26.287,25.243,25.77,405889,0
1998-09-03,25.659,25.968,25.133,25.194,249026,0
1998-09-04,25.133,25.243,22.53,22.847,259210,0
1998-09-08,23.683,25.45,23.683,25.35,524411,0
1998-09-09,24.824,24.824,23.991,24.409,119960,0
1998-09-10,23.683,23.683,21.696,22.948,662583,0
1998-09-11,23.157,23.991,22.113,22.321,193179,0
1998-09-14,22.321,23.048,21.796,22.063,254057,0
1998-09-15,22.013,22.113,21.379,22.113,161541,0
1998-09-16,22.113,24.824,21.954,23.881,277544,0
1998-09-17,22.948,24.935,22.847,23.206,296359,0
1998-09-18,23.365,23.523,22.948,22.948,159024,0
1998-09-21,22.53,22.53,21.488,21.904,286052,0
1998-09-22,22.013,22.271,20.445,20.862,350524,0
1998-09-23,20.862,23.78,20.445,23.683,408407,0
1998-09-24,23.881,23.881,23.048,23.683,366463,0
1998-09-25,23.264,24.718,23.264,24.409,267716,0
1998-09-28,24.409,24.718,24.198,24.3,40265,0
1998-09-29,24.517,25.035,23.572,24.824,135896,0
1998-09-30,24.614,25.035,23.157,23.365,265919,0
1998-10-01,22.482,22.74,21.796,22.271,122234,0
1998-10-02,22.113,22.113,20.495,21.177,173884,0
1998-10-05,20.862,20.862,18.675,19.51,265682,0
1998-10-06,20.027,20.027,17.423,17.841,325481,0
1998-10-07,17.107,17.941,16.173,17.315,431296,0
1998-10-08,16.896,17.423,16.062,16.373,463413,0
1998-10-09,17.423,17.423,16.323,16.737,213791,0
1998-10-12,17.524,19.61,17.524,19.451,318049,0
1998-10-13,19.192,19.293,18.357,18.776,503439,0
1998-10-14,18.518,21.177,18.518,20.862,246505,0
1998-10-15,21.07,22.948,21.07,22.74,767801,0
1998-10-16,23.157,24.935,23.048,24.3,567791,0
1998-10-19,24.517,26.077,24.198,25.035,424585,0
1998-10-20,25.35,27.121,25.35,25.819,311340,0
1998-10-21,25.659,25.659,24.775,24.877,425784,0
1998-10-22,24.824,25.552,24.718,25.552,308943,0
1998-10-23,25.35,25.45,24.614,24.642,43141,0
1998-10-26,24.517,25.133,24.3,24.824,59918,0
1998-10-27,25.45,26.704,25.035,25.77,242672,0
1998-10-28,25.869,26.186,25.45,25.552,206239,0
1998-10-29,25.869,26.077,25.35,25.552,41584,0
1998-10-30,25.77,26.385,25.35,26.053,260168,0
1998-11-02,26.186,27.539,26.186,27.403,92154,0
1998-11-03,27.637,27.954,26.604,27.954,132421,0
1998-11-04,28.162,28.58,27.539,28.58,500444,0
1998-11-05,28.162,29.206,28.162,28.999,95031,0
1998-11-06,28.999,29.675,28.79,29.623,155428,0
1998-11-09,29.415,31.083,29.206,31.034,170528,0
1998-11-10,30.457,31.918,30.457,31.133,625912,0
1998-11-11,31.083,31.241,29.623,29.623,312896,0
1998-11-12,29.623,29.723,28.372,28.689,243511,0
1998-11-13,28.79,29.723,28.162,29.256,220023,0
1998-11-16,28.739,30.041,28.739,29.939,92036,0
1998-11-17,29.525,30.457,29.105,30.359,128344,0
1998-11-18,29.939,30.558,29.939,30.508,154949,0
1998-11-19,30.248,31.083,29.415,29.525,668217,0
1998-11-20,30.041,30.041,28.79,29.306,111690,0
1998-11-23,29.105,29.525,29.105,29.256,44220,0
1998-11-24,29.206,29.339,28.689,28.887,86881,0
1998-11-25,28.79,29.105,28.58,28.79,66509,0
1998-11-27,28.838,29.105,28.58,28.79,54765,0
1998-11-30,28.999,29.206,28.58,28.58,134940,0
1998-12-01,28.999,28.999,28.162,28.689,123194,0
1998-12-02,28.473,28.473,26.287,27.021,434531,0
1998-12-03,26.911,27.33,26.804,26.911,340820,0
1998-12-04,26.911,27.021,26.704,26.804,56804,0
1998-12-07,26.911,26.911,24.718,25.552,409606,0
1998-12-08,25.77,27.954,25.659,27.17,577739,0
1998-12-09,27.17,28.79,27.121,28.58,374133,0
1998-12-10,28.689,28.79,26.127,26.186,337344,0
1998-12-11,26.911,28.162,26.494,28.054,295761,0
1998-12-14,27.697,27.745,27.17,27.539,171848,0
1998-12-15,27.22,28.531,27.121,28.372,102463,0
1998-12-16,28.054,28.473,28.054,28.162,87241,0
1998-12-17,28.162,30.408,28.162,29.206,560001,0
1998-12-18,29.415,29.623,27.121,27.33,484864,0
1998-12-21,27.439,28.689,27.439,28.162,866308,0
1998-12-22,28.162,28.473,27.795,27.854,387317,0
1998-12-23,28.322,29.834,27.854,28.887,295761,0
1998-12-24,28.58,28.79,28.372,28.58,208398,0
1998-12-28,28.372,30.14,28.372,29.781,445076,0
1998-12-29,29.415,31.867,29.306,31.317,484623,0
1998-12-30,31.192,32.752,31.083,31.501,462454,0
1998-12-31,31.611,32.752,30.974,31.083,188146,0
1999-01-04,31.133,32.127,30.974,31.71,123194,0
1999-01-05,31.501,32.025,31.293,31.501,672171,0
1999-01-06,31.71,31.81,31.342,31.527,279701,0
1999-01-07,30.875,31.342,30.667,31.192,524648,0
1999-01-08,31.293,33.011,31.293,32.544,552812,0
1999-01-11,33.378,33.536,31.611,31.611,377249,0
1999-01-12,31.659,31.918,30.667,30.974,754020,0
1999-01-13,30.041,30.775,29.525,29.623,259927,0
1999-01-14,30.041,30.14,29.723,29.723,92276,0
1999-01-15,30.041,30.558,29.157,29.415,170649,0
1999-01-19,29.306,29.366,28.79,29.306,119836,0
1999-01-20,29.623,30.359,29.206,30.14,349926,0
1999-01-21,29.723,30.775,29.723,30.558,254895,0
1999-01-22,30.248,30.248,29.723,30.041,248784,0
1999-01-25,30.089,31.71,29.939,31.551,245188,0
1999-01-26,31.342,33.378,31.293,32.335,451070,0
1999-01-27,32.335,32.335,31.391,32.127,115044,0
1999-01-28,32.444,33.695,32.385,32.752,239796,0
1999-01-29,32.962,33.168,32.444,32.752,289888,0
1999-02-01,32.862,33.168,31.501,31.81,210315,0
1999-02-02,31.918,32.752,31.918,32.076,190661,0
1999-02-03,31.81,32.962,31.81,32.962,100065,0
1999-02-04,32.544,34.211,32.544,33.721,429379,0
1999-02-05,33.585,34.211,32.335,32.444,140210,0
1999-02-08,32.544,33.168,31.452,31.71,112409,0
1999-02-09,31.81,31.918,30.775,31.391,125710,0
1999-02-10,31.71,32.752,31.501,32.544,387556,0
1999-02-11,32.227,32.444,31.083,31.501,333869,0
1999-02-12,31.192,31.918,31.083,31.611,70345,0
1999-02-16,31.611,32.227,30.359,30.558,109891,0
1999-02-17,30.875,30.974,29.206,29.366,162260,0
1999-02-18,29.105,29.723,27.439,29.465,445795,0
1999-02-19,29.599,30.667,29.599,29.939,114566,0
1999-02-22,29.834,30.359,29.723,29.883,57763,0
1999-02-23,29.834,30.248,28.999,30.2,251901,0
1999-02-24,30.041,30.974,30.041,30.875,76815,0
1999-02-25,30.457,31.083,30.408,30.875,42544,0
1999-02-26,30.974,33.278,30.875,32.227,340938,0
1999-03-01,32.227,32.544,31.76,32.227,258610,0
1999-03-02,32.493,33.278,32.025,32.493,292286,0
1999-03-03,32.444,32.803,32.409,32.544,107853,0
1999-03-04,32.493,32.645,31.918,32.227,216066,0
1999-03-05,32.493,32.752,32.076,32.752,73340,0
1999-03-08,32.544,32.862,32.544,32.862,358435,0
1999-03-09,32.862,34.211,32.752,33.796,307743,0
1999-03-10,33.48,34.211,33.278,34.211,212473,0
1999-03-11,34.004,34.73,33.796,34.421,163818,0
1999-03-12,34.211,34.421,33.896,34.004,178078,0
1999-03-15,33.896,34.053,33.378,33.695,124633,0
1999-03-16,34.111,34.111,32.444,32.862,339738,0
1999-03-17,32.962,33.059,32.544,32.862,113607,0
1999-03-18,32.645,32.862,32.227,32.752,197613,0
1999-03-19,32.862,32.862,32.544,32.544,91436,0
1999-03-22,32.862,32.862,30.457,31.192,185031,0
1999-03-23,31.133,31.293,30.065,30.667,136256,0
1999-03-24,30.875,31.342,30.041,31.192,320686,0
1999-03-25,31.034,31.81,30.974,31.293,416796,0
1999-03-26,31.611,31.611,30.248,30.558,174004,0
1999-03-29,30.667,31.083,29.939,30.089,247345,0
1999-03-30,30.248,30.248,28.58,28.999,586246,0
1999-03-31,29.206,29.206,26.911,28.322,1136904,0
1999-04-01,28.473,28.689,28.054,28.504,760850,0
1999-04-05,28.689,28.689,28.054,28.114,223496,0
1999-04-06,28.114,28.162,26.027,27.021,313618,0
1999-04-07,27.539,28.79,27.121,28.79,361071,0
1999-04-08,28.689,28.79,28.114,28.79,242433,0
1999-04-09,28.79,28.79,28.114,28.27,279103,0
1999-04-12,27.745,27.854,27.439,27.854,140809,0
1999-04-13,27.637,28.27,27.637,28.162,426263,0
1999-04-14,27.954,29.306,27.954,28.887,512549,0
1999-04-15,29.105,29.415,28.838,29.366,298037,0
1999-04-16,29.525,29.525,28.887,28.887,206600,0
1999-04-19,29.415,29.415,27.279,28.162,197973,0
1999-04-20,28.114,28.162,26.604,27.854,303431,0
1999-04-21,28.27,28.27,26.604,27.121,124871,0
1999-04-22,27.121,27.121,26.235,26.704,333987,0
1999-04-23,26.494,27.021,24.775,26.911,731729,0
1999-04-26,27.588,27.905,26.385,27.439,227452,0
1999-04-27,27.637,28.632,27.539,28.213,272511,0
1999-04-28,28.114,28.689,27.745,28.162,209116,0
1999-04-29,27.439,28.632,27.439,28.632,296957,0
1999-04-30,28.887,28.887,28.054,28.054,109651,0
1999-05-03,28.42,29.939,27.539,27.539,374373,0
1999-05-04,27.539,28.689,27.539,28.42,185987,0
1999-05-05,28.054,28.114,24.718,26.704,538313,0
1999-05-06,26.704,26.804,23.465,26.385,525849,0
1999-05-07,26.186,26.287,24.935,25.659,312896,0
1999-05-10,25.659,26.077,25.659,25.968,93713,0
1999-05-11,25.968,26.186,25.552,26.186,319728,0
1999-05-12,26.287,26.287,24.935,25.35,739878,0
1999-05-13,25.552,25.552,24.824,25.035,319368,0
1999-05-14,24.824,24.824,23.157,24.357,896745,0
1999-05-17,24.3,24.409,23.881,24.25,752941,0
1999-05-18,24.357,26.186,24.198,26.077,1080936,0
1999-05-19,25.869,27.539,24.982,27.439,400378,0
1999-05-20,27.121,27.854,26.494,26.544,386955,0
1999-05-21,26.544,27.22,26.494,27.021,227694,0
1999-05-24,27.17,27.588,26.911,27.121,275867,0
1999-05-25,27.021,27.954,27.021,27.17,609734,0
1999-05-26,27.17,27.487,26.494,26.653,240873,0
1999-05-27,26.911,30.457,26.911,28.689,1291972,0
1999-05-28,28.689,28.79,28.213,28.473,369221,0
1999-06-01,28.372,31.192,28.372,30.925,717709,0
1999-06-02,30.824,32.862,30.457,32.227,713395,0
1999-06-03,32.025,32.127,31.391,31.71,687270,0
1999-06-04,31.76,32.335,31.71,32.227,363348,0
1999-06-07,32.025,32.493,32.025,32.227,243031,0
1999-06-08,32.227,33.585,32.127,32.444,298037,0
1999-06-09,32.544,34.211,32.444,32.962,252859,0
1999-06-10,32.962,33.896,32.862,33.746,168491,0
1999-06-11,33.896,34.004,33.48,33.796,423989,0
1999-06-14,33.796,33.896,33.48,33.796,206600,0
1999-06-15,33.845,34.529,33.746,34.164,288452,0
1999-06-16,33.796,35.256,33.796,34.946,319847,0
1999-06-17,34.421,35.881,34.421,35.464,534836,0
1999-06-18,35.364,35.782,34.946,35.046,537592,0
1999-06-21,34.839,34.946,33.585,33.585,298517,0
1999-06-22,33.695,34.315,33.278,33.329,255854,0
1999-06-23,32.962,34.58,31.659,34.58,275026,0
1999-06-24,34.631,34.631,32.444,32.909,130264,0
1999-06-25,33.378,34.053,32.909,33.796,248424,0
1999-06-28,34.004,34.111,32.335,32.962,277424,0
1999-06-29,32.862,33.011,32.544,33.011,208758,0
1999-06-30,33.059,34.211,32.862,34.164,280658,0
1999-07-01,34.111,34.211,33.695,34.211,829278,0
1999-07-02,34.211,34.839,34.164,34.58,317690,0
1999-07-06,34.529,34.997,34.529,34.631,133617,0
1999-07-07,35.046,35.046,34.004,34.111,194976,0
1999-07-08,34.421,34.788,34.004,34.788,192580,0
1999-07-09,34.631,36.618,34.529,36.4,403014,0
1999-07-12,36.301,36.767,35.982,36.301,229849,0
1999-07-13,36.09,37.032,35.982,36.973,86403,0
1999-07-14,36.35,37.032,36.301,36.715,169931,0
1999-07-15,36.715,38.802,36.715,38.043,462574,0
1999-07-16,38.07,38.07,37.032,37.133,116363,0
1999-07-19,36.926,37.81,36.926,37.084,170409,0
1999-07-20,36.816,37.133,34.529,35.565,447353,0
1999-07-21,35.464,38.285,34.315,37.968,266999,0
1999-07-22,37.343,37.343,35.881,36.09,264481,0
1999-07-23,35.881,37.133,35.881,37.133,198451,0
1999-07-26,36.2,36.926,35.046,35.516,265082,0
1999-07-27,35.148,35.675,34.111,34.473,159984,0
1999-07-28,34.58,34.839,33.378,33.796,345371,0
1999-07-29,33.796,34.004,33.585,33.638,106296,0
1999-07-30,33.585,34.315,33.48,33.896,120677,0
1999-08-02,34.004,34.164,33.796,34.164,198812,0
1999-08-03,34.315,34.68,31.867,32.909,290847,0
1999-08-04,33.011,33.011,30.875,30.925,523091,0
1999-08-05,30.775,30.875,30.041,30.457,678881,0
1999-08-06,30.248,30.457,29.99,30.248,199529,0
1999-08-09,30.457,30.558,29.415,29.781,242913,0
1999-08-10,29.834,30.359,29.723,30.359,87842,0
1999-08-11,32.127,32.227,31.293,32.076,1652922,0
1999-08-12,32.127,32.127,31.71,31.918,107493,0
1999-08-13,32.076,33.48,31.918,33.168,628670,0
1999-08-16,33.585,33.585,32.962,33.378,95270,0
1999-08-17,33.278,34.946,33.278,34.529,199770,0
1999-08-18,34.053,35.982,34.053,34.997,169809,0
1999-08-19,34.529,34.946,34.164,34.946,197613,0
1999-08-20,34.73,34.839,34.315,34.473,56204,0
1999-08-23,34.946,35.364,34.788,35.205,122836,0
1999-08-24,35.148,36.715,35.046,35.982,439806,0
1999-08-25,36.09,37.867,35.675,36.767,375690,0
1999-08-26,36.618,37.55,35.982,36.301,710758,0
1999-08-27,36.2,36.507,34.631,35.098,110010,0
1999-08-30,35.098,37.343,35.046,35.675,323801,0
1999-08-31,35.623,35.782,34.839,34.839,131700,0
1999-09-01,35.148,35.881,34.053,34.421,198451,0
1999-09-02,34.111,35.416,34.111,35.098,40504,0
1999-09-03,35.982,37.343,35.982,36.715,553650,0
1999-09-07,36.35,37.651,35.464,37.501,203243,0
1999-09-08,37.343,37.55,36.816,37.293,193775,0
1999-09-09,37.293,37.55,37.032,37.451,153872,0
1999-09-10,37.451,38.802,37.392,37.761,474437,0
1999-09-13,37.55,38.596,36.301,38.07,103420,0
1999-09-14,37.867,38.228,37.602,38.228,122356,0
1999-09-15,37.919,38.802,37.867,38.437,220260,0
1999-09-16,38.7,38.7,38.335,38.385,379647,0
1999-09-17,38.07,38.485,37.133,37.133,66748,0
1999-09-20,37.651,38.285,37.032,37.867,272272,0
1999-09-21,38.07,38.7,37.651,37.651,195215,0
1999-09-22,37.55,38.285,37.343,38.127,195575,0
1999-09-23,38.017,38.228,37.919,37.968,321525,0
1999-09-24,37.968,39.01,37.761,38.7,387917,0
1999-09-27,38.752,41.203,38.67,40.471,614288,0
1999-09-28,40.372,41.723,40.054,41.723,533877,0
1999-09-29,40.837,42.3,40.054,41.723,815855,0
1999-09-30,41.723,42.3,40.789,41.305,448074,0
1999-10-01,40.889,40.987,39.218,39.846,257290,0
1999-10-04,43.181,44.127,39.953,40.187,866906,0
1999-10-05,39.536,40.837,39.479,39.953,304267,0
1999-10-06,40.571,40.681,39.953,40.471,736764,0
1999-10-07,40.523,42.04,40.054,41.821,534716,0
1999-10-08,41.723,45.162,41.514,44.325,631548,0
1999-10-11,43.759,43.759,42.656,43.074,245664,0
1999-10-12,42.719,42.719,42.04,42.656,518777,0
1999-10-13,42.558,42.719,42.348,42.348,388635,0
1999-10-14,42.765,42.765,41.257,41.257,205402,0
1999-10-15,41.624,41.624,37.343,40.054,379886,0
1999-10-18,40.264,40.471,37.234,37.761,313016,0
1999-10-19,38.802,39.536,37.968,38.385,179396,0
1999-10-20,39.01,39.01,38.07,38.961,515543,0
1999-10-21,38.335,40.681,38.285,39.953,330992,0
1999-10-22,40.314,41.305,39.953,40.372,175921,0
1999-10-25,41.933,43.808,41.305,43.292,481749,0
1999-10-26,43.49,43.49,41.98,41.98,203725,0
1999-10-27,41.723,42.139,41.098,41.305,443159,0
1999-10-28,41.464,41.464,40.571,40.94,243391,0
1999-10-29,41.098,45.162,41.098,45.061,896627,0
1999-11-01,45.162,47.565,45.061,46.629,1023535,0
1999-11-02,46.313,50.067,46.103,47.464,437528,0
1999-11-03,48.191,50.583,47.981,49.551,737243,0
1999-11-04,49.808,50.067,47.145,47.514,135175,0
1999-11-05,47.514,48.299,47.249,47.464,664979,0
1999-11-08,47.514,47.981,47.048,47.145,286171,0
1999-11-09,47.306,47.357,46.889,47.145,179757,0
1999-11-10,47.145,47.249,46.629,46.731,125832,0
1999-11-11,47.145,47.464,46.471,46.471,747428,0
1999-11-12,46.471,47.306,46.364,47.172,86284,0
1999-11-15,47.357,49.235,47.357,48.449,257772,0
1999-11-17,47.981,49.235,47.981,48.08,158425,0
1999-11-18,48.08,50.067,48.08,48.974,166573,0
1999-11-19,49.235,49.235,47.249,47.771,207319,0
1999-11-22,47.823,48.191,47.048,47.199,202766,0
1999-11-23,47.357,47.565,44.545,45.22,291565,0
1999-11-24,45.577,47.464,45.061,47.406,269875,0
1999-11-26,47.464,48.08,46.831,47.306,35472,0
1999-11-29,47.882,48.608,46.731,46.731,126311,0
1999-11-30,47.249,48.399,46.313,47.882,368742,0
1999-12-01,47.249,47.357,46.939,47.357,290365,0
1999-12-02,47.249,49.335,46.939,49.235,264481,0
1999-12-03,49.235,49.859,48.399,49.024,104737,0
1999-12-06,49.335,50.644,49.235,50.276,144644,0
1999-12-07,50.276,52.569,50.117,51.218,187425,0
1999-12-08,51.32,51.32,50.276,50.327,151114,0
1999-12-09,50.327,53.823,50.169,53.823,385877,0
1999-12-10,53.724,53.724,50.485,52.102,60158,0
1999-12-13,52.363,52.363,51.163,51.27,207679,0
1999-12-14,51.218,51.736,51.163,51.32,229730,0
1999-12-15,51.218,51.218,49.335,50.276,174364,0
1999-12-16,50.018,50.327,49.859,50.169,132898,0
1999-12-17,50.386,50.386,49.909,50.169,364786,0
1999-12-20,50.276,52.053,49.859,51.368,670854,0
1999-12-21,51.003,51.42,50.583,51.218,513387,0
1999-12-22,51.163,51.163,50.386,50.801,91196,0
1999-12-23,50.801,51.736,49.235,50.411,162740,0
1999-12-27,50.485,51.636,48.191,51.42,207798,0
1999-12-28,52.053,52.053,50.693,51.06,182990,0
1999-12-29,51.003,51.32,50.067,50.169,115761,0
1999-12-30,50.169,51.003,50.169,50.485,310020,0
1999-12-31,50.485,50.583,50.067,50.535,117319,0
2000-01-03,50.535,51.003,49.133,50.583,257652,0
2000-01-04,50.276,50.276,47.93,48.031,286531,0
2000-01-05,48.608,48.608,45.688,47.882,431296,0
2000-01-06,47.565,49.335,45.896,48.608,328715,0
2000-01-07,48.399,50.386,48.191,49.751,377249,0
2000-01-10,50.067,51.837,49.235,51.736,271193,0
2000-01-11,51.636,51.736,50.042,50.386,141527,0
2000-01-12,50.276,50.583,48.766,49.075,201926,0
2000-01-13,49.075,51.109,49.075,50.801,343696,0
2000-01-14,50.801,51.945,50.801,51.687,271552,0
2000-01-18,51.42,51.42,49.235,49.966,406131,0
2000-01-19,50.276,51.945,50.169,51.736,686073,0
2000-01-20,51.945,51.945,51.109,51.636,402774,0
2000-01-21,51.837,53.823,51.736,53.198,416075,0
2000-01-24,53.724,54.816,53.247,53.724,541906,0
2000-01-25,54.031,55.285,52.888,54.916,206600,0
2000-01-26,54.448,56.427,54.448,55.176,385757,0
2000-01-27,55.7,57.479,52.622,52.672,331710,0
2000-01-28,49.859,51.529,47.981,50.485,282098,0
2000-01-31,49.808,49.859,48.915,48.915,94192,0
2000-02-01,50.276,50.693,49.235,49.966,205523,0
2000-02-02,50.067,53.505,50.067,52.363,198212,0
2000-02-03,53.505,57.26,52.622,55.233,270114,0
2000-02-04,55.908,58.621,55.7,56.193,457301,0
2000-02-07,56.117,56.225,55.176,55.885,182272,0
2000-02-08,56.01,56.01,55.75,55.859,388276,0
2000-02-09,55.7,55.7,53.505,53.923,251541,0
2000-02-10,53.982,54.24,53.198,53.505,842820,0
2000-02-11,53.823,54.24,51.945,52.937,390670,0
2000-02-14,52.964,53.724,51.368,53.664,292406,0
2000-02-15,53.982,53.982,49.235,51.945,468325,0
2000-02-16,51.636,52.153,49.808,50.067,354122,0
2000-02-17,50.276,50.485,45.162,45.577,670133,0
2000-02-18,46.103,46.103,43.234,43.234,617884,0
2000-02-22,43.6,44.015,40.837,41.407,374493,0
2000-02-23,40.889,42.459,40.889,41.773,1174889,0
2000-02-24,42.459,42.459,39.121,39.236,441722,0
2000-02-25,39.429,40.054,36.507,36.507,830359,0
2000-02-28,36.715,36.715,33.48,33.563,1426191,0
2000-02-29,33.896,36.926,33.48,36.35,1703015,0
2000-03-01,35.722,38.902,35.675,38.644,2147254,0
2000-03-02,38.7,38.7,37.268,37.867,1208324,0
2000-03-03,37.761,43.292,37.761,42.459,1279746,0
2000-03-06,42.04,42.164,38.285,39.587,538910,0
2000-03-07,40.005,41.604,38.752,38.961,802434,0
2000-03-08,39.377,41.257,38.802,41.203,968649,0
2000-03-09,41.305,45.995,40.681,45.638,981353,0
2000-03-10,45.112,45.638,45.061,45.162,508593,0
2000-03-13,43.6,45.688,42.04,43.292,637058,0
2000-03-14,43.6,44.325,42.974,42.974,497205,0
2000-03-15,42.816,43.584,41.723,41.933,398939,0
2000-03-16,43.292,45.479,41.624,45.061,370059,0
2000-03-17,44.643,56.536,44.127,45.845,729214,0
2000-03-20,45.378,46.055,42.191,42.558,292523,0
2000-03-21,42.719,44.127,41.098,44.127,1076502,0
2000-03-22,44.643,44.643,41.723,42.089,423989,0
2000-03-23,42.191,42.558,40.471,41.624,789133,0
2000-03-24,41.723,41.821,40.889,41.203,262925,0
2000-03-27,40.904,41.355,39.846,41.098,749947,0
2000-03-28,40.987,41.305,40.681,40.73,133140,0
2000-03-29,40.681,40.681,38.335,38.902,199291,0
2000-03-30,38.07,39.218,37.084,37.343,484387,0
2000-03-31,38.7,38.902,35.782,37.968,2021426,0
2000-04-03,37.968,38.07,35.148,35.516,588166,0
2000-04-04,36.507,36.507,35.046,36.301,628670,0
2000-04-05,35.205,37.651,35.205,37.651,825801,0
2000-04-06,38.285,41.098,38.25,40.054,475397,0
2000-04-07,41.514,42.04,40.889,41.723,271432,0
2000-04-10,41.464,41.723,37.893,38.544,261127,0
2000-04-11,38.544,39.638,37.55,37.919,198451,0
2000-04-12,38.176,38.902,37.133,37.501,486663,0
2000-04-13,37.451,38.285,36.507,37.651,314097,0
2000-04-14,37.761,37.761,34.631,35.306,645087,0
2000-04-17,35.881,35.881,30.457,33.278,1229297,0
2000-04-18,33.796,35.256,33.695,34.421,1097715,0
2000-04-19,34.421,35.205,33.329,34.73,679841,0
2000-04-20,34.529,35.256,34.421,34.839,506435,0
2000-04-24,34.211,34.73,31.71,31.81,619922,0
2000-04-25,31.843,35.416,31.843,35.148,833832,0
2000-04-26,34.946,37.133,33.585,34.839,642570,0
2000-04-27,33.329,35.205,33.329,34.68,295520,0
2000-04-28,34.315,36.767,33.329,36.767,435607,0
2000-05-01,35.881,38.385,34.631,34.73,294322,0
2000-05-02,37.133,38.993,36.618,36.666,496009,0
2000-05-03,35.881,36.926,35.881,36.715,454066,0
2000-05-04,36.507,38.385,36.507,37.968,397142,0
2000-05-05,37.451,38.7,37.451,38.176,147522,0
2000-05-08,38.176,38.902,37.133,37.55,295639,0
2000-05-09,37.234,37.234,35.364,36.715,326440,0
2000-05-10,36.4,36.4,35.256,35.306,364667,0
2000-05-11,35.881,36.4,35.782,36.35,458259,0
2000-05-12,35.464,36.715,35.464,35.782,178798,0
2000-05-15,36.618,36.618,35.416,36.507,118999,0
2000-05-16,36.09,39.17,35.932,37.55,148239,0
2000-05-17,37.133,37.71,36.14,37.55,259327,0
2000-05-18,37.451,37.761,36.4,36.816,138412,0
2000-05-19,36.926,36.926,35.516,35.675,96951,0
2000-05-22,35.722,35.722,33.428,34.211,227932,0
2000-05-23,33.059,35.565,33.059,33.695,276107,0
2000-05-24,33.695,33.695,32.335,33.48,356997,0
2000-05-25,33.796,34.421,33.329,34.004,364908,0
2000-05-26,34.004,34.421,31.785,32.962,78493,0
2000-05-30,33.48,34.68,33.48,34.315,560122,0
2000-05-31,34.315,34.315,33.278,33.48,612251,0
2000-06-01,33.585,34.473,33.428,34.407,478393,0
2000-06-02,34.839,36.09,34.839,35.982,518177,0
2000-06-05,35.722,37.133,35.516,37.032,500204,0
2000-06-06,36.507,37.81,36.14,36.301,467367,0
2000-06-07,36.618,36.618,35.416,35.782,707523,0
2000-06-08,35.675,36.301,35.148,35.722,1008555,0
2000-06-09,36.2,37.71,35.881,36.767,372214,0
2000-06-12,36.301,36.666,35.464,35.675,292643,0
2000-06-13,35.364,36.2,35.256,36.09,177839,0
2000-06-14,35.881,36.2,35.256,35.306,568748,0
2000-06-15,35.332,35.332,34.111,35.148,395464,0
2000-06-16,35.046,35.623,34.421,34.946,196895,0
2000-06-19,35.046,35.046,34.263,34.68,490496,0
2000-06-20,34.73,35.256,34.631,35.148,351247,0
2000-06-21,34.997,36.816,34.889,36.666,423627,0
2000-06-22,36.816,36.816,35.782,35.881,339261,0
2000-06-23,35.565,36.816,35.565,36.55,517581,0
2000-06-26,36.816,36.816,34.946,34.997,485584,0
2000-06-27,34.972,34.972,33.428,34.211,305107,0
2000-06-28,34.529,34.68,34.053,34.315,1388921,0
2000-06-29,34.315,35.722,34.111,35.256,249742,0
2000-06-30,35.332,36.715,35.205,36.14,365987,0
2000-07-03,35.982,36.767,35.982,36.249,305227,0
2000-07-05,36.715,37.032,36.301,36.715,1251586,0
2000-07-06,36.875,37.55,36.816,37.032,895548,0
2000-07-07,37.234,37.392,35.675,36.2,269395,0
2000-07-10,34.946,36.2,34.839,36.04,239556,0
2000-07-11,36.2,36.2,35.464,35.631,139849,0
2000-07-12,35.046,36.767,35.046,36.249,636937,0
2000-07-13,36.2,37.451,35.782,37.234,1612537,0
2000-07-14,37.451,39.218,36.926,39.01,1241518,0
2000-07-17,39.01,39.121,37.651,38.896,321882,0
2000-07-18,39.061,39.429,38.596,38.7,628310,0
2000-07-19,39.01,39.121,38.485,38.851,421829,0
2000-07-20,39.121,40.054,38.752,39.686,517817,0
2000-07-21,39.061,39.737,38.802,39.536,574143,0
2000-07-24,39.536,40.156,39.218,40.005,726217,0
2000-07-25,39.822,39.896,38.07,38.285,643170,0
2000-07-26,38.127,38.176,37.392,37.81,881169,0
2000-07-27,37.55,38.544,37.55,38.385,143085,0
2000-07-28,38.285,38.335,37.343,37.451,243749,0
2000-07-31,37.392,38.7,37.392,38.07,118280,0
2000-08-01,38.152,40.471,38.152,39.638,489895,0
2000-08-02,39.737,40.372,39.121,40.187,414400,0
2000-08-03,38.385,40.264,38.176,40.156,919753,0
2000-08-04,40.314,42.139,40.314,41.624,572705,0
2000-08-07,41.624,42.348,41.098,42.139,281140,0
2000-08-08,41.933,42.348,41.821,41.933,225295,0
2000-08-09,41.98,42.04,41.514,41.672,136737,0
2000-08-10,41.514,41.933,41.305,41.355,126428,0
2000-08-11,41.305,41.672,41.098,41.672,127028,0
2000-08-14,41.723,41.723,40.987,41.257,939527,0
2000-08-15,41.203,41.407,41.203,41.305,149677,0
2000-08-16,41.257,41.624,41.203,41.407,210555,0
2000-08-17,41.305,41.723,41.257,41.514,47215,0
2000-08-18,41.723,41.723,40.571,40.705,147522,0
2000-08-21,40.987,41.514,40.054,40.987,168132,0
2000-08-22,40.987,40.987,40.338,40.422,149319,0
2000-08-23,40.422,40.889,40.314,40.422,339981,0
2000-08-24,40.314,40.681,39.737,40.146,165735,0
2000-08-25,40.629,40.681,40.211,40.264,78135,0
2000-08-28,40.264,40.471,39.121,39.377,147639,0
2000-08-29,39.429,39.638,38.902,39.429,502119,0
2000-08-30,39.121,39.429,38.385,38.7,178200,0
2000-08-31,38.7,39.218,38.485,38.752,205641,0
2000-09-01,39.218,39.218,38.285,38.385,102463,0
2000-09-05,38.285,38.285,36.666,36.767,223379,0
2000-09-06,36.816,36.816,35.416,35.464,715791,0
2000-09-07,35.565,35.565,34.839,35.046,854565,0
2000-09-08,34.946,35.364,34.529,35.065,951991,0
2000-09-11,34.997,35.148,34.946,35.046,317690,0
2000-09-12,34.946,36.04,34.889,35.675,430336,0
2000-09-13,35.565,36.459,35.464,36.301,383122,0
2000-09-14,36.4,37.55,36.301,37.451,250818,0
2000-09-15,37.451,37.501,35.098,35.464,431655,0
2000-09-18,35.565,35.881,33.695,33.845,559761,0
2000-09-19,34.211,34.315,33.845,34.004,194616,0
2000-09-20,34.004,34.004,32.594,32.752,384920,0
2000-09-21,32.544,33.011,32.284,32.544,574022,0
2000-09-22,32.025,32.962,31.659,32.702,412242,0
2000-09-25,32.712,33.059,32.712,33.011,267716,0
2000-09-26,32.962,33.48,32.025,32.544,400137,0
2000-09-27,32.645,33.059,32.645,33.059,759650,0
2000-09-28,32.862,33.955,32.862,33.796,195814,0
2000-09-29,33.677,33.695,31.391,31.611,202528,0
2000-10-02,31.71,31.71,30.2,31.034,315892,0
2000-10-03,30.974,31.81,30.974,31.241,92512,0
2000-10-04,31.083,31.241,30.457,31.133,164178,0
2000-10-05,31.293,34.004,31.133,32.962,663781,0
2000-10-06,32.962,33.378,30.616,30.824,286531,0
2000-10-09,31.192,32.645,30.775,32.594,189227,0
2000-10-10,32.127,32.803,31.391,31.517,245664,0
2000-10-11,31.501,33.168,31.293,32.335,270713,0
2000-10-12,32.544,32.544,30.558,31.81,242192,0
2000-10-13,31.551,33.746,31.551,33.168,311459,0
2000-10-16,33.119,33.428,30.041,30.14,487381,0
2000-10-17,30.2,32.076,30.2,30.875,231406,0
2000-10-18,30.667,33.48,30.457,32.862,492293,0
2000-10-19,33.168,33.796,32.962,33.48,382401,0
2000-10-20,33.03,35.982,33.03,35.464,441961,0
2000-10-23,35.148,35.306,32.493,32.752,699734,0
2000-10-24,33.168,35.516,33.168,34.839,660546,0
2000-10-25,34.889,34.889,33.796,34.421,311817,0
2000-10-26,34.529,34.529,34.053,34.211,631664,0
2000-10-27,34.229,36.459,34.229,36.249,332909,0
2000-10-30,36.09,36.767,35.464,36.2,205523,0
2000-10-31,36.2,40.054,36.04,40.054,633942,0
2000-11-01,39.429,40.156,39.218,39.479,814057,0
2000-11-02,39.953,40.889,39.319,40.514,279701,0
2000-11-03,40.523,40.523,39.536,40.523,114566,0
2000-11-06,40.523,40.523,38.902,39.272,178798,0
2000-11-07,39.319,39.638,38.7,39.479,162260,0
2000-11-08,39.479,39.737,39.17,39.479,249262,0
2000-11-09,39.536,39.536,38.485,38.752,702849,0
2000-11-10,38.485,38.485,36.715,37.234,310140,0
2000-11-13,37.133,37.133,36.558,36.715,255016,0
2000-11-14,36.715,40.054,36.715,39.686,690505,0
2000-11-15,39.319,40.264,39.319,39.896,378566,0
2000-11-16,37.55,37.651,34.889,35.623,2955561,0
2000-11-17,35.565,35.982,35.416,35.464,321882,0
2000-11-20,35.256,35.306,32.174,32.544,724180,0
2000-11-21,31.918,32.025,29.415,31.71,1805476,0
2000-11-22,31.81,32.284,30.974,31.81,579058,0
2000-11-24,31.611,33.059,31.611,32.909,101023,0
2000-11-27,33.059,33.796,32.444,33.48,256094,0
2000-11-28,33.48,34.004,31.918,32.444,234281,0
2000-11-29,32.544,32.752,32.127,32.493,197252,0
2000-11-30,32.127,32.544,32.025,32.544,189463,0
2000-12-01,32.594,33.536,32.594,33.428,404813,0
2000-12-04,33.278,33.378,31.611,32.084,402897,0
2000-12-05,31.918,33.011,31.918,32.862,335669,0
2000-12-06,33.168,34.211,32.862,34.053,435969,0
2000-12-07,34.004,34.004,33.278,33.585,175803,0
2000-12-08,33.378,34.164,33.329,33.796,748747,0
2000-12-11,33.896,34.315,33.585,34.053,1827769,0
2000-12-12,34.111,34.111,33.585,33.746,391511,0
2000-12-13,33.845,34.111,33.695,33.796,59318,0
2000-12-14,33.796,34.004,33.278,33.695,275507,0
2000-12-15,33.48,33.536,32.962,33.011,347291,0
2000-12-18,32.962,33.428,32.962,33.119,597871,0
2000-12-19,33.168,33.219,32.702,32.752,150754,0
2000-12-20,32.702,32.702,30.041,30.775,373414,0
2000-12-21,30.558,31.083,30.457,31.083,293004,0
2000-12-22,31.384,32.862,30.558,31.71,475397,0
2000-12-26,31.76,31.97,31.391,31.501,143806,0
2000-12-27,31.452,32.227,31.083,31.611,418235,0
2000-12-28,31.76,32.174,31.501,31.918,426022,0
2000-12-29,31.611,32.227,31.551,32.202,424706,0
2001-01-02,31.81,31.867,30.248,30.592,201209,0
2001-01-03,31.611,34.421,30.298,33.845,1589768,0
2001-01-04,33.796,36.715,33.796,36.09,2178410,0
2001-01-05,36.09,37.343,34.839,35.046,898545,0
2001-01-08,35.046,36.2,35.046,35.982,482587,0
2001-01-09,35.982,35.982,34.946,35.516,433094,0
2001-01-10,35.556,36.715,35.464,36.2,546341,0
2001-01-11,36.4,38.596,36.4,38.385,804951,0
2001-01-12,35.881,37.133,35.148,36.715,5014136,0
2001-01-16,36.507,37.343,36.507,36.816,955229,0
2001-01-17,37.133,37.234,35.464,36.14,589123,0
2001-01-18,36.4,37.55,35.881,37.55,686433,0
2001-01-19,37.651,37.651,35.782,36.106,1123239,0
2001-01-22,36.09,36.4,35.881,36.249,815378,0
2001-01-23,36.301,38.07,35.881,37.968,838266,0
2001-01-24,37.877,38.851,37.867,38.7,574383,0
2001-01-25,38.385,38.596,37.55,38.285,397861,0
2001-01-26,38.285,38.335,36.816,37.451,528846,0
2001-01-29,37.451,38.596,37.084,38.544,409606,0
2001-01-30,38.176,39.953,37.968,39.846,984346,0
2001-01-31,39.638,40.156,39.17,39.479,599669,0
2001-02-01,39.519,39.896,39.319,39.846,522133,0
2001-02-02,39.545,39.686,39.121,39.218,279103,0
2001-02-05,39.121,39.795,38.902,39.737,270833,0
2001-02-06,39.429,39.846,38.851,39.686,1488866,0
2001-02-07,39.638,40.571,39.429,40.264,734008,0
2001-02-08,40.005,41.203,39.953,40.681,1374779,0
2001-02-09,40.789,40.789,39.377,39.638,551015,0
2001-02-12,39.01,40.571,38.017,39.121,1930947,0
2001-02-13,38.902,39.377,38.285,38.285,351124,0
2001-02-14,38.385,38.596,37.501,37.651,282696,0
2001-02-15,37.71,37.867,36.926,37.184,305825,0
2001-02-16,36.973,37.651,36.2,37.651,269755,0
2001-02-20,37.651,37.651,36.666,36.666,154112,0
2001-02-21,36.715,37.234,36.507,36.767,176162,0
2001-02-22,36.767,36.816,35.675,35.932,244348,0
2001-02-23,35.864,36.04,34.68,34.997,216666,0
2001-02-26,34.889,36.09,34.839,35.982,676846,0
2001-02-27,35.881,35.881,34.371,35.046,299713,0
2001-02-28,35.256,35.306,34.211,34.421,319967,0
2001-03-01,34.73,35.675,34.315,35.205,157347,0
2001-03-02,35.046,35.046,34.004,34.529,219903,0
2001-03-05,34.946,35.565,34.529,35.516,127629,0
2001-03-06,35.464,35.805,35.046,35.256,568871,0
2001-03-07,35.165,35.165,34.421,34.889,307624,0
2001-03-08,34.889,35.416,34.529,35.364,360710,0
2001-03-09,35.306,35.306,33.746,33.746,401936,0
2001-03-12,33.695,33.796,30.558,31.034,832032,0
2001-03-13,31.71,32.752,28.054,28.322,2944175,0
2001-03-14,28.054,30.717,28.004,30.457,2677776,0
2001-03-15,29.883,31.083,29.574,30.875,2285667,0
2001-03-16,30.667,31.918,29.105,30.248,3108951,0
2001-03-19,30.457,31.293,30.108,30.875,1301439,0
2001-03-20,31.083,31.133,29.883,30.875,515662,0
2001-03-21,30.717,30.717,28.838,28.949,623157,0
2001-03-22,28.79,30.041,26.804,29.834,1052655,0
2001-03-23,29.873,30.875,29.525,30.457,365026,0
2001-03-26,30.408,32.284,30.14,31.867,684154,0
2001-03-27,31.918,31.97,30.925,31.293,421948,0
2001-03-28,30.974,32.335,30.875,31.083,287969,0
2001-03-29,31.192,32.076,30.925,31.293,213669,0
2001-03-30,30.992,32.076,30.248,30.667,612611,0
2001-04-02,30.298,32.284,29.306,30.558,657192,0
2001-04-03,30.875,30.974,28.473,29.623,1363754,0
2001-04-04,29.206,30.041,28.887,29.157,523571,0
2001-04-05,29.415,30.667,29.306,29.781,461737,0
2001-04-06,29.623,30.041,28.999,29.939,334228,0
2001-04-09,29.975,30.248,29.931,29.998,591517,0
2001-04-10,29.998,31.209,29.975,31.041,362628,0
2001-04-11,31.117,31.626,30.875,31.461,459458,0
2001-04-12,31.293,31.501,30.667,31.05,143806,0
2001-04-16,30.959,31.511,30.793,31.416,278025,0
2001-04-17,31.466,32.045,31.466,31.475,217026,0
2001-04-18,31.602,33.378,31.602,33.295,281379,0
2001-04-19,33.362,33.362,32.168,33.087,342855,0
2001-04-20,33.078,33.295,31.835,33.168,245068,0
2001-04-23,33.128,33.128,32.054,32.544,303431,0
2001-04-24,32.32,32.335,31.668,31.751,218822,0
2001-04-25,31.835,32.335,31.71,31.785,246387,0
2001-04-26,31.82,33.705,31.82,33.353,600869,0
2001-04-27,33.211,33.211,30.209,30.885,1349851,0
2001-04-30,30.885,32.32,30.885,32.251,902861,0
2001-05-01,32.32,32.637,31.876,32.451,269634,0
2001-05-02,32.22,33.502,32.025,33.195,1067396,0
2001-05-03,33.378,33.421,32.628,33.337,767560,0
2001-05-04,32.962,33.144,32.669,32.811,568152,0
2001-05-07,32.712,32.811,32.584,32.66,950194,0
2001-05-08,32.66,32.834,30.734,30.992,1608823,0
2001-05-09,31.001,32.243,31.001,32.211,195935,0
2001-05-10,32.744,32.752,31.71,32.243,926464,0
2001-05-11,32.251,32.72,31.933,32.394,1026649,0
2001-05-14,32.394,32.544,32.127,32.544,231885,0
2001-05-15,32.47,33.813,32.403,32.852,295997,0
2001-05-16,32.72,33.61,32.72,33.304,236200,0
2001-05-17,33.386,33.854,33.337,33.573,1168059,0
2001-05-18,33.461,33.921,32.962,33.378,441122,0
2001-05-21,33.421,35.341,33.295,35.104,584089,0
2001-05-22,35.104,36.383,34.797,36.341,629627,0
2001-05-23,36.301,36.301,34.972,35.842,394029,0
2001-05-24,35.842,36.507,35.431,35.631,870621,0
2001-05-25,34.631,36.423,34.631,36.316,380246,0
2001-05-29,36.056,36.106,35.046,35.299,437288,0
2001-05-30,35.224,35.464,33.962,33.979,218463,0
2001-05-31,34.371,34.839,33.971,34.631,349808,0
2001-06-01,34.788,34.839,34.631,34.687,423627,0
2001-06-04,34.548,35.982,34.548,35.148,1158231,0
2001-06-05,34.473,35.473,34.296,35.173,6782939,0
2001-06-06,35.256,36.215,35.046,36.2,1376096,0
2001-06-07,36.206,36.543,35.797,35.881,628427,0
2001-06-08,35.872,36.215,35.197,36.215,284495,0
2001-06-11,36.008,36.265,35.631,35.797,418711,0
2001-06-12,35.797,35.805,35.299,35.38,971046,0
2001-06-13,35.299,35.881,35.299,35.516,578099,0
2001-06-14,35.508,35.508,35.03,35.038,824006,0
2001-06-15,35.046,35.074,34.18,35.022,572944,0
2001-06-18,34.972,35.214,34.505,34.604,1081774,0
2001-06-19,34.631,34.847,34.556,34.614,295162,0
2001-06-20,34.763,36.55,34.614,36.543,931140,0
2001-06-21,35.939,36.666,35.714,36.649,366104,0
2001-06-22,36.64,36.875,35.881,36.301,364667,0
2001-06-25,36.215,37.576,36.133,36.758,542863,0
2001-06-26,36.459,36.799,36.09,36.675,272152,0
2001-06-27,36.182,36.883,36.008,36.792,282218,0
2001-06-28,36.591,38.137,36.591,37.968,1016467,0
2001-06-29,38.043,39.037,33.888,36.715,1205568,0
2001-07-02,37.55,38.485,37.459,38.137,463056,0
2001-07-03,38.052,38.052,37.677,37.927,289888,0
2001-07-05,37.801,38.259,37.55,37.801,504397,0
2001-07-06,37.592,37.659,35.797,36.507,436689,0
2001-07-09,36.565,37.259,36.507,36.973,403973,0
2001-07-10,36.934,37.584,36.926,37.55,376412,0
2001-07-11,37.384,37.801,37.259,37.351,262686,0
2001-07-12,37.392,38.008,37.301,37.769,303069,0
2001-07-13,37.801,38.083,37.511,37.9,337223,0
2001-07-16,37.877,38.326,37.81,38.309,559284,0
2001-07-17,38.176,38.301,37.884,38.101,315053,0
2001-07-18,37.927,38.07,36.09,37.301,1043788,0
2001-07-19,37.184,37.633,36.242,36.341,534836,0
2001-07-20,36.174,37.633,36.174,37.592,215229,0
2001-07-23,37.55,37.55,35.864,36.224,171247,0
2001-07-24,36.301,36.507,35.925,35.956,440282,0
2001-07-25,35.965,36.04,35.313,35.357,400856,0
2001-07-26,35.423,37.15,35.423,37.001,676606,0
2001-07-27,36.973,37.633,36.632,37.511,502119,0
2001-07-30,37.467,37.843,37.01,37.334,486422,0
2001-07-31,37.392,37.751,36.7,36.7,613569,0
2001-08-01,36.792,37.91,36.55,37.877,722023,0
2001-08-02,37.492,38.137,36.64,37.133,173524,0
2001-08-03,36.758,37.4,36.632,37.191,528603,0
2001-08-06,37.133,37.325,36.308,36.332,495531,0
2001-08-07,36.256,36.581,36.048,36.09,313257,0
2001-08-08,36.048,36.675,34.088,34.296,3491714,0
2001-08-09,30.467,31.851,29.958,31.167,5304382,0
2001-08-10,30.809,31.575,30.793,31.536,451669,0
2001-08-13,31.611,32.025,31.26,31.668,651678,0
2001-08-14,31.611,31.751,31.133,31.209,860436,0
2001-08-15,31.325,31.416,29.139,29.431,1886728,0
2001-08-16,29.582,29.582,28.205,28.865,1810871,0
2001-08-17,28.906,29.615,28.58,28.79,1362915,0
2001-08-20,28.632,28.916,28.213,28.439,1002804,0
2001-08-21,28.865,28.865,27.848,27.97,680919,0
2001-08-22,28.012,28.413,27.745,28.162,556647,0
2001-08-23,28.162,28.413,28.038,28.33,752820,0
2001-08-24,28.33,29.406,28.254,29.157,1274234,0
2001-08-27,29.082,29.415,28.648,29.415,516260,0
2001-08-28,29.366,29.366,28.838,29.047,191739,0
2001-08-29,29.047,29.047,28.088,28.122,309060,0
2001-08-30,28.088,28.372,26.328,26.677,1490901,0
2001-08-31,26.662,27.037,26.494,26.787,1170815,0
2001-09-04,26.787,27.17,26.537,27.095,1058406,0
2001-09-05,26.879,27.136,25.926,25.959,1285023,0
2001-09-06,25.91,25.92,25.168,25.869,965054,0
2001-09-07,25.168,26.494,24.584,26.385,2029213,0
2001-09-10,26.494,27.253,26.244,26.662,1363634,0
2001-09-17,25.91,26.662,24.075,25.284,3273969,0
2001-09-18,25.317,26.227,24.365,24.532,1366269,0
2001-09-19,24.624,24.783,22.363,23.991,1499653,0
2001-09-20,23.78,24.133,23.173,24.04,446756,0
2001-09-21,23.706,23.967,22.755,23.919,1905060,0
2001-09-24,24.058,24.592,23.631,24.242,1249909,0
2001-09-25,24.198,24.532,23.098,23.666,930542,0
2001-09-26,23.909,24.107,22.78,23.074,2480281,0
2001-09-27,22.771,23.439,20.57,22.048,1434697,0
2001-09-28,23.556,25.35,23.113,25.298,3102960,0
2001-10-01,25.543,25.994,23.947,25.534,1258416,0
2001-10-02,24.659,25.752,24.642,25.527,380365,0
2001-10-03,25.284,26.812,24.973,26.62,547060,0
2001-10-04,26.778,28.372,26.328,28.372,1022097,0
2001-10-05,28.289,28.372,26.152,27.67,802314,0
2001-10-08,27.654,27.914,26.527,26.762,361789,0
2001-10-09,26.804,27.078,26.319,26.62,512427,0
2001-10-10,26.787,27.353,26.62,27.321,574143,0
2001-10-11,27.129,29.165,27.129,28.205,705486,0
2001-10-12,28.205,29.165,27.755,28.355,1065358,0
2001-10-15,28.122,28.389,27.411,27.487,617284,0
2001-10-16,27.33,27.829,27.204,27.253,630707,0
2001-10-17,27.745,27.829,26.577,26.604,380484,0
2001-10-18,25.336,25.45,24.624,25.45,1571195,0
2001-10-19,25.117,25.685,24.532,25.327,692544,0
2001-10-22,25.457,25.685,24.992,25.494,462815,0
2001-10-23,25.685,27.453,25.534,26.778,1845265,0
2001-10-24,26.778,26.787,26.287,26.704,550655,0
2001-10-25,26.704,27.086,26.287,27.037,1028569,0
2001-10-26,26.955,27.786,26.544,27.552,450588,0
2001-10-29,27.704,27.704,26.111,27.129,998487,0
2001-10-30,26.879,26.937,25.827,26.227,434413,0
2001-10-31,26.41,26.677,25.618,26.203,1393355,0
2001-11-01,26.287,27.17,25.994,27.121,732569,0
2001-11-02,26.743,27.104,26.269,27.104,867507,0
2001-11-05,26.955,27.779,26.826,27.596,949596,0
2001-11-06,27.588,28.146,27.037,27.719,397980,0
2001-11-07,28.322,29.75,28.162,28.654,2348342,0
2001-11-08,28.57,29.498,28.381,28.504,1746037,0
2001-11-09,28.155,28.605,27.745,28.355,595833,0
2001-11-12,28.648,28.857,27.704,28.513,379166,0
2001-11-13,28.654,29.623,28.654,28.8,1749152,0
2001-11-14,29.082,30.126,29.082,29.59,1133544,0
2001-11-15,29.415,30.5,29.415,30.007,1929748,0
2001-11-16,29.806,31.001,29.806,30.699,1262013,0
2001-11-19,30.707,30.885,30.248,30.576,226014,0
2001-11-20,30.793,30.809,29.373,29.714,832032,0
2001-11-21,29.758,30.032,29.299,29.582,572585,0
2001-11-23,29.373,30.291,29.366,30.06,175320,0
2001-11-26,29.834,30.291,29.539,29.539,493012,0
2001-11-27,29.516,30.382,29.406,30.117,775949,0
2001-11-28,30.024,30.248,29.457,29.684,377249,0
2001-11-29,29.931,30.166,29.382,29.939,1129230,0
2001-11-30,30.081,31.175,29.915,30.915,741198,0
2001-12-03,30.824,31.443,30.408,30.616,579657,0
2001-12-04,30.5,31.618,30.434,31.483,272991,0
2001-12-05,31.611,33.162,31.416,32.685,1448722,0
2001-12-06,32.37,33.997,31.71,33.921,1496055,0
2001-12-07,33.573,33.979,33.211,33.253,982670,0
2001-12-10,33.211,33.295,31.792,32.008,774871,0
2001-12-11,32.008,32.584,31.942,32.054,924908,0
2001-12-12,32.377,32.419,30.867,31.461,551375,0
2001-12-13,31.536,31.686,30.885,31.668,755817,0
2001-12-14,31.377,32.712,31.217,32.52,1039714,0
2001-12-17,32.527,32.752,32.284,32.527,1032642,0
2001-12-18,32.51,33.738,32.51,33.63,570309,0
2001-12-19,33.304,34.93,33.087,34.631,1135465,0
2001-12-20,34.22,34.296,33.502,33.603,776907,0
2001-12-21,34.155,34.464,33.61,34.239,1172014,0
2001-12-24,33.837,34.505,33.837,33.962,143208,0
2001-12-26,34.211,34.331,33.63,33.962,785538,0
2001-12-27,33.796,34.564,33.563,34.363,595593,0
2001-12-28,34.521,34.914,34.18,34.772,448431,0
2001-12-31,34.322,35.508,34.229,35.332,560841,0
