Date,Open,High,Low,Close,Volume,OpenInt
1995-01-03,11.701,11.777,11.298,11.624,940077,0
1995-01-04,11.864,11.938,11.462,11.777,2660674,0
1995-01-05,11.864,12.015,11.386,11.386,2333075,0
1995-01-06,11.386,11.624,11.223,11.298,1589935,0
1995-01-09,11.462,11.624,11.298,11.424,1732217,0
1995-01-10,11.701,12.38,11.624,12.234,2738254,0
1995-01-11,12.581,12.894,12.417,12.417,3928348,0
1995-01-12,12.342,12.581,12.179,12.454,965831,0
1995-01-13,12.894,13.535,12.731,13.449,2971939,0
1995-01-16,13.487,14.166,13.333,14.01,2356632,0
1995-01-17,13.535,14.088,13.21,13.889,4485863,0
1995-01-18,14.01,14.108,13.449,13.773,1485028,0
1995-01-19,13.61,13.688,12.894,13.095,2151215,0
1995-01-20,12.97,13.134,12.581,12.97,1476861,0
1995-01-23,12.818,13.134,12.693,13.095,1841206,0
1995-01-24,13.095,13.535,12.97,13.449,943217,0
1995-01-25,13.134,13.295,12.894,12.933,2705902,0
1995-01-26,13.057,13.057,12.252,12.252,1494135,0
1995-01-27,12.491,12.581,12.252,12.491,2056987,0
1995-01-30,12.581,12.581,11.536,11.585,2647794,0
1995-01-31,11.864,12.015,11.386,11.938,2870174,0
1995-02-01,11.938,12.581,11.938,12.342,1912507,0
1995-02-02,12.342,12.731,12.342,12.581,1393627,0
1995-02-03,12.818,13.134,12.77,12.97,1652123,0
1995-02-06,12.97,13.535,12.97,13.333,1743523,0
1995-02-07,13.372,13.535,13.057,13.295,1714314,0
1995-02-08,13.372,13.535,13.295,13.535,756020,0
1995-02-09,13.61,14.01,13.449,13.573,1580824,0
1995-02-10,13.61,13.85,13.449,13.688,1009806,0
1995-02-13,13.61,14.01,13.535,13.734,833914,0
1995-02-14,13.688,14.249,13.688,14.088,2410657,0
1995-02-15,14.403,14.491,14.088,14.166,2344696,0
1995-02-16,14.088,14.166,13.535,13.688,1289663,0
1995-02-17,13.61,13.61,12.731,12.894,2337787,0
1995-02-21,12.894,12.933,12.342,12.491,1801316,0
1995-02-22,12.417,13.057,12.417,12.894,1637990,0
1995-02-23,13.057,13.21,12.818,12.933,1828643,0
1995-02-24,12.894,12.894,12.491,12.656,1175018,0
1995-02-27,12.491,12.656,12.055,12.103,2221888,0
1995-02-28,12.252,12.731,12.015,12.731,2493260,0
1995-03-01,12.97,13.134,12.252,12.252,1632020,0
1995-03-02,12.417,12.656,12.252,12.417,2965342,0
1995-03-03,12.491,12.894,12.252,12.731,2374222,0
1995-03-06,12.731,13.535,12.581,13.449,2982931,0
1995-03-07,13.449,13.535,13.134,13.295,1895231,0
1995-03-08,13.449,13.61,12.97,13.134,1851571,0
1995-03-09,13.295,13.372,12.656,13.057,1570773,0
1995-03-10,13.057,13.21,12.97,13.21,522650,0
1995-03-13,13.21,13.61,13.21,13.372,1230299,0
1995-03-14,13.61,13.773,13.21,13.248,880714,0
1995-03-15,13.295,13.449,13.057,13.295,1064457,0
1995-03-16,12.491,12.97,12.417,12.656,7538834,0
1995-03-17,12.731,12.894,12.656,12.818,2610106,0
1995-03-20,12.818,13.134,12.656,13.057,2257380,0
1995-03-21,13.134,14.327,13.134,14.01,7313630,0
1995-03-22,14.327,14.565,14.088,14.453,4526065,0
1995-03-23,14.491,15.281,14.327,15.12,4757866,0
1995-03-24,15.358,15.444,15.12,15.281,3827839,0
1995-03-27,15.444,16.315,15.281,16.111,4116175,0
1995-03-28,16.399,16.399,15.444,15.521,3373977,0
1995-03-29,15.444,15.521,14.803,15.044,2171947,0
1995-03-30,15.206,15.281,14.403,14.565,3298907,0
1995-03-31,14.327,14.491,13.927,14.249,3683984,0
1995-04-03,14.327,14.491,14.088,14.327,1465239,0
1995-04-04,14.327,14.565,13.773,13.773,1790638,0
1995-04-05,13.61,14.166,13.535,14.166,3359529,0
1995-04-06,14.327,14.403,13.688,13.773,1536223,0
1995-04-07,13.85,14.565,13.629,14.565,2695224,0
1995-04-10,14.565,15.281,14.565,15.044,2696167,0
1995-04-11,15.358,15.358,14.881,14.967,1148007,0
1995-04-12,15.044,15.599,14.967,15.321,1198889,0
1995-04-13,15.444,15.837,15.358,15.405,1246004,0
1995-04-17,15.521,15.599,14.642,14.803,1552558,0
1995-04-18,14.881,15.044,14.491,14.728,1844348,0
1995-04-19,15.12,15.12,13.85,14.605,4372473,0
1995-04-20,14.803,14.967,14.166,14.642,2270887,0
1995-04-21,14.565,15.206,14.403,15.044,2155613,0
1995-04-24,15.044,15.521,14.881,15.321,2197702,0
1995-04-25,15.405,15.599,15.206,15.244,1478744,0
1995-04-26,15.044,15.634,14.728,15.599,2315800,0
1995-04-27,15.683,15.837,15.521,15.521,2190792,0
1995-04-28,15.599,16.16,15.444,16.074,2801699,0
1995-05-01,15.998,16.477,15.998,16.16,2186082,0
1995-05-02,16.074,16.2,15.837,15.884,1647412,0
1995-05-03,15.998,16.074,15.683,15.998,1180359,0
1995-05-04,16.16,16.639,16.074,16.2,1945172,0
1995-05-05,16.477,16.514,16.074,16.238,1852830,0
1995-05-08,16.238,16.79,15.998,16.79,1206112,0
1995-05-09,16.716,16.79,16.315,16.477,1768967,0
1995-05-10,16.877,16.877,16.074,16.18,2129860,0
1995-05-11,16.16,16.79,15.923,16.399,2069237,0
1995-05-12,16.399,17.115,16.315,16.79,2317371,0
1995-05-15,17.03,17.231,16.79,16.916,1513610,0
1995-05-16,16.79,17.593,16.639,17.47,3076214,0
1995-05-17,18.627,18.7,18.223,18.589,6492282,0
1995-05-18,18.787,19.341,18.148,18.148,3258705,0
1995-05-19,17.831,18.386,17.506,18.034,3496157,0
1995-05-22,18.386,19.179,18.223,19.179,2851012,0
1995-05-23,19.341,19.503,18.941,18.978,3905104,0
1995-05-24,19.419,19.419,18.386,18.978,2939271,0
1995-05-25,18.941,18.941,18.31,18.7,1626682,0
1995-05-26,18.7,18.7,18.223,18.462,1282124,0
1995-05-30,18.386,18.462,17.593,17.908,2843788,0
1995-05-31,18.072,18.31,17.672,18.223,2870174,0
1995-06-01,18.223,18.627,17.908,18.462,2201155,0
1995-06-02,18.223,19.103,18.072,18.787,1831155,0
1995-06-05,18.864,19.341,18.864,19.103,1103719,0
1995-06-06,19.026,19.179,18.55,18.55,1178159,0
1995-06-07,18.55,19.026,18.386,18.903,1273956,0
1995-06-08,19.026,19.341,18.864,19.341,1398023,0
1995-06-09,19.341,19.819,19.103,19.658,1367870,0
1995-06-12,19.981,20.067,18.941,19.179,1242861,0
1995-06-13,19.419,19.658,19.026,19.419,1990716,0
1995-06-14,19.341,20.295,19.179,20.136,2106928,0
1995-06-15,20.462,21.177,20.295,20.935,2972253,0
1995-06-16,20.935,21.177,20.699,20.699,791197,0
1995-06-19,20.774,21.412,20.774,21.327,2175402,0
1995-06-20,21.492,21.651,21.253,21.492,1285577,0
1995-06-21,21.729,21.807,21.177,21.412,2432328,0
1995-06-22,21.412,21.651,21.253,21.492,1198262,0
1995-06-23,21.327,21.568,21.089,21.253,968033,0
1995-06-26,21.014,21.365,20.219,20.219,2291301,0
1995-06-27,20.136,20.531,19.981,20.374,1933238,0
1995-06-28,20.057,20.374,19.658,20.057,2923254,0
1995-06-29,20.057,20.852,20.057,20.699,2399035,0
1995-06-30,20.852,20.935,20.057,20.374,1106234,0
1995-07-03,20.295,20.462,20.219,20.219,288966,0
1995-07-05,20.374,20.531,19.896,20.018,1937949,0
1995-07-06,20.057,21.412,19.742,21.253,2269627,0
1995-07-07,21.327,22.523,21.253,22.445,2864832,0
1995-07-10,22.684,22.999,22.128,22.484,1588050,0
1995-07-11,22.369,22.445,21.807,21.891,1842777,0
1995-07-12,22.523,22.925,21.968,22.847,2176971,0
1995-07-13,22.847,23.362,22.282,22.607,3632787,0
1995-07-14,22.128,22.523,21.891,22.331,1780587,0
1995-07-17,22.369,22.607,21.968,22.082,2066724,0
1995-07-18,22.445,22.607,21.807,21.929,1474036,0
1995-07-19,21.253,21.253,19.819,20.374,3412610,0
1995-07-20,21.253,21.253,20.136,20.374,3590070,0
1995-07-21,20.295,20.611,20.057,20.136,1714000,0
1995-07-24,20.531,21.177,20.295,21.089,1996369,0
1995-07-25,21.568,22.082,21.253,21.327,2362599,0
1995-07-26,21.412,22.208,21.412,22.044,1990086,0
1995-07-27,22.282,22.762,22.044,22.282,1548159,0
1995-07-28,22.044,22.445,21.968,21.968,1131045,0
1995-07-31,22.044,22.128,21.412,21.729,1762369,0
1995-08-01,21.807,21.807,20.852,21.177,1898370,0
1995-08-02,21.327,21.651,19.981,20.136,3015912,0
1995-08-03,19.658,20.738,19.341,20.611,5169952,0
1995-08-04,20.774,21.492,20.699,21.412,2863577,0
1995-08-07,21.651,21.891,20.935,21.177,1756403,0
1995-08-08,21.568,21.651,21.177,21.568,1958993,0
1995-08-09,22.044,22.128,20.935,21.615,8087554,0
1995-08-10,21.412,21.568,19.981,20.219,6310734,0
1995-08-11,20.699,20.935,20.374,20.65,3999648,0
1995-08-14,20.935,21.253,20.699,21.177,1608466,0
1995-08-15,21.412,21.492,20.852,21.089,1687931,0
1995-08-16,22.208,22.208,21.492,21.845,4638825,0
1995-08-17,21.968,21.968,21.412,21.689,1910307,0
1995-08-18,21.729,21.729,20.935,21.014,2243873,0
1995-08-21,21.089,21.327,20.374,20.414,1565122,0
1995-08-22,20.531,20.774,20.219,20.774,1350281,0
1995-08-23,20.935,21.327,20.774,21.089,1330809,0
1995-08-24,21.014,21.089,20.295,20.531,1643328,0
1995-08-25,20.374,20.611,19.981,20.219,1144238,0
1995-08-28,20.136,20.136,19.341,19.578,2607590,0
1995-08-29,19.419,19.742,18.223,19.341,3672048,0
1995-08-30,19.503,19.819,18.749,19.026,2459970,0
1995-08-31,19.179,19.419,18.941,19.179,881029,0
1995-09-01,19.103,19.419,18.941,19.084,1245688,0
1995-09-05,19.179,19.819,19.065,19.658,2062015,0
1995-09-06,19.981,20.462,19.658,20.182,3004919,0
1995-09-07,20.374,21.014,20.295,20.531,3183007,0
1995-09-08,20.531,21.177,20.219,20.974,2462481,0
1995-09-11,21.014,21.327,20.611,20.611,1711485,0
1995-09-12,20.852,20.935,19.742,19.819,2728516,0
1995-09-13,19.819,20.057,19.341,19.419,3305190,0
1995-09-14,19.578,19.742,19.026,19.303,2797302,0
1995-09-15,18.787,18.864,18.072,18.55,5545921,0
1995-09-18,18.55,19.026,18.31,18.787,2787252,0
1995-09-19,18.864,19.896,18.787,19.742,5619732,0
1995-09-20,20.136,20.611,19.742,19.819,3349477,0
1995-09-21,19.819,19.981,19.103,19.658,4463878,0
1995-09-22,19.578,20.057,19.265,19.896,3680215,0
1995-09-25,19.896,20.057,19.503,19.896,1899316,0
1995-09-26,19.981,20.462,19.819,19.981,2244816,0
1995-09-27,19.658,19.819,18.787,19.179,4723630,0
1995-09-28,19.419,19.658,19.179,19.578,3459722,0
1995-09-29,19.658,19.742,18.941,19.026,2220945,0
1995-10-02,18.787,19.341,18.55,18.55,1784984,0
1995-10-03,18.7,18.7,17.193,17.593,6785644,0
1995-10-04,17.193,17.672,16.79,17.047,5762648,0
1995-10-05,16.877,17.431,16.79,17.269,3444332,0
1995-10-06,17.748,18.223,17.356,18.034,3757794,0
1995-10-09,17.672,17.831,17.115,17.831,3838518,0
1995-10-10,16.877,18.386,16.552,17.831,5106822,0
1995-10-11,18.787,18.864,18.186,18.31,3477941,0
1995-10-12,18.31,19.341,18.223,19.265,3223212,0
1995-10-13,19.658,19.819,18.223,18.223,4034197,0
1995-10-16,18.223,18.627,17.986,18.148,2644656,0
1995-10-17,18.7,19.658,18.386,19.503,3614570,0
1995-10-18,20.462,20.531,19.341,19.658,7049480,0
1995-10-19,19.578,19.578,18.627,19.265,3971377,0
1995-10-20,19.419,19.419,18.462,18.462,2625179,0
1995-10-23,18.31,19.419,18.148,19.265,3312099,0
1995-10-24,19.419,19.419,18.462,18.55,2049136,0
1995-10-25,18.55,18.627,17.748,17.831,3684301,0
1995-10-26,17.831,18.627,17.831,18.627,5750708,0
1995-10-27,18.627,19.503,18.55,19.419,3362355,0
1995-10-30,19.742,20.136,19.503,19.981,2453059,0
1995-10-31,20.057,20.057,19.341,19.381,2101904,0
1995-11-01,19.303,20.057,19.103,19.541,3852966,0
1995-11-02,19.503,20.935,19.265,20.699,5083264,0
1995-11-03,21.253,21.651,21.051,21.651,3820616,0
1995-11-06,21.365,21.807,20.531,20.699,3927721,0
1995-11-07,19.419,19.742,17.748,17.831,14640454,0
1995-11-08,18.787,18.941,17.193,17.431,11032793,0
1995-11-09,18.7,18.864,18.148,18.386,5919063,0
1995-11-10,18.31,18.787,18.072,18.386,2692709,0
1995-11-13,18.386,18.787,17.748,17.831,2326165,0
1995-11-14,17.506,17.748,16.79,16.877,3355444,0
1995-11-15,16.955,17.269,16.552,17.03,4924021,0
1995-11-16,17.03,17.269,16.315,16.315,4184019,0
1995-11-17,16.315,16.315,15.837,16.074,3122075,0
1995-11-20,16.315,16.315,15.044,15.082,3644409,0
1995-11-21,15.12,15.759,14.881,15.521,7948727,0
1995-11-22,15.837,16.315,15.521,15.884,5010394,0
1995-11-24,15.923,15.998,15.837,15.923,622529,0
1995-11-27,16.315,16.399,15.837,15.923,2288160,0
1995-11-28,15.837,18.223,15.759,18.148,5940737,0
1995-11-29,18.462,18.7,17.356,17.908,6410618,0
1995-11-30,17.593,18.072,17.356,17.431,3452499,0
1995-12-01,17.672,17.986,17.269,17.506,3330630,0
1995-12-04,17.672,18.223,17.012,17.47,3275664,0
1995-12-05,17.748,17.831,16.754,17.115,2296953,0
1995-12-06,17.356,17.593,16.315,16.79,5026100,0
1995-12-07,16.877,17.03,16.315,16.79,2142106,0
1995-12-08,17.03,17.115,16.399,16.877,3298593,0
1995-12-11,17.115,17.672,16.79,17.115,2173203,0
1995-12-12,17.03,17.193,16.074,16.074,3166989,0
1995-12-13,16.477,16.477,15.683,15.759,3642525,0
1995-12-14,15.837,16.16,15.044,15.281,5648946,0
1995-12-15,15.358,15.683,15.044,15.599,5904928,0
1995-12-18,15.444,15.759,14.803,15.405,6615403,0
1995-12-19,15.444,16.399,15.281,16.315,5403009,0
1995-12-20,16.639,16.639,15.599,15.683,4005929,0
1995-12-21,15.759,16.074,15.044,15.358,2480071,0
1995-12-22,15.444,15.599,15.281,15.521,1105603,0
1995-12-26,15.444,15.521,15.206,15.444,1297513,0
1995-12-27,15.281,15.521,15.12,15.358,1701121,0
1995-12-28,15.044,15.206,14.642,15.044,2434527,0
1995-12-29,15.044,15.281,14.453,14.565,3107940,0
1996-01-02,14.491,14.728,13.773,14.403,3715394,0
1996-01-03,13.85,13.85,12.894,13.372,9499711,0
1996-01-04,13.535,14.166,12.97,14.088,5218324,0
1996-01-05,13.773,13.927,13.372,13.61,7499574,0
1996-01-08,13.61,13.61,13.449,13.535,807844,0
1996-01-09,13.21,13.372,10.927,11.06,8952878,0
1996-01-10,10.985,11.223,10.19,10.344,12520018,0
1996-01-11,10.823,12.015,10.745,11.624,7417594,0
1996-01-12,11.938,12.342,11.701,11.938,4848322,0
1996-01-15,12.015,12.491,10.508,10.707,6108461,0
1996-01-16,11.777,11.777,10.669,11.624,11363848,0
1996-01-17,11.146,12.417,11.146,11.701,10113133,0
1996-01-18,11.938,12.818,11.864,12.731,8347936,0
1996-01-19,12.818,12.818,12.417,12.581,2573043,0
1996-01-22,12.491,13.61,12.491,13.61,6043759,0
1996-01-23,13.61,13.688,12.97,13.21,6981008,0
1996-01-24,13.21,13.927,12.97,13.927,5527078,0
1996-01-25,14.166,14.249,13.688,13.773,5016051,0
1996-01-26,13.535,13.688,13.21,13.535,3586301,0
1996-01-29,13.535,13.61,13.057,13.333,2955291,0
1996-01-30,13.449,14.327,13.372,14.127,6744810,0
1996-01-31,14.249,14.249,13.295,13.61,3366750,0
1996-02-01,13.61,14.803,13.449,14.728,6301000,0
1996-02-02,14.803,15.12,14.249,14.642,3710055,0
1996-02-05,14.728,16.074,14.491,16.074,6455847,0
1996-02-06,16.16,16.716,15.837,16.552,5076354,0
1996-02-07,16.552,16.599,14.249,14.491,14322281,0
1996-02-08,14.491,15.044,14.249,14.642,6785959,0
1996-02-09,14.642,14.642,13.61,13.889,4667406,0
1996-02-12,13.61,13.927,13.21,13.372,5386362,0
1996-02-13,12.581,13.21,12.103,12.252,7070212,0
1996-02-14,12.656,13.057,12.252,12.6,7469421,0
1996-02-15,12.656,13.295,12.581,12.97,3199027,0
1996-02-16,12.894,13.535,12.581,13.449,3940595,0
1996-02-20,13.057,13.61,12.731,13.372,3319639,0
1996-02-21,13.535,13.85,13.134,13.773,3943110,0
1996-02-22,13.927,15.044,13.85,15.044,6504844,0
1996-02-23,15.12,15.206,14.249,14.681,3632475,0
1996-02-26,14.728,14.728,14.088,14.327,2578697,0
1996-02-27,14.01,14.088,12.894,12.894,7319286,0
1996-02-28,13.057,13.21,12.342,12.417,6202375,0
1996-02-29,12.015,12.342,11.624,11.739,5230574,0
1996-03-01,11.664,11.938,11.146,11.624,5340191,0
1996-03-04,11.701,12.179,11.386,11.462,4576635,0
1996-03-05,11.386,12.015,11.223,11.644,2933934,0
1996-03-06,11.624,11.864,11.06,11.146,3605149,0
1996-03-07,11.223,11.536,10.985,11.186,3352303,0
1996-03-08,10.745,11.462,10.582,10.985,5082008,0
1996-03-11,11.223,11.701,11.146,11.424,3705343,0
1996-03-12,11.386,11.462,11.06,11.298,2249212,0
1996-03-13,11.386,11.536,10.985,11.386,2005476,0
1996-03-14,11.386,11.386,10.669,10.669,4067179,0
1996-03-15,10.783,11.864,10.669,11.777,4722687,0
1996-03-18,11.938,12.581,11.864,12.491,4574436,0
1996-03-19,12.581,12.894,11.701,11.701,2999893,0
1996-03-20,11.777,11.938,10.908,11.146,5015733,0
1996-03-21,11.223,11.462,10.985,11.06,3140292,0
1996-03-22,11.223,11.462,11.06,11.462,1843720,0
1996-03-25,11.462,11.624,11.146,11.223,2479129,0
1996-03-26,11.146,11.624,10.985,11.624,2755216,0
1996-03-27,11.624,11.938,11.298,11.499,3112337,0
1996-03-28,11.298,11.386,10.823,11.06,5548119,0
1996-03-29,11.223,11.261,11.06,11.146,2548542,0
1996-04-01,11.223,11.462,11.06,11.298,1588679,0
1996-04-02,11.298,11.386,10.823,11.021,2631149,0
1996-04-03,10.985,11.386,10.908,11.261,2618585,0
1996-04-04,11.298,11.701,11.223,11.298,2584663,0
1996-04-08,10.985,12.015,10.823,11.938,5410547,0
1996-04-09,12.252,12.342,11.624,12.179,3008372,0
1996-04-10,12.103,12.342,11.624,11.701,4138791,0
1996-04-11,11.146,11.462,11.021,11.261,4069372,0
1996-04-12,11.298,11.298,10.985,11.223,2997693,0
1996-04-15,11.223,11.462,11.146,11.298,2289730,0
1996-04-16,11.777,12.214,11.298,11.462,7075236,0
1996-04-17,11.386,11.814,11.146,11.777,4377500,0
1996-04-18,12.015,12.252,11.864,12.103,3155681,0
1996-04-19,12.179,12.342,11.938,11.938,3072135,0
1996-04-22,12.103,12.179,11.864,12.015,2192678,0
1996-04-23,12.015,12.74,11.814,12.731,4476752,0
1996-04-24,12.97,14.166,12.97,13.688,8498388,0
1996-04-25,13.688,13.927,13.295,13.707,2998009,0
1996-04-26,13.85,14.088,13.61,13.773,1773049,0
1996-04-29,13.688,13.773,12.656,12.818,3881232,0
1996-04-30,12.656,13.449,12.581,12.894,3583163,0
1996-05-01,12.818,13.449,12.731,12.818,4041110,0
1996-05-02,13.21,13.927,13.095,13.688,5005055,0
1996-05-03,13.688,14.491,13.61,14.01,6154318,0
1996-05-06,14.166,14.327,13.85,14.166,2625811,0
1996-05-07,14.327,14.327,13.927,14.049,2292243,0
1996-05-08,14.01,14.01,13.134,13.85,4785191,0
1996-05-09,13.85,13.85,13.21,13.295,1980035,0
1996-05-10,13.61,13.688,13.057,13.21,2732287,0
1996-05-13,13.449,14.01,13.295,13.773,2451174,0
1996-05-14,14.01,14.249,13.773,13.85,3003662,0
1996-05-15,13.411,13.61,13.295,13.372,3807736,0
1996-05-16,13.295,14.01,13.295,13.773,3839772,0
1996-05-17,13.773,14.166,13.688,14.01,3172957,0
1996-05-20,14.249,14.327,13.449,13.688,3296396,0
1996-05-21,13.688,13.688,12.731,12.97,3058628,0
1996-05-22,12.491,12.894,12.491,12.818,2280307,0
1996-05-23,12.818,12.818,12.015,12.179,4671177,0
1996-05-24,12.179,12.179,11.624,11.624,3306444,0
1996-05-28,11.701,11.864,11.624,11.777,3987397,0
1996-05-29,11.777,11.864,11.536,11.624,1339289,0
1996-05-30,11.701,11.976,11.536,11.976,2326794,0
1996-05-31,12.302,12.656,12.179,12.656,4165173,0
1996-06-03,12.581,12.656,12.252,12.252,2254868,0
1996-06-04,12.38,12.491,11.701,11.864,3189918,0
1996-06-05,11.079,11.462,10.745,10.823,10236887,0
1996-06-06,10.985,11.06,10.431,10.431,4279503,0
1996-06-07,10.344,10.582,10.03,10.544,7416339,0
1996-06-10,10.669,10.669,10.03,10.03,2587489,0
1996-06-11,10.19,10.269,9.712,9.866,3602949,0
1996-06-12,10.344,10.508,9.866,9.953,4379699,0
1996-06-13,10.269,10.269,9.791,10.105,3150028,0
1996-06-14,10.03,10.105,9.551,9.712,2192678,0
1996-06-17,9.791,9.866,9.551,9.551,1897118,0
1996-06-18,9.4748,9.629,8.281,8.3957,7127060,0
1996-06-19,8.6727,8.6727,8.4338,8.4722,5506975,0
1996-06-20,8.5962,8.5962,8.1185,8.1949,6869505,0
1996-06-21,8.4338,8.4338,8.0423,8.0805,4238983,0
1996-06-24,8.1185,8.6727,7.9561,8.5199,5950786,0
1996-06-25,8.5962,8.7585,8.281,8.3192,3173584,0
1996-06-26,8.3574,8.3574,7.8034,8.1949,3191174,0
1996-06-27,8.1949,8.5199,8.0423,8.3766,2632408,0
1996-06-28,8.6346,8.7585,8.1949,8.281,3622109,0
1996-07-01,8.5199,8.7585,8.1185,8.1949,3689638,0
1996-07-02,8.1949,8.7585,8.0805,8.3192,2986701,0
1996-07-03,8.3192,8.4722,8.281,8.281,1918159,0
1996-07-05,8.2428,8.3574,8.1185,8.1949,913692,0
1996-07-08,8.281,8.5199,8.0423,8.0423,2525300,0
1996-07-09,8.281,8.281,7.9179,8.1185,3773816,0
1996-07-10,8.0423,8.1185,7.8034,7.9179,2449918,0
1996-07-11,7.9561,7.9561,7.4022,7.8799,2752702,0
1996-07-12,7.8799,8.281,7.4787,8.1949,3075903,0
1996-07-15,7.9179,7.9179,6.7623,6.9248,5529589,0
1996-07-16,7.0011,7.7174,6.5237,7.6031,6887725,0
1996-07-17,8.0423,8.1185,7.5644,7.6408,3830351,0
1996-07-18,7.8799,7.8799,7.24,7.326,2332760,0
1996-07-19,7.2018,7.24,6.8484,6.9628,2237590,0
1996-07-22,6.9248,7.24,6.6858,7.1636,2599736,0
1996-07-23,7.326,7.326,6.6095,6.7623,2247013,0
1996-07-24,6.5237,7.1636,6.3706,6.6095,3132440,0
1996-07-25,6.8484,7.4022,6.7623,7.326,2588745,0
1996-07-26,7.4022,7.8034,7.24,7.4022,2849442,0
1996-07-29,7.4022,7.6031,6.9248,6.9628,2337472,0
1996-07-30,7.1636,7.6408,7.0011,7.6408,5013538,0
1996-07-31,7.24,7.5644,7.0011,7.0872,4076286,0
1996-08-01,7.0011,7.4022,7.0011,7.1636,3657285,0
1996-08-02,7.1636,7.364,7.1253,7.326,4363051,0
1996-08-05,7.24,7.4022,7.1636,7.2018,2078975,0
1996-08-06,7.24,7.4022,6.9248,7.364,2266172,0
1996-08-07,7.5644,8.5199,7.5644,8.5199,7316457,0
1996-08-08,8.3957,8.3957,7.9179,7.9561,5027986,0
1996-08-09,7.8799,8.1185,7.6791,7.9561,1692327,0
1996-08-12,7.9561,8.1185,7.9561,8.0423,2115725,0
1996-08-13,7.8799,7.8799,7.5644,7.5644,2668211,0
1996-08-14,7.5644,8.1949,7.4787,7.9561,3356074,0
1996-08-15,7.9179,7.9561,7.6408,7.6408,1287462,0
1996-08-16,7.7174,7.8034,7.24,7.3545,1775876,0
1996-08-19,7.4022,7.7174,7.2018,7.6408,1950826,0
1996-08-20,7.7174,7.7174,7.4787,7.4787,851189,0
1996-08-21,7.4787,7.7174,7.4022,7.6408,1784356,0
1996-08-22,7.8034,8.0423,7.6408,7.9179,1599042,0
1996-08-23,7.8417,8.0041,7.6408,7.6408,2032804,0
1996-08-26,7.6408,7.7174,7.24,7.364,1809169,0
1996-08-27,7.326,7.9561,7.1636,7.9179,7799532,0
1996-08-28,7.7174,7.8799,7.4787,7.7556,4989977,0
1996-08-29,7.7174,7.8417,7.6791,7.6791,2220318,0
1996-08-30,7.7174,7.7556,7.4787,7.5169,956726,0
1996-09-03,7.4022,7.7174,7.364,7.6603,1422209,0
1996-09-04,7.6408,7.7174,7.4787,7.5644,1028338,0
1996-09-05,7.4787,7.5169,7.24,7.326,1982548,0
1996-09-06,7.364,7.5644,7.24,7.364,3137151,0
1996-09-09,7.4022,7.4405,7.0393,7.1636,2166606,0
1996-09-10,7.1253,7.1636,6.9248,7.1253,3067737,0
1996-09-11,7.0011,7.24,6.9628,7.1636,2010817,0
1996-09-12,7.1253,7.24,7.0872,7.1636,2169749,0
1996-09-13,7.2018,7.5169,7.2018,7.4977,2028092,0
1996-09-16,7.5644,7.9561,7.5169,7.8799,2658788,0
1996-09-17,8.0805,8.0805,7.7556,7.8799,2932048,0
1996-09-18,7.6408,7.8417,7.5644,7.6791,1139525,0
1996-09-19,7.6791,7.9561,7.6408,7.8991,2641826,0
1996-09-20,7.9561,8.0423,7.6031,7.6408,2132686,0
1996-09-23,7.6031,7.6408,7.364,7.4405,1271131,0
1996-09-24,7.5644,8.3574,7.5169,8.3574,7546060,0
1996-09-25,8.5199,8.9973,8.4722,8.9784,9440663,0
1996-09-26,9.1122,9.1888,8.835,8.9114,5197280,0
1996-09-27,8.835,8.9495,8.5962,8.6346,1428175,0
1996-09-30,8.6346,8.6346,8.4338,8.4722,1431946,0
1996-10-01,8.4338,8.4338,7.9561,8.0805,2608536,0
1996-10-02,8.1185,8.3192,8.0423,8.1185,4599874,0
1996-10-03,8.1185,8.2428,8.0041,8.0423,2415682,0
1996-10-04,8.157,8.2428,8.0041,8.1185,1349340,0
1996-10-07,8.1185,8.5199,8.0805,8.3192,3039468,0
1996-10-08,8.5581,8.9114,8.3957,8.835,4854919,0
1996-10-09,9.1501,9.2355,8.7966,9.1122,4746557,0
1996-10-10,9.1501,9.2355,8.7203,8.7203,2944611,0
1996-10-11,8.7966,8.8731,8.5962,8.5962,1986944,0
1996-10-14,8.7203,9.1122,8.5962,8.6346,4937526,0
1996-10-15,8.5962,8.7203,8.1949,8.1949,4789273,0
1996-10-16,8.1185,8.4338,7.9179,8.3574,2510852,0
1996-10-17,8.3957,8.3957,8.0041,8.0423,1702065,0
1996-10-18,8.0423,8.281,8.0041,8.1185,1758287,0
1996-10-21,8.0423,8.2428,8.0423,8.0423,1139525,0
1996-10-22,8.0423,8.1185,7.6791,7.7556,2125145,0
1996-10-23,7.7556,8.157,7.7556,8.0805,2008619,0
1996-10-24,8.1185,8.3574,8.0805,8.0805,1619145,0
1996-10-25,8.3957,8.6727,8.0805,8.0805,3168561,0
1996-10-28,8.0805,8.3574,8.0805,8.1949,2714697,0
1996-10-29,8.157,8.281,7.9179,7.9372,1825189,0
1996-10-30,7.9179,8.1185,7.7556,7.8034,1501988,0
1996-10-31,7.8034,8.0423,7.6408,7.7556,2816462,0
1996-11-01,7.7556,8.0805,7.7556,7.8034,1642073,0
1996-11-04,7.7556,7.8799,7.7174,7.7174,1081105,0
1996-11-05,7.8034,8.0423,7.7174,7.9179,2432328,0
1996-11-06,7.9179,8.4338,7.9179,8.023,4099528,0
1996-11-07,8.0423,8.157,7.9179,8.157,3191174,0
1996-11-08,8.157,8.4722,8.0805,8.3574,1857855,0
1996-11-11,8.3574,8.5962,8.157,8.5199,4152610,0
1996-11-12,8.7585,9.0737,8.6727,8.9495,5082322,0
1996-11-13,9.0737,9.4748,8.9495,9.3514,4952917,0
1996-11-14,9.3118,9.551,9.2355,9.4369,2413798,0
1996-11-15,9.3883,9.629,9.2355,9.609,4560930,0
1996-11-18,9.591,9.791,9.0355,9.514,4969251,0
1996-11-19,9.4369,9.675,9.3883,9.591,1982548,0
1996-11-20,9.591,9.591,8.9495,9.0737,3608602,0
1996-11-21,8.7966,9.4748,8.7966,9.3883,5270777,0
1996-11-22,10.381,11.338,10.19,10.841,19255723,0
1996-11-25,10.823,11.108,10.669,10.745,6551016,0
1996-11-26,10.707,11.386,10.344,11.298,7618300,0
1996-11-27,11.298,11.462,11.021,11.261,3084384,0
1996-11-29,11.223,11.499,11.223,11.424,1243491,0
1996-12-02,11.424,11.814,11.146,11.777,4135020,0
1996-12-03,11.901,12.179,11.739,11.739,6407793,0
1996-12-04,11.739,11.777,11.223,11.424,4183389,0
1996-12-05,11.462,11.624,10.985,10.985,3596668,0
1996-12-06,10.544,11.186,10.067,10.985,8495245,0
1996-12-09,11.021,11.938,10.985,11.901,4783308,0
1996-12-10,12.103,12.179,11.386,11.386,3087522,0
1996-12-11,11.261,11.499,10.582,10.823,8517232,0
1996-12-12,11.021,11.624,10.985,11.223,8112368,0
1996-12-13,10.745,10.985,10.105,10.19,8399449,0
1996-12-16,10.19,10.269,9.591,9.675,5670616,0
1996-12-17,9.514,9.551,8.835,9.1122,8522885,0
1996-12-18,9.2733,9.3118,8.6346,8.7585,6809201,0
1996-12-19,8.8731,9.4369,8.835,9.3118,4678715,0
1996-12-20,9.3514,9.514,9.2355,9.4369,3692778,0
1996-12-23,9.4748,9.551,9.0737,9.0737,3124899,0
1996-12-24,9.0737,9.1122,8.9495,9.0737,456376,0
1996-12-26,9.0737,9.1122,8.9495,9.1122,1784672,0
1996-12-27,9.2733,9.2733,8.8731,8.8731,1251972,0
1996-12-30,8.921,9.2355,8.7585,8.9973,2626438,0
1996-12-31,8.9973,9.1122,8.9114,8.9495,1622600,0
1997-01-02,8.9973,8.9973,8.6346,8.835,2271829,0
1997-01-03,8.8731,9.3883,8.8731,9.3883,2730717,0
1997-01-06,9.791,10.105,9.4748,9.712,4584801,0
1997-01-07,9.752,9.791,9.514,9.712,2582151,0
1997-01-08,9.712,10.307,9.675,10.105,5067561,0
1997-01-09,10.105,10.269,9.906,10.105,2318941,0
1997-01-10,10.067,10.229,9.992,10.105,2652821,0
1997-01-13,10.153,10.19,10.03,10.105,1982862,0
1997-01-14,10.229,10.669,10.067,10.269,3513433,0
1997-01-15,10.344,11.146,10.344,10.985,6953680,0
1997-01-16,11.021,11.186,10.908,11.06,2480385,0
1997-01-17,11.108,11.386,11.06,11.223,2653449,0
1997-01-20,11.261,11.536,10.985,11.338,4674632,0
1997-01-21,11.701,12.141,11.536,11.814,9424642,0
1997-01-22,11.901,12.103,11.777,11.976,4218883,0
1997-01-23,12.015,13.773,11.814,12.619,14978733,0
1997-01-24,12.656,13.333,12.214,12.214,10878262,0
1997-01-27,12.302,13.017,12.103,12.818,7036917,0
1997-01-28,12.894,13.333,12.417,12.656,5442899,0
1997-01-29,12.693,13.017,12.214,12.38,4127168,0
1997-01-30,12.454,13.172,12.417,13.095,6810769,0
1997-01-31,13.095,13.172,12.731,12.856,6204258,0
1997-02-03,12.818,12.933,12.491,12.591,2483526,0
1997-02-04,12.541,12.541,11.938,12.055,3262159,0
1997-02-05,12.015,12.055,10.745,10.946,7015245,0
1997-02-06,11.06,11.777,11.021,11.701,6393341,0
1997-02-07,11.901,12.252,11.864,12.159,4044877,0
1997-02-10,12.179,12.179,11.338,11.424,3197459,0
1997-02-11,11.499,11.976,11.021,11.814,5536813,0
1997-02-12,12.38,12.77,12.252,12.693,6802291,0
1997-02-13,12.77,12.97,12.656,12.731,5038977,0
1997-02-14,12.693,13.21,12.693,12.856,4335413,0
1997-02-18,12.856,12.894,12.103,12.141,6024283,0
1997-02-19,12.179,13.21,12.141,13.172,6640219,0
1997-02-20,13.017,13.057,12.656,12.77,3287285,0
1997-02-21,12.731,12.731,12.302,12.38,2541946,0
1997-02-24,12.38,12.541,12.015,12.361,3369894,0
1997-02-25,12.417,12.581,12.179,12.491,3448413,0
1997-02-26,12.491,12.619,12.015,12.252,2794162,0
1997-02-27,12.252,12.581,11.938,12.005,3243943,0
1997-02-28,11.938,12.342,11.499,12.141,5424998,0
1997-03-03,12.055,12.342,11.938,12.103,2649680,0
1997-03-04,12.015,12.342,11.777,12.015,1969669,0
1997-03-05,12.141,12.77,12.055,12.656,4845183,0
1997-03-06,12.77,12.818,11.901,12.015,4888842,0
1997-03-07,12.141,12.179,11.664,11.701,3138721,0
1997-03-10,11.701,12.141,11.585,11.901,2274025,0
1997-03-11,11.901,12.103,11.739,11.814,1858797,0
1997-03-12,11.814,12.103,11.624,12.103,4041735,0
1997-03-13,11.976,12.141,11.814,12.015,2714697,0
1997-03-14,12.055,12.103,11.777,11.814,2215604,0
1997-03-17,11.814,11.814,10.745,10.985,5365946,0
1997-03-18,11.021,11.021,10.431,10.755,4906744,0
1997-03-19,10.619,10.908,10.269,10.344,4033882,0
1997-03-20,10.344,10.985,9.992,10.908,4384097,0
1997-03-21,10.985,11.186,10.229,10.269,2802643,0
1997-03-24,10.229,10.269,9.514,10.03,5934139,0
1997-03-25,10.582,10.669,10.19,10.669,9281105,0
1997-03-26,10.783,11.536,10.745,11.386,7745821,0
1997-03-27,11.386,11.462,10.869,10.985,4938155,0
1997-03-31,11.002,11.186,10.431,10.745,5808817,0
1997-04-01,10.469,10.823,10.105,10.489,3948451,0
1997-04-02,10.508,10.745,10.307,10.601,2960946,0
1997-04-03,10.508,10.783,10.344,10.669,3358273,0
1997-04-04,10.582,11.338,10.582,11.146,4306514,0
1997-04-07,11.223,11.739,11.223,11.338,4793986,0
1997-04-08,11.386,11.386,10.823,10.985,3586931,0
1997-04-09,11.021,11.298,10.869,10.869,2701818,0
1997-04-10,10.869,10.985,10.469,10.707,3323092,0
1997-04-11,10.508,10.908,10.344,10.582,3759051,0
1997-04-14,10.508,10.745,10.229,10.669,4839529,0
1997-04-15,10.823,10.946,8.5199,8.5581,11366359,0
1997-04-16,7.8034,8.0805,7.4405,8.0041,18001238,0
1997-04-17,8.3957,9.0737,8.2428,8.6727,9647650,0
1997-04-18,8.835,8.9973,8.4722,8.5199,3426429,0
1997-04-21,8.5199,8.5962,8.3192,8.5581,3319323,0
1997-04-22,8.7203,9.2733,8.4338,9.2355,6248861,0
1997-04-23,9.2355,9.2733,8.7966,8.8731,4641023,0
1997-04-24,8.9973,9.3118,8.7966,9.1122,4660811,0
1997-04-25,9.0737,9.3118,8.835,8.835,3001149,0
1997-04-28,8.9114,9.0737,8.6727,8.9495,2247955,0
1997-04-29,9.1122,9.2355,8.9973,9.1122,1661860,0
1997-04-30,8.9973,9.514,8.9973,9.2355,2020869,0
1997-05-01,9.2355,9.953,9.0355,9.906,5112789,0
1997-05-02,9.953,11.701,9.906,11.499,11688933,0
1997-05-05,11.499,11.664,11.021,11.518,6352823,0
1997-05-06,11.298,11.701,11.261,11.499,4647933,0
1997-05-07,11.424,11.814,10.908,10.985,4059639,0
1997-05-08,10.669,11.585,10.619,11.28,3350104,0
1997-05-09,11.424,11.499,11.021,11.205,2525928,0
1997-05-12,11.462,11.462,10.783,11.108,2479129,0
1997-05-13,10.985,11.108,10.469,10.763,3290742,0
1997-05-14,10.823,10.946,9.953,10.508,6007323,0
1997-05-15,10.431,11.338,10.431,11.298,3740520,0
1997-05-16,11.186,11.462,10.783,10.946,3805538,0
1997-05-19,11.021,11.146,10.707,10.985,1484398,0
1997-05-20,10.783,11.739,10.783,11.536,3796429,0
1997-05-21,11.585,11.938,11.585,11.682,4309343,0
1997-05-22,11.739,11.864,11.386,11.701,3179240,0
1997-05-23,11.701,11.901,11.585,11.864,2329306,0
1997-05-27,11.777,12.252,11.739,11.938,3896940,0
1997-05-28,11.938,12.302,11.664,11.864,3955362,0
1997-05-29,11.814,11.864,11.298,11.624,3601063,0
1997-05-30,11.146,11.901,10.823,11.585,7970082,0
1997-06-02,11.624,11.938,11.462,11.777,2874884,0
1997-06-03,11.585,11.624,10.985,10.985,3328118,0
1997-06-04,11.021,11.585,10.908,11.261,3161021,0
1997-06-05,11.108,11.481,11.06,11.223,2455256,0
1997-06-06,11.146,11.338,10.908,10.965,2123577,0
1997-06-09,10.985,11.223,10.669,10.783,2421021,0
1997-06-10,10.344,10.823,10.269,10.381,3755912,0
1997-06-11,10.067,10.508,9.886,10.105,7027806,0
1997-06-12,9.992,10.269,9.906,10.03,4941924,0
1997-06-13,10.153,10.508,10.067,10.489,3529451,0
1997-06-16,10.431,10.841,10.431,10.763,2397151,0
1997-06-17,10.707,11.386,10.619,11.186,3444019,0
1997-06-18,10.985,11.223,10.823,10.908,2811751,0
1997-06-19,10.869,11.298,10.823,11.06,2562048,0
1997-06-20,11.06,11.298,11.06,11.127,1994486,0
1997-06-23,11.108,11.338,10.985,11.108,2156871,0
1997-06-24,11.146,11.386,11.021,11.261,2963459,0
1997-06-25,11.261,11.624,11.186,11.386,3211276,0
1997-06-26,11.338,11.664,11.338,11.462,2810808,0
1997-06-27,11.701,11.739,11.536,11.624,1784984,0
1997-06-30,11.585,11.864,11.536,11.796,2971626,0
1997-07-01,11.864,12.818,11.777,12.693,8518175,0
1997-07-02,12.693,13.095,12.619,12.951,5865352,0
1997-07-03,13.172,13.295,12.693,12.856,2112582,0
1997-07-07,12.894,12.914,12.619,12.8,2465307,0
1997-07-08,12.711,12.856,12.581,12.818,5901159,0
1997-07-09,12.77,14.364,12.731,14.308,8589788,0
1997-07-10,14.403,15.321,13.927,15.12,10939821,0
1997-07-11,15.244,15.521,14.605,14.881,5669988,0
1997-07-14,14.919,15.884,14.681,15.799,5610938,0
1997-07-15,16.351,19.103,16.351,18.462,21906974,0
1997-07-16,18.627,18.662,17.672,18.243,10633583,0
1997-07-17,18.109,18.148,17.87,17.986,4831362,0
1997-07-18,17.593,17.672,16.599,17.012,8657946,0
1997-07-21,16.993,17.831,16.238,17.71,5140114,0
1997-07-22,17.748,18.5,17.269,18.27,6548189,0
1997-07-23,18.386,18.978,17.908,18.31,6085532,0
1997-07-24,18.223,19.217,17.393,19.065,6195464,0
1997-07-25,19.103,19.341,17.986,18.148,5767987,0
1997-07-28,18.034,19.103,17.71,19.026,6014860,0
1997-07-29,18.7,18.806,17.593,17.831,5952984,0
1997-07-30,16.639,17.03,16.351,16.896,14839276,0
1997-07-31,16.677,17.03,16.477,16.839,6210540,0
1997-08-01,16.79,17.986,16.716,17.672,6222162,0
1997-08-04,17.672,18.941,17.593,18.806,6602527,0
1997-08-05,18.864,19.935,18.864,19.837,8923981,0
1997-08-06,19.742,19.819,19.026,19.687,7195220,0
1997-08-07,19.419,19.658,18.662,19.084,9399204,0
1997-08-08,18.825,18.864,17.986,18.186,6960278,0
1997-08-11,18.349,18.462,17.115,17.593,5418088,0
1997-08-12,17.748,18.186,17.506,17.642,5622875,0
1997-08-13,18.223,18.787,17.356,18.7,7947470,0
1997-08-14,18.627,19.103,18.148,18.864,4144129,0
1997-08-15,18.7,18.825,18.31,18.462,3465061,0
1997-08-18,18.462,18.864,18.053,18.053,4723630,0
1997-08-19,17.672,18.55,17.632,18.405,8302081,0
1997-08-20,18.31,21.177,18.034,21.108,20747975,0
1997-08-21,20.974,21.452,20.097,20.219,13602382,0
1997-08-22,19.742,21.014,19.706,20.898,8167334,0
1997-08-25,20.852,21.472,20.155,20.155,4961710,0
1997-08-26,20.018,20.571,19.419,19.569,4839844,0
1997-08-27,19.78,19.857,19.217,19.503,4576635,0
1997-08-28,19.179,19.217,18.386,18.462,8217592,0
1997-08-29,18.462,18.462,17.748,17.986,5078239,0
1997-09-02,18.186,19.381,18.109,19.179,4164858,0
1997-09-03,19.103,19.819,19.065,19.103,7321171,0
1997-09-04,19.179,19.341,18.482,18.662,4723316,0
1997-09-05,18.903,19.179,18.462,18.627,3145632,0
1997-09-08,18.7,18.903,17.672,17.691,3330630,0
1997-09-09,17.87,18.941,17.729,18.749,5262926,0
1997-09-10,18.662,18.864,17.544,17.613,4056499,0
1997-09-11,17.593,18.223,17.193,17.946,5832689,0
1997-09-12,18.034,18.186,17.451,17.766,3484221,0
1997-09-15,17.71,17.783,16.074,16.18,6210853,0
1997-09-16,16.677,17.47,16.351,17.316,8640670,0
1997-09-17,17.336,17.87,17.231,17.269,4839844,0
1997-09-18,17.356,17.431,16.238,16.258,4355199,0
1997-09-19,16.277,16.955,16.2,16.514,3390307,0
1997-09-22,16.754,17.632,16.716,17.231,3560548,0
1997-09-23,17.231,17.71,16.993,17.613,3738952,0
1997-09-24,17.593,17.831,16.351,16.351,5441960,0
1997-09-25,15.759,16.074,15.101,15.358,15272093,0
1997-09-26,15.483,15.599,14.642,14.881,9106782,0
1997-09-29,14.919,15.799,14.728,15.405,5187857,0
1997-09-30,15.301,15.837,14.565,14.803,5527391,0
1997-10-01,14.919,15.044,13.649,14.01,10880774,0
1997-10-02,14.166,14.843,14.088,14.681,5692918,0
1997-10-03,15.005,15.082,14.288,14.453,5735633,0
1997-10-06,14.453,14.453,13.449,13.688,5840856,0
1997-10-07,13.85,14.453,13.688,14.298,5241880,0
1997-10-08,14.327,15.464,13.973,15.167,5886083,0
1997-10-09,15.044,15.56,14.526,14.681,5132890,0
1997-10-10,14.491,15.12,14.288,14.565,3190546,0
1997-10-13,14.803,15.082,14.491,14.661,2812693,0
1997-10-14,14.728,14.728,13.592,13.927,5899276,0
1997-10-15,13.535,13.85,13.411,13.573,4633170,0
1997-10-16,13.734,13.973,13.017,13.411,5867551,0
1997-10-17,13.057,13.295,11.499,12.214,16570864,0
1997-10-20,12.38,12.693,11.624,12.141,8749031,0
1997-10-21,12.38,12.693,12.302,12.541,11851945,0
1997-10-22,12.731,13.248,12.656,12.77,8937486,0
1997-10-23,11.298,12.454,11.108,12.417,18496562,0
1997-10-24,12.141,12.436,10.823,11.92,23712686,0
1997-10-27,11.701,11.957,10.19,10.985,9903320,0
1997-10-28,10.508,12.417,10.431,11.777,10090833,0
1997-10-29,12.103,12.342,11.424,12.103,7017757,0
1997-10-30,11.664,11.938,11.06,11.06,6351567,0
1997-10-31,11.536,11.701,10.745,11.499,5974973,0
1997-11-03,11.901,12.302,11.536,12.035,4720488,0
1997-11-04,12.214,12.693,11.777,12.454,3988026,0
1997-11-05,12.674,13.372,12.252,12.491,5759191,0
1997-11-06,12.581,12.818,11.664,11.814,4753470,0
1997-11-07,11.186,12.38,11.146,12.103,7154073,0
1997-11-10,12.141,12.302,11.366,11.386,2880223,0
1997-11-11,11.462,11.462,10.669,10.823,5992560,0
1997-11-12,10.783,11.261,10.19,10.526,7705302,0
1997-11-13,10.823,10.985,9.846,10.508,8296426,0
1997-11-14,10.783,11.108,10.431,10.946,4671490,0
1997-11-17,11.261,11.536,11.06,11.108,2408457,0
1997-11-18,11.186,11.223,10.763,11.021,2264603,0
1997-11-19,10.869,10.985,10.564,10.823,3521598,0
1997-11-20,10.985,11.223,10.763,11.186,3261219,0
1997-11-21,11.386,11.424,10.362,10.469,5544666,0
1997-11-24,10.344,10.544,9.675,9.866,3643467,0
1997-11-25,9.866,10.619,9.752,10.325,3896940,0
1997-11-26,10.411,10.469,9.591,9.828,2660987,0
1997-11-28,9.791,9.866,9.629,9.752,1029280,0
1997-12-01,9.953,10.344,9.752,10.067,2410342,0
1997-12-02,9.953,10.153,9.2733,9.4559,3130239,0
1997-12-03,9.4748,9.752,9.3514,9.571,2954033,0
1997-12-04,9.675,9.791,9.1888,9.2733,2558907,0
1997-12-05,9.1888,10.229,9.1888,10.153,3534792,0
1997-12-08,10.153,10.823,10.03,10.469,6227815,0
1997-12-09,10.229,10.381,9.629,9.973,6248231,0
1997-12-10,9.712,10.067,9.675,9.906,4402627,0
1997-12-11,9.629,9.629,8.1949,8.281,10535272,0
1997-12-12,8.5581,8.6346,8.0423,8.157,4479581,0
1997-12-15,8.1949,9.1888,8.0041,8.7585,4684054,0
1997-12-16,8.835,9.2355,8.5581,8.5962,2931107,0
1997-12-17,8.7966,9.0737,8.3957,8.4722,2090597,0
1997-12-18,8.4338,9.551,8.1377,9.0931,7226628,0
1997-12-19,9.0355,9.629,8.8731,9.2733,6788470,0
1997-12-22,9.3883,9.629,9.1888,9.2355,2690198,0
1997-12-23,9.1888,9.551,9.0166,9.4369,3183007,0
1997-12-24,9.514,9.551,9.3118,9.514,1017972,0
1997-12-26,9.408,9.551,9.3883,9.4369,571647,0
1997-12-29,9.4748,9.629,9.3514,9.4369,1711800,0
1997-12-30,9.4748,9.551,9.3514,9.408,1664374,0
1997-12-31,9.4369,9.551,9.2733,9.3118,1925699,0
1998-01-02,9.3883,9.808,9.2733,9.712,2048195,0
1998-01-05,9.752,10.269,9.4559,9.514,5272034,0
1998-01-06,9.2733,9.37,8.281,8.281,9620008,0
1998-01-07,8.3192,8.5389,8.0041,8.0995,5514511,0
1998-01-08,8.0423,8.5962,7.7367,7.8223,6121653,0
1998-01-09,7.9179,8.1185,6.9628,7.24,7603853,0
1998-01-12,7.1636,7.9561,7.1636,7.4022,5001599,0
1998-01-13,7.7556,8.2428,7.4022,8.023,8613031,0
1998-01-14,7.9179,8.0423,7.5644,7.9179,6727224,0
1998-01-15,7.9561,8.2619,7.5169,7.6031,2729144,0
1998-01-16,7.7174,7.9561,7.5644,7.5644,3821242,0
1998-01-20,7.7174,8.157,7.7174,8.023,1962447,0
1998-01-21,7.9179,8.5962,7.7556,8.0041,6073597,0
1998-01-22,7.364,7.7556,7.1825,7.2877,11318306,0
1998-01-23,7.5644,7.6408,7.2018,7.4022,2990471,0
1998-01-26,7.4405,7.4405,6.8674,6.8864,3992737,0
1998-01-27,6.8484,7.2018,6.8101,7.1442,6453334,0
1998-01-28,7.1636,7.4977,6.9628,7.364,4321906,0
1998-01-29,7.2018,7.4405,7.0393,7.1636,5106505,0
1998-01-30,7.24,7.307,7.1636,7.2591,2784740,0
1998-02-02,7.4405,7.7367,7.3833,7.5456,4097957,0
1998-02-03,7.5456,8.157,7.3833,7.8991,8451271,0
1998-02-04,7.8417,8.5581,7.7174,8.2428,6796322,0
1998-02-05,8.4722,8.7203,7.8223,7.9179,5215812,0
1998-02-06,8.0041,8.3957,7.9372,8.0805,4379699,0
1998-02-09,8.1949,8.281,7.9179,8.0423,1661860,0
1998-02-10,8.0805,8.5008,7.9179,8.3384,5352442,0
1998-02-11,8.281,8.5199,8.281,8.3766,4301804,0
1998-02-12,8.6727,9.2733,8.6346,9.0546,10476538,0
1998-02-13,8.5962,9.2928,8.5581,9.2172,9677803,0
1998-02-17,9.1122,9.2172,9.0166,9.0546,6501703,0
1998-02-18,9.0355,9.408,9.0355,9.3314,4402627,0
1998-02-19,9.408,9.934,9.3514,9.37,5342705,0
1998-02-20,9.4748,9.629,8.8731,9.0546,5869751,0
1998-02-23,9.2355,9.4748,8.9973,9.4748,2995809,0
1998-02-24,9.3883,9.3883,8.835,8.8731,4066548,0
1998-02-25,9.0737,9.533,8.8731,9.4559,4030427,0
1998-02-26,9.4748,9.629,9.2928,9.514,3012771,0
1998-02-27,9.3883,9.4369,8.9973,8.9973,2313601,0
1998-03-02,9.0166,9.0737,8.7203,8.7966,3517830,0
1998-03-03,8.7966,9.1122,8.6346,9.0355,3843542,0
1998-03-04,9.0546,9.2733,8.9973,9.0737,3765334,0
1998-03-05,8.7395,8.8731,8.3957,8.5581,5315377,0
1998-03-06,8.5962,8.8731,8.3957,8.453,4914912,0
1998-03-09,8.3574,8.4338,8.0423,8.0613,3219758,0
1998-03-10,8.176,8.5199,8.1185,8.5199,1695156,0
1998-03-11,8.6346,8.6727,8.2428,8.4722,3605462,0
1998-03-12,8.4338,8.6346,8.3192,8.5199,6107833,0
1998-03-13,8.5581,8.7966,8.5199,8.6534,1074194,0
1998-03-16,8.6727,8.7203,8.5581,8.6346,765756,0
1998-03-17,8.6346,8.7203,8.2999,8.6346,2769349,0
1998-03-18,8.5962,8.9495,8.5581,8.6534,2609790,0
1998-03-19,8.6534,9.1122,8.5962,9.1122,2266800,0
1998-03-20,9.0931,9.1122,8.5581,8.577,4733364,0
1998-03-23,8.5199,8.7585,8.5199,8.6153,2241360,0
1998-03-24,8.6153,8.6534,8.4338,8.5581,2405004,0
1998-03-25,8.9114,9.1122,8.5199,8.6917,5360922,0
1998-03-26,8.7585,8.9114,8.453,8.7585,1765513,0
1998-03-27,8.7966,9.0355,8.7585,8.9973,1727191,0
1998-03-30,8.9495,9.1888,8.9495,9.0546,1418125,0
1998-03-31,8.9973,9.1697,8.9114,8.9495,1276157,0
1998-04-01,8.8731,9.791,8.7966,9.694,5899588,0
1998-04-02,9.629,10.067,9.591,9.906,6242264,0
1998-04-03,9.934,10.011,9.675,9.973,3650376,0
1998-04-06,9.953,9.953,9.3883,9.533,3813705,0
1998-04-07,9.4748,9.4748,9.0166,9.1888,3597294,0
1998-04-08,9.0931,9.2733,9.0166,9.1501,1189779,0
1998-04-09,9.1888,9.4748,9.1501,9.2538,4396345,0
1998-04-13,9.2733,9.3883,9.0355,9.3883,1667829,0
1998-04-14,9.3118,9.953,9.1122,9.591,3886573,0
1998-04-15,9.629,9.992,9.3118,9.886,4018181,0
1998-04-16,9.752,9.828,9.3514,9.514,2985131,0
1998-04-17,9.4748,9.752,9.3883,9.591,1378863,0
1998-04-20,9.4748,10.508,9.4748,10.105,4993120,0
1998-04-21,10.19,10.229,9.866,9.953,1474036,0
1998-04-22,9.992,10.288,9.906,10.085,5101483,0
1998-04-23,10.049,10.105,9.675,9.712,2860748,0
1998-04-24,9.791,9.953,9.712,9.953,2909119,0
1998-04-27,9.712,9.866,9.551,9.647,2710928,0
1998-04-28,9.791,9.846,9.591,9.828,1337088,0
1998-04-29,9.828,9.837,9.591,9.694,2163150,0
1998-04-30,9.866,9.953,9.752,9.866,2414738,0
1998-05-01,9.846,9.906,9.3883,9.591,2285019,0
1998-05-04,9.591,10.307,9.591,9.934,5286795,0
1998-05-05,9.953,10.229,9.906,9.906,2552626,0
1998-05-06,10.03,10.03,9.533,9.591,2202412,0
1998-05-07,9.629,9.629,9.1888,9.2355,3091295,0
1998-05-08,9.2538,9.591,9.2355,9.4559,2253925,0
1998-05-11,9.514,9.629,9.1888,9.2172,1708662,0
1998-05-12,9.1501,9.2355,8.9114,9.1315,2285647,0
1998-05-13,9.1888,9.514,9.1501,9.2538,2100333,0
1998-05-14,9.1501,9.3118,8.835,8.835,1267047,0
1998-05-15,8.7585,8.835,8.2141,8.281,4542085,0
1998-05-18,8.2619,8.5581,8.0423,8.4338,3580335,0
1998-05-19,8.5962,8.7203,8.157,8.2428,1904653,0
1998-05-20,8.3192,8.3574,7.8417,7.9179,3399104,0
1998-05-21,7.9561,8.0041,7.7556,7.8034,2041601,0
1998-05-22,7.8417,7.9179,7.364,7.6791,2007048,0
1998-05-26,7.8608,7.9179,7.5644,7.6408,1836810,0
1998-05-27,7.4595,7.7174,7.326,7.4405,3047007,0
1998-05-28,7.4787,7.8223,7.4405,7.7844,2574614,0
1998-05-29,7.8417,7.8417,7.5644,7.5838,2442692,0
1998-06-01,7.5644,7.6031,7.2018,7.326,3772872,0
1998-06-02,7.326,7.4405,7.24,7.2591,1977523,0
1998-06-03,7.326,7.364,6.8864,6.9822,1957108,0
1998-06-04,7.0393,7.1636,6.8484,7.1539,3204996,0
1998-06-05,7.1636,7.24,6.9248,7.1636,1466808,0
1998-06-08,7.1636,7.4022,6.9058,6.9058,1861937,0
1998-06-09,7.0011,7.364,6.8674,7.364,2894357,0
1998-06-10,7.1253,7.24,6.6858,6.8864,4646991,0
1998-06-11,6.9248,7.0393,6.8101,6.8864,3539817,0
1998-06-12,6.8484,6.8484,6.3706,6.5425,7878683,0
1998-06-15,6.5044,6.8864,6.3229,6.4471,3752142,0
1998-06-16,6.5713,6.724,6.2655,6.724,3505892,0
1998-06-17,6.7623,6.9248,6.3517,6.4089,3195257,0
1998-06-18,6.3706,6.7433,6.3706,6.724,2688313,0
1998-06-19,6.5425,6.7433,6.4664,6.5237,1739441,0
1998-06-22,6.5713,6.8101,6.4471,6.724,3061770,0
1998-06-23,6.724,7.2877,6.6858,7.0393,4344834,0
1998-06-24,7.0872,7.24,6.7623,7.0202,2633032,0
1998-06-25,7.2208,7.4405,6.9058,6.9058,5143882,0
1998-06-26,6.8864,6.9248,6.3517,6.3899,3874009,0
1998-06-29,6.4855,6.6287,6.3229,6.3899,2204611,0
1998-06-30,6.3517,6.3517,5.9124,6.0841,3680215,0
1998-07-01,6.1703,6.2083,5.9695,6.1894,1626996,0
1998-07-02,6.0461,6.1318,5.7308,5.75,3303619,0
1998-07-06,5.788,6.0078,5.7308,5.9505,1470893,0
1998-07-07,5.8931,6.1318,5.6543,6.1128,3842601,0
1998-07-08,6.1128,6.2655,5.8549,6.2276,2276852,0
1998-07-09,6.2276,6.2466,6.0078,6.1128,1743837,0
1998-07-10,6.1318,6.1318,5.9695,6.0841,1308195,0
1998-07-13,6.0461,6.1894,5.8072,6.1894,2831853,0
1998-07-14,6.1703,6.2276,5.6927,5.7308,2119179,0
1998-07-15,5.769,6.3517,5.769,6.2848,3857995,0
1998-07-16,6.3229,6.6858,5.9695,6.1894,4070948,0
1998-07-17,5.9887,6.1703,5.9695,5.9887,2282193,0
1998-07-20,5.9315,6.0078,5.7308,5.8262,1172505,0
1998-07-21,5.8262,6.1703,5.75,5.9695,5216440,0
1998-07-22,5.8931,5.9505,5.5685,5.8742,3723246,0
1998-07-23,5.8742,5.9315,5.6064,5.75,1443568,0
1998-07-24,5.8072,5.8549,5.6064,5.75,1716826,0
1998-07-27,5.769,5.769,5.3775,5.4539,3586301,0
1998-07-28,5.4729,5.7308,5.4539,5.4921,3380887,0
1998-07-29,5.3488,5.8931,5.0144,5.3965,8497445,0
1998-07-30,5.5685,5.8262,5.5685,5.75,2698991,0
1998-07-31,5.75,5.9315,5.6543,5.7117,2624867,0
1998-08-03,5.6543,5.8072,5.5302,5.6735,1530256,0
1998-08-04,5.769,6.1318,5.7117,6.0461,4029487,0
1998-08-05,6.0841,6.1128,5.5685,5.7308,2228169,0
1998-08-06,5.6927,6.0841,5.6064,5.8549,3296709,0
1998-08-07,6.1318,6.7433,5.8549,6.2655,5392959,0
1998-08-10,6.2848,6.2848,5.6543,5.769,2785054,0
1998-08-11,5.6064,5.9695,5.5302,5.769,2182939,0
1998-08-12,5.8549,6.0841,5.6543,5.788,2001708,0
1998-08-13,5.8549,6.0269,5.5877,5.6353,1668142,0
1998-08-14,5.7308,5.8549,5.6064,5.8072,1513296,0
1998-08-17,5.75,5.8931,5.6543,5.788,2235393,0
1998-08-18,5.8742,6.2848,5.769,6.151,4601760,0
1998-08-19,6.151,6.1894,5.7308,5.75,2393379,0
1998-08-20,5.6927,5.7308,5.5302,5.5685,1312589,0
1998-08-21,5.4921,5.5302,5.2532,5.4539,1838379,0
1998-08-24,5.4729,5.7308,5.4158,5.4729,1072938,0
1998-08-25,5.6064,5.6064,5.2724,5.3488,1307250,0
1998-08-26,5.2532,5.2532,5.0337,5.0529,2352236,0
1998-08-27,4.8712,4.9761,4.4411,4.4794,5185972,0
1998-08-28,4.5179,4.5751,4.1738,4.2024,2887134,0
1998-08-31,4.2599,4.298,3.4384,3.4862,4053041,0
1998-09-01,3.5433,3.9828,3.4576,3.8206,3785750,0
1998-09-02,3.9448,3.9448,3.7061,3.7441,2207438,0
1998-09-03,3.7061,3.8587,3.5053,3.725,1485028,0
1998-09-04,3.8206,3.897,3.6584,3.7441,650797,0
1998-09-08,3.9448,4.0593,3.7824,3.8206,1489111,0
1998-09-09,3.8206,3.8206,3.4576,3.5433,2181057,0
1998-09-10,3.3813,3.5053,3.1807,3.1997,6768054,0
1998-09-11,3.2666,3.3622,3.1807,3.2188,2904407,0
1998-09-14,3.3047,3.343,3.2188,3.2188,1886750,0
1998-09-15,3.2666,3.4576,3.2475,3.3622,5279257,0
1998-09-16,3.3239,3.3622,3.1613,3.3239,2668839,0
1998-09-17,3.2666,3.3622,3.1807,3.2188,2532837,0
1998-09-18,3.1997,3.2188,3.1613,3.1997,2577438,0
1998-09-21,3.1424,3.343,2.9897,3.343,2260520,0
1998-09-22,3.4195,3.5246,3.3239,3.343,3710683,0
1998-09-23,3.3622,3.4002,3.3047,3.343,3531023,0
1998-09-24,3.3813,3.4002,3.2666,3.2666,5411493,0
1998-09-25,3.3047,3.6584,3.1807,3.62,4727711,0
1998-09-28,3.7631,3.7824,3.4384,3.4862,4640395,0
1998-09-29,3.5053,3.5246,3.1424,3.2475,3799257,0
1998-09-30,3.1807,3.2188,3.1044,3.1807,7604480,0
1998-10-01,3.1424,3.2475,2.9037,3.0278,6534999,0
1998-10-02,3.1424,3.1424,2.961,3.085,701053,0
1998-10-05,3.1137,3.1613,3.0278,3.0467,1776818,0
1998-10-06,3.1044,3.1807,2.9418,2.9897,1656523,0
1998-10-07,3.0278,3.0278,2.7413,2.8081,2255809,0
1998-10-08,2.703,2.8651,2.6649,2.8081,1295627,0
1998-10-09,2.9037,3.2378,2.8081,3.1613,3140292,0
1998-10-12,3.3813,3.8014,3.343,3.7824,8151629,0
1998-10-13,3.7441,3.7824,3.2188,3.3239,3089094,0
1998-10-14,3.3047,3.5433,3.2188,3.4384,3609544,0
1998-10-15,3.4195,3.7441,3.3813,3.5246,3438050,0
1998-10-16,3.4002,3.5053,3.1424,3.1711,3284460,0
1998-10-19,3.1424,3.3813,3.1232,3.3813,1604696,0
1998-10-20,3.4002,3.6584,3.2666,3.2666,4571295,0
1998-10-21,3.4002,3.9828,3.4002,3.9828,8376517,0
1998-10-22,4.1359,4.6992,3.8587,4.5369,8199999,0
1998-10-23,4.5751,5.1099,4.4607,4.6516,12626182,0
1998-10-26,4.7947,4.814,4.5561,4.6134,1811367,0
1998-10-27,4.6992,4.814,4.3364,4.3554,3360469,0
1998-10-28,4.3745,4.7373,4.1359,4.6992,3960070,0
1998-10-29,4.7567,4.9382,4.5369,4.6134,5087035,0
1998-10-30,4.7567,4.9382,4.5561,4.5943,2999893,0
1998-11-02,4.4607,4.5943,4.298,4.5369,2594713,0
1998-11-03,4.4988,4.5561,4.4411,4.5369,1290915,0
1998-11-04,4.5179,4.7373,4.4607,4.5943,1875757,0
1998-11-05,4.6134,4.6516,4.4794,4.6039,732462,0
1998-11-06,4.6324,4.6803,4.5369,4.6134,1245688,0
1998-11-09,4.6516,4.6516,4.4794,4.5751,633524,0
1998-11-10,4.5561,4.6516,4.4988,4.4988,565994,0
1998-11-11,4.5943,5.0529,4.5751,4.7373,3575623,0
1998-11-12,4.7567,5.4346,4.6516,5.3965,5203249,0
1998-11-13,5.5494,5.8072,5.2151,5.3105,8240202,0
1998-11-16,5.3775,5.4729,4.9571,5.0337,1779961,0
1998-11-17,4.9382,5.3105,4.7757,5.2151,2545087,0
1998-11-18,5.2151,5.6735,5.1577,5.4729,4961397,0
1998-11-19,5.4539,5.5685,5.1959,5.2342,2317685,0
1998-11-20,5.3297,5.8549,5.2532,5.788,3528823,0
1998-11-23,5.9124,6.5902,5.9124,6.304,5163044,0
1998-11-24,6.3706,6.8674,6.304,6.3706,3921122,0
1998-11-25,6.4855,6.5237,5.9505,6.2466,2551998,0
1998-11-27,6.3706,6.3706,6.0651,6.1318,580129,0
1998-11-30,6.0841,6.1318,5.6353,5.6927,1907794,0
1998-12-01,5.6735,5.9505,5.4921,5.8742,2470334,0
1998-12-02,5.8549,6.724,5.6353,6.6478,9307489,0
1998-12-03,6.5713,7.1636,6.2276,6.2276,9850238,0
1998-12-04,6.6858,6.9248,6.2848,6.3706,3267813,0
1998-12-07,6.3899,6.5902,6.2466,6.3229,1666574,0
1998-12-08,6.4664,6.6858,6.3229,6.5713,2697736,0
1998-12-09,6.5902,6.7623,6.1318,6.1703,2525614,0
1998-12-10,6.1703,6.2083,5.6064,5.6927,2711244,0
1998-12-11,5.7117,6.0078,5.4539,5.6735,2237590,0
1998-12-14,5.5302,5.6064,5.0908,5.2151,2191421,0
1998-12-15,5.2915,5.769,5.2151,5.7308,2897812,0
1998-12-16,5.769,5.8072,5.2532,5.5685,2508967,0
1998-12-17,5.6064,5.8262,5.4921,5.788,1582710,0
1998-12-18,5.9124,6.2276,5.8931,6.0078,3070876,0
1998-12-21,6.1318,6.3706,5.769,6.0461,2348467,0
1998-12-22,6.0461,6.0651,5.7117,5.7308,1676307,0
1998-12-23,5.8742,5.9505,5.7308,5.8742,1756088,0
1998-12-24,5.8072,5.8262,5.5302,5.5877,1005095,0
1998-12-28,5.6064,5.8072,5.6064,5.7117,1351850,0
1998-12-29,5.6735,5.6927,5.4539,5.4729,1142666,0
1998-12-30,5.4729,5.9124,5.4346,5.6353,1844976,0
1998-12-31,5.5685,5.769,5.4539,5.6735,1277097,0
1999-01-04,5.769,6.151,5.75,6.0461,4413306,0
1999-01-05,6.2848,8.1185,6.2466,8.0423,17190253,0
1999-01-06,8.3192,8.8731,8.281,8.6346,12118611,0
1999-01-07,8.281,8.7966,8.2428,8.453,4553391,0
1999-01-08,8.5962,8.9495,8.2428,8.6727,3279750,0
1999-01-11,8.7585,9.591,8.6727,9.3883,4652017,0
1999-01-12,9.514,9.551,9.0355,9.3883,2851012,0
1999-01-13,8.9973,9.37,8.7203,9.1501,3727958,0
1999-01-14,9.1697,9.1888,8.4338,8.5199,1475605,0
1999-01-15,8.6346,9.1888,8.5199,9.0546,2355375,0
1999-01-19,9.1122,9.1501,8.4722,8.5962,2530638,0
1999-01-20,8.7585,9.37,8.6727,9.0355,2701191,0
1999-01-21,8.9114,8.9973,8.3574,8.4722,2114466,0
1999-01-22,8.4338,8.4338,8.1949,8.3574,1046554,0
1999-01-25,8.3384,9.2172,8.281,9.2172,4358028,0
1999-01-26,9.3118,9.866,9.0737,9.866,6070769,0
1999-01-27,9.828,9.846,9.514,9.771,5392646,0
1999-01-28,10.067,10.908,10.03,10.288,11712176,0
1999-01-29,11.223,12.491,11.146,12.214,15985082,0
1999-02-01,12.179,12.252,11.739,11.844,6144581,0
1999-02-02,11.664,11.739,11.108,11.481,3718533,0
1999-02-03,11.223,12.083,11.186,11.462,4174910,0
1999-02-04,11.404,11.814,11.205,11.739,4101098,0
1999-02-05,11.624,12.179,10.908,11.166,4346404,0
1999-02-08,11.777,12.103,11.298,11.757,4412050,0
1999-02-09,11.777,11.901,10.745,10.745,3356699,0
1999-02-10,10.707,11.166,10.344,10.869,2429188,0
1999-02-11,10.985,11.386,10.508,10.927,4931243,0
1999-02-12,10.669,11.28,10.469,11.127,3940283,0
1999-02-16,11.424,12.179,11.223,11.976,6796950,0
1999-02-17,11.777,12.38,11.28,11.536,3903534,0
1999-02-18,11.644,11.864,11.146,11.424,2157810,0
1999-02-19,11.536,11.585,11.06,11.146,2995181,0
1999-02-22,11.127,11.424,10.726,11.205,2845045,0
1999-02-23,11.28,11.605,11.06,11.186,2449918,0
1999-02-24,11.186,11.664,11.06,11.205,2252669,0
1999-02-25,11.146,11.624,10.526,10.726,2525300,0
1999-02-26,10.582,10.582,9.0166,9.408,5627585,0
1999-03-01,9.3883,9.866,8.835,9.712,4156065,0
1999-03-02,9.846,10.269,9.3118,9.4369,3322151,0
1999-03-03,9.551,9.752,8.9114,9.3118,2772804,0
1999-03-04,9.2733,9.752,9.2538,9.3514,3458779,0
1999-03-05,9.629,10.172,9.4748,10.085,2592829,0
1999-03-08,10.105,11.079,10.085,10.985,4339808,0
1999-03-09,10.927,11.555,9.675,9.675,5527391,0
1999-03-10,9.866,11.127,9.828,11.06,5812272,0
1999-03-11,11.108,11.424,10.19,10.411,3429885,0
1999-03-12,10.469,10.869,10.288,10.508,2389297,0
1999-03-15,10.508,10.763,10.209,10.344,1562921,0
1999-03-16,10.431,11.186,10.344,10.745,2364484,0
1999-03-17,10.707,11.223,10.689,10.985,1636106,0
1999-03-18,10.869,10.908,10.411,10.508,1168423,0
1999-03-19,10.745,10.823,10.067,10.209,2559850,0
1999-03-22,10.105,10.381,9.551,9.828,2856982,0
1999-03-23,9.791,9.846,9.0931,9.2928,2188594,0
1999-03-24,9.3118,9.4748,8.7966,9.2538,4262855,0
1999-03-25,9.514,9.906,9.408,9.752,2509281,0
1999-03-26,9.675,9.694,9.0737,9.2355,1470264,0
1999-03-29,9.2733,10.011,9.2355,10.011,2030291,0
1999-03-30,9.791,10.401,9.609,9.906,1968100,0
1999-03-31,10.03,10.03,9.2355,9.2355,2885563,0
1999-04-01,9.866,11.462,9.591,10.763,16828733,0
1999-04-05,10.908,10.985,10.269,10.707,3458153,0
1999-04-06,10.649,11.186,10.105,10.19,3989281,0
1999-04-07,10.526,10.763,10.172,10.269,2372967,0
1999-04-08,10.172,10.526,9.752,10.344,2155927,0
1999-04-09,10.344,10.489,9.906,10.249,1093041,0
1999-04-12,9.771,10.469,9.629,9.953,2645598,0
1999-04-13,9.906,10.067,9.0355,9.1501,2383017,0
1999-04-14,9.3514,10.19,9.3514,9.3883,3310530,0
1999-04-15,9.694,10.105,9.2355,9.992,1783728,0
1999-04-16,9.808,9.828,9.4748,9.675,908981,0
1999-04-19,9.752,9.973,9.1122,9.2733,2908803,0
1999-04-20,9.2538,9.4748,8.7203,8.9305,2664442,0
1999-04-21,9.1122,10.269,9.0931,10.085,3302990,0
1999-04-22,10.269,10.908,9.791,10.869,2891845,0
1999-04-23,11.06,11.777,11.06,11.605,8630304,0
1999-04-26,11.701,12.179,10.823,10.908,1766453,0
1999-04-27,11.06,11.108,10.19,10.411,2118864,0
1999-04-28,10.344,10.783,10.153,10.431,2532209,0
1999-04-29,10.269,10.307,9.866,9.992,2600680,0
1999-04-30,10.153,10.269,9.4369,10.03,1890205,0
1999-05-03,10.153,10.19,9.866,9.973,1225271,0
1999-05-04,9.906,10.153,9.694,9.771,2782539,0
1999-05-05,9.732,10.869,9.629,10.707,2647794,0
1999-05-06,10.582,10.985,10.325,10.508,1609092,0
1999-05-07,10.431,10.833,10.19,10.307,2058560,0
1999-05-10,10.19,10.209,9.4559,9.591,4188103,0
1999-05-11,9.629,9.712,9.2172,9.2538,3453441,0
1999-05-12,9.4748,9.906,9.2355,9.732,3378060,0
1999-05-13,9.953,10.411,9.846,10.105,2723180,0
1999-05-14,9.953,10.03,9.675,9.808,1887690,0
1999-05-17,9.4748,9.712,9.2355,9.591,2665698,0
1999-05-18,9.591,10.03,9.551,9.694,2234136,0
1999-05-19,10.067,10.381,9.866,10.269,4015353,0
1999-05-20,10.153,10.269,9.828,10.105,1314787,0
1999-05-21,10.067,10.124,9.675,9.732,2434841,0
1999-05-24,9.629,9.675,8.9784,9.0546,3380887,0
1999-05-25,9.1501,9.3883,8.7778,8.9114,4119944,0
1999-05-26,8.9495,9.0737,8.2999,8.6346,3338799,0
1999-05-27,8.5962,9.1501,8.4338,8.7778,1763314,0
1999-05-28,8.7966,8.9973,8.6727,8.835,961122,0
1999-06-01,8.7585,9.1501,8.5962,8.9973,4420531,0
1999-06-02,8.9973,9.4748,8.9973,9.3514,2675118,0
1999-06-03,9.3514,9.3514,9.1122,9.1501,1996369,0
1999-06-04,9.2355,9.752,9.2355,9.675,1885494,0
1999-06-07,9.712,9.828,9.591,9.647,1926009,0
1999-06-08,9.828,10.19,9.675,10.153,2100333,0
1999-06-09,10.19,11.186,10.067,11.108,5921575,0
1999-06-10,11.108,11.462,10.619,11.298,5944190,0
1999-06-11,11.28,11.499,11.06,11.205,4533605,0
1999-06-14,11.186,11.624,11.186,11.404,3216618,0
1999-06-15,11.424,11.605,10.783,10.985,2456827,0
1999-06-16,11.041,11.462,11.021,11.462,3554893,0
1999-06-17,11.338,12.471,11.338,12.454,6633622,0
1999-06-18,12.77,13.134,12.731,12.894,9350831,0
1999-06-21,12.933,13.649,12.856,13.487,4206634,0
1999-06-22,13.449,13.792,13.057,13.21,3046062,0
1999-06-23,13.076,13.449,12.619,13.391,2724433,0
1999-06-24,13.248,13.372,12.894,12.97,4676830,0
1999-06-25,12.97,13.295,12.933,13.172,1964018,0
1999-06-28,13.076,13.668,13.076,13.629,1535598,0
1999-06-29,13.487,14.491,13.487,14.327,6076739,0
1999-06-30,14.249,14.967,14.127,14.863,3897254,0
1999-07-01,14.881,14.881,13.707,14.01,3087837,0
1999-07-02,14.069,14.249,13.889,14.185,1902770,0
1999-07-06,14.204,14.766,14.049,14.249,2755843,0
1999-07-07,14.249,14.249,13.487,13.629,2050392,0
1999-07-08,13.773,14.642,13.668,14.526,3515631,0
1999-07-09,14.546,14.565,14.249,14.327,961436,0
1999-07-12,14.565,15.024,14.204,14.403,2463110,0
1999-07-13,14.232,14.364,13.991,14.249,3426115,0
1999-07-14,14.423,15.923,14.423,15.884,11724109,0
1999-07-15,15.759,15.818,15.206,15.72,4636311,0
1999-07-16,15.683,16.571,15.599,16.296,4821627,0
1999-07-19,16.16,16.399,15.56,15.617,2353490,0
1999-07-20,15.56,15.56,14.919,15.483,3954104,0
1999-07-21,15.464,15.759,15.082,15.244,1039016,0
1999-07-22,15.12,15.186,14.423,14.565,3076844,0
1999-07-23,14.642,15.082,14.623,15.063,1512039,0
1999-07-26,15.063,15.225,13.946,14.268,3200597,0
1999-07-27,14.491,15.321,14.453,14.843,3237660,0
1999-07-28,14.823,15.483,14.681,15.358,1885494,0
1999-07-29,15.167,15.857,14.623,14.766,4306514,0
1999-07-30,16.754,17.748,16.716,17.632,25338113,0
1999-08-02,17.393,18.405,17.356,17.632,8293913,0
1999-08-03,17.748,17.986,17.231,17.831,5890482,0
1999-08-04,17.672,17.691,17.067,17.249,1939833,0
1999-08-05,17.193,17.269,16.619,17.269,2732915,0
1999-08-06,17.135,17.908,17.096,17.691,3976720,0
1999-08-09,17.525,17.908,17.413,17.748,3625877,0
1999-08-10,17.691,17.89,16.916,17.831,3501812,0
1999-08-11,17.85,18.55,17.729,18.55,2814577,0
1999-08-12,18.462,18.55,17.393,17.573,4475183,0
1999-08-13,17.87,19.007,16.993,18.96,6545677,0
1999-08-16,18.96,19.103,17.831,18.386,4161403,0
1999-08-17,18.57,18.749,17.288,17.87,3415749,0
1999-08-18,17.154,17.249,16.074,16.091,9051191,0
1999-08-19,16.056,16.79,15.884,15.962,4870625,0
1999-08-20,16.037,16.417,15.424,15.884,2557335,0
1999-08-23,16.074,17.249,15.998,17.115,4486175,0
1999-08-24,17.115,17.986,16.839,17.811,4080683,0
1999-08-25,18.034,18.186,17.174,17.544,2659731,0
1999-08-26,17.544,17.908,17.47,17.525,2159694,0
1999-08-27,17.662,18.053,17.316,17.748,2085885,0
1999-08-30,17.748,17.908,17.231,17.288,1093041,0
1999-08-31,17.288,18.034,17.269,17.966,3261843,0
1999-09-01,18.053,18.883,18.053,18.329,3177043,0
1999-09-02,18.186,18.5,17.927,18.29,2742650,0
1999-09-03,18.349,19.217,18.349,19.217,3668908,0
1999-09-07,19.103,20.515,19.103,20.394,6020201,0
1999-09-08,20.256,20.974,19.742,20.462,4072831,0
1999-09-09,20.462,20.531,19.723,20.182,1224959,0
1999-09-10,20.531,20.774,19.78,19.799,3110138,0
1999-09-13,19.742,19.761,18.369,18.405,2889332,0
1999-09-14,18.72,21.014,18.462,20.792,8380916,0
1999-09-15,20.935,20.935,19.503,19.598,5185660,0
1999-09-16,19.896,20.219,19.303,19.419,4234275,0
1999-09-17,19.4,20.571,19.121,20.315,3013710,0
1999-09-20,20.275,20.898,20.275,20.611,3028162,0
1999-09-21,20.497,20.497,19.618,19.799,1908422,0
1999-09-22,19.819,20.497,19.046,20.256,2704018,0
1999-09-23,20.275,20.679,19.381,19.4,2255809,0
1999-09-24,19.341,19.341,17.831,18.386,5723700,0
1999-09-27,18.72,19.381,18.443,18.903,2254868,0
1999-09-28,18.903,19.503,18.223,19.4,2417566,0
1999-09-29,19.466,20.699,19.303,20.219,5313179,0
1999-09-30,20.2,20.631,19.323,19.419,6801033,0
1999-10-01,19.303,20.898,19.303,20.631,6154634,0
1999-10-04,20.915,21.512,20.414,21.346,2708417,0
1999-10-05,21.452,21.729,20.871,21.615,4141618,0
1999-10-06,21.586,22.282,21.365,22.168,3374603,0
1999-10-07,22.148,22.148,21.108,21.289,2430445,0
1999-10-08,21.031,21.988,20.295,21.512,4034827,0
1999-10-11,21.651,22.248,21.586,22.128,1131674,0
1999-10-12,22.607,23.736,22.607,22.684,9471757,0
1999-10-13,22.57,23.277,22.168,22.925,3300791,0
1999-10-14,23.162,23.697,22.523,23.496,3355444,0
1999-10-15,22.523,23.879,22.523,23.544,3072449,0
1999-10-18,23.544,23.638,22.248,22.484,4026659,0
1999-10-19,22.684,23.717,22.168,22.799,5560370,0
1999-10-20,23.087,23.956,22.248,23.62,6591533,0
1999-10-21,23.2,24.891,23.087,24.538,7522187,0
1999-10-22,25.35,25.51,23.697,23.918,7153130,0
1999-10-25,24.076,24.813,23.638,23.658,5936965,0
1999-10-26,23.879,25.197,23.82,24.852,3872755,0
1999-10-27,24.813,24.832,24.04,24.316,3816218,0
1999-10-28,24.832,25.587,24.481,25.549,3096005,0
1999-10-29,25.808,27.021,25.79,26.887,5783376,0
1999-11-01,26.727,27.096,26.189,26.189,2564247,0
1999-11-02,26.42,26.887,25.751,26.008,2891530,0
1999-11-03,26.381,27.757,26.361,27.498,7043825,0
1999-11-04,27.555,27.574,26.629,27.126,1963074,0
1999-11-05,27.297,28.454,27.096,28.272,4576007,0
1999-11-08,28.137,28.691,27.938,28.252,1717142,0
1999-11-09,28.512,28.633,27.422,27.774,2367313,0
1999-11-10,27.794,28.577,27.698,28.532,2039400,0
1999-11-11,28.651,29.772,28.651,29.446,3144688,0
1999-11-12,29.446,29.494,28.194,29.494,2648423,0
1999-11-15,29.734,29.734,27.186,27.422,5388560,0
1999-11-17,28.194,29.207,26.964,27.057,5207017,0
1999-11-18,27.166,27.221,25.089,26.361,7298870,0
1999-11-19,26.246,26.543,24.852,24.911,6742612,0
1999-11-22,25.108,25.626,24.556,25.626,5316949,0
1999-11-23,25.472,25.53,22.999,23.477,10736920,0
1999-11-24,23.898,24.737,23.325,24.076,6254829,0
1999-11-26,24.431,24.872,24.156,24.316,1153660,0
1999-11-29,24.615,24.832,23.678,24.175,3817787,0
1999-11-30,24.282,25.235,23.801,24.708,4941294,0
1999-12-01,24.95,27.096,24.872,27.021,7814921,0
1999-12-02,26.708,28.1,26.429,27.899,4843927,0
1999-12-03,28.137,28.435,27.46,27.774,5557231,0
1999-12-06,27.538,30.249,27.126,30.048,6617918,0
1999-12-07,29.829,30.105,29.037,29.963,4769803,0
1999-12-08,29.734,30.009,28.577,28.781,4226735,0
1999-12-09,29.494,30.086,27.698,28.194,5886712,0
1999-12-10,28.234,28.493,26.983,27.813,3354815,0
1999-12-13,27.68,28.892,27.498,28.595,2506767,0
1999-12-14,28.512,28.711,26.669,26.781,3773816,0
1999-12-15,26.887,27.555,25.549,27.126,5215497,0
1999-12-16,27.221,28.234,27.221,28.063,2017099,0
1999-12-17,28.873,29.446,28.454,28.512,2515876,0
1999-12-20,29.056,34.071,29.056,33.908,6746066,0
1999-12-21,33.573,35.226,32.551,34.699,5044317,0
1999-12-22,34.68,35.807,34.221,35.063,2466879,0
1999-12-23,34.68,35.463,34.071,34.462,2156871,0
1999-12-27,34.403,34.9,33.392,34.548,1383889,0
1999-12-28,34.403,34.413,33.095,33.488,1210195,0
1999-12-29,33.211,33.392,32.378,32.752,1966529,0
1999-12-30,32.788,32.99,32.036,32.752,1109371,0
1999-12-31,32.752,35.617,32.676,35.522,1485028,0
2000-01-03,35.979,36.296,32.274,35.779,3333458,0
2000-01-04,34.778,35.502,33.793,34.221,3450616,0
2000-01-05,34.071,34.699,32.715,33.724,3240173,0
2000-01-06,33.372,34.699,32.788,33.488,2766209,0
2000-01-07,33.593,34.145,31.682,33.982,3857676,0
2000-01-10,34.107,36.613,34.089,35.741,5902103,0
2000-01-11,35.264,37.843,35.025,35.301,4491828,0
2000-01-12,35.58,37.012,34.346,36.296,5379453,0
2000-01-13,36.515,36.694,35.301,36.218,2857294,0
2000-01-14,36.955,41.905,36.935,41.31,8959159,0
2000-01-18,40.669,41.948,39.876,41.29,5972774,0
2000-01-19,41.491,44.174,39.914,43.42,5580157,0
2000-01-20,44.031,46.048,42.628,45.551,6534055,0
2000-01-21,47.595,47.614,42.962,44.233,7861722,0
2000-01-24,46.124,46.198,42.581,42.818,4723630,0
2000-01-25,43.258,44.578,41.551,43.897,3764078,0
2000-01-26,43.384,44.411,40.993,41.073,5611569,0
2000-01-27,41.856,43.514,41.073,41.231,3297965,0
2000-01-28,41.214,41.708,38.206,39.438,3291372,0
2000-01-31,38.98,39.953,37.23,39.763,4579145,0
2000-02-01,39.782,41.968,38.999,41.826,3847626,0
2000-02-02,41.846,43.974,41.214,43.697,3167304,0
2000-02-03,43.843,44.929,42.561,44.635,3409153,0
2000-02-04,44.814,45.704,42.628,43.639,3500242,0
2000-02-07,44.012,45.17,43.258,44.253,3139662,0
2000-02-08,44.729,45.034,43.296,44.214,2949639,0
2000-02-09,43.534,45.571,42.76,43.554,3003034,0
2000-02-10,43.514,46.086,42.522,45.826,2764324,0
2000-02-11,45.33,45.924,43.736,44.635,2313287,0
2000-02-14,44.929,46.161,44.635,45.972,2315173,0
2000-02-15,45.972,45.991,43.916,45.531,2440809,0
2000-02-16,45.666,47.757,44.969,45.255,4798383,0
2000-02-17,45.369,46.658,43.46,46.487,3562116,0
2000-02-18,46.658,46.803,43.622,44.081,2477557,0
2000-02-22,43.678,45.13,41.148,44.233,2913830,0
2000-02-24,47.021,47.757,44.271,45.531,3412610,0
2000-02-25,45.571,46.161,43.384,43.775,3155997,0
2000-02-28,43.478,44.729,41.786,43.954,2726317,0
2000-02-29,44.47,49.705,44.47,49.705,8439022,0
2000-03-01,49.982,50.66,46.324,47.995,5120327,0
2000-03-02,48.234,49.066,47.116,47.853,4180879,0
2000-03-03,48.399,50.308,47.518,48.33,5377255,0
2000-03-06,48.437,49.791,47.833,48.196,2449604,0
2000-03-07,49.523,50.622,47.853,48.399,3476056,0
2000-03-08,49.095,49.095,45.646,46.765,2834994,0
2000-03-09,46.506,50.822,46.104,50.66,3203111,0
2000-03-10,49.982,52.532,49.705,51.72,5599317,0
2000-03-13,51.482,51.482,48.549,49.191,2500801,0
2000-03-14,49.591,50.106,45.531,45.608,3156940,0
2000-03-15,45.826,45.826,42.227,42.389,4233646,0
2000-03-16,43.602,45.007,40.116,42.703,9029829,0
2000-03-17,40.955,47.041,40.593,46.803,5573247,0
2000-03-20,46.56,48.656,45.845,46.619,2927964,0
2000-03-21,46.56,47.28,43.878,46.324,3766799,0
2000-03-22,46.439,49.667,46.383,48.529,3112859,0
2000-03-23,49.771,51.996,48.234,49.849,2767149,0
2000-03-24,51.939,53.371,50.861,51.817,5187857,0
2000-03-27,53.306,53.602,50.271,50.622,2087977,0
2000-03-28,51.099,51.874,47.041,47.643,1660289,0
2000-03-29,47.757,47.995,42.741,43.278,3135476,0
2000-03-30,42.389,44.834,41.913,43.514,4404617,0
2000-03-31,46.383,46.439,41.31,43.038,2387517,0
2000-04-03,43.162,43.22,36.771,37.25,4871147,0
2000-04-04,37.431,40.116,32.358,39.104,7987778,0
2000-04-05,37.843,47.757,37.728,44.174,5947330,0
2000-04-06,46.745,48.951,45.845,47.518,5213298,0
2000-04-07,47.757,53.25,47.757,53.065,6248023,0
2000-04-10,54.26,54.26,46.086,47.041,4078064,0
2000-04-11,45.787,50.144,44.892,47.28,4590559,0
2000-04-12,49.105,49.487,44.777,45.369,3079462,0
2000-04-13,46.619,47.813,40.593,41.013,3629331,0
2000-04-14,40.593,43.697,34.384,34.862,4096910,0
2000-04-17,34.748,41.073,34.384,40.955,5489072,0
2000-04-18,42.264,46.915,40.481,46.686,5922308,0
2000-04-19,45.972,45.972,39.342,40.649,7026761,0
2000-04-20,41.073,42.142,38.626,40.888,2977697,0
2000-04-24,37.012,40.24,35.637,38.206,3937248,0
2000-04-25,40.172,41.073,36.181,39.637,7858373,0
2000-04-26,39.876,41.551,36.657,37.309,4034930,0
2000-04-27,35.816,43.162,35.694,42.741,4750222,0
2000-04-28,43.22,45.13,42.741,43.824,3257656,0
2000-05-01,44.539,45.13,41.551,42.142,3825118,0
2000-05-02,41.671,43.824,40.172,40.411,3474590,0
2000-05-03,40.24,40.355,35.942,37.25,3910968,0
2000-05-04,38.146,38.683,36.408,36.657,3482966,0
2000-05-05,37.309,39.16,37.012,38.206,5522680,0
2000-05-08,37.546,38.32,34.384,34.567,5703492,0
2000-05-09,36.408,36.408,31.52,31.939,6001776,0
2000-05-10,31.338,34.145,30.623,30.984,5181574,0
2000-05-11,31.997,33.43,30.623,31.28,6271579,0
2000-05-12,32.446,34.384,31.817,31.882,4782785,0
2000-05-15,32.827,32.895,30.745,32.656,2777933,0
2000-05-16,34.509,34.862,32.358,33.43,3741150,0
2000-05-17,32.475,34.384,32.111,32.77,2816148,0
2000-05-18,33.43,33.667,31.759,32.111,2087770,0
2000-05-19,31.759,31.882,28.118,29.017,4677037,0
2000-05-22,29.247,29.314,25.549,28.118,4945484,0
2000-05-23,27.039,29.494,25.197,25.254,6178083,0
2000-05-24,25.072,26.561,22.208,25.912,11921568,0
2000-05-25,26.505,28.415,25.79,26.381,8244495,0
2000-05-26,26.955,27.698,25.427,26.629,3127832,0
2000-05-30,27.698,30.86,27.698,30.623,4706251,0
2000-05-31,30.431,32.715,28.892,30.68,5596700,0
2000-06-01,32.111,35.397,31.997,34.443,6905940,0
2000-06-05,38.445,39.342,36.296,37.192,3794859,0
2000-06-06,36.86,38.567,35.102,35.522,4550565,0
2000-06-07,36.181,37.134,34.977,37.071,3079254,0
2000-06-08,37.25,40.355,37.25,38.146,4317089,0
2000-06-12,40.649,40.708,37.546,37.909,2554197,0
2000-06-13,37.843,39.104,36.352,38.626,2184091,0
2000-06-14,39.007,39.007,36.831,36.887,2184925,0
2000-06-15,37.309,37.365,35.76,36.476,2100122,0
2000-06-16,36.714,38.32,35.816,37.785,3134638,0
2000-06-19,37.728,42.741,37.671,42.024,4775036,0
2000-06-20,42.503,43.934,40.116,41.013,5336317,0
2000-06-21,40.172,42.446,39.581,41.531,2916869,0
2000-06-22,41.433,42.503,40.003,40.116,2640677,0
2000-06-23,40.564,40.593,38.445,38.797,1539155,0
2000-06-26,39.398,39.819,37.613,38.445,1813567,0
2000-06-27,38.388,39.458,36.296,37.012,2860332,0
2000-06-28,37.843,39.754,36.771,38.388,2688104,0
2000-06-29,37.843,37.967,35.703,35.933,3001986,0
2000-06-30,37.012,37.012,34.204,35.816,7775975,0
2000-07-03,36.056,37.613,35.341,37.431,1062886,0
2000-07-05,35.397,35.816,30.565,30.927,6975983,0
2000-07-06,31.939,33.964,31.52,33.544,4550145,0
2000-07-07,35.453,35.58,34.204,34.977,4090735,0
2000-07-10,34.919,36.535,34.919,35.226,3911805,0
2000-07-11,35.341,38.206,33.372,34.022,4948415,0
2000-07-12,35.341,35.341,33.908,34.384,5178436,0
2000-07-13,35.226,35.875,34.329,34.622,3313042,0
2000-07-14,35.341,36.352,34.384,36.236,2634290,0
2000-07-17,36.266,38.388,36.181,37.843,4630135,0
2000-07-18,37.309,37.365,33.43,33.793,7067068,0
2000-07-19,33.544,33.612,29.724,29.848,9543686,0
2000-07-20,30.68,30.984,26.983,27.644,15923520,0
2000-07-21,27.584,27.938,24.891,25.072,14904396,0
2000-07-24,26.209,27.518,25.674,26.8,7766972,0
2000-07-25,28.063,28.771,26.857,28.415,5859176,0
2000-07-26,28.358,28.358,25.79,27.46,6635507,0
2000-07-27,26.085,26.744,24.832,25.902,7391631,0
2000-07-28,26.505,27.757,25.549,26.744,4464713,0
2000-07-31,27.996,28.292,26.629,27.938,3440773,0
2000-08-01,28.234,28.541,26.152,26.371,2526868,0
2000-08-02,26.449,27.584,25.902,26.381,1920882,0
2000-08-03,23.936,23.994,20.295,21.968,22789363,0
2000-08-04,22.865,23.106,20.774,22.684,7730748,0
2000-08-07,22.562,23.4,21.788,22.072,6226770,0
2000-08-08,21.968,22.388,21.432,21.729,4717871,0
2000-08-09,22.445,22.627,21.729,22.148,6364969,0
2000-08-10,21.91,21.968,20.355,20.65,7101094,0
2000-08-11,20.173,21.014,18.739,20.954,4533499,0
2000-08-14,21.253,23.343,21.014,22.865,5548541,0
2000-08-15,23.4,25.674,23.162,24.832,9336595,0
2000-08-16,25.732,26.505,25.197,25.427,6440874,0
2000-08-17,25.398,26.983,24.355,26.629,5877291,0
2000-08-18,27.166,28.541,26.744,27.996,7426182,0
2000-08-21,28.415,28.541,25.79,27.278,5037406,0
2000-08-22,27.46,27.46,26.028,26.505,4286414,0
2000-08-23,26.266,29.371,25.97,28.892,5245020,0
2000-08-24,29.428,29.552,27.938,28.292,3449148,0
2000-08-25,28.175,29.131,28.118,28.473,2089863,0
2000-08-30,30.086,30.145,27.757,28.063,5623084,0
2000-08-31,28.292,29.247,28.234,28.771,3720105,0
2000-09-01,29.314,30.268,28.892,29.724,4092199,0
2000-09-05,29.666,29.666,27.698,27.757,3267393,0
2000-09-06,26.744,26.983,25.072,25.902,5856036,0
2000-09-07,25.902,27.698,25.427,27.335,4778071,0
2000-09-08,26.561,26.744,25.427,25.674,3483593,0
2000-09-11,25.732,26.744,24.654,24.832,4136486,0
2000-09-12,24.595,25.072,23.638,23.763,4997727,0
2000-09-13,23.037,24.243,22.562,24.116,5017307,0
2000-09-14,25.127,25.312,23.4,23.879,6626189,0
2000-09-15,23.516,23.638,22.684,22.865,2902418,0
2000-09-18,23.4,23.936,22.388,22.503,3993155,0
2000-09-19,23.106,24.654,22.562,24.471,4902558,0
2000-09-20,24.654,25.254,23.218,24.471,5572094,0
2000-09-21,24.298,24.355,22.445,22.865,3972217,0
2000-09-22,20.954,22.388,20.774,22.265,5772176,0
2000-09-25,22.925,22.925,20.531,20.65,4037652,0
2000-09-26,22.445,22.445,20.719,21.253,7874390,0
2000-09-27,21.968,21.968,20.531,21.308,4974904,0
2000-09-28,21.014,21.669,20.423,20.954,7563230,0
2000-09-29,20.719,20.719,19.103,20,6443388,0
2000-10-02,20.65,22.208,20.239,21.729,15983931,0
2000-10-03,21.854,22.627,20.898,21.07,5778034,0
2000-10-04,21.128,22.865,21.128,22.627,2451384,0
2000-10-05,22.503,22.684,20.65,20.954,5367413,0
2000-10-06,20.748,21.014,19.819,20,2245968,0
2000-10-09,20.027,20.898,19.103,20.65,4174595,0
2000-10-10,20,20.591,18.261,18.329,5523518,0
2000-10-11,18.148,19.103,17.193,17.783,5407406,0
2000-10-12,19.103,19.578,16.716,17.193,7182238,0
2000-10-13,17.431,19.103,17.135,18.57,11987739,0
2000-10-16,18.864,18.864,17.613,17.908,4368915,0
2000-10-17,18.034,18.034,14.565,15.167,15249794,0
2000-10-18,14.327,16.599,13.313,14.863,9729942,0
2000-10-19,16.238,17.554,15.7,17.076,10960868,0
2000-10-20,17.076,18.51,16.716,18.386,4931556,0
2000-10-23,18.386,19.521,18.261,18.627,3846685,0
2000-10-24,18.205,18.261,16.716,17.193,3833075,0
2000-10-25,16.351,17.193,15.943,16.121,3305817,0
2000-10-26,16.18,17.488,15.998,16.896,4337297,0
2000-10-27,17.431,17.554,16.296,16.477,2417985,0
2000-10-30,16.477,17.307,16.296,17.012,2660046,0
2000-10-31,17.672,18.627,17.431,18.51,4419275,0
2000-11-01,17.431,18.386,16.955,17.783,3610592,0
2000-11-02,18.148,19.103,18.091,18.261,6461920,0
2000-11-03,18.034,18.386,17.613,18.386,2199376,0
2000-11-06,18.57,18.57,17.729,17.85,2176761,0
2000-11-07,17.488,17.613,16.955,17.249,1846861,0
2000-11-08,17.279,17.373,16.599,16.599,1329972,0
2000-11-09,16.056,17.373,15.759,16.477,2411282,0
2000-11-10,16.238,16.238,15.464,15.464,1435085,0
2000-11-13,15.101,16.716,14.919,16.121,2460804,0
2000-11-14,16.659,16.896,16.296,16.659,2286171,0
2000-11-15,16.984,18.51,16.771,17.729,3863960,0
2000-11-16,17.672,18.205,16.955,17.076,1753367,0
2000-11-17,17.373,17.613,16.829,16.896,1418438,0
2000-11-20,16.716,17.373,16.296,16.716,2310460,0
2000-11-21,16.829,17.076,15.396,15.875,2313812,0
2000-11-22,15.643,16.534,15.396,15.521,2931944,0
2000-11-24,16.417,16.955,15.998,16.955,1007084,0
2000-11-27,17.249,17.908,16.771,17.193,3168663,0
2000-11-28,16.896,16.955,14.919,15.024,3698327,0
2000-11-29,15.281,15.396,14.146,14.803,5938955,0
2000-11-30,13.907,14.803,13.258,14.327,4247569,0
2000-12-01,14.327,14.919,13.85,14.146,4230819,0
2000-12-04,14.213,14.691,13.85,14.146,2554930,0
2000-12-05,14.623,15.818,14.443,15.759,4475916,0
2000-12-06,15.998,16.599,15.521,15.875,3840507,0
2000-12-07,15.818,15.818,14.863,15.464,2095831,0
2000-12-08,15.943,18.386,15.875,18.261,8763584,0
2000-12-11,18.51,19.341,17.783,19.103,4592759,0
2000-12-12,18.329,18.329,17.012,17.249,2312450,0
2000-12-13,16.351,16.955,15.396,15.818,8798031,0
2000-12-14,15.759,16.417,14.919,14.986,3263102,0
2000-12-15,15.167,15.225,13.966,14.069,6585463,0
2000-12-18,14.384,14.691,13.487,13.85,8168380,0
2000-12-19,13.966,15.396,13.668,14.213,3659066,0
2000-12-20,13.487,13.966,13.134,13.313,4652855,0
2000-12-21,13.313,14.327,12.417,13.076,4426918,0
2000-12-22,13.134,14.623,13.134,14.565,3574471,0
2000-12-26,14.691,14.863,13.43,13.85,2464888,0
2000-12-27,13.85,14.565,13.487,13.85,4962862,0
2000-12-28,13.879,14.803,13.85,14.507,3269381,0
2000-12-29,14.213,14.803,13.792,13.85,2762648,0
2001-01-02,14.268,14.623,13.553,13.734,2890380,0
2001-01-03,13.668,16.477,13.668,16.477,7955846,0
2001-01-04,16.238,18.443,16.121,17.373,9031507,0
2001-01-05,17.431,18.51,17.076,17.488,9640635,0
2001-01-08,17.431,18.51,16.896,18.405,5134356,0
2001-01-09,18.653,18.739,17.554,18.091,5118758,0
2001-01-10,16.955,19.466,16.955,19.046,6453334,0
2001-01-11,18.777,21.605,18.68,20.954,8729036,0
2001-01-12,20.954,21.669,19.697,19.761,6952007,0
2001-01-16,19.697,20.173,18.739,19.283,4100052,0
2001-01-17,21.55,22.925,21.308,21.55,13744771,0
2001-01-18,21.669,22.742,20.774,22.025,5617955,0
2001-01-19,22.562,22.808,21.253,21.729,4632961,0
2001-01-22,21.374,21.55,20.531,20.774,2448241,0
2001-01-23,20.355,21.253,19.945,21.128,4658822,0
2001-01-24,22.808,23.763,22.627,23.697,12979433,0
2001-01-25,23.46,24.116,22.148,22.627,7077121,0
2001-01-26,21.669,22.979,21.605,22.208,4697980,0
2001-01-29,22.082,23.582,21.729,23.516,2692709,0
2001-01-30,23.218,25.197,23.218,24.413,4428802,0
2001-01-31,24.355,25.79,24.175,25.254,5905348,0
2001-02-01,24.891,25.732,24.355,25.369,3507569,0
2001-02-02,25.312,25.674,23.638,23.763,3109196,0
2001-02-05,23.037,23.162,21.854,22.265,3091295,0
2001-02-06,22.265,23.4,21.729,22.025,3862284,0
2001-02-07,21.729,21.968,20.355,21.308,3611848,0
2001-02-08,21.374,22.082,20.898,21.196,3089723,0
2001-02-09,21.014,21.788,20.719,20.954,2557546,0
2001-02-12,21.128,22.148,20.898,21.729,2659731,0
2001-02-13,21.854,22.148,20.65,20.774,2322499,0
2001-02-14,20.954,24.058,20.898,23.285,7224745,0
2001-02-15,23.936,25.549,23.82,24.95,5098551,0
2001-02-16,23.697,24.413,22.808,24.175,4368495,0
2001-02-20,24.175,24.776,22.865,23.218,3801455,0
2001-02-21,22.265,24.325,21.854,22.562,5147969,0
2001-02-22,22.503,24.116,21.788,23.4,5226907,0
2001-02-23,23.285,23.582,21.253,23.516,3989073,0
2001-02-26,23.582,23.582,22.445,22.925,3293463,0
2001-02-27,22.388,23.162,21.729,21.968,3563481,0
2001-02-28,21.968,22.082,19.945,20.531,5904405,0
2001-03-01,18.922,21.605,18.329,21.492,7712109,0
2001-03-02,20.65,23.037,20.423,21.729,5403325,0
2001-03-05,22.082,23.638,21.968,23.582,5227642,0
2001-03-06,23.879,26.266,23.879,25.312,8304594,0
2001-03-07,25.312,25.713,24.175,25.607,5582251,0
2001-03-08,25.549,26.085,24.654,25.732,4330177,0
2001-03-09,24.776,24.95,23.516,23.582,3577299,0
2001-03-12,22.684,24.355,22.562,23.162,4575482,0
2001-03-13,23.343,24.832,23.218,24.461,6540755,0
2001-03-14,23.638,25.902,23.4,24.654,4915854,0
2001-03-15,25.684,25.902,23.037,23.343,3189499,0
2001-03-16,22.808,23.162,21.492,21.91,4490886,0
2001-03-19,21.968,23.218,21.128,23.162,3169083,0
2001-03-20,23.037,24.243,22.684,22.684,4724361,0
2001-03-21,22.742,24.95,22.742,23.4,6684714,0
2001-03-22,24.175,26.744,24.116,26.669,8439232,0
2001-03-23,28.234,28.771,26.857,28.118,12174205,0
2001-03-26,28.175,28.651,26.381,26.689,5532521,0
2001-03-27,26.152,28.292,26.085,26.857,4736507,0
2001-03-28,26.381,27.518,25.197,25.427,4877429,0
2001-03-29,25.127,26.458,23.994,24.595,5243974,0
2001-03-30,24.116,24.116,21.854,22.684,9655081,0
2001-04-02,22.331,23.343,20.355,20.719,5254968,0
2001-04-03,20.531,21.196,19.578,20.173,6985508,0
2001-04-04,20.173,20.48,18.51,18.739,5669778,0
2001-04-05,19.945,22.562,19.819,22.331,6080820,0
2001-04-06,21.729,22.082,20.531,21.07,4752318,0
2001-04-09,21.108,21.394,19.226,20.116,4755982,0
2001-04-10,20.256,22.282,19.706,21.968,5115405,0
2001-04-11,24.644,25.79,23.305,23.469,15517923,0
2001-04-12,22.799,26.744,22.799,26.744,11164923,0
2001-04-16,25.781,27.076,25.427,26.209,5495981,0
2001-04-17,25.454,26.887,25.378,26.219,6128984,0
2001-04-18,27.634,29.8,27.604,28.435,10490776,0
2001-04-19,28.661,30.23,28.146,29.991,4427023,0
2001-04-20,29.838,30.308,27.508,28.367,6558869,0
2001-04-23,27.116,27.46,26.266,26.266,3399524,0
2001-04-24,26.629,28.691,26.219,26.964,7005925,0
2001-04-25,26.8,27.909,26.237,27.221,5436303,0
2001-04-26,27.928,28.184,26.285,26.744,4252909,0
2001-04-27,27.747,28.272,27.048,27.727,2082744,0
2001-04-30,27.966,29.514,27.652,28.272,3297861,0
2001-05-01,28.272,28.463,26.698,28.33,2976021,0
2001-05-02,28.473,29.037,27.813,28.165,3799778,0
2001-05-03,26.867,26.983,25.713,26.028,4495390,0
2001-05-04,24.911,26.295,24.862,26.246,2970054,0
2001-05-07,26.161,26.727,25.359,25.684,2421857,0
2001-05-08,26.323,27.44,25.93,27.393,3083861,0
2001-05-09,26.698,27.49,26.125,26.727,3821347,0
2001-05-10,29.705,29.877,28.435,28.595,8958950,0
2001-05-11,28.614,29.094,28.127,28.595,3317859,0
2001-05-14,28.444,28.614,26.993,27.644,3501079,0
2001-05-15,27.624,29.085,27.278,28.081,3563582,0
2001-05-16,27.574,30.431,27.508,30.23,4948100,0
2001-05-17,29.075,30.182,28.911,29.838,7055762,0
2001-05-18,29.629,30.278,29.494,29.705,2902001,0
2001-05-21,29.715,31.997,29.656,31.997,4522296,0
2001-05-22,31.988,32.247,31.166,31.232,3057583,0
2001-05-23,30.583,30.706,29.131,29.277,3130555,0
2001-05-24,29.267,29.465,28.204,29.322,2506350,0
2001-05-25,29.752,30.096,28.892,29.037,1639770,0
2001-05-29,28.731,28.761,26.744,27.23,3018320,0
2001-05-30,26.762,26.838,25.197,25.263,3569342,0
2001-05-31,25.187,26.887,25.177,26.381,3167932,0
2001-06-01,26.771,27.45,26.171,27.176,2318208,0
2001-06-04,27.26,27.306,26.449,26.708,1037027,0
2001-06-05,26.809,28.864,26.781,28.214,2250259,0
2001-06-06,28.242,29.085,27.364,28.711,2611046,0
2001-06-07,28.559,30.651,28.483,30.565,3697389,0
2001-06-08,30.352,30.755,29.772,30.633,2343231,0
2001-06-11,30.372,30.392,29.017,29.037,1949777,0
2001-06-12,28.146,29.371,27.604,29.027,2738673,0
2001-06-13,29.085,29.705,28.146,28.175,2212046,0
2001-06-14,27.757,28.127,26.61,27.011,2627066,0
2001-06-15,26.219,27.46,26.171,27.166,1980141,0
2001-06-18,28.387,28.651,27.508,27.794,3729530,0
2001-06-19,28.642,29.267,27.652,28.063,4682587,0
2001-06-20,27.146,27.26,24.635,25.884,8366050,0
2001-06-21,25.79,27.966,25.312,27.03,4591188,0
2001-06-22,26.79,28.109,26.4,27.221,2834259,0
2001-06-25,27.269,27.698,26.571,27.24,1453095,0
2001-06-26,26.439,27.126,26.152,26.735,2821593,0
2001-06-27,26.6,26.79,25.837,26.6,2677634,0
2001-06-28,26.781,28.109,26.771,27.49,1640504,0
2001-06-29,27.851,28.988,27.737,28.32,2207438,0
2001-07-02,28.522,28.604,27.938,28.026,1861518,0
2001-07-03,27.891,28.32,27.698,28.204,912646,0
2001-07-05,27.644,28.425,26.887,27.403,2004012,0
2001-07-06,26.561,26.561,24.785,24.823,3063548,0
2001-07-09,24.68,24.978,23.879,24.882,4981604,0
2001-07-10,25.072,25.359,23.208,23.4,3020098,0
2001-07-11,23.2,24.185,22.838,23.956,2350036,0
2001-07-12,24.644,26.458,24.644,26.152,2875512,0
2001-07-13,26.125,26.689,25.197,25.837,1378760,0
2001-07-16,25.417,25.827,23.295,23.658,3200494,0
2001-07-17,22.35,24.689,22.302,24.565,4449846,0
2001-07-18,24.022,24.785,23.687,24.076,2348467,0
2001-07-19,24.273,25.912,24.273,25.398,2410028,0
2001-07-20,24.852,25.167,24.355,24.978,1284530,0
2001-07-23,25.089,25.273,24.431,24.862,2195187,0
2001-07-24,24.862,25.117,23.077,23.267,4208519,0
2001-07-25,22.925,24.635,22.712,24.585,4307249,0
2001-07-26,24.585,26.028,24.263,26.018,2835413,0
2001-07-27,25.79,27.604,25.79,26.818,1907899,0
2001-07-30,26.838,27.46,26.458,26.993,1814718,0
2001-07-31,26.917,27.698,26.505,26.735,2203564,0
2001-08-01,27.976,29.131,27.737,28.595,4043723,0
2001-08-02,28.671,29.418,28.473,29.094,2659522,0
2001-08-03,28.81,29.418,28.771,29.227,2203983,0
2001-08-06,28.661,29.037,28.081,28.146,1988726,0
2001-08-07,27.604,27.774,26.669,27.039,2907654,0
2001-08-08,27.011,27.67,25.549,25.799,2414425,0
2001-08-09,25.921,26.361,25.694,26.028,1810009,0
2001-08-10,25.837,26.762,25.558,26.371,1334158,0
2001-08-13,26.828,27.269,26.669,26.993,3296919,0
2001-08-14,27.297,27.45,26.838,27.002,1293641,0
2001-08-15,27.176,27.555,26.295,26.313,1068225,0
2001-08-16,26.237,27.126,25.549,27.116,2290988,0
2001-08-17,26.505,26.698,25.645,25.79,1509945,0
2001-08-20,25.79,26.39,25.435,26.152,1395616,0
2001-08-21,26.171,26.4,24.882,24.882,1131568,0
2001-08-22,25.273,26.246,24.699,26.055,2187442,0
2001-08-23,25.988,26.744,25.98,26.266,1220143,0
2001-08-24,26.449,27.794,26.429,27.269,1158475,0
2001-08-27,27.221,28.063,27.126,27.68,1066028,0
2001-08-28,27.698,27.841,26.838,27.146,1131674,0
2001-08-29,27.403,27.644,26.266,26.927,2082955,0
2001-08-30,26.458,26.983,26.361,26.552,1997625,0
2001-08-31,25.855,27.383,25.655,27.039,3424125,0
2001-09-04,26.552,27.203,25.694,25.751,2527814,0
2001-09-05,25.742,26.343,22.925,23.956,6164788,0
2001-09-06,23.582,24.013,22.932,23.096,2428141,0
2001-09-07,23.115,24.214,22.636,22.732,2181579,0
2001-09-10,22.656,23.096,21.679,21.825,3858830,0
2001-09-17,20.66,20.774,19.255,19.457,3829618,0
2001-09-18,19.677,19.677,17.831,17.908,3107105,0
2001-09-19,17.937,18.607,14.069,16.287,14233391,0
2001-09-20,15.953,16.858,15.857,16.322,7919095,0
2001-09-21,15.291,16.331,14.691,15.893,4810527,0
2001-09-24,16.477,17.383,16.19,17.144,3110663,0
2001-09-25,17.164,17.908,16.906,17.672,2479338,0
2001-09-26,17.719,17.87,16.238,16.287,2390553,0
2001-09-27,16.268,16.361,14.701,15.683,3650167,0
2001-09-28,15.799,16.858,15.599,16.19,3683567,0
2001-10-01,16.046,16.571,15.291,15.415,2437248,0
2001-10-02,15.405,15.884,15.149,15.281,2250154,0
2001-10-03,15.186,17.164,14.681,16.8,2750713,0
2001-10-04,17.623,18.758,17.002,17.966,5999053,0
2001-10-05,17.87,17.87,15.857,16.687,6714135,0
2001-10-08,16.417,18.072,16.341,17.86,3812240,0
2001-10-09,17.106,17.431,15.837,15.893,5687265,0
2001-10-10,15.865,17.096,15.71,17.047,7948516,0
2001-10-11,17.193,19.706,17.154,19.094,5878125,0
2001-10-12,18.825,19.485,18.081,19.036,4199620,0
2001-10-15,18.653,18.662,17.451,17.534,4350489,0
2001-10-16,17.413,18.053,17.231,17.85,4186534,0
2001-10-17,18.243,18.52,16.955,16.964,3595725,0
2001-10-18,16.984,17.373,16.381,16.781,1889160,0
2001-10-19,16.581,16.926,16.2,16.659,4263379,0
2001-10-22,16.467,17.976,16.238,17.956,4585533,0
2001-10-23,17.976,18.29,17.307,17.613,2132997,0
2001-10-24,17.672,18.73,17.593,18.627,3233055,0
2001-10-25,18.369,20.106,17.86,20.097,3200389,0
2001-10-26,19.648,20.155,19.303,19.618,2219794,0
2001-10-29,19.578,19.697,18.359,18.386,1327562,0
2001-10-30,18.31,18.329,17.383,17.506,2515354,0
2001-10-31,17.898,18.845,17.86,18.109,2261882,0
2001-11-01,18.29,19.761,18.005,19.742,3544632,0
2001-11-02,19.638,20.384,19.293,20.384,3140815,0
2001-11-05,20.384,20.871,20.191,20.774,2003176,0
2001-11-06,20.541,21.177,20.345,21.108,1442206,0
2001-11-07,20.862,21.835,20.631,21.289,2589897,0
2001-11-08,21.374,22.158,20.191,20.442,2264812,0
2001-11-09,20.452,20.784,20.155,20.315,1575485,0
2001-11-12,20.571,21.004,19.361,20.915,2557546,0
2001-11-13,21.327,22.072,21.299,21.91,3181751,0
2001-11-14,22.044,22.656,21.157,21.998,3483176,0
2001-11-15,21.442,22.178,21.206,21.559,2933934,0
2001-11-16,21.66,22.054,21.492,21.55,1452466,0
2001-11-19,21.778,21.807,20.67,21.206,2493891,0
2001-11-20,21.167,21.167,19.706,19.916,2393275,0
2001-11-21,19.819,20.335,19.618,20.057,1590876,0
2001-11-23,20.057,20.345,19.761,20.21,597090,0
2001-11-26,20.325,21.576,20.21,21.502,3294614,0
2001-11-27,21.541,22.94,21.167,21.92,5953195,0
2001-11-28,21.669,22.102,20.925,21.206,2215916,0
2001-11-29,21.327,21.968,21.014,21.949,3470089,0
2001-11-30,21.167,21.253,20.748,20.935,4198990,0
2001-12-03,20.792,21.374,20.631,20.984,1865393,0
2001-12-04,21.586,22.58,21.346,22.36,2733649,0
2001-12-05,22.732,24.605,22.59,24.067,5860328,0
2001-12-06,24.126,24.661,23.936,24.263,4224850,0
2001-12-07,24.185,24.393,23.267,23.469,2364695,0
2001-12-10,23.315,23.811,22.742,22.828,1995112,0
2001-12-11,22.895,23.974,22.885,23.45,1681753,0
2001-12-12,23.592,24.022,23.115,23.736,1915962,0
2001-12-13,23.238,23.277,21.968,22.168,3037166,0
2001-12-14,22.178,22.732,21.968,22.532,1452361,0
2001-12-17,22.302,24.546,22.302,23.582,2028406,0
2001-12-18,23.638,23.84,23.305,23.572,1699028,0
2001-12-19,23.208,23.638,22.799,22.808,3839042,0
2001-12-20,22.465,22.925,22.148,22.552,4738707,0
2001-12-21,22.617,22.856,21.825,22.008,2691350,0
2001-12-24,22.054,22.379,21.729,21.769,637920,0
2001-12-26,21.739,22.722,21.729,22.188,853077,0
2001-12-27,22.158,22.722,22.158,22.646,1284321,0
2001-12-28,22.684,23.258,22.684,23.047,1556115,0
2001-12-31,23.028,23.115,22.168,22.178,811403,0
