Date,Open,High,Low,Close,Volume,OpenInt
1995-01-03,3.1856,3.3295,3.1661,3.3005,4140339,0
1995-01-04,3.3005,3.3774,3.2526,3.3774,4338203,0
1995-01-05,3.3774,3.4924,3.3005,3.4924,6105248,0
1995-01-06,3.4638,3.4924,3.4157,3.4638,3789464,0
1995-01-09,3.4638,3.502,3.3774,3.4157,3808459,0
1995-01-10,3.4157,3.5404,3.3966,3.4157,5253120,0
1995-01-11,3.4444,3.4638,3.3966,3.4444,7132021,0
1995-01-12,3.4638,3.5883,3.4444,3.5596,3864392,0
1995-01-13,3.627,3.6747,3.5883,3.6558,9120148,0
1995-01-16,3.6558,3.7227,3.6558,3.6747,7753046,0
1995-01-17,3.6747,3.7037,3.6077,3.6747,4963453,0
1995-01-18,3.6747,3.7227,3.6558,3.7037,4034813,0
1995-01-19,3.6747,3.7515,3.6747,3.7227,4536067,0
1995-01-20,3.5883,3.5883,3.4157,3.4924,10071997,0
1995-01-23,3.4157,3.5117,3.4157,3.5117,2492010,0
1995-01-24,3.5117,3.5117,3.4157,3.4638,2438721,0
1995-01-25,3.4924,3.5883,3.4638,3.5117,2960022,0
1995-01-26,3.5404,3.6747,3.3774,3.5404,10242423,0
1995-01-27,3.5883,3.6558,3.5404,3.6558,3639086,0
1995-01-30,3.6747,3.7037,3.6558,3.6747,3409039,0
1995-01-31,3.6747,3.6747,3.5883,3.627,3468662,0
1995-02-01,3.6077,3.627,3.5596,3.6077,3421704,0
1995-02-02,3.6077,3.6077,3.5404,3.5596,1397174,0
1995-02-03,3.5596,3.627,3.5404,3.5883,4850534,0
1995-02-06,3.5596,3.5883,3.5404,3.5596,1974931,0
1995-02-07,3.5404,3.5404,3.3966,3.3966,4507046,0
1995-02-08,3.3774,3.3774,3.1856,3.2526,13350711,0
1995-02-09,3.2526,3.3774,3.2332,3.3774,4741845,0
1995-02-10,3.3774,3.4638,3.3295,3.4444,9724287,0
1995-02-13,3.2332,3.3005,3.1856,3.2332,15468106,0
1995-02-14,3.2526,3.3295,3.2332,3.3005,5809776,0
1995-02-15,3.3295,3.3774,3.3005,3.3483,4011068,0
1995-02-16,3.3483,3.3483,3.2526,3.2816,2560603,0
1995-02-17,3.2526,3.2526,3.1661,3.1856,4158281,0
1995-02-21,3.1856,3.2526,3.1661,3.2526,3917152,0
1995-02-22,3.2526,3.2526,3.2144,3.2526,1591342,0
1995-02-23,3.2816,3.3483,3.2816,3.3005,1992343,0
1995-02-24,3.3295,3.3295,3.2816,3.3295,2329499,0
1995-02-27,3.3005,3.3295,3.2626,3.2626,874817,0
1995-02-28,3.2816,3.3005,3.2332,3.3005,1573403,0
1995-03-01,3.3005,3.3483,3.2816,3.2816,2032974,0
1995-03-02,3.3005,3.3295,3.2626,3.3295,1997620,0
1995-03-03,3.3295,3.3966,3.3005,3.3774,2661912,0
1995-03-06,3.3005,3.3295,3.2816,3.3005,1575512,0
1995-03-07,3.3005,3.3295,3.2626,3.2626,2641861,0
1995-03-08,3.2626,3.2816,3.2144,3.2816,1311696,0
1995-03-09,3.2626,3.2816,3.1856,3.1856,1754385,0
1995-03-10,3.1856,3.2144,3.1375,3.1375,4562975,0
1995-03-13,3.1661,3.2626,3.1182,3.2626,2462992,0
1995-03-14,3.2816,3.3005,3.2144,3.2144,2612840,0
1995-03-15,3.2144,3.2332,3.1856,3.2144,1225690,0
1995-03-16,3.1856,3.1856,3.0703,3.1182,5163421,0
1995-03-17,3.1661,3.1856,3.1182,3.1661,3397430,0
1995-03-20,3.1375,3.2332,3.1182,3.2144,3650697,0
1995-03-21,3.2144,3.3005,3.2144,3.2144,3470772,0
1995-03-22,3.2144,3.2332,3.1856,3.2144,2272516,0
1995-03-23,3.2144,3.2332,3.1856,3.2332,1429359,0
1995-03-24,3.2332,3.2626,3.2144,3.2332,1783400,0
1995-03-27,3.2144,3.3774,3.2144,3.3774,5254703,0
1995-03-28,3.3774,3.3966,3.3483,3.3966,3076104,0
1995-03-29,3.4254,3.4254,3.3483,3.3774,2948415,0
1995-03-30,3.3483,3.4254,3.3005,3.3774,2817037,0
1995-03-31,3.3483,3.3966,3.3005,3.3483,1939054,0
1995-04-03,3.3483,3.3774,3.3005,3.3005,1038911,0
1995-04-04,3.3005,3.4254,3.3005,3.3774,3451250,0
1995-04-05,3.3483,3.4734,3.3483,3.4444,3180574,0
1995-04-06,3.4254,3.4734,3.3966,3.4734,1951715,0
1995-04-07,3.4254,3.5117,3.3483,3.4734,2994325,0
1995-04-10,3.4734,3.4924,3.4444,3.4924,2466686,0
1995-04-11,3.4924,3.5404,3.4924,3.4924,2359047,0
1995-04-12,3.4734,3.5117,3.4734,3.4924,2289932,0
1995-04-13,3.5117,3.5404,3.4734,3.4924,1870460,0
1995-04-17,3.5404,3.6558,3.5117,3.6077,6078867,0
1995-04-18,3.6364,3.6558,3.5883,3.6077,3108290,0
1995-04-19,3.6077,3.6364,3.5117,3.5596,3219092,0
1995-04-20,3.5596,3.5596,3.5117,3.5404,2014504,0
1995-04-21,3.5883,4.0299,3.4924,4.0299,18761069,0
1995-04-24,3.982,4.145,3.9339,4.1257,9830343,0
1995-04-25,4.1257,4.4041,4.1062,4.3849,9401905,0
1995-04-26,4.356,4.3849,4.2409,4.289,5553342,0
1995-04-27,4.2409,4.2409,4.1737,4.2219,3485020,0
1995-04-28,4.2219,4.3369,4.1737,4.3369,4134012,0
1995-05-01,4.3179,4.3369,4.289,4.289,3483965,0
1995-05-02,4.2409,4.3369,4.1929,4.1929,3093513,0
1995-05-03,4.2219,4.3369,4.1929,4.3179,3525120,0
1995-05-04,4.289,4.3369,4.2409,4.2409,2747917,0
1995-05-05,4.2696,4.2696,4.0106,4.1062,5127020,0
1995-05-08,4.0587,4.1257,4.0299,4.1257,2160132,0
1995-05-09,4.1737,4.1929,4.0778,4.1257,1631968,0
1995-05-10,4.1062,4.1257,4.0587,4.1062,1053685,0
1995-05-11,4.0778,4.1929,4.0587,4.1929,1848827,0
1995-05-12,4.1929,4.1929,4.1062,4.1257,5393998,0
1995-05-15,4.1257,4.145,4.1062,4.1062,1986010,0
1995-05-16,4.1257,4.2219,4.0778,4.1062,4736039,0
1995-05-17,4.1062,4.1062,3.9148,3.9339,5715326,0
1995-05-18,3.982,4.1929,3.8666,4.0778,13533800,0
1995-05-19,4.0778,4.1062,3.9625,4.0587,3791575,0
1995-05-22,4.0299,4.1257,4.0299,4.1062,8593567,0
1995-05-23,4.1257,4.2219,4.1257,4.1929,2970577,0
1995-05-24,4.2409,4.2696,4.1062,4.145,4132427,0
1995-05-25,4.1257,4.1257,4.0106,4.0299,2083094,0
1995-05-26,3.9916,4.0587,3.9916,4.0587,2406539,0
1995-05-30,4.0299,4.0587,3.9625,4.0106,1735386,0
1995-05-31,4.0106,4.1545,4.0106,4.1545,3670221,0
1995-06-01,4.1257,4.1545,4.0778,4.1257,1978623,0
1995-06-02,4.0778,4.1062,4.0106,4.0778,1458379,0
1995-06-05,4.1257,4.1257,4.0299,4.1062,1994982,0
1995-06-06,4.1062,4.1737,4.0778,4.1257,2564299,0
1995-06-07,4.1737,4.3849,4.1737,4.3654,10054056,0
1995-06-08,4.3849,4.3849,4.2696,4.289,3873356,0
1995-06-09,4.2409,4.3654,4.2219,4.3179,5047343,0
1995-06-12,4.3179,4.4329,4.289,4.4329,4149310,0
1995-06-13,4.4329,4.577,4.4329,4.577,7714005,0
1995-06-14,4.577,4.6438,4.5288,4.6245,6312080,0
1995-06-15,4.5959,4.8354,4.5959,4.6919,9853555,0
1995-06-16,4.7398,4.7398,4.577,4.577,4318150,0
1995-06-19,4.577,4.6628,4.577,4.6245,2577493,0
1995-06-20,4.5959,4.6245,4.5288,4.5959,1834058,0
1995-06-21,4.577,4.6438,4.5479,4.5959,2705178,0
1995-06-22,4.5959,4.7877,4.5959,4.7593,5680500,0
1995-06-23,4.7108,4.7593,4.6438,4.6919,3456000,0
1995-06-26,4.6919,4.6919,4.5288,4.5479,1958049,0
1995-06-27,4.5,4.5288,4.3849,4.4329,2397568,0
1995-06-28,4.4329,4.4329,4.2696,4.4137,4075969,0
1995-06-29,4.4137,4.4517,4.3849,4.3849,2412344,0
1995-06-30,4.3849,4.4808,4.3849,4.4808,1872044,0
1995-07-03,4.4517,4.5288,4.4329,4.5,643714,0
1995-07-05,4.4517,4.577,4.4517,4.5,2439778,0
1995-07-06,4.5288,4.6628,4.5,4.6628,2993264,0
1995-07-07,4.6438,4.8549,4.6245,4.8066,7822168,0
1995-07-10,4.8549,5.0658,4.8354,4.9701,9903156,0
1995-07-11,4.9701,4.9988,4.8066,4.8549,6999059,0
1995-07-12,4.8549,4.8549,4.7593,4.8354,2254051,0
1995-07-13,4.8742,5.0182,4.8742,4.9701,4932847,0
1995-07-14,4.9701,4.9701,4.9031,4.9508,2459826,0
1995-07-17,4.9701,5.0658,4.9508,4.9701,5213021,0
1995-07-18,5.0182,5.0182,4.9508,4.9988,3711905,0
1995-07-19,4.9701,5.047,4.6919,4.8549,6652929,0
1995-07-20,4.8742,5.0182,4.8742,4.9221,4371972,0
1995-07-21,4.9701,5.047,4.8742,4.9221,3813206,0
1995-07-24,5.0658,5.162,4.9701,5.1333,8694874,0
1995-07-25,5.1333,5.3444,5.1333,5.3249,10753698,0
1995-07-26,5.3444,5.3444,5.2771,5.2964,5953290,0
1995-07-27,5.2771,5.5842,5.2771,5.5553,10017123,0
1995-07-28,5.5361,5.6031,5.2964,5.2964,5363395,0
1995-07-31,5.2964,5.3923,5.2964,5.3923,1929557,0
1995-08-01,5.373,5.3923,5.3249,5.3923,3562055,0
1995-08-02,5.3923,5.4403,5.0658,5.2293,7286090,0
1995-08-03,5.2293,5.4403,5.162,5.258,7635912,0
1995-08-04,5.2293,5.3923,5.2099,5.373,4177274,0
1995-08-07,5.3444,5.3923,5.3249,5.3444,2900404,0
1995-08-08,5.3444,5.3923,5.2964,5.3249,3989966,0
1995-08-09,5.3444,5.3444,5.2293,5.2964,3162636,0
1995-08-10,5.2964,5.3249,5.1333,5.162,2258271,0
1995-08-11,5.1809,5.1809,5.0182,5.047,2264602,0
1995-08-14,5.0182,5.0853,5.0182,5.0658,1850940,0
1995-08-15,5.0658,5.1333,5.0182,5.1333,1405613,0
1995-08-16,5.0853,5.2293,5.0658,5.162,3795268,0
1995-08-17,5.2099,5.4403,5.162,5.3923,4242700,0
1995-08-18,5.4208,5.4208,5.2293,5.2293,3414844,0
1995-08-21,5.2099,5.3249,5.2099,5.258,2143247,0
1995-08-22,5.258,5.2771,5.2099,5.2293,1869934,0
1995-08-23,5.258,5.258,5.0658,5.1141,4390438,0
1995-08-24,5.0853,5.1333,5.0658,5.1333,4579331,0
1995-08-25,5.0853,5.162,5.0658,5.1141,911222,0
1995-08-28,5.0853,5.0853,4.9988,4.9988,1716921,0
1995-08-29,4.9508,4.9508,4.8354,4.9031,3792099,0
1995-08-30,4.9031,4.9221,4.7398,4.7593,7539355,0
1995-08-31,4.7877,4.8742,4.7593,4.8549,5650427,0
1995-09-01,4.8354,4.8549,4.8066,4.8066,1341241,0
1995-09-05,4.8549,5.0948,4.8354,5.0182,2277794,0
1995-09-06,4.9701,5.1809,4.9701,5.0948,2339527,0
1995-09-07,5.1141,5.1333,5.047,5.0658,1197726,0
1995-09-08,5.0948,5.1141,4.9221,4.9988,2244555,0
1995-09-11,4.9988,4.9988,4.7877,4.8354,4208935,0
1995-09-12,4.8354,4.8549,4.7877,4.8066,2789073,0
1995-09-13,4.8066,5.0182,4.7877,4.8066,3390576,0
1995-09-14,4.8066,4.8834,4.7877,4.8834,2425004,0
1995-09-15,4.8549,4.8549,4.8066,4.8066,3556779,0
1995-09-18,4.8354,4.9221,4.7877,4.9031,7403225,0
1995-09-19,4.9221,4.9508,4.8549,4.9031,5492140,0
1995-09-20,4.9221,5.0658,4.9221,4.9988,5896306,0
1995-09-21,4.9701,5.0277,4.9031,4.9221,2737889,0
1995-09-22,4.8834,4.8834,4.7877,4.8549,1712698,0
1995-09-25,4.8549,4.8834,4.8066,4.8354,1328053,0
1995-09-26,4.8549,4.8549,4.6726,4.6919,2762688,0
1995-09-27,4.6726,4.6726,4.5,4.577,5254703,0
1995-09-28,4.6245,4.7877,4.577,4.7877,3416425,0
1995-09-29,4.8066,4.8834,4.7108,4.7108,1940108,0
1995-10-02,4.7398,4.7593,4.5288,4.5479,2701484,0
1995-10-03,4.577,4.6438,4.4137,4.4329,3702405,0
1995-10-04,4.4615,4.4615,4.3179,4.3849,5893139,0
1995-10-05,4.4137,4.5,4.3849,4.4329,1351796,0
1995-10-06,4.4615,4.4615,4.3654,4.4137,2964773,0
1995-10-09,4.4137,4.4329,4.2505,4.289,1537523,0
1995-10-10,4.2219,4.289,4.1737,4.2696,2831809,0
1995-10-11,4.2505,4.3179,4.2505,4.289,3577884,0
1995-10-12,4.289,4.3179,4.2696,4.2696,1500591,0
1995-10-13,4.3369,4.4808,4.3369,4.4615,2100508,0
1995-10-16,4.4615,4.4808,4.4329,4.4329,2054604,0
1995-10-17,4.4329,4.5479,4.4137,4.4137,1754385,0
1995-10-18,4.4137,4.4615,4.3654,4.4137,2609149,0
1995-10-19,4.4329,4.4615,3.7998,3.8476,8633142,0
1995-10-20,3.8476,4.0778,3.8476,3.9625,9622453,0
1995-10-23,3.9433,3.9625,3.8666,3.8952,3640671,0
1995-10-24,3.9433,4.0106,3.9148,3.9433,5837211,0
1995-10-25,3.9433,3.9625,3.8666,3.8952,3952503,0
1995-10-26,3.9148,3.9625,3.8476,3.8666,3291904,0
1995-10-27,3.8476,3.8476,3.7037,3.7801,4217902,0
1995-10-30,3.7998,3.8283,3.7515,3.7801,3165800,0
1995-10-31,3.7998,3.8666,3.7515,3.7515,6160122,0
1995-11-01,3.7515,3.8283,3.7515,3.7801,2763214,0
1995-11-02,3.7801,4.0587,3.7801,4.0395,5444651,0
1995-11-03,4.0395,4.0778,3.9148,4.0778,2743164,0
1995-11-06,4.0778,4.2505,4.0778,4.1737,4020038,0
1995-11-07,4.1737,4.1737,4.0587,4.1257,2091543,0
1995-11-08,4.1545,4.289,4.1545,4.2696,2280959,0
1995-11-09,4.2696,4.3369,4.2696,4.3369,2535807,0
1995-11-10,4.3369,4.3849,4.3179,4.3654,1503754,0
1995-11-13,4.3369,4.3849,4.289,4.289,1483706,0
1995-11-14,4.2696,4.3849,4.2505,4.3654,2274626,0
1995-11-15,4.5479,4.6245,4.5,4.577,4715460,0
1995-11-16,4.577,4.6919,4.5479,4.6726,2590155,0
1995-11-17,4.6726,4.6919,4.577,4.6726,3054469,0
1995-11-20,4.6726,4.7108,4.6726,4.7108,2070434,0
1995-11-21,4.7108,4.7108,4.577,4.5959,2396510,0
1995-11-22,4.5959,4.7877,4.5959,4.7877,2767438,0
1995-11-24,4.7877,4.8354,4.7877,4.8066,541878,0
1995-11-27,4.7877,4.8066,4.6726,4.7108,2079930,0
1995-11-28,4.6919,4.7593,4.6726,4.6919,2646611,0
1995-11-29,4.7108,4.7108,4.5479,4.6726,2514700,0
1995-11-30,4.6726,4.7398,4.577,4.6919,3129920,0
1995-12-01,4.7108,4.7398,4.6245,4.6726,1784986,0
1995-12-04,4.6245,4.7206,4.577,4.6919,2631308,0
1995-12-05,4.6726,4.8549,4.6438,4.8354,4066471,0
1995-12-06,4.8549,4.9031,4.8066,4.8549,3917152,0
1995-12-07,4.8354,4.8354,4.6438,4.7206,2938918,0
1995-12-08,4.6919,4.6919,4.5959,4.6438,902778,0
1995-12-11,4.6438,4.769,4.6245,4.7206,1685259,0
1995-12-12,4.6726,4.7206,4.6438,4.6919,2229248,0
1995-12-13,4.6919,4.7398,4.6726,4.6919,2216061,0
1995-12-14,4.6919,4.6919,4.5576,4.577,1891565,0
1995-12-15,4.5959,4.5959,4.4615,4.4808,4241643,0
1995-12-18,4.4615,4.4615,4.3463,4.3849,1973347,0
1995-12-19,4.3849,4.4808,4.3654,4.4615,3211703,0
1995-12-20,4.4808,4.6919,4.4808,4.6438,5924271,0
1995-12-21,4.5959,4.6438,4.4808,4.4808,3061331,0
1995-12-22,4.4808,4.5094,4.4329,4.4329,1622472,0
1995-12-26,4.4329,4.4329,4.2984,4.3179,1729053,0
1995-12-27,4.2984,4.2984,4.1545,4.1545,3327786,0
1995-12-28,4.1737,4.2696,4.1545,4.2696,2659800,0
1995-12-29,4.2696,4.3849,4.2696,4.3179,2021894,0
1996-01-02,4.3179,4.4615,4.3179,4.4137,2280430,0
1996-01-03,4.4329,4.5094,4.3849,4.4329,2247718,0
1996-01-04,4.4329,4.4329,4.2696,4.2696,3419594,0
1996-01-05,4.2505,4.2696,4.1737,4.2696,3142584,0
1996-01-08,4.3463,4.4329,4.3179,4.4137,1450991,0
1996-01-09,4.4615,4.4808,4.3654,4.3654,2920980,0
1996-01-10,4.2696,4.3463,4.1545,4.1737,3044973,0
1996-01-11,4.1737,4.3654,4.1737,4.3463,2898817,0
1996-01-12,4.3654,4.4329,4.3463,4.4137,2362741,0
1996-01-15,4.3849,4.3849,4.3463,4.3654,2123196,0
1996-01-16,4.3463,4.4808,4.3179,4.4615,3122538,0
1996-01-17,4.3849,4.4615,4.3179,4.3654,3917152,0
1996-01-18,4.3654,4.3654,4.2219,4.3463,2705705,0
1996-01-19,4.3179,4.3463,4.2505,4.2984,2516814,0
1996-01-22,4.2696,4.3654,4.2696,4.3654,2663492,0
1996-01-23,4.3463,4.5576,4.3179,4.3849,2493597,0
1996-01-24,4.4329,4.5094,4.2984,4.2984,11671255,0
1996-01-25,4.5094,4.8549,4.4808,4.6919,14202841,0
1996-01-26,4.6919,4.7877,4.6726,4.7398,2900404,0
1996-01-29,4.7398,4.7877,4.6919,4.7398,3894466,0
1996-01-30,4.7398,4.8354,4.7206,4.8066,3199568,0
1996-01-31,4.8066,4.9318,4.769,4.9318,6755295,0
1996-02-01,4.9318,4.9318,4.769,4.7877,2784321,0
1996-02-02,4.8066,4.8834,4.7877,4.8549,3175825,0
1996-02-05,4.8354,4.9795,4.8354,4.9318,2566936,0
1996-02-06,4.9031,5.2293,4.9031,5.1907,6621270,0
1996-02-07,5.2293,5.2293,5.1141,5.1428,4777723,0
1996-02-08,5.1428,5.2771,5.1141,5.2099,5021491,0
1996-02-09,5.2099,5.2771,5.1428,5.162,7245990,0
1996-02-12,5.1907,5.2099,5.0658,5.2099,3281879,0
1996-02-13,5.1428,5.2771,5.1428,5.2099,4016874,0
1996-02-14,5.2293,5.4018,5.2293,5.373,7940360,0
1996-02-15,5.4018,5.4018,5.3249,5.3249,4564558,0
1996-02-16,5.4018,5.4208,5.3249,5.373,3973609,0
1996-02-20,5.306,5.4689,5.306,5.4689,5265782,0
1996-02-21,5.4208,5.5647,5.373,5.5647,4949730,0
1996-02-22,5.5842,5.6322,5.5647,5.6322,7682343,0
1996-02-23,5.6801,5.9582,5.6609,5.699,12196779,0
1996-02-26,5.6801,5.9871,5.6609,5.9393,9826646,0
1996-02-27,5.9393,5.9486,5.5647,5.7761,8186234,0
1996-02-28,5.8912,5.8912,5.7088,5.7282,4415765,0
1996-02-29,5.7088,5.8719,5.6801,5.7761,4552951,0
1996-03-01,5.7952,5.8237,5.7088,5.8237,2742113,0
1996-03-04,5.8912,6.1982,5.8719,5.9871,8690123,0
1996-03-05,5.9678,5.9678,5.8237,5.8912,2675101,0
1996-03-06,5.9202,5.9678,5.7952,5.8237,3189545,0
1996-03-07,5.8432,5.8719,5.7761,5.8237,2056190,0
1996-03-08,5.6609,5.6609,5.45,5.5361,4051169,0
1996-03-11,5.373,5.9871,5.3538,5.9393,5201941,0
1996-03-12,5.8237,5.8912,5.6609,5.8237,5276336,0
1996-03-13,5.8719,5.9202,5.7761,5.8912,3754111,0
1996-03-14,5.9393,6.0062,5.8912,6.0062,4326066,0
1996-03-15,5.9871,6.0062,5.8237,5.8432,2038776,0
1996-03-18,5.8719,5.9393,5.7952,5.8719,2792764,0
1996-03-19,5.9678,5.9871,5.7282,5.7567,5023071,0
1996-03-20,5.7761,5.7952,5.7282,5.7567,2670354,0
1996-03-21,5.7761,5.8237,5.7282,5.7567,2169631,0
1996-03-22,5.7567,5.7567,5.6128,5.6609,1634610,0
1996-03-25,5.6801,5.7567,5.5647,5.6322,2640278,0
1996-03-26,5.6128,5.6609,5.5842,5.6128,2438721,0
1996-03-27,5.6322,5.6322,5.45,5.5171,2184402,0
1996-03-28,5.45,5.6128,5.4208,5.5361,2251410,0
1996-03-29,5.5361,5.6609,5.4978,5.5842,3141003,0
1996-04-01,5.5361,5.5647,5.4978,5.5647,1577095,0
1996-04-02,5.5361,5.5842,5.4689,5.5647,2050384,0
1996-04-03,5.5171,5.7282,5.4978,5.7088,2739473,0
1996-04-04,5.7567,5.8912,5.7567,5.8237,4955534,0
1996-04-08,5.7088,5.7282,5.6322,5.6801,3309318,0
1996-04-09,5.6609,5.7088,5.6322,5.6801,1551243,0
1996-04-10,5.6322,5.7952,5.6128,5.6322,1541220,0
1996-04-11,5.6322,5.6609,5.373,5.4689,3641200,0
1996-04-12,5.4689,5.5171,5.4018,5.4689,1914252,0
1996-04-15,5.5171,5.8432,5.4978,5.8237,3306679,0
1996-04-16,5.7952,5.7952,5.6609,5.7282,1767570,0
1996-04-17,6.1022,6.1501,5.8912,5.9678,9755944,0
1996-04-18,5.9678,6.0352,5.9393,5.9678,4915435,0
1996-04-19,6.0062,6.083,5.9871,6.0062,4337150,0
1996-04-22,6.0542,6.2463,6.0542,6.179,5581837,0
1996-04-23,5.6609,5.8912,5.6322,5.7761,8730753,0
1996-04-24,5.8237,5.8719,5.6801,5.7282,5714271,0
1996-04-25,5.6801,5.7088,5.5171,5.5361,6237684,0
1996-04-26,5.5361,5.5361,5.3538,5.45,11142567,0
1996-04-29,5.45,5.5647,5.4208,5.5361,3192709,0
1996-04-30,5.5647,5.6322,5.5361,5.5842,1730111,0
1996-05-01,5.5842,5.6128,5.4689,5.5842,1509032,0
1996-05-02,5.5361,5.5647,5.4978,5.5647,3304040,0
1996-05-03,5.5647,5.5647,5.306,5.3538,5383445,0
1996-05-06,5.4018,5.4208,5.0948,5.162,5958567,0
1996-05-07,5.2099,5.2099,4.9508,5.0277,10489882,0
1996-05-08,4.9795,4.9795,4.8354,4.9795,5652540,0
1996-05-09,4.9988,5.162,4.9795,5.1141,6024522,0
1996-05-10,5.162,5.258,5.0756,5.2386,3299291,0
1996-05-13,5.2386,5.5647,5.2386,5.5361,6064091,0
1996-05-14,5.5647,5.6322,5.5171,5.5361,3460222,0
1996-05-15,5.5361,5.6609,5.4978,5.5171,3621676,0
1996-05-16,5.45,5.7088,5.45,5.6609,3425397,0
1996-05-17,5.6801,5.7567,5.6609,5.7088,2754773,0
1996-05-20,5.7282,5.7567,5.6128,5.6128,2528945,0
1996-05-21,5.6322,5.7088,5.5842,5.6609,3369991,0
1996-05-22,5.6609,5.6801,5.5361,5.5842,2213424,0
1996-05-23,5.5842,5.6322,5.4208,5.4978,2765327,0
1996-05-24,5.4978,5.4978,5.306,5.3538,1994982,0
1996-05-28,5.3538,5.373,5.258,5.258,2753718,0
1996-05-29,5.2868,5.4208,5.258,5.3538,8107621,0
1996-05-30,5.3538,5.3538,5.1234,5.2386,5317492,0
1996-05-31,5.2099,5.2099,5.1428,5.1428,3329894,0
1996-06-03,5.1714,5.258,5.0756,5.1714,6624441,0
1996-06-04,5.1907,5.2099,5.1714,5.1714,3041278,0
1996-06-05,5.1907,5.3346,5.1907,5.3346,3056579,0
1996-06-06,5.2386,5.6128,5.2386,5.5171,8571933,0
1996-06-07,5.3826,5.4978,5.3538,5.4208,3578409,0
1996-06-10,5.4689,5.4689,5.3826,5.4018,2499402,0
1996-06-11,5.4689,5.5171,5.45,5.4978,3913459,0
1996-06-12,5.4978,5.4978,5.3538,5.4018,1363933,0
1996-06-13,5.45,5.45,5.3346,5.3538,1854630,0
1996-06-14,5.3538,5.3826,5.3346,5.3346,1310112,0
1996-06-17,5.3538,5.3538,5.1907,5.1907,1525389,0
1996-06-18,5.3346,5.5647,5.3346,5.3826,6331603,0
1996-06-19,5.3826,5.4018,5.0948,5.1428,3899214,0
1996-06-20,5.2099,5.2386,5.0756,5.1428,4259057,0
1996-06-21,5.1428,5.306,5.1428,5.306,4066471,0
1996-06-24,5.306,5.4208,5.306,5.3826,2570103,0
1996-06-25,5.4208,5.5458,5.4018,5.4689,6570621,0
1996-06-26,5.4689,5.5171,5.3346,5.3346,2067266,0
1996-06-27,5.306,5.3346,5.047,5.1428,6265651,0
1996-06-28,5.3538,5.4689,5.3538,5.4689,3929286,0
1996-07-01,5.45,5.45,5.306,5.3538,1446241,0
1996-07-02,5.3538,5.3538,5.2386,5.2868,2641861,0
1996-07-03,5.258,5.306,5.2386,5.2868,1554938,0
1996-07-05,5.2099,5.2386,5.1428,5.1907,1008836,0
1996-07-08,5.1714,5.1714,5.047,5.0756,2945250,0
1996-07-09,5.1428,5.258,5.0948,5.258,1801869,0
1996-07-10,5.2386,5.2386,4.9988,5.047,2551636,0
1996-07-11,5.0756,5.0756,4.7877,4.8834,4217373,0
1996-07-12,4.8834,4.9508,4.8647,4.9127,2785378,0
1996-07-15,4.8647,4.8834,4.6053,4.7015,5129126,0
1996-07-16,4.7015,4.7206,4.2027,4.3463,5404550,0
1996-07-17,4.7015,5.0756,4.5576,4.577,7372625,0
1996-07-18,4.5576,4.6726,4.4615,4.6533,3420120,0
1996-07-19,4.7015,4.7015,4.4615,4.5576,2830224,0
1996-07-22,4.5288,4.5288,4.3463,4.4615,4314458,0
1996-07-23,4.5094,4.7877,4.4905,4.6245,5234127,0
1996-07-24,4.4905,4.577,4.4137,4.5288,3423815,0
1996-07-25,4.6053,4.6533,4.3654,4.3943,3658611,0
1996-07-26,4.4421,4.4905,4.3943,4.4421,5459424,0
1996-07-29,4.4421,4.4421,4.3179,4.3463,2985878,0
1996-07-30,4.3463,4.3654,4.2984,4.3463,2464575,0
1996-07-31,4.3463,4.7206,4.3463,4.6533,4099712,0
1996-08-01,4.6726,4.7398,4.4421,4.7015,6508361,0
1996-08-02,4.7877,4.7877,4.577,4.769,3285048,0
1996-08-05,4.7398,4.769,4.5576,4.7398,1453629,0
1996-08-06,4.7206,4.7206,4.5576,4.6245,1934304,0
1996-08-07,4.6726,4.7398,4.6533,4.7015,1787623,0
1996-08-08,4.7015,4.8834,4.7015,4.8834,3060273,0
1996-08-09,4.8354,4.8354,4.769,4.8166,1200893,0
1996-08-12,4.8166,4.8166,4.7206,4.7398,1177676,0
1996-08-13,4.7398,4.7398,4.6726,4.6726,697531,0
1996-08-14,4.6726,4.7015,4.577,4.577,1612975,0
1996-08-15,4.6053,4.6053,4.4905,4.4905,1772850,0
1996-08-16,4.5094,4.5576,4.4137,4.4615,3477634,0
1996-08-19,4.4137,4.6245,4.3943,4.5094,2944195,0
1996-08-20,4.5094,4.5288,4.4421,4.5288,2736832,0
1996-08-21,4.5288,4.6245,4.5094,4.6245,1558630,0
1996-08-22,4.6053,4.6245,4.5576,4.6245,1542802,0
1996-08-23,4.6053,4.6053,4.5288,4.6053,1332802,0
1996-08-26,4.6053,4.6053,4.4615,4.4905,2213951,0
1996-08-27,4.4615,4.4615,4.3654,4.4421,10733649,0
1996-08-28,4.3179,4.3463,4.2505,4.2984,7452826,0
1996-08-29,4.3179,4.3943,4.2791,4.2791,4124512,0
1996-08-30,4.2791,4.327,4.2027,4.2791,4453755,0
1996-09-03,4.2314,4.2505,4.1737,4.2314,3938258,0
1996-09-04,4.2505,4.2791,4.1353,4.1833,3769943,0
1996-09-05,4.1833,4.1833,4.0202,4.0395,6945767,0
1996-09-06,4.068,4.327,4.068,4.2791,9014622,0
1996-09-09,4.2984,4.3654,4.2314,4.3463,5399802,0
1996-09-10,4.327,4.4137,4.2984,4.2984,4750284,0
1996-09-11,4.2314,4.3943,4.1353,4.2314,4828373,0
1996-09-12,4.2314,4.2791,4.1833,4.2314,4663754,0
1996-09-13,4.2314,4.3463,4.1833,4.2791,7694479,0
1996-09-16,4.2791,4.4137,4.2791,4.327,5184525,0
1996-09-17,4.327,4.3463,4.2314,4.2791,3199568,0
1996-09-18,4.2791,4.2984,4.2314,4.2314,5795528,0
1996-09-19,4.2314,4.2984,4.1833,4.2984,2795931,0
1996-09-20,4.2984,4.3943,4.2791,4.3463,4159861,0
1996-09-23,4.3463,4.3654,4.2791,4.327,2724173,0
1996-09-24,4.327,4.3943,4.2314,4.2984,3047084,0
1996-09-25,4.327,4.3463,4.2791,4.327,2750026,0
1996-09-26,4.3463,4.3943,4.2314,4.2314,3263939,0
1996-09-27,4.2314,4.2984,4.2314,4.2791,2286236,0
1996-09-30,4.2791,4.3654,4.2505,4.2984,3201151,0
1996-10-01,4.2984,4.3943,4.2984,4.3463,2218697,0
1996-10-02,4.3654,4.3943,4.2314,4.2984,2564826,0
1996-10-03,4.327,4.3654,4.2314,4.2791,2233475,0
1996-10-04,4.2984,4.3943,4.2505,4.3463,3591602,0
1996-10-07,4.3943,4.3943,4.2505,4.2791,4405740,0
1996-10-08,4.2791,4.2791,4.2027,4.2505,9484743,0
1996-10-09,4.2314,4.2505,4.1833,4.2027,6200749,0
1996-10-10,4.1545,4.327,4.1353,4.2314,6486202,0
1996-10-11,4.2505,4.2984,4.2314,4.2791,4289661,0
1996-10-14,4.2984,4.327,4.2027,4.2027,6222911,0
1996-10-15,4.2027,4.2314,4.1161,4.1353,9498987,0
1996-10-16,4.1353,4.1833,4.1161,4.1833,2432916,0
1996-10-17,4.1833,4.2027,4.0873,4.0873,2427114,0
1996-10-18,4.1353,4.1833,3.9242,3.9723,7892869,0
1996-10-21,3.9916,4.0202,3.8764,3.8764,8214199,0
1996-10-22,3.905,3.9723,3.905,3.9242,7941941,0
1996-10-23,4.0202,4.0873,3.9916,4.0873,6853958,0
1996-10-24,4.1161,4.2027,4.1161,4.1545,8753969,0
1996-10-25,4.1833,4.2314,4.1353,4.2027,5759121,0
1996-10-28,4.1833,4.2027,4.068,4.1161,4812017,0
1996-10-29,4.1161,4.1545,4.1161,4.1161,3333588,0
1996-10-30,4.1161,4.1353,4.0873,4.0873,2376989,0
1996-10-31,4.1161,4.2505,4.0873,4.2314,3886548,0
1996-11-01,4.2505,4.3943,4.2505,4.3943,8527611,0
1996-11-04,4.3943,4.4137,4.327,4.3943,2991155,0
1996-11-05,4.3654,4.3943,4.327,4.3654,3842755,0
1996-11-06,4.3943,4.4615,4.3943,4.4615,6041403,0
1996-11-07,4.4421,4.4615,4.3463,4.3463,6498336,0
1996-11-08,4.3654,4.3654,4.2984,4.2984,5664145,0
1996-11-11,4.327,4.4615,4.2791,4.4615,3290325,0
1996-11-12,4.4137,4.5576,4.4137,4.5094,8195731,0
1996-11-13,4.5576,4.5866,4.4615,4.5576,4917020,0
1996-11-14,4.5384,4.6533,4.5384,4.5866,3334114,0
1996-11-15,4.6053,4.6053,4.4615,4.4905,2340053,0
1996-11-18,4.5384,4.6245,4.5094,4.6245,4173578,0
1996-11-19,4.6245,4.6726,4.5866,4.6726,3934563,0
1996-11-20,4.6726,4.8834,4.6533,4.8354,5693695,0
1996-11-21,4.8647,4.8647,4.6726,4.7015,2808592,0
1996-11-22,4.7206,4.7971,4.7206,4.7494,1532776,0
1996-11-25,4.7015,4.8834,4.7015,4.8166,5034678,0
1996-11-26,4.8354,4.8647,4.5866,4.6245,3537257,0
1996-11-27,4.6533,4.6726,4.6053,4.6245,2346386,0
1996-11-29,4.6533,4.7206,4.6245,4.6726,610469,0
1996-12-02,4.6533,4.7971,4.6053,4.7971,3033365,0
1996-12-03,4.8166,4.8166,4.7494,4.8166,2353774,0
1996-12-04,4.769,4.7971,4.7206,4.769,2435026,0
1996-12-05,4.7971,4.8166,4.769,4.7971,2021363,0
1996-12-06,4.6533,4.6726,4.6053,4.6533,2549526,0
1996-12-09,4.4905,4.5576,4.3943,4.5576,7462321,0
1996-12-10,4.4905,4.5866,4.3463,4.3463,10154836,0
1996-12-11,4.2314,4.2791,4.2314,4.2505,5944849,0
1996-12-12,4.2791,4.2984,4.2123,4.2123,3737227,0
1996-12-13,4.2314,4.2984,4.1833,4.2791,3563109,0
1996-12-16,4.2984,4.3463,4.2314,4.2314,4114487,0
1996-12-17,4.1833,4.2791,4.1833,4.2505,3216979,0
1996-12-18,4.2505,4.2791,4.1833,4.1833,4797242,0
1996-12-19,4.1833,4.2123,4.1161,4.1161,4593050,0
1996-12-20,4.2314,4.2314,4.1257,4.2123,4045896,0
1996-12-23,4.2123,4.2505,4.1353,4.1639,2241917,0
1996-12-24,4.1833,4.2314,4.1833,4.2123,1454157,0
1996-12-26,4.2123,4.2984,4.1833,4.2505,3813736,0
1996-12-27,4.2505,4.327,4.2314,4.2791,2626560,0
1996-12-30,4.2984,4.327,4.1833,4.2123,3328840,0
1996-12-31,4.2123,4.2314,4.1353,4.1353,2399679,0
1997-01-02,4.2123,4.2123,4.0395,4.1353,2586461,0
1997-01-03,4.2123,4.2123,4.1353,4.1353,1542273,0
1997-01-06,4.1833,4.2314,4.1353,4.1353,2736832,0
1997-01-07,4.1353,4.2505,4.1161,4.2314,2675101,0
1997-01-08,4.2791,4.327,4.2505,4.2791,2770077,0
1997-01-09,4.2791,4.3753,4.2505,4.2791,2736306,0
1997-01-10,4.2314,4.2505,4.0873,4.1353,3749364,0
1997-01-13,4.1353,4.1833,4.0873,4.1161,2425530,0
1997-01-14,4.1353,4.1833,4.1353,4.1639,2939974,0
1997-01-15,4.1353,4.1639,4.0873,4.1161,4292827,0
1997-01-16,4.1161,4.1639,4.0873,4.1353,4774028,0
1997-01-17,4.1639,4.1833,4.068,4.068,3851196,0
1997-01-20,4.0873,4.0873,3.9916,3.9916,4555057,0
1997-01-21,3.9916,4.0873,3.9916,4.068,4395714,0
1997-01-22,4.068,4.2123,3.9916,4.0395,4318683,0
1997-01-23,4.068,4.2123,4.0395,4.068,7893398,0
1997-01-24,4.0873,4.1353,4.0395,4.1353,3874942,0
1997-01-27,4.1161,4.1639,4.0873,4.1161,3342031,0
1997-01-28,4.1639,4.2791,4.1353,4.1833,4449535,0
1997-01-29,4.1833,4.2791,4.1833,4.2791,5090608,0
1997-01-30,4.2791,4.2791,4.1639,4.1833,3027559,0
1997-01-31,4.2123,4.2314,4.1161,4.1353,2357995,0
1997-02-03,4.1353,4.2314,4.1353,4.2123,1765464,0
1997-02-04,4.2123,4.2314,4.1639,4.2314,1427776,0
1997-02-05,4.2314,4.2314,4.068,4.068,3927704,0
1997-02-06,4.0873,4.1833,4.0873,4.1833,1875209,0
1997-02-07,4.2123,4.2505,4.0873,4.1353,3047613,0
1997-02-10,4.1833,4.2314,4.1353,4.1353,2609675,0
1997-02-11,4.2314,4.327,4.2314,4.2791,6448210,0
1997-02-12,4.3463,4.5094,4.327,4.4905,6445042,0
1997-02-13,4.5384,4.6053,4.5094,4.5384,4908576,0
1997-02-14,4.5094,4.5384,4.4615,4.4905,2282543,0
1997-02-18,4.4615,4.4615,4.2984,4.327,3902376,0
1997-02-19,4.3463,4.4615,4.3463,4.4421,3636976,0
1997-02-20,4.4615,4.4615,4.3943,4.4421,2413921,0
1997-02-21,4.4421,4.4615,4.4235,4.4615,2465103,0
1997-02-24,4.5094,4.6342,4.5094,4.6053,3566804,0
1997-02-25,4.6053,4.7015,4.6053,4.6824,4327652,0
1997-02-26,4.6824,4.6824,4.4905,4.4905,2890375,0
1997-02-27,4.4905,4.5384,4.4421,4.471,1796592,0
1997-02-28,4.4235,4.471,4.3943,4.4235,1586067,0
1997-03-03,4.3943,4.519,4.3753,4.471,1268959,0
1997-03-04,4.519,4.5866,4.519,4.5384,2156967,0
1997-03-05,4.5384,4.5672,4.471,4.5384,2493597,0
1997-03-06,4.5384,4.5384,4.4235,4.4421,1894733,0
1997-03-07,4.4421,4.519,4.4235,4.4421,2079404,0
1997-03-10,4.4235,4.5384,4.3753,4.4905,3037585,0
1997-03-11,4.5384,4.5384,4.471,4.4905,2384905,0
1997-03-12,4.4905,4.5384,4.4235,4.519,2670354,0
1997-03-13,4.4905,4.519,4.3753,4.3943,3236503,0
1997-03-14,4.3943,4.471,4.3753,4.4235,1013055,0
1997-03-17,4.3943,4.4421,4.327,4.4421,3166329,0
1997-03-18,4.4235,4.5384,4.4235,4.471,2903567,0
1997-03-19,4.519,4.519,4.3463,4.3463,2417615,0
1997-03-20,4.3463,4.3943,4.327,4.3463,1919528,0
1997-03-21,4.3943,4.4235,4.3463,4.3943,2101562,0
1997-03-24,4.4421,4.4421,4.3463,4.3753,1719029,0
1997-03-25,4.3753,4.4235,4.3753,4.3943,1295869,0
1997-03-26,4.3943,4.519,4.3943,4.4905,2139551,0
1997-03-27,4.519,4.519,4.327,4.3753,3434365,0
1997-03-31,4.327,4.3463,4.1639,4.1639,2419203,0
1997-04-01,4.1833,4.2123,4.1353,4.2123,1652022,0
1997-04-02,4.2314,4.2314,4.1161,4.1353,1904229,0
1997-04-03,4.0873,4.1161,4.0492,4.1161,2005534,0
1997-04-04,4.0873,4.327,4.0873,4.308,3564694,0
1997-04-07,4.327,4.3943,4.2598,4.3463,2515757,0
1997-04-08,4.3753,4.3753,4.308,4.308,1688430,0
1997-04-09,4.308,4.3463,4.2314,4.2314,2196011,0
1997-04-10,4.2314,4.3463,4.2314,4.2791,1591870,0
1997-04-11,4.2314,4.308,4.2123,4.2598,2728393,0
1997-04-14,4.2598,4.2598,4.1353,4.1639,1887346,0
1997-04-15,4.1833,4.2314,4.1639,4.2123,1365518,0
1997-04-16,4.1833,4.2791,4.1833,4.2123,2502568,0
1997-04-17,4.2598,4.471,4.2314,4.4421,6233991,0
1997-04-18,4.3753,4.4235,4.308,4.308,3125173,0
1997-04-21,4.327,4.4905,4.327,4.4235,2551636,0
1997-04-22,4.471,4.5384,4.4421,4.5384,3418538,0
1997-04-23,4.5384,4.7494,4.519,4.7494,7477622,0
1997-04-24,5.2483,5.2483,4.8931,4.9127,14999567,0
1997-04-25,4.9127,4.9127,4.5672,4.7494,6144821,0
1997-04-28,4.8647,5.1234,4.8451,5.1045,10863447,0
1997-04-29,5.2196,5.2196,5.0561,5.1714,6751070,0
1997-04-30,5.1523,5.2675,5.1234,5.1714,5672589,0
1997-05-01,5.1714,5.2004,4.9605,4.9605,3447556,0
1997-05-02,5.0084,5.2483,5.0084,5.2483,5051034,0
1997-05-05,5.1714,5.2196,5.0084,5.2004,5753318,0
1997-05-06,5.1523,5.2004,5.1045,5.1045,3364717,0
1997-05-07,5.0756,5.0756,4.9415,4.9605,4487524,0
1997-05-08,4.9127,5.2004,4.8931,5.1714,3670221,0
1997-05-09,5.1714,5.2004,5.0084,5.0084,3067134,0
1997-05-12,5.0561,5.0756,4.9605,5.0561,2777988,0
1997-05-13,5.0561,5.1045,4.9605,5.0756,3182687,0
1997-05-14,5.0756,5.1234,4.9605,5.0084,3396376,0
1997-05-15,5.0084,5.0084,4.8931,5.0084,1873623,0
1997-05-16,5.0084,5.1234,5.0084,5.1234,2941028,0
1997-05-19,5.0756,5.1045,4.9892,5.0756,1874682,0
1997-05-20,5.0084,5.1714,4.9892,5.1714,3036003,0
1997-05-21,5.1523,5.1714,5.0561,5.1523,3119369,0
1997-05-22,5.1045,5.1234,5.0375,5.0375,1479485,0
1997-05-23,5.0561,5.1714,5.0561,5.1234,5200885,0
1997-05-27,5.1045,5.2196,5.1045,5.1523,4345063,0
1997-05-28,5.1714,5.1714,5.0084,5.0375,2499402,0
1997-05-29,4.9605,4.9605,4.8262,4.8742,7867016,0
1997-05-30,4.8451,4.8931,4.7971,4.8451,4265387,0
1997-06-02,4.8451,4.8742,4.7015,4.7015,4729182,0
1997-06-03,4.7494,4.8262,4.7015,4.8262,5581837,0
1997-06-04,4.7971,4.8262,4.7494,4.7782,4353504,0
1997-06-05,4.7971,4.8742,4.7782,4.7971,4958701,0
1997-06-06,4.8262,4.9605,4.7971,4.9605,2529475,0
1997-06-09,4.9415,4.9605,4.9221,4.9415,3689742,0
1997-06-10,4.9221,4.9415,4.7971,4.7971,4449535,0
1997-06-11,4.8262,4.8451,4.7971,4.8262,2754246,0
1997-06-12,4.8451,4.8742,4.8262,4.8451,2232943,0
1997-06-13,4.8742,4.9415,4.8742,4.8931,1982848,0
1997-06-16,4.8931,4.9221,4.8742,4.8742,2694627,0
1997-06-17,4.8931,4.9892,4.8451,4.9221,2159077,0
1997-06-18,4.8931,4.9221,4.8451,4.8451,1529080,0
1997-06-19,4.8451,4.8742,4.7494,4.8451,2369073,0
1997-06-20,4.8931,4.9892,4.8742,4.9892,3728784,0
1997-06-23,4.9415,5.0375,4.9415,4.9605,2811761,0
1997-06-24,4.9892,5.047,4.9318,4.9415,4101822,0
1997-06-25,4.8931,5.0277,4.8742,4.9031,2197068,0
1997-06-26,4.9031,5.0084,4.8742,4.9318,1644105,0
1997-06-27,4.9795,5.0084,4.9415,4.9605,1369210,0
1997-06-30,4.9795,5.0084,4.8742,4.8742,3596876,0
1997-07-01,5.0853,5.1714,5.0277,5.1714,6941019,0
1997-07-02,5.1714,5.1714,5.0561,5.1045,3841699,0
1997-07-03,5.1333,5.1523,5.0375,5.0853,1937471,0
1997-07-07,5.0948,5.162,4.9892,5.0948,3993659,0
1997-07-08,5.0948,5.0948,5.0084,5.0375,2059880,0
1997-07-09,5.0375,5.1045,5.0084,5.0375,3221731,0
1997-07-10,5.0375,5.0658,4.9892,5.0277,2400202,0
1997-07-11,5.0375,5.1045,5.0277,5.0853,2085209,0
1997-07-14,5.0561,5.0853,4.8931,4.9318,2470379,0
1997-07-15,4.9415,5.1045,4.9031,5.0853,2345330,0
1997-07-16,5.0561,5.1714,5.0561,5.1523,2960022,0
1997-07-17,5.1523,5.1523,4.9892,5.0084,2324227,0
1997-07-18,4.9892,4.9988,4.9415,4.9605,2062521,0
1997-07-21,4.9221,4.9988,4.9031,4.9318,1426194,0
1997-07-22,4.9415,5.0948,4.9415,5.0561,2500456,0
1997-07-23,5.0561,5.1333,5.0277,5.1333,3042861,0
1997-07-24,5.1333,5.162,4.9988,5.1045,3276605,0
1997-07-25,5.1333,5.3154,5.1045,5.2675,10880332,0
1997-07-28,5.3154,5.3249,5.2386,5.2675,4211570,0
1997-07-29,5.2004,5.3444,5.162,5.2483,7651216,0
1997-07-30,5.2675,5.5073,5.2483,5.5073,8054328,0
1997-07-31,5.4787,5.5745,5.4112,5.4593,4589357,0
1997-08-01,5.4593,5.4593,5.2196,5.2675,5624045,0
1997-08-04,5.2675,5.4978,5.2675,5.4978,2947887,0
1997-08-05,5.4978,5.6031,5.4787,5.5073,3095096,0
1997-08-06,5.4593,5.5647,5.4306,5.5171,2493071,0
1997-08-07,5.5842,5.6511,5.5073,5.5171,3207482,0
1997-08-08,5.4593,5.4787,5.2675,5.3538,3846449,0
1997-08-11,5.373,5.5266,5.3635,5.4978,3473941,0
1997-08-12,5.4787,5.4978,5.2964,5.373,4112903,0
1997-08-13,5.4208,5.4978,5.3635,5.4112,5635129,0
1997-08-14,5.45,5.4689,5.2964,5.3249,1606118,0
1997-08-15,5.3154,5.3249,5.258,5.2675,1290594,0
1997-08-18,5.258,5.2964,5.1714,5.258,1826670,0
1997-08-19,5.3538,5.4018,5.258,5.3444,1679457,0
1997-08-20,5.2964,5.4306,5.2868,5.4306,1914780,0
1997-08-21,5.4306,5.4593,5.373,5.4208,1975462,0
1997-08-22,5.3635,5.6322,5.3538,5.6322,4134538,0
1997-08-25,5.6128,5.6322,5.4306,5.4978,3030200,0
1997-08-26,5.4306,5.4787,5.373,5.373,1609809,0
1997-08-27,5.373,5.5647,5.3538,5.4306,2540556,0
1997-08-28,5.3923,5.45,5.3154,5.3635,1557575,0
1997-08-29,5.3346,5.3826,5.2771,5.2771,865318,0
1997-09-02,5.2964,5.5745,5.2868,5.5266,3342557,0
1997-09-03,5.5745,5.6031,5.4689,5.5073,2470906,0
1997-09-04,5.5073,5.6031,5.4978,5.5553,2124250,0
1997-09-05,5.5647,5.6128,5.5266,5.6031,2181763,0
1997-09-08,5.6226,6.0926,5.6226,6.0258,13502143,0
1997-09-09,5.8816,5.9393,5.7662,5.8237,8677461,0
1997-09-10,5.7856,6.0258,5.7567,5.9006,6804890,0
1997-09-11,5.8143,5.9582,5.7856,5.8816,4710712,0
1997-09-12,5.8816,5.9006,5.7856,5.8336,3458109,0
1997-09-15,5.8625,6.0062,5.8625,5.8816,4351392,0
1997-09-16,5.9297,6.1116,5.9297,6.0446,9738535,0
1997-09-17,6.0062,6.2175,6.0062,6.1213,6772707,0
1997-09-18,6.0258,6.1116,6.0062,6.0446,3249694,0
1997-09-19,6.0446,6.2463,6.0446,6.1311,6206553,0
1997-09-22,6.1406,6.1694,6.0258,6.0258,2836028,0
1997-09-23,5.8816,6.0258,5.7472,5.853,4982971,0
1997-09-24,5.8816,5.9202,5.7662,5.8143,2278319,0
1997-09-25,5.805,5.8625,5.7187,5.7187,2348496,0
1997-09-26,6.0258,6.0258,5.9297,6.0062,6356926,0
1997-09-29,6.0062,6.1213,6.0062,6.1116,4092327,0
1997-09-30,6.1116,6.1311,5.9871,6.0258,3348891,0
1997-10-01,6.1213,6.1311,5.9777,5.9871,6889310,0
1997-10-02,5.9777,6.1116,5.9393,6.0446,6393863,0
1997-10-03,6.1406,6.1982,5.9297,5.9871,1817171,0
1997-10-06,6.0737,6.1311,6.064,6.0926,4737093,0
1997-10-07,6.0737,6.1597,6.0062,6.1406,4481720,0
1997-10-08,6.2175,6.2175,6.1116,6.1311,2592789,0
1997-10-09,6.1116,6.2175,6.0926,6.2175,2019251,0
1997-10-10,6.1597,6.3323,6.1406,6.2845,2584877,0
1997-10-13,6.3038,6.342,6.2654,6.3038,1848827,0
1997-10-14,6.3998,6.6395,6.3804,6.5917,6104191,0
1997-10-15,6.5917,6.8698,6.5437,6.7454,7882321,0
1997-10-16,6.7454,6.793,6.534,6.534,4018456,0
1997-10-17,6.486,6.5243,6.2751,6.3998,4164610,0
1997-10-20,6.3998,6.5437,6.3516,6.5437,4351392,0
1997-10-21,6.5437,6.7834,6.5437,6.7066,3916623,0
1997-10-22,6.7355,6.793,6.6874,6.7454,3744087,0
1997-10-23,6.4475,6.7355,6.4475,6.6492,4925461,0
1997-10-24,6.6299,6.6588,6.3998,6.3998,10609656,0
1997-10-27,6.3998,6.4573,5.6031,5.6706,8284903,0
1997-10-28,5.3154,6.2654,5.3154,6.1597,6515219,0
1997-10-29,6.1406,6.3038,6.0446,6.179,3690272,0
1997-10-30,6.1213,6.2271,6.0258,6.1213,3695548,0
1997-10-31,6.2654,6.2751,6.1213,6.1406,2357466,0
1997-11-03,6.1694,6.3998,6.1694,6.3804,2552692,0
1997-11-04,6.3804,6.486,6.2845,6.486,3178994,0
1997-11-05,6.486,6.6395,6.486,6.5437,3178994,0
1997-11-06,6.5437,6.6874,6.4764,6.6874,2172268,0
1997-11-07,6.4475,6.4573,6.342,6.3709,2725754,0
1997-11-10,6.3709,6.4475,6.1694,6.179,1525389,0
1997-11-11,6.1694,6.2941,6.1694,6.2365,921775,0
1997-11-12,6.1886,6.3998,6.1886,6.3038,3752530,0
1997-11-13,6.3038,6.3998,6.2175,6.3902,4276997,0
1997-11-14,6.3998,6.6395,6.3709,6.5437,5113299,0
1997-11-17,6.5531,6.6874,6.5243,6.5917,2505733,0
1997-11-18,6.5437,6.7454,6.534,6.6874,3031782,0
1997-11-19,6.6971,6.7547,6.6492,6.6874,3391102,0
1997-11-20,6.7547,6.9658,6.7547,6.9469,3922427,0
1997-11-21,6.9178,6.9178,6.6971,6.6971,2472490,0
1997-11-24,6.6971,6.8987,6.6588,6.8409,1699508,0
1997-11-25,6.9469,7.0428,6.8601,6.9563,3839591,0
1997-11-26,6.9658,7.0235,6.8506,6.8506,4676946,0
1997-11-28,6.9178,6.9563,6.8893,6.8987,3314946,0
1997-12-01,6.8987,6.9178,6.6395,6.6588,5532413,0
1997-12-02,6.7834,6.793,6.534,6.5822,3974136,0
1997-12-03,6.6588,6.7454,6.3902,6.6874,2884399,0
1997-12-04,6.6874,6.812,6.6874,6.7644,3868256,0
1997-12-05,6.6588,6.8987,6.6588,6.812,3134496,0
1997-12-08,6.7454,7.1385,6.7454,7.0329,3589667,0
1997-12-09,7.0428,7.0616,6.8893,6.9563,2056011,0
1997-12-10,6.9273,7.0138,6.8316,7.0138,1684205,0
1997-12-11,6.9563,7.0138,6.7259,7.0138,3524945,0
1997-12-12,7.1672,7.3496,7.0428,7.2442,4502121,0
1997-12-15,7.3496,7.4167,7.1865,7.263,3020527,0
1997-12-16,7.263,7.263,7.0616,7.0808,2046164,0
1997-12-17,7.1385,7.2054,7.0808,7.1002,2126365,0
1997-12-18,7.1385,7.1865,6.937,7.0138,1681744,0
1997-12-19,6.5723,6.8506,6.4957,6.8506,4147549,0
1997-12-22,6.8316,6.9945,6.5723,6.6012,3731071,0
1997-12-23,6.534,6.534,6.3614,6.3614,3967450,0
1997-12-24,6.4668,6.486,6.3614,6.3614,1660286,0
1997-12-26,6.3709,6.4668,6.3709,6.4095,421051,0
1997-12-29,6.4668,6.486,6.4284,6.486,1823149,0
1997-12-30,6.486,6.7834,6.4668,6.7834,3760620,0
1997-12-31,6.7834,7.1002,6.7644,6.9563,2512592,0
1998-01-02,7.0329,7.1002,6.7259,6.8506,1456268,0
1998-01-05,6.8506,7.2442,6.8506,7.1672,3102835,0
1998-01-06,7.2442,7.292,6.8893,6.9273,3182336,0
1998-01-07,6.8506,7.1865,6.7834,7.1865,3151730,0
1998-01-08,7.1865,7.2727,6.937,7.0616,2417615,0
1998-01-09,7.0428,7.3112,6.6395,6.7834,4534483,0
1998-01-12,6.4957,7.0808,6.4957,7.0616,4709304,0
1998-01-13,7.0329,7.1193,7.0329,7.1002,2269879,0
1998-01-14,7.1672,7.1672,6.9273,7.0428,2105259,0
1998-01-15,6.9754,7.1385,6.9273,6.937,2196715,0
1998-01-16,7.0616,7.292,7.0616,7.1865,4527098,0
1998-01-20,7.3496,7.7141,7.3112,7.6664,6621099,0
1998-01-21,7.7717,8.0211,7.5896,7.9157,7910633,0
1998-01-22,7.8101,7.9827,7.6278,7.6278,4377950,0
1998-01-23,7.6853,7.7333,7.2727,7.3688,3888657,0
1998-01-26,7.6278,7.7908,7.292,7.4167,3785946,0
1998-01-27,7.4167,7.5031,7.0616,7.2442,4211923,0
1998-01-28,7.484,7.8388,7.292,7.8101,4950608,0
1998-01-29,7.8101,7.8388,7.5607,7.6086,2608974,0
1998-01-30,7.58,7.6086,7.3688,7.3688,2384551,0
1998-02-02,7.8966,7.8966,7.6468,7.8966,4374786,0
1998-02-03,7.7717,7.8966,7.7046,7.7333,3342735,0
1998-02-04,7.8196,7.8581,7.7527,7.8101,2181238,0
1998-02-05,7.8966,7.9157,7.6853,7.8101,2567113,0
1998-02-06,7.7717,8.0023,7.7717,7.9253,3763786,0
1998-02-09,7.9827,8.1748,7.9157,8.1748,5099753,0
1998-02-10,8.1554,8.4818,8.146,8.3666,7750934,0
1998-02-11,8.4051,8.424,8.3185,8.357,3966399,0
1998-02-12,8.2993,8.7026,8.2515,8.4912,4041673,0
1998-02-13,8.5969,8.904,8.3859,8.4625,6159596,0
1998-02-17,8.5298,8.5872,8.4433,8.4818,2838668,0
1998-02-18,8.4818,8.5679,8.2321,8.261,3468312,0
1998-02-19,8.3666,8.3859,8.0692,8.1075,2879118,0
1998-02-20,8.0023,8.0309,7.5607,7.8388,8566305,0
1998-02-23,8.1266,8.3378,8.0883,8.1748,12178132,0
1998-02-24,8.1748,8.357,8.0211,8.0309,4590061,0
1998-02-25,8.1939,8.3378,8.146,8.2321,10138655,0
1998-02-26,8.2321,8.2321,7.9253,8.1939,4158807,0
1998-02-27,8.1266,8.2131,8.0309,8.1075,2425004,0
1998-03-02,8.1266,8.261,8.0883,8.2131,3628714,0
1998-03-03,8.2804,8.4625,8.1748,8.4051,3787003,0
1998-03-04,8.4625,8.4625,7.8966,8.2515,3639965,0
1998-03-05,8.1846,8.1846,8.0211,8.146,2185107,0
1998-03-06,8.1266,8.5009,8.1266,8.4433,3250220,0
1998-03-09,8.3763,8.6255,8.3763,8.5679,2699725,0
1998-03-10,8.6255,8.7119,8.5009,8.5492,2478472,0
1998-03-11,8.5492,8.5492,8.4051,8.4818,3316000,0
1998-03-12,8.4625,8.6736,8.4433,8.6255,2070081,0
1998-03-13,8.6255,8.76,8.5679,8.7316,2419727,0
1998-03-16,8.8367,8.9426,8.7316,8.779,3216455,0
1998-03-17,8.779,9.0766,8.7316,9.0287,4258353,0
1998-03-18,8.9709,8.9905,8.76,8.779,4072981,0
1998-03-19,8.76,8.76,8.6546,8.76,2075358,0
1998-03-20,8.76,8.8175,8.4051,8.5104,3121125,0
1998-03-23,7.2054,8.1846,7.2054,8.0211,13626665,0
1998-03-24,7.9827,8.3185,7.9827,8.2131,4609409,0
1998-03-25,8.4818,8.5104,8.0883,8.3378,5620351,0
1998-03-26,8.2993,8.3378,8.1266,8.1266,3120073,0
1998-03-27,8.2993,8.2993,8.1075,8.1651,3984336,0
1998-03-30,8.1939,8.2515,8.1075,8.1939,3676199,0
1998-03-31,8.2993,8.3955,8.2321,8.357,3607958,0
1998-04-01,8.4818,8.4818,8.2993,8.3955,2634297,0
1998-04-02,8.4051,8.5104,8.2899,8.4818,2467919,0
1998-04-03,8.5104,8.5872,8.3763,8.4433,3737404,0
1998-04-06,8.5104,8.5298,8.2993,8.2993,2219579,0
1998-04-07,8.3378,8.3378,8.1846,8.2321,1739077,0
1998-04-08,8.2707,8.2707,8.1939,8.2321,1054915,0
1998-04-09,8.2515,8.3378,8.1939,8.2321,1690888,0
1998-04-13,8.2131,8.3185,8.0883,8.2993,2840425,0
1998-04-14,8.3955,8.4051,8.2899,8.3378,2063048,0
1998-04-15,8.4625,8.779,8.4433,8.779,6239793,0
1998-04-16,8.693,8.76,8.6066,8.6255,3561528,0
1998-04-17,8.7119,8.7119,8.5104,8.5872,3355048,0
1998-04-20,8.5104,8.5492,8.4051,8.5298,2415505,0
1998-04-21,8.5104,8.6736,8.4818,8.6255,2471437,0
1998-04-22,8.6255,8.635,8.424,8.4625,2808065,0
1998-04-23,8.3955,8.4051,8.146,8.1846,3521075,0
1998-04-24,8.1939,8.2515,7.8294,7.8771,9466100,0
1998-04-27,7.6278,7.7908,7.4936,7.6468,4686794,0
1998-04-28,7.7046,7.7333,7.2824,7.4167,7525461,0
1998-04-29,7.4936,7.7333,7.4743,7.6468,3795444,0
1998-04-30,7.8485,7.9349,7.7236,7.7527,3244946,0
1998-05-01,7.8485,7.9157,7.5607,7.5607,2847462,0
1998-05-04,7.5607,7.6853,7.5607,7.58,4077904,0
1998-05-05,7.5607,7.599,7.4167,7.4936,3133087,0
1998-05-06,7.58,7.6184,7.263,7.3112,4325891,0
1998-05-07,7.3496,7.4936,7.3303,7.4936,4319558,0
1998-05-08,7.4936,7.6853,7.4936,7.5222,4362824,0
1998-05-11,7.5607,7.6184,7.388,7.4167,3804237,0
1998-05-12,7.4361,7.4936,7.292,7.388,2917461,0
1998-05-13,7.3496,7.4167,7.292,7.4167,2204100,0
1998-05-14,7.4167,7.6278,7.388,7.58,3558009,0
1998-05-15,7.6184,7.6278,7.2251,7.3112,5180309,0
1998-05-18,7.3496,7.3977,7.263,7.3496,2629021,0
1998-05-19,7.3977,7.4361,7.1385,7.1865,3352934,0
1998-05-20,7.2054,7.3977,7.177,7.388,4196798,0
1998-05-21,7.4167,7.5412,7.263,7.3496,3181632,0
1998-05-22,7.3496,7.5412,7.3496,7.4743,2574852,0
1998-05-26,7.599,7.6664,7.58,7.6468,4114834,0
1998-05-27,7.6278,7.6278,7.3496,7.5125,2336010,0
1998-05-28,7.4361,7.6468,7.4361,7.58,1796063,0
1998-05-29,7.6278,7.7046,7.5125,7.5412,1990936,0
1998-06-01,7.5607,7.5607,7.3112,7.3112,2594196,0
1998-06-02,7.3977,7.5222,7.3496,7.5222,2574500,0
1998-06-03,7.599,7.8966,7.599,7.7623,5135281,0
1998-06-04,7.7046,7.8294,7.5607,7.7046,2627967,0
1998-06-05,7.7046,7.8485,7.7046,7.8294,1849531,0
1998-06-08,7.8485,8.0787,7.8485,8.0405,2826008,0
1998-06-09,8.098,8.2707,7.9924,8.2707,4755386,0
1998-06-10,8.1846,8.3763,8.1266,8.1846,4215088,0
1998-06-11,8.2037,8.2227,8.1266,8.1846,2268471,0
1998-06-12,8.2515,8.2515,7.9157,8.0405,2173849,0
1998-06-15,7.9924,8.3282,7.9157,8.2037,2867863,0
1998-06-16,8.2037,8.2515,8.1075,8.2037,2376811,0
1998-06-17,8.1266,8.2707,8.098,8.2037,2044406,0
1998-06-18,8.2037,8.2515,8.1651,8.2037,1856214,0
1998-06-19,8.2321,8.2321,8.0405,8.0593,1960687,0
1998-06-22,8.2037,8.4625,8.1651,8.2227,3252333,0
1998-06-23,8.2227,8.2899,8.098,8.2037,2162945,0
1998-06-24,8.2037,8.2899,8.0023,8.2515,1789732,0
1998-06-25,8.1846,8.4337,8.1846,8.4337,2593146,0
1998-06-26,8.3955,8.4433,8.2227,8.2227,1535765,0
1998-06-29,8.2321,8.5201,8.2227,8.5201,2683545,0
1998-06-30,8.3955,8.4625,8.3282,8.357,2252293,0
1998-07-01,8.3955,8.5872,8.3955,8.5585,2047218,0
1998-07-02,8.3378,8.4818,8.2899,8.3378,1595210,0
1998-07-06,8.3282,8.6736,8.2707,8.6736,2593492,0
1998-07-07,8.693,8.8945,8.6736,8.7983,3929459,0
1998-07-08,8.8175,8.875,8.6255,8.645,2219928,0
1998-07-09,8.645,8.7504,8.5201,8.7316,3049371,0
1998-07-10,8.7316,8.904,8.6255,8.8945,3794038,0
1998-07-13,8.7983,8.904,8.5679,8.6639,2174905,0
1998-07-14,8.7119,8.9998,8.693,8.9807,3044796,0
1998-07-15,8.7696,8.8175,8.5585,8.5679,2355708,0
1998-07-16,8.4818,8.4818,8.1266,8.3955,3316355,0
1998-07-17,8.4433,8.5872,8.4145,8.5679,3071179,0
1998-07-20,8.6255,8.7316,8.5009,8.5201,2973040,0
1998-07-21,8.6255,8.6736,8.4818,8.4818,2689523,0
1998-07-22,8.5585,8.875,8.5393,8.6255,3387760,0
1998-07-23,8.8175,9.0092,8.6255,8.779,5539798,0
1998-07-24,8.904,8.9998,8.5009,8.7504,4606242,0
1998-07-27,8.693,9.0287,8.6639,9.0287,4071925,0
1998-07-28,9.0287,9.1151,8.8367,9.1056,5000561,0
1998-07-29,9.1342,9.1342,8.9807,9.0478,4307249,0
1998-07-30,9.0287,9.3344,9.0287,9.2972,3777857,0
1998-07-31,9.469,9.4887,9.2589,9.315,4983323,0
1998-08-03,9.2398,9.3635,9.1342,9.1917,2600882,0
1998-08-04,9.1917,9.3834,8.5679,8.5679,5354424,0
1998-08-05,8.6066,8.9426,8.5872,8.8945,3534091,0
1998-08-06,8.7316,8.875,8.6736,8.875,2638167,0
1998-08-07,8.693,8.9807,8.693,8.7316,3372984,0
1998-08-10,8.693,8.9426,8.6736,8.779,5043121,0
1998-08-11,8.5872,8.6639,8.5009,8.6639,2757763,0
1998-08-12,8.7696,8.9612,8.7504,8.8559,2303648,0
1998-08-13,8.8367,8.904,8.6736,8.693,2199176,0
1998-08-14,8.6736,8.7983,8.4145,8.4818,4383581,0
1998-08-17,8.4433,8.7119,8.3088,8.5872,4131371,0
1998-08-18,8.5585,8.7696,8.5393,8.7696,3810918,0
1998-08-19,8.8175,9.067,8.7316,8.8367,4342071,0
1998-08-20,8.7696,8.9612,8.7696,8.875,3947399,0
1998-08-21,8.693,8.7504,8.3473,8.4818,2755420,0
1998-08-24,8.5585,8.693,8.4818,8.6639,2535457,0
1998-08-25,8.779,9.067,8.779,8.9328,2470263,0
1998-08-26,8.9328,8.9328,8.5393,8.693,1572117,0
1998-08-27,8.4818,8.645,8.0593,8.4337,3870953,0
1998-08-28,8.4337,8.616,8.1939,8.2707,2690229,0
1998-08-31,8.4337,8.4625,7.292,7.5607,4426261,0
1998-09-01,7.7431,8.1651,7.4743,8.0115,3701175,0
1998-09-02,8.0593,8.357,7.6949,7.6949,2347382,0
1998-09-03,7.6372,7.6949,7.3977,7.5318,2046283,0
1998-09-04,7.6372,7.7141,7.3496,7.4743,2133515,0
1998-09-08,8.0593,8.1174,7.9061,8.0883,3051600,0
1998-09-09,8.1174,8.3763,8.0883,8.2993,2962723,0
1998-09-10,8.0593,8.0593,7.8005,7.9542,2372946,0
1998-09-11,7.8485,8.2993,7.8005,8.0593,2961549,0
1998-09-14,8.2707,8.5393,8.2707,8.4912,2830224,0
1998-09-15,8.4625,8.779,8.3763,8.5104,2182527,0
1998-09-16,8.5104,8.8271,8.4912,8.7504,2137505,0
1998-09-17,8.4912,8.5969,8.4625,8.4912,1372081,0
1998-09-18,8.5679,8.645,8.4912,8.5393,2184168,0
1998-09-21,8.4625,8.5969,8.2707,8.5969,1392718,0
1998-09-22,8.5969,9.2014,8.5969,9.1533,2848514,0
1998-09-23,9.2304,9.653,9.2014,9.605,4154236,0
1998-09-24,9.653,9.923,9.067,9.2014,3942011,0
1998-09-25,8.8559,9.4977,8.8559,9.2782,2574148,0
1998-09-28,9.4977,9.757,9.3066,9.575,2213716,0
1998-09-29,9.548,9.68,9.2782,9.3344,2960140,0
1998-09-30,9.1728,9.2304,8.357,8.5969,4316746,0
1998-10-01,8.3282,8.616,7.9827,8.0593,4601196,0
1998-10-02,8.1651,8.357,8.0405,8.1651,3022988,0
1998-10-05,8.0405,8.0883,7.8196,8.0883,1891507,0
1998-10-06,8.0593,8.4912,7.8005,8.1651,4546325,0
1998-10-07,8.0593,8.1651,7.5896,7.6949,2620344,0
1998-10-08,7.2153,7.2153,6.4957,6.9469,5618475,0
1998-10-09,6.9469,7.5031,6.9469,7.4263,3889245,0
1998-10-12,7.4263,7.6949,7.3496,7.4263,2577196,0
1998-10-13,7.4551,7.4743,7.0043,7.1385,2319478,0
1998-10-14,7.1098,7.6086,7.0808,7.3688,3538898,0
1998-10-15,7.3688,8.5969,7.3688,8.5104,4226463,0
1998-10-16,8.9135,8.9135,8.3282,8.5969,4620897,0
1998-10-19,8.4912,9.0478,8.4912,8.8559,2787778,0
1998-10-20,8.9905,9.2589,8.4912,8.5969,4121640,0
1998-10-21,8.645,8.8559,8.5104,8.5969,2832105,0
1998-10-22,8.4912,8.9135,8.4337,8.7026,2843126,0
1998-10-23,8.6736,8.9328,8.645,8.779,2135390,0
1998-10-26,8.8078,8.8559,8.7026,8.7504,1869934,0
1998-10-27,8.7026,8.9328,8.616,8.8078,2488786,0
1998-10-28,8.8559,9.067,8.7218,8.8078,1802395,0
1998-10-29,8.7218,8.7504,8.4912,8.645,2228257,0
1998-10-30,8.7504,8.9905,8.7504,8.9612,3768008,0
1998-11-02,9.1248,9.4128,9.067,9.3066,2590563,0
1998-11-03,9.2782,9.3344,8.8078,8.9612,3481210,0
1998-11-04,9.2782,9.624,9.0478,9.1533,6130864,0
1998-11-05,9.1248,10.074,9.1248,9.815,5779346,0
1998-11-06,9.815,9.923,9.2304,9.3834,3240374,0
1998-11-09,9.3344,9.3344,8.8847,9.0959,5054024,0
1998-11-10,8.9612,9.2589,8.9612,9.0187,3246939,0
1998-11-11,9.067,9.2304,8.8847,8.9328,2216295,0
1998-11-12,8.9328,9.0478,8.779,8.9328,2362861,0
1998-11-13,8.9612,9.1728,8.9135,9.0959,1766755,0
1998-11-16,9.2589,9.3635,9.1533,9.2304,1877438,0
1998-11-17,9.3066,9.3834,9.1533,9.3834,2195659,0
1998-11-18,9.3834,9.729,9.2782,9.575,3248580,0
1998-11-19,9.4977,9.518,9.067,9.1248,6819371,0
1998-11-20,9.2304,9.2589,8.8078,8.9328,5957334,0
1998-11-23,8.9328,9.2782,8.9135,9.1728,4325189,0
1998-11-24,9.2014,9.68,9.1728,9.68,4547734,0
1998-11-25,9.575,9.653,9.3066,9.3635,2327450,0
1998-11-27,9.518,9.518,9.4405,9.4977,663176,0
1998-11-30,9.469,9.548,9.1248,9.2014,2227550,0
1998-12-01,8.9328,9.518,8.9328,9.3834,4157284,0
1998-12-02,9.3635,9.575,9.2304,9.4405,3914103,0
1998-12-03,9.3344,9.4128,9.2782,9.2782,2487617,0
1998-12-04,9.3344,9.4128,9.2589,9.3834,3181982,0
1998-12-07,9.4225,9.548,9.3635,9.528,2557266,0
1998-12-08,9.528,9.951,9.469,9.709,4197853,0
1998-12-09,9.767,9.873,9.575,9.653,3260778,0
1998-12-10,9.709,9.738,9.4977,9.528,2576027,0
1998-12-11,9.3934,9.3934,9.0478,9.1821,3869783,0
1998-12-14,8.9135,9.1821,8.8847,9.0766,3192302,0
1998-12-15,9.0187,9.0766,8.9135,8.9709,2531939,0
1998-12-16,9.0187,9.0187,8.6736,8.7504,2288053,0
1998-12-17,8.645,9.0959,8.6255,9.0766,2732437,0
1998-12-18,8.8656,9.3635,8.8656,9.3635,2718603,0
1998-12-21,9.2589,9.4977,9.2589,9.315,1949898,0
1998-12-22,9.2304,9.2589,9.0187,9.2014,1757605,0
1998-12-23,9.1248,9.3344,9.1248,9.2589,1985077,0
1998-12-24,9.3344,9.3344,9.2304,9.315,617449,0
1998-12-28,9.3344,9.4225,9.2014,9.4225,1643637,0
1998-12-29,9.3344,9.528,9.2589,9.4405,1312283,0
1998-12-30,9.469,9.873,9.4225,9.815,2579308,0
1998-12-31,9.738,9.786,9.528,9.634,1938878,0
1999-01-04,9.528,9.738,9.4977,9.738,3939194,0
1999-01-05,9.653,10.45,9.653,10.344,5442365,0
1999-01-06,10.402,10.611,10.16,10.477,5851104,0
1999-01-07,10.325,10.822,10.082,10.822,7349585,0
1999-01-08,13.585,13.585,11.934,12.129,13181691,0
1999-01-11,12.099,12.099,11.141,11.463,7310892,0
1999-01-12,11.303,11.483,10.984,11.063,4324953,0
1999-01-13,10.295,11.571,10.295,11.198,4282273,0
1999-01-14,11.247,11.331,11.014,11.141,3068952,0
1999-01-15,11.378,11.511,11.169,11.198,4126798,0
1999-01-19,11.405,11.934,11.277,11.887,4319795,0
1999-01-20,11.858,11.887,11.198,11.303,3493168,0
1999-01-21,11.331,11.62,11.033,11.378,3741508,0
1999-01-22,11.247,11.35,11.033,11.331,2666542,0
1999-01-25,11.198,11.303,11.093,11.277,2183466,0
1999-01-26,11.303,11.463,11.303,11.35,2413281,0
1999-01-27,11.405,11.405,10.927,11.014,2576257,0
1999-01-28,11.063,11.141,10.611,10.775,2815219,0
1999-01-29,10.822,11.435,10.583,11.435,4429543,0
1999-02-01,11.435,11.858,11.435,11.649,4234437,0
1999-02-02,11.571,11.62,11.063,11.277,2589392,0
1999-02-03,11.093,11.649,11.063,11.649,2520447,0
1999-02-04,11.679,11.993,11.463,11.571,3489415,0
1999-02-05,11.59,11.679,11.247,11.62,2459945,0
1999-02-08,11.699,11.727,11.483,11.62,2193784,0
1999-02-09,11.963,11.993,11.727,11.784,4784113,0
1999-02-10,11.756,11.993,11.756,11.963,3055587,0
1999-02-11,11.934,12.309,11.83,11.887,4008139,0
1999-02-12,11.83,12.252,11.405,12.177,4635905,0
1999-02-16,12.235,12.414,12.022,12.338,2773710,0
1999-02-17,12.281,12.414,12.147,12.309,2503798,0
1999-02-18,12.473,12.522,12.206,12.522,2669827,0
1999-02-19,12.493,12.732,12.385,12.732,3024865,0
1999-02-22,12.703,12.943,12.628,12.838,3654979,0
1999-02-23,12.818,13.029,12.685,12.97,3131798,0
1999-02-24,13.049,13.373,13.049,13.155,4071455,0
1999-02-25,13.029,13.029,12.685,12.999,2610029,0
1999-02-26,13.029,13.049,12.703,12.79,1606348,0
1999-03-01,12.732,13.029,12.732,12.79,2339174,0
1999-03-02,13.029,13.585,13.029,13.318,4532021,0
1999-03-03,13.318,13.479,13.107,13.165,2801851,0
1999-03-04,13.165,13.214,12.338,12.866,4245691,0
1999-03-05,13.058,13.107,12.713,12.999,3983986,0
1999-03-08,13.194,13.537,13.135,13.242,3374511,0
1999-03-09,13.214,13.556,12.924,13.45,4533897,0
1999-03-10,13.422,13.45,13.058,13.107,3186672,0
1999-03-11,13.088,13.135,12.818,12.951,3580170,0
1999-03-12,12.951,13.556,12.76,13.242,4136884,0
1999-03-15,13.402,14.596,13.301,14.488,5322768,0
1999-03-16,14.547,14.547,13.933,14.093,3817487,0
1999-03-17,14.065,14.199,13.75,13.75,3823352,0
1999-03-18,13.721,14.219,13.663,14.199,4863139,0
1999-03-19,14.247,14.247,13.798,13.798,3263120,0
1999-03-22,13.825,13.825,13.214,13.301,2831166,0
1999-03-23,13.194,13.508,12.999,13.029,4177687,0
1999-03-24,12.924,13.798,12.924,13.77,3434075,0
1999-03-25,13.904,13.99,13.615,13.75,2121087,0
1999-03-26,13.644,13.644,13.107,13.165,2514819,0
1999-03-29,13.058,13.058,12.551,12.741,4115542,0
1999-03-30,12.818,13.422,12.818,13.318,4947563,0
1999-03-31,13.373,13.556,12.741,12.847,3088883,0
1999-04-01,13.029,13.194,12.76,12.866,1682331,0
1999-04-05,12.951,13.242,12.924,13.135,2545538,0
1999-04-06,13.194,13.194,12.894,12.894,2752370,0
1999-04-07,12.999,13.318,12.999,13.318,3362315,0
1999-04-08,13.346,13.798,13.165,13.798,3364429,0
1999-04-09,13.692,14.44,13.692,14.171,4849071,0
1999-04-12,13.692,13.77,13.318,13.373,5875493,0
1999-04-13,13.479,13.556,13.346,13.373,3353172,0
1999-04-14,13.373,14.038,13.301,13.904,3428214,0
1999-04-15,14.142,14.199,13.194,13.194,2434384,0
1999-04-16,13.272,14.199,13.242,13.904,3073173,0
1999-04-19,14.652,14.86,13.644,13.798,5721660,0
1999-04-20,13.904,13.933,13.45,13.615,4925519,0
1999-04-21,14.112,14.831,14.093,14.831,4356376,0
1999-04-22,14.831,15.016,13.99,14.093,5760586,0
1999-04-23,14.142,14.967,14.01,14.909,3573137,0
1999-04-26,14.652,14.652,14.353,14.44,3970387,0
1999-04-27,14.411,14.488,14.199,14.304,3762851,0
1999-04-28,14.277,14.353,13.963,13.99,3254680,0
1999-04-29,14.01,14.093,13.615,13.692,4568834,0
1999-04-30,13.692,13.904,13.479,13.825,2815451,0
1999-05-03,13.721,13.721,13.373,13.537,3067780,0
1999-05-04,13.479,14.199,13.479,13.884,3774571,0
1999-05-05,13.933,13.99,13.402,13.644,3238029,0
1999-05-06,13.644,13.854,13.373,13.721,2808419,0
1999-05-07,14.01,14.219,13.798,14.01,2879472,0
1999-05-10,13.644,13.75,13.373,13.402,3320809,0
1999-05-11,13.479,14.142,13.422,14.01,3559767,0
1999-05-12,14.01,14.67,13.854,14.518,4842737,0
1999-05-13,14.623,14.652,13.798,14.44,5721660,0
1999-05-14,14.065,14.353,13.963,14.142,1985309,0
1999-05-17,14.112,14.46,13.99,14.411,2518807,0
1999-05-18,14.411,14.46,14.171,14.46,1806382,0
1999-05-19,14.44,14.46,13.884,13.963,3911759,0
1999-05-20,13.963,14.01,13.402,13.479,6677495,0
1999-05-21,13.45,13.45,12.443,12.999,9204511,0
1999-05-24,13.107,13.272,12.894,13.194,6000014,0
1999-05-25,13.214,13.45,13.029,13.135,3721110,0
1999-05-26,13.194,13.318,12.847,13.029,2405305,0
1999-05-27,12.999,13.272,12.894,13.165,2226146,0
1999-05-28,13.165,13.644,13.165,13.615,2260620,0
1999-06-01,13.644,13.904,13.422,13.663,2516224,0
1999-06-02,13.46,13.479,13.117,13.272,2572976,0
1999-06-03,13.373,13.673,13.272,13.615,2735487,0
1999-06-04,13.566,13.806,13.508,13.806,3152905,0
1999-06-07,13.585,14.257,13.402,14.171,2573208,0
1999-06-08,14.065,14.093,13.692,13.692,2379278,0
1999-06-09,13.537,13.566,13.194,13.402,3381309,0
1999-06-10,13.402,13.615,13.135,13.194,2669356,0
1999-06-11,13.301,13.373,12.951,13.029,2231068,0
1999-06-14,13.223,13.242,12.979,13.135,1909565,0
1999-06-15,13.135,13.402,13.117,13.373,1451110,0
1999-06-16,13.431,13.673,13.431,13.537,1685846,0
1999-06-17,13.566,13.644,13.373,13.46,1207931,0
1999-06-18,13.373,13.692,13.373,13.605,2695386,0
1999-06-21,13.585,13.963,13.479,13.884,1943566,0
1999-06-22,13.884,13.963,13.585,13.673,1232553,0
1999-06-23,13.779,13.779,13.479,13.644,1246622,0
1999-06-24,13.537,13.806,13.508,13.644,1184008,0
1999-06-25,13.644,13.884,13.566,13.566,1230441,0
1999-06-28,13.644,14.019,13.644,13.963,2357466,0
1999-06-29,13.854,13.854,13.566,13.673,3286102,0
1999-06-30,13.585,14.065,13.223,13.223,4246164,0
1999-07-01,13.373,13.75,13.373,13.537,4910979,0
1999-07-02,13.479,13.585,13.373,13.431,3439702,0
1999-07-06,13.46,13.806,13.402,13.779,3185030,0
1999-07-07,13.721,13.933,13.673,13.933,2278909,0
1999-07-08,13.825,14.065,13.721,14.065,1687958,0
1999-07-09,14.019,14.065,13.721,13.75,2328389,0
1999-07-12,13.806,13.825,13.479,13.644,1934188,0
1999-07-13,13.431,13.692,13.402,13.566,3190892,0
1999-07-14,13.537,13.779,13.508,13.692,1983433,0
1999-07-15,13.963,13.99,13.806,13.854,3375681,0
1999-07-16,13.806,13.825,13.585,13.721,3080908,0
1999-07-19,13.615,14.199,13.615,13.99,3920200,0
1999-07-20,13.615,13.894,12.904,12.979,7886518,0
1999-07-21,13.135,13.74,13.135,13.46,5038549,0
1999-07-22,13.373,13.498,13.135,13.336,2521384,0
1999-07-23,13.223,13.412,13.135,13.135,1776446,0
1999-07-26,13.058,13.098,12.741,12.818,2777310,0
1999-07-27,12.818,12.856,12.542,12.619,3341679,0
1999-07-28,12.58,12.619,12.06,12.06,4957723,0
1999-07-29,11.541,11.944,11.463,11.463,5435641,0
1999-07-30,11.63,11.944,11.425,11.784,4506228,0
1999-08-02,12.06,12.3,11.905,11.983,3039327,0
1999-08-03,12.06,12.109,10.832,11.189,8295650,0
1999-08-04,11.227,11.35,11.024,11.15,5921846,0
1999-08-05,11.313,11.313,11.073,11.267,5707039,0
1999-08-06,11.15,11.227,10.793,10.908,3145634,0
1999-08-09,10.908,11.15,10.871,10.947,2254204,0
1999-08-10,10.947,10.947,10.353,10.515,2879549,0
1999-08-11,10.43,10.592,10.11,10.43,4694612,0
1999-08-12,10.393,10.984,10.353,10.592,5711263,0
1999-08-13,10.793,11.313,10.793,11.15,2976325,0
1999-08-16,11.313,11.502,11.15,11.463,2809982,0
1999-08-17,11.541,11.709,11.15,11.189,2640357,0
1999-08-18,11.15,11.63,10.984,11.313,2484646,0
1999-08-19,11.112,11.267,11.024,11.227,3928720,0
1999-08-20,11.189,11.227,11.112,11.227,1931060,0
1999-08-23,11.227,11.463,11.112,11.425,5200667,0
1999-08-24,11.463,11.63,11.227,11.541,2706174,0
1999-08-25,11.669,12.022,11.59,11.784,4098500,0
1999-08-26,11.709,11.709,10.984,11.024,3429073,0
1999-08-27,11.112,11.15,10.947,10.984,2126947,0
1999-08-30,11.073,11.112,10.793,10.832,1780982,0
1999-08-31,10.871,10.947,10.553,10.631,1938252,0
1999-09-01,10.669,10.756,10.515,10.669,1696869,0
1999-09-02,10.592,10.756,10.477,10.553,1599317,0
1999-09-03,10.793,10.908,10.756,10.871,1579774,0
1999-09-07,10.669,10.669,10.074,10.074,4633952,0
1999-09-08,10.15,10.198,9.961,9.999,5510683,0
1999-09-09,9.873,10.393,9.518,10.315,7844779,0
1999-09-10,10.477,10.592,9.961,10.515,4871111,0
1999-09-13,10.515,10.756,10.198,10.237,2714929,0
1999-09-14,10.198,10.592,10.036,10.44,4154002,0
1999-09-15,10.515,10.553,10.237,10.277,2980074,0
1999-09-16,10.198,10.237,9.795,10.036,5182223,0
1999-09-17,10.477,10.477,9.923,9.923,5065440,0
1999-09-20,10.11,10.198,9.795,9.999,3201290,0
1999-09-21,9.923,9.999,9.757,9.757,2651927,0
1999-09-22,9.757,9.873,9.1629,9.315,7365918,0
1999-09-23,9.595,9.757,9.403,9.557,8587217,0
1999-09-24,9.643,9.719,9.518,9.643,6557041,0
1999-09-27,9.719,9.873,9.68,9.873,7091867,0
1999-09-28,9.795,9.923,9.795,9.835,6027372,0
1999-09-29,9.835,9.961,9.835,9.961,4819835,0
1999-09-30,9.961,9.999,9.643,9.68,4585331,0
1999-10-01,9.68,9.68,9.557,9.595,2226537,0
1999-10-04,9.757,10.15,9.757,10.15,3288838,0
1999-10-05,10.15,10.277,9.68,9.923,4623791,0
1999-10-06,10.198,10.756,10.036,10.756,4385224,0
1999-10-07,11.15,11.551,11.112,11.551,8838293,0
1999-10-08,11.709,11.983,10.947,11.35,6217634,0
1999-10-11,11.313,11.425,11.189,11.237,2696168,0
1999-10-12,11.15,11.35,10.871,11.313,2658961,0
1999-10-13,11.073,11.112,10.793,10.793,4279692,0
1999-10-14,10.756,11.033,10.592,10.756,2890807,0
1999-10-15,10.515,10.756,10.237,10.477,2104282,0
1999-10-18,10.515,10.947,10.353,10.669,2403820,0
1999-10-19,10.947,10.994,10.553,10.669,1995315,0
1999-10-20,10.592,10.669,10.277,10.393,2496371,0
1999-10-21,10.353,10.44,10.074,10.15,2168381,0
1999-10-22,10.074,10.44,10.074,10.277,1600879,0
1999-10-25,10.15,10.353,9.999,10.198,1527556,0
1999-10-26,10.15,10.315,9.961,10.036,1736268,0
1999-10-27,10.11,10.592,9.999,10.11,4646925,0
1999-10-28,10.44,10.793,10.393,10.756,3803496,0
1999-10-29,10.908,10.994,10.631,10.719,3008998,0
1999-11-01,10.592,10.669,10.277,10.44,2737598,0
1999-11-02,10.44,10.994,10.353,10.793,3454712,0
1999-11-03,10.947,10.947,10.669,10.756,2367082,0
1999-11-04,10.719,10.908,10.669,10.756,1751273,0
1999-11-05,10.908,11.15,10.871,11.112,3168616,0
1999-11-08,10.908,11.15,10.908,11.112,1567112,0
1999-11-09,11.277,11.277,10.592,10.669,2295795,0
1999-11-10,10.515,11.033,10.515,10.908,2888309,0
1999-11-11,10.908,11.073,10.669,10.669,1825377,0
1999-11-12,10.832,10.947,10.756,10.871,2502312,0
1999-11-15,10.832,10.908,10.515,10.515,1983276,0
1999-11-17,10.832,10.947,10.756,10.832,2513102,0
1999-11-18,10.793,10.793,10.353,10.592,4160411,0
1999-11-19,10.477,10.631,10.353,10.515,2244985,0
1999-11-22,10.515,10.631,10.353,10.515,2334564,0
1999-11-23,10.477,10.832,10.353,10.592,3309787,0
1999-11-24,10.553,10.669,10.353,10.353,2850628,0
1999-11-26,10.393,10.44,10.353,10.353,1075591,0
1999-11-29,10.353,10.515,10.315,10.44,2929735,0
1999-11-30,10.515,10.719,10.353,10.393,2742133,0
1999-12-01,10.393,10.631,10.393,10.515,2064415,0
1999-12-02,10.44,10.669,10.44,10.553,2318461,0
1999-12-03,10.669,10.908,10.44,10.553,3590722,0
1999-12-06,10.477,10.719,10.477,10.719,2959438,0
1999-12-07,10.793,10.956,10.237,10.402,4317683,0
1999-12-08,10.477,10.679,10.363,10.363,3086070,0
1999-12-09,10.277,10.477,9.999,10.12,4580955,0
1999-12-10,10.16,10.277,9.961,10.082,3317290,0
1999-12-13,10.036,10.315,9.961,10.12,3301971,0
1999-12-14,10.16,10.315,10.082,10.198,3002432,0
1999-12-15,10.16,10.237,9.999,10.198,3031511,0
1999-12-16,10.16,10.198,9.923,9.961,2857036,0
1999-12-17,10.12,10.198,9.961,9.961,4845473,0
1999-12-20,9.961,10.082,9.795,9.845,2826551,0
1999-12-21,9.795,10.237,9.757,10.198,4910667,0
1999-12-22,10.12,10.402,9.961,10.082,3030728,0
1999-12-23,10.237,10.315,10.16,10.277,2223256,0
1999-12-27,10.315,10.44,10.237,10.277,2235758,0
1999-12-28,10.198,10.315,10.12,10.315,1902764,0
1999-12-29,10.16,10.477,10.16,10.402,2450256,0
1999-12-30,10.315,10.553,10.315,10.515,2481204,0
1999-12-31,10.402,10.515,10.277,10.277,1736423,0
2000-01-03,10.315,10.44,9.999,10.12,3416255,0
2000-01-04,10.12,10.277,9.845,9.845,4900660,0
2000-01-05,9.845,9.961,9.757,9.795,3577903,0
2000-01-06,9.795,9.883,9.68,9.757,2928171,0
2000-01-07,9.795,10.198,9.757,10.12,5176905,0
2000-01-10,10.12,10.363,10.12,10.237,3305881,0
2000-01-11,10.515,10.832,10.477,10.553,5444868,0
2000-01-12,10.553,10.756,10.515,10.592,2038464,0
2000-01-13,10.44,10.477,10.237,10.237,2905505,0
2000-01-14,10.363,10.44,10.237,10.315,2230757,0
2000-01-18,10.16,10.198,9.999,10.036,3789270,0
2000-01-19,9.923,9.999,9.795,9.883,2997271,0
2000-01-20,9.795,9.845,9.605,9.643,3498326,0
2000-01-21,9.795,9.795,9.567,9.757,3308536,0
2000-01-24,9.643,9.795,9.643,9.643,3193472,0
2000-01-25,9.795,9.845,9.719,9.795,4291733,0
2000-01-26,9.883,10.036,9.883,9.923,3464715,0
2000-01-27,10.082,10.277,9.999,10.198,3247098,0
2000-01-28,9.923,10.198,9.923,9.999,2973662,0
2000-01-31,9.999,10.198,9.961,10.16,3742992,0
2000-02-01,10.12,10.237,9.923,9.999,5873699,0
2000-02-02,9.999,10.315,9.923,10.198,3803182,0
2000-02-03,10.315,10.315,10.12,10.12,2849062,0
2000-02-04,10.315,10.363,10.12,10.277,2870954,0
2000-02-07,10.363,10.402,10.237,10.315,2459476,0
2000-02-08,10.315,10.363,10.198,10.315,2668185,0
2000-02-09,10.237,10.315,10.198,10.198,3475660,0
2000-02-10,10.237,10.237,9.961,10.036,3941854,0
2000-02-11,10.036,10.082,9.643,9.845,4764492,0
2000-02-14,9.719,9.845,9.643,9.795,3949984,0
2000-02-15,9.795,9.923,9.643,9.883,4761363,0
2000-02-16,9.757,10.477,9.719,10.277,8078027,0
2000-02-17,10.277,10.477,10.198,10.44,5015098,0
2000-02-18,10.477,10.592,10.237,10.315,4942713,0
2000-02-22,10.363,10.719,10.363,10.477,5198168,0
2000-02-23,10.592,11.396,10.515,11.277,6712438,0
2000-02-24,11.435,11.435,10.832,11.112,5352940,0
2000-02-25,10.994,11.551,10.832,11.551,4305803,0
2000-02-28,11.396,11.551,11.073,11.277,2632070,0
2000-02-29,11.277,11.756,10.994,11.756,2961473,0
2000-03-01,11.64,11.64,11.359,11.64,2584076,0
2000-03-02,11.435,11.473,11.122,11.359,3446739,0
2000-03-03,11.473,11.6,11.359,11.511,3190972,0
2000-03-06,11.237,11.277,11.033,11.198,1878843,0
2000-03-07,10.917,11.033,10.16,10.515,3335114,0
2000-03-08,10.363,11.396,10.286,11.237,3091541,0
2000-03-09,11.435,11.84,11.322,11.6,4341603,0
2000-03-10,11.64,11.934,11.6,11.915,3193003,0
2000-03-13,11.64,12.069,11.396,12.069,2867358,0
2000-03-14,12.119,12.395,11.915,12.069,2969756,0
2000-03-15,12.069,12.677,12.03,12.434,4761053,0
2000-03-16,12.434,12.75,12.235,12.677,3407030,0
2000-03-17,12.677,12.75,12.119,12.75,3551481,0
2000-03-20,12.157,12.75,12.157,12.677,2784030,0
2000-03-21,12.713,12.914,12.589,12.874,2286882,0
2000-03-22,12.874,12.874,12.434,12.473,2013135,0
2000-03-23,12.358,12.989,12.309,12.951,2652707,0
2000-03-24,12.828,12.914,12.473,12.75,2337534,0
2000-03-27,12.638,12.828,12.434,12.512,2156656,0
2000-03-28,12.75,13.029,12.677,13.029,2656145,0
2000-03-29,13.068,13.309,12.677,12.828,2100214,0
2000-03-30,12.828,12.874,12.358,12.713,2100842,0
2000-03-31,12.75,13.272,12.434,13.272,3589783,0
2000-04-03,13.155,13.233,12.914,12.989,2669906,0
2000-04-04,13.233,13.393,12.75,12.989,3604012,0
2000-04-05,13.309,13.711,13.233,13.547,3863997,0
2000-04-06,13.673,13.825,13.508,13.585,3276643,0
2000-04-07,13.711,13.904,13.673,13.75,2176506,0
2000-04-10,13.825,13.99,13.788,13.953,2984140,0
2000-04-11,13.99,14.267,13.904,14.228,3414063,0
2000-04-12,14.19,14.304,13.547,13.673,3541163,0
2000-04-13,13.788,13.825,13.233,13.624,3352464,0
2000-04-14,13.393,13.47,12.551,13.272,3582436,0
2000-04-17,12.713,12.914,12.119,12.197,3396712,0
2000-04-18,12.434,12.75,12.309,12.638,2154933,0
2000-04-19,12.677,13.75,12.677,13.431,3575246,0
2000-04-20,13.585,13.864,13.47,13.585,2805605,0
2000-04-24,13.585,13.624,12.79,13.233,3578998,0
2000-04-25,13.431,13.508,13.233,13.346,2307671,0
2000-04-26,13.233,13.393,12.951,13.309,2681162,0
2000-04-27,13.029,13.547,13.029,13.393,2270308,0
2000-04-28,13.547,13.825,13.393,13.825,1805366,0
2000-05-01,13.825,14.028,13.673,13.953,2401944,0
2000-05-02,13.904,14.19,13.711,13.864,2476670,0
2000-05-03,13.711,13.788,13.624,13.75,1296495,0
2000-05-04,13.953,14.028,13.47,13.585,1568830,0
2000-05-05,13.508,13.904,13.47,13.673,1603849,0
2000-05-08,13.711,14.344,13.624,14.304,2533893,0
2000-05-09,14.383,14.508,14.028,14.028,3077472,0
2000-05-10,14.028,14.42,13.99,14.065,1960925,0
2000-05-11,14.228,14.304,13.864,14.028,1761123,0
2000-05-12,13.904,14.028,13.508,13.624,1831788,0
2000-05-15,13.788,13.864,13.346,13.431,2394128,0
2000-05-16,13.431,13.673,13.107,13.393,3261634,0
2000-05-17,13.309,13.864,13.233,13.75,1227394,0
2000-05-18,13.585,13.864,13.393,13.431,1019622,0
2000-05-19,13.272,13.393,12.79,12.951,1545068,0
2000-05-22,12.828,12.951,12.551,12.914,2035805,0
2000-05-23,12.989,13.068,12.79,12.914,1334172,0
2000-05-24,13.431,13.547,12.677,12.914,2407415,0
2000-05-25,12.75,12.75,12.197,12.395,2911441,0
2000-05-26,12.434,12.677,12.157,12.197,1507079,0
2000-05-30,12.271,12.473,12.235,12.473,1226141,0
2000-05-31,12.512,12.677,12.197,12.235,1528338,0
2000-06-01,12.235,12.874,12.157,12.838,2478391,0
2000-06-02,12.914,13.233,12.512,12.713,1609635,0
2000-06-05,12.434,12.677,12.319,12.561,1092945,0
2000-06-06,12.838,12.838,12.319,12.473,1812246,0
2000-06-07,12.677,12.914,12.677,12.874,1181427,0
2000-06-08,12.799,12.914,12.677,12.838,906906,0
2000-06-09,12.799,13.194,12.799,13.078,1107640,0
2000-06-12,13.233,13.508,13.155,13.233,2113660,0
2000-06-13,13.117,13.272,13.029,13.155,1463461,0
2000-06-14,13.117,13.194,12.874,12.989,1317441,0
2000-06-15,12.874,12.874,12.358,12.638,1629802,0
2000-06-16,12.434,12.512,12.157,12.338,3134063,0
2000-06-19,12.395,12.599,12.358,12.473,1367626,0
2000-06-20,12.599,12.75,12.395,12.395,1960451,0
2000-06-21,12.512,12.599,12.319,12.473,1464086,0
2000-06-22,12.319,12.473,12.235,12.319,1195188,0
2000-06-23,12.358,12.395,12.119,12.157,1471745,0
2000-06-26,12.197,12.235,11.915,11.953,2635825,0
2000-06-27,11.84,12.713,11.84,12.434,3019470,0
2000-06-28,12.281,12.677,12.235,12.443,2131173,0
2000-06-29,12.281,12.473,12.04,12.281,1761123,0
2000-06-30,12.358,12.75,12.069,12.079,2575478,0
2000-07-03,12.281,12.434,12.197,12.395,635975,0
2000-07-05,12.713,12.989,12.599,12.838,2229038,0
2000-07-06,12.799,12.914,12.599,12.799,2260305,0
2000-07-07,12.874,12.951,12.677,12.713,2889401,0
2000-07-10,12.75,12.838,12.677,12.799,1964359,0
2000-07-11,12.599,12.75,12.358,12.561,1912926,0
2000-07-12,12.319,13.233,12.319,13.194,4824369,0
2000-07-13,13.393,13.47,12.914,12.951,3342148,0
2000-07-14,13.029,13.318,12.951,13.233,1631678,0
2000-07-17,13.318,13.673,13.272,13.47,3110459,0
2000-07-18,13.547,14.112,13.547,13.99,4661469,0
2000-07-19,14.267,14.267,13.711,13.711,5738308,0
2000-07-20,13.711,13.914,13.356,13.356,1846949,0
2000-07-21,13.47,14.065,13.393,14.028,3148605,0
2000-07-24,14.065,14.67,14.065,14.508,4653962,0
2000-07-25,14.587,15.151,14.43,14.547,4951784,0
2000-07-26,14.67,14.948,14.304,14.43,5803189,0
2000-07-27,14.587,14.67,14.468,14.632,3279770,0
2000-07-28,14.587,14.632,14.028,14.267,1848206,0
2000-07-31,14.19,15.104,14.19,15.065,4124297,0
2000-08-01,14.948,15.266,14.785,15.266,3721110,0
2000-08-02,15.188,15.227,14.948,15.025,2729157,0
2000-08-03,15.151,15.341,14.87,15.341,2229661,0
2000-08-04,15.39,15.582,15.188,15.505,2995082,0
2000-08-07,15.631,15.783,15.505,15.783,2903470,0
2000-08-08,15.783,15.907,15.466,15.543,2150244,0
2000-08-09,15.466,15.745,15.466,15.543,2039872,0
2000-08-10,15.669,15.706,15.39,15.428,1141251,0
2000-08-11,15.631,15.946,15.582,15.907,2043152,0
2000-08-14,15.706,15.783,15.466,15.582,2287820,0
2000-08-15,15.303,15.428,15.227,15.303,1768002,0
2000-08-16,15.303,15.582,15.188,15.543,2467448,0
2000-08-17,15.505,15.543,14.508,14.909,4043471,0
2000-08-18,14.748,15.341,14.748,15.065,2054882,0
2000-08-21,15.188,15.303,14.987,15.104,975539,0
2000-08-22,15.025,15.303,14.748,14.87,2146026,0
2000-08-23,14.708,14.909,14.67,14.748,3593379,0
2000-08-24,14.67,14.909,14.632,14.67,2573133,0
2000-08-25,14.67,15.151,14.67,14.987,1228955,0
2000-08-28,14.987,15.266,14.948,15.065,1422502,0
2000-08-29,15.025,15.025,14.468,14.632,1839136,0
2000-08-30,14.508,14.547,14.112,14.304,2083490,0
2000-08-31,14.353,14.708,14.267,14.44,1766283,0
2000-09-01,14.353,14.393,13.874,14.112,2237011,0
2000-09-05,14.19,14.67,14.152,14.596,2575010,0
2000-09-06,14.632,15.151,14.632,14.87,2173224,0
2000-09-07,14.909,14.948,14.632,14.708,1702499,0
2000-09-08,14.87,14.948,14.67,14.794,2330499,0
2000-09-11,14.748,14.748,14.112,14.228,2784186,0
2000-09-12,14.228,14.353,13.953,14.112,3016188,0
2000-09-13,14.228,14.468,14.112,14.353,3540852,0
2000-09-14,14.353,14.518,14.152,14.43,2000943,0
2000-09-15,14.152,14.518,14.152,14.43,2727123,0
2000-09-18,14.277,14.43,14.228,14.314,1859927,0
2000-09-19,14.314,14.468,13.798,14.393,3384045,0
2000-09-20,14.393,14.909,14.228,14.794,3488791,0
2000-09-21,14.794,15.266,14.596,14.67,4586266,0
2000-09-22,14.518,15.114,14.468,14.909,1871495,0
2000-09-25,15.114,15.227,14.794,15.075,1869619,0
2000-09-26,14.909,15.075,14.708,14.987,1379976,0
2000-09-27,14.87,15.227,14.794,15.188,1382163,0
2000-09-28,15.227,15.466,14.948,15.428,2479020,0
2000-09-29,15.505,15.631,15.151,15.466,2284382,0
2000-10-02,15.466,15.706,15.266,15.669,1711099,0
2000-10-03,15.669,16.666,15.669,16.26,5255387,0
2000-10-04,16.426,16.742,16.188,16.426,3845705,0
2000-10-05,16.426,17.059,16.188,16.782,3402805,0
2000-10-06,16.782,16.982,16.426,16.666,2865167,0
2000-10-09,16.504,16.829,16.347,16.465,1602910,0
2000-10-10,16.465,16.906,16.308,16.465,1536313,0
2000-10-11,16.073,16.347,15.706,16.149,2536705,0
2000-10-12,16.26,16.26,15.151,15.351,3341679,0
2000-10-13,15.266,15.592,15.075,15.505,1933404,0
2000-10-16,15.631,15.907,15.227,15.669,3361844,0
2000-10-17,15.946,16.465,15.907,16.26,2104906,0
2000-10-18,16.26,16.465,15.783,16.188,2372396,0
2000-10-19,16.188,16.945,16.188,16.829,2919106,0
2000-10-20,16.666,17.021,16.628,16.829,2431020,0
2000-10-23,16.704,17.184,16.544,16.628,2448063,0
2000-10-24,16.666,17.261,16.589,17.184,3266170,0
2000-10-25,16.906,17.107,16.829,16.945,1981246,0
2000-10-26,16.782,17.145,16.589,16.782,2561409,0
2000-10-27,16.782,17.223,16.666,17.184,1683896,0
2000-10-30,17.223,18.385,17.223,18.385,5671711,0
2000-10-31,18.182,18.385,17.701,18.182,3692339,0
2000-11-01,18.182,18.7,18.056,18.46,3510989,0
2000-11-02,18.46,18.498,18.02,18.298,2221379,0
2000-11-03,18.336,18.385,17.904,18.298,1805836,0
2000-11-06,18.46,19.095,18.385,18.816,2678503,0
2000-11-07,18.816,18.902,18.424,18.623,2524824,0
2000-11-08,18.575,19.056,18.336,18.854,1778478,0
2000-11-09,18.94,19.095,18.7,19.056,3030103,0
2000-11-10,18.979,19.056,18.575,18.662,1894791,0
2000-11-13,18.385,18.902,18.336,18.902,1608226,0
2000-11-14,18.816,19.142,18.777,19.056,1616823,0
2000-11-15,18.94,19.142,18.854,19.056,2363955,0
2000-11-16,18.94,19.095,18.816,18.854,940205,0
2000-11-17,18.979,19.178,18.738,18.816,1784417,0
2000-11-20,18.979,19.178,18.777,19.178,1361218,0
2000-11-21,19.216,20.609,19.216,20.572,4815301,0
2000-11-22,20.455,20.572,19.256,19.372,4154781,0
2000-11-24,19.536,19.659,19.372,19.498,1684520,0
2000-11-27,19.536,19.698,19.216,19.459,3484258,0
2000-11-28,19.295,19.776,19.178,19.776,3443455,0
2000-11-29,19.573,20.774,19.498,20.696,7266803,0
2000-11-30,20.648,20.887,19.851,20.129,3576807,0
2000-12-01,19.975,20.053,19.459,19.698,4607688,0
2000-12-04,19.38,19.688,19.142,19.639,2957717,0
2000-12-05,19.526,20.198,19.305,20.198,7179255,0
2000-12-06,20.188,20.408,19.815,20.121,2639888,0
2000-12-07,19.965,20.043,19.142,19.4,3285242,0
2000-12-08,19.4,20.543,19.4,20.35,5818663,0
2000-12-11,20.228,20.725,20.111,20.368,2989297,0
2000-12-12,20.218,20.774,20.188,20.284,1797709,0
2000-12-13,20.388,20.734,19.4,19.459,3108112,0
2000-12-14,19.611,19.611,18.404,19.046,4723845,0
2000-12-15,18.758,19.305,18.758,19.159,4034716,0
2000-12-18,19.526,20.004,19.343,19.898,2337849,0
2000-12-19,19.62,20.284,19.62,19.796,2830619,0
2000-12-20,19.639,19.698,18.498,18.864,3039639,0
2000-12-21,18.95,20.543,18.92,20.321,4391633,0
2000-12-22,20.255,20.686,20.102,20.255,1812559,0
2000-12-26,20.198,20.417,20.111,20.378,1457678,0
2000-12-27,20.764,21.934,20.764,21.704,3737990,0
2000-12-28,22.271,22.329,21.129,21.31,2657399,0
2000-12-29,21.695,22.29,21.338,21.396,2609715,0
2001-01-02,21.214,21.434,21.032,21.347,3952328,0
2001-01-03,21.051,21.051,20.255,20.964,6998844,0
2001-01-04,21.532,22.173,21.051,22.173,6397420,0
2001-01-05,22.038,22.271,21.081,22.271,6802178,0
2001-01-08,21.954,22.319,21.502,21.695,3652161,0
2001-01-09,21.129,21.551,20.34,20.427,5960930,0
2001-01-10,20.417,20.648,20.255,20.388,3710009,0
2001-01-11,20.388,20.417,19.582,19.679,4678352,0
2001-01-12,19.908,19.908,19.226,19.563,4075989,0
2001-01-16,19.563,19.563,18.681,19.026,4612687,0
2001-01-17,19.115,19.142,18.469,18.633,5347159,0
2001-01-18,18.728,19.305,18.691,19.066,5803656,0
2001-01-19,19.076,19.142,18.308,18.442,5699225,0
2001-01-22,18.498,18.691,17.98,18.144,4768713,0
2001-01-23,18.25,19.133,18.182,18.728,3057616,0
2001-01-24,18.884,18.884,18.085,18.24,2683036,0
2001-01-25,18.404,19.016,18.22,18.902,3993913,0
2001-01-26,18.902,19.526,18.902,19.105,3499110,0
2001-01-29,19.265,19.738,19.076,19.44,2738067,0
2001-01-30,19.44,19.698,19.115,19.498,3113585,0
2001-01-31,19.611,20.013,19.363,19.984,4050350,0
2001-02-01,20.484,20.677,20.023,20.648,4039407,0
2001-02-02,20.503,20.696,20.445,20.523,2010946,0
2001-02-05,20.638,20.658,19.898,20.238,2234978,0
2001-02-06,20.388,20.582,20.208,20.408,2901281,0
2001-02-07,20.445,20.503,20.178,20.408,1539908,0
2001-02-08,20.408,20.408,20.004,20.228,1399989,0
2001-02-09,19.937,20.159,19.498,19.786,1439231,0
2001-02-12,20.004,20.33,19.659,20.33,1891193,0
2001-02-13,20.294,20.638,20.149,20.543,1864618,0
2001-02-14,20.638,20.658,19.718,19.786,2376150,0
2001-02-15,19.815,20.638,19.815,20.102,3842737,0
2001-02-16,19.908,20.092,19.38,19.611,2411949,0
2001-02-20,19.908,19.955,19.38,19.39,3151941,0
2001-02-21,19.187,19.908,19.066,19.105,3477014,0
2001-02-22,19.115,19.178,18.691,18.758,4182087,0
2001-02-23,18.767,18.806,18.095,18.279,3853888,0
2001-02-26,18.517,18.874,18.336,18.469,3620010,0
2001-02-27,18.326,18.469,18,18.375,3685878,0
2001-02-28,18.526,18.565,17.711,17.809,2530557,0
2001-03-01,17.799,17.809,16.562,17.232,5695630,0
2001-03-02,17.136,17.664,16.992,17.232,4354476,0
2001-03-05,17.232,17.952,17.232,17.635,2565472,0
2001-03-06,17.942,18.269,17.567,17.932,3933100,0
2001-03-07,18.173,18.308,17.912,18.154,2254572,0
2001-03-08,17.904,17.912,17.213,17.655,4240976,0
2001-03-09,17.655,17.693,16.252,16.435,6561209,0
2001-03-12,16.337,16.416,15.887,16.044,2991642,0
2001-03-13,15.793,15.985,15.312,15.878,4558233,0
2001-03-14,15.505,16.024,15.322,15.985,4097666,0
2001-03-15,15.985,16.896,15.975,16.802,3708806,0
2001-03-16,16.802,17.52,16.752,17.126,4569800,0
2001-03-19,16.896,17.031,16.337,16.608,3850971,0
2001-03-20,16.608,16.886,16.28,16.317,2479904,0
2001-03-21,16.367,16.562,16.149,16.178,1558983,0
2001-03-22,16.317,16.386,15.553,15.936,2330238,0
2001-03-23,15.859,16.465,15.706,16.327,2457079,0
2001-03-26,16.657,17.328,16.465,17.232,2472193,0
2001-03-27,17.232,17.424,17.059,17.328,2469792,0
2001-03-28,17.184,17.319,16.752,16.802,1784417,0
2001-03-29,16.945,17.164,16.572,16.628,1605155,0
2001-03-30,16.752,17.087,16.562,16.992,1546474,0
2001-04-02,17.232,17.328,16.772,16.925,1501971,0
2001-04-03,16.782,17.145,16.367,16.637,1604318,0
2001-04-04,16.485,16.992,16.376,16.973,1961077,0
2001-04-05,17.232,17.711,17.184,17.664,2090004,0
2001-04-06,17.366,17.424,16.772,16.877,2507417,0
2001-04-09,17.184,17.424,16.742,16.915,1888224,0
2001-04-10,16.896,17.711,16.762,17.664,2013711,0
2001-04-11,17.501,17.72,17.232,17.338,1978378,0
2001-04-12,17.338,17.52,16.915,17.51,995545,0
2001-04-16,17.605,17.684,17.136,17.348,1485087,0
2001-04-17,17.184,17.463,16.782,16.839,3119316,0
2001-04-18,17.077,17.635,16.553,17.444,4882682,0
2001-04-19,17.213,18.777,17.041,18.288,4853291,0
2001-04-20,18,18.23,17.338,17.396,3630640,0
2001-04-23,17.904,17.904,17.338,17.557,2319921,0
2001-04-24,17.567,17.586,17.3,17.501,2682723,0
2001-04-25,17.281,17.557,17.184,17.328,1279037,0
2001-04-26,17.261,17.711,17.232,17.538,1786085,0
2001-04-27,17.664,17.73,17.424,17.635,1311970,0
2001-04-30,17.635,18.029,17.3,17.434,3038544,0
2001-05-01,17.338,17.434,17.232,17.348,2656980,0
2001-05-02,17.281,17.701,17.241,17.645,2198814,0
2001-05-03,17.645,17.942,17.434,17.809,1795884,0
2001-05-04,17.453,17.711,17.3,17.664,1870610,0
2001-05-07,17.424,17.711,17.405,17.711,1925224,0
2001-05-08,17.711,17.876,17.482,17.693,1865297,0
2001-05-09,17.76,17.856,17.557,17.664,2051022,0
2001-05-10,17.664,17.77,17.557,17.596,3242510,0
2001-05-11,17.615,17.711,17.232,17.232,2350873,0
2001-05-14,17.473,17.52,17.251,17.271,2023611,0
2001-05-15,17.241,17.328,17.136,17.232,2127835,0
2001-05-16,17.001,17.405,17.001,17.3,2100319,0
2001-05-17,17.281,17.453,17.041,17.041,3802400,0
2001-05-18,17.041,17.962,17.011,17.809,3543925,0
2001-05-21,17.615,18.164,17.501,18.01,3046567,0
2001-05-22,18.046,18.23,17.847,18.075,2323255,0
2001-05-23,18.355,18.432,18.192,18.298,3001962,0
2001-05-24,18.192,18.326,18.154,18.25,2253738,0
2001-05-25,18.192,18.526,18.01,18.414,1366062,0
2001-05-29,18.414,18.93,18.336,18.7,2190160,0
2001-05-30,18.816,18.93,18.442,18.565,1798904,0
2001-05-31,18.902,19.168,18.748,19.142,2834890,0
2001-06-01,18.691,18.7,18.269,18.451,3611673,0
2001-06-04,18.385,18.424,17.962,18.029,2288028,0
2001-06-05,18.029,18.182,17.847,17.952,2449681,0
2001-06-06,17.952,18,17.847,17.895,1842786,0
2001-06-07,17.828,17.885,17.645,17.847,2580583,0
2001-06-08,17.809,17.856,17.664,17.76,2231643,0
2001-06-11,17.711,17.711,17.241,17.241,2518988,0
2001-06-12,17.232,17.232,16.618,16.742,4677154,0
2001-06-13,16.733,16.868,16.608,16.752,4148426,0
2001-06-14,16.742,16.819,16.367,16.455,5998190,0
2001-06-15,16.3,16.553,16.178,16.27,3136203,0
2001-06-18,16.514,16.647,16.27,16.534,2325858,0
2001-06-19,16.308,16.534,16.227,16.29,2937657,0
2001-06-20,16.26,16.367,15.907,16.083,4023874,0
2001-06-21,16.083,16.792,15.839,16.724,2089066,0
2001-06-22,16.534,16.973,16.28,16.742,2086667,0
2001-06-25,16.647,16.752,16.367,16.396,1117905,0
2001-06-26,16.396,16.657,16.178,16.28,2029137,0
2001-06-27,16.367,16.772,16.3,16.581,1554292,0
2001-06-28,16.494,17.232,16.494,17.184,2473338,0
2001-06-29,16.982,17.701,16.752,17.701,3445225,0
2001-07-02,17.76,18.24,17.567,17.837,3545491,0
2001-07-03,17.73,18.202,17.711,18.075,1305823,0
2001-07-05,18.075,18.182,17.942,17.99,1451319,0
2001-07-06,18.134,18.134,17.319,17.538,1714692,0
2001-07-09,17.538,17.904,17.424,17.904,2087814,0
2001-07-10,17.809,17.942,17.635,17.711,1306967,0
2001-07-11,17.711,18.269,17.664,18.24,2457497,0
2001-07-12,18.432,19.046,18.192,18.969,2450825,0
2001-07-13,18.969,19.056,18.623,18.681,1800258,0
2001-07-16,18.681,19.066,18.555,18.767,2171713,0
2001-07-17,18.767,19.016,18.526,18.94,1428077,0
2001-07-18,19.076,19.085,18.469,18.671,2331592,0
2001-07-19,18.902,19.151,18.691,18.911,2336280,0
2001-07-20,18.816,18.911,18.517,18.585,1234533,0
2001-07-23,18.585,18.671,18.288,18.394,1055894,0
2001-07-24,18.316,18.623,17.962,18.134,1224214,0
2001-07-25,17.895,18.535,17.895,18.535,2235082,0
2001-07-26,18.298,18.95,18.24,18.864,1517395,0
2001-07-27,18.816,18.816,18.404,18.623,1483524,0
2001-07-30,18.565,18.691,18.316,18.442,1168768,0
2001-07-31,18.526,19.353,18.46,19.159,3149544,0
2001-08-01,19.056,19.372,18.93,19.036,2143155,0
2001-08-02,19.036,19.036,18.643,18.777,1223902,0
2001-08-03,18.671,18.787,18.526,18.662,1060063,0
2001-08-06,18.671,18.816,18.526,18.623,1158137,0
2001-08-07,18.633,18.738,18.385,18.575,821077,0
2001-08-08,18.451,18.738,18.316,18.442,940726,0
2001-08-09,18.22,18.336,17.711,17.711,2347645,0
2001-08-10,17.76,18.036,17.473,17.809,2044563,0
2001-08-13,17.711,17.799,17.338,17.386,2157227,0
2001-08-14,17.52,17.73,17.338,17.424,1767951,0
2001-08-15,17.424,17.444,16.877,16.877,1417130,0
2001-08-16,16.839,17.251,16.802,17.087,1897186,0
2001-08-17,17.069,17.069,16.772,16.877,981164,0
2001-08-20,17.328,17.75,17.069,17.711,1809118,0
2001-08-21,17.912,17.932,17.059,17.232,1453194,0
2001-08-22,17.136,17.376,17.001,17.136,1883327,0
2001-08-23,17.184,17.396,17.087,17.174,1106648,0
2001-08-24,17.136,17.885,17.077,17.809,1135620,0
2001-08-27,17.615,17.75,17.473,17.491,1079658,0
2001-08-28,17.251,17.538,16.945,17.424,1421928,0
2001-08-29,17.281,17.338,17.001,17.077,1003781,0
2001-08-30,16.955,17.366,16.772,17.011,1954203,0
2001-08-31,16.906,17.386,16.877,17.136,1277681,0
2001-09-04,17.136,18.02,17.011,17.482,2112096,0
2001-09-05,17.291,17.3,16.839,17.031,3051262,0
2001-09-06,16.955,17.281,16.752,17.001,2350354,0
2001-09-07,16.792,17.097,16.217,16.227,2568284,0
2001-09-10,16.034,16.475,15.83,16.396,2406636,0
2001-09-17,10.775,13.402,10.775,12.453,32286379,0
2001-09-18,13.356,13.75,12.358,12.443,24162231,0
2001-09-19,12.934,13.252,12.167,12.291,12063501,0
2001-09-20,12.551,12.647,12.022,12.291,11454834,0
2001-09-21,11.993,13.328,11.784,13.019,10949555,0
2001-09-24,13.953,14.353,13.117,13.165,11241592,0
2001-09-25,13.422,13.788,13.393,13.46,5798809,0
2001-09-26,13.615,13.663,13.309,13.498,5272688,0
2001-09-27,13.595,13.605,13.135,13.393,4326021,0
2001-09-28,13.498,14.353,13.489,14.209,5254763,0
2001-10-01,14.267,14.42,13.904,14.019,3752479,0
2001-10-02,14.314,14.938,14.286,14.67,5724495,0
2001-10-03,14.67,15.312,14.67,15.124,6159319,0
2001-10-04,15.803,15.849,15.085,15.134,6973833,0
2001-10-05,15.169,15.37,14.46,14.821,4009391,0
2001-10-08,14.794,14.84,14.373,14.373,2371408,0
2001-10-09,14.652,14.708,14.363,14.478,2768917,0
2001-10-10,14.567,15.351,14.44,15.303,3280447,0
2001-10-11,15.697,15.897,15.227,15.419,4602321,0
2001-10-12,15.37,15.37,14.468,14.776,3926636,0
2001-10-15,14.794,14.967,14.478,14.68,2112201,0
2001-10-16,14.821,14.987,14.661,14.785,1611719,0
2001-10-17,15.124,15.124,14.478,14.537,3501298,0
2001-10-18,14.46,14.748,14.277,14.46,5134594,0
2001-10-19,14.528,14.557,14.247,14.393,2929735,0
2001-10-22,14.577,15.217,14.45,15.085,2819048,0
2001-10-23,15.322,15.553,15.178,15.237,4205330,0
2001-10-24,15.312,15.563,15.151,15.341,2582668,0
2001-10-25,15.36,15.793,15.114,15.755,3552993,0
2001-10-26,15.659,15.679,15.227,15.312,3326304,0
2001-10-29,15.178,15.38,15.095,15.322,2387250,0
2001-10-30,15.178,15.293,14.84,15.104,3364976,0
2001-10-31,15.134,15.38,15.045,15.227,2134088,0
2001-11-01,15.227,15.745,15.085,15.64,2523572,0
2001-11-02,15.563,15.793,15.448,15.622,2443323,0
2001-11-05,15.803,16.367,15.755,16.308,3006968,0
2001-11-06,16.28,16.714,15.936,16.494,3235216,0
2001-11-07,16.376,17.001,16.327,16.955,3376336,0
2001-11-08,16.772,17.107,16.524,16.877,3723503,0
2001-11-09,16.802,16.945,16.236,16.386,2161915,0
2001-11-12,15.887,16.188,14.89,16.024,6653343,0
2001-11-13,16.475,16.868,16.28,16.752,4877053,0
2001-11-14,16.877,17.223,16.782,17.223,2211841,0
2001-11-15,17.126,18.056,17.116,17.72,5308749,0
2001-11-16,18.154,18.154,17.434,17.548,5532728,0
2001-11-19,17.77,17.962,17.586,17.952,3410521,0
2001-11-20,17.72,17.818,17.31,17.415,3013946,0
2001-11-21,17.434,17.866,16.955,17.809,2537332,0
2001-11-23,17.809,17.962,17.73,17.866,1092270,0
2001-11-26,17.866,17.952,17.482,17.885,2362027,0
2001-11-27,17.942,18.164,17.635,17.971,3290662,0
2001-11-28,17.876,17.904,17.605,17.711,1870507,0
2001-11-29,17.615,17.809,17.52,17.809,2625402,0
2001-11-30,17.809,18.124,17.75,17.962,3143810,0
2001-12-03,17.912,17.912,17.605,17.72,2356086,0
2001-12-04,17.73,18.085,17.73,18.046,3092219,0
2001-12-05,18.105,18.7,18,18.585,4032423,0
2001-12-06,18.633,18.969,18.326,18.526,2332846,0
2001-12-07,18.288,18.94,18.288,18.709,2658441,0
2001-12-10,18.911,19.159,18.385,18.442,3331519,0
2001-12-11,18.26,18.488,17.711,18.182,2752659,0
2001-12-12,18.211,18.709,18.211,18.681,2000161,0
2001-12-13,18.585,18.594,18.124,18.173,1793901,0
2001-12-14,18.134,18.385,18.105,18.346,1959617,0
2001-12-17,18.308,18.478,17.76,18.046,2227474,0
2001-12-18,18.105,18.336,17.74,18.336,2311895,0
2001-12-19,18.336,18.414,18.105,18.279,2010999,0
2001-12-20,18.154,18.288,17.434,17.615,3095554,0
2001-12-21,17.98,18.326,17.72,18.036,4013141,0
2001-12-24,17.866,18.065,17.424,17.866,1184192,0
2001-12-26,17.895,18.105,17.75,17.79,1179086,0
2001-12-27,17.74,18.144,17.645,18,2044768,0
2001-12-28,18,18.075,17.74,17.962,1948468,0
2001-12-31,17.866,18.173,17.701,17.701,1840075,0
