Date,Open,High,Low,Close,Volume,OpenInt
1995-01-03,2.4191,2.4413,2.4045,2.4266,22048526,0
1995-01-04,2.4485,2.4851,2.4485,2.4776,46572708,0
1995-01-05,2.4704,2.4776,2.4045,2.4191,58759422,0
1995-01-06,2.4266,2.4338,2.3973,2.4191,32577129,0
1995-01-09,2.412,2.4266,2.4045,2.412,16999694,0
1995-01-10,2.412,2.4191,2.3973,2.412,34545590,0
1995-01-11,2.4191,2.4191,2.3827,2.39,36627544,0
1995-01-12,2.39,2.39,2.3606,2.3754,28241195,0
1995-01-13,2.3754,2.4338,2.3462,2.4338,41633818,0
1995-01-16,2.4338,2.4413,2.412,2.4338,20581937,0
1995-01-17,2.4266,2.4266,2.4045,2.4266,17609743,0
1995-01-18,2.412,2.4266,2.3973,2.4266,19681059,0
1995-01-19,2.412,2.4191,2.3606,2.3827,22963599,0
1995-01-20,2.3754,2.412,2.3679,2.3973,39800140,0
1995-01-23,2.39,2.4631,2.3754,2.4631,31225812,0
1995-01-24,2.4631,2.4631,2.4338,2.4485,18918499,0
1995-01-25,2.4485,2.4998,2.4485,2.4558,35134357,0
1995-01-26,2.4704,2.4851,2.4631,2.4851,40851755,0
1995-01-27,2.4998,2.58,2.4924,2.5509,62201571,0
1995-01-30,2.5215,2.5438,2.4998,2.5141,23401623,0
1995-01-31,2.5215,2.5363,2.507,2.5141,26180521,0
1995-02-01,2.5215,2.5438,2.5141,2.5363,24963979,0
1995-02-02,2.5215,2.5438,2.507,2.5438,22803990,0
1995-02-03,2.5438,2.58,2.507,2.5579,64060078,0
1995-02-06,2.5509,2.5874,2.5509,2.58,31511326,0
1995-02-07,2.5725,2.5946,2.5725,2.58,25668013,0
1995-02-08,2.5725,2.6019,2.5725,2.58,23394527,0
1995-02-09,2.58,2.5874,2.5509,2.5509,19888540,0
1995-02-10,2.5579,2.5874,2.5579,2.58,26907608,0
1995-02-13,2.58,2.5874,2.5725,2.58,16774473,0
1995-02-14,2.58,2.6093,2.58,2.6093,31644323,0
1995-02-15,2.6093,2.6093,2.5579,2.5654,32896341,0
1995-02-16,2.5654,2.5946,2.5579,2.5946,31284330,0
1995-02-17,2.5946,2.5946,2.5215,2.5363,68887245,0
1995-02-21,2.4776,2.4924,2.4266,2.4338,105385337,0
1995-02-22,2.4266,2.4704,2.4191,2.4485,60727893,0
1995-02-23,2.5141,2.5288,2.4924,2.4998,59800401,0
1995-02-24,2.4998,2.5579,2.4851,2.5579,42885832,0
1995-02-27,2.5438,2.5579,2.5215,2.5438,32055756,0
1995-02-28,2.5288,2.5579,2.5215,2.5579,29514494,0
1995-03-01,2.5579,2.5725,2.5363,2.5579,29466610,0
1995-03-02,2.5654,2.58,2.5363,2.5654,27781892,0
1995-03-03,2.5874,2.6166,2.5725,2.6093,53809899,0
1995-03-06,2.5874,2.6823,2.58,2.6604,59108786,0
1995-03-07,2.6753,2.7041,2.6313,2.6457,65140073,0
1995-03-08,2.6531,2.6753,2.6385,2.6531,41169192,0
1995-03-09,2.6531,2.7041,2.6457,2.6897,30085523,0
1995-03-10,2.6823,2.7187,2.6823,2.7041,30012813,0
1995-03-13,2.697,2.7262,2.697,2.697,28844148,0
1995-03-14,2.7115,2.7262,2.7115,2.7187,40034225,0
1995-03-15,2.7187,2.7408,2.7041,2.7336,46301374,0
1995-03-16,2.7187,2.7336,2.697,2.7041,41908692,0
1995-03-17,2.7041,2.7262,2.697,2.7187,54061719,0
1995-03-20,2.7701,2.8503,2.7554,2.8431,98384002,0
1995-03-21,2.8285,2.9015,2.8215,2.8503,81657411,0
1995-03-22,2.8431,2.8503,2.7993,2.8431,47954175,0
1995-03-23,2.8215,2.8431,2.8136,2.8357,32585996,0
1995-03-24,2.8431,2.8798,2.8431,2.8576,39759351,0
1995-03-27,2.8576,2.8798,2.8576,2.8798,29773404,0
1995-03-28,2.8725,2.8798,2.8652,2.8798,26710767,0
1995-03-29,2.8576,2.8798,2.8357,2.8576,35411005,0
1995-03-30,2.8431,2.8503,2.8065,2.8136,33488653,0
1995-03-31,2.7846,2.8065,2.7482,2.7846,52054244,0
1995-04-03,2.7846,2.8357,2.7846,2.8285,25096984,0
1995-04-04,2.8431,2.8725,2.8357,2.8576,35549328,0
1995-04-05,2.8576,2.8942,2.8576,2.8576,34180276,0
1995-04-06,2.8652,2.8798,2.8576,2.8798,19562239,0
1995-04-07,2.8725,2.9015,2.8503,2.8725,40525456,0
1995-04-10,2.8652,2.9307,2.8576,2.9015,46063745,0
1995-04-11,2.9015,2.9164,2.887,2.8942,23676499,0
1995-04-12,2.8942,2.8942,2.8576,2.8798,30310738,0
1995-04-13,2.8798,2.9015,2.8652,2.887,22823501,0
1995-04-17,2.9091,2.9307,2.8652,2.8798,31234674,0
1995-04-18,2.8798,2.887,2.8357,2.8431,38241331,0
1995-04-19,2.8725,2.887,2.8503,2.8576,37645476,0
1995-04-20,2.8503,2.8576,2.8431,2.8503,36049421,0
1995-04-21,2.8576,2.887,2.8503,2.8652,33164124,0
1995-04-24,2.8725,2.8942,2.8576,2.887,25460525,0
1995-04-25,2.8942,2.938,2.8798,2.9164,37294342,0
1995-04-26,2.9091,2.9091,2.887,2.887,22073356,0
1995-04-27,2.8942,2.9015,2.8798,2.8798,22784484,0
1995-04-28,2.9015,2.9015,2.8798,2.887,22344687,0
1995-05-01,2.9015,2.953,2.887,2.9454,37138283,0
1995-05-02,2.938,2.9966,2.938,2.9821,51564793,0
1995-05-03,2.9821,3.1138,2.9672,3.099,80052487,0
1995-05-04,3.0769,3.099,3.0039,3.0112,59539727,0
1995-05-05,3.0258,3.0625,3.0187,3.0479,43215684,0
1995-05-08,3.0404,3.0769,3.0404,3.0404,30651233,0
1995-05-09,3.0404,3.055,3.0258,3.055,33557812,0
1995-05-10,3.055,3.0697,3.0187,3.055,35815339,0
1995-05-11,3.0404,3.055,3.0187,3.0479,29383261,0
1995-05-12,3.0187,3.0404,2.9966,2.9966,29711338,0
1995-05-15,2.9821,3.0404,2.9602,3.0187,52971086,0
1995-05-16,3.0187,3.0404,3.0039,3.0039,33733378,0
1995-05-17,2.9966,3.0112,2.9821,2.9892,20780558,0
1995-05-18,2.9821,2.9821,2.9164,2.9164,44985525,0
1995-05-19,2.9015,2.9821,2.9015,2.953,38081727,0
1995-05-22,2.9454,2.9821,2.938,2.9602,23066453,0
1995-05-23,2.9602,3.0258,2.953,3.0187,39516396,0
1995-05-24,3.0258,3.0697,3.0187,3.0404,38039165,0
1995-05-25,3.0404,3.0769,3.0187,3.0625,29399219,0
1995-05-26,3.055,3.055,2.9672,2.9821,40543187,0
1995-05-30,2.9821,3.0404,2.9821,3.0187,41546924,0
1995-05-31,3.0187,3.106,3.0187,3.106,35840166,0
1995-06-01,3.0917,3.106,3.0769,3.106,37219856,0
1995-06-02,3.106,3.15,3.0917,3.15,49927957,0
1995-06-05,3.1353,3.15,3.128,3.1353,27959228,0
1995-06-06,3.1353,3.1573,3.1209,3.1353,44905723,0
1995-06-07,3.128,3.1353,3.106,3.1138,26405743,0
1995-06-08,3.0697,3.0769,3.0187,3.0479,56840616,0
1995-06-09,3.0187,3.0332,2.9672,2.9966,62432116,0
1995-06-12,2.9966,3.0404,2.9966,3.0258,45247988,0
1995-06-13,3.0479,3.0479,3.0187,3.0258,31576940,0
1995-06-14,3.0258,3.0917,3.0258,3.055,32444125,0
1995-06-15,3.0917,3.1648,3.0769,3.1353,53813452,0
1995-06-16,3.1353,3.2159,3.128,3.179,78030828,0
1995-06-19,3.1648,3.2159,3.1573,3.2159,31509551,0
1995-06-20,3.1939,3.2304,3.179,3.223,37189714,0
1995-06-21,3.2304,3.2451,3.2159,3.2159,42534702,0
1995-06-22,3.223,3.3037,3.2159,3.2818,38017884,0
1995-06-23,3.2597,3.2744,3.2524,3.2597,21144103,0
1995-06-26,3.2451,3.2597,3.2159,3.2159,25776189,0
1995-06-27,3.2159,3.2524,3.201,3.2159,32937127,0
1995-06-28,3.223,3.2451,3.2087,3.2159,33476239,0
1995-06-29,3.2159,3.2377,3.179,3.1939,28613606,0
1995-06-30,3.201,3.223,3.1939,3.2087,24774226,0
1995-07-03,3.1939,3.2159,3.1939,3.2159,8161131,0
1995-07-05,3.2159,3.2524,3.2087,3.2377,20855038,0
1995-07-06,3.2597,3.2818,3.2304,3.2744,24848707,0
1995-07-07,3.267,3.3108,3.2597,3.3037,36391688,0
1995-07-10,3.3037,3.3181,3.2597,3.2963,24664274,0
1995-07-11,3.2889,3.3108,3.2744,3.2963,22412072,0
1995-07-12,3.3037,3.362,3.2963,3.3256,30362168,0
1995-07-13,3.2744,3.2963,3.2377,3.2597,43674989,0
1995-07-14,3.2159,3.2304,3.1573,3.223,74400709,0
1995-07-17,3.2744,3.2963,3.2597,3.2744,37867145,0
1995-07-18,3.2744,3.2963,3.2377,3.2597,24648318,0
1995-07-19,3.2377,3.2744,3.1939,3.2377,36863410,0
1995-07-20,3.2159,3.2451,3.1939,3.2377,25355899,0
1995-07-21,3.2377,3.2377,3.2159,3.223,29837248,0
1995-07-24,3.223,3.2377,3.2087,3.2159,31392508,0
1995-07-25,3.1722,3.1939,3.099,3.1868,79898202,0
1995-07-26,3.1939,3.2524,3.15,3.2377,68818084,0
1995-07-27,3.2377,3.2524,3.1353,3.1353,61360989,0
1995-07-28,3.143,3.1722,3.128,3.1353,46124040,0
1995-07-31,3.143,3.143,3.0917,3.0917,33518798,0
1995-08-01,3.0917,3.128,3.0843,3.1138,31034282,0
1995-08-02,3.1138,3.1573,3.1138,3.1573,26435891,0
1995-08-03,3.1353,3.1868,3.1209,3.1648,31034282,0
1995-08-04,3.1722,3.201,3.1648,3.1939,26435891,0
1995-08-07,3.1939,3.223,3.1868,3.2159,18437910,0
1995-08-08,3.223,3.2377,3.201,3.2304,27874107,0
1995-08-09,3.223,3.2451,3.1573,3.1722,32752698,0
1995-08-10,3.1573,3.201,3.1573,3.1722,32894567,0
1995-08-11,3.1573,3.1648,3.0769,3.106,37251779,0
1995-08-14,3.0917,3.128,3.0769,3.1209,35320560,0
1995-08-15,3.1209,3.1573,3.1138,3.15,29262670,0
1995-08-16,3.1353,3.1722,3.1353,3.1573,22472372,0
1995-08-17,3.15,3.1573,3.1138,3.128,20748637,0
1995-08-18,3.128,3.15,3.1138,3.1138,27758838,0
1995-08-21,3.1353,3.1939,3.1353,3.1722,38028526,0
1995-08-22,3.1722,3.2087,3.1573,3.201,33566680,0
1995-08-23,3.1939,3.223,3.1868,3.1868,22594733,0
1995-08-24,3.179,3.2159,3.179,3.201,26767515,0
1995-08-25,3.1868,3.2377,3.1868,3.2304,22803990,0
1995-08-28,3.2377,3.2524,3.2159,3.2159,18771309,0
1995-08-29,3.2087,3.267,3.1939,3.2597,27755290,0
1995-08-30,3.2524,3.2818,3.223,3.2377,42041702,0
1995-08-31,3.2377,3.2524,3.2159,3.2159,24880627,0
1995-09-01,3.223,3.2377,3.2087,3.2159,14148087,0
1995-09-05,3.2087,3.2159,3.1939,3.1939,21958086,0
1995-09-06,3.201,3.2159,3.1722,3.2159,28157848,0
1995-09-07,3.2159,3.2304,3.1939,3.223,13401490,0
1995-09-08,3.2304,3.2377,3.201,3.2087,26836677,0
1995-09-11,3.2087,3.2524,3.201,3.223,22882018,0
1995-09-12,3.2377,3.2597,3.2159,3.2597,33524119,0
1995-09-13,3.2597,3.3547,3.2597,3.2963,44167995,0
1995-09-14,3.3108,3.3256,3.2744,3.3181,38037391,0
1995-09-15,3.3403,3.384,3.3181,3.3693,59190355,0
1995-09-18,3.362,3.4716,3.3547,3.4498,40238164,0
1995-09-19,3.4351,3.5006,3.4278,3.4936,46315566,0
1995-09-20,3.4863,3.5594,3.4791,3.5229,44276167,0
1995-09-21,3.5374,3.5374,3.4863,3.4936,26350763,0
1995-09-22,3.4498,3.5302,3.4498,3.5156,28547993,0
1995-09-25,3.5156,3.5374,3.4936,3.5229,22039664,0
1995-09-26,3.5156,3.5813,3.5156,3.5594,30055371,0
1995-09-27,3.5447,3.6251,3.5447,3.596,42618051,0
1995-09-28,3.6033,3.6615,3.6033,3.6545,32536345,0
1995-09-29,3.647,3.6764,3.647,3.647,30663646,0
1995-10-02,3.647,3.6615,3.6323,3.6398,21099766,0
1995-10-03,3.6323,3.6398,3.6106,3.6251,32999196,0
1995-10-04,3.6251,3.7275,3.6251,3.6911,39154630,0
1995-10-05,3.6911,3.6984,3.6545,3.6984,21002229,0
1995-10-06,3.6911,3.7566,3.6834,3.7348,22913938,0
1995-10-09,3.7424,3.7495,3.7057,3.7131,22601824,0
1995-10-10,3.6911,3.7131,3.647,3.7057,36959170,0
1995-10-11,3.7131,3.7348,3.7057,3.7202,22488329,0
1995-10-12,3.7131,3.7202,3.6834,3.7057,24944467,0
1995-10-13,3.7275,3.7495,3.7057,3.7275,23571865,0
1995-10-16,3.7348,3.7424,3.6911,3.7275,21115721,0
1995-10-17,3.7348,3.7495,3.7057,3.7202,22302125,0
1995-10-18,3.6764,3.6984,3.6545,3.6911,33118011,0
1995-10-19,3.6911,3.7424,3.6911,3.7275,25623680,0
1995-10-20,3.7275,3.7566,3.7131,3.7424,31663839,0
1995-10-23,3.7348,3.7714,3.6984,3.6984,34346974,0
1995-10-24,3.6984,3.7202,3.6764,3.7131,27033521,0
1995-10-25,3.7131,3.7275,3.6545,3.6984,31192116,0
1995-10-26,3.6911,3.6911,3.6106,3.6615,43735286,0
1995-10-27,3.6545,3.6984,3.6251,3.6911,29819511,0
1995-10-30,3.6911,3.6911,3.6106,3.647,41282689,0
1995-10-31,3.6545,3.6911,3.647,3.6834,23940733,0
1995-11-01,3.6834,3.7131,3.6764,3.7131,19024902,0
1995-11-02,3.7275,3.7424,3.7131,3.7348,26301112,0
1995-11-03,3.7566,3.8374,3.7202,3.8297,39624579,0
1995-11-06,3.8079,3.8374,3.8004,3.8151,25318656,0
1995-11-07,3.8151,3.8225,3.7783,3.7783,19062146,0
1995-11-08,3.7935,3.8662,3.786,3.859,25822298,0
1995-11-09,3.859,3.8808,3.8374,3.859,26265644,0
1995-11-10,3.8374,3.8446,3.8004,3.8004,24756490,0
1995-11-13,3.8004,3.8297,3.7935,3.8297,18994756,0
1995-11-14,3.8297,3.8662,3.8225,3.8374,27072537,0
1995-11-15,3.8446,3.9246,3.8446,3.9175,28973604,0
1995-11-16,3.9246,3.9907,3.9029,3.9685,41328802,0
1995-11-17,3.9469,3.9612,3.9322,3.9469,31709944,0
1995-11-20,3.9246,3.9761,3.9246,3.954,23947826,0
1995-11-21,3.954,3.9685,3.9322,3.9395,25453433,0
1995-11-22,3.9101,3.9395,3.9029,3.9175,29092422,0
1995-11-24,3.9029,3.9029,3.8883,3.8883,7614924,0
1995-11-27,3.8808,3.9469,3.8808,3.9029,29745030,0
1995-11-28,3.8808,3.9469,3.859,3.9395,34057908,0
1995-11-29,3.9246,3.9322,3.8808,3.8883,15657241,0
1995-11-30,3.8808,3.8959,3.8374,3.8374,29539318,0
1995-12-01,3.8374,3.8737,3.8225,3.859,24421325,0
1995-12-04,3.8662,3.9395,3.859,3.9322,25699936,0
1995-12-05,3.9101,3.9469,3.9029,3.9246,28438042,0
1995-12-06,3.9246,3.9761,3.9246,3.9685,30365717,0
1995-12-07,3.954,3.9685,3.9395,3.9612,25276092,0
1995-12-08,3.9101,3.9322,3.8959,3.9029,29787594,0
1995-12-11,3.9029,3.9469,3.8808,3.9322,24845160,0
1995-12-12,3.9322,3.9685,3.9322,3.9612,29854981,0
1995-12-13,3.9612,4.0636,3.9612,4.0636,54370293,0
1995-12-14,4.0636,4.1735,4.0564,4.115,43639526,0
1995-12-15,4.1221,4.1297,4.0999,4.1075,56049687,0
1995-12-18,4.0859,4.1075,4.0271,4.0345,42637560,0
1995-12-19,3.9761,4.0124,3.9246,3.9685,49099785,0
1995-12-20,3.9612,3.9685,3.8151,3.8151,45597341,0
1995-12-21,3.8446,3.9246,3.8446,3.8883,41928208,0
1995-12-22,3.9029,3.9469,3.8959,3.9175,23928321,0
1995-12-26,3.9612,3.9612,3.9246,3.954,16662748,0
1995-12-27,3.9685,4.0124,3.9685,4.0124,19555141,0
1995-12-28,4.0052,4.0124,3.9612,3.9685,19289140,0
1995-12-29,3.9907,4.0124,3.9835,3.9907,19743124,0
1996-01-02,3.9978,4.093,3.9907,4.0636,37913257,0
1996-01-03,4.0708,4.1075,4.0418,4.0636,30463250,0
1996-01-04,4.0999,4.1297,4.0199,4.0636,60722566,0
1996-01-05,4.0199,4.0271,3.9175,3.9685,44033214,0
1996-01-08,3.9685,3.9907,3.9685,3.9761,10608404,0
1996-01-09,4.0124,4.0345,3.9246,3.9469,37709316,0
1996-01-10,3.9029,3.9246,3.8151,3.859,42252730,0
1996-01-11,3.9101,3.9101,3.8662,3.8808,28186219,0
1996-01-12,3.9029,4.0124,3.9029,3.9907,37829908,0
1996-01-15,3.9907,4.0199,3.9761,3.9761,22887344,0
1996-01-16,3.9761,3.9907,3.9322,3.9907,26260327,0
1996-01-17,3.9907,4.0345,3.9907,4.0199,31456353,0
1996-01-18,4.0345,4.0564,3.9907,4.0489,23887531,0
1996-01-19,4.0489,4.1587,4.0489,4.1515,52229812,0
1996-01-22,4.1441,4.1806,4.1297,4.1735,34034858,0
1996-01-23,4.1515,4.1879,4.1297,4.1297,25994315,0
1996-01-24,4.1369,4.1735,4.115,4.1662,26841994,0
1996-01-25,4.1735,4.1735,4.0784,4.093,23077091,0
1996-01-26,4.0564,4.0999,4.0345,4.0999,31899697,0
1996-01-29,4.0859,4.1075,4.0859,4.1075,26175201,0
1996-01-30,4.115,4.195,4.0999,4.195,33470917,0
1996-01-31,4.195,4.2465,4.0859,4.0999,62345208,0
1996-02-01,4.1297,4.1662,4.0708,4.1297,47186297,0
1996-02-02,4.1297,4.1515,4.0999,4.0999,23665858,0
1996-02-05,4.1075,4.2026,4.0784,4.195,31195665,0
1996-02-06,4.195,4.195,4.1369,4.1735,28088683,0
1996-02-07,4.1806,4.195,4.1587,4.1879,28759027,0
1996-02-08,4.195,4.2611,4.1879,4.2394,44316956,0
1996-02-09,4.2246,4.283,4.2101,4.2683,41410376,0
1996-02-12,4.2758,4.3633,4.2683,4.3488,40284274,0
1996-02-13,4.3342,4.3999,4.2901,4.3562,59915675,0
1996-02-14,4.3562,4.3925,4.3267,4.3267,31158424,0
1996-02-15,4.3124,4.3124,4.2465,4.2611,33932000,0
1996-02-16,4.2394,4.3124,4.2315,4.2683,32367871,0
1996-02-20,4.2315,4.2683,4.2101,4.2394,28152524,0
1996-02-21,4.2536,4.3267,4.2536,4.3267,29489668,0
1996-02-22,4.3342,4.4146,4.3124,4.3925,48989833,0
1996-02-23,4.4073,4.451,4.378,4.4216,48658211,0
1996-02-26,4.3999,4.4876,4.3925,4.4436,37069123,0
1996-02-27,4.4584,4.4584,4.3562,4.4216,33843333,0
1996-02-28,4.451,4.5024,4.3999,4.4146,37508922,0
1996-02-29,4.4146,4.4656,4.378,4.378,30548374,0
1996-03-01,4.4073,4.4436,4.3633,4.4216,26879237,0
1996-03-04,4.429,4.4876,4.3999,4.4876,25921603,0
1996-03-05,4.5313,4.6046,4.5313,4.597,51256222,0
1996-03-06,4.5752,4.6267,4.5681,4.5826,32894567,0
1996-03-07,4.5826,4.6191,4.546,4.6191,30346210,0
1996-03-08,4.5533,4.5826,4.4073,4.4073,47016054,0
1996-03-11,4.3925,4.517,4.3925,4.5095,38686450,0
1996-03-12,4.473,4.5313,4.3999,4.5238,42880516,0
1996-03-13,4.4656,4.4656,4.3195,4.3708,112879669,0
1996-03-14,4.305,4.3195,4.0199,4.1297,273936959,0
1996-03-15,4.1587,4.2536,4.1515,4.2536,134209971,0
1996-03-18,4.1075,4.1075,3.9685,4.0708,227250756,0
1996-03-19,4.0859,4.115,3.8225,3.8517,252995030,0
1996-03-20,3.8808,4.0124,3.8737,3.9978,212751548,0
1996-03-21,4.0271,4.0708,3.8662,3.8737,84558663,0
1996-03-22,3.9469,3.9685,3.8517,3.8517,64200180,0
1996-03-25,3.859,3.9322,3.8517,3.9101,65489432,0
1996-03-26,3.9101,3.9978,3.8808,3.9685,51954938,0
1996-03-27,3.9978,3.9978,3.8959,3.9101,64198406,0
1996-03-28,3.9101,3.9685,3.8737,3.9322,41663967,0
1996-03-29,3.9685,3.9685,3.859,3.9175,54904083,0
1996-04-01,3.9322,4.0199,3.9246,4.0199,48454271,0
1996-04-02,4.0489,4.0564,4.0124,4.0345,44696463,0
1996-04-03,4.0784,4.1221,4.0708,4.115,49612293,0
1996-04-04,4.115,4.1221,4.0708,4.115,27198447,0
1996-04-08,4.0199,4.0489,3.9761,4.0418,41011359,0
1996-04-09,4.0784,4.093,3.954,3.9907,33540085,0
1996-04-10,3.9835,3.9907,3.8737,3.8959,51284594,0
1996-04-11,3.9395,3.9395,3.8297,3.9029,46546107,0
1996-04-12,3.9101,3.9761,3.8808,3.9685,26233723,0
1996-04-15,4.0052,4.0199,3.9685,3.9907,23252661,0
1996-04-16,3.9761,4.0636,3.9395,4.0636,40972350,0
1996-04-17,4.0636,4.0784,3.9685,4.0052,31310935,0
1996-04-18,4.0199,4.0345,3.9761,3.9835,31158424,0
1996-04-19,3.9907,3.9978,3.9246,3.9322,33994072,0
1996-04-22,3.9685,3.9835,3.8883,3.9246,38124286,0
1996-04-23,3.9246,3.9395,3.9029,3.9246,28604746,0
1996-04-24,3.9246,3.9246,3.8662,3.8883,40023587,0
1996-04-25,3.8808,3.9246,3.8737,3.9029,32596636,0
1996-04-26,3.9101,4.0124,3.9029,3.9835,40741808,0
1996-04-29,3.9761,4.0271,3.9612,3.9978,30470347,0
1996-04-30,4.0052,4.0418,4.0052,4.0199,36434249,0
1996-05-01,4.0199,4.0636,4.0124,4.0418,27306622,0
1996-05-02,3.9978,4.0271,3.9029,3.9612,38040936,0
1996-05-03,4.0199,4.0345,3.9246,3.9612,40670869,0
1996-05-06,3.9612,3.9612,3.859,3.9246,40935106,0
1996-05-07,3.9101,3.9175,3.8446,3.8517,39025168,0
1996-05-08,3.8374,3.9395,3.8151,3.9175,46090344,0
1996-05-09,3.9029,3.9395,3.8808,3.9029,22029022,0
1996-05-10,3.9395,3.954,3.9246,3.9246,21525379,0
1996-05-13,3.9395,4.0271,3.9395,4.0124,38337093,0
1996-05-14,4.0418,4.0784,4.0345,4.0636,55452056,0
1996-05-15,4.0784,4.0999,4.0199,4.0636,49881848,0
1996-05-16,4.0564,4.0999,4.0418,4.0859,29819511,0
1996-05-17,4.1297,4.2683,4.115,4.2611,87131855,0
1996-05-20,4.2758,4.3195,4.2536,4.2901,61343249,0
1996-05-21,4.2977,4.3415,4.2901,4.3267,43572132,0
1996-05-22,4.305,4.3633,4.2758,4.3562,32584224,0
1996-05-23,4.3415,4.7141,4.305,4.6338,135117952,0
1996-05-24,4.6046,4.6997,4.5752,4.6191,113956117,0
1996-05-28,4.6191,4.6191,4.4584,4.4656,72650371,0
1996-05-29,4.4584,4.5238,4.4436,4.517,53026062,0
1996-05-30,4.517,4.5826,4.4801,4.495,45693104,0
1996-05-31,4.517,4.517,4.4363,4.4363,41834213,0
1996-06-03,4.4363,4.4656,4.4216,4.4216,26630963,0
1996-06-04,4.4584,4.5313,4.4436,4.5238,39911861,0
1996-06-05,4.517,4.5389,4.4801,4.5313,33907171,0
1996-06-06,4.546,4.5826,4.5389,4.546,30269955,0
1996-06-07,4.4656,4.5313,4.4436,4.517,32309351,0
1996-06-10,4.5238,4.5389,4.5024,4.5389,23328914,0
1996-06-11,4.5389,4.6557,4.5389,4.6267,52387642,0
1996-06-12,4.6413,4.7069,4.6413,4.6923,62492411,0
1996-06-13,4.7287,4.758,4.6997,4.7069,64088457,0
1996-06-14,4.7141,4.758,4.7069,4.7507,72815291,0
1996-06-17,4.7287,4.7432,4.6633,4.7069,31718812,0
1996-06-18,4.6702,4.6851,4.6191,4.6191,32288069,0
1996-06-19,4.6338,4.6776,4.6046,4.6119,26847314,0
1996-06-20,4.6119,4.6557,4.6046,4.6191,24923191,0
1996-06-21,4.6338,4.6557,4.597,4.6557,38220050,0
1996-06-24,4.6851,4.7432,4.6776,4.7141,34618299,0
1996-06-25,4.7287,4.758,4.6776,4.7069,40511267,0
1996-06-26,4.7069,4.7216,4.6702,4.6776,25347030,0
1996-06-27,4.6851,4.7507,4.6557,4.7287,42250962,0
1996-06-28,4.7216,4.8309,4.6851,4.6851,47470036,0
1996-07-01,4.7069,4.7287,4.6557,4.7287,21539565,0
1996-07-02,4.7287,4.7364,4.6851,4.7141,26164563,0
1996-07-03,4.7069,4.7507,4.7069,4.7141,20296422,0
1996-07-05,4.6191,4.6557,4.5752,4.59,22052076,0
1996-07-08,4.5681,4.59,4.5313,4.5533,24488708,0
1996-07-09,4.5826,4.6046,4.5313,4.597,24866439,0
1996-07-10,4.597,4.6119,4.5606,4.6119,21661930,0
1996-07-11,4.6046,4.6046,4.5095,4.597,31871323,0
1996-07-12,4.5826,4.6046,4.4876,4.59,30158231,0
1996-07-15,4.59,4.6633,4.5313,4.5313,50153173,0
1996-07-16,4.5313,4.5389,4.3853,4.5238,61465613,0
1996-07-17,4.5606,4.5681,4.4801,4.4801,33132200,0
1996-07-18,4.495,4.6046,4.4363,4.5533,34004706,0
1996-07-19,4.5606,4.5826,4.5238,4.5313,39739845,0
1996-07-22,4.517,4.5238,4.473,4.5024,28478833,0
1996-07-23,4.495,4.5389,4.4801,4.4876,29620897,0
1996-07-24,4.429,4.5095,4.4216,4.5024,33986975,0
1996-07-25,4.517,4.5389,4.5095,4.517,19216428,0
1996-07-26,4.517,4.6046,4.517,4.6046,25153732,0
1996-07-29,4.5826,4.6119,4.5752,4.5826,23075318,0
1996-07-30,4.6119,4.6483,4.5826,4.6413,25575798,0
1996-07-31,4.6338,4.7287,4.6338,4.7141,29303456,0
1996-08-01,4.7069,4.7801,4.7069,4.7728,33591510,0
1996-08-02,4.8016,4.8456,4.7872,4.8016,29457742,0
1996-08-05,4.8016,4.8093,4.7287,4.7287,18916726,0
1996-08-06,4.7216,4.7507,4.6923,4.7364,37505377,0
1996-08-07,4.7364,4.7728,4.7287,4.7653,24910773,0
1996-08-08,4.7728,4.7946,4.7507,4.758,22745469,0
1996-08-09,4.7287,4.7507,4.093,4.093,36297697,0
1996-08-12,4.2394,4.2394,4.1587,4.2173,280447075,0
1996-08-13,4.2394,4.2611,4.0199,4.0564,178915303,0
1996-08-14,4.0999,4.1587,4.0784,4.115,85709598,0
1996-08-15,4.115,4.1221,4.0564,4.0564,65402541,0
1996-08-16,4.0708,4.0784,3.9907,3.9907,109112989,0
1996-08-19,3.9907,4.0489,3.9685,4.0489,76337241,0
1996-08-20,4.0708,4.1297,4.0636,4.1221,66502036,0
1996-08-21,4.1221,4.1369,3.9246,3.9469,110262143,0
1996-08-22,3.9322,3.9978,3.859,3.9101,148384660,0
1996-08-23,3.9175,3.9835,3.859,3.9685,74184347,0
1996-08-26,4.1806,4.2173,3.9907,4.0708,111102732,0
1996-08-27,4.0999,4.1441,4.093,4.1441,56450473,0
1996-08-28,4.1735,4.2246,4.093,4.115,62621864,0
1996-08-29,4.115,4.115,4.0418,4.0708,48658211,0
1996-08-30,4.0636,4.0784,3.9835,4.0418,39530580,0
1996-09-03,4.0124,4.0418,3.9907,4.0418,29723749,0
1996-09-04,4.0636,4.0859,4.0489,4.0708,30119214,0
1996-09-05,4.0708,4.1075,4.0564,4.0636,25490674,0
1996-09-06,4.0784,4.093,4.0564,4.093,25270774,0
1996-09-09,4.1369,4.1662,4.115,4.1369,23798861,0
1996-09-10,4.1369,4.1369,4.0999,4.115,24268808,0
1996-09-11,4.093,4.1515,4.0859,4.1441,32022061,0
1996-09-12,4.1587,4.1806,4.1297,4.1441,23520444,0
1996-09-13,4.1662,4.195,4.1587,4.1806,26829585,0
1996-09-16,4.1806,4.2173,4.1806,4.2026,33602148,0
1996-09-17,4.2977,4.3415,4.2758,4.2977,75186314,0
1996-09-18,4.2977,4.2977,4.2611,4.2611,38120743,0
1996-09-19,4.2465,4.283,4.2465,4.283,23633936,0
1996-09-20,4.283,4.283,4.2315,4.2315,43862968,0
1996-09-23,4.2173,4.2246,4.1806,4.1806,31346397,0
1996-09-24,4.195,4.2315,4.1662,4.1879,33024027,0
1996-09-25,4.2101,4.2101,4.093,4.1441,50241840,0
1996-09-26,4.1662,4.1662,4.115,4.1221,32325311,0
1996-09-27,4.1369,4.1441,4.0489,4.115,34416136,0
1996-09-30,4.1221,4.1369,4.0999,4.0999,27822676,0
1996-10-01,4.0999,4.1806,4.0999,4.1806,35118396,0
1996-10-02,4.2173,4.2315,4.1879,4.2173,31972407,0
1996-10-03,4.2246,4.2536,4.1369,4.1587,51515143,0
1996-10-04,4.1735,4.2394,4.1515,4.2315,38799950,0
1996-10-07,4.2394,4.283,4.2315,4.2683,25928700,0
1996-10-08,4.283,4.2977,4.2611,4.2683,20686568,0
1996-10-09,4.283,4.283,4.2101,4.2315,28870750,0
1996-10-10,4.2394,4.2683,4.2315,4.2536,23976202,0
1996-10-11,4.2758,4.283,4.2536,4.283,16448174,0
1996-10-14,4.2683,4.2977,4.2611,4.2683,23146258,0
1996-10-15,4.2901,4.3195,4.2758,4.2901,36503411,0
1996-10-16,4.3124,4.3925,4.283,4.378,44749665,0
1996-10-17,4.3999,4.4584,4.3925,4.4436,44038541,0
1996-10-18,4.3633,4.3633,4.1806,4.2026,142167163,0
1996-10-21,4.2173,4.2758,4.1806,4.2683,61174780,0
1996-10-22,4.2465,4.2611,4.2101,4.2246,28065632,0
1996-10-23,4.2101,4.2611,4.2101,4.2465,33875249,0
1996-10-24,4.2611,4.2683,4.1806,4.1806,31408467,0
1996-10-25,4.2026,4.2315,4.1879,4.2246,25118264,0
1996-10-28,4.2465,4.305,4.2465,4.2611,47553390,0
1996-10-29,4.2683,4.2901,4.2315,4.283,27148793,0
1996-10-30,4.283,4.305,4.2246,4.2315,33903627,0
1996-10-31,4.2394,4.2683,4.2173,4.2173,25630771,0
1996-11-01,4.2315,4.2758,4.2173,4.2394,29755670,0
1996-11-04,4.2536,4.283,4.2173,4.2394,26712536,0
1996-11-05,4.2394,4.305,4.2315,4.2683,29420501,0
1996-11-06,4.2901,4.4436,4.2901,4.4436,77317929,0
1996-11-07,4.3853,4.5095,4.3853,4.495,60045137,0
1996-11-08,4.4656,4.5095,4.4656,4.4656,35919968,0
1996-11-11,4.4656,4.5752,4.429,4.5389,41552242,0
1996-11-12,4.517,4.5533,4.5095,4.5238,34050815,0
1996-11-13,4.517,4.5681,4.495,4.546,25949983,0
1996-11-14,4.546,4.6997,4.5389,4.6851,60201187,0
1996-11-15,4.6923,4.6923,4.6191,4.6191,48606785,0
1996-11-18,4.6483,4.6851,4.6191,4.6267,33971015,0
1996-11-19,4.6413,4.6702,4.6338,4.6413,32837818,0
1996-11-20,4.6267,4.6483,4.5752,4.6483,32993879,0
1996-11-21,4.6483,4.6923,4.59,4.6483,48447179,0
1996-11-22,4.6483,4.6776,4.6483,4.6702,32802353,0
1996-11-25,4.6851,4.8239,4.6702,4.8168,64061855,0
1996-11-26,4.8093,4.8309,4.7653,4.7801,79626878,0
1996-11-27,4.8016,4.8309,4.7069,4.7432,51218984,0
1996-11-29,4.7432,4.7728,4.7069,4.7141,22644388,0
1996-12-02,4.6997,4.7364,4.6338,4.7141,35387949,0
1996-12-03,4.7069,4.7432,4.6997,4.7069,33501064,0
1996-12-04,4.7069,4.8824,4.6851,4.7653,61859309,0
1996-12-05,4.8239,4.9334,4.8239,4.9261,55769492,0
1996-12-06,4.8456,5.043,4.7728,4.9917,91409260,0
1996-12-09,5.036,5.2477,5.0139,5.2183,64849238,0
1996-12-10,5.2989,5.3866,5.2772,5.3136,81160864,0
1996-12-11,5.2256,5.4305,5.2183,5.4232,121831731,0
1996-12-12,5.4524,5.4889,5.2477,5.2477,59149571,0
1996-12-13,5.1744,5.2334,5.0869,5.1455,58734599,0
1996-12-16,5.1527,5.1527,4.9555,5.036,62267189,0
1996-12-17,5.0139,5.1307,4.9994,5.0577,36029916,0
1996-12-18,5.0285,5.1602,4.9773,5.1455,49314364,0
1996-12-19,5.1744,5.2695,5.1673,5.2477,43557944,0
1996-12-20,5.3428,5.3428,5.1234,5.1455,59404937,0
1996-12-23,5.1382,5.2183,5.1307,5.1744,22752562,0
1996-12-24,5.2547,5.2916,5.2334,5.2843,14266906,0
1996-12-26,5.2772,5.3428,5.2039,5.2183,25770866,0
1996-12-27,5.2111,5.2916,5.2111,5.2547,17485598,0
1996-12-30,5.2547,5.3646,5.2547,5.2843,30713301,0
1996-12-31,5.3428,5.3428,5.1965,5.2111,28565730,0
1997-01-02,5.2039,5.2183,4.9845,5.1455,62538514,0
1997-01-03,5.2039,5.2334,5.1455,5.2111,38090594,0
1997-01-06,5.2406,5.2989,5.1895,5.2256,36111491,0
1997-01-07,5.182,5.2183,5.1382,5.2183,33825596,0
1997-01-08,5.2547,5.2843,5.1895,5.2039,34157218,0
1997-01-09,5.1016,5.2334,5.036,5.2334,44527987,0
1997-01-10,5.1307,5.2183,5.1307,5.2111,40248807,0
1997-01-13,5.2334,5.3062,5.2039,5.2916,29668775,0
1997-01-14,5.3136,5.3646,5.2695,5.3354,38312267,0
1997-01-15,5.2843,5.3136,5.2477,5.2477,20716717,0
1997-01-16,5.2695,5.3207,5.2039,5.2695,28321004,0
1997-01-17,5.2772,5.3282,5.2111,5.3136,43219231,0
1997-01-20,5.3207,5.4158,5.3062,5.4083,38819452,0
1997-01-21,5.3722,5.5474,5.3646,5.518,54652267,0
1997-01-22,5.5035,5.5474,5.4743,5.533,28203954,0
1997-01-23,5.533,5.6061,5.3571,5.4232,54292266,0
1997-01-24,5.4232,5.4451,5.2695,5.3428,55932643,0
1997-01-27,5.3062,5.3794,5.2406,5.3428,28996667,0
1997-01-28,5.3938,5.438,5.2334,5.2772,36207254,0
1997-01-29,5.2843,5.3646,5.2843,5.3646,25093431,0
1997-01-30,5.3938,5.5474,5.3938,5.533,44646807,0
1997-01-31,5.5474,5.6132,5.4671,5.4817,64251606,0
1997-02-03,5.5474,5.6572,5.533,5.6424,52761830,0
1997-02-04,5.6204,5.6424,5.5986,5.6204,32912304,0
1997-02-05,5.6714,5.7011,5.5035,5.533,44857839,0
1997-02-06,5.562,5.6132,5.518,5.6132,32447671,0
1997-02-07,5.6424,5.6862,5.562,5.584,39002113,0
1997-02-10,5.4889,5.5766,5.4889,5.5474,25714123,0
1997-02-11,5.5695,5.5766,5.511,5.5695,26405743,0
1997-02-12,5.5766,5.6132,5.5695,5.6061,31942255,0
1997-02-13,5.628,5.7811,5.6204,5.7739,47971911,0
1997-02-14,5.8032,5.825,5.7155,5.7886,40786142,0
1997-02-18,5.8836,6.0811,5.8763,6.0515,70634031,0
1997-02-19,6.0664,6.1541,6.0005,6.1394,62777923,0
1997-02-20,6.103,6.1103,5.9714,5.9933,37390106,0
1997-02-21,5.9275,5.9714,5.8397,5.9566,46322658,0
1997-02-24,5.8983,6.2855,5.8983,6.2344,60419321,0
1997-02-25,6.2344,6.2711,6.0664,6.1465,47188072,0
1997-02-26,6.1615,6.3075,6.103,6.1615,101641708,0
1997-02-27,6.1831,6.3003,6.1615,6.2492,74106319,0
1997-02-28,6.3148,6.3589,6.1394,6.2416,62105807,0
1997-03-03,6.2416,6.2928,6.1905,6.2928,37397201,0
1997-03-04,6.2928,6.3003,6.2051,6.2126,29003753,0
1997-03-05,6.1831,6.2197,6.103,6.1831,38262605,0
1997-03-06,6.2197,6.2271,6.132,6.1465,48874563,0
1997-03-07,6.1465,6.2928,6.1394,6.2711,35320560,0
1997-03-10,6.3442,6.41,6.2855,6.4029,49959878,0
1997-03-11,6.4243,6.4467,6.4029,6.4391,35311692,0
1997-03-12,6.3951,6.417,6.3295,6.3662,38971967,0
1997-03-13,6.2271,6.3148,5.825,5.8617,114722218,0
1997-03-14,5.9714,6.0299,5.8617,6.0079,90788574,0
1997-03-17,6.0005,6.0151,5.7376,5.8908,72636183,0
1997-03-18,5.8836,5.9201,5.8177,5.8324,41009587,0
1997-03-19,5.7958,5.8544,5.6132,5.679,52203218,0
1997-03-20,5.4524,5.5254,5.3136,5.3938,148900731,0
1997-03-21,5.3938,5.3938,5.1307,5.1895,174992572,0
1997-03-24,5.2547,5.4158,5.2406,5.3866,80577410,0
1997-03-25,5.4451,5.5766,5.4232,5.511,60059320,0
1997-03-26,5.5986,5.5986,5.4962,5.562,47324625,0
1997-03-27,5.5549,5.5549,5.3866,5.4524,39211374,0
1997-03-31,5.4524,5.4524,5.2772,5.3136,55108022,0
1997-04-01,5.3136,5.4158,5.3136,5.401,32587772,0
1997-04-02,5.3938,5.401,5.2843,5.3207,23962011,0
1997-04-03,5.2843,5.3282,5.2477,5.3136,27166527,0
1997-04-04,5.2183,5.3136,5.2183,5.2772,43375288,0
1997-04-07,5.2772,5.3062,5.2111,5.2695,37042523,0
1997-04-08,5.2622,5.3428,5.1965,5.3136,30817932,0
1997-04-09,5.3571,5.3571,5.2477,5.2843,26364952,0
1997-04-10,5.3136,5.3938,5.3062,5.3136,37787345,0
1997-04-11,5.3062,5.4962,5.2547,5.3938,49120476,0
1997-04-14,5.4083,5.4962,5.2183,5.3722,34169041,0
1997-04-15,5.4817,5.511,5.3062,5.4451,26221896,0
1997-04-16,5.7081,6.0369,5.6714,6.0369,109453488,0
1997-04-17,6.0005,6.0735,5.7958,5.8106,71932739,0
1997-04-18,5.8983,6.2781,5.8983,6.1978,95752292,0
1997-04-21,6.1394,6.1615,5.7958,5.9497,53350592,0
1997-04-22,5.9128,6.0005,5.7958,5.8836,59863654,0
1997-04-23,5.7596,5.8983,5.6714,5.6862,40412546,0
1997-04-24,5.7228,5.8836,5.7228,5.8106,37994242,0
1997-04-25,5.7376,5.9128,5.3428,5.511,83027053,0
1997-04-28,5.4083,5.5695,5.3571,5.533,37375332,0
1997-04-29,5.6204,5.635,5.2183,5.4817,64415944,0
1997-04-30,5.3938,5.5695,5.3938,5.4962,47452306,0
1997-05-01,5.4817,5.5474,5.3722,5.4817,31341670,0
1997-05-02,5.533,5.5695,5.3938,5.5695,38618472,0
1997-05-05,5.4598,6.4243,5.3062,6.1615,73004458,0
1997-05-06,6.0005,6.1103,5.7376,5.825,102458063,0
1997-05-07,5.8106,5.9349,5.7228,5.7596,44759121,0
1997-05-08,5.8106,5.9128,5.7376,5.847,30818520,0
1997-05-09,5.9349,5.9349,5.8106,5.8836,29820107,0
1997-05-12,5.8836,5.9349,5.847,5.9128,30071928,0
1997-05-13,5.9349,5.9497,5.825,5.9128,27127510,0
1997-05-14,6.0005,6.0515,5.8617,5.9349,30169465,0
1997-05-15,6.0005,6.0369,5.9128,5.9497,38189312,0
1997-05-16,5.9497,5.9859,5.8617,5.9128,31177337,0
1997-05-19,5.9497,6.1103,5.9497,6.0005,38773348,0
1997-05-20,5.8836,5.9859,5.8836,5.9497,31011228,0
1997-05-21,6.088,6.2271,5.9497,6.2126,64897708,0
1997-05-22,6.2781,6.3368,6.176,6.2492,37887248,0
1997-05-23,6.3513,6.4029,6.2492,6.3368,50267262,0
1997-05-27,6.3003,6.3148,6.1394,6.1394,36261641,0
1997-05-28,6.1394,6.2637,6.0515,6.1248,40903187,0
1997-05-29,6.1248,6.1615,6.0005,6.1615,23797679,0
1997-05-30,6.0515,6.1394,6.0005,6.1394,31665604,0
1997-06-02,6.0515,6.0735,5.8983,5.9714,28428587,0
1997-06-03,5.9349,5.9859,5.847,5.9128,24356296,0
1997-06-04,5.8983,5.9128,5.7596,5.825,23316502,0
1997-06-05,5.9349,5.9859,5.847,5.9714,29288679,0
1997-06-06,5.9349,6.0005,5.8983,5.9497,28893210,0
1997-06-09,5.9859,6.0227,5.9497,5.9859,29760401,0
1997-06-10,5.9714,5.9859,5.8983,5.9714,43510063,0
1997-06-11,5.9714,6.1248,5.9128,6.0227,51361445,0
1997-06-12,6.1978,6.3589,6.1103,6.2711,80965790,0
1997-06-13,6.3589,6.5486,6.3589,6.5196,76378619,0
1997-06-16,6.5342,6.6436,6.4319,6.4319,49686774,0
1997-06-17,6.4467,6.5851,6.3951,6.4976,42068303,0
1997-06-18,6.4831,6.5196,6.2711,6.41,37848825,0
1997-06-19,6.7461,6.7826,6.5707,6.6947,83584489,0
1997-06-20,6.7093,6.7607,6.3442,6.41,108465123,0
1997-06-23,6.322,6.5707,6.0079,6.0227,85480828,0
1997-06-24,6.1831,6.2711,6.0955,6.2271,57345447,0
1997-06-25,6.2271,6.2416,5.9566,6.088,49514757,0
1997-06-26,6.059,6.1103,5.9859,6.0299,29036267,0
1997-06-27,6.0955,6.2344,5.9859,6.0227,33985199,0
1997-06-30,6.132,6.2492,6.0079,6.2344,36557203,0
1997-07-01,6.2344,6.2344,6.103,6.1831,34745988,0
1997-07-02,6.2051,6.2197,6.1831,6.1978,28674498,0
1997-07-03,6.3442,6.41,6.3075,6.3951,35133765,0
1997-07-07,6.41,6.4467,6.2197,6.3075,31864819,0
1997-07-08,6.322,6.3442,6.2051,6.2637,28314502,0
1997-07-09,6.2781,6.2855,6.0299,6.1177,47943532,0
1997-07-10,6.1177,6.1541,6.0443,6.1103,33498111,0
1997-07-11,6.1541,6.176,6.0443,6.103,25070969,0
1997-07-14,6.1177,6.1465,5.9201,6.0227,35804697,0
1997-07-15,6.0735,6.088,5.9201,6.0005,42667118,0
1997-07-16,6.0664,6.176,6.0151,6.103,37540842,0
1997-07-17,6.103,6.1465,5.9201,5.9201,43792625,0
1997-07-18,5.9275,6.0005,5.7446,5.7739,41751459,0
1997-07-21,5.7665,5.8324,5.628,5.7081,43564448,0
1997-07-22,5.8544,6.0515,5.8397,6.0079,58598051,0
1997-07-23,6.059,6.1103,5.9714,5.9859,60471333,0
1997-07-24,6.0735,6.1978,6.0443,6.1905,46759504,0
1997-07-25,6.2271,6.3075,6.1905,6.3003,38865561,0
1997-07-28,6.3003,6.3442,6.2637,6.322,33600967,0
1997-07-29,6.3148,6.4319,6.3075,6.3589,36081347,0
1997-07-30,6.4391,6.5196,6.41,6.4754,39139847,0
1997-07-31,6.4754,6.4754,6.2781,6.3589,28860113,0
1997-08-01,6.3513,6.3662,6.176,6.3442,37197988,0
1997-08-04,6.322,6.461,6.2855,6.3003,26143871,0
1997-08-05,6.3003,6.3148,6.1615,6.2416,18387664,0
1997-08-06,6.1831,6.4536,6.1394,6.417,34874849,0
1997-08-07,6.4319,6.461,6.3075,6.3442,26852632,0
1997-08-08,6.2855,6.3951,6.132,6.2855,38075222,0
1997-08-11,6.3442,6.4754,6.2492,6.4391,29526903,0
1997-08-12,6.4467,6.5632,6.3513,6.41,31995459,0
1997-08-13,6.4831,6.4976,6.3003,6.322,28170263,0
1997-08-14,6.3951,6.5413,6.3662,6.527,36050013,0
1997-08-15,6.4831,6.4976,6.3442,6.3589,29437053,0
1997-08-18,6.3442,6.3662,6.132,6.3295,38571769,0
1997-08-19,6.322,6.3295,6.2344,6.2637,26370867,0
1997-08-20,6.2416,6.4467,6.2416,6.4467,34410812,0
1997-08-21,6.4467,6.4467,6.2344,6.3075,33654760,0
1997-08-22,6.0664,6.2416,6.0664,6.2416,32194080,0
1997-08-25,6.2197,6.417,6.2197,6.3295,37526659,0
1997-08-26,6.2637,6.4467,6.2492,6.3733,30640001,0
1997-08-27,6.3878,6.4467,6.2711,6.3951,24983482,0
1997-08-28,6.3513,6.3662,6.1177,6.2197,38053351,0
1997-08-29,6.1394,6.2197,6.132,6.1541,19358892,0
1997-09-02,6.2051,6.4029,6.1978,6.3878,31130046,0
1997-09-03,6.3733,6.4902,6.3513,6.417,27349774,0
1997-09-04,6.3733,6.3878,6.2416,6.3003,25748405,0
1997-09-05,6.3295,6.3589,6.2051,6.2492,28507207,0
1997-09-08,6.2344,6.2637,6.1978,6.2197,22709411,0
1997-09-09,6.2051,6.3442,6.1978,6.3148,26303475,0
1997-09-10,6.2271,6.3003,6.132,6.1541,35778093,0
1997-09-11,6.1394,6.1394,5.9787,5.9933,39622796,0
1997-09-12,6.0443,6.0811,5.9349,6.059,34368841,0
1997-09-15,5.9714,6.0079,5.825,5.8544,51214840,0
1997-09-16,5.8836,6.0369,5.8836,5.9933,39532945,0
1997-09-17,6.0811,6.103,5.8397,5.869,41458848,0
1997-09-18,5.8324,5.9349,5.7886,5.7886,41770376,0
1997-09-19,5.7886,5.9275,5.7665,5.869,36437204,0
1997-09-22,5.9275,6.0515,5.8983,6.0369,29632129,0
1997-09-23,6.0515,6.0811,5.9566,6.0079,23418768,0
1997-09-24,6.0369,6.0443,5.8032,5.9497,41136675,0
1997-09-25,5.9201,5.9201,5.8324,5.8983,25190969,0
1997-09-26,5.8836,5.9349,5.8324,5.8836,26249091,0
1997-09-29,5.8836,5.9787,5.8324,5.9566,27780116,0
1997-09-30,5.964,6.0151,5.8983,5.9128,23661133,0
1997-10-01,5.9714,6.059,5.964,6.0443,33797222,0
1997-10-02,6.103,6.1394,6.0735,6.0955,27743465,0
1997-10-03,6.2197,6.2416,5.8983,6.1248,27428395,0
1997-10-06,6.1978,6.2126,6.103,6.1615,18609340,0
1997-10-07,6.176,6.1978,6.0227,6.059,24885356,0
1997-10-08,6.059,6.0811,5.8908,5.9201,41836576,0
1997-10-09,5.8836,5.9566,5.8397,5.869,39184775,0
1997-10-10,5.8544,5.9566,5.825,5.9201,38418079,0
1997-10-13,5.9566,5.9566,5.8544,5.8908,22374241,0
1997-10-14,5.9349,5.9349,5.8397,5.8908,25164962,0
1997-10-15,5.869,5.8983,5.8397,5.869,15027097,0
1997-10-16,5.8983,5.9349,5.7596,5.8106,23901124,0
1997-10-17,5.7665,5.8397,5.7228,5.7739,30639410,0
1997-10-20,5.8032,5.8106,5.7228,5.7886,24556099,0
1997-10-21,5.7958,5.9497,5.7665,5.9275,38422219,0
1997-10-22,5.9349,6.0005,5.9201,5.9349,37416116,0
1997-10-23,5.8544,5.869,5.7665,5.8397,31220490,0
1997-10-24,5.8397,5.8836,5.584,5.628,44623749,0
1997-10-27,5.562,5.6935,5.2772,5.2989,52673161,0
1997-10-28,5.2622,5.6714,5.2547,5.628,74588683,0
1997-10-29,5.6935,5.7886,5.5474,5.6204,60239022,0
1997-10-30,5.562,5.6061,5.4962,5.5254,35131399,0
1997-10-31,5.6204,5.8324,5.4962,5.635,52160656,0
1997-11-03,5.7596,5.9128,5.7228,5.9128,48920667,0
1997-11-04,5.8763,5.9787,5.847,5.9787,33116244,0
1997-11-05,5.9787,6.0079,5.8544,5.8983,24834520,0
1997-11-06,5.8836,5.9201,5.8324,5.8836,24025263,0
1997-11-07,5.7665,5.8836,5.7155,5.8763,26454802,0
1997-11-10,5.9566,5.9566,5.8106,5.8397,20447746,0
1997-11-11,5.8763,5.9128,5.8397,5.9128,14772911,0
1997-11-12,5.8324,5.9128,5.7446,5.7446,25787421,0
1997-11-13,5.8397,5.9497,5.8032,5.9497,25324570,0
1997-11-14,5.9714,5.9714,5.8763,5.8908,25601810,0
1997-11-17,5.9714,6.0955,5.9566,6.0735,31617134,0
1997-11-18,6.0443,6.0515,5.9349,5.9787,17516341,0
1997-11-19,5.9714,6.0443,5.9349,6.0151,15528965,0
1997-11-20,6.0369,6.088,5.9349,6.0735,20531691,0
1997-11-21,6.0811,6.1248,6.0151,6.059,27836868,0
1997-11-24,6.0443,6.176,6.0005,6.1615,25193335,0
1997-11-25,6.176,6.2197,6.1248,6.2126,22352957,0
1997-11-26,6.2197,6.2564,6.1615,6.1978,21422525,0
1997-11-28,6.2051,6.2492,6.1831,6.1831,11775294,0
1997-12-01,6.2197,6.3003,6.2051,6.2928,25529688,0
1997-12-02,6.2928,6.3662,6.2564,6.3075,30342665,0
1997-12-03,6.3075,6.4902,6.2855,6.4536,33412991,0
1997-12-04,6.4902,6.527,6.3806,6.4029,26380915,0
1997-12-05,6.3442,6.527,6.3368,6.461,25013628,0
1997-12-08,6.4467,6.4536,6.3295,6.3806,17953778,0
1997-12-09,6.3806,6.3878,6.2855,6.3368,22506061,0
1997-12-10,6.2051,6.4243,6.2051,6.4029,46987087,0
1997-12-11,6.3368,6.4029,6.3075,6.3295,29999215,0
1997-12-12,6.3662,6.5119,6.3662,6.4681,31487090,0
1997-12-15,6.4831,6.4831,6.3662,6.41,27705043,0
1997-12-16,6.417,6.5342,6.41,6.4902,27453222,0
1997-12-17,6.5119,6.5196,6.4029,6.4319,18461557,0
1997-12-18,6.4467,6.4754,6.3951,6.4536,24593932,0
1997-12-19,6.4319,6.4754,6.3662,6.41,42846814,0
1997-12-22,6.4319,6.4536,6.3662,6.4536,26564163,0
1997-12-23,6.4319,6.4831,6.3662,6.3733,17847375,0
1997-12-24,6.3878,6.417,6.3148,6.3589,11049980,0
1997-12-26,6.3513,6.3662,6.2711,6.2928,6044888,0
1997-12-29,6.3368,6.417,6.3148,6.3951,17224323,0
1997-12-30,6.4391,6.4831,6.417,6.4681,25293236,0
1997-12-31,6.4754,6.5196,6.4681,6.4902,18442640,0
1998-01-02,6.5119,6.5632,6.4831,6.5049,24391174,0
1998-01-05,6.556,6.5851,6.5049,6.5851,35656329,0
1998-01-06,6.556,6.5926,6.5049,6.5632,25715895,0
1998-01-07,6.5926,6.7243,6.5196,6.7243,40653725,0
1998-01-08,6.6875,6.7534,6.5632,6.6805,32505012,0
1998-01-09,6.673,6.7972,6.3878,6.4536,43398344,0
1998-01-12,6.3951,6.7021,6.3733,6.6509,38168029,0
1998-01-13,6.7243,6.8704,6.7093,6.8704,40487623,0
1998-01-14,6.7682,6.8044,6.6875,6.7461,31761964,0
1998-01-15,6.6805,6.6875,6.41,6.4536,31418517,0
1998-01-16,6.527,6.6293,6.4831,6.5049,39604474,0
1998-01-20,6.4681,6.4754,6.1541,6.2564,48291118,0
1998-01-21,6.1978,6.3513,6.1978,6.3513,30093207,0
1998-01-22,6.2051,6.2564,5.9714,6.0151,67444300,0
1998-01-23,6.059,6.1394,5.964,6.1248,37618284,0
1998-01-26,6.0955,6.132,5.964,6.0443,26433523,0
1998-01-27,6.0299,6.0735,5.9787,6.0515,27920217,0
1998-01-28,6.059,6.1177,5.8763,5.8763,38584188,0
1998-01-29,5.7011,5.9933,5.6061,5.9714,93430347,0
1998-01-30,6.0005,6.0735,5.8908,5.9566,39141621,0
1998-02-02,6.059,6.1394,6.0443,6.1103,34205104,0
1998-02-03,6.1103,6.176,6.0369,6.176,25926929,0
1998-02-04,6.1177,6.1615,6.0369,6.0811,26106040,0
1998-02-05,6.2781,6.2781,6.1541,6.2492,42827901,0
1998-02-06,6.3075,6.3733,6.2492,6.3589,27624649,0
1998-02-09,6.3513,6.3513,6.2344,6.2781,19180960,0
1998-02-10,6.2781,6.2781,6.176,6.2271,31792701,0
1998-02-11,6.1905,6.2051,6.0369,6.1103,31925708,0
1998-02-12,6.059,6.1541,6.0079,6.1177,29324735,0
1998-02-13,6.1103,6.1177,6.0079,6.0079,26318846,0
1998-02-17,6.088,6.1541,6.059,6.1394,35909917,0
1998-02-18,6.0443,6.132,6.0299,6.0515,31045513,0
1998-02-19,6.0443,6.0515,5.8908,5.9349,45245621,0
1998-02-20,5.9566,6.0079,5.9128,6.0005,29973797,0
1998-02-23,6.0299,6.0443,5.847,5.9275,31479996,0
1998-02-24,5.9128,6.0151,5.8544,5.9128,33897712,0
1998-02-25,5.9128,6.0079,5.8544,5.8836,33084321,0
1998-02-26,5.8983,6.1541,5.8908,6.1177,51183512,0
1998-02-27,6.1541,6.2492,6.1103,6.2416,35851983,0
1998-03-02,6.2416,6.2564,6.1685,6.2271,35967258,0
1998-03-03,6.2711,6.2855,6.1685,6.2855,32335950,0
1998-03-04,6.2711,6.2928,6.1177,6.1905,28358242,0
1998-03-05,6.1103,6.2271,6.088,6.1103,21993556,0
1998-03-06,6.1685,6.4391,6.1685,6.41,30872314,0
1998-03-09,6.3733,6.4319,6.3148,6.3513,25022497,0
1998-03-10,6.3513,6.3733,6.2781,6.3075,23616793,0
1998-03-11,6.3148,6.41,6.2855,6.3951,24093836,0
1998-03-12,6.3513,6.4391,6.2711,6.3003,23989796,0
1998-03-13,6.3806,6.3878,6.2711,6.3003,19635540,0
1998-03-16,6.322,6.3589,6.2051,6.2344,27512335,0
1998-03-17,6.2711,6.3003,6.1248,6.1831,24502897,0
1998-03-18,6.1541,6.1541,6.0735,6.1465,25945843,0
1998-03-19,6.0079,6.0811,5.9275,5.9933,59983651,0
1998-03-20,6.2492,6.2781,6.1685,6.2344,60380892,0
1998-03-23,6.2492,6.2492,6.1248,6.1978,29488483,0
1998-03-24,6.2637,6.3589,6.2197,6.3368,33233875,0
1998-03-25,6.4243,6.4319,6.3003,6.3148,32855553,0
1998-03-26,6.2637,6.3003,6.132,6.1685,54609704,0
1998-03-27,6.3003,6.3148,6.1541,6.1685,40063188,0
1998-03-30,6.2051,6.322,6.1685,6.2271,35073472,0
1998-03-31,6.1905,6.2051,5.9787,6.0369,87077470,0
1998-04-01,6.0151,6.0151,5.73,5.7811,162052756,0
1998-04-02,5.8106,5.8397,5.7376,5.7811,102531365,0
1998-04-03,5.7886,5.8177,5.7446,5.7886,65865981,0
1998-04-06,5.7665,5.7886,5.6862,5.7011,73267509,0
1998-04-07,5.6862,5.7011,5.4083,5.438,119435888,0
1998-04-08,5.562,5.7811,5.54,5.7665,95416527,0
1998-04-09,5.8836,5.9421,5.7446,5.8544,89647113,0
1998-04-13,5.8617,5.8763,5.752,5.7811,47247774,0
1998-04-14,5.8617,5.8617,5.7739,5.825,41128408,0
1998-04-15,5.8032,5.8177,5.7665,5.8106,38964280,0
1998-04-16,5.8106,5.8106,5.7739,5.7811,44187504,0
1998-04-17,5.7811,5.7811,5.6714,5.7665,43305534,0
1998-04-20,5.7811,5.8032,5.752,5.7886,33912495,0
1998-04-21,5.7665,5.7739,5.6714,5.7081,38556994,0
1998-04-22,5.7081,5.7155,5.5035,5.6204,51534645,0
1998-04-23,5.6132,5.752,5.562,5.562,33059487,0
1998-04-24,5.54,5.628,5.5035,5.518,40058464,0
1998-04-27,5.511,5.518,5.3571,5.4598,70571964,0
1998-04-28,5.5035,5.5035,5.3571,5.4305,62524923,0
1998-04-29,5.4451,5.4743,5.3938,5.4232,33501064,0
1998-04-30,5.4598,5.4598,5.3722,5.3722,36073070,0
1998-05-01,5.4083,5.4671,5.3722,5.4451,39162313,0
1998-05-04,5.635,5.7011,5.5766,5.6643,53785665,0
1998-05-05,5.6935,5.7811,5.6862,5.7081,36785378,0
1998-05-06,5.7155,5.7376,5.6643,5.6862,28960014,0
1998-05-07,5.628,5.73,5.511,5.5986,40750677,0
1998-05-08,5.635,5.7081,5.5911,5.5911,38066358,0
1998-05-11,5.635,5.6935,5.5035,5.54,37690988,0
1998-05-12,5.54,5.5474,5.4598,5.4817,33080773,0
1998-05-13,5.4817,5.4889,5.35,5.3866,61410639,0
1998-05-14,5.3571,5.3938,5.2406,5.2477,64316039,0
1998-05-15,5.2547,5.2772,5.0942,5.1016,69993248,0
1998-05-18,5.1307,5.1602,5.0285,5.0942,47907473,0
1998-05-19,5.1307,5.1965,5.1307,5.182,44906905,0
1998-05-20,5.2406,5.2477,5.0869,5.2334,48087180,0
1998-05-21,5.2843,5.4598,5.2695,5.4083,59631932,0
1998-05-22,5.4889,5.4889,5.3571,5.401,26650470,0
1998-05-26,5.4817,5.4817,5.3207,5.35,27671350,0
1998-05-27,5.2916,5.3571,5.2406,5.3354,37377097,0
1998-05-28,5.35,5.438,5.3207,5.4083,31140686,0
1998-05-29,5.4305,5.4817,5.3571,5.4083,37027153,0
1998-06-01,5.4083,5.5035,5.3722,5.4598,31153690,0
1998-06-02,5.4889,5.5474,5.4305,5.438,28015386,0
1998-06-03,5.4451,5.4743,5.2695,5.2989,25302694,0
1998-06-04,5.2989,5.3207,5.2111,5.2477,25929885,0
1998-06-05,5.35,5.6132,5.2772,5.5911,48805399,0
1998-06-08,5.7739,5.847,5.7155,5.73,72411555,0
1998-06-09,5.7811,5.8544,5.752,5.825,42300613,0
1998-06-10,5.7376,5.8106,5.3646,5.5549,73438937,0
1998-06-11,5.54,5.5474,5.3794,5.3794,42595590,0
1998-06-12,5.4158,5.4598,5.3646,5.4598,24419544,0
1998-06-15,5.4158,5.4524,5.3866,5.3938,23383298,0
1998-06-16,5.4524,5.4671,5.35,5.3646,37797983,0
1998-06-17,5.4598,5.635,5.4305,5.6204,47559889,0
1998-06-18,5.7596,5.9349,5.73,5.7886,107242658,0
1998-06-19,5.7886,5.825,5.6572,5.6572,34972382,0
1998-06-22,5.679,5.8544,5.635,5.8032,33759389,0
1998-06-23,5.8397,5.8617,5.7596,5.7958,55583878,0
1998-06-24,5.7155,5.7665,5.7081,5.7228,24423096,0
1998-06-25,5.6862,5.7228,5.6714,5.7155,25988998,0
1998-06-26,5.73,5.8397,5.73,5.7958,31367679,0
1998-06-29,5.8397,5.8617,5.73,5.73,26765146,0
1998-06-30,5.8908,5.8908,5.7446,5.7596,34331009,0
1998-07-01,5.8324,5.9275,5.7886,5.9275,33045895,0
1998-07-02,5.9275,5.964,5.8617,5.869,27477461,0
1998-07-06,5.8617,5.869,5.7958,5.8324,19227066,0
1998-07-07,5.8324,5.8544,5.7665,5.7886,27996471,0
1998-07-08,5.7886,5.8032,5.5695,5.5986,44619610,0
1998-07-09,5.6204,5.7596,5.6061,5.7446,40230478,0
1998-07-10,5.8324,5.869,5.7811,5.8544,45224342,0
1998-07-13,5.8908,5.8908,5.7596,5.8177,19540365,0
1998-07-14,5.7811,5.8908,5.7811,5.8544,22649704,0
1998-07-15,5.8544,5.8763,5.7228,5.7446,22880841,0
1998-07-16,5.7596,5.8032,5.752,5.7886,21061339,0
1998-07-17,5.8032,5.8544,5.7811,5.7811,26852632,0
1998-07-20,5.8397,5.9128,5.8324,5.869,35492581,0
1998-07-21,5.9056,5.9421,5.8617,5.869,34148354,0
1998-07-22,5.869,6.1177,5.8544,6.088,53575221,0
1998-07-23,6.0955,6.2051,6.0811,6.132,54727333,0
1998-07-24,6.1248,6.132,5.9497,6.059,33518210,0
1998-07-27,6.088,6.2051,6.088,6.1905,53641433,0
1998-07-28,6.2416,6.3295,6.2197,6.2637,54974423,0
1998-07-29,6.2928,6.4536,6.2855,6.417,62592896,0
1998-07-30,6.4754,6.4902,6.3951,6.4391,50137808,0
1998-07-31,6.4536,6.4536,6.322,6.41,37594637,0
1998-08-03,6.3003,6.4754,6.3003,6.4536,39632259,0
1998-08-04,6.4902,6.5049,6.1831,6.2197,47125415,0
1998-08-05,6.2271,6.3442,6.1685,6.3295,46589254,0
1998-08-06,6.2855,6.3295,6.1831,6.3295,30227392,0
1998-08-07,6.3295,6.3295,6.2344,6.2928,25765550,0
1998-08-10,6.2564,6.2855,6.1685,6.2637,22983103,0
1998-08-11,6.1177,6.1465,6.0151,6.1177,40323879,0
1998-08-12,6.1541,6.1905,6.132,6.1541,38864381,0
1998-08-13,6.1177,6.1615,6.0443,6.059,36943210,0
1998-08-14,6.059,6.1905,5.9275,6.1831,72510867,0
1998-08-17,6.1615,6.3295,6.088,6.2855,36110901,0
1998-08-18,6.2855,6.3662,6.2564,6.3075,29562964,0
1998-08-19,6.3003,6.3075,6.2051,6.2564,22731281,0
1998-08-20,6.2197,6.3662,6.1978,6.3075,34800366,0
1998-08-21,6.2711,6.417,6.1905,6.4029,36801931,0
1998-08-24,6.3662,6.5049,6.3589,6.4754,33846874,0
1998-08-25,6.5119,6.5413,6.3589,6.4029,38397389,0
1998-08-26,6.3442,6.5486,6.322,6.4681,35876814,0
1998-08-27,6.3662,6.4319,6.3003,6.3295,49116335,0
1998-08-28,6.2197,6.3733,6.1831,6.2637,38919356,0
1998-08-31,6.2928,6.2928,6.0735,6.0811,59232326,0
1998-09-01,6.0955,6.2564,5.9275,6.2051,60551729,0
1998-09-02,6.2855,6.2855,6.1831,6.1978,42428298,0
1998-09-03,6.1615,6.2928,6.088,6.2855,42476182,0
1998-09-04,6.2855,6.3806,6.1103,6.1465,56154907,0
1998-09-08,6.2344,6.3075,6.0811,6.2855,38935317,0
1998-09-09,6.2564,6.3368,6.2051,6.322,28795677,0
1998-09-10,6.2564,6.322,6.1831,6.2928,35754450,0
1998-09-11,6.322,6.3951,6.2051,6.3589,37404292,0
1998-09-14,6.4243,6.5413,6.4243,6.5049,37297892,0
1998-09-15,6.4976,6.6365,6.461,6.6071,31179110,0
1998-09-16,6.6216,6.7461,6.5851,6.7461,57312934,0
1998-09-17,6.5999,6.6582,6.5707,6.5851,40054916,0
1998-09-18,6.6805,6.8337,6.6216,6.8337,60980297,0
1998-09-21,6.7093,7.0896,6.7093,6.9653,67542425,0
1998-09-22,7.0311,7.1114,6.9214,7.0896,47595953,0
1998-09-23,7.0381,7.0457,6.8337,6.987,39084285,0
1998-09-24,6.9362,7.0457,6.8118,6.8555,30297736,0
1998-09-25,6.7314,6.9142,6.7314,6.7899,26165743,0
1998-09-28,6.8555,7.0091,6.8118,6.8192,31158424,0
1998-09-29,6.8923,7.0602,6.7972,6.9505,32947767,0
1998-09-30,6.8483,6.9142,6.7972,6.8337,30986400,0
1998-10-01,6.6509,6.9214,6.6509,6.8704,42641695,0
1998-10-02,6.7972,7.0676,6.7461,6.9653,46779007,0
1998-10-05,6.9505,7.1114,6.8997,7.0238,47804029,0
1998-10-06,7.1481,7.3454,7.1332,7.2648,57970858,0
1998-10-07,7.2429,7.3746,7.1626,7.2209,52082031,0
1998-10-08,6.9653,7.104,6.7534,7.0749,57207123,0
1998-10-09,7.0969,7.1626,6.8923,7.0311,34167267,0
1998-10-12,7.0896,7.1774,7.0749,7.1259,23807729,0
1998-10-13,7.1481,7.2066,7.0676,7.0969,27705634,0
1998-10-14,7.1332,7.2359,7.0896,7.2066,28574593,0
1998-10-15,7.2359,7.3746,7.1992,7.2137,45312423,0
1998-10-16,7.2503,7.2503,7.0091,7.0969,40840523,0
1998-10-19,7.1332,7.2798,7.0676,7.0749,27718639,0
1998-10-20,7.1332,7.3746,7.0969,7.2503,38357783,0
1998-10-21,7.2868,7.4548,7.2503,7.3816,58121594,0
1998-10-22,7.4112,7.4402,7.3599,7.4112,24585653,0
1998-10-23,7.3816,7.4477,7.3526,7.3892,24795503,0
1998-10-26,7.4477,7.4477,7.3526,7.4256,22595322,0
1998-10-27,7.4625,7.5575,7.4548,7.4987,31709944,0
1998-10-28,7.5206,7.6964,7.4987,7.6233,28722966,0
1998-10-29,7.6596,7.6964,7.5792,7.6596,22279070,0
1998-10-30,7.6671,7.7036,7.5501,7.5575,27615187,0
1998-11-02,7.6375,7.7254,7.5575,7.689,29590152,0
1998-11-03,7.6964,7.8351,7.689,7.8351,32222454,0
1998-11-04,7.8496,8.0177,7.8424,7.93,40531365,0
1998-11-05,7.7912,7.9666,7.7764,7.9152,31931620,0
1998-11-06,7.8496,7.8642,7.6303,7.8351,29794095,0
1998-11-09,7.7984,7.8424,7.7036,7.8424,23891079,0
1998-11-10,7.7984,8.0396,7.7254,7.9812,42028699,0
1998-11-11,8.047,8.047,7.8351,7.974,53561627,0
1998-11-12,7.974,7.9884,7.8714,7.9666,35898091,0
1998-11-13,7.9812,8.0544,7.9519,7.9884,36171789,0
1998-11-16,8.0544,8.1202,7.7764,7.879,57901696,0
1998-11-17,7.879,8.0763,7.8714,8.0177,38881527,0
1998-11-18,7.9884,8.0836,7.9884,8.0836,27988195,0
1998-11-19,8.1128,8.2151,8.1128,8.1858,44517942,0
1998-11-20,8.1786,8.2809,8.0836,8.2442,49984107,0
1998-11-23,8.303,8.61,8.2587,8.61,55462102,0
1998-11-24,8.573,8.7555,8.5589,8.5947,49195548,0
1998-11-25,8.5811,8.7931,8.566,8.5947,45775866,0
1998-11-27,8.6757,8.6828,8.5811,8.5947,13298043,0
1998-11-30,8.5947,8.6531,8.2442,8.2666,37750097,0
1998-12-01,8.2587,8.4776,8.0544,8.4265,52212082,0
1998-12-02,8.3903,8.4636,8.3613,8.3903,22278476,0
1998-12-03,8.3176,8.3975,8.1567,8.1858,22936996,0
1998-12-04,8.3245,8.3245,8.1276,8.2151,26996869,0
1998-12-07,8.2516,8.2666,8.1056,8.1495,16944128,0
1998-12-08,8.1419,8.2227,7.93,8.0544,26355494,0
1998-12-09,8.047,8.047,7.9008,8.047,31297926,0
1998-12-10,8.047,8.047,7.689,7.7328,61596846,0
1998-12-11,7.7546,7.9008,7.6596,7.879,45927201,0
1998-12-14,7.8424,7.9592,7.6524,7.7108,40676784,0
1998-12-15,7.7984,8.0324,7.7692,7.9812,39029311,0
1998-12-16,8.047,8.069,7.879,7.9666,31050841,0
1998-12-17,7.9592,8.0029,7.8203,7.9008,33762347,0
1998-12-18,7.9008,7.9078,7.7328,7.7546,48755155,0
1998-12-21,7.8278,7.9373,7.7984,7.7984,25647325,0
1998-12-22,7.8351,8.0396,7.8203,7.9592,28408488,0
1998-12-23,8.1056,8.2076,8.047,8.1495,31944618,0
1998-12-24,8.1786,8.3176,8.1495,8.1933,9696292,0
1998-12-28,8.1933,8.2076,8.0029,8.047,21669615,0
1998-12-29,7.9812,8.1712,7.8424,8.0763,23262119,0
1998-12-30,8.0836,8.1419,8.0614,8.1276,18067863,0
1998-12-31,8.1346,8.1495,7.9373,7.974,20588437,0
1999-01-04,8.0029,8.0396,7.7546,7.8351,42610956,0
1999-01-05,7.8571,7.9008,7.7912,7.8058,40377081,0
1999-01-06,7.9592,8.0029,7.9008,7.9228,46372907,0
1999-01-07,7.8351,8.0104,7.8203,7.9812,33590919,0
1999-01-08,8.047,8.2151,8.0324,8.1419,42290565,0
1999-01-11,8.1346,8.2809,8.1056,8.237,34529036,0
1999-01-12,8.2736,8.2736,8.047,8.098,27290074,0
1999-01-13,7.8278,8.1786,7.8203,8.0763,38797587,0
1999-01-14,8.0763,8.0763,7.8203,7.9008,45040498,0
1999-01-15,7.8278,7.8642,7.6742,7.7912,40345159,0
1999-01-19,7.8203,7.8203,7.5278,7.572,43270063,0
1999-01-20,7.1555,7.294,7.0238,7.2209,149465257,0
1999-01-21,7.1774,7.2285,6.8555,6.8849,82251493,0
1999-01-22,6.8923,7.1774,6.8555,6.9142,58124552,0
1999-01-25,6.9725,7.0969,6.8849,6.9944,33196635,0
1999-01-26,6.9944,7.2209,6.8631,7.192,43699818,0
1999-01-27,7.2359,7.2868,6.8849,6.9214,41663967,0
1999-01-28,6.9142,7.2798,6.9142,7.2577,48179984,0
1999-01-29,7.2359,7.2503,6.987,6.987,47831218,0
1999-02-01,7.0238,7.0822,6.7826,6.8555,41179833,0
1999-02-02,6.8555,6.9142,6.7243,6.8923,39237976,0
1999-02-03,6.8631,6.9944,6.8631,6.9801,37603498,0
1999-02-04,6.9287,7.0602,6.9142,6.9505,34474066,0
1999-02-05,7.0238,7.0822,6.7899,6.8774,35072876,0
1999-02-08,6.8849,6.9068,6.7534,6.8192,29946016,0
1999-02-09,6.8265,6.8265,6.6582,6.7607,33807862,0
1999-02-10,6.556,6.578,6.1103,6.176,150133230,0
1999-02-11,5.964,6.2271,5.9349,6.0151,135389865,0
1999-02-12,6.0151,6.0811,5.9566,6.0299,76890541,0
1999-02-16,6.0811,6.1103,5.8617,5.9056,76174092,0
1999-02-17,5.8763,5.9056,5.6862,5.7596,64836236,0
1999-02-18,5.8106,5.8983,5.7886,5.8324,49430230,0
1999-02-19,5.869,6.0299,5.8617,5.9566,49674360,0
1999-02-22,6.0079,6.1103,5.9714,6.0955,34833472,0
1999-02-23,6.0443,6.132,6.0005,6.1103,34993668,0
1999-02-24,6.1103,6.2126,5.9421,6.0443,38676404,0
1999-02-25,5.9714,6.0005,5.869,5.9714,32940677,0
1999-02-26,6.0811,6.0811,5.8324,5.8324,32274473,0
1999-03-01,5.8908,5.9128,5.7958,5.7958,33986975,0
1999-03-02,5.8908,5.8983,5.7739,5.825,30083747,0
1999-03-03,5.8397,5.8763,5.7739,5.8617,22773254,0
1999-03-04,5.8983,6.0151,5.8544,5.9566,35883908,0
1999-03-05,6.0079,6.059,5.8544,5.964,29113702,0
1999-03-08,5.9933,6.0299,5.8397,5.869,34690417,0
1999-03-09,6.0005,6.1615,5.9349,5.9566,64124515,0
1999-03-10,6.0369,6.0369,5.9056,6.0079,46426695,0
1999-03-11,6.0299,6.0664,5.9933,6.0079,46267095,0
1999-03-12,6.0443,6.0443,5.8617,5.9275,52430206,0
1999-03-15,5.869,5.9128,5.7811,5.8177,55424272,0
1999-03-16,5.8324,5.9275,5.7811,5.8032,58162975,0
1999-03-17,5.8397,5.869,5.752,5.7665,97462438,0
1999-03-18,5.8032,6.3295,5.7811,6.3295,86532446,0
1999-03-19,6.322,6.3878,6.132,6.1615,71922692,0
1999-03-22,6.176,6.3368,6.1615,6.3003,35377309,0
1999-03-23,6.2928,6.3148,6.103,6.103,49321456,0
1999-03-24,6.1394,6.2344,6.1248,6.1615,28686908,0
1999-03-25,6.1615,6.1978,6.0443,6.103,39034627,0
1999-03-26,6.059,6.088,5.9933,6.0369,27228004,0
1999-03-29,6.059,6.2197,6.0443,6.2051,45837931,0
1999-03-30,6.1394,6.1541,5.6496,5.6862,77569155,0
1999-03-31,5.1602,5.438,5.1234,5.3062,275541883,0
1999-04-01,5.4083,5.4158,5.1527,5.2111,93779698,0
1999-04-05,5.2477,5.3282,5.2406,5.2916,56412641,0
1999-04-06,5.3722,5.3722,5.1602,5.2406,68735912,0
1999-04-07,5.2772,5.2772,5.0506,5.0577,88895198,0
1999-04-08,5.0797,5.1965,5.0797,5.1744,66616127,0
1999-04-09,5.1602,5.3428,5.1307,5.2622,84525570,0
1999-04-12,5.3062,5.4232,5.2772,5.4232,54865662,0
1999-04-13,5.4451,5.4524,5.2477,5.3136,47075752,0
1999-04-14,5.3938,5.3938,5.2183,5.2183,42904158,0
1999-04-15,5.2622,5.3282,5.2406,5.2622,37268925,0
1999-04-16,5.35,5.35,5.2111,5.2406,33320769,0
1999-04-19,5.2183,5.3136,4.9845,4.9917,64194855,0
1999-04-20,5.1163,5.2256,5.0649,5.1602,41854315,0
1999-04-21,5.2183,5.2183,5.0649,5.1234,44158533,0
1999-04-22,5.1455,5.2406,5.0649,5.1965,44550455,0
1999-04-23,5.2256,5.3938,5.2111,5.2916,54526347,0
1999-04-26,5.3571,5.3866,5.1602,5.182,45511631,0
1999-04-27,5.2111,5.2843,5.1965,5.2406,28925721,0
1999-04-28,5.3136,5.3428,5.2111,5.2111,27134009,0
1999-04-29,5.2622,5.3207,5.2183,5.3062,36024007,0
1999-04-30,5.35,5.4524,5.2772,5.2843,55929688,0
1999-05-03,5.3207,5.4889,5.3136,5.4671,42725046,0
1999-05-04,5.6204,5.752,5.54,5.6714,60793503,0
1999-05-05,5.73,5.7376,5.54,5.6714,38047443,0
1999-05-06,5.6496,5.6496,5.5035,5.511,35374354,0
1999-05-07,5.518,5.6643,5.511,5.5766,28704645,0
1999-05-10,5.584,5.8032,5.4671,5.73,57595498,0
1999-05-11,5.7958,5.7958,5.679,5.7376,38834234,0
1999-05-12,5.73,5.8106,5.5474,5.7665,36186565,0
1999-05-13,5.8617,5.9933,5.8324,5.9349,43857645,0
1999-05-14,5.8763,5.9056,5.7811,5.8763,33389343,0
1999-05-17,5.8763,5.9566,5.847,5.9349,30741674,0
1999-05-18,5.9275,5.9349,5.7958,5.9056,39404675,0
1999-05-19,5.9128,6.1685,5.8908,6.1394,57769287,0
1999-05-20,6.1615,6.1685,6.0443,6.059,38140840,0
1999-05-21,6.0664,6.0955,5.9714,6.0079,30525320,0
1999-05-24,6.059,6.059,5.9349,5.9787,86500528,0
1999-05-25,5.9933,6.059,5.9566,5.9714,40406047,0
1999-05-26,6.0443,6.0443,5.9421,5.9566,36360360,0
1999-05-27,5.8983,5.9421,5.8106,5.8397,29229567,0
1999-05-28,5.8106,5.9128,5.8032,5.8106,21597499,0
1999-06-01,5.8106,5.9714,5.8032,5.964,27213225,0
1999-06-02,6.0005,6.059,5.8397,5.8763,25579933,0
1999-06-03,5.9566,5.9787,5.9128,5.964,20583122,0
1999-06-04,5.9787,6.0005,5.9128,5.9714,26347221,0
1999-06-07,6.0299,6.0735,5.9714,6.0369,30796059,0
1999-06-08,6.0227,6.0227,5.869,5.8908,29596657,0
1999-06-09,6.0079,6.1685,6.0079,6.1615,42688398,0
1999-06-10,6.1615,6.4029,6.132,6.3662,64168258,0
1999-06-11,6.3806,6.5049,6.2855,6.4029,39278762,0
1999-06-14,6.417,6.4243,6.3589,6.3951,29357248,0
1999-06-15,6.3951,6.5486,6.3878,6.5119,37109313,0
1999-06-16,6.4902,6.5049,6.2711,6.461,70715604,0
1999-06-17,6.3951,6.4319,6.2928,6.322,28545629,0
1999-06-18,6.3589,6.461,6.322,6.4319,44021390,0
1999-06-21,6.4536,6.4754,6.3513,6.3806,49583328,0
1999-06-22,6.2416,6.3075,6.2126,6.2855,35546372,0
1999-06-23,6.2855,6.527,6.2564,6.4467,51973264,0
1999-06-24,6.4467,6.4467,6.1685,6.1685,37505968,0
1999-06-25,6.2271,6.3513,6.2271,6.2711,49233966,0
1999-06-28,6.3368,6.4831,6.2416,6.2416,40278359,0
1999-06-29,6.1394,6.1615,6.0227,6.1103,59656763,0
1999-06-30,6.0735,6.1615,6.0151,6.1177,67081936,0
1999-07-01,6.0735,6.1978,6.0664,6.0955,42810760,0
1999-07-02,6.0735,6.2711,6.0735,6.2416,55161223,0
1999-07-06,6.132,6.2271,6.1177,6.1685,41800521,0
1999-07-07,6.1685,6.2637,5.7665,5.7665,28662677,0
1999-07-08,5.7886,5.9714,5.7665,5.825,119544642,0
1999-07-09,5.7958,6.0005,5.7958,5.8983,61963939,0
1999-07-12,5.9201,5.9714,5.8908,5.9128,31989545,0
1999-07-13,5.8908,5.9566,5.8836,5.8983,33858106,0
1999-07-14,5.9275,5.9787,5.8324,5.9421,35927061,0
1999-07-15,5.8836,5.9497,5.8836,5.9128,32490233,0
1999-07-16,5.8617,5.9128,5.8177,5.825,35854352,0
1999-07-19,5.8177,5.825,5.6935,5.7011,43021202,0
1999-07-20,5.7011,5.8032,5.6572,5.6862,27928492,0
1999-07-21,5.6572,5.7958,5.6572,5.7665,31980093,0
1999-07-22,5.7665,5.8544,5.752,5.825,24838067,0
1999-07-23,5.8617,5.8763,5.7958,5.8032,21429027,0
1999-07-26,5.7596,5.8617,5.7596,5.847,18663131,0
1999-07-27,5.8544,5.8908,5.8177,5.825,19855439,0
1999-07-28,5.825,5.8763,5.7011,5.73,24813832,0
1999-07-29,5.6862,5.7081,5.628,5.6572,29950151,0
1999-07-30,5.6714,5.7011,5.6132,5.6714,24982303,0
1999-08-02,5.6424,5.7228,5.6424,5.6862,18585104,0
1999-08-03,5.6862,5.7228,5.6061,5.6132,30511723,0
1999-08-04,5.584,5.635,5.533,5.54,22580546,0
1999-08-05,5.5474,5.5695,5.4743,5.4817,30972811,0
1999-08-06,5.4817,5.4817,5.4083,5.4232,23827235,0
1999-08-09,5.4524,5.584,5.4232,5.5766,23487932,0
1999-08-10,5.562,5.5766,5.4232,5.4671,24439646,0
1999-08-11,5.4817,5.511,5.4451,5.4817,26392145,0
1999-08-12,5.4451,5.4671,5.3866,5.3938,19894452,0
1999-08-13,5.4083,5.4524,5.3722,5.3866,22316904,0
1999-08-16,5.4232,5.5035,5.4083,5.5035,19669824,0
1999-08-17,5.54,5.628,5.511,5.628,25118852,0
1999-08-18,5.635,5.6643,5.5986,5.628,21301344,0
1999-08-19,5.5986,5.6132,5.5474,5.6132,29289860,0
1999-08-20,5.628,5.7228,5.5766,5.7081,23792355,0
1999-08-23,5.6862,5.7596,5.6572,5.7228,21105675,0
1999-08-24,5.7081,5.7596,5.6714,5.7081,19901545,0
1999-08-25,5.752,5.9566,5.7376,5.9566,39317777,0
1999-08-26,5.9421,5.9421,5.7811,5.847,28555676,0
1999-08-27,5.8032,5.8763,5.7081,5.7228,21975229,0
1999-08-30,5.7596,5.825,5.752,5.752,22658576,0
1999-08-31,5.7811,5.8763,5.7011,5.7011,33216735,0
1999-09-01,5.7376,5.752,5.635,5.73,25205749,0
1999-09-02,5.635,5.6714,5.5986,5.6132,18664314,0
1999-09-03,5.6572,5.9787,5.6061,5.9787,40150678,0
1999-09-07,5.9566,6.0005,5.635,5.6714,44163852,0
1999-09-08,5.6572,5.847,5.6572,5.8324,35212976,0
1999-09-09,5.7228,5.8983,5.7228,5.8908,28087507,0
1999-09-10,5.8908,5.8983,5.7228,5.7886,28100513,0
1999-09-13,5.7958,5.8836,5.7446,5.8836,33074272,0
1999-09-14,5.8397,5.8544,5.628,5.6572,38024387,0
1999-09-15,5.73,5.7376,5.6424,5.6424,27820314,0
1999-09-16,5.679,5.73,5.533,5.6204,35426969,0
1999-09-17,5.6132,5.679,5.533,5.54,42184753,0
1999-09-20,5.5911,5.6496,5.584,5.6204,33654760,0
1999-09-21,5.511,5.5549,5.4451,5.4962,41826529,0
1999-09-22,5.3571,5.4158,5.2183,5.3207,65549134,0
1999-09-23,5.4158,5.4962,5.3136,5.3207,69319949,0
1999-09-24,5.3282,5.3722,5.2547,5.2916,40794419,0
1999-09-27,5.3207,5.401,5.2843,5.3722,48835549,0
1999-09-28,5.2477,5.2989,5.2183,5.2547,39397581,0
1999-09-29,5.2622,5.4305,5.2622,5.3136,36412970,0
1999-09-30,5.3282,5.401,5.2622,5.2772,51774642,0
1999-10-01,5.2547,5.2843,5.2334,5.2477,61071334,0
1999-10-04,5.3282,5.4743,5.2772,5.3428,40268906,0
1999-10-05,5.4158,5.4158,5.2477,5.2916,36375728,0
1999-10-06,5.3207,5.3722,5.2916,5.35,33068950,0
1999-10-07,5.3282,5.3794,5.2989,5.3282,41475987,0
1999-10-08,5.3207,5.3866,5.2843,5.2989,44682867,0
1999-10-11,5.2989,5.2989,5.2477,5.2477,31591717,0
1999-10-12,5.2477,5.3428,5.1744,5.2477,31877235,0
1999-10-13,5.2916,5.3136,5.0211,5.0797,59678034,0
1999-10-14,5.1307,5.1673,4.9261,4.948,48223732,0
1999-10-15,4.8604,4.8968,4.6633,4.7141,64152892,0
1999-10-18,4.7801,4.8239,4.6633,4.7069,48761659,0
1999-10-19,4.7141,4.8016,4.6557,4.7432,45224932,0
1999-10-20,4.8093,4.8093,4.0859,4.1662,176602212,0
1999-10-21,4.1297,4.1297,3.2744,3.647,395288717,0
1999-10-22,3.7783,3.9029,3.7057,3.8151,165688789,0
1999-10-25,3.8737,3.954,3.8297,3.9322,113788229,0
1999-10-26,3.9835,3.9978,3.9395,3.9395,82159872,0
1999-10-27,3.9685,3.9835,3.8374,3.9685,70480927,0
1999-10-28,4.0199,4.0564,3.9835,4.0418,62094575,0
1999-10-29,4.0271,4.115,3.859,4.0708,71394223,0
1999-11-01,3.8374,3.859,3.6323,3.6545,88697753,0
1999-11-02,3.7057,3.7424,3.6615,3.7057,80797908,0
1999-11-03,3.7714,4.283,3.6323,4.1662,128663405,0
1999-11-04,4.2026,4.2246,3.9978,4.0199,72301016,0
1999-11-05,4.0999,4.1441,3.8883,3.9246,56861311,0
1999-11-08,3.9322,4.0124,3.8959,3.9612,41718944,0
1999-11-09,3.9685,3.9685,3.859,3.9175,42540026,0
1999-11-10,3.8883,3.9029,3.7566,3.8004,50014259,0
1999-11-11,3.8151,3.9029,3.8004,3.8959,49461557,0
1999-11-12,3.9246,3.9322,3.8374,3.8737,37786160,0
1999-11-15,3.8883,3.9322,3.8737,3.9175,31632503,0
1999-11-17,4.0271,4.0708,3.9835,3.9907,46626496,0
1999-11-18,3.9978,4.0418,3.9907,4.0124,52177794,0
1999-11-19,3.9978,4.0199,3.9322,3.954,47415661,0
1999-11-22,3.9685,4.3124,3.9612,4.2394,80317320,0
1999-11-23,4.2901,4.2977,3.9685,3.9835,65054953,0
1999-11-24,4.0489,4.1806,4.0271,4.115,34703420,0
1999-11-26,4.0784,4.115,4.0418,4.0564,19818199,0
1999-11-29,4.0199,4.0489,3.9322,4.0124,45155769,0
1999-11-30,3.9395,4.1735,3.9395,4.0489,51438290,0
1999-12-01,4.0418,4.2246,4.0271,4.1441,59140109,0
1999-12-02,4.1587,4.1587,4.0708,4.115,47037336,0
1999-12-03,4.1075,4.1441,4.0271,4.0708,43452133,0
1999-12-06,4.0489,4.0708,4.0124,4.0199,34649629,0
1999-12-07,4.0708,4.1075,3.9907,4.0124,49688546,0
1999-12-08,3.9978,4.0124,3.8446,3.8662,55129302,0
1999-12-09,3.8079,3.859,3.6615,3.8079,90290845,0
1999-12-10,3.7783,3.9685,3.7275,3.9612,112163809,0
1999-12-13,3.9322,3.9612,3.8225,3.8737,140412688,0
1999-12-14,3.7783,3.8517,3.7202,3.7643,192052547,0
1999-12-15,3.7643,3.8517,3.7057,3.7057,77952800,0
1999-12-16,3.7348,3.7348,3.6615,3.6615,65767261,0
1999-12-17,3.6178,3.6545,3.574,3.574,105133511,0
1999-12-20,3.6033,3.6764,3.596,3.6323,71017672,0
1999-12-21,3.6033,3.6323,3.5447,3.6178,56511957,0
1999-12-22,3.6178,3.6323,3.5594,3.6033,55900726,0
1999-12-23,3.6251,3.7202,3.6178,3.6834,43961687,0
1999-12-27,3.6911,3.7131,3.3769,3.3769,65174360,0
1999-12-28,3.4863,3.6033,3.4498,3.4791,85476691,0
1999-12-29,3.5083,3.7057,3.5083,3.6615,61963939,0
1999-12-30,3.7057,3.7783,3.6764,3.7202,57631548,0
1999-12-31,3.7057,3.7131,3.6178,3.6178,32347772,0
2000-01-03,3.6984,3.7643,3.647,3.6764,43664354,0
2000-01-04,3.6615,3.8151,3.6615,3.7131,62294381,0
2000-01-05,3.7424,3.786,3.6764,3.6911,69146159,0
2000-01-06,3.6911,3.7202,3.6178,3.6251,42282294,0
2000-01-07,3.6615,3.7424,3.6398,3.7202,47125415,0
2000-01-10,3.7348,3.786,3.7348,3.7714,45583746,0
2000-01-11,3.7935,3.8662,3.786,3.7935,44047403,0
2000-01-12,3.8151,3.859,3.7714,3.8151,56803969,0
2000-01-13,3.8517,3.859,3.8151,3.8517,37027743,0
2000-01-14,3.859,3.8662,3.7348,3.8151,46186696,0
2000-01-18,3.786,3.8079,3.6178,3.6178,47282064,0
2000-01-19,3.6398,3.6911,3.6178,3.6764,51612083,0
2000-01-20,3.6764,3.6764,3.4645,3.552,58981102,0
2000-01-21,3.4863,3.5447,3.4278,3.4569,82617998,0
2000-01-24,3.574,3.6178,3.4351,3.4569,90704047,0
2000-01-25,3.4569,3.596,3.362,3.4498,65300861,0
2000-01-26,3.4133,3.4278,3.2744,3.3108,112132484,0
2000-01-27,3.384,3.4351,3.267,3.2963,87101118,0
2000-01-28,3.3181,3.3547,3.2597,3.2597,71061410,0
2000-01-31,3.2889,3.3181,3.2744,3.2744,68540836,0
2000-02-01,3.3181,3.3181,3.2597,3.2963,78630821,0
2000-02-02,3.2889,3.3181,3.2377,3.2451,82363214,0
2000-02-03,3.2889,3.3693,3.2744,3.2963,118333428,0
2000-02-04,3.3181,3.3181,3.201,3.2451,98573757,0
2000-02-07,3.2744,3.2889,3.201,3.2377,75383165,0
2000-02-08,3.179,3.1939,3.0039,3.0697,157556631,0
2000-02-09,3.055,3.143,3.055,3.0843,108615265,0
2000-02-10,3.143,3.1939,3.1209,3.1209,90166125,0
2000-02-11,3.128,3.1648,2.9892,2.9892,90829960,0
2000-02-14,3.0332,3.055,2.953,2.9821,124868356,0
2000-02-15,2.9892,3.0039,2.938,3.0039,89958041,0
2000-02-16,2.9892,3.0258,2.9602,2.9821,81575240,0
2000-02-17,3.1209,3.143,3.0332,3.0697,94937119,0
2000-02-18,3.0697,3.1209,3.0479,3.0843,65742437,0
2000-02-22,3.128,3.3329,3.1209,3.2744,100543986,0
2000-02-23,3.3403,3.406,3.1722,3.1939,87469385,0
2000-02-24,3.223,3.2377,3.106,3.15,71513036,0
2000-02-25,3.1648,3.1722,3.0843,3.0843,67864590,0
2000-02-28,3.1209,3.1939,3.1209,3.15,64342046,0
2000-02-29,3.15,3.2159,3.15,3.1722,79949038,0
2000-03-01,3.1722,3.384,3.0843,3.2159,128317011,0
2000-03-02,3.2159,3.267,3.143,3.1648,66000760,0
2000-03-03,3.143,3.2451,3.106,3.1939,78967769,0
2000-03-06,3.2597,3.2744,3.0769,3.1209,77125221,0
2000-03-07,3.1209,3.143,3.0697,3.0769,70994025,0
2000-03-08,3.0843,3.106,3.0112,3.0258,69812950,0
2000-03-09,3.0258,3.0697,3.0039,3.0697,51659971,0
2000-03-10,3.0479,3.055,2.9892,2.9892,64126292,0
2000-03-13,3.0258,3.143,3.0039,3.1209,64515839,0
2000-03-14,3.1209,3.1209,3.0258,3.055,70838557,0
2000-03-15,3.0332,3.201,3.0258,3.1648,77268272,0
2000-03-16,3.2451,3.2963,3.2377,3.2597,78342349,0
2000-03-17,3.2744,3.2744,3.143,3.2597,95883529,0
2000-03-20,3.201,3.2597,3.1939,3.2159,82988634,0
2000-03-21,3.143,3.5668,3.055,3.267,203884597,0
2000-03-22,3.267,3.3108,3.106,3.128,95042341,0
2000-03-23,3.143,3.1722,3.106,3.143,81811103,0
2000-03-24,3.15,3.201,3.143,3.1939,60936553,0
2000-03-27,3.1939,3.201,3.143,3.1648,52755919,0
2000-03-28,3.143,3.179,3.106,3.15,73615684,0
2000-03-29,3.15,3.1648,3.0769,3.0769,69087043,0
2000-03-30,3.223,3.4645,3.179,3.4569,162328219,0
2000-03-31,3.5302,3.552,3.3403,3.3403,90052622,0
2000-04-03,3.5006,3.6984,3.4569,3.6691,100138471,0
2000-04-04,3.6984,3.8297,3.4133,3.574,104156968,0
2000-04-05,3.552,3.6398,3.5447,3.6033,59218734,0
2000-04-06,3.6691,3.7935,3.6251,3.6911,96787951,0
2000-04-07,3.7424,3.8079,3.5302,3.6251,144945475,0
2000-04-10,3.5447,3.5813,3.384,3.5447,86412445,0
2000-04-11,3.5006,3.5302,3.4569,3.5006,44836557,0
2000-04-12,3.5229,3.647,3.4863,3.5229,53404976,0
2000-04-13,3.5447,3.6398,3.5083,3.596,44475379,0
2000-04-14,3.5229,3.6398,3.3693,3.406,73148103,0
2000-04-17,3.384,3.4351,3.2744,3.4278,72141408,0
2000-04-18,3.4133,3.4498,3.2889,3.3329,48905890,0
2000-04-19,3.406,3.4498,3.3108,3.3547,40497670,0
2000-04-20,3.3547,3.4645,3.3547,3.4498,37864192,0
2000-04-24,3.4278,3.5447,3.406,3.4645,59941089,0
2000-04-25,3.4133,3.596,3.391,3.5447,91009668,0
2000-04-26,3.5447,3.6178,3.5083,3.596,57258545,0
2000-04-27,3.552,3.596,3.5229,3.5447,74782571,0
2000-04-28,3.5447,3.552,3.4133,3.5229,67524690,0
2000-05-01,3.5447,3.8079,3.5447,3.7935,77207977,0
2000-05-02,3.7935,3.954,3.786,3.8374,86487528,0
2000-05-03,3.859,3.954,3.7424,3.7424,73408197,0
2000-05-04,3.786,3.8297,3.7202,3.7566,38438770,0
2000-05-05,3.7566,3.8517,3.6984,3.786,48472591,0
2000-05-08,3.8151,3.9101,3.7935,3.8883,70193046,0
2000-05-09,3.9101,3.9246,3.786,3.8079,39899449,0
2000-05-10,3.8151,3.9029,3.8079,3.8297,62039009,0
2000-05-11,3.8662,3.8662,3.6691,3.786,84096996,0
2000-05-12,3.6984,3.9469,3.6984,3.9101,57587810,0
2000-05-15,4.0564,4.4073,4.0564,4.4073,162794031,0
2000-05-16,4.378,4.495,4.3124,4.4216,114336807,0
2000-05-17,4.3633,4.5389,4.3633,4.3853,97011398,0
2000-05-18,4.3488,4.4436,4.2315,4.2394,61447880,0
2000-05-19,4.1879,4.4801,4.1879,4.429,69920538,0
2000-05-22,4.451,4.451,4.3488,4.4073,58028785,0
2000-05-23,4.3633,4.4584,4.3633,4.3853,51710210,0
2000-05-24,4.3853,4.6119,4.3853,4.597,83129314,0
2000-05-25,4.6338,4.6338,4.473,4.5024,59576368,0
2000-05-26,4.4801,4.5024,4.4073,4.4216,27305439,0
2000-05-30,4.3999,4.4216,4.2536,4.2611,40557969,0
2000-05-31,4.2611,4.3124,4.1879,4.2101,47786883,0
2000-06-01,4.2101,4.3124,4.1879,4.2611,36650010,0
2000-06-02,4.2611,4.2683,4.0052,4.0708,73759326,0
2000-06-05,4.0418,4.1587,4.0418,4.0999,34211010,0
2000-06-06,4.0999,4.1587,4.0489,4.1587,36240946,0
2000-06-07,4.1587,4.3342,4.1587,4.305,38717190,0
2000-06-08,4.2536,4.3633,4.1662,4.3488,37477000,0
2000-06-09,4.3342,4.4216,4.2901,4.3488,26868005,0
2000-06-12,4.3562,4.495,4.2901,4.473,36172970,0
2000-06-13,4.3633,4.4801,4.3633,4.4073,38882704,0
2000-06-14,4.3853,4.4436,4.3633,4.4216,25533238,0
2000-06-15,4.3633,4.451,4.3633,4.4436,44373114,0
2000-06-16,4.3999,4.4436,4.1735,4.1735,96070321,0
2000-06-19,4.2611,4.2901,4.195,4.2315,52855229,0
2000-06-20,4.2683,4.2683,4.0999,4.115,32444125,0
2000-06-21,4.1369,4.1587,3.9761,4.0999,50640857,0
2000-06-22,4.0564,4.0999,3.8079,3.9246,74734695,0
2000-06-23,3.9101,3.9246,3.7714,3.8374,57328895,0
2000-06-26,4.2611,4.5024,4.1879,4.451,120916662,0
2000-06-27,4.429,4.6119,4.3267,4.5024,93575756,0
2000-06-28,4.517,4.5238,4.195,4.2683,57510368,0
2000-06-29,4.2536,4.4436,4.2536,4.429,59516664,0
2000-06-30,4.429,4.429,4.2536,4.3562,73634012,0
2000-07-03,4.3999,4.495,4.3853,4.451,25883779,0
2000-07-05,4.495,4.597,4.473,4.5681,47932304,0
2000-07-06,4.5389,4.6338,4.5238,4.5533,39196599,0
2000-07-07,4.5752,4.5752,4.3633,4.3999,36092579,0
2000-07-10,4.429,4.429,4.3562,4.429,35707159,0
2000-07-11,4.429,4.429,4.2173,4.2536,42250962,0
2000-07-12,4.2536,4.3342,4.093,4.1369,52391189,0
2000-07-13,4.1221,4.1441,4.0418,4.0784,46981173,0
2000-07-14,3.9761,4.2394,3.7714,4.0199,107644632,0
2000-07-17,4.0052,4.0271,3.8079,3.8662,87034906,0
2000-07-18,3.859,4.0418,3.8517,3.9469,55058367,0
2000-07-19,4.1369,4.2315,4.0199,4.0999,56766731,0
2000-07-20,4.1369,4.195,4.093,4.1735,35302830,0
2000-07-21,4.1369,4.1735,4.115,4.1369,34143028,0
2000-07-24,4.1587,4.1587,4.0564,4.0708,23549998,0
2000-07-25,4.0999,4.2683,4.093,4.2611,32983240,0
2000-07-26,4.115,4.283,4.115,4.1221,44449367,0
2000-07-27,4.1441,4.2173,4.1441,4.195,22993745,0
2000-07-28,4.1662,4.2101,4.1221,4.2101,33303038,0
2000-07-31,4.1879,4.2536,4.1221,4.1369,35343025,0
2000-08-01,4.1369,4.2173,4.1369,4.2173,26871551,0
2000-08-02,4.1879,4.2683,4.1662,4.2536,34170815,0
2000-08-03,4.2101,4.3488,4.1879,4.3342,40270089,0
2000-08-04,4.3124,4.3999,4.2173,4.3633,29685330,0
2000-08-07,4.3633,4.6119,4.3488,4.59,55189003,0
2000-08-08,4.5389,4.6923,4.5238,4.6702,54179360,0
2000-08-09,4.6338,4.6557,4.5681,4.5681,32009052,0
2000-08-10,4.59,4.7801,4.5533,4.6702,54029803,0
2000-08-11,4.9188,5.2256,4.9188,5.1163,149686911,0
2000-08-14,5.1163,5.2843,5.0649,5.2256,79678303,0
2000-08-15,5.1602,5.3938,5.0942,5.3207,61462066,0
2000-08-16,5.2843,5.5695,5.2843,5.5695,58077266,0
2000-08-17,5.4158,5.5695,5.3794,5.5474,71186735,0
2000-08-18,5.4232,5.4889,5.2477,5.2477,50496033,0
2000-08-21,5.2256,5.2843,5.1602,5.2772,41111854,0
2000-08-22,5.2989,5.3207,5.1602,5.2111,27689084,0
2000-08-23,5.1895,5.2843,5.0869,5.0869,27153520,0
2000-08-24,5.1602,5.2622,5.1382,5.2039,25089888,0
2000-08-25,5.1602,5.2772,5.1602,5.2547,17349053,0
2000-08-28,5.2334,5.3062,5.2039,5.2256,18024118,0
2000-08-29,5.182,5.1895,5.0211,5.0649,27645929,0
2000-08-30,5.0139,5.0649,4.8309,4.9994,42432442,0
2000-08-31,4.9188,4.9773,4.8093,4.8748,42563664,0
2000-09-01,4.9043,4.9043,4.7801,4.7872,37187348,0
2000-09-05,4.8239,4.9699,4.8093,4.8604,37101041,0
2000-09-06,4.9188,4.9261,4.853,4.8748,30986400,0
2000-09-07,4.8748,4.9261,4.8604,4.8748,34058501,0
2000-09-08,4.8604,4.9043,4.7872,4.8309,34904999,0
2000-09-11,4.8016,4.8824,4.8016,4.8604,25424466,0
2000-09-12,4.853,4.8748,4.8309,4.8604,32224226,0
2000-09-13,4.8748,4.9261,4.6338,4.6923,54011473,0
2000-09-14,4.7364,4.7653,4.5533,4.5752,44831238,0
2000-09-15,4.5681,4.597,4.5024,4.5389,56941112,0
2000-09-18,4.5024,4.5389,4.4436,4.451,42179437,0
2000-09-19,4.5024,4.5533,4.495,4.5389,45511631,0
2000-09-20,4.517,4.5238,4.3488,4.3488,43661988,0
2000-09-21,4.3488,4.5024,4.3488,4.378,38658672,0
2000-09-22,4.4801,4.6557,4.473,4.6119,47133687,0
2000-09-25,4.6338,4.7069,4.59,4.6851,30511723,0
2000-09-26,4.6413,4.758,4.6338,4.6923,40266540,0
2000-09-27,4.7141,4.9188,4.6923,4.9043,44465924,0
2000-09-28,4.8748,5.0649,4.8604,5.043,69662215,0
2000-09-29,5.0211,5.1307,4.9043,4.9188,56038459,0
2000-10-02,4.948,5.0211,4.9407,4.948,39389305,0
2000-10-03,4.948,5.0649,4.948,5.0139,42808396,0
2000-10-04,4.9994,5.2334,4.9773,5.182,43742969,0
2000-10-05,5.1307,5.2039,5.036,5.0724,28820505,0
2000-10-06,5.1163,5.2256,4.9773,5.0211,34371798,0
2000-10-09,5.036,5.1455,5.0211,5.1307,19712385,0
2000-10-10,5.0942,5.2547,5.043,5.2039,35123714,0
2000-10-11,5.2256,5.2772,5.1307,5.2547,62034280,0
2000-10-12,5.3207,5.4158,5.2039,5.3794,50987848,0
2000-10-13,5.2772,5.3794,5.1088,5.1673,43062580,0
2000-10-16,5.1163,5.1673,5.0139,5.1307,31293793,0
2000-10-17,5.1455,5.3571,5.1088,5.2843,54319455,0
2000-10-18,5.3428,5.562,5.2547,5.511,71413133,0
2000-10-19,5.438,5.533,5.3794,5.4962,36707943,0
2000-10-20,5.4524,5.635,5.4158,5.5474,37770792,0
2000-10-23,5.511,5.8397,5.4889,5.7958,54068223,0
2000-10-24,5.752,5.8763,5.7446,5.847,49626479,0
2000-10-25,5.7811,6.0151,5.7811,5.9421,52631189,0
2000-10-26,5.9201,6.088,5.8397,6.0079,46612909,0
2000-10-27,5.964,6.1248,5.9421,6.1248,47504325,0
2000-10-30,6.059,6.4467,6.0443,6.3368,69913444,0
2000-10-31,6.2416,6.3003,6.1103,6.1103,55284766,0
2000-11-01,6.0443,6.2271,6.0299,6.103,50505485,0
2000-11-02,5.964,6.0443,5.9497,6.0369,39894719,0
2000-11-03,5.9349,5.9497,5.7011,5.8397,62199206,0
2000-11-06,5.635,6.0443,5.5911,5.8177,99993645,0
2000-11-07,5.7446,5.9128,5.7446,5.8763,44528582,0
2000-11-08,5.8983,6.2197,5.8983,6.1248,66452971,0
2000-11-09,5.9859,6.103,5.7596,5.9421,66435242,0
2000-11-10,5.8397,6.1978,5.8032,6.1541,42286426,0
2000-11-13,6.0079,6.059,5.6572,5.7739,55014029,0
2000-11-14,5.7081,5.9201,5.7011,5.7739,56668007,0
2000-11-15,5.7811,6.0299,5.7811,5.964,34627167,0
2000-11-16,5.9497,6.1615,5.9497,6.059,22230597,0
2000-11-17,5.9859,6.1541,5.9201,6.1248,39486840,0
2000-11-20,6.0151,6.1978,6.0151,6.103,23385074,0
2000-11-21,6.103,6.322,6.0369,6.2492,36081935,0
2000-11-22,6.0299,6.088,5.7081,5.9714,95192495,0
2000-11-24,6.0151,6.059,5.8983,5.9349,16834771,0
2000-11-27,6.0664,6.1615,6.0151,6.088,29925914,0
2000-11-28,6.0443,6.2416,6.0443,6.2051,32957231,0
2000-11-29,6.2416,6.4681,6.2271,6.417,47078711,0
2000-11-30,6.461,6.5999,6.3733,6.3733,80706872,0
2000-12-01,6.3442,6.3513,6.1978,6.2781,36841536,0
2000-12-04,6.2492,6.3662,6.176,6.2928,29711931,0
2000-12-05,6.3662,6.5049,6.3513,6.4391,37659660,0
2000-12-06,6.3442,6.556,6.3442,6.5119,32828362,0
2000-12-07,6.5049,6.673,6.4902,6.6216,37030105,0
2000-12-08,6.5632,6.7534,6.5119,6.6071,50464697,0
2000-12-11,6.5119,6.556,6.4391,6.5049,42383373,0
2000-12-12,6.4681,6.6293,6.4391,6.4902,110046971,0
2000-12-13,6.6582,6.9287,6.6293,6.9068,83336214,0
2000-12-14,6.7899,7.0602,6.7753,7.0238,64575548,0
2000-12-15,6.9068,7.0749,6.7753,6.7753,97983212,0
2000-12-18,6.7682,7.0602,6.7682,6.987,49192592,0
2000-12-19,7.0602,7.3309,7.0531,7.2868,63927668,0
2000-12-20,7.3378,7.5278,7.2503,7.4625,67327842,0
2000-12-21,7.4329,7.5278,7.2209,7.4625,56165552,0
2000-12-22,7.3454,7.3816,7.192,7.3599,31499502,0
2000-12-26,7.3454,7.5575,7.3454,7.5351,25305060,0
2000-12-27,7.4769,7.6964,7.4769,7.6524,32880971,0
2000-12-28,7.6303,7.6524,7.5278,7.5501,23082413,0
2000-12-29,7.5278,7.645,7.4402,7.4402,35748539,0
2001-01-02,7.4402,7.8642,7.4329,7.8132,63372600,0
2001-01-03,7.762,7.7692,7.104,7.1481,118160813,0
2001-01-04,7.0602,7.104,6.556,6.8483,132221426,0
2001-01-05,6.8923,7.0602,6.7753,6.7899,68035424,0
2001-01-08,6.8704,7.2137,6.8483,7.1184,66838979,0
2001-01-09,7.0822,7.4256,7.0602,7.3378,71363480,0
2001-01-10,7.3088,7.5501,7.2648,7.4625,72380223,0
2001-01-11,7.4625,7.4625,6.9434,7.0381,70667134,0
2001-01-12,7.0238,7.1699,6.987,7.1481,45811926,0
2001-01-16,7.1259,7.3309,7.0091,7.1992,55509396,0
2001-01-17,7.104,7.2648,7.0969,7.2429,43367014,0
2001-01-18,7.2209,7.294,7.1699,7.294,37469905,0
2001-01-19,7.2721,7.4112,7.2503,7.3454,43291347,0
2001-01-22,7.2721,7.5062,7.2503,7.4987,41090571,0
2001-01-23,7.4769,7.5278,7.4256,7.4329,34796822,0
2001-01-24,7.4329,7.6013,7.4256,7.5278,33486289,0
2001-01-25,7.4625,7.6524,7.4256,7.5792,46170147,0
2001-01-26,7.484,7.5278,7.3816,7.4112,33183038,0
2001-01-29,7.3599,7.594,7.3454,7.5206,33655942,0
2001-01-30,7.5278,7.6156,7.4769,7.6013,40802100,0
2001-01-31,7.6156,7.7401,7.2721,7.4402,68189711,0
2001-02-01,7.5206,7.7839,7.5062,7.7472,48643429,0
2001-02-02,7.762,7.7839,7.689,7.689,35987357,0
2001-02-05,7.645,7.9519,7.6233,7.8642,45732118,0
2001-02-06,7.8571,7.8642,7.762,7.8132,33329640,0
2001-02-07,7.8058,7.9812,7.7839,7.7839,60104245,0
2001-02-08,7.7839,7.974,7.7472,7.9373,36643510,0
2001-02-09,7.974,8.1933,7.974,8.1202,62415559,0
2001-02-12,8.1202,8.1933,8.0177,8.1128,49222742,0
2001-02-13,8.069,8.0763,7.9519,8.0544,31341670,0
2001-02-14,8.0544,8.1128,7.7839,7.7839,68170792,0
2001-02-15,7.7401,7.8424,7.7108,7.7839,40497080,0
2001-02-16,7.7472,7.9958,7.7472,7.8642,47936444,0
2001-02-20,7.8642,8.2151,7.8642,8.1128,47231225,0
2001-02-21,8.1202,8.2666,8.098,8.1276,41079935,0
2001-02-22,8.1419,8.288,8.0324,8.1202,50772676,0
2001-02-23,8.1202,8.2076,7.9078,7.9519,48997517,0
2001-02-26,7.8863,8.0763,7.762,7.8642,46510640,0
2001-02-27,7.9228,8.2151,7.9228,8.1639,48556538,0
2001-02-28,8.1858,8.288,8.0251,8.1495,48317721,0
2001-03-01,8.2587,8.3763,8.2151,8.2151,55250485,0
2001-03-02,8.2442,8.4265,8.2442,8.4045,53269609,0
2001-03-05,8.3543,8.4565,8.3315,8.3396,32222454,0
2001-03-06,8.303,8.303,8.2151,8.2587,32034472,0
2001-03-07,8.2587,8.4931,8.2076,8.4707,54126750,0
2001-03-08,8.4565,8.6244,8.4045,8.61,45928971,0
2001-03-09,8.6902,8.8079,8.6244,8.7555,51513950,0
2001-03-12,8.6828,8.7339,8.3975,8.3975,50583516,0
2001-03-13,8.2587,8.3975,8.098,8.3763,54994524,0
2001-03-14,8.1419,8.288,8.0908,8.1276,44893306,0
2001-03-15,8.1202,8.1202,7.93,7.9958,42613321,0
2001-03-16,7.974,8.1639,7.974,8.1419,61032902,0
2001-03-19,8.1419,8.2006,7.974,7.974,38937681,0
2001-03-20,7.9519,7.9519,7.484,7.594,87233532,0
2001-03-21,7.4916,7.5278,7.3599,7.4916,68507739,0
2001-03-22,7.4185,7.4256,7.0166,7.2577,92845118,0
2001-03-23,7.2798,7.4256,7.1774,7.3454,79159297,0
2001-03-26,7.4329,7.7764,7.3599,7.6524,54749795,0
2001-03-27,7.6375,8.0177,7.5278,7.9884,64817907,0
2001-03-28,7.9519,7.9592,7.6596,7.8496,53527339,0
2001-03-29,7.7839,8.1056,7.718,7.9228,41427517,0
2001-03-30,8.0104,8.1639,7.974,8.0251,39797777,0
2001-04-02,8.069,8.1567,7.7984,7.8132,36992277,0
2001-04-03,7.7984,7.7984,7.4402,7.5278,49176626,0
2001-04-04,7.5427,7.7401,7.4477,7.718,44539808,0
2001-04-05,7.7839,7.8863,7.7692,7.8203,58265837,0
2001-04-06,7.6964,8.0324,7.689,7.9078,50152585,0
2001-04-09,7.9008,7.9812,7.8935,7.9519,35288046,0
2001-04-10,7.9592,8.0908,7.9592,8.047,40784961,0
2001-04-11,7.974,7.9812,7.6671,7.7401,38373154,0
2001-04-12,7.7328,7.7984,7.6233,7.762,24268219,0
2001-04-16,7.7764,7.9519,7.7692,7.879,25292647,0
2001-04-17,7.8351,8.1712,7.8203,8.0908,35806469,0
2001-04-18,8.0908,8.1202,7.8132,7.9228,54492069,0
2001-04-19,7.8863,7.9152,7.718,7.8642,49854655,0
2001-04-20,7.8642,8.047,7.8351,7.9812,40070874,0
2001-04-23,8.0763,8.2227,8.0614,8.1128,38232464,0
2001-04-24,8.1712,8.2006,8.0324,8.1128,27675490,0
2001-04-25,8.2809,8.573,8.2076,8.573,71896091,0
2001-04-26,8.4565,8.61,8.3763,8.61,58026423,0
2001-04-27,8.5081,8.6676,8.4265,8.6387,41079935,0
2001-04-30,8.6244,8.7931,8.4776,8.4776,42034019,0
2001-05-01,8.5589,8.8577,8.5365,8.8143,43504155,0
2001-05-02,8.8143,8.8143,8.6027,8.6308,38912854,0
2001-05-03,8.6757,8.8353,8.6757,8.7268,37973552,0
2001-05-04,8.7555,8.9983,8.7405,8.9682,43011154,0
2001-05-07,8.8939,9.114,8.7481,8.8006,45708472,0
2001-05-08,8.7129,8.7628,8.5947,8.6244,34730021,0
2001-05-09,8.6244,8.7628,8.6181,8.6902,36180653,0
2001-05-10,8.6984,8.8735,8.6602,8.8511,25962984,0
2001-05-11,8.8511,8.8735,8.6902,8.7555,24871761,0
2001-05-14,8.6757,8.7339,8.5875,8.61,26008506,0
2001-05-15,8.6181,8.7048,8.5081,8.6181,30371629,0
2001-05-16,8.6602,8.8939,8.6244,8.8735,44379028,0
2001-05-17,8.8511,8.924,8.7339,8.7858,24427824,0
2001-05-18,8.8006,8.8817,8.8006,8.8577,25088115,0
2001-05-21,8.8817,8.8939,8.4494,8.4931,56823477,0
2001-05-22,8.4565,8.5365,8.3245,8.3543,72934701,0
2001-05-23,8.3543,8.4858,8.3543,8.4265,37941036,0
2001-05-24,8.4565,8.6602,8.4415,8.5295,28845334,0
2001-05-25,8.5142,8.6244,8.5081,8.5508,22690494,0
2001-05-29,8.573,8.7555,8.4776,8.7339,35068740,0
2001-05-30,8.7775,8.8006,8.6308,8.6602,26977365,0
2001-05-31,8.6902,8.7931,8.6602,8.6984,25857761,0
2001-06-01,8.7268,8.7268,8.5875,8.6757,21199666,0
2001-06-04,8.6387,8.7193,8.4636,8.6531,27914895,0
2001-06-05,8.5875,8.6244,8.4776,8.6027,29695968,0
2001-06-06,8.4776,8.5223,8.3975,8.4565,34291995,0
2001-06-07,8.1056,8.2587,7.9592,8.2076,138386903,0
2001-06-08,8.2076,8.288,7.9078,8.1639,32772207,0
2001-06-11,8.1639,8.2587,8.1276,8.2076,30567882,0
2001-06-12,8.2076,8.3833,8.2076,8.303,41852538,0
2001-06-13,8.2151,8.3543,8.0544,8.0908,59504844,0
2001-06-14,8.047,8.069,7.9447,7.9519,36867549,0
2001-06-15,7.9519,8.047,7.7328,7.8351,61867584,0
2001-06-18,7.8351,7.879,7.5351,7.5792,56800419,0
2001-06-19,7.6156,7.6812,7.5278,7.5427,54824872,0
2001-06-20,7.6013,7.9078,7.594,7.8642,54698956,0
2001-06-21,7.8642,8.1495,7.8424,8.0614,71620624,0
2001-06-22,8.0614,8.1495,7.9958,8.0396,36785378,0
2001-06-25,8.0836,8.3099,8.0396,8.1495,37772565,0
2001-06-26,8.1202,8.2006,7.9152,7.9373,35407458,0
2001-06-27,7.9592,8.0614,7.8863,7.9666,34490615,0
2001-06-28,8.0324,8.2587,8.0104,8.1712,33321360,0
2001-06-29,8.1933,8.5875,8.0836,8.3763,65971795,0
2001-07-02,8.4195,8.4195,8.2227,8.2587,39768807,0
2001-07-03,8.2076,8.2516,8.0763,8.0836,30592713,0
2001-07-05,7.9519,7.9812,7.7984,7.9152,44826508,0
2001-07-06,7.9152,7.9152,7.6596,7.7328,34560367,0
2001-07-09,7.8351,7.8351,7.6303,7.645,27601008,0
2001-07-10,7.645,7.9519,7.645,7.8351,56942884,0
2001-07-11,7.8714,7.9228,7.7764,7.879,25965940,0
2001-07-12,7.879,7.879,7.6964,7.7472,29849069,0
2001-07-13,7.689,7.762,7.5646,7.6084,29877444,0
2001-07-16,7.6084,7.6156,7.3746,7.4256,43062580,0
2001-07-17,7.4256,7.6375,7.3746,7.5863,38273252,0
2001-07-18,7.6084,7.8058,7.6013,7.6964,34046089,0
2001-07-19,7.7328,7.8424,7.6812,7.7546,28786810,0
2001-07-20,7.7546,7.8571,7.7108,7.7839,26159240,0
2001-07-23,7.8642,7.9373,7.718,7.7328,22688130,0
2001-07-24,7.7692,7.7692,7.6375,7.6671,19581156,0
2001-07-25,7.6596,7.6671,7.4256,7.5575,34954654,0
2001-07-26,7.5133,7.5427,7.316,7.4769,41347717,0
2001-07-27,7.4769,7.4916,7.2721,7.3017,39124474,0
2001-07-30,7.3017,7.4185,7.294,7.3892,31591129,0
2001-07-31,7.4112,7.7036,7.4112,7.6964,40060238,0
2001-08-01,7.6812,7.8496,7.6303,7.7328,28245335,0
2001-08-02,7.7328,7.8351,7.645,7.7546,19837113,0
2001-08-03,7.6964,7.7401,7.5501,7.6375,24219748,0
2001-08-06,7.6812,7.6964,7.5206,7.572,22159071,0
2001-08-07,7.5427,7.6964,7.5427,7.6964,24134624,0
2001-08-08,7.6812,7.6964,7.5501,7.5792,19264902,0
2001-08-09,7.5133,7.5863,7.4185,7.5278,21931482,0
2001-08-10,7.5206,7.6524,7.4185,7.4625,31307976,0
2001-08-13,7.5062,7.5351,7.4256,7.4916,18601062,0
2001-08-14,7.4769,7.5501,7.4769,7.5206,16992599,0
2001-08-15,7.4625,7.5206,7.3746,7.3892,27184848,0
2001-08-16,7.4256,7.4329,7.2798,7.3672,33298309,0
2001-08-17,7.3816,7.5133,7.3454,7.4625,32069351,0
2001-08-20,7.4625,7.6964,7.4329,7.6964,44860203,0
2001-08-21,7.6964,7.8935,7.6596,7.6812,44179222,0
2001-08-22,7.7036,7.8058,7.689,7.718,33793675,0
2001-08-23,7.718,7.9519,7.7108,7.9078,30794874,0
2001-08-24,7.9228,8.098,7.9152,7.9592,38358968,0
2001-08-27,7.9592,8.1056,7.9592,8.0396,20440659,0
2001-08-28,8.047,8.0544,8.0029,8.0544,21490503,0
2001-08-29,8.0614,8.0614,7.9592,7.9884,22623109,0
2001-08-30,8.0324,8.2006,8.0029,8.1128,35600165,0
2001-08-31,8.1128,8.1786,7.9666,8.0177,29307596,0
2001-09-04,8.0614,8.2151,8.0177,8.1128,32270336,0
2001-09-05,8.1056,8.2442,8.047,8.2076,32235457,0
2001-09-06,8.1712,8.2442,8.0177,8.098,37458088,0
2001-09-07,8.0908,8.1346,7.9078,7.9666,41073432,0
2001-09-10,7.9666,8.2006,7.9666,8.1419,35891000,0
2001-09-17,7.9519,8.3464,7.9152,8.2736,77098618,0
2001-09-18,8.3245,8.3833,8.0324,8.1712,64841556,0
2001-09-19,8.1712,8.288,8.0544,8.1202,69075816,0
2001-09-20,8.069,8.1128,7.9812,8.0251,54100142,0
2001-09-21,7.8351,7.9519,7.6671,7.8935,89160020,0
2001-09-24,7.8496,8.0324,7.7912,8.0104,64187174,0
2001-09-25,7.9447,8.0544,7.8278,7.9592,45379221,0
2001-09-26,7.9812,8.0177,7.8935,7.93,41435202,0
2001-09-27,7.9884,8.288,7.9152,8.288,43183175,0
2001-09-28,8.288,8.288,8.0614,8.1712,54251477,0
2001-10-01,8.1712,8.3613,8.1346,8.3543,48842048,0
2001-10-02,8.3681,8.3903,8.2151,8.3543,29987395,0
2001-10-03,8.3833,8.4494,8.288,8.3681,34145989,0
2001-10-04,8.4045,8.4565,8.3763,8.4346,34802731,0
2001-10-05,8.4565,8.5875,8.3903,8.4858,39534722,0
2001-10-08,8.4565,8.5947,8.4125,8.566,26562985,0
2001-10-09,8.5947,8.6244,8.5295,8.6244,46066700,0
2001-10-10,8.5589,8.7268,8.5081,8.6828,44968972,0
2001-10-11,8.6902,8.7481,8.5508,8.6308,42749281,0
2001-10-12,8.5508,8.6531,8.4707,8.566,59409672,0
2001-10-15,8.5295,8.6308,8.5295,8.5365,20285781,0
2001-10-16,8.5508,8.5947,8.4858,8.573,25228214,0
2001-10-17,8.5295,8.5589,8.4265,8.4636,36044107,0
2001-10-18,8.4565,8.4636,8.3176,8.3396,32321173,0
2001-10-19,8.3396,8.4565,8.3245,8.4415,25728305,0
2001-10-22,8.4195,8.6459,8.4195,8.5875,25889094,0
2001-10-23,8.5947,8.6676,8.4125,8.4931,27673122,0
2001-10-24,8.4707,8.5438,8.4346,8.4776,33381654,0
2001-10-25,8.3464,8.3903,8.2227,8.3543,42786526,0
2001-10-26,8.288,8.5365,8.288,8.4346,30462662,0
2001-10-29,8.4636,8.5875,8.3903,8.4045,20382138,0
2001-10-30,8.1202,8.1419,8.0177,8.069,77506493,0
2001-10-31,8.0251,8.047,7.9008,7.9152,55524172,0
2001-11-01,8.0324,8.098,7.9666,8.0544,39582014,0
2001-11-02,8.0544,8.1858,8.0177,8.1639,26023281,0
2001-11-05,8.237,8.2516,8.1419,8.1712,25868407,0
2001-11-06,8.2516,8.2516,8.1786,8.2151,33940867,0
2001-11-07,8.1419,8.2151,8.069,8.0836,40685051,0
2001-11-08,8.0104,8.0251,7.8203,7.8351,66727845,0
2001-11-09,7.879,7.9884,7.8642,7.9228,34927459,0
2001-11-12,7.8571,8.0029,7.8058,7.93,27334404,0
2001-11-13,7.9519,8.0104,7.8935,7.9519,29609069,0
2001-11-14,8.0836,8.1567,7.9812,8.047,50237703,0
2001-11-15,8.069,8.1419,8.047,8.0836,14759314,0
2001-11-16,8.1346,8.1639,8.0908,8.1419,32574768,0
2001-11-19,8.1202,8.1639,7.9958,8.1276,33411805,0
2001-11-20,8.1202,8.1276,7.9958,8.0614,38367832,0
2001-11-21,8.0251,8.0614,7.9884,7.9884,23349012,0
2001-11-23,7.9519,7.9958,7.9078,7.9373,19075738,0
2001-11-26,7.9884,7.9884,7.7984,7.8132,38838963,0
2001-11-27,7.7984,7.8132,7.5792,7.645,71050774,0
2001-11-28,7.6233,7.689,7.5646,7.6013,50339380,0
2001-11-29,7.6742,7.9447,7.6524,7.9447,49850517,0
2001-11-30,7.9447,8.047,7.93,7.9812,29644540,0
2001-12-03,7.974,8.0029,7.8496,7.974,27945043,0
2001-12-04,7.974,7.9812,7.8496,7.8935,25481804,0
2001-12-05,7.8642,7.8714,7.7108,7.8058,47303345,0
2001-12-06,7.762,7.8058,7.6671,7.6671,47724818,0
2001-12-07,7.6524,7.718,7.6013,7.6233,54662310,0
2001-12-10,7.6524,7.7546,7.6156,7.6671,34104021,0
2001-12-11,7.7036,7.7546,7.645,7.645,28877845,0
2001-12-12,7.645,7.689,7.6156,7.6671,30977533,0
2001-12-13,7.6671,7.8058,7.6233,7.6812,35243122,0
2001-12-14,7.6812,7.7912,7.6812,7.7472,27505834,0
2001-12-17,7.7839,7.9447,7.7546,7.9447,40466934,0
2001-12-18,7.9008,7.9373,7.8058,7.9008,46061381,0
2001-12-19,7.8863,7.9884,7.8424,7.879,52947441,0
2001-12-20,7.8351,7.9078,7.7984,7.8278,30939701,0
2001-12-21,7.8571,7.9008,7.7472,7.7472,75857250,0
2001-12-24,7.7839,7.8642,7.7472,7.8424,16716544,0
2001-12-26,7.8203,7.9519,7.8203,7.8714,22808132,0
2001-12-27,7.8714,7.9078,7.8424,7.879,21145874,0
2001-12-28,7.8863,7.9228,7.7546,7.7839,25108210,0
2001-12-31,7.7839,7.8351,7.7401,7.7546,23565960,0
