Date,Open,High,Low,Close,Volume,OpenInt
1995-01-03,2.6226,2.6226,2.6226,2.6226,29514,0
1995-01-04,2.6773,2.7077,2.6548,2.6773,1272003,0
1995-01-05,2.6608,2.7139,2.6608,2.7139,486992,0
1995-01-06,2.6529,2.7139,2.6529,2.7139,88542,0
1995-01-09,2.6464,2.6768,2.6464,2.65,665744,0
1995-01-10,2.6773,2.6773,2.6773,2.6773,502882,0
1995-01-11,2.7231,2.7231,2.7231,2.7231,369763,0
1995-01-12,2.6829,2.6865,2.6829,2.6865,398533,0
1995-01-13,2.6774,2.7686,2.6774,2.7686,236642,0
1995-01-16,2.6791,2.6791,2.6773,2.6773,295816,0
1995-01-17,2.6809,2.6809,2.6316,2.6316,1730548,0
1995-01-18,2.7749,2.7749,2.6378,2.7139,693595,0
1995-01-20,2.6316,2.6316,2.6316,2.6316,29581,0
1995-01-23,2.6512,2.7047,2.6358,2.7047,1402889,0
1995-01-24,2.6372,2.7058,2.6372,2.6408,1608871,0
1995-01-25,2.6956,2.6956,2.6956,2.6956,132965,0
1995-02-01,2.7686,2.7686,2.7686,2.7686,73951,0
1995-02-02,2.65,2.65,2.65,2.65,88643,0
1995-02-03,2.65,2.65,2.65,2.65,29546,0
1995-02-06,2.65,2.65,2.65,2.65,118190,0
1995-02-07,2.65,2.65,2.65,2.65,29546,0
1995-02-09,2.7675,2.7675,2.7139,2.7139,767379,0
1995-02-10,2.6378,2.7139,2.6378,2.7139,826412,0
1995-02-13,2.7231,2.7231,2.7231,2.7231,44004,0
1995-02-14,2.6008,2.6773,2.6008,2.6773,279427,0
1995-02-15,2.6467,2.7231,2.6467,2.7231,235325,0
1995-02-16,2.7189,2.7189,2.6803,2.6956,1718784,0
1995-02-17,2.6681,2.6681,2.6681,2.6681,44020,0
1995-02-21,2.7231,2.7231,2.7231,2.7231,1132501,0
1995-02-22,2.6681,2.6681,2.6681,2.6681,44020,0
1995-02-23,2.6649,2.6956,2.6649,2.6956,132214,0
1995-02-24,2.6649,2.6956,2.6649,2.6956,411331,0
1995-02-28,2.7842,2.7842,2.7231,2.7231,455942,0
1995-03-02,2.6956,2.6956,2.6956,2.6956,44090,0
1995-03-06,2.6773,2.6773,2.6773,2.6773,250015,0
1995-03-09,2.6773,2.6773,2.6773,2.6773,29414,0
1995-03-13,2.683,2.7598,2.683,2.7598,616395,0
1995-03-15,2.7323,2.7323,2.7323,2.7323,161715,0
1995-03-16,2.7868,2.7868,2.7868,2.7868,29386,0
1995-03-17,2.7868,2.7868,2.6798,2.7868,1498705,0
1995-03-20,2.7323,2.7323,2.7323,2.7323,29403,0
1995-03-21,2.6956,2.6956,2.6956,2.6956,807975,0
1995-03-22,2.6919,2.6956,2.6919,2.6956,941471,0
1995-03-23,2.6781,2.7779,2.6781,2.7779,73513,0
1995-03-24,2.6773,2.6853,2.6773,2.6773,897107,0
1995-03-27,2.7854,2.7854,2.6782,2.7323,735072,0
1995-03-28,2.6956,2.7569,2.6956,2.6956,161596,0
1995-03-29,2.6988,2.7292,2.6988,2.7139,249466,0
1995-03-31,2.7285,2.8052,2.7134,2.8052,484363,0
1995-04-05,2.6829,2.6865,2.6829,2.6865,322888,0
1995-04-07,2.6773,2.681,2.6773,2.6773,1132415,0
1995-04-10,2.7386,2.7386,2.6773,2.6773,294132,0
1995-04-12,2.6829,2.6865,2.6829,2.6865,161446,0
1995-04-13,2.6773,2.6773,2.6773,2.6773,44121,0
1995-04-17,2.6803,2.8029,2.6649,2.6956,293809,0
1995-04-18,2.6681,2.6719,2.6681,2.6681,234765,0
1995-04-19,2.6681,2.6681,2.6681,2.6681,73366,0
1995-04-21,2.6681,2.6681,2.6681,2.6681,29345,0
1995-04-25,2.6681,2.6681,2.6681,2.6681,44020,0
1995-04-26,2.6646,2.7412,2.6646,2.6681,1704383,0
1995-04-27,2.799,2.8144,2.692,2.8144,867888,0
1995-04-28,2.8146,2.8146,2.7229,2.7686,1073749,0
1995-05-01,2.6956,2.6956,2.6956,2.6956,29381,0
1995-05-02,2.7139,2.7139,2.7139,2.7139,44025,0
1995-05-03,2.821,2.821,2.7598,2.7598,1761131,0
1995-05-04,2.8144,2.8144,2.7072,2.8144,706080,0
1995-05-05,2.8484,2.8484,2.7414,2.7414,161612,0
1995-05-09,2.7779,2.8088,2.7779,2.7779,699818,0
1995-05-12,2.7868,2.7868,2.7868,2.7868,87676,0
1995-05-15,2.791,2.9607,2.791,2.9607,175098,0
1995-05-16,2.7899,2.9595,2.7899,2.8052,437924,0
1995-05-22,2.9441,2.9441,2.8052,2.8052,87585,0
1995-05-23,2.8327,2.8327,2.8327,2.8327,43846,0
1995-05-24,2.8174,2.8327,2.8174,2.8327,453066,0
1995-05-25,2.8169,2.8783,2.8169,2.8783,87705,0
1995-06-01,2.9618,3.1158,2.9001,3.1158,1546136,0
1995-06-02,2.9595,3.1137,2.9595,3.052,963399,0
1995-06-06,2.9696,2.9696,2.9696,2.9696,87733,0
1995-06-07,2.9696,2.9696,2.9696,2.9696,160844,0
1995-06-08,3.1122,3.2046,3.0659,3.1892,1270600,0
1995-06-09,3.1617,3.1617,3.1617,3.1617,116711,0
1995-06-12,3.1252,3.1252,3.1252,3.1252,43847,0
1995-06-13,3.1252,3.1252,3.1252,3.1252,43847,0
1995-06-14,3.1252,3.1252,3.1252,3.1252,29230,0
1995-06-16,3.2671,3.2671,3.1287,3.198,321189,0
1995-06-20,3.1617,3.1617,3.1617,3.1617,116711,0
1995-06-21,3.1303,3.2693,3.1303,3.1342,131311,0
1995-06-22,3.2714,3.2714,3.2714,3.2714,43744,0
1995-06-26,3.1252,3.1252,3.1252,3.1252,43847,0
1995-06-27,3.198,3.2057,3.198,3.198,1868728,0
1995-06-28,3.144,3.221,3.144,3.198,963564,0
1995-06-29,3.221,3.221,3.198,3.198,364983,0
1995-06-30,3.2097,3.2714,3.1323,3.2714,452022,0
1995-07-03,3.269,3.269,3.2074,3.2074,175098,0
1995-07-05,3.2714,3.2714,3.2714,3.2714,247881,0
1995-07-06,3.269,3.269,3.2074,3.2074,598252,0
1995-07-07,3.2626,3.2626,3.2164,3.2164,964923,0
1995-07-10,3.2092,3.2164,3.2092,3.2164,540942,0
1995-07-11,3.2944,3.2944,3.1252,3.1252,321541,0
1995-07-13,3.237,3.2987,3.1445,3.2987,364916,0
1995-07-14,3.1272,3.2348,3.1272,3.2348,43822,0
1995-07-17,3.1252,3.1252,3.1252,3.1252,29230,0
1995-07-19,3.1617,3.1617,3.1617,3.1617,116711,0
1995-07-20,3.212,3.3272,3.212,3.2348,774171,0
1995-07-24,3.1892,3.1892,3.1892,3.1892,481951,0
1995-07-25,3.1877,3.2164,3.1877,3.2164,759802,0
1995-07-26,3.2348,3.2348,3.1732,3.2348,1460699,0
1995-07-27,3.2183,3.3262,3.2183,3.3262,43835,0
1995-07-28,3.1708,3.3247,3.1708,3.1708,409300,0
1995-07-31,3.1708,3.1708,3.1708,3.1708,116943,0
1995-08-01,3.2164,3.2164,3.2164,3.2164,277779,0
1995-08-02,3.2348,3.2348,3.2348,3.2348,116789,0
1995-08-03,3.1708,3.2477,3.1708,3.1708,1827227,0
1995-08-04,3.1763,3.1799,3.1763,3.1799,233485,0
1995-08-07,3.2164,3.2164,3.2164,3.2164,233383,0
1995-08-09,3.2668,3.3443,3.2668,3.3443,159849,0
1995-08-10,3.2641,3.3262,3.2334,3.3262,770829,0
1995-08-15,3.2411,3.2411,3.1947,3.2257,130581,0
1995-08-16,3.2714,3.2714,3.2714,3.2714,232202,0
1995-08-18,3.2205,3.3443,3.2205,3.3443,566738,0
1995-08-21,3.2259,3.3809,3.2259,3.3809,159585,0
1995-08-22,3.2668,3.3443,3.2205,3.3443,755652,0
1995-08-24,3.2921,3.2921,3.253,3.253,1902763,0
1995-08-28,3.253,3.253,3.253,3.253,29050,0
1995-08-29,3.4085,3.4085,3.4085,3.4085,29047,0
1995-08-30,3.2493,3.253,3.2493,3.253,887032,0
1995-08-31,3.3578,3.3578,3.2804,3.2804,567086,0
1995-09-05,3.2493,3.253,3.2493,3.253,290831,0
1995-09-06,3.3306,3.3306,3.3079,3.3079,72619,0
1995-09-07,3.2514,3.3443,3.2514,3.3443,682991,0
1995-09-08,3.2653,3.3353,3.2653,3.3353,116314,0
1995-09-12,3.2495,3.2804,3.2186,3.2804,494385,0
1995-09-13,3.3497,3.3497,3.2257,3.2257,536826,0
1995-09-14,3.1621,3.317,3.1621,3.317,333871,0
1995-09-15,3.1429,3.2202,3.1429,3.2164,116268,0
1995-09-19,3.2077,3.2622,3.2077,3.2622,232324,0
1995-09-20,3.1428,3.2663,3.1428,3.1892,813906,0
1995-09-21,3.1305,3.2548,3.1305,3.1617,450049,0
1995-09-22,3.2164,3.2164,3.2164,3.2164,87100,0
1995-09-25,3.1434,3.1434,3.1434,3.1434,159837,0
1995-09-29,3.1252,3.1252,3.1252,3.1252,87261,0
1995-10-02,3.1266,3.2348,3.1266,3.2348,130837,0
1995-10-03,3.1252,3.129,3.1252,3.1252,596284,0
1995-10-06,3.1799,3.1799,3.1799,3.1799,43514,0
1995-10-09,3.1158,3.1158,3.1158,3.1158,29030,0
1995-10-10,3.0977,3.0977,3.0977,3.0977,29054,0
1995-10-11,3.1004,3.1004,3.0885,3.0885,566069,0
1995-10-12,3.1013,3.1617,3.1013,3.1617,696441,0
1995-10-13,3.1252,3.1252,3.1252,3.1252,232696,0
1995-10-20,3.1264,3.1342,3.1264,3.1342,159923,0
1995-10-24,3.1303,3.1459,3.1303,3.1342,1582499,0
1995-10-25,3.2257,3.2257,3.2257,3.2257,43525,0
1995-10-26,3.0977,3.1013,3.0977,3.0977,493915,0
1995-10-30,3.0831,3.0831,3.0794,3.0794,1613952,0
1995-11-01,3.0702,3.1477,3.0702,3.0702,2307104,0
1995-11-02,3.066,3.1434,3.066,3.1434,87184,0
1995-11-06,3.0702,3.0702,3.0702,3.0702,72552,0
1995-11-09,3.0667,3.0977,3.0667,3.0977,435809,0
1995-11-10,3.066,3.1434,3.066,3.1434,203428,0
1995-11-13,3.0977,3.0977,3.0977,3.0977,1292122,0
1995-11-16,3.0337,3.0456,3.0337,3.0337,752047,0
1995-11-17,3.1128,3.1282,2.988,2.988,795173,0
1995-11-20,2.9898,3.052,2.9431,3.052,7903898,0
1995-11-21,2.9087,2.9242,2.8617,2.9242,1895061,0
1995-11-22,2.7988,2.8226,2.7231,2.7231,7799247,0
1995-11-27,2.7693,2.8783,2.7693,2.8783,115691,0
1995-11-28,2.7295,2.8075,2.6985,2.7139,1413721,0
1995-11-29,2.7414,2.7724,2.7414,2.7414,245574,0
1995-11-30,2.7397,2.7397,2.7323,2.7323,10609524,0
1995-12-01,2.7724,2.7724,2.7414,2.7414,245574,0
1995-12-04,2.7414,2.7414,2.7414,2.7414,28890,0
1995-12-05,2.7404,2.7868,2.7091,2.7868,476881,0
1995-12-06,2.6316,2.6316,2.6316,2.6316,405148,0
1995-12-07,2.7872,2.7872,2.6316,2.6316,563512,0
1995-12-08,2.65,2.65,2.65,2.65,72170,0
1995-12-11,2.7863,2.7863,2.615,2.6773,1734549,0
1995-12-12,2.5636,2.6956,2.5636,2.6956,880843,0
1995-12-13,2.6166,2.7414,2.5546,2.7414,2094614,0
1995-12-14,2.7424,2.7424,2.6569,2.6956,9154988,0
1995-12-15,2.7414,2.7414,2.7414,2.7414,173346,0
1995-12-19,2.6773,2.6773,2.6773,2.6773,231272,0
1995-12-20,2.6323,2.7414,2.6323,2.7414,245574,0
1995-12-21,2.8855,2.8855,2.7139,2.7686,201965,0
1995-12-22,2.7103,3.0064,2.7103,3.0064,650008,0
1995-12-26,2.8193,3.0064,2.8193,3.0064,72223,0
1995-12-27,2.9294,3.0076,2.8514,2.9607,649778,0
1995-12-28,3.0171,3.0794,2.8615,3.0794,390609,0
1995-12-29,2.9724,2.988,2.9724,2.988,43371,0
1996-01-02,2.9721,3.1434,2.9721,3.1434,245804,0
1996-01-03,2.9713,3.0337,2.9713,3.0337,86777,0
1996-01-04,2.979,2.979,2.979,2.979,72133,0
1996-01-05,3.0535,3.1158,2.9602,3.1158,1169782,0
1996-01-08,3.0337,3.0337,3.0337,3.0337,202474,0
1996-01-09,3.0385,3.1319,2.9607,3.0153,404309,0
1996-01-10,3.0375,3.1464,3.0375,3.0613,245558,0
1996-01-11,3.1434,3.1434,3.1434,3.1434,43375,0
1996-01-12,3.0673,3.0673,2.9898,3.052,404589,0
1996-01-15,3.1342,3.1342,3.1342,3.1342,86576,0
1996-01-16,3.0794,3.0794,3.0794,3.0794,43400,0
1996-01-17,3.0794,3.0794,2.9551,3.0794,173603,0
1996-01-18,3.08,3.1892,3.0489,3.1892,318196,0
1996-01-19,3.1895,3.1895,3.0337,3.0337,86777,0
1996-01-24,3.035,3.253,3.035,3.253,1445575,0
1996-01-25,3.0885,3.0885,3.0885,3.0885,28924,0
1996-01-30,3.0836,3.1617,3.0836,3.1617,274483,0
1996-01-31,3.0794,3.0794,3.0794,3.0794,28933,0
1996-02-01,3.0836,3.1617,3.0836,3.1617,2036967,0
1996-02-05,3.1517,3.1517,3.081,3.1434,159048,0
1996-02-06,3.1526,3.1526,3.1526,3.1526,43360,0
1996-02-07,3.0794,3.0794,3.0794,3.0794,173603,0
1996-02-08,3.1058,3.1755,3.0977,3.0977,534810,0
1996-02-12,3.1024,3.1264,3.0713,3.0794,1414334,0
1996-02-14,3.0527,3.0977,3.0039,3.0977,805375,0
1996-02-15,2.9412,3.0348,2.8783,2.8783,1165029,0
1996-02-16,2.8378,2.9634,2.8378,2.8693,287010,0
1996-02-20,2.979,2.979,2.979,2.979,28701,0
1996-02-21,2.8377,2.979,2.8377,2.979,43054,0
1996-02-23,2.9061,2.9921,2.9015,2.9607,7382855,0
1996-02-26,2.8327,2.8327,2.8327,2.8327,28754,0
1996-02-27,2.8327,2.8327,2.8327,2.8327,431301,0
1996-02-28,2.9242,2.9242,2.9242,2.9242,28780,0
1996-02-29,2.8327,2.8327,2.8327,2.8327,115013,0
1996-03-01,2.9709,2.9709,2.8967,2.8967,1913688,0
1996-03-04,2.979,2.979,2.979,2.979,71755,0
1996-03-05,2.902,2.902,2.8783,2.8783,719153,0
1996-03-06,2.9018,2.9329,2.9018,2.9329,805519,0
1996-03-07,2.9607,2.9607,2.9607,2.9607,71816,0
1996-03-08,2.8783,2.8783,2.8783,2.8783,172596,0
1996-03-11,2.8797,3.0362,2.8797,2.9426,8956419,0
1996-03-12,2.9607,2.9607,2.9137,2.9607,7311037,0
1996-03-14,2.8783,2.8783,2.8783,2.8783,431492,0
1996-03-15,2.8783,2.9566,2.8783,2.8783,316427,0
1996-03-18,3.039,3.039,2.9452,2.9607,6707769,0
1996-03-20,2.8866,2.8866,2.8783,2.8783,201363,0
1996-03-21,2.9149,2.9149,2.9149,2.9149,129215,0
1996-03-22,2.9242,2.9242,2.9242,2.9242,129502,0
1996-03-25,2.8836,3.056,2.8836,2.9149,1521853,0
1996-03-27,2.9566,3.0274,2.8783,2.8783,517789,0
1996-03-28,2.9607,2.9607,2.9607,2.9607,201090,0
1996-03-29,2.8811,3.0687,2.8811,2.8967,1077751,0
1996-04-01,2.9805,2.9805,2.8783,2.8783,172596,0
1996-04-02,2.8783,2.9566,2.8783,2.8783,848602,0
1996-04-03,2.894,2.9412,2.8473,2.8783,1395158,0
1996-04-04,2.8866,2.8866,2.8783,2.8783,316427,0
1996-04-09,2.9463,2.9463,2.7935,2.8052,1909459,0
1996-04-11,2.7554,2.9279,2.7554,2.8418,1509029,0
1996-04-12,2.8418,2.8418,2.8418,2.8418,273064,0
1996-04-15,2.9085,2.924,2.7832,2.8144,1367066,0
1996-04-16,2.8196,2.9294,2.7882,2.8508,201090,0
1996-04-17,2.9004,2.9159,2.8144,2.8144,1908790,0
1996-04-18,2.8967,2.8967,2.8967,2.8967,86221,0
1996-04-19,2.9256,2.9256,2.7688,2.8783,3595767,0
1996-04-22,2.77,2.9426,2.77,2.9426,244394,0
1996-04-23,2.8601,2.899,2.7736,2.8601,1794818,0
1996-04-24,2.7856,2.8795,2.7231,2.7231,5003299,0
1996-04-25,2.7205,2.8301,2.6892,2.8144,2273646,0
1996-04-26,2.8144,2.8144,2.7518,2.8144,158293,0
1996-04-29,2.6914,2.7779,2.6914,2.7779,388224,0
1996-04-30,2.8693,2.8693,2.8693,2.8693,43053,0
1996-05-01,2.7361,2.8144,2.7048,2.8144,1841942,0
1996-05-02,2.7856,2.8326,2.6916,2.7231,287547,0
1996-05-03,2.7868,2.7868,2.7712,2.7868,1120879,0
1996-05-06,2.7868,2.7868,2.7868,2.7868,273036,0
1996-05-07,2.7868,2.7868,2.7086,2.7868,431105,0
1996-05-09,2.8467,2.8467,2.7139,2.7139,201403,0
1996-05-10,2.7286,2.8925,2.7286,2.8144,920971,0
1996-05-13,2.7567,2.8349,2.7567,2.7962,4740496,0
1996-05-14,2.7537,2.9085,2.7537,2.8144,762678,0
1996-05-15,2.9273,2.9273,2.7779,2.7779,486120,0
1996-05-16,2.8376,2.8376,2.8144,2.8144,9148260,0
1996-05-17,2.7741,2.9242,2.7741,2.9242,114201,0
1996-05-20,2.8319,2.8319,2.7686,2.7686,386170,0
1996-05-21,2.8508,2.8508,2.8508,2.8508,28571,0
1996-05-22,2.7686,2.7686,2.7686,2.7686,42909,0
1996-05-23,2.8366,2.9311,2.7738,2.8052,1584708,0
1996-05-24,2.7686,2.7686,2.7686,2.7686,28607,0
1996-05-28,2.9311,2.9311,2.8052,2.8052,114211,0
1996-05-29,2.8171,2.8327,2.8171,2.8327,285947,0
1996-05-30,2.8709,2.8709,2.8235,2.8235,470709,0
1996-05-31,2.8986,3.0246,2.8829,3.0246,1513992,0
1996-06-03,2.8662,2.9607,2.8662,2.9607,442913,0
1996-06-04,2.8651,2.9048,2.8651,2.8967,671740,0
1996-06-05,2.8651,2.9048,2.8651,2.8967,800368,0
1996-06-07,2.881,2.8967,2.881,2.8967,157215,0
1996-06-10,2.9189,2.9189,2.8877,2.8877,1582819,0
1996-06-11,2.8977,2.9607,2.8819,2.9607,1300164,0
1996-06-13,2.8877,2.8877,2.8877,2.8877,28519,0
1996-06-14,2.8803,3.0222,2.8803,2.9514,385967,0
1996-06-17,2.9971,2.9971,2.9971,2.9971,28526,0
1996-06-18,2.9665,2.9665,2.8877,2.8877,869839,0
1996-06-19,2.9426,2.9426,2.9426,2.9426,85797,0
1996-06-20,2.8877,3.0297,2.8877,2.8877,156854,0
1996-06-21,3.0242,3.0242,2.8508,2.8508,742799,0
1996-06-24,2.8235,2.8868,2.8235,2.8235,242489,0
1996-06-25,2.947,2.947,2.7423,2.8052,1342003,0
1996-06-26,2.7054,2.7139,2.7054,2.7139,228849,0
1996-06-27,2.8384,2.8384,2.6649,2.7598,2168798,0
1996-06-28,2.649,2.7753,2.5859,2.5859,1098735,0
1996-07-01,2.7551,2.7551,2.6132,2.6132,1200512,0
1996-07-02,2.5986,2.6931,2.5986,2.6773,642893,0
1996-07-03,2.6941,2.6941,2.6865,2.6865,485571,0
1996-07-05,2.8217,2.8217,2.6956,2.6956,399648,0
1996-07-09,2.7711,2.8658,2.661,2.7868,1500402,0
1996-07-10,2.7279,2.8151,2.7279,2.7598,199758,0
1996-07-11,2.8266,2.8266,2.7398,2.7868,643028,0
1996-07-12,2.7836,2.7836,2.7598,2.7598,171222,0
1996-07-15,2.7414,2.7414,2.7414,2.7414,171379,0
1996-07-16,2.7398,2.8185,2.7398,2.7868,985978,0
1996-07-17,2.7775,2.9426,2.7775,2.9426,471893,0
1996-07-18,2.8764,2.8841,2.8052,2.8052,756660,0
1996-07-19,2.9639,2.9639,2.8062,2.8693,627969,0
1996-07-22,2.7986,2.948,2.7986,2.8693,228353,0
1996-07-23,2.8025,2.8144,2.7948,2.8144,628807,0
1996-07-25,2.8235,2.8235,2.8235,2.8235,42791,0
1996-07-26,2.7447,2.8235,2.7447,2.8235,427919,0
1996-07-29,2.9426,2.9426,2.9426,2.9426,114398,0
1996-07-30,2.9163,2.9163,2.8693,2.8693,356800,0
1996-07-31,2.8327,2.9743,2.8327,2.8327,71487,0
1996-08-01,2.979,2.979,2.979,2.979,71375,0
1996-08-02,2.836,2.9306,2.836,2.9149,528358,0
1996-08-05,2.8483,2.8483,2.8327,2.8327,2058815,0
1996-08-06,2.9962,2.9962,2.8386,2.9329,313888,0
1996-08-07,2.8366,2.8366,2.8052,2.8052,1470493,0
1996-08-09,2.9607,2.9607,2.9607,2.9607,28578,0
1996-08-12,2.8087,2.8877,2.8087,2.8877,199635,0
1996-08-13,2.836,2.9149,2.836,2.9149,328440,0
1996-08-14,3.0153,3.0153,3.0153,3.0153,226833,0
1996-08-15,3.0607,3.0607,2.9335,2.9971,156071,0
1996-08-19,3.0153,3.0153,3.0153,3.0153,2526693,0
1996-08-20,2.9149,3.0892,2.9149,2.9149,127826,0
1996-08-23,2.934,3.0929,2.934,3.0613,737667,0
1996-08-26,2.979,2.979,2.979,2.979,42601,0
1996-08-27,2.9454,3.0246,2.9454,3.0246,113668,0
1996-08-28,2.9645,3.1073,2.9645,3.052,638685,0
1996-08-29,3.1052,3.1052,3.042,3.0977,738480,0
1996-09-03,3.1342,3.1342,3.1342,3.1342,383778,0
1996-09-04,3.1526,3.1526,3.0733,3.1526,468697,0
1996-09-05,2.9955,3.1538,2.9955,3.0429,752449,0
1996-09-06,3.1342,3.1342,3.1342,3.1342,127925,0
1996-09-09,3.008,3.0791,3.008,3.0153,326072,0
1996-09-10,3.1063,3.1063,3.0429,3.0429,227154,0
1996-09-11,3.1366,3.1925,3.0417,3.1526,752757,0
1996-09-12,3.0794,3.0794,3.0794,3.0794,127573,0
1996-09-13,3.1415,3.2366,3.1415,3.1892,425440,0
1996-09-16,3.2006,3.2164,3.2006,3.2164,880420,0
1996-09-17,3.1921,3.2714,3.1921,3.2714,1775555,0
1996-09-19,3.198,3.198,3.198,3.198,113691,0
1996-09-20,3.1987,3.2622,3.1987,3.2622,1974961,0
1996-09-23,3.198,3.198,3.198,3.198,227375,0
1996-09-24,3.198,3.198,3.198,3.198,28423,0
1996-09-26,3.2081,3.2948,3.2081,3.2714,3309632,0
1996-09-27,3.2074,3.2074,3.2074,3.2074,42621,0
1996-09-30,3.2074,3.2074,3.2074,3.2074,198900,0
1996-10-01,3.2464,3.2622,3.2464,3.2622,468874,0
1996-10-02,3.2118,3.3782,3.2118,3.2987,156061,0
1996-10-03,3.2113,3.2348,3.2113,3.2348,709481,0
1996-10-11,3.2663,3.2663,3.2113,3.2348,468257,0
1996-10-14,3.2074,3.2074,3.2074,3.2074,28415,0
1996-10-16,3.2308,3.2308,3.2074,3.2074,127862,0
1996-10-17,3.2065,3.2065,3.198,3.198,3026967,0
1996-10-18,3.2299,3.2299,3.198,3.198,71055,0
1996-10-21,3.198,3.198,3.198,3.198,113691,0
1996-10-22,3.198,3.198,3.198,3.198,42634,0
1996-10-23,3.3249,3.3249,3.198,3.198,2870644,0
1996-10-24,3.2257,3.2257,3.2257,3.2257,780799,0
1996-10-28,3.1892,3.1892,3.1892,3.1892,170174,0
1996-10-29,3.1892,3.1892,3.1892,3.1892,397075,0
1996-10-30,3.1835,3.3262,3.1835,3.3262,127851,0
1996-10-31,3.1892,3.1892,3.1892,3.1892,70905,0
1996-11-06,3.198,3.198,3.198,3.198,28354,0
1996-11-07,3.198,3.198,3.198,3.198,70886,0
1996-11-08,3.198,3.198,3.198,3.198,312646,0
1996-11-11,3.1953,3.2348,3.1953,3.2348,979082,0
1996-11-12,3.2333,3.2333,3.2257,3.2257,1036333,0
1996-11-13,3.253,3.253,3.253,3.253,1410992,0
1996-11-15,3.2134,3.253,3.2134,3.253,282197,0
1996-11-18,3.2112,3.2506,3.2112,3.2348,282401,0
1996-11-19,3.253,3.253,3.253,3.253,1284005,0
1996-11-21,3.2879,3.2879,3.2164,3.2164,267840,0
1996-11-22,3.209,3.2164,3.209,3.2164,480431,0
1996-11-25,3.3123,3.3123,3.2092,3.2804,1766150,0
1996-11-26,3.2499,3.3137,3.2105,3.2622,395440,0
1996-11-27,3.253,3.253,3.253,3.253,28222,0
1996-11-29,3.2164,3.2164,3.2164,3.2164,84580,0
1996-12-02,3.2483,3.312,3.2164,3.2164,84784,0
1996-12-03,3.3192,3.3192,3.2714,3.2714,42298,0
1996-12-04,3.2641,3.2641,3.2164,3.2164,113043,0
1996-12-05,3.2714,3.2714,3.2714,3.2714,42298,0
1996-12-06,3.2176,3.2896,3.2176,3.2896,226008,0
1996-12-09,3.2164,3.2164,3.2164,3.2164,28261,0
1996-12-10,3.2373,3.4128,3.2297,3.3809,2144481,0
1996-12-11,3.4396,3.4396,3.2804,3.2804,310842,0
1996-12-12,3.2851,3.4287,3.2851,3.317,479711,0
1996-12-13,3.4446,3.4446,3.317,3.317,380947,0
1996-12-16,3.3729,3.3729,3.317,3.317,352730,0
1996-12-18,3.429,3.445,3.3811,3.445,239831,0
1996-12-19,3.4383,3.5182,3.3747,3.5182,1540643,0
1996-12-20,3.5269,3.5269,3.3834,3.4633,874091,0
1996-12-23,3.5363,3.5363,3.5363,3.5363,42376,0
1996-12-24,3.4085,3.4085,3.4085,3.4085,84762,0
1996-12-26,3.5363,3.5363,3.5363,3.5363,42376,0
1996-12-27,3.4545,3.4545,3.399,3.399,226130,0
1996-12-30,3.4633,3.4633,3.4633,3.4633,324260,0
1996-12-31,3.399,3.399,3.399,3.399,70495,0
1997-01-02,3.4723,3.4723,3.4087,3.4723,226015,0
1997-01-03,3.4087,3.4723,3.4087,3.4723,550912,0
1997-01-07,3.4242,3.4242,3.4085,3.4085,169523,0
1997-01-09,3.4075,3.527,3.4075,3.527,480450,0
1997-01-10,3.4723,3.4723,3.4723,3.4723,28253,0
1997-01-13,3.491,3.5788,3.491,3.5546,197619,0
1997-01-14,3.541,3.5727,3.5248,3.5727,677106,0
1997-01-16,3.5089,3.5089,3.5089,3.5089,28216,0
1997-01-17,3.5076,3.5873,3.5076,3.5638,352807,0
1997-01-21,3.5638,3.5638,3.5638,3.5638,197573,0
1997-01-22,3.5248,3.5727,3.5248,3.5727,352660,0
1997-01-23,3.6207,3.6207,3.5248,3.5727,380873,0
1997-01-24,3.5582,3.5582,3.5182,3.5182,579507,0
1997-01-27,3.5638,3.5638,3.5638,3.5638,268131,0
1997-01-28,3.6184,3.6184,3.5707,3.6184,423444,0
1997-01-29,3.591,3.591,3.591,3.591,155427,0
1997-01-31,3.5182,3.5182,3.5182,3.5182,84622,0
1997-02-03,3.5646,3.6004,3.5646,3.6004,42373,0
1997-02-04,3.6142,3.6459,3.5346,3.6459,2557913,0
1997-02-05,3.5546,3.5546,3.5546,3.5546,42347,0
1997-02-06,3.6329,3.6329,3.5727,3.5727,126958,0
1997-02-07,3.6993,3.6993,3.6277,3.6277,479793,0
1997-02-10,3.6981,3.6981,3.5546,3.5546,112927,0
1997-02-11,3.6938,3.6938,3.5504,3.6459,268511,0
1997-02-12,3.5507,3.7098,3.5507,3.7098,84788,0
1997-02-13,3.631,3.6552,3.631,3.6552,42388,0
1997-02-14,3.6322,3.6322,3.5525,3.6004,155363,0
1997-02-18,3.7006,3.7006,3.557,3.6368,169270,0
1997-02-19,3.7373,3.7373,3.7373,3.7373,42081,0
1997-02-20,3.733,3.733,3.5726,3.6368,744325,0
1997-02-21,3.6643,3.6643,3.6643,3.6643,785802,0
1997-02-24,3.7147,3.7147,3.6184,3.6184,379419,0
1997-02-25,3.6184,3.6184,3.6027,3.6184,84317,0
1997-02-26,3.6229,3.719,3.6229,3.719,42107,0
1997-02-27,3.7008,3.7008,3.6367,3.7008,435373,0
1997-02-28,3.7693,3.7693,3.7373,3.7373,42081,0
1997-03-03,3.719,3.8312,3.671,3.719,350897,0
1997-03-04,3.8258,3.8334,3.7371,3.8012,855716,0
1997-03-05,3.8334,3.9136,3.8012,3.8012,575154,0
1997-03-06,3.797,3.8288,3.7649,3.7649,238760,0
1997-03-07,3.7625,3.8105,3.7625,3.8105,548086,0
1997-03-10,3.7691,3.8258,3.7691,3.8012,378759,0
1997-03-11,3.879,3.9108,3.8391,3.9108,322861,0
1997-03-12,3.8378,3.8378,3.8378,3.8378,112339,0
1997-03-13,3.893,3.9087,3.7649,3.7649,323030,0
1997-03-17,3.7649,3.837,3.7649,3.7649,393252,0
1997-03-18,3.8369,3.8369,3.7649,3.8287,168543,0
1997-03-19,3.9106,3.9748,3.7665,3.9748,1488034,0
1997-03-20,4.0665,4.0665,3.9382,4.0665,196764,0
1997-03-21,4.0823,4.0823,3.9383,4.0024,618390,0
1997-03-24,3.9293,3.9293,3.9293,3.9293,28062,0
1997-03-25,3.9268,4.0391,3.9268,3.9748,421141,0
1997-03-26,4.023,4.023,3.9748,3.9748,154417,0
1997-03-27,3.9746,4.0389,3.9746,4.0389,379040,0
1997-03-31,4.0342,4.0665,4.0342,4.0665,112436,0
1997-04-01,4.0092,4.0572,4.0092,4.0572,280617,0
1997-04-02,4.048,4.048,4.048,4.048,112284,0
1997-04-03,4.0521,4.0521,4.0076,4.048,477215,0
1997-04-04,4.0052,4.0697,4.0052,4.0298,519614,0
1997-04-07,4.0024,4.0024,4.0024,4.0024,84327,0
1997-04-08,4.0067,4.0389,4.0067,4.0389,393077,0
1997-04-09,4.0547,4.0547,4.0389,4.0389,350963,0
1997-04-10,4.0665,4.0665,4.0665,4.0665,70273,0
1997-04-11,4.0024,4.0024,4.0024,4.0024,112434,0
1997-04-14,4.0665,4.0665,4.0665,4.0665,28108,0
1997-04-16,3.9888,3.9888,3.8927,3.8927,463507,0
1997-04-17,3.8927,3.8927,3.8927,3.8927,42136,0
1997-04-21,3.8432,3.9071,3.7791,3.8836,1601799,0
1997-04-22,3.847,3.847,3.847,3.847,547442,0
1997-04-23,3.8107,3.8107,3.6183,3.6825,899390,0
1997-04-24,3.7098,3.7098,3.7098,3.7098,1684954,0
1997-04-25,3.7116,3.7116,3.6552,3.6552,1978966,0
1997-04-28,3.6552,3.6552,3.6552,3.6552,463162,0
1997-04-29,3.6552,3.6552,3.6552,3.6552,856150,0
1997-04-30,3.6184,3.6184,3.6184,3.6184,84317,0
1997-05-01,3.6871,3.8475,3.6552,3.6552,7368491,0
1997-05-02,3.8152,3.8152,3.719,3.719,126322,0
1997-05-05,3.7465,3.7465,3.7465,3.7465,112198,0
1997-05-06,3.7436,3.7436,3.6552,3.6552,154386,0
1997-05-07,3.6549,3.815,3.6549,3.7832,673749,0
1997-05-08,3.7167,3.797,3.7167,3.7649,632016,0
1997-05-09,3.7832,3.7832,3.7832,3.7832,126327,0
1997-05-12,3.7649,3.7649,3.7649,3.7649,126403,0
1997-05-13,3.8147,3.9108,3.7829,3.9108,659764,0
1997-05-15,3.8344,4.0275,3.8344,4.0115,893839,0
1997-05-16,4.0749,4.0749,3.9384,3.9384,307330,0
1997-05-19,4.103,4.103,4.103,4.103,27967,0
1997-05-20,3.9019,3.9019,3.9019,3.9019,69775,0
1997-05-22,3.9027,3.9108,3.9027,3.9108,153476,0
1997-05-23,4.0572,4.0572,4.0572,4.0572,83850,0
1997-05-27,4.0572,4.0572,4.0572,4.0572,111802,0
1997-05-28,3.8672,4.0205,3.8672,4.0205,223416,0
1997-05-29,4.0572,4.0572,4.0572,4.0572,433235,0
1997-05-30,3.9108,3.9108,3.9108,3.9108,27958,0
1997-06-02,4.0557,4.0557,3.9108,3.9108,125821,0
1997-06-03,3.9344,3.9748,3.9344,3.9748,111634,0
1997-06-04,4.0572,4.0572,4.0572,4.0572,111802,0
1997-06-05,3.9986,3.9986,3.9019,3.9019,237235,0
1997-06-06,3.8695,3.9986,3.8695,3.9019,418653,0
1997-06-10,3.9293,3.9293,3.9293,3.9293,125749,0
1997-06-11,3.9293,3.9293,3.9293,3.9293,27942,0
1997-06-12,3.9346,3.983,3.8057,3.8378,320922,0
1997-06-13,3.9019,3.9986,3.8051,3.9019,669842,0
1997-06-16,3.8143,3.9108,3.8143,3.9108,153782,0
1997-06-17,3.9316,3.9475,3.9316,3.9475,782014,0
1997-06-18,3.8495,3.9384,3.8495,3.9384,307330,0
1997-06-19,3.847,3.9275,3.847,3.847,167740,0
1997-06-20,4.0098,4.0098,3.8487,3.9293,433140,0
1997-06-23,3.8492,3.8654,3.8492,3.8654,391177,0
1997-06-24,3.9332,3.9935,3.8649,3.9293,768472,0
1997-06-25,3.8533,3.9019,3.8533,3.9019,111640,0
1997-06-27,3.9737,4.0298,3.8685,4.0298,572309,0
1997-06-30,4.0469,4.0469,3.8857,3.9019,627977,0
1997-07-01,3.9104,3.9748,3.9104,3.9748,461388,0
1997-07-02,4.0581,4.0581,3.9293,3.9293,223555,0
1997-07-03,3.9293,3.9293,3.9293,3.9293,41916,0
1997-07-07,4.0252,4.0894,3.9121,4.0572,2291953,0
1997-07-08,3.9475,3.9634,3.9475,3.9475,516687,0
1997-07-09,4.1214,4.1214,4.0572,4.0572,419258,0
1997-07-10,4.1581,4.1581,3.997,4.0935,963272,0
1997-07-11,4.0137,4.0457,4.0137,4.0298,348970,0
1997-07-14,4.0958,4.1681,4.0552,4.1121,433430,0
1997-07-15,4.0609,4.2298,4.0449,4.1577,670185,0
1997-07-16,4.0609,4.2058,4.0609,4.1577,781882,0
1997-07-17,4.2054,4.2216,4.1572,4.2216,2010789,0
1997-07-18,4.1511,4.2155,4.103,4.103,2824812,0
1997-07-21,4.2711,4.2711,4.0935,4.0935,823667,0
1997-07-22,4.142,4.142,4.0935,4.0935,349010,0
1997-07-23,4.2538,4.2538,3.9475,3.9475,726157,0
1997-07-24,4.0945,4.0945,3.9658,3.9658,69785,0
1997-07-25,3.9658,3.9658,3.9658,3.9658,167481,0
1997-07-28,3.9658,3.9658,3.9336,3.9658,1423606,0
1997-07-29,3.847,3.847,3.847,3.847,69894,0
1997-07-30,4.0416,4.0898,3.945,3.9931,544976,0
1997-07-31,4.0197,4.0197,4.0115,4.0115,824008,0
1997-08-04,4.1039,4.1039,3.9108,3.9108,69901,0
1997-08-05,4.0457,4.0457,4.0298,4.0298,265214,0
1997-08-06,3.9647,4.0935,3.9647,4.0935,1019117,0
1997-08-07,4.0525,4.0922,4.0525,4.0847,432922,0
1997-08-08,3.9931,3.9931,3.9931,3.9931,41922,0
1997-08-11,4.1902,4.1902,4.0935,4.0935,153565,0
1997-08-12,3.9956,4.0847,3.9956,4.0847,125688,0
1997-08-13,4.1121,4.1121,4.1121,4.1121,542038,0
1997-08-14,4.1121,4.1121,4.1121,4.1121,194577,0
1997-08-15,4.1084,4.1084,4.0115,4.0115,778966,0
1997-08-18,4.0789,4.1758,4.0789,4.1758,347525,0
1997-08-19,4.0115,4.1084,4.0115,4.0115,306025,0
1997-08-20,4.2054,4.2054,4.0115,4.0115,111280,0
1997-08-21,4.1077,4.1077,4.0753,4.0753,69565,0
1997-08-22,4.0122,4.1577,4.0122,4.1577,194712,0
1997-08-25,4.1622,4.1622,3.9841,3.9841,1125325,0
1997-08-26,3.984,4.0572,3.984,4.0572,722448,0
1997-08-27,4.1408,4.1732,4.0115,4.0115,194742,0
1997-08-28,4.0759,4.2216,4.0196,4.2216,1126752,0
1997-08-29,4.0591,4.2696,4.0591,4.0753,723457,0
1997-09-02,4.0789,4.1758,4.0789,4.1758,125110,0
1997-09-03,4.1825,4.1825,4.0935,4.0935,69526,0
1997-09-04,4.2765,4.2765,4.2765,4.2765,69451,0
1997-09-08,4.2427,4.2427,4.1135,4.1943,458507,0
1997-09-09,4.1121,4.1121,4.1121,4.1121,69492,0
1997-09-10,4.2765,4.2765,4.2765,4.2765,69451,0
1997-09-11,4.2738,4.2738,4.1121,4.1121,111188,0
1997-09-15,4.2765,4.2765,4.2765,4.2765,125009,0
1997-09-16,4.2092,4.2092,4.1121,4.1121,611530,0
1997-09-18,4.2765,4.2765,4.2765,4.2765,1194539,0
1997-09-19,4.1577,4.1577,4.1577,4.1577,83447,0
1997-09-22,4.3404,4.3404,4.3404,4.3404,27784,0
1997-09-24,4.3354,4.3354,4.1577,4.1577,69540,0
1997-09-25,4.3361,4.3361,4.3039,4.3039,389373,0
1997-09-26,4.1901,4.7244,4.1901,4.7244,1849644,0
1997-09-29,4.6329,4.6329,4.6329,4.6329,1930710,0
1997-09-30,4.6618,4.6618,4.5323,4.5323,83401,0
1997-10-01,4.6197,4.6197,4.4502,4.4502,347608,0
1997-10-02,4.459,4.5323,4.459,4.5323,194604,0
1997-10-03,4.6307,4.6307,4.509,4.6145,222340,0
1997-10-06,4.3901,4.4389,4.374,4.4226,1958305,0
1997-10-09,4.5416,4.5416,4.5416,4.5416,83376,0
1997-10-10,4.5425,4.6969,4.5185,4.6969,625161,0
1997-10-13,4.5301,4.6513,4.5301,4.6513,83441,0
1997-10-15,4.7543,4.7543,4.4797,4.6329,69568,0
1997-10-17,4.4486,4.578,4.4486,4.578,41728,0
1997-10-20,4.5772,4.5772,4.4478,4.5689,542532,0
1997-10-22,4.4549,4.5597,4.4549,4.5597,972277,0
1997-10-23,4.4226,4.4226,4.4226,4.4226,41665,0
1997-10-27,4.6311,4.6311,4.4043,4.4043,69476,0
1997-10-28,4.5295,4.578,4.2708,4.578,458993,0
1997-10-29,4.496,4.496,4.496,4.496,69567,0
1997-10-30,4.3381,4.5002,4.241,4.3221,625471,0
1997-10-31,4.2773,4.5689,4.2773,4.5689,194426,0
1997-11-04,4.3503,4.3586,4.3503,4.3586,194406,0
1997-11-05,4.3586,4.3586,4.3586,4.3586,222178,0
1997-11-06,4.3404,4.3404,4.3404,4.3404,41678,0
1997-11-07,4.5323,4.5323,4.5323,4.5323,319704,0
1997-11-10,4.3404,4.3404,4.3404,4.3404,222283,0
1997-11-11,4.3586,4.3586,4.3586,4.3586,194406,0
1997-11-12,4.334,4.4236,4.3261,4.3586,1189761,0
1997-11-14,4.2948,4.2948,4.2948,4.2948,165972,0
1997-11-17,4.39,4.4226,4.39,4.4226,152218,0
1997-11-18,4.3536,4.4186,4.3536,4.3861,83105,0
1997-11-19,4.3597,4.3597,4.2948,4.2948,387266,0
1997-11-20,4.5416,4.5416,4.5416,4.5416,41467,0
1997-11-21,4.3861,4.3861,4.3861,4.3861,124656,0
1997-11-24,4.4591,4.4591,4.4591,4.4591,235030,0
1997-11-26,4.3547,4.4522,4.3221,4.3221,387723,0
1997-12-01,4.5505,4.5505,4.5505,4.5505,761442,0
1997-12-02,4.5505,4.5505,4.5505,4.5505,69222,0
1997-12-03,4.3291,4.4591,4.2965,4.4591,373282,0
1997-12-04,4.4591,4.4591,4.4591,4.4591,27651,0
1997-12-05,4.449,4.449,4.2948,4.2948,221293,0
1997-12-08,4.4591,4.4591,4.4591,4.4591,82953,0
1997-12-09,4.3931,4.5557,4.2954,4.5231,1313736,0
1997-12-10,4.4659,4.5231,4.4659,4.5231,912701,0
1997-12-12,4.4401,4.4401,4.3586,4.3586,69173,0
1997-12-15,4.4236,4.5214,4.3586,4.3586,387365,0
1997-12-17,4.5059,4.5059,4.3759,4.441,304296,0
1997-12-18,4.3586,4.505,4.3586,4.3586,276690,0
1997-12-19,4.2948,4.2948,4.2948,4.2948,373434,0
1997-12-22,4.3024,4.3024,4.2948,4.2948,221293,0
1997-12-24,4.2784,4.2948,4.2784,4.2948,193633,0
1997-12-26,4.4863,4.4863,4.4863,4.4863,41524,0
1997-12-29,4.2593,4.2674,4.2593,4.2674,110716,0
1997-12-30,4.3556,4.4043,4.3556,4.4043,41533,0
1997-12-31,4.3883,4.3883,4.258,4.258,235348,0
1998-01-02,4.2561,4.3861,4.2561,4.3861,346263,0
1998-01-05,4.3586,4.3586,4.3586,4.3586,27670,0
1998-01-06,4.3586,4.3586,4.3586,4.3586,124510,0
1998-01-07,4.2397,4.2397,4.2397,4.2397,152356,0
1998-01-08,4.2485,4.2485,4.2321,4.2397,110583,0
1998-01-09,4.2148,4.4913,4.0847,4.0847,193570,0
1998-01-12,4.0847,4.0847,4.0847,4.0847,165916,0
1998-01-13,4.0669,4.0669,3.7738,3.7738,1618333,0
1998-01-14,3.9041,3.9041,3.7738,3.7738,165983,0
1998-01-15,4.0298,4.0298,4.0298,4.0298,498493,0
1998-01-16,3.9841,3.9841,3.7238,3.9841,1342134,0
1998-01-20,4.039,4.039,3.8927,3.8927,263045,0
1998-01-21,3.7738,3.7738,3.7738,3.7738,27664,0
1998-01-23,3.7707,3.9335,3.7707,3.8195,650631,0
1998-01-26,3.8385,3.8547,3.8385,3.847,608671,0
1998-01-27,3.7738,3.7738,3.7738,3.7738,82991,0
1998-01-28,4.1284,4.1284,3.8033,3.8195,719845,0
1998-01-29,4.1631,4.1631,3.8378,3.8378,83014,0
1998-02-02,3.856,3.856,3.856,3.856,497832,0
1998-02-03,3.8604,3.9658,3.8604,3.9658,387617,0
1998-02-04,3.9658,3.9658,3.9658,3.9658,567583,0
1998-02-05,3.9019,3.9019,3.9019,3.9019,124557,0
1998-02-06,3.9019,3.9019,3.9019,3.9019,83036,0
1998-02-10,4.0325,4.0325,3.9108,3.9108,318258,0
1998-02-13,3.9132,4.0389,3.9132,4.0389,82975,0
1998-02-17,3.9698,4.0024,3.9698,4.0024,82977,0
1998-02-18,3.9658,3.9658,3.9658,3.9658,83061,0
1998-02-19,4.0015,4.0015,3.9203,3.9203,82995,0
1998-02-20,3.9173,3.9658,3.9173,3.9658,470679,0
1998-02-23,4.0389,4.0389,4.0389,4.0389,27691,0
1998-02-25,3.9203,3.9203,3.9203,3.9203,41284,0
1998-02-26,3.917,4.0841,3.917,4.0024,950355,0
1998-02-27,4.2699,4.2699,3.9591,4.0572,233812,0
1998-03-02,3.9232,3.9232,3.8744,3.8744,467959,0
1998-03-03,3.9867,4.0847,3.9867,4.0847,426913,0
1998-03-04,3.9384,3.9384,3.9384,3.9384,110149,0
1998-03-05,3.9237,3.9568,3.826,3.9568,798177,0
1998-03-06,4.0416,4.0416,3.9841,3.9841,1198854,0
1998-03-09,3.9208,3.9293,3.9208,3.9293,1611436,0
1998-03-10,3.9057,4.0123,3.9057,3.9384,454359,0
1998-03-11,4.0572,4.0572,3.9427,4.0572,220055,0
1998-03-12,3.9676,4.0572,3.9676,4.0572,123782,0
1998-03-13,4.1303,4.1303,4.1303,4.1303,110259,0
1998-03-16,4.1196,4.1852,4.1196,4.1852,605581,0
1998-03-17,4.2126,4.2126,4.2126,4.2126,316949,0
1998-03-18,4.0695,4.2492,4.0695,4.2492,509407,0
1998-03-19,4.2493,4.2493,4.1346,4.1758,302884,0
1998-03-20,4.349,4.349,4.12,4.2674,151378,0
1998-03-23,4.2767,4.2767,4.2031,4.2031,165081,0
1998-03-24,4.1183,4.2492,4.1183,4.2492,564480,0
1998-03-25,4.1745,4.3131,4.0844,4.3131,426941,0
1998-03-26,4.2818,4.5269,4.2492,4.2492,536946,0
1998-03-27,4.4175,4.4749,4.3444,4.3768,619950,0
1998-03-30,4.5416,4.5416,4.5416,4.5416,41322,0
1998-03-31,4.5795,4.6123,4.5141,4.5141,1155596,0
1998-04-01,4.5127,4.6838,4.5127,4.578,798164,0
1998-04-03,4.6969,4.6969,4.6969,4.6969,165259,0
1998-04-07,4.6982,4.6982,4.5597,4.5597,165209,0
1998-04-08,4.5914,4.706,4.5914,4.706,275169,0
1998-04-09,4.706,4.8041,4.706,4.706,3373616,0
1998-04-13,4.6395,4.7286,4.5416,4.5416,619790,0
1998-04-14,4.5472,4.7435,4.5472,4.5963,949143,0
1998-04-15,4.638,4.7686,4.6054,4.6054,1295062,0
1998-04-16,4.6787,4.6787,4.6787,4.6787,316351,0
1998-04-17,4.6418,4.6418,4.6169,4.6418,646988,0
1998-04-20,4.6256,4.6824,4.6256,4.6418,316611,0
1998-04-21,4.6418,4.6418,4.6418,4.6418,41297,0
1998-04-22,4.6131,4.6787,4.6131,4.6787,660209,0
1998-04-23,4.6066,4.6636,4.5576,4.6145,771310,0
1998-04-24,4.578,4.6434,4.578,4.578,1458712,0
1998-04-27,4.6087,4.6411,4.6087,4.6329,1005035,0
1998-04-28,4.64,4.6479,4.6237,4.6418,1872930,0
1998-04-29,4.674,4.7068,4.6329,4.6329,509400,0
1998-04-30,4.6732,4.706,4.6242,4.706,110160,0
1998-05-01,4.6236,4.6969,4.6236,4.6969,151490,0
1998-05-04,4.6582,4.6582,4.6256,4.6418,578162,0
1998-05-05,4.638,4.6418,4.6256,4.6418,110128,0
1998-05-06,4.6256,4.6909,4.6256,4.6418,660756,0
1998-05-07,4.6261,4.7244,4.6261,4.7244,1569121,0
1998-05-08,4.7244,4.7244,4.6424,4.7244,220228,0
1998-05-11,4.6451,4.6693,4.6451,4.6693,261369,0
1998-05-12,4.638,4.7033,4.638,4.6787,165329,0
1998-05-13,4.6458,4.6787,4.6458,4.6787,715227,0
1998-05-14,4.6693,4.6693,4.6451,4.6693,467712,0
1998-05-15,4.6693,4.6693,4.6693,4.6693,68780,0
1998-05-18,4.6237,4.6439,4.6237,4.6237,647259,0
1998-05-19,4.638,4.6706,4.638,4.6418,316880,0
1998-05-20,4.6676,4.7497,4.6676,4.7333,2957063,0
1998-05-21,4.7168,4.7497,4.7168,4.7333,4148106,0
1998-05-22,4.6973,4.7426,4.6973,4.7426,1645339,0
1998-05-26,4.6602,4.6602,4.6602,4.6602,123408,0
1998-05-27,4.6604,4.7426,4.6604,4.7426,808958,0
1998-05-28,4.6425,4.7663,4.6425,4.7333,616055,0
1998-06-02,4.6969,4.7213,4.6969,4.6969,82205,0
1998-06-03,4.7584,4.7584,4.7006,4.7333,754210,0
1998-06-04,4.6999,4.7244,4.6999,4.7244,506598,0
1998-06-05,4.7333,4.7333,4.7333,4.7333,27405,0
1998-06-08,4.7244,4.7244,4.7244,4.7244,109640,0
1998-06-09,4.7333,4.7333,4.7333,4.7333,424393,0
1998-06-11,4.7073,4.7171,4.6969,4.6969,82205,0
1998-06-12,4.7005,4.7333,4.7005,4.7333,643435,0
1998-06-15,4.6969,4.6969,4.6969,4.6969,493231,0
1998-06-17,4.7272,4.7354,4.7272,4.7333,1519603,0
1998-06-18,4.7143,4.7307,4.698,4.706,493098,0
1998-06-19,4.6598,4.7333,4.6598,4.7333,905051,0
1998-06-22,4.6969,4.6969,4.6969,4.6969,4343167,0
1998-06-23,4.6507,4.6961,4.6342,4.6418,7037713,0
1998-06-24,4.6969,4.6969,4.6969,4.6969,27380,0
1998-06-25,4.6406,4.8959,4.6406,4.7971,766929,0
1998-06-26,4.8633,4.9435,4.8633,4.9435,41114,0
1998-06-29,4.706,5.0265,4.706,4.706,506795,0
1998-06-30,4.7279,4.9253,4.7117,4.9253,945640,0
1998-07-01,4.9268,4.9268,4.7296,4.8611,424706,0
1998-07-02,4.7114,4.8101,4.7114,4.7609,82235,0
1998-07-06,4.8611,4.9105,4.8611,4.8611,164402,0
1998-07-07,4.9265,4.9265,4.8197,4.8978,369922,0
1998-07-09,4.9232,4.9799,4.8575,4.9799,658143,0
1998-07-10,4.8611,4.8611,4.8611,4.8611,109601,0
1998-07-13,4.8611,4.8611,4.8611,4.8611,109601,0
1998-07-14,4.7958,5.108,4.7958,5.108,219185,0
1998-07-15,5.108,5.108,5.108,5.108,82195,0
1998-07-16,5.1404,5.2557,5.1404,5.2451,2123462,0
1998-07-17,5.0283,5.2542,5.0283,5.2542,68518,0
1998-07-20,5.3219,5.3547,5.3219,5.3547,1027369,0
1998-07-21,5.1848,5.1848,5.0617,5.1355,260125,0
1998-07-22,5.0533,5.0533,5.0167,5.0167,466264,0
1998-07-23,5.095,5.1445,4.9349,5.1445,752911,0
1998-07-24,5.1912,5.1912,4.9526,4.9526,68482,0
1998-07-27,4.8611,4.8611,4.8611,4.8611,68502,0
1998-07-28,4.7464,4.9291,4.7464,4.9253,273878,0
1998-07-29,5.1203,5.1203,4.8247,4.8247,123399,0
1998-07-30,4.7112,4.7112,4.6621,4.6787,1000557,0
1998-07-31,4.5326,4.7953,4.5326,4.6969,726144,0
1998-08-03,4.5028,4.5028,4.2236,4.4043,575019,0
1998-08-04,4.4045,4.4045,4.2,4.2492,1906366,0
1998-08-05,4.2072,4.5689,4.2072,4.5689,643452,0
1998-08-06,4.4015,4.9435,4.4015,4.9435,1219279,0
1998-08-07,4.9286,4.9942,4.6986,4.7971,369771,0
1998-08-10,4.661,4.9893,4.5967,4.9893,575803,0
1998-08-11,4.7764,4.7764,4.6327,4.6693,191911,0
1998-08-12,4.9259,4.9259,4.8066,4.8066,122701,0
1998-08-13,4.697,4.9253,4.697,4.9253,368159,0
1998-08-14,4.9872,5.0531,4.954,5.0531,4455419,0
1998-08-17,4.8186,5.033,4.8186,5.0167,490849,0
1998-08-18,4.9466,5.2511,4.9466,5.1445,3452322,0
1998-08-19,5.2805,5.2805,5.0167,5.0167,163617,0
1998-08-20,5.1379,5.1628,5.134,5.1628,450147,0
1998-08-21,4.9865,5.1263,4.9865,5.1263,1062943,0
1998-08-24,4.991,5.1355,4.991,5.1355,218186,0
1998-08-25,5.2779,5.2779,4.9893,4.9893,68204,0
1998-08-26,4.9801,5.0899,4.9801,5.0899,122797,0
1998-08-27,4.9797,5.1445,4.8477,5.1445,4284698,0
1998-08-28,4.8887,4.8887,4.8887,4.8887,68117,0
1998-08-31,5.1469,5.1469,4.8705,4.8705,641048,0
1998-09-01,4.6229,5.019,4.6229,4.916,463347,0
1998-09-02,4.8211,4.8211,4.7883,4.7883,163527,0
1998-09-03,4.8176,4.8255,4.7515,4.7515,231836,0
1998-09-04,4.7883,4.7883,4.7883,4.7883,27256,0
1998-09-08,4.8778,4.8778,4.7889,4.7971,1433070,0
1998-09-09,4.9531,4.9531,4.7883,4.7883,272546,0
1998-09-10,4.7495,4.8236,4.7495,4.8155,613944,0
1998-09-11,4.8887,4.9218,4.8887,4.8887,1089864,0
1998-09-14,4.8777,4.8777,4.7577,4.8155,191006,0
1998-09-15,4.8887,4.8887,4.8887,4.8887,27247,0
1998-09-16,4.72,4.9344,4.6868,4.9344,231779,0
1998-09-17,4.7497,4.7497,4.7333,4.7333,231924,0
1998-09-18,4.764,5.0988,4.7473,5.0988,653993,0
1998-09-21,5.0176,5.2816,5.0176,5.2816,504391,0
1998-09-22,5.1496,5.4427,5.1496,5.2816,340805,0
1998-09-23,5.2806,5.6767,5.2806,5.6564,749906,0
1998-09-24,5.7394,5.7394,5.4095,5.4095,422920,0
1998-09-25,5.3621,5.3621,5.3456,5.3456,231836,0
1998-09-30,5.309,5.309,5.309,5.309,40938,0
1998-10-01,5.4048,5.4048,5.1532,5.1904,422621,0
1998-10-02,5.3588,5.3588,5.2269,5.2269,122815,0
1998-10-05,5.0869,5.0869,4.839,4.8887,313336,0
1998-10-06,4.8213,5.2175,4.8213,5.2175,558702,0
1998-10-07,4.8001,5.0803,4.8001,5.0803,982093,0
1998-10-08,4.6897,4.6897,4.6237,4.6237,81754,0
1998-10-09,4.6885,4.9526,4.6885,4.9526,463389,0
1998-10-12,5.0167,5.0167,5.0167,5.0167,27269,0
1998-10-13,4.8211,5.2173,4.7883,4.7883,190782,0
1998-10-14,4.5863,4.8339,4.5863,4.8339,150021,0
1998-10-16,4.6374,5.2809,4.6374,4.9344,122706,0
1998-10-19,4.8068,4.8068,4.6787,4.6787,149965,0
1998-10-20,4.8099,4.9419,4.7971,4.7971,708440,0
1998-10-21,4.8746,4.9326,4.8746,4.916,1186582,0
1998-10-22,4.9267,4.9453,4.634,4.8978,804985,0
1998-10-23,4.8644,4.9344,4.8644,4.9344,259046,0
1998-10-26,4.5549,4.5549,4.3567,4.4226,1254359,0
1998-10-27,4.6675,4.6675,4.2962,4.6513,804876,0
1998-10-28,4.5597,4.5597,4.5597,4.5597,150072,0
1998-10-29,4.6513,4.6513,4.4942,4.6513,845800,0
1998-10-30,4.6204,4.6329,4.4265,4.6329,81884,0
1998-11-02,4.6276,4.6937,4.5867,4.6237,1636459,0
1998-11-03,4.4591,4.5087,4.4591,4.4591,762916,0
1998-11-04,4.5418,4.5457,4.4591,4.4591,81742,0
1998-11-05,4.5502,4.5995,4.5502,4.5871,259304,0
1998-11-09,4.6054,4.6054,4.6054,4.6054,81783,0
1998-11-11,4.4957,4.578,4.4957,4.578,300028,0
1998-11-12,4.6054,4.6054,4.6054,4.6054,163569,0
1998-11-13,4.5976,4.6513,4.5601,4.6513,341047,0
1998-11-16,4.6834,4.7164,4.6174,4.6418,1514438,0
1998-11-17,4.356,4.6054,4.356,4.6054,122729,0
1998-11-18,4.3815,4.6969,4.3815,4.6969,311814,0
1998-11-19,4.4129,4.4502,4.4129,4.4502,162749,0
1998-11-20,4.3768,4.3768,4.3768,4.3768,67855,0
1998-11-23,4.3768,4.3768,4.3768,4.3768,27143,0
1998-11-24,4.3747,4.507,4.3747,4.441,108624,0
1998-11-25,4.3759,4.3759,4.2765,4.2765,1656067,0
1998-11-30,4.3792,4.3792,4.2964,4.3131,528982,0
1998-12-01,4.3758,4.5416,4.3425,4.5416,162900,0
1998-12-02,4.5458,4.6787,4.5458,4.6787,366175,0
1998-12-03,4.6728,4.706,4.6728,4.706,448095,0
1998-12-07,4.6418,4.7043,4.6418,4.6418,488585,0
1998-12-08,4.6418,4.6418,4.6001,4.6418,257865,0
1998-12-09,4.6455,4.6955,4.5627,4.5871,1437509,0
1998-12-11,4.6054,4.6054,4.6054,4.6054,27164,0
1998-12-14,4.6066,4.6066,4.441,4.441,67893,0
1998-12-15,4.5416,4.5416,4.5416,4.5416,108598,0
1998-12-16,4.4751,4.5416,4.4751,4.5416,298649,0
1998-12-18,4.7722,4.7722,4.4738,4.706,312310,0
1998-12-21,4.6418,4.6418,4.6418,4.6418,27145,0
1998-12-22,4.7378,4.7378,4.4811,4.5141,1165963,0
1998-12-23,4.4851,4.4851,4.4776,4.4776,1316085,0
1998-12-29,4.4421,4.4502,4.4421,4.4502,190044,0
1998-12-30,4.4597,4.5505,4.4597,4.5505,217145,0
1998-12-31,4.3745,4.706,4.3745,4.706,1846692,0
1999-01-04,4.6738,4.9555,4.6405,4.8066,705925,0
1999-01-05,4.642,4.642,4.493,4.5505,230713,0
1999-01-06,4.4869,4.496,4.4869,4.496,122065,0
1999-01-07,4.4776,4.4776,4.4776,4.4776,189950,0
1999-01-08,4.33,4.612,4.33,4.496,705263,0
1999-01-11,4.5316,4.5689,4.5237,4.5689,257762,0
1999-01-12,4.496,4.496,4.496,4.496,27163,0
1999-01-13,4.4811,4.5141,4.4811,4.5141,705001,0
1999-01-14,4.4869,4.496,4.371,4.496,1803849,0
1999-01-15,4.4787,4.578,4.4787,4.578,217036,0
1999-01-19,4.3445,4.3445,4.2782,4.2948,339224,0
1999-01-21,4.5141,4.5141,4.5141,4.5141,122020,0
1999-01-22,4.5689,4.5689,4.5689,4.5689,40701,0
1999-01-25,4.4601,4.6095,4.3109,4.6054,257832,0
1999-01-26,4.5774,4.5774,4.4856,4.5689,122098,0
1999-01-27,4.5091,4.5091,4.4135,4.4135,3620678,0
1999-01-28,4.2877,4.3999,4.2877,4.3131,3797814,0
1999-01-29,4.2875,4.578,4.2795,4.578,501903,0
1999-02-01,4.2815,4.3768,4.2815,4.3768,379989,0
1999-02-02,4.3667,4.3667,4.2857,4.2857,162698,0
1999-02-03,4.6418,4.6418,4.6418,4.6418,27145,0
1999-02-04,4.2846,4.2846,4.2765,4.2765,190041,0
1999-02-05,4.4439,4.4439,4.2948,4.2948,841275,0
1999-02-08,4.2857,4.2857,4.2857,4.2857,162846,0
1999-02-09,4.2857,4.2857,4.2857,4.2857,67853,0
1999-02-11,4.4405,4.4405,4.258,4.258,488870,0
1999-02-12,4.2446,4.3606,4.1121,4.1121,257832,0
1999-02-16,3.9792,4.3606,3.9792,4.1121,149271,0
1999-02-17,3.8385,3.9594,3.8385,3.9568,1206367,0
1999-02-22,3.9605,4.1758,3.9605,4.1758,339444,0
1999-02-23,4.3005,4.3005,4.1852,4.1852,81457,0
1999-02-24,4.1577,4.1577,4.1577,4.1577,27008,0
1999-02-25,4.1991,4.1991,4.1577,4.1577,1917463,0
1999-02-26,4.1758,4.3221,4.1758,4.3221,229209,0
1999-03-01,4.271,4.4043,4.271,4.4043,944059,0
1999-03-02,4.3614,4.3614,4.2031,4.2031,633994,0
1999-03-03,4.2308,4.2308,4.1309,4.2308,148591,0
1999-03-04,4.2983,4.2983,4.1024,4.1943,378160,0
1999-03-05,4.29,4.29,4.103,4.103,81025,0
1999-03-09,4.1092,4.2674,4.1092,4.2674,215966,0
1999-03-10,4.1358,4.1485,4.1358,4.1485,107932,0
1999-03-11,4.103,4.103,4.103,4.103,215852,0
1999-03-12,4.1668,4.1668,4.1668,4.1668,27000,0
1999-03-15,4.0974,4.0974,3.9395,3.9475,837530,0
1999-03-16,3.9435,4.0681,3.7345,3.8012,1052643,0
1999-03-17,3.8378,3.8378,3.8378,3.8378,26969,0
1999-03-18,3.8323,3.8323,3.8195,3.8195,67519,0
1999-03-19,3.8178,3.8347,3.7345,3.8012,7935300,0
1999-03-22,3.7373,3.7373,3.7373,3.7373,26971,0
1999-03-23,3.7358,3.7465,3.7358,3.7465,567231,0
1999-03-24,3.7229,3.7229,3.6643,3.6643,229651,0
1999-03-25,3.9308,3.9308,3.6643,3.6643,148600,0
1999-03-29,3.6004,3.6004,3.6004,3.6004,26999,0
1999-03-30,3.532,4.0653,3.532,3.8654,1201939,0
1999-03-31,3.9652,4.0486,3.7987,3.8654,1323482,0
1999-04-01,3.7365,3.7365,3.5363,3.5363,310239,0
1999-04-05,3.3696,3.5363,3.3696,3.5363,67445,0
1999-04-06,3.6643,3.6643,3.6643,3.6643,256671,0
1999-04-08,3.4498,4.0665,3.4498,4.0665,297029,0
1999-04-09,3.8178,3.8178,3.6677,3.8012,418358,0
1999-04-12,3.5311,4.2973,3.4773,3.9475,499815,0
1999-04-13,4.287,4.287,3.5363,3.5363,80927,0
1999-04-14,3.7837,4.4002,3.7837,4.1668,931470,0
1999-04-16,4.2865,4.2865,3.886,4.0115,485661,0
1999-04-19,4.0298,4.0298,4.0298,4.0298,80909,0
1999-04-20,3.847,4.2553,3.847,3.847,5769022,0
1999-04-21,3.9384,3.9384,3.9384,3.9384,107862,0
1999-04-22,3.9293,3.9293,3.9293,3.9293,148504,0
1999-04-23,4.092,4.092,4.0003,4.0753,310492,0
1999-04-26,3.8654,3.8654,3.8654,3.8654,108039,0
1999-04-27,4.1992,4.5323,3.9658,4.5323,3105700,0
1999-04-28,3.9305,4.2635,3.9305,4.1303,459343,0
1999-04-29,3.9384,3.9384,3.9384,3.9384,148310,0
1999-05-03,4.103,4.103,4.103,4.103,40471,0
1999-05-04,3.8669,4.1087,3.8669,3.8836,80998,0
1999-05-05,3.883,4.1082,3.883,4.0665,108012,0
1999-05-06,4.1303,4.197,4.1303,4.1303,297222,0
1999-05-07,4.1389,4.4684,4.0683,4.4684,445332,0
1999-05-10,4.1841,4.3341,4.1841,4.2674,445434,0
1999-05-11,4.2019,4.6689,4.2019,4.5689,1646208,0
1999-05-12,4.2692,4.8695,4.1357,4.6693,1713503,0
1999-05-13,4.7047,5.2217,4.4043,4.4043,2319688,0
1999-05-14,4.5317,4.8651,4.4318,4.4318,364625,0
1999-05-17,4.2016,4.2016,3.8683,4.1852,3481547,0
1999-05-18,4.0968,4.1637,4.089,4.1303,378282,0
1999-05-19,4.049,4.1577,3.9991,4.1577,526626,0
1999-05-20,4.048,4.048,4.048,4.048,27014,0
1999-05-21,4.2031,4.2031,4.0197,4.2031,310252,0
1999-05-24,4.0636,4.1303,4.0636,4.1303,270202,0
1999-05-25,4.0683,4.2308,4.0683,4.2308,81049,0
1999-05-26,4.0597,4.2948,4.0597,4.2948,482823,0
1999-05-28,4.1943,4.1943,4.1943,4.1943,40235,0
1999-06-01,4.0864,4.2031,4.0864,4.2031,403069,0
1999-06-02,4.0864,4.3039,4.0864,4.3039,80613,0
1999-06-03,4.2765,4.2765,4.2765,4.2765,214664,0
1999-06-04,4.2765,4.2765,4.2765,4.2765,26832,0
1999-06-07,4.2785,4.329,4.2202,4.2492,898461,0
1999-06-08,4.3222,4.3222,4.1394,4.1394,107442,0
1999-06-09,4.2226,4.2857,4.2226,4.2857,147705,0
1999-06-10,4.2674,4.2674,4.2674,4.2674,26839,0
1999-06-11,4.2518,4.2518,4.2308,4.2308,80575,0
1999-06-14,4.2346,4.3221,4.2346,4.3221,483511,0
1999-06-15,4.2276,4.2948,4.0932,4.2948,818120,0
1999-06-16,4.3039,4.3039,4.3039,4.3039,40305,0
1999-06-17,4.2701,4.3203,4.266,4.2948,886839,0
1999-06-18,4.4135,4.4221,4.4135,4.4135,1114865,0
1999-06-21,4.5439,4.5689,4.4347,4.5689,711187,0
1999-06-22,4.5262,4.6602,4.5262,4.6602,214752,0
1999-06-24,4.3947,4.6054,4.3947,4.6054,254861,0
1999-06-25,4.3221,4.3221,4.3221,4.3221,26860,0
1999-06-30,4.1941,5.4355,4.1941,4.2948,3312709,0
1999-07-01,4.3221,4.4226,4.3221,4.4226,228324,0
1999-07-02,4.2866,4.3953,4.2866,4.3953,456016,0
1999-07-06,4.4226,4.4226,4.4226,4.4226,40258,0
1999-07-07,4.4226,4.4268,4.3489,4.4226,415980,0
1999-07-08,4.4173,4.706,4.2707,4.706,188093,0
1999-07-09,4.6969,4.6969,4.3949,4.6969,147548,0
1999-07-12,4.4585,4.6054,4.3076,4.6054,791990,0
1999-07-13,4.4457,4.6769,4.362,4.5505,1274068,0
1999-07-14,4.5817,4.9587,4.4727,4.8247,1463961,0
1999-07-15,5.0172,5.0172,4.6485,4.8247,1114759,0
1999-07-19,4.697,4.697,4.5125,4.5963,254847,0
1999-07-20,4.4926,4.7609,4.4255,4.7609,778492,0
1999-07-21,4.4591,4.4591,4.4591,4.4591,26843,0
1999-07-22,4.4591,4.476,4.413,4.4591,523445,0
1999-07-23,4.414,4.4226,4.414,4.4226,644679,0
1999-07-26,4.6299,4.6299,4.395,4.5963,160959,0
1999-07-27,4.3611,4.4135,4.3611,4.4135,40242,0
1999-07-28,4.3557,4.3557,4.3136,4.3221,564096,0
1999-07-29,4.3131,4.3131,4.3131,4.3131,26863,0
1999-08-02,4.4394,4.7578,4.4394,4.6237,483511,0
1999-08-03,4.6279,4.6279,4.3932,4.4226,120767,0
1999-08-04,4.3131,4.3131,4.3131,4.3131,67161,0
1999-08-05,4.3039,4.6054,4.1954,4.6054,967341,0
1999-08-06,4.1936,4.6969,4.1936,4.6969,40241,0
1999-08-09,4.5416,4.5416,4.3572,4.5416,1557453,0
1999-08-10,4.3587,4.3587,4.1241,4.1577,778420,0
1999-08-11,4.1524,4.5141,4.1524,4.5141,2270916,0
1999-08-13,4.3848,4.3848,4.3005,4.368,1040666,0
1999-08-17,4.3586,4.3586,4.3586,4.3586,160289,0
1999-08-18,4.3625,4.3625,4.3586,4.3586,160289,0
1999-08-20,4.3768,4.3768,4.2765,4.2765,120047,0
1999-08-23,4.1838,4.3861,4.1838,4.3861,453477,0
1999-08-24,4.3588,4.4135,4.3588,4.4135,227065,0
1999-08-26,4.3861,4.3861,4.3772,4.3861,2080659,0
1999-08-27,4.3795,4.3795,4.3586,4.3586,66786,0
1999-08-30,4.3815,4.3815,4.2803,4.3221,2256438,0
1999-08-31,4.3211,4.33,4.3131,4.3131,547554,0
1999-09-01,4.3388,4.3388,4.3221,4.3221,1215005,0
1999-09-03,4.3211,4.3211,4.2455,4.3131,146904,0
1999-09-07,4.4863,4.4863,4.4863,4.4863,26677,0
1999-09-08,4.4811,4.5147,4.4135,4.4135,307204,0
1999-09-09,4.4477,4.5826,4.2455,4.3131,1749499,0
1999-09-10,4.3468,4.3468,4.2455,4.3131,734522,0
1999-09-13,4.6161,4.6161,4.3131,4.3131,186969,0
1999-09-14,4.2476,4.2476,4.2308,4.2308,186881,0
1999-09-15,4.3861,4.3861,4.3861,4.3861,146714,0
1999-09-16,4.381,4.4031,4.2126,4.2126,667657,0
1999-09-17,4.2837,4.6167,4.2837,4.5871,253491,0
1999-09-21,4.2216,4.3863,4.2216,4.2216,80021,0
1999-09-22,4.2159,4.3131,4.2159,4.3131,253743,0
1999-09-23,4.3861,4.3861,4.2214,4.3861,1413780,0
1999-09-28,4.3495,4.3495,4.3495,4.3495,106768,0
1999-09-29,4.218,4.3399,4.1464,4.2308,2963399,0
1999-09-30,4.2086,4.2506,4.048,4.048,2041000,0
1999-10-01,4.048,4.048,4.048,4.048,106719,0
1999-10-05,4.0768,4.2184,4.0768,4.1758,587939,0
1999-10-06,4.177,4.1813,4.114,4.1394,4964504,0
1999-10-07,4.2308,4.2308,4.2308,4.2308,80093,0
1999-10-11,4.121,4.121,4.121,4.121,26727,0
1999-10-12,4.121,4.121,4.121,4.121,40049,0
1999-10-13,4.1199,4.1452,4.1199,4.1303,454008,0
1999-10-14,4.1206,4.1206,4.1121,4.1121,226970,0
1999-10-18,4.1,4.1121,4.1,4.1121,561306,0
1999-10-19,4.121,4.121,4.121,4.121,373801,0
1999-10-20,4.147,4.147,4.1303,4.1303,1601598,0
1999-10-22,4.0917,4.2263,4.0917,4.1758,935360,0
1999-10-25,4.2496,4.3586,4.1821,4.3586,3229003,0
1999-10-26,4.413,4.5141,4.413,4.5141,106868,0
1999-10-27,4.3548,4.3548,4.3131,4.3131,160260,0
1999-10-28,4.4004,4.4787,4.2765,4.2765,1964489,0
1999-10-29,4.3245,4.4684,4.3245,4.4684,160127,0
1999-11-01,4.4451,4.4451,4.0915,4.121,1443217,0
1999-11-02,4.1145,4.3586,4.1145,4.3586,186803,0
1999-11-03,4.1149,4.368,4.09,4.368,640410,0
1999-11-04,4.3953,4.3953,4.3953,4.3953,80166,0
1999-11-05,4.0445,4.1121,3.8929,4.1121,1895879,0
1999-11-09,4.251,4.3938,4.251,4.3768,440175,0
1999-11-12,4.3131,4.3131,4.3131,4.3131,80129,0
1999-11-16,4.3131,4.3131,4.3131,4.3131,120194,0
1999-11-17,4.3404,4.3404,4.3404,4.3404,26542,0
1999-11-18,4.3418,4.4776,4.3418,4.4776,557188,0
1999-11-19,4.4947,4.4947,4.24,4.4226,1631717,0
1999-11-22,4.4083,4.4083,4.2725,4.3404,212329,0
1999-11-29,4.3373,4.3373,4.0665,4.0665,159360,0
1999-11-30,4.2021,4.3039,4.0669,4.3039,411641,0
1999-12-01,4.051,4.2031,4.0001,4.2031,106201,0
1999-12-02,4.3039,4.3039,4.3039,4.3039,66396,0
1999-12-03,4.2966,4.2966,3.9658,3.9658,185863,0
1999-12-06,4.2857,4.2857,4.2857,4.2857,875838,0
1999-12-07,4.2818,4.4043,4.2728,4.4043,1514173,0
1999-12-08,3.863,4.0705,3.8463,4.0665,491359,0
1999-12-09,4.3713,4.4051,3.9309,4.0665,1739670,0
1999-12-10,4.0024,4.0024,4.0024,4.0024,39804,0
1999-12-13,3.9985,4.0665,3.9309,4.0665,876475,0
1999-12-14,4.0691,4.103,4.0691,4.103,212341,0
1999-12-15,3.9459,4.2765,3.9459,4.2765,916734,0
1999-12-16,4.1805,4.2801,4.1805,4.2674,358410,0
1999-12-17,4.2867,4.2867,4.1303,4.1303,691192,0
1999-12-20,4.1756,4.2857,4.0572,4.0572,358646,0
1999-12-21,4.0389,4.0389,4.0389,4.0389,66440,0
1999-12-22,4.0624,4.1471,4.0374,4.1303,491810,0
1999-12-27,4.0323,4.0665,4.0323,4.0665,225759,0
1999-12-29,4.2384,4.2765,4.2303,4.2765,783003,0
1999-12-31,4.3064,4.3575,4.3064,4.3404,145977,0
2000-01-04,4.0622,4.0622,4.0115,4.0115,119398,0
2000-01-05,4.1303,4.1981,4.1303,4.1303,159506,0
2000-01-06,4.0703,4.1209,4.0024,4.0024,371484,0
2000-01-10,3.9875,3.9875,3.9108,3.9108,252504,0
2000-01-11,3.8602,3.9108,3.8602,3.9108,66449,0
2000-01-12,3.8282,4.0572,3.8282,4.0572,478195,0
2000-01-13,3.8669,4.0705,3.8669,3.8927,1326648,0
2000-01-14,4.0323,4.0665,4.0323,4.0665,371840,0
2000-01-18,3.8644,4.2031,3.8603,4.2031,690307,0
2000-01-19,4.2353,4.3028,4.2353,4.2948,491430,0
2000-01-20,4.3064,4.3404,4.3064,4.3404,875860,0
2000-01-21,4.3363,4.3363,4.2857,4.2857,292223,0
2000-01-24,4.2714,4.2714,4.2126,4.2126,212387,0
2000-01-25,4.2152,4.2152,4.1943,4.1943,119620,0
2000-01-26,4.1868,4.1868,4.1577,4.1577,106294,0
2000-01-27,4.1448,4.2293,4.1448,4.2126,1035378,0
2000-01-31,4.2162,4.2162,4.2031,4.2031,106302,0
2000-02-01,4.2009,4.2009,4.1668,4.1668,584475,0
2000-02-02,4.1577,4.1577,4.1577,4.1577,26575,0
2000-02-03,4.164,4.164,4.121,4.121,305144,0
2000-02-07,4.121,4.121,4.121,4.121,79601,0
2000-02-08,4.1343,4.1343,4.1303,4.1303,79675,0
2000-02-10,4.1121,4.1121,4.1121,4.1121,39849,0
2000-02-11,4.0705,4.0705,4.0115,4.0115,557182,0
2000-02-14,4.0205,4.0205,4.0205,4.0205,79753,0
2000-02-15,4.0323,4.0665,4.0323,4.0665,743675,0
2000-02-16,4.0691,4.103,4.0691,4.103,1393488,0
2000-02-17,4.1017,4.2031,4.1017,4.2031,1354062,0
2000-02-18,4.2031,4.2031,4.2031,4.2031,39825,0
2000-02-22,4.2351,4.2857,4.2351,4.2857,212526,0
2000-02-23,4.3108,4.3279,4.2768,4.2857,330130,0
2000-02-25,4.2857,4.2857,4.2857,4.2857,66025,0
2000-02-28,4.3036,4.3206,4.2776,4.2948,409271,0
2000-02-29,4.3143,4.3314,4.3143,4.3314,145142,0
2000-03-01,4.3404,4.3404,4.3404,4.3404,79313,0
2000-03-03,4.3314,4.3314,4.3314,4.3314,79167,0
2000-03-06,4.3586,4.3586,4.3586,4.3586,105719,0
2000-03-07,4.3513,4.3513,4.3404,4.3404,118968,0
2000-03-08,4.3292,4.3292,4.3039,4.3039,264025,0
2000-03-09,4.2912,4.2912,4.2492,4.2492,224619,0
2000-03-10,4.2305,4.2305,4.2216,4.2216,158608,0
2000-03-13,4.2031,4.2031,4.2031,4.2031,26442,0
2000-03-14,4.2204,4.2204,4.1952,4.2031,211544,0
2000-03-15,4.2074,4.2074,4.2031,4.2031,145296,0
2000-03-16,4.1733,4.2031,4.1733,4.2031,475514,0
2000-03-17,4.182,4.2751,4.173,4.258,1109630,0
2000-03-20,4.2413,4.3016,4.2413,4.2674,594404,0
2000-03-21,4.2701,4.4226,4.2701,4.4226,765654,0
2000-03-22,4.4277,4.496,4.4277,4.496,726683,0
2000-03-23,4.5306,4.5306,4.497,4.5048,290611,0
2000-03-24,4.4996,4.5678,4.4996,4.5505,264032,0
2000-03-27,4.5623,4.5963,4.5623,4.5963,264343,0
2000-03-28,4.5986,4.6329,4.5986,4.6329,184939,0
2000-03-29,4.6346,4.6346,4.5744,4.5963,554631,0
2000-03-30,4.6276,4.6877,4.5936,4.6877,409186,0
2000-03-31,4.7148,4.7319,4.7148,4.7148,251147,0
2000-04-03,4.7333,4.7502,4.7333,4.7333,185007,0
2000-04-04,4.7204,4.7204,4.6432,4.6602,330097,0
2000-04-05,4.6405,4.6405,4.6237,4.6237,118899,0
2000-04-06,4.6186,4.6186,4.6145,4.6145,66070,0
2000-04-07,4.6121,4.6121,4.578,4.578,304080,0
2000-04-10,4.6,4.6,4.5871,4.5871,79238,0
2000-04-11,4.5942,4.5942,4.5689,4.5689,224368,0
2000-04-12,4.5574,4.5574,4.5323,4.5323,158463,0
2000-04-13,4.5274,4.5274,4.3824,4.4591,660991,0
2000-04-14,4.4489,4.4571,4.4318,4.4318,158399,0
2000-04-17,4.4229,4.4489,4.4229,4.4318,330000,0
2000-04-18,4.4158,4.441,4.4158,4.441,118775,0
2000-04-20,4.441,4.441,4.4328,4.441,105576,0
2000-04-24,4.4318,4.4318,4.4318,4.4318,26401,0
2000-04-25,4.4081,4.4081,4.3861,4.3861,3011490,0
2000-04-26,4.3963,4.4132,4.3963,4.4043,145250,0
2000-04-27,4.4108,4.4108,4.368,4.368,211391,0
2000-04-28,4.3806,4.4318,4.3806,4.4318,514803,0
2000-05-01,4.4318,4.4318,4.4318,4.4318,66000,0
2000-05-02,4.4251,4.4763,4.4251,4.4591,872508,0
2000-05-03,4.4634,4.4843,4.4422,4.4591,436255,0
2000-05-04,4.5298,4.5298,4.479,4.496,409583,0
2000-05-05,4.5138,4.5689,4.5138,4.5689,145179,0
2000-05-09,4.5334,4.5505,4.5334,4.5505,158417,0
2000-05-10,4.5682,4.7045,4.5682,4.6787,844820,0
2000-05-11,4.6552,4.6552,4.6381,4.6513,594818,0
2000-05-12,4.6652,4.6693,4.6523,4.6693,250857,0
2000-05-15,4.6705,4.6877,4.6705,4.6877,145195,0
2000-05-16,4.673,4.8475,4.673,4.7883,620608,0
2000-05-17,4.7793,4.7883,4.7793,4.7883,145248,0
2000-05-18,4.7817,4.8247,4.7817,4.8247,356340,0
2000-05-19,4.8078,4.8247,4.8078,4.8247,185081,0
2000-05-22,4.833,4.833,4.8077,4.8247,329942,0
2000-05-23,4.8145,4.8236,4.8066,4.8066,448836,0
2000-05-24,4.7969,4.8139,4.763,4.7883,579919,0
2000-05-25,4.8094,5.0385,4.7826,4.8339,190568,0
2000-05-26,4.8088,4.8088,4.7577,4.7697,68907,0
2000-05-30,4.8155,4.8155,4.7643,4.8155,98088,0
2000-05-31,4.863,4.863,4.7609,4.7609,54209,0
2000-06-01,4.8155,4.8155,4.8155,4.8155,2927,0
2000-06-02,4.8641,4.8887,4.8375,4.8887,49804,0
2000-06-05,4.9116,4.9116,4.8339,4.8339,41046,0
2000-06-06,4.8606,5.0531,4.8606,5.0531,190557,0
2000-06-07,5.0565,5.1711,5.0565,5.1445,369143,0
2000-06-08,5.1711,5.1835,5.1445,5.1445,121583,0
2000-06-09,5.1219,5.2631,5.1219,5.2631,158141,0
2000-06-12,5.2488,5.3264,5.2488,5.2999,166941,0
2000-06-13,5.3272,5.4297,5.2761,5.3272,166915,0
2000-06-14,5.3264,5.3264,5.2999,5.2999,142043,0
2000-06-15,5.2933,5.3199,5.2175,5.2175,101165,0
2000-06-16,5.2725,5.2725,5.2725,5.2725,169957,0
2000-06-19,5.2442,5.2707,5.1172,5.1172,52764,0
2000-06-20,5.1166,5.1287,5.0531,5.0531,80620,0
2000-06-21,5.0308,5.0308,4.8895,4.916,171355,0
2000-06-22,4.8887,4.8887,4.8887,4.8887,17578,0
2000-06-23,4.865,4.916,4.8382,4.916,134741,0
2000-06-26,4.9124,4.9638,4.8611,4.8611,180276,0
2000-06-27,4.885,4.9629,4.8339,4.8339,98215,0
2000-06-28,4.8593,4.9619,4.8593,4.9619,134890,0
2000-06-29,4.9673,4.9673,4.916,4.916,48332,0
2000-06-30,4.916,4.9673,4.916,4.916,139134,0
2000-07-03,4.9353,4.9619,4.9353,4.9619,16127,0
2000-07-05,4.9106,4.9619,4.9106,4.9619,41054,0
2000-07-06,4.9151,4.9665,4.8641,4.8887,24903,0
2000-07-07,4.916,4.916,4.9038,4.916,73230,0
2000-07-10,4.916,4.916,4.916,4.916,43938,0
2000-07-11,4.91,4.91,4.8714,4.8978,45458,0
2000-07-12,4.9151,4.9275,4.8887,4.8887,39550,0
2000-07-13,4.885,4.8994,4.8339,4.8339,48376,0
2000-07-14,4.8858,4.8858,4.8347,4.8611,48368,0
2000-07-17,4.8146,4.8146,4.7883,4.7883,45389,0
2000-07-18,4.7298,4.8978,4.7298,4.8978,68919,0
2000-07-19,4.885,4.885,4.8339,4.8339,45443,0
2000-07-20,4.8667,4.8667,4.7891,4.8155,54168,0
2000-07-21,4.8271,4.8538,4.7883,4.7883,33677,0
2000-07-24,4.7514,4.7514,4.5076,4.5323,162522,0
2000-07-25,4.517,4.517,4.5048,4.5048,20511,0
2000-07-26,4.5012,4.5012,4.4502,4.4502,121700,0
2000-07-27,4.453,4.4776,4.453,4.4776,23445,0
2000-07-28,4.4624,4.4624,4.4235,4.4502,61582,0
2000-07-31,4.4514,4.5416,4.4391,4.5416,90881,0
2000-08-01,4.5416,4.5416,4.5416,4.5416,73290,0
2000-08-02,4.5277,4.6054,4.4397,4.6054,174415,0
2000-08-03,4.5768,4.5768,4.4379,4.4502,114370,0
2000-08-04,4.4226,4.4226,4.4226,4.4226,7332,0
2000-08-07,4.4684,4.481,4.327,4.4684,117145,0
2000-08-08,4.474,4.474,4.3717,4.3861,105582,0
2000-08-09,4.4043,4.4043,4.3409,4.4043,146445,0
2000-08-10,4.4048,4.481,4.3925,4.4684,45391,0
2000-08-11,4.4641,4.4641,4.3495,4.3495,73282,0
2000-08-14,4.3527,4.3527,4.3404,4.3404,64440,0
2000-08-15,4.321,4.321,4.1943,4.1943,89445,0
2000-08-16,4.1815,4.1815,4.1303,4.1303,24932,0
2000-08-17,4.0968,4.0968,4.0704,4.0847,164030,0
2000-08-18,4.091,4.091,3.8864,3.9108,174532,0
2000-08-21,3.9117,3.9384,3.9117,3.9384,16129,0
2000-08-22,3.942,3.9931,3.8129,3.9931,158221,0
2000-08-23,3.9936,3.9936,3.9568,3.9568,39285,0
2000-08-24,3.9651,3.9651,3.9259,3.9384,163122,0
2000-08-25,3.9384,3.9384,3.8622,3.9384,152927,0
2000-08-28,3.9355,3.9355,3.9108,3.9108,20404,0
2000-08-29,3.9359,4.0389,3.9233,4.0389,138447,0
2000-08-30,4.029,4.0557,3.9384,3.9384,862214,0
2000-08-31,4.0405,4.2216,4.0405,4.2216,371478,0
2000-09-01,4.2462,4.2462,4.2216,4.2216,53899,0
2000-09-05,4.2523,4.2523,4.1758,4.1758,162935,0
2000-09-06,4.1765,4.3314,4.1765,4.3314,142543,0
2000-09-07,4.2987,4.3768,4.2987,4.3768,109235,0
2000-09-08,4.4293,4.5323,4.4293,4.5323,56791,0
2000-09-12,4.5604,4.5871,4.5604,4.5871,48020,0
2000-09-13,4.5809,4.6054,4.5292,4.6054,88889,0
2000-09-14,4.6355,4.6602,4.6088,4.6602,120862,0
2000-09-15,4.5814,4.5814,4.5689,4.5689,59741,0
2000-09-18,4.5569,4.5569,4.5323,4.5323,7282,0
2000-09-19,4.5054,4.5054,4.4541,4.4684,7282,0
2000-09-20,4.4385,4.4776,4.4385,4.4776,27690,0
2000-09-21,4.4786,4.6574,4.4786,4.6329,158811,0
2000-09-22,4.6093,4.6237,4.6093,4.6237,4370,0
2000-09-25,4.6054,4.6054,4.5931,4.6054,17486,0
2000-09-26,4.5829,4.5829,4.3768,4.3768,150019,0
2000-09-27,4.3991,4.4135,4.3744,4.4135,75780,0
2000-09-28,4.4415,4.4932,4.4292,4.4684,97568,0
2000-09-29,4.4652,4.5539,4.4652,4.5416,106380,0
2000-10-02,4.5316,4.5316,4.4287,4.5048,104862,0
2000-10-03,4.5055,4.5323,4.481,4.5323,104847,0
2000-10-04,4.481,4.5323,4.4293,4.5323,193677,0
2000-10-05,4.5706,4.5706,4.4804,4.5048,93210,0
2000-10-06,4.5341,4.5341,4.4043,4.4043,129547,0
2000-10-09,4.3794,4.3794,4.2765,4.2765,69872,0
2000-10-10,4.2963,4.5289,4.2963,4.4776,161758,0
2000-10-11,4.4802,4.4802,4.3768,4.3768,81561,0
2000-10-12,4.3501,4.3501,4.2987,4.3131,39325,0
2000-10-13,4.2711,4.4502,4.2711,4.4502,109313,0
2000-10-16,4.4188,4.4188,4.4043,4.4043,11645,0
2000-10-17,4.4077,4.4077,4.1889,4.3314,221089,0
2000-10-18,4.2758,4.2758,4.2492,4.2492,16015,0
2000-10-19,4.249,4.249,4.1087,4.121,80078,0
2000-10-20,4.1426,4.1426,4.118,4.1303,32057,0
2000-10-23,4.1203,4.1203,4.0423,4.0935,222787,0
2000-10-24,4.125,4.3314,4.125,4.3314,120726,0
2000-10-25,4.303,4.303,3.9423,4.0205,343384,0
2000-10-26,4.0205,4.0205,4.0205,4.0205,2910,0
2000-10-27,4.0156,4.2216,4.0156,4.2216,158788,0
2000-10-30,4.2219,4.3495,4.2219,4.3495,122364,0
2000-10-31,4.3561,4.3561,4.253,4.3314,88726,0
2000-11-01,4.3418,4.5871,4.3418,4.5871,170253,0
2000-11-02,4.6643,4.9221,4.6643,4.8705,100389,0
2000-11-03,4.9167,4.9435,4.9167,4.9435,4372,0
2000-11-06,4.9925,5.1471,4.9925,5.108,80141,0
2000-11-07,5.2307,5.309,5.2059,5.309,186249,0
2000-11-08,5.296,5.296,5.1536,5.1536,80039,0
2000-11-09,5.1506,5.2535,5.1506,5.2269,100474,0
2000-11-10,5.2141,5.2141,5.0349,5.0349,120869,0
2000-11-13,5.0197,5.0197,4.9435,4.9435,193708,0
2000-11-14,4.9419,4.9419,4.7609,4.7609,72843,0
2000-11-15,4.7609,4.7609,4.7609,4.7609,59422,0
2000-11-16,4.7762,4.9708,4.7762,4.9708,262165,0
2000-11-17,4.9708,4.9955,4.9708,4.9708,157878,0
2000-11-20,4.9584,4.9584,4.8155,4.8155,104286,0
2000-11-21,4.8121,4.8887,4.8121,4.8887,47834,0
2000-11-22,4.864,4.864,4.8247,4.8247,11593,0
2000-11-24,4.8796,4.8796,4.8796,4.8796,8693,0
2000-11-27,4.8823,4.8823,4.843,4.843,24611,0
2000-11-28,4.8638,4.9154,4.8638,4.8887,52181,0
2000-11-29,4.8644,4.9553,4.8644,4.916,115946,0
2000-11-30,4.9344,4.9467,4.9221,4.9344,131732,0
2000-12-01,4.9708,5.0352,4.9439,4.9708,386728,0
2000-12-04,4.9347,4.9347,4.8705,4.8705,31846,0
2000-12-05,4.8673,4.9708,4.8673,4.9708,47798,0
2000-12-06,4.9866,5.0777,4.9866,5.0258,209893,0
2000-12-07,5.0225,5.0349,5.0225,5.0349,24625,0
2000-12-08,4.9926,5.0838,4.9926,5.0717,43480,0
2000-12-11,5.1286,5.1536,5.1019,5.1536,53565,0
2000-12-12,5.1779,5.1779,5.0745,5.1263,156431,0
2000-12-13,5.0442,5.1994,5.0442,5.1994,253647,0
2000-12-14,5.1994,5.1994,5.1994,5.1994,7248,0
2000-12-15,5.1535,5.309,5.1535,5.309,253352,0
2000-12-18,5.2816,5.321,5.2424,5.2816,136152,0
2000-12-19,5.2779,5.3547,5.2779,5.3547,121748,0
2000-12-20,5.2782,5.2782,5.0717,5.0717,152177,0
2000-12-21,5.044,5.044,4.8638,4.8887,131903,0
2000-12-22,4.8923,4.9708,4.8923,4.9708,36209,0
2000-12-26,4.941,4.9679,4.8893,4.916,85510,0
2000-12-27,4.9225,4.9225,4.7148,4.7148,76717,0
2000-12-28,4.712,4.8673,4.6996,4.8155,234645,0
2000-12-29,4.8371,5.1994,4.7336,5.1994,286982,0
2001-01-02,5.1747,5.1747,5.0191,5.0441,131900,0
2001-01-03,5.0441,5.0441,4.9675,5.0441,160886,0
2001-01-04,5.047,5.047,4.9435,4.9435,79671,0
2001-01-05,4.9192,4.9192,4.8155,4.8155,23176,0
2001-01-08,4.8155,4.8155,4.8155,4.8155,4346,0
2001-01-09,4.8155,4.8155,4.8155,4.8155,4346,0
2001-01-10,4.815,4.9435,4.815,4.9435,97052,0
2001-01-11,4.941,4.941,4.7609,4.7609,184067,0
2001-01-12,4.7664,4.8823,4.7664,4.843,95546,0
2001-01-16,4.8376,4.8894,4.5542,4.8522,582602,0
2001-01-17,4.8638,4.8887,4.8638,4.8887,13043,0
2001-01-18,4.8581,4.8953,4.831,4.8705,133172,0
2001-01-19,4.8245,4.9674,4.8121,4.8887,224668,0
2001-01-22,4.9097,4.9224,4.8435,4.8705,47769,0
2001-01-23,4.8893,4.9679,4.8893,4.916,101451,0
2001-01-24,4.9406,5.0441,4.9156,5.0441,198572,0
2001-01-25,5.0745,5.0745,4.9708,4.9708,75317,0
2001-01-26,4.9472,4.9619,4.9472,4.9619,24608,0
2001-01-29,4.9362,4.9362,4.8016,4.843,143503,0
2001-01-30,4.8796,4.8796,4.8796,4.8796,1448,0
2001-01-31,4.8793,4.8978,4.8793,4.8978,14485,0
2001-02-01,4.8047,4.8047,4.7883,4.7883,62290,0
2001-02-02,4.7669,4.7669,4.7148,4.7148,91191,0
2001-02-05,4.709,4.7609,4.709,4.7609,46379,0
2001-02-06,4.7465,4.9435,4.7465,4.9435,81052,0
2001-02-07,4.9079,4.9799,4.9079,4.9799,85478,0
2001-02-08,5.014,5.0658,5.014,5.0349,95560,0
2001-02-09,5.0366,5.1298,5.0366,5.0988,76712,0
2001-02-12,5.0912,5.0912,5.0598,5.0803,108724,0
2001-02-13,5.1105,5.1561,5.1105,5.1355,57953,0
2001-02-14,5.108,5.108,5.108,5.108,2897,0
2001-02-15,5.1124,5.1167,5.0899,5.0899,14487,0
2001-02-16,5.105,5.105,5.0531,5.0531,52149,0
2001-02-20,5.0245,5.0969,5.0041,5.0349,94114,0
2001-02-21,5.084,5.084,5.0258,5.0258,25951,0
2001-02-22,5.0214,5.0214,4.9982,4.9982,5760,0
2001-02-23,4.979,5.0789,4.979,5.0623,38880,0
2001-02-26,5.0597,5.0848,5.0389,5.0803,33138,0
2001-02-27,5.0817,5.0817,5.0717,5.0717,4321,0
2001-02-28,5.0703,5.0803,5.0515,5.0803,11529,0
2001-03-01,5.0915,5.1536,5.0805,5.1536,80681,0
2001-03-02,5.1536,5.1536,5.1536,5.1536,2883,0
2001-03-05,5.1509,5.1509,5.0988,5.0988,44688,0
2001-03-06,5.1516,5.1536,5.1516,5.1536,46103,0
2001-03-07,5.1606,5.2542,5.1397,5.2542,108128,0
2001-03-08,5.202,5.2226,5.1809,5.1809,59114,0
2001-03-09,5.1849,5.2099,5.1783,5.1994,15868,0
2001-03-12,5.2143,5.2996,5.2143,5.2725,72120,0
2001-03-13,5.2688,5.2688,5.2334,5.2542,10093,0
2001-03-14,5.2423,5.2628,5.2357,5.2357,7208,0
2001-03-15,5.2099,5.2099,5.1495,5.1994,129823,0
2001-03-16,5.2023,5.3062,5.1501,5.2542,220583,0
2001-03-19,5.2015,5.2015,5.1284,5.1994,105260,0
2001-03-20,5.175,5.2581,5.1538,5.2269,96523,0
2001-03-21,5.2032,5.2032,5.172,5.172,269550,0
2001-03-22,5.1496,5.1703,5.0975,5.108,134093,0
2001-03-23,5.1286,5.1286,5.0996,5.108,23069,0
2001-03-26,5.1092,5.1739,5.1092,5.1445,11535,0
2001-03-27,5.1328,5.2451,5.1328,5.2451,49005,0
2001-03-28,5.2232,5.3376,5.213,5.3272,89381,0
2001-03-29,5.2958,5.3166,5.2542,5.2542,253740,0
2001-03-30,5.3077,5.3389,5.3077,5.3182,200338,0
2001-04-02,5.3389,5.3701,5.3077,5.3182,56209,0
2001-04-03,5.3075,5.4095,5.3056,5.4095,364799,0
2001-04-04,5.3808,5.3912,5.3704,5.3912,20176,0
2001-04-05,5.4127,5.4918,5.4127,5.4918,74936,0
2001-04-06,5.4497,5.4497,5.4082,5.4188,132688,0
2001-04-09,5.4283,5.4554,5.4283,5.4554,24494,0
2001-04-10,5.4575,5.4697,5.4488,5.4554,25966,0
2001-04-11,5.4564,5.4564,5.4188,5.4188,59132,0
2001-04-12,5.3737,5.4279,5.3737,5.4279,27366,0
2001-04-16,5.4614,5.4614,5.4095,5.4095,14422,0
2001-04-17,5.4311,5.4642,5.4311,5.4642,24500,0
2001-04-18,5.4629,5.5151,5.4629,5.4738,57661,0
2001-04-19,5.4775,5.5192,5.4775,5.5192,14406,0
2001-04-20,5.4824,5.5035,5.4513,5.4824,34603,0
2001-04-23,5.4978,5.4978,5.373,5.373,89313,0
2001-04-24,5.3701,5.391,5.3182,5.3182,82152,0
2001-04-25,5.3312,5.383,5.2999,5.2999,135417,0
2001-04-26,5.3011,5.472,5.3011,5.4554,161372,0
2001-04-27,5.4578,5.4682,5.4057,5.437,61926,0
2001-04-30,5.4601,5.5101,5.4601,5.5101,63460,0
2001-05-01,5.5171,5.5192,5.4671,5.5192,27367,0
2001-05-02,5.5192,5.5192,5.5192,5.5192,7199,0
2001-05-03,5.4931,5.4931,5.4824,5.4824,8653,0
2001-05-04,5.4969,5.5285,5.4969,5.5285,11529,0
2001-05-07,5.5365,5.5388,5.518,5.5285,10086,0
2001-05-08,5.5393,5.6745,5.5393,5.6745,83558,0
2001-05-09,5.6843,5.8299,5.6843,5.8299,36021,0
2001-05-10,5.8558,5.9498,5.8558,5.9396,44468,0
2001-05-11,5.9449,5.9449,5.792,5.9031,358293,0
2001-05-14,5.9036,5.9852,5.9036,5.9852,150519,0
2001-05-15,5.9835,6.2347,5.9835,6.2136,147695,0
2001-05-16,6.2551,6.4225,6.2551,6.3598,98947,0
2001-05-17,6.3784,6.3784,6.2739,6.305,137720,0
2001-05-18,6.2828,6.2958,6.1679,6.1679,58828,0
2001-05-21,6.1497,6.16,6.1181,6.1497,51634,0
2001-05-22,6.1518,6.1704,6.1413,6.1497,106098,0
2001-05-23,6.1496,6.1598,6.1223,6.1223,60218,0
2001-05-24,6.1405,6.2136,6.1299,6.2136,103243,0
2001-05-25,6.2136,6.2554,6.2136,6.2136,67394,0
2001-05-29,6.2098,6.2308,6.1679,6.1679,53089,0
2001-05-30,6.1559,6.16,6.1497,6.1497,7171,0
2001-05-31,6.1556,6.1747,6.0699,6.1223,84562,0
2001-06-01,6.1203,6.1497,6.1203,6.1497,14337,0
2001-06-04,6.1204,6.1497,6.1204,6.1497,30119,0
2001-06-05,6.1537,6.1537,6.1223,6.1223,51598,0
2001-06-06,6.1288,6.16,6.1181,6.1497,30119,0
2001-06-07,6.1485,6.1692,6.1485,6.1587,43035,0
2001-06-08,6.1587,6.1587,6.1587,6.1587,5738,0
2001-06-11,6.1784,6.1784,6.1679,6.1679,2870,0
2001-06-12,6.1693,6.1904,6.1487,6.1862,65986,0
2001-06-13,6.1575,6.1679,6.1575,6.1679,14347,0
2001-06-14,6.1668,6.1874,6.1668,6.177,8610,0
2001-06-15,6.2161,6.2791,6.2161,6.2683,96036,0
2001-06-18,6.2504,6.2504,6.177,6.177,18657,0
2001-06-19,6.1832,6.1832,6.1434,6.1497,41592,0
2001-06-20,6.138,6.1674,6.138,6.1587,68857,0
2001-06-21,6.1492,6.1679,6.1492,6.1679,60240,0
2001-06-22,6.1537,6.1537,6.1223,6.1223,40133,0
2001-06-25,6.1496,6.2962,6.1496,6.2962,45896,0
2001-06-26,6.2725,6.2725,6.1991,6.2409,176485,0
2001-06-27,6.2765,6.2973,6.2553,6.2866,150568,0
2001-06-28,6.2891,6.4147,6.2891,6.4147,74539,0
2001-06-29,6.4319,7.1639,6.4319,7.1639,436014,0
2001-07-02,7.1533,7.3585,7.1428,7.3102,149168,0
2001-07-03,7.3236,7.3236,7.3026,7.3194,313988,0
2001-07-05,7.3611,7.6665,7.3611,7.6665,123336,0
2001-07-06,7.6418,7.7148,7.6208,7.694,137751,0
2001-07-09,7.6993,7.7807,7.6907,7.7303,108978,0
2001-07-10,7.7195,7.7195,7.301,7.301,163479,0
2001-07-11,7.2765,7.2765,7.0361,7.0361,182213,0
2001-07-12,7.0308,7.0308,6.9849,6.9994,37274,0
2001-07-13,6.9928,6.9928,6.859,6.8716,131982,0
2001-07-16,6.8781,6.9408,6.8781,6.8989,30134,0
2001-07-17,6.9151,6.9235,6.9049,6.9173,61653,0
2001-07-18,6.9093,6.9093,6.8719,6.8989,73184,0
2001-07-19,6.882,6.882,6.8716,6.8716,43025,0
2001-07-20,6.869,6.9105,6.869,6.8899,27260,0
2001-07-23,6.8946,6.8946,6.8571,6.8716,86025,0
2001-07-24,6.8809,6.8809,6.7134,6.7345,129096,0
2001-07-25,6.7293,6.7293,6.6771,6.698,32967,0
2001-07-26,6.6628,6.6628,6.5685,6.6523,74572,0
2001-07-27,6.6602,6.6706,6.6602,6.6706,8607,0
2001-07-30,6.6812,6.6982,6.6247,6.6247,31531,0
2001-07-31,6.6324,6.7998,6.6324,6.7891,151990,0
2001-08-01,6.795,6.8075,6.795,6.8075,140572,0
2001-08-02,6.8273,6.848,6.7958,6.8167,101863,0
2001-08-03,6.7961,6.8483,6.7961,6.8441,47342,0
2001-08-06,6.8526,6.8549,6.8441,6.8441,87433,0
2001-08-07,6.8521,6.8521,6.758,6.7891,55921,0
2001-08-08,6.7869,6.793,6.7345,6.7345,38727,0
2001-08-09,6.7358,6.7465,6.7149,6.7253,21511,0
2001-08-10,6.7165,6.7438,6.7165,6.7438,34411,0
2001-08-13,6.7176,6.7382,6.7071,6.7071,38706,0
2001-08-14,6.7278,6.8013,6.7278,6.7801,144792,0
2001-08-15,6.7632,6.8259,6.7632,6.8259,100449,0
2001-08-16,6.823,6.8441,6.823,6.8441,42999,0
2001-08-17,6.8416,6.8623,6.8416,6.8623,87467,0
2001-08-20,6.7551,6.8075,6.7551,6.8075,136270,0
2001-08-21,6.818,6.839,6.7973,6.8075,61681,0
2001-08-22,6.8191,6.8716,6.7876,6.8716,131341,0
2001-08-23,6.8848,6.8848,6.8534,6.8534,24260,0
2001-08-24,6.8618,6.9354,6.8618,6.9354,125615,0
2001-08-27,6.9359,7.104,6.9359,7.0727,54240,0
2001-08-28,7.0509,7.0929,7.0405,7.0909,67090,0
2001-08-29,7.083,7.083,7.0412,7.0727,22836,0
2001-08-30,7.0739,7.0739,7.0425,7.0635,32822,0
2001-08-31,7.0625,7.0625,6.9994,6.9994,168415,0
2001-09-04,6.9848,6.9848,6.8167,6.8167,87115,0
2001-09-05,6.779,6.779,6.6615,6.6615,42816,0
2001-09-06,6.6318,6.638,6.6065,6.6065,14282,0
2001-09-07,6.6079,6.6079,6.4147,6.4147,68558,0
2001-09-10,6.3858,6.3964,6.3753,6.3964,21422,0
2001-09-17,6.7426,7.654,6.7215,7.5386,608432,0
2001-09-18,7.512,7.5542,7.4805,7.5476,452587,0
2001-09-19,7.5634,7.7945,7.5634,7.7945,221331,0
2001-09-20,7.795,7.8054,7.6688,7.7214,177054,0
2001-09-21,7.774,8.1416,7.7425,8.1416,663945,0
2001-09-24,8.1933,9.034,8.1933,8.9919,935347,0
2001-09-25,9.0444,10.067,9.0444,10.061,2727559,0
2001-09-26,10.046,10.046,9.3777,9.4411,2116740,0
2001-09-27,9.4853,9.768,9.3268,9.768,1380972,0
2001-09-28,9.985,9.985,9.4163,9.457,845040,0
2001-10-01,9.506,9.559,9.3475,9.4124,379842,0
2001-10-02,9.3572,10.346,9.3465,10.335,1765242,0
2001-10-03,10.338,10.394,10.087,10.317,1340713,0
2001-10-04,10.312,10.754,10.185,10.699,761372,0
2001-10-05,10.757,10.757,10.209,10.344,265622,0
2001-10-08,10.427,10.904,10.084,10.125,638407,0
2001-10-09,10.107,10.295,10.063,10.253,249891,0
2001-10-10,10.28,10.395,9.72,9.85,345662,0
2001-10-11,9.869,9.934,9.601,9.712,269977,0
2001-10-12,9.59,9.747,9.4764,9.687,449767,0
2001-10-15,9.759,10.19,9.759,9.895,451192,0
2001-10-16,9.92,9.941,9.727,9.877,145598,0
2001-10-17,9.851,9.851,9.3906,9.4223,234224,0
2001-10-18,9.3945,9.3945,8.4274,8.901,478213,0
2001-10-19,8.9151,9.0521,8.9151,9.0097,55708,0
2001-10-22,9.0097,9.0097,8.7166,8.9365,147127,0
2001-10-23,8.9311,9.2677,8.9311,9.256,252694,0
2001-10-24,9.2288,9.2512,8.8517,8.873,121424,0
2001-10-25,8.872,9.2278,8.6937,9.2278,177149,0
2001-10-26,9.1797,9.4933,9.1797,9.4933,251373,0
2001-10-29,9.4794,9.709,9.3513,9.3747,189853,0
2001-10-30,9.3945,9.3945,8.8271,8.8271,132749,0
2001-10-31,8.8261,8.973,8.7737,8.973,145612,0
2001-11-01,9.005,9.2057,9.005,9.1663,21413,0
2001-11-02,9.1894,9.3777,9.1894,9.3562,147122,0
2001-11-05,9.3435,9.366,9.2191,9.2191,62850,0
2001-11-06,9.2462,9.2462,9.0772,9.1836,41398,0
2001-11-07,9.2823,9.2823,8.7359,8.7359,164293,0
2001-11-08,8.7928,8.7928,7.8899,8.0685,294115,0
2001-11-09,8.0275,8.0275,7.4076,7.5022,175596,0
2001-11-12,7.4399,8.0075,7.0407,7.1459,562406,0
2001-11-13,7.1889,7.2728,6.9363,6.9994,219796,0
2001-11-14,7.0357,7.2247,7.0357,7.109,352824,0
2001-11-15,7.1151,7.2306,7.0732,7.2098,138443,0
2001-11-16,7.2031,7.2031,6.741,6.9721,571420,0
2001-11-19,6.9917,7.3273,6.9917,7.2644,127168,0
2001-11-20,7.3224,7.3537,7.1218,7.301,137907,0
2001-11-21,7.3965,7.4074,7.323,7.365,98090,0
2001-11-23,7.3866,7.72,7.3866,7.7031,65388,0
2001-11-26,7.6537,7.7382,7.6116,7.6116,126631,0
2001-11-27,7.5913,7.5913,7.3595,7.5386,75403,0
2001-11-28,7.5407,7.7938,7.5407,7.7303,76804,0
2001-11-29,7.7214,7.7214,7.6791,7.7214,85322,0
2001-11-30,7.7185,7.8028,7.6976,7.7396,54058,0
2001-12-03,7.739,7.739,7.5386,7.5386,216246,0
2001-12-04,7.5008,7.5112,7.4479,7.5112,38391,0
2001-12-05,7.4794,7.9436,7.3949,7.8401,115174,0
2001-12-06,7.837,7.8606,7.7297,7.8036,66854,0
2001-12-07,7.8036,7.8461,7.7615,7.8036,119482,0
2001-12-10,7.7763,7.7866,7.7551,7.7763,65397,0
2001-12-11,7.7244,7.7244,7.5513,7.5932,143651,0
2001-12-12,7.5984,7.6321,7.4634,7.5476,640321,0
2001-12-13,7.4908,7.5962,7.4908,7.5751,102365,0
2001-12-14,7.5288,7.7819,7.5288,7.7396,961640,0
2001-12-17,7.7383,7.8859,7.7383,7.8859,155087,0
2001-12-18,7.9132,7.9132,7.8079,7.8859,106622,0
2001-12-19,7.888,7.9091,7.8036,7.8036,169269,0
2001-12-20,7.8504,8.0406,7.8504,7.9772,58285,0
2001-12-21,8.1461,8.8917,8.1252,8.8917,551563,0
2001-12-24,8.8535,8.8638,8.748,8.8638,127939,0
2001-12-26,8.8629,9.0207,8.7109,9.0188,187660,0
2001-12-27,8.9252,9.0312,8.7673,8.901,152128,0
2001-12-28,8.86,8.86,8.5986,8.5986,119455,0
2001-12-31,8.5994,8.6816,8.4704,8.4704,152151,0
