Date,Open,High,Low,Close,Volume,OpenInt
1995-01-03,2.8929,2.8929,2.8259,2.8345,52559291,0
1995-01-04,2.8345,2.8596,2.8009,2.8512,68595444,0
1995-01-05,2.8596,2.8678,2.7926,2.8009,52929308,0
1995-01-06,2.8176,2.8762,2.8094,2.8512,62043607,0
1995-01-09,2.8596,2.8678,2.8094,2.8345,61137703,0
1995-01-10,2.8512,2.8929,2.843,2.8678,56065933,0
1995-01-11,2.8762,2.9015,2.8596,2.8849,41881989,0
1995-01-12,2.8762,2.9184,2.8678,2.8762,35880921,0
1995-01-13,2.9184,2.9603,2.9099,2.9519,54900596,0
1995-01-16,2.9767,3.0355,2.9603,3.0188,99213212,0
1995-01-17,3.0443,3.0608,3.0274,3.0355,98262652,0
1995-01-18,3.0522,3.0692,3.0188,3.0608,67123884,0
1995-01-19,3.0355,3.0608,2.9854,2.9854,89192999,0
1995-01-20,2.9603,2.9854,2.8762,2.9015,109501353,0
1995-01-23,2.8678,2.9603,2.843,2.9519,71561950,0
1995-01-24,2.9603,2.9687,2.9184,2.9184,48829358,0
1995-01-25,2.9015,2.9269,2.8678,2.9015,69722506,0
1995-01-26,2.8596,2.8678,2.8094,2.8176,107438617,0
1995-01-27,2.8259,2.8345,2.8094,2.8176,77586406,0
1995-01-30,2.8259,2.8259,2.7677,2.7756,73318466,0
1995-01-31,2.7841,2.8094,2.7422,2.7926,79672535,0
1995-02-01,2.7926,2.8596,2.7756,2.7841,88657122,0
1995-02-02,2.7589,2.7926,2.7422,2.7756,61552376,0
1995-02-03,2.8009,2.843,2.7841,2.8259,80187146,0
1995-02-06,2.8259,2.8762,2.8259,2.8596,64255198,0
1995-02-07,2.8596,2.8762,2.8512,2.8678,44061682,0
1995-02-08,2.8762,2.9184,2.8678,2.9099,65324840,0
1995-02-09,2.9184,2.935,2.9015,2.9099,56350890,0
1995-02-10,2.9184,2.9434,2.8929,2.9184,66271149,0
1995-02-13,2.9184,2.9519,2.9015,2.9184,50717710,0
1995-02-14,2.9184,2.9269,2.8929,2.9099,41363113,0
1995-02-15,2.8259,2.8849,2.8009,2.8596,195376963,0
1995-02-16,2.8596,2.8762,2.8345,2.8596,75417349,0
1995-02-17,2.8596,2.8596,2.8345,2.843,50271143,0
1995-02-21,2.843,2.8596,2.8009,2.8094,73620431,0
1995-02-22,2.8094,2.9184,2.8009,2.8929,80944202,0
1995-02-23,2.8762,2.9184,2.8678,2.9015,79664026,0
1995-02-24,2.8849,2.9099,2.8762,2.8762,45424786,0
1995-02-27,2.8849,2.9184,2.8762,2.9015,38001070,0
1995-02-28,2.9099,2.9767,2.9015,2.9603,69835212,0
1995-03-01,2.9687,3.0106,2.9519,2.9767,69154725,0
1995-03-02,2.9767,2.9936,2.9687,2.9936,34607131,0
1995-03-03,2.9936,3.0021,2.9687,2.9936,42232866,0
1995-03-06,2.9767,3.0274,2.9603,3.0274,60017027,0
1995-03-07,3.0274,3.1028,3.0188,3.0692,121943679,0
1995-03-08,3.0942,3.2285,3.0942,3.2202,186198879,0
1995-03-09,3.2202,3.237,3.1446,3.195,77403526,0
1995-03-10,3.195,3.237,3.1281,3.2202,58911232,0
1995-03-13,3.2285,3.2789,3.2118,3.2452,45920267,0
1995-03-14,3.2622,3.3879,3.2536,3.3708,104523148,0
1995-03-15,3.3708,3.3795,3.3126,3.3126,76148878,0
1995-03-16,3.2955,3.3126,3.2706,3.2955,63145149,0
1995-03-17,3.3126,3.3708,3.2873,3.2873,79570459,0
1995-03-20,3.2955,3.3627,3.2955,3.3458,50203096,0
1995-03-21,3.3544,3.3627,3.3126,3.3126,99379072,0
1995-03-22,3.3126,3.3374,3.2873,3.3374,69728881,0
1995-03-23,3.3544,3.4466,3.3544,3.4215,139934110,0
1995-03-24,3.4466,3.4883,3.4381,3.4717,87298266,0
1995-03-27,3.4215,3.4717,3.413,3.4298,81084552,0
1995-03-28,3.4298,3.4802,3.4298,3.4632,63268485,0
1995-03-29,3.4632,3.4802,3.3879,3.3961,87404586,0
1995-03-30,3.413,3.4215,3.3126,3.3879,99695931,0
1995-03-31,3.3708,3.3879,3.3126,3.3458,83838405,0
1995-04-03,3.3374,3.3544,3.2706,3.2955,87211076,0
1995-04-04,3.304,3.3627,3.2789,3.2873,88635848,0
1995-04-05,3.2873,3.3208,3.237,3.3208,87442868,0
1995-04-06,3.3208,3.3292,3.2622,3.2955,47068590,0
1995-04-07,3.304,3.3292,3.2706,3.2706,57348231,0
1995-04-10,3.2706,3.3544,3.2622,3.3374,57375873,0
1995-04-11,3.3708,3.3961,3.3458,3.3879,57979810,0
1995-04-12,3.3879,3.4466,3.3292,3.3708,53735258,0
1995-04-13,3.3708,3.413,3.3458,3.413,43612979,0
1995-04-17,3.5475,3.6728,3.5475,3.6395,249752315,0
1995-04-18,3.6395,3.6478,3.5725,3.6058,100491251,0
1995-04-19,3.6058,3.6229,3.5475,3.5808,78632660,0
1995-04-20,3.5974,3.6142,3.4802,3.5387,111527934,0
1995-04-21,3.5554,3.5641,3.5221,3.5305,71179176,0
1995-04-24,3.5475,3.6562,3.5305,3.6562,90496565,0
1995-04-25,3.6478,3.7652,3.6478,3.7652,92199911,0
1995-04-26,3.7484,3.7738,3.7233,3.7484,58885713,0
1995-04-27,3.7484,3.782,3.5891,3.6978,171245130,0
1995-04-28,3.7067,3.8659,3.6978,3.8408,122413633,0
1995-05-01,3.8491,3.9413,3.8408,3.8659,87121765,0
1995-05-02,3.8659,3.8659,3.7399,3.7399,103800126,0
1995-05-03,3.7738,3.8072,3.7738,3.8072,81826699,0
1995-05-04,3.8321,3.9162,3.8072,3.8321,88416821,0
1995-05-05,3.8242,3.8408,3.7568,3.7652,58090395,0
1995-05-08,3.7568,3.782,3.7233,3.7568,58464657,0
1995-05-09,3.7652,3.782,3.7233,3.7568,48842114,0
1995-05-10,3.7652,3.782,3.7067,3.7233,51419470,0
1995-05-11,3.7233,3.8321,3.7146,3.8242,51400334,0
1995-05-12,3.8242,3.8659,3.782,3.7991,48102082,0
1995-05-15,3.7903,3.8574,3.7568,3.8242,46826167,0
1995-05-16,3.8321,4,3.8321,3.9917,115242984,0
1995-05-17,4.0086,4.0839,4,4.042,88404055,0
1995-05-18,4.0249,4.0754,3.9834,3.9834,77520482,0
1995-05-19,3.9581,4.017,3.9496,4.017,60061680,0
1995-05-22,4.017,4.1174,3.9496,4.1006,121454576,0
1995-05-23,4.1174,4.1592,4.042,4.1592,73786300,0
1995-05-24,4.1929,4.2096,4.0922,4.1174,91287636,0
1995-05-25,4.1342,4.2013,4.1006,4.1929,57735257,0
1995-05-26,4.1929,4.1929,4.0922,4.1174,70354082,0
1995-05-30,4.1342,4.1592,3.8823,3.8992,132393432,0
1995-05-31,3.9162,3.9834,3.8072,3.9834,159166437,0
1995-06-01,4,4.0249,3.9413,3.9581,81278057,0
1995-06-02,3.9413,3.9581,3.8823,3.9076,73839465,0
1995-06-05,3.8823,4.017,3.8408,3.9834,74232869,0
1995-06-06,3.9917,4.042,3.9076,3.9076,65173861,0
1995-06-07,3.8992,3.9834,3.8659,3.9496,85845846,0
1995-06-08,3.9581,3.9834,3.9329,3.9581,38968643,0
1995-06-09,3.9413,4.042,3.8823,3.9917,107940477,0
1995-06-12,3.9834,3.9834,3.9162,3.9413,60914423,0
1995-06-13,3.9581,3.9834,3.9245,3.9413,50094640,0
1995-06-14,3.9245,3.9581,3.8914,3.9413,57278056,0
1995-06-15,3.9496,4,3.9413,3.9917,58362587,0
1995-06-16,4,4.1174,3.9917,4.0922,122645428,0
1995-06-19,4.1006,4.2264,4.0839,4.2264,104973980,0
1995-06-20,4.2514,4.2934,4.2181,4.2934,75319524,0
1995-06-21,4.3187,4.3439,4.2349,4.2601,76055306,0
1995-06-22,4.2601,4.3271,4.2601,4.3187,61531112,0
1995-06-23,4.2684,4.3355,4.2433,4.2853,61611920,0
1995-06-26,4.2767,4.2853,4.2096,4.2181,54556100,0
1995-06-27,4.2096,4.2601,4.0754,4.0839,87725700,0
1995-06-28,4.0754,4.1845,3.9917,4.1342,142592274,0
1995-06-29,4.1342,4.2181,4.1342,4.2013,76612459,0
1995-06-30,4.2181,4.2767,4.2181,4.2514,70896346,0
1995-07-03,4.2767,4.2853,4.2514,4.2767,22279643,0
1995-07-05,4.3104,4.3271,4.2514,4.2684,64523142,0
1995-07-06,4.2601,4.3776,4.2514,4.3608,62560357,0
1995-07-07,4.3688,4.4948,4.3608,4.4948,88648611,0
1995-07-10,4.5117,4.6878,4.5033,4.6456,148833630,0
1995-07-11,4.6542,4.6624,4.5368,4.5368,103970250,0
1995-07-12,4.5536,4.7045,4.5536,4.696,125830972,0
1995-07-13,4.7045,4.7715,4.6122,4.7045,112720919,0
1995-07-14,4.6204,4.872,4.6122,4.872,119491792,0
1995-07-17,5.0652,5.1405,5.0061,5.1237,207111160,0
1995-07-18,5.0313,5.04,4.7633,4.7883,384933615,0
1995-07-19,4.5619,4.6456,4.1592,4.4446,405492895,0
1995-07-20,4.4779,4.5786,4.4194,4.5199,236374316,0
1995-07-21,4.4194,4.5117,4.3187,4.3271,224956980,0
1995-07-24,4.3521,4.4107,4.3355,4.4026,126011722,0
1995-07-25,4.4948,4.587,4.4696,4.5283,145431184,0
1995-07-26,4.587,4.6122,4.4611,4.5117,102964408,0
1995-07-27,4.5368,4.587,4.5283,4.5368,70330689,0
1995-07-28,4.5117,4.5117,4.3271,4.3521,210617809,0
1995-07-31,4.3776,4.3942,4.2349,4.2601,134815554,0
1995-08-01,4.2684,4.2767,4.1342,4.2096,220818763,0
1995-08-02,4.2767,4.3521,4.1342,4.1845,172521038,0
1995-08-03,4.1342,4.2934,4.1174,4.2853,150898491,0
1995-08-04,4.2934,4.4107,4.2934,4.4107,103277005,0
1995-08-07,4.4446,4.4948,4.3187,4.4026,85424791,0
1995-08-08,4.4277,4.4611,4.3942,4.3942,58364713,0
1995-08-09,4.5954,4.6122,4.5117,4.5368,191897979,0
1995-08-10,4.5619,4.5703,4.4107,4.4277,95538564,0
1995-08-11,4.4528,4.545,4.3355,4.5368,129180252,0
1995-08-14,4.5536,4.6709,4.5033,4.6456,118118049,0
1995-08-15,4.6709,4.6709,4.5536,4.6291,84087209,0
1995-08-16,4.6291,4.6456,4.5703,4.6456,50662426,0
1995-08-17,4.6456,4.7381,4.6373,4.6624,99102624,0
1995-08-18,4.6878,4.6878,4.5619,4.5703,103006934,0
1995-08-21,4.587,4.6204,4.436,4.4446,146851714,0
1995-08-22,4.4696,4.6709,4.436,4.6709,125358878,0
1995-08-23,4.7045,4.7297,4.587,4.604,147778874,0
1995-08-24,4.6122,4.6122,4.4948,4.5199,126628415,0
1995-08-25,4.5283,4.5536,4.436,4.436,97673601,0
1995-08-28,4.436,4.436,4.2264,4.2349,149684240,0
1995-08-29,4.2349,4.3187,4.0922,4.3187,217875637,0
1995-08-30,4.3688,4.4107,4.3017,4.3857,105660841,0
1995-08-31,4.3942,4.4194,4.3017,4.3521,51521539,0
1995-09-01,4.3187,4.3271,4.2013,4.2181,106675198,0
1995-09-05,4.2767,4.4696,4.2433,4.4696,122345586,0
1995-09-06,4.4779,4.5368,4.3776,4.3942,133261060,0
1995-09-07,4.436,4.545,4.3857,4.4528,124844258,0
1995-09-08,4.4107,4.4948,4.3857,4.4948,85616182,0
1995-09-11,4.4864,4.604,4.4696,4.587,102881468,0
1995-09-12,4.5954,4.5954,4.4948,4.5283,94570996,0
1995-09-13,4.5199,4.5619,4.4696,4.5199,81350363,0
1995-09-14,4.5199,4.5368,4.4528,4.4611,72076569,0
1995-09-15,4.4528,4.4864,4.3521,4.3942,117380146,0
1995-09-18,4.3857,4.3942,4.2767,4.3271,102109536,0
1995-09-19,4.3271,4.4446,4.3017,4.3857,77101560,0
1995-09-20,4.3942,4.4528,4.3521,4.3776,59347166,0
1995-09-21,4.2934,4.3776,4.2601,4.2601,111425863,0
1995-09-22,4.2264,4.2684,4.1845,4.2181,132774088,0
1995-09-25,4.2601,4.2601,4.1592,4.2433,76925057,0
1995-09-26,4.2514,4.3187,4.1424,4.1513,101739518,0
1995-09-27,4.1342,4.1762,3.9245,4.1678,187077126,0
1995-09-28,4.1845,4.3017,4.1762,4.3017,140231825,0
1995-09-29,4.3104,4.3608,4.2349,4.2601,126473181,0
1995-10-02,4.2601,4.2767,4.1424,4.1513,90020225,0
1995-10-03,4.1424,4.1929,4.1006,4.1762,107304647,0
1995-10-04,4.1424,4.1424,4.017,4.0504,97652336,0
1995-10-05,4.042,4.1174,4,4.1174,134622038,0
1995-10-06,4.1174,4.1845,4.017,4.042,101828831,0
1995-10-09,3.9917,4.0337,3.8914,3.9076,144357282,0
1995-10-10,3.8242,3.9581,3.782,3.9413,209522642,0
1995-10-11,4.042,4.1091,4,4.0754,142224380,0
1995-10-12,4.0922,4.1424,4.0754,4.1174,104599704,0
1995-10-13,4.1592,4.1762,4.042,4.0587,91234468,0
1995-10-16,4.0337,4.1091,4.017,4.0754,81163230,0
1995-10-17,4.1006,4.3017,4.0754,4.2853,163664048,0
1995-10-18,4.6204,4.6373,4.4611,4.4948,391187765,0
1995-10-19,4.4779,4.5619,4.4528,4.5536,127379081,0
1995-10-20,4.5368,4.5536,4.4611,4.4948,106305178,0
1995-10-23,4.4696,4.5703,4.4446,4.5283,124233947,0
1995-10-24,4.5283,4.6122,4.5283,4.587,91283378,0
1995-10-25,4.587,4.5954,4.5117,4.5117,80025537,0
1995-10-26,4.5033,4.6122,4.4864,4.6122,110103160,0
1995-10-27,4.587,4.7127,4.5786,4.7045,173688495,0
1995-10-30,4.6709,4.8639,4.6291,4.8304,166751761,0
1995-10-31,4.8472,4.8639,4.6878,4.7045,122220126,0
1995-11-01,4.7045,4.7464,4.6204,4.6291,96782587,0
1995-11-02,4.6373,4.7211,4.6204,4.7045,84401931,0
1995-11-03,4.7045,4.7045,4.6456,4.679,54007455,0
1995-11-06,4.5619,4.6456,4.5536,4.5786,116599703,0
1995-11-07,4.5368,4.5786,4.3688,4.3776,154069144,0
1995-11-08,4.4107,4.4948,4.3942,4.4779,94736866,0
1995-11-09,4.5368,4.6542,4.5117,4.6542,132661382,0
1995-11-10,4.6291,4.6542,4.545,4.5536,80833613,0
1995-11-13,4.545,4.5703,4.5199,4.5283,78420007,0
1995-11-14,4.5117,4.5117,4.4107,4.4194,100555037,0
1995-11-15,4.436,4.4528,4.3187,4.4194,144452979,0
1995-11-16,4.2601,4.3187,4.2181,4.2264,259338708,0
1995-11-17,4.2349,4.2601,4.1091,4.1091,191126049,0
1995-11-20,4.1592,4.2013,4.0337,4.042,153237671,0
1995-11-21,4.042,4.1762,3.9581,4.1342,172997387,0
1995-11-22,4.1592,4.2096,4.1006,4.1091,86960150,0
1995-11-24,4.1174,4.1513,4.1091,4.1342,19955347,0
1995-11-27,4.1678,4.2096,4.1006,4.1006,105131340,0
1995-11-28,4.0922,4.3017,4.0671,4.3017,115015445,0
1995-11-29,4.3187,4.3521,4.1929,4.2181,121035649,0
1995-11-30,4.2096,4.2181,4.0839,4.1006,124284976,0
1995-12-01,4.1006,4.1342,4.042,4.0587,127757609,0
1995-12-04,4.0504,4.2181,4.0086,4.1342,173361011,0
1995-12-05,4.1342,4.1424,4,4.042,138926131,0
1995-12-06,4.0504,4.2767,4.042,4.2601,193078181,0
1995-12-07,4.2853,4.3271,4.1762,4.2601,176603975,0
1995-12-08,4.3521,4.4528,4.3355,4.4446,195430138,0
1995-12-11,4.4446,4.4528,4.3776,4.3776,82303048,0
1995-12-12,4.3776,4.3776,4.2853,4.2934,59462000,0
1995-12-13,4.2853,4.3355,4.2601,4.3187,52601819,0
1995-12-14,4.3355,4.3942,4.1678,4.1762,123368447,0
1995-12-15,4.1929,4.2181,4.1006,4.1592,153469466,0
1995-12-18,4.1592,4.1845,4.017,4.0922,132191417,0
1995-12-19,4.1091,4.2767,4.1091,4.2767,112095716,0
1995-12-20,4.2853,4.2934,4.0922,4.1006,112946327,0
1995-12-21,4.126,4.2349,4.1091,4.2349,80533774,0
1995-12-22,4.2349,4.2767,4.1929,4.2601,47923458,0
1995-12-26,4.2433,4.2934,4.2264,4.2433,46128664,0
1995-12-27,4.2514,4.2601,4.1592,4.1762,53879860,0
1995-12-28,4.1513,4.1592,4.1006,4.1091,66158441,0
1995-12-29,4.1006,4.1762,4.0587,4.126,69567265,0
1996-01-02,4.1342,4.2181,4.1091,4.2181,76793211,0
1996-01-03,4.1929,4.2349,4.0754,4.0839,83542813,0
1996-01-04,4.1006,4.1174,3.9917,4.1091,136036180,0
1996-01-05,4.0587,4.1174,4.0504,4.0587,82513574,0
1996-01-08,4.0671,4.1174,4.0504,4.0587,15121748,0
1996-01-09,4.042,4.042,3.7568,3.7738,235810793,0
1996-01-10,3.782,3.9162,3.782,3.8744,241322754,0
1996-01-11,3.9245,4.0839,3.9076,4.0754,154994186,0
1996-01-12,4.0671,4.0839,3.9413,4.0337,107049466,0
1996-01-15,4.042,4.042,3.8491,3.8823,112404065,0
1996-01-16,3.9329,4.0671,3.9162,4.0587,162156338,0
1996-01-17,3.9834,4.1174,3.9834,3.9917,190162722,0
1996-01-18,4.017,4.1762,4,4.1174,161258935,0
1996-01-19,4.2433,4.3857,4.2181,4.3187,302286077,0
1996-01-22,4.3104,4.3608,4.2767,4.3271,109839476,0
1996-01-23,4.2934,4.3187,4.1929,4.2096,88348773,0
1996-01-24,4.2264,4.3521,4.2096,4.2934,122564622,0
1996-01-25,4.2934,4.3104,4.1845,4.2013,79587469,0
1996-01-26,4.1929,4.2767,4.1845,4.2601,67625748,0
1996-01-29,4.2684,4.2934,4.2013,4.2514,52614578,0
1996-01-30,4.2767,4.2934,4.2601,4.2684,59968112,0
1996-01-31,4.2684,4.3521,4.2349,4.3521,91406718,0
1996-02-01,4.3355,4.436,4.3271,4.4277,104448717,0
1996-02-02,4.4194,4.4277,4.3355,4.3776,59391826,0
1996-02-05,4.3608,4.5703,4.3608,4.5703,168102103,0
1996-02-06,4.5368,4.587,4.4948,4.5368,130460424,0
1996-02-07,4.5117,4.5703,4.4864,4.5536,87128139,0
1996-02-08,4.545,4.679,4.4948,4.6456,138124431,0
1996-02-09,4.6456,4.7127,4.6291,4.7045,163253620,0
1996-02-12,4.6878,4.7549,4.6624,4.679,116665635,0
1996-02-13,4.5954,4.7127,4.587,4.6878,152197806,0
1996-02-14,4.7045,4.7045,4.6291,4.6456,106609272,0
1996-02-15,4.6291,4.6624,4.5954,4.6291,69371624,0
1996-02-16,4.6456,4.6709,4.604,4.604,82677320,0
1996-02-20,4.5703,4.6291,4.5536,4.5954,85303579,0
1996-02-21,4.5954,4.7045,4.587,4.696,106388118,0
1996-02-22,4.7045,4.8217,4.7045,4.8217,141548146,0
1996-02-23,4.8217,4.872,4.7883,4.8639,136416833,0
1996-02-26,4.8472,4.8553,4.7297,4.7297,84657112,0
1996-02-27,4.7381,4.7381,4.6878,4.7045,81018621,0
1996-02-28,4.7381,4.7966,4.696,4.7045,79812884,0
1996-02-29,4.6542,4.7045,4.6373,4.6373,82035110,0
1996-03-01,4.6291,4.6373,4.4528,4.4948,209533270,0
1996-03-04,4.5117,4.5786,4.4948,4.5283,96444465,0
1996-03-05,4.5117,4.6204,4.5033,4.6122,76248818,0
1996-03-06,4.6204,4.6456,4.5619,4.5619,58819786,0
1996-03-07,4.5703,4.587,4.545,4.5786,58866574,0
1996-03-08,4.4948,4.587,4.4528,4.4696,144238207,0
1996-03-11,4.4696,4.545,4.4696,4.5368,99138780,0
1996-03-12,4.5283,4.545,4.4528,4.5033,102190346,0
1996-03-13,4.6204,4.7464,4.5954,4.7464,208280754,0
1996-03-14,4.7549,4.7883,4.6878,4.6878,80595447,0
1996-03-15,4.7045,4.8472,4.6878,4.8135,161777811,0
1996-03-18,4.8135,4.9812,4.8135,4.9475,158787913,0
1996-03-19,5.0061,5.0313,4.9224,5.0231,122928258,0
1996-03-20,4.9983,5.0148,4.8807,4.9224,123530063,0
1996-03-21,4.9057,4.9057,4.7297,4.7381,88136116,0
1996-03-22,4.7549,4.7715,4.6878,4.7549,63857537,0
1996-03-25,4.7715,4.8135,4.6456,4.696,84236061,0
1996-03-26,4.6709,4.8385,4.6456,4.8304,106192476,0
1996-03-27,4.8553,4.8889,4.7549,4.8217,70081888,0
1996-03-28,4.7883,4.8639,4.7549,4.8049,73039890,0
1996-03-29,4.8135,4.8972,4.8049,4.8472,71117505,0
1996-04-01,4.8472,4.8639,4.8049,4.8304,42122283,0
1996-04-02,4.8304,4.9392,4.8217,4.9224,72297730,0
1996-04-03,4.8972,4.9475,4.8639,4.9139,61233401,0
1996-04-04,4.9224,4.9311,4.8639,4.9057,38492300,0
1996-04-08,4.8217,4.8889,4.7883,4.8807,98024478,0
1996-04-09,4.8889,4.8889,4.7715,4.7798,88971843,0
1996-04-10,4.7715,4.8472,4.7633,4.7798,68993104,0
1996-04-11,4.7715,4.8135,4.6878,4.7549,83021819,0
1996-04-12,4.7549,4.7798,4.7297,4.7549,44839987,0
1996-04-15,4.7464,4.872,4.7464,4.8639,66590125,0
1996-04-16,4.9057,4.9642,4.8889,4.9475,106481686,0
1996-04-17,4.9475,4.9812,4.9057,4.9812,83240843,0
1996-04-18,4.9812,5.1405,4.9642,5.1237,178041511,0
1996-04-19,5.2496,5.2747,5.1487,5.1574,225269580,0
1996-04-22,5.1993,5.3333,5.1823,5.2999,123283390,0
1996-04-23,5.2999,5.3249,5.2411,5.2999,75942596,0
1996-04-24,5.3167,5.3167,5.2327,5.2411,92040422,0
1996-04-25,5.2411,5.3501,5.1823,5.2999,84922933,0
1996-04-26,5.2999,5.3584,5.283,5.3333,72163762,0
1996-04-29,5.3333,5.3333,5.2664,5.2999,45543873,0
1996-04-30,5.2999,5.3249,5.2578,5.3249,37801179,0
1996-05-01,5.3083,5.4171,5.2999,5.4171,86409380,0
1996-05-02,5.4171,5.4171,5.2244,5.2496,116082964,0
1996-05-03,5.2916,5.3836,5.1823,5.2158,100080830,0
1996-05-06,5.2158,5.283,5.1574,5.2578,100814479,0
1996-05-07,5.2496,5.3333,5.2496,5.3167,62953767,0
1996-05-08,5.3083,5.3754,5.2079,5.3754,103470524,0
1996-05-09,5.3754,5.4171,5.3249,5.3333,63498152,0
1996-05-10,5.3754,5.4171,5.367,5.4004,58364713,0
1996-05-13,5.4089,5.5935,5.4089,5.5766,127068606,0
1996-05-14,5.61,5.6437,5.5598,5.5935,102115915,0
1996-05-15,5.5935,5.6352,5.5177,5.5348,74858067,0
1996-05-16,5.4507,5.5177,5.4341,5.5095,89171733,0
1996-05-17,5.5428,5.5515,5.4758,5.5011,47038817,0
1996-05-20,5.5177,5.5428,5.4844,5.4925,51113249,0
1996-05-21,5.4925,5.4925,5.4171,5.4171,55972365,0
1996-05-22,5.4089,5.5177,5.392,5.4925,60667743,0
1996-05-23,5.4925,5.6016,5.4925,5.5766,69080291,0
1996-05-24,5.5766,5.5935,5.5598,5.5766,35145145,0
1996-05-28,5.5848,5.6016,5.5095,5.5177,57650198,0
1996-05-29,5.5177,5.5598,5.4844,5.5095,44616702,0
1996-05-30,5.5177,5.5598,5.4844,5.5598,44954817,0
1996-05-31,5.5766,5.61,5.5515,5.5848,53507723,0
1996-06-03,5.5848,5.6187,5.5515,5.5682,42111650,0
1996-06-04,5.5766,5.5935,5.4677,5.5428,87523672,0
1996-06-05,5.5515,5.702,5.5428,5.6854,67740579,0
1996-06-06,5.7274,5.7864,5.6352,5.6352,117139844,0
1996-06-07,5.5348,5.702,5.5348,5.702,93299328,0
1996-06-10,5.6941,5.702,5.6437,5.6689,60897405,0
1996-06-11,5.6772,5.7944,5.6689,5.7441,86734731,0
1996-06-12,5.7779,5.8953,5.7695,5.8784,118081891,0
1996-06-13,5.8868,5.9204,5.8198,5.8616,83170668,0
1996-06-14,5.87,5.8784,5.7779,5.7864,74354080,0
1996-06-17,5.7864,5.8784,5.7528,5.8616,76421071,0
1996-06-18,5.8534,5.8534,5.736,5.7528,99130274,0
1996-06-19,5.761,5.7864,5.7111,5.7274,97567278,0
1996-06-20,5.736,5.761,5.5935,5.7274,135870309,0
1996-06-21,5.7528,5.8363,5.7111,5.8282,75500284,0
1996-06-24,5.8282,5.8868,5.7864,5.8363,63931965,0
1996-06-25,5.8451,5.8451,5.7111,5.736,54685820,0
1996-06-26,5.7274,5.736,5.5935,5.6689,94972910,0
1996-06-27,5.6689,5.6941,5.5935,5.6437,103113261,0
1996-06-28,5.6689,5.6941,5.6016,5.6522,69112195,0
1996-07-01,5.6522,5.761,5.6522,5.7528,63612982,0
1996-07-02,5.7528,5.7695,5.702,5.7189,51234462,0
1996-07-03,5.7189,5.7779,5.6689,5.6941,58802777,0
1996-07-05,5.6522,5.6522,5.5682,5.5682,46958007,0
1996-07-08,5.5766,5.6772,5.5515,5.6603,85635322,0
1996-07-09,5.6854,5.7111,5.6437,5.6437,47276992,0
1996-07-10,5.6437,5.6437,5.5515,5.6187,103642762,0
1996-07-11,5.5598,5.5682,5.3501,5.3836,187287654,0
1996-07-12,5.4171,5.4171,5.1993,5.283,185378026,0
1996-07-15,5.283,5.3501,5.1655,5.1993,148633740,0
1996-07-16,5.1823,5.4341,5.0567,5.4257,242026628,0
1996-07-17,5.5348,5.5515,5.4341,5.5095,167740597,0
1996-07-18,5.5177,5.6437,5.4507,5.6352,130964410,0
1996-07-19,5.5348,5.7189,5.5348,5.6854,131855430,0
1996-07-22,5.6941,5.7111,5.5428,5.6352,192019173,0
1996-07-23,5.6437,5.6437,5.1823,5.2747,342475338,0
1996-07-24,5.1487,5.4424,5.1487,5.392,255483318,0
1996-07-25,5.4507,5.5848,5.4171,5.5766,134130807,0
1996-07-26,5.6187,5.6187,5.5598,5.6016,78819797,0
1996-07-29,5.61,5.6352,5.4925,5.4925,75423729,0
1996-07-30,5.5428,5.5848,5.4592,5.5766,89016501,0
1996-07-31,5.5935,5.6269,5.5348,5.5428,74853814,0
1996-08-01,5.5428,5.6854,5.5177,5.6689,127625757,0
1996-08-02,5.7441,5.8282,5.6689,5.8032,145254686,0
1996-08-05,5.8114,5.8198,5.702,5.7274,73195126,0
1996-08-06,5.7189,5.8363,5.6854,5.8282,89565141,0
1996-08-07,5.8451,5.8868,5.7779,5.87,102060633,0
1996-08-08,5.8363,5.9204,5.8198,5.8868,72274338,0
1996-08-09,5.87,5.9035,5.8282,5.8534,58896345,0
1996-08-12,5.8451,5.9288,5.8282,5.8868,87968120,0
1996-08-13,5.8784,5.9204,5.8032,5.8114,96370035,0
1996-08-14,5.8282,5.8868,5.8198,5.87,69154725,0
1996-08-15,5.87,5.9121,5.8451,5.8868,47257855,0
1996-08-16,5.8868,5.8868,5.8198,5.8451,63262109,0
1996-08-19,5.8282,5.8363,5.7528,5.8114,57324841,0
1996-08-20,5.8198,5.8363,5.7944,5.8032,34128661,0
1996-08-21,5.761,5.8114,5.7274,5.8114,65584280,0
1996-08-22,5.8363,5.8868,5.8114,5.8784,66768758,0
1996-08-23,5.87,5.8784,5.7944,5.7944,58488050,0
1996-08-26,5.8032,5.8198,5.7695,5.7779,42456150,0
1996-08-27,5.7864,5.87,5.7864,5.87,37265294,0
1996-08-28,5.8784,5.9121,5.87,5.9035,42624145,0
1996-08-29,5.8868,5.8868,5.8114,5.8363,45431162,0
1996-08-30,5.8451,5.8451,5.761,5.761,37331214,0
1996-09-03,5.736,5.8032,5.6689,5.8032,64493367,0
1996-09-04,5.8032,5.8114,5.7779,5.8032,36053174,0
1996-09-05,5.7695,5.7695,5.7111,5.7111,53658700,0
1996-09-06,5.736,5.7695,5.7189,5.761,55717185,0
1996-09-09,5.761,5.8784,5.7528,5.87,55485390,0
1996-09-10,5.87,5.8868,5.8114,5.8451,51706550,0
1996-09-11,5.8282,5.9035,5.8114,5.8868,48361522,0
1996-09-12,5.9035,6.0881,5.8868,6.0461,127517304,0
1996-09-13,6.0965,6.1806,6.0628,6.1636,106509325,0
1996-09-16,6.1636,6.2643,6.1636,6.1806,82947386,0
1996-09-17,6.2476,6.3313,6.2223,6.2977,100510392,0
1996-09-18,6.2977,6.4823,6.2643,6.4152,114366850,0
1996-09-19,6.4152,6.499,6.3816,6.4738,100893164,0
1996-09-20,6.4402,6.516,6.3901,6.499,139353569,0
1996-09-23,6.4738,6.499,6.4068,6.4738,61650199,0
1996-09-24,6.4655,6.5073,6.3984,6.4402,96384927,0
1996-09-25,6.4655,6.4823,6.365,6.3816,58568857,0
1996-09-26,6.3816,6.3984,6.1971,6.2056,123079244,0
1996-09-27,6.2306,6.3564,6.1721,6.3228,130745374,0
1996-09-30,6.2808,6.3396,6.1971,6.2056,119051602,0
1996-10-01,6.1971,6.2977,6.1551,6.2137,91872424,0
1996-10-02,6.2476,6.3816,6.2223,6.3396,91387583,0
1996-10-03,6.3396,6.3564,6.2808,6.2977,77477956,0
1996-10-04,6.3313,6.4235,6.3145,6.4152,60029785,0
1996-10-07,6.4152,6.499,6.3901,6.4655,56395546,0
1996-10-08,6.4738,6.4738,6.3481,6.365,64414688,0
1996-10-09,6.3984,6.3984,6.2643,6.3228,86330693,0
1996-10-10,6.2896,6.3984,6.2728,6.2896,68765564,0
1996-10-11,6.3313,6.4571,6.3145,6.4487,48542274,0
1996-10-14,6.4571,6.499,6.4152,6.4235,47968110,0
1996-10-15,6.5241,6.5411,6.4571,6.5326,81348236,0
1996-10-16,6.5241,6.5326,6.4402,6.4906,48414688,0
1996-10-17,6.499,6.5326,6.3731,6.3731,65254669,0
1996-10-18,6.2977,6.3481,6.2808,6.3396,92565683,0
1996-10-21,6.3396,6.3984,6.2808,6.2977,94898480,0
1996-10-22,6.2643,6.2728,6.1721,6.2306,151257871,0
1996-10-23,6.239,6.3396,6.1971,6.3228,89637447,0
1996-10-24,6.3396,6.4571,6.2977,6.4235,108210549,0
1996-10-25,6.4235,6.4823,6.3984,6.4152,70553976,0
1996-10-28,6.4317,6.4738,6.4068,6.4235,68102088,0
1996-10-29,6.4402,6.4571,6.3396,6.365,88725161,0
1996-10-30,6.365,6.4402,6.3396,6.4068,80444461,0
1996-10-31,6.4152,6.4571,6.3984,6.4571,49214254,0
1996-11-01,6.4571,6.5241,6.4152,6.4571,75134518,0
1996-11-04,6.4571,6.5073,6.4317,6.4906,47855409,0
1996-11-05,6.516,6.6501,6.5073,6.6501,114855954,0
1996-11-06,6.6501,6.7924,6.6332,6.7924,94947392,0
1996-11-07,6.8094,6.868,6.7338,6.7503,101996827,0
1996-11-08,6.7423,6.7503,6.6501,6.7503,89539623,0
1996-11-11,6.7423,6.8094,6.7254,6.7503,51294004,0
1996-11-12,6.7759,6.8598,6.6501,6.6666,107863927,0
1996-11-13,6.7503,6.8512,6.7338,6.8177,120161646,0
1996-11-14,6.8345,7.0358,6.8345,7.0358,152803863,0
1996-11-15,7.086,7.0945,6.9268,7.0104,138279671,0
1996-11-18,7.0273,7.1365,6.9854,7.0692,131028200,0
1996-11-19,7.0776,7.3293,7.0692,7.3293,139206835,0
1996-11-20,7.3374,7.4298,7.2033,7.2033,164616727,0
1996-11-21,7.262,7.2704,7.0525,7.0692,173735279,0
1996-11-22,7.086,7.1698,7.0273,7.0776,125497102,0
1996-11-25,7.103,7.22,7.0776,7.22,99853292,0
1996-11-26,7.2452,7.3039,7.1614,7.2286,143857556,0
1996-11-27,7.2452,7.3208,7.2286,7.3125,59072847,0
1996-11-29,7.3125,7.3876,7.3125,7.3796,22796388,0
1996-12-02,7.4045,7.4214,7.3039,7.4214,85728889,0
1996-12-03,7.4467,7.4968,7.2704,7.2704,103087742,0
1996-12-04,7.2956,7.3039,7.1531,7.2033,136287111,0
1996-12-05,7.2119,7.3039,7.1445,7.1951,99615119,0
1996-12-06,7.0104,7.262,6.9685,7.1866,146515713,0
1996-12-09,7.3713,7.6983,7.3374,7.6897,125888382,0
1996-12-10,7.9332,7.9499,7.6897,7.6983,167099458,0
1996-12-11,7.6143,7.8659,7.539,7.8407,150928266,0
1996-12-12,7.9917,8.0168,7.6143,7.6143,104030860,0
1996-12-13,7.6311,7.7149,7.455,7.5221,99059036,0
1996-12-16,7.5471,7.5975,7.1951,7.22,86235001,0
1996-12-17,7.2033,7.539,7.1866,7.5137,91633191,0
1996-12-18,7.6564,7.7819,7.5221,7.7737,82132925,0
1996-12-19,7.8993,8.0086,7.8071,7.9833,125743786,0
1996-12-20,8.0417,8.0505,7.8407,7.8659,120168021,0
1996-12-23,7.9079,7.9748,7.7905,7.8741,49033500,0
1996-12-24,7.9079,8.0086,7.8159,7.9833,21592774,0
1996-12-26,8.0168,8.1003,8.0086,8.0417,37088792,0
1996-12-27,8.0417,8.0673,7.8993,7.9246,25357791,0
1996-12-30,8.0336,8.0505,7.8491,7.8491,36256254,0
1996-12-31,7.8993,7.9246,7.757,7.7737,45676781,0
1997-01-02,7.8159,7.8159,7.5975,7.6731,72409372,0
1997-01-03,7.7316,7.9748,7.7149,7.958,58653920,0
1997-01-06,7.958,8.0168,7.8159,7.9332,74359399,0
1997-01-07,7.9499,8.0086,7.8407,7.9917,49017556,0
1997-01-08,7.9917,8.0168,7.8159,7.8407,67242970,0
1997-01-09,7.8741,7.8741,7.7316,7.7484,63481141,0
1997-01-10,7.7149,7.9332,7.6731,7.9246,88459349,0
1997-01-13,8.0086,8.0417,7.8491,7.8741,66934626,0
1997-01-14,7.9246,8.151,7.9246,8.0336,84699642,0
1997-01-15,8.0505,8.1091,7.9332,7.958,70518891,0
1997-01-16,7.9917,8.193,7.9917,8.0925,78001084,0
1997-01-17,8.0505,8.2514,8.0417,8.193,86880402,0
1997-01-20,8.1847,8.7377,8.151,8.5368,194339230,0
1997-01-21,8.52,8.9391,8.4277,8.9315,152301995,0
1997-01-22,8.9474,9.2666,8.8984,9.157,171766124,0
1997-01-23,9.2317,9.3834,8.8889,8.9145,139617253,0
1997-01-24,8.9474,9.1916,8.8721,9.0236,119374831,0
1997-01-27,9.0736,9.157,8.9803,9.0402,70791082,0
1997-01-28,9.2491,9.293,8.9145,8.9895,85934103,0
1997-01-29,9.0983,9.157,9.0065,9.15,65036693,0
1997-01-30,9.2405,9.526,9.2158,9.51,106243515,0
1997-01-31,9.584,9.71,9.4835,9.593,114986741,0
1997-02-03,9.653,9.727,9.51,9.628,80814477,0
1997-02-04,9.628,9.71,9.4516,9.703,75045210,0
1997-02-05,9.703,9.734,9.107,9.2491,146330702,0
1997-02-06,9.2405,9.2491,9.0318,9.1328,135728901,0
1997-02-07,9.2491,9.4516,9.1743,9.4413,82998425,0
1997-02-10,9.4755,9.543,9.183,9.1916,88788966,0
1997-02-11,9.2405,9.2754,8.9474,9.2666,118068070,0
1997-02-12,9.2491,9.4097,9.1743,9.3913,95695922,0
1997-02-13,9.4516,9.51,9.35,9.4097,77474766,0
1997-02-14,9.35,9.4516,9.183,9.2069,76282844,0
1997-02-18,9.183,9.2069,9.0488,9.157,69837338,0
1997-02-19,9.157,9.2317,9.0736,9.1743,74937815,0
1997-02-20,9.107,9.1743,8.9474,8.956,100206301,0
1997-02-21,8.9231,8.9716,8.838,8.9315,81248295,0
1997-02-24,8.8638,9.4255,8.838,9.4175,91173861,0
1997-02-25,9.4097,9.502,9.299,9.3598,84983540,0
1997-02-26,9.3598,9.4413,9.2491,9.4255,64925051,0
1997-02-27,9.4255,9.4255,9.0318,9.0402,75264240,0
1997-02-28,9.0402,9.2491,8.9716,9.1743,104215867,0
1997-03-03,9.1242,9.4175,9.0898,9.3598,71603417,0
1997-03-04,9.3322,9.4175,9.2754,9.3243,84955895,0
1997-03-05,9.3598,9.502,9.3322,9.4835,61660830,0
1997-03-06,9.4755,9.4835,9.1916,9.1916,75782044,0
1997-03-07,9.2491,9.3598,9.0736,9.0983,61180232,0
1997-03-10,9.1328,9.4175,9.0236,9.4097,61134520,0
1997-03-11,9.3677,9.4586,9.2491,9.2491,63234462,0
1997-03-12,9.1916,9.3598,9.1916,9.293,57462004,0
1997-03-13,9.2405,9.4175,9.2158,9.3677,60480609,0
1997-03-14,9.3834,9.4255,9.299,9.3077,81508793,0
1997-03-17,9.2666,9.4755,9.2158,9.4516,111587480,0
1997-03-18,9.4666,9.4835,9.299,9.3677,78431698,0
1997-03-19,9.1916,9.2405,8.9315,9.0983,148272224,0
1997-03-20,9.0898,9.1916,8.9716,9.0318,108200985,0
1997-03-21,9.0736,9.1328,8.7377,8.838,114074454,0
1997-03-24,8.7553,8.797,8.2434,8.478,247567308,0
1997-03-25,8.52,8.5954,8.3607,8.4948,119220657,0
1997-03-26,8.5368,8.8984,8.52,8.8638,108014905,0
1997-03-27,8.9474,9.0402,8.562,8.8135,124826186,0
1997-03-31,8.7553,8.8889,8.5788,8.6208,124701777,0
1997-04-01,8.478,8.8135,8.4443,8.7719,115205762,0
1997-04-02,8.7377,8.8055,8.562,8.6541,84172265,0
1997-04-03,8.562,8.9716,8.52,8.9474,122611404,0
1997-04-04,8.8135,9.0983,8.8135,8.8553,126214811,0
1997-04-07,8.9895,9.183,8.9315,9.015,101689545,0
1997-04-08,9.0898,9.2405,8.9803,9.2405,70892095,0
1997-04-09,9.3243,9.3322,9.1916,9.2158,98036172,0
1997-04-10,9.1916,9.1916,8.9803,9.0983,90262647,0
1997-04-11,8.9803,9.15,8.9315,8.9315,79789493,0
1997-04-14,8.9145,9.157,8.7803,9.157,78558231,0
1997-04-15,9.2069,9.3077,9.015,9.1328,112227562,0
1997-04-16,9.0898,9.2666,9.0488,9.2405,56765564,0
1997-04-17,9.2666,9.4097,9.1743,9.2317,95322722,0
1997-04-18,9.78,10.121,9.686,10.121,308033028,0
1997-04-21,10.063,10.525,9.979,10.121,206931465,0
1997-04-22,10.121,10.422,10.114,10.407,109383334,0
1997-04-23,10.407,10.884,10.383,10.827,136648617,0
1997-04-24,10.97,11.086,10.607,10.734,157048411,0
1997-04-25,10.676,10.852,10.65,10.684,77839464,0
1997-04-28,10.7,10.819,10.499,10.802,89346114,0
1997-04-29,11.034,11.201,10.962,11.193,98290289,0
1997-04-30,11.153,11.532,11.139,11.429,119888385,0
1997-05-01,11.472,11.588,11.209,11.379,96126544,0
1997-05-02,11.472,11.613,11.186,11.354,127846922,0
1997-05-05,11.255,11.354,10.859,11.304,147611938,0
1997-05-06,11.228,11.263,10.944,11.034,99375887,0
1997-05-07,10.944,11.193,10.827,10.859,93743775,0
1997-05-08,10.844,11.113,10.827,10.944,71550257,0
1997-05-09,11.095,11.146,10.884,10.979,77607673,0
1997-05-12,11.05,11.146,11.003,11.113,57118566,0
1997-05-13,11.139,11.209,10.996,11.077,66206289,0
1997-05-14,11.139,11.153,10.876,10.899,80734731,0
1997-05-15,10.908,11.086,10.899,11.018,55637436,0
1997-05-16,10.944,11.003,10.802,10.859,79630002,0
1997-05-19,10.917,11.018,10.827,10.827,60648603,0
1997-05-20,10.899,11.209,10.844,11.201,86226492,0
1997-05-21,11.345,11.564,11.263,11.321,101834154,0
1997-05-22,11.379,11.438,11.263,11.345,44730472,0
1997-05-23,11.413,11.564,11.37,11.555,38416806,0
1997-05-27,11.547,11.986,11.506,11.907,91754405,0
1997-05-28,11.968,11.968,11.746,11.841,69433298,0
1997-05-29,11.968,12.136,11.755,11.841,67930903,0
1997-05-30,11.05,11.816,11.05,11.666,110762385,0
1997-06-02,11.755,11.807,11.58,11.699,51753334,0
1997-06-03,11.605,11.613,11.345,11.354,55815004,0
1997-06-04,11.345,11.497,11.122,11.209,72619899,0
1997-06-05,11.313,11.429,11.237,11.338,47703356,0
1997-06-06,11.413,11.691,11.379,11.666,47799057,0
1997-06-09,11.746,11.866,11.523,11.764,64061686,0
1997-06-10,11.764,11.949,11.64,11.74,70620962,0
1997-06-11,11.74,11.986,11.622,11.94,65200440,0
1997-06-12,11.925,12.051,11.791,11.94,59296134,0
1997-06-13,11.925,12.235,11.898,12.191,66608204,0
1997-06-16,12.191,12.351,12.119,12.351,53977686,0
1997-06-17,12.369,12.688,12.31,12.62,70695393,0
1997-06-18,12.529,12.555,12.235,12.244,73973437,0
1997-06-19,12.075,12.294,12.041,12.158,87080296,0
1997-06-20,12.167,12.351,12.083,12.218,85380134,0
1997-06-23,12.218,12.369,12.041,12.041,47481135,0
1997-06-24,12.176,12.428,12.075,12.419,52258383,0
1997-06-25,12.493,12.529,12.209,12.271,65890498,0
1997-06-26,12.235,12.301,12.025,12.06,49590654,0
1997-06-27,12.142,12.227,11.968,11.992,50768750,0
1997-06-30,12.025,12.11,11.866,11.883,50885714,0
1997-07-01,11.889,11.931,11.588,11.746,78917611,0
1997-07-02,11.816,12.083,11.666,12.075,70757056,0
1997-07-03,12.235,12.235,12.083,12.183,38229671,0
1997-07-07,12.286,12.396,12.167,12.176,52259446,0
1997-07-08,12.167,12.351,12.128,12.342,47856472,0
1997-07-09,12.46,12.468,12.176,12.294,64149934,0
1997-07-10,12.279,12.342,12.119,12.218,58188210,0
1997-07-11,12.253,12.324,12.075,12.2,50630527,0
1997-07-14,12.301,12.788,12.279,12.788,76321119,0
1997-07-15,12.981,13.1,12.847,13.023,100349831,0
1997-07-16,13.392,14.062,13.166,13.963,147817150,0
1997-07-17,14.156,14.178,13.778,14.062,174997378,0
1997-07-18,13.634,13.863,13.166,13.219,211227050,0
1997-07-21,13.249,13.258,12.58,12.788,169089884,0
1997-07-22,12.871,13.62,12.862,13.552,134747507,0
1997-07-23,13.66,13.809,13.258,13.299,127001625,0
1997-07-24,13.014,13.2,12.755,12.981,188536984,0
1997-07-25,13.023,13.376,12.906,13.023,120027669,0
1997-07-28,13.1,13.107,12.763,12.888,74965464,0
1997-07-29,12.862,13.174,12.806,13.156,105079240,0
1997-07-30,13.241,13.36,13.131,13.274,104098907,0
1997-07-31,13.36,13.367,13.249,13.299,56141429,0
1997-08-01,13.299,13.333,13.091,13.226,78299861,0
1997-08-04,13.191,13.36,13.115,13.316,61553442,0
1997-08-05,13.376,13.577,13.36,13.475,78859131,0
1997-08-06,13.475,13.604,13.376,13.493,57695920,0
1997-08-07,13.577,13.577,13.36,13.534,58409369,0
1997-08-08,13.434,13.459,13.166,13.166,88802787,0
1997-08-11,13.166,13.191,12.822,13.005,96618842,0
1997-08-12,13.107,13.139,12.771,12.788,80923995,0
1997-08-13,12.988,13.005,12.671,12.798,88691143,0
1997-08-14,12.788,12.862,12.612,12.815,61005864,0
1997-08-15,12.747,12.788,12.484,12.493,67887304,0
1997-08-18,12.511,12.587,12.318,12.587,92995236,0
1997-08-19,12.671,13.075,12.664,13.057,120964404,0
1997-08-20,13.075,13.234,12.888,13.219,68359401,0
1997-08-21,13.316,13.392,12.93,12.966,85608741,0
1997-08-22,12.72,12.93,12.612,12.906,95908579,0
1997-08-25,12.966,13.075,12.755,12.839,51643821,0
1997-08-26,12.788,12.871,12.671,12.696,45623615,0
1997-08-27,12.72,12.729,12.511,12.654,65618301,0
1997-08-28,12.555,12.58,12.413,12.419,58003200,0
1997-08-29,12.419,12.587,12.396,12.437,50315799,0
1997-09-02,12.521,12.93,12.511,12.906,66603947,0
1997-09-03,12.949,13.066,12.806,12.847,56981403,0
1997-09-04,12.788,13.023,12.763,12.997,59112184,0
1997-09-05,13.083,13.139,12.815,12.915,64325374,0
1997-09-08,12.957,13.147,12.957,13.1,56374281,0
1997-09-09,13.1,13.191,13.014,13.123,52452960,0
1997-09-10,13.066,13.083,12.705,12.705,70832552,0
1997-09-11,12.696,12.923,12.493,12.862,82109531,0
1997-09-12,12.871,13.014,12.755,12.972,64561415,0
1997-09-15,12.755,12.906,12.286,12.294,171455659,0
1997-09-16,12.396,12.888,12.318,12.822,136281798,0
1997-09-17,12.847,12.862,12.468,12.529,81884121,0
1997-09-18,12.628,12.705,12.36,12.437,81177052,0
1997-09-19,12.437,12.72,12.413,12.713,102917625,0
1997-09-22,12.696,12.779,12.529,12.538,57484331,0
1997-09-23,12.563,12.747,12.521,12.747,53091984,0
1997-09-24,12.755,12.798,12.428,12.453,79797996,0
1997-09-25,12.493,12.612,12.419,12.484,52195654,0
1997-09-26,12.571,12.58,12.378,12.547,48713462,0
1997-09-29,12.555,12.671,12.493,12.645,36557163,0
1997-09-30,12.645,12.763,12.437,12.445,58337067,0
1997-10-01,12.46,12.645,12.351,12.587,81693800,0
1997-10-02,12.58,12.664,12.484,12.529,38318987,0
1997-10-03,12.688,12.815,12.547,12.688,80123354,0
1997-10-06,12.779,12.815,12.628,12.705,55524734,0
1997-10-07,12.696,12.949,12.664,12.847,72499751,0
1997-10-08,12.847,13.083,12.815,13.075,94626284,0
1997-10-09,13.023,13.131,12.988,13.066,46082946,0
1997-10-10,13.005,13.048,12.815,12.839,33085602,0
1997-10-13,12.888,12.966,12.847,12.862,25320578,0
1997-10-14,12.898,12.923,12.729,12.855,44340256,0
1997-10-15,12.763,12.788,12.688,12.763,59812878,0
1997-10-16,12.806,12.847,12.437,12.594,62901661,0
1997-10-17,12.521,12.664,12.262,12.437,116586946,0
1997-10-20,12.511,12.72,11.992,12.468,204748575,0
1997-10-21,12.806,13.1,12.729,13.023,153751231,0
1997-10-22,13.014,13.023,12.729,12.763,74129736,0
1997-10-23,12.413,12.906,12.413,12.755,88269026,0
1997-10-24,12.871,12.906,12.529,12.729,93076046,0
1997-10-27,12.688,12.815,12.101,12.119,128648620,0
1997-10-28,12.437,12.696,11.613,12.547,212729455,0
1997-10-29,12.58,12.705,12.235,12.31,113679986,0
1997-10-30,12.176,12.351,12.083,12.101,95823516,0
1997-10-31,12.318,12.369,12.191,12.227,62212664,0
1997-11-03,12.378,12.628,12.351,12.612,89997893,0
1997-11-04,12.603,12.688,12.529,12.628,65303574,0
1997-11-05,12.645,12.664,12.46,12.563,56502937,0
1997-11-06,12.529,12.555,12.396,12.419,53517291,0
1997-11-07,12.235,12.413,12.218,12.378,84567800,0
1997-11-10,12.378,12.46,12.2,12.244,48863382,0
1997-11-11,12.271,12.36,12.167,12.286,49194056,0
1997-11-12,12.235,12.318,12.136,12.15,60850623,0
1997-11-13,12.235,12.378,12.15,12.378,79870300,0
1997-11-14,12.378,12.587,12.351,12.538,62019153,0
1997-11-17,12.645,12.771,12.555,12.688,79870300,0
1997-11-18,12.688,12.747,12.58,12.603,48754927,0
1997-11-19,12.571,12.705,12.547,12.705,42159501,0
1997-11-20,12.72,12.898,12.688,12.871,71346108,0
1997-11-21,12.966,12.981,12.822,12.966,90670944,0
1997-11-24,12.898,12.988,12.747,12.747,51945788,0
1997-11-25,12.779,13.1,12.763,13.075,75044142,0
1997-11-26,13.075,13.342,13.005,13.316,83803319,0
1997-11-28,13.282,13.376,13.274,13.308,23116433,0
1997-12-01,13.351,13.543,13.316,13.526,65133451,0
1997-12-02,13.501,13.625,13.36,13.376,66676250,0
1997-12-03,13.325,13.642,13.258,13.611,76703903,0
1997-12-04,13.611,13.72,13.376,13.41,83240843,0
1997-12-05,13.367,13.611,13.367,13.459,63976621,0
1997-12-08,13.493,13.786,13.459,13.746,66391302,0
1997-12-09,13.634,13.667,13.493,13.577,68822981,0
1997-12-10,13.376,13.475,13.258,13.376,88296662,0
1997-12-11,13.2,13.258,13.066,13.083,93287632,0
1997-12-12,12.957,13.023,12.788,12.862,72179710,0
1997-12-15,12.831,12.888,12.511,12.806,112048934,0
1997-12-16,12.779,13.2,12.696,13.083,86923994,0
1997-12-17,13.156,13.2,12.747,12.755,68410433,0
1997-12-18,12.645,12.671,12.262,12.31,131279129,0
1997-12-19,12.11,12.244,11.875,12.101,183500300,0
1997-12-22,12.142,12.227,11.841,11.94,78499755,0
1997-12-23,11.949,12.06,11.564,11.597,89307831,0
1997-12-24,11.64,11.649,11.095,11.186,117505605,0
1997-12-26,11.177,11.354,11.169,11.354,43047323,0
1997-12-29,11.506,11.925,11.488,11.883,90131859,0
1997-12-30,11.889,12.318,11.875,12.253,103488590,0
1997-12-31,12.318,12.369,12.136,12.158,61333346,0
1998-01-02,12.191,12.369,12.176,12.333,52828294,0
1998-01-05,12.342,12.571,12.025,12.262,106828313,0
1998-01-06,12.2,12.511,12.158,12.333,90157383,0
1998-01-07,12.218,12.333,11.992,12.183,81728888,0
1998-01-08,12.101,12.428,11.992,12.279,103162171,0
1998-01-09,12.235,12.369,11.841,11.94,116340272,0
1998-01-12,11.723,12.227,11.699,12.176,104191416,0
1998-01-13,12.176,12.437,12.051,12.428,88976100,0
1998-01-14,12.428,12.46,12.158,12.333,72799591,0
1998-01-15,12.262,12.511,12.218,12.445,67281252,0
1998-01-16,12.453,12.729,12.445,12.72,96947392,0
1998-01-20,12.612,12.981,12.603,12.966,86331753,0
1998-01-21,12.906,13.023,12.755,12.888,113725704,0
1998-01-22,12.747,13.156,12.729,13.041,211508820,0
1998-01-23,13.048,13.115,12.855,13.005,84146744,0
1998-01-26,13.156,13.342,13.023,13.333,98720914,0
1998-01-27,13.392,13.72,13.316,13.651,129639578,0
1998-01-28,13.754,14.062,13.686,14.014,105511983,0
1998-01-29,14.005,14.122,13.871,13.946,97782047,0
1998-01-30,13.98,14.106,13.887,14.028,66548658,0
1998-02-02,14.274,14.592,14.156,14.565,130778333,0
1998-02-03,14.592,14.684,14.465,14.659,81571528,0
1998-02-04,14.659,14.859,14.583,14.751,82324313,0
1998-02-05,14.868,14.926,14.558,14.617,89067536,0
1998-02-06,14.617,14.886,14.592,14.868,66547596,0
1998-02-09,14.926,14.943,14.633,14.783,72676251,0
1998-02-10,14.793,15.002,14.743,14.975,63927710,0
1998-02-11,14.985,15.054,14.775,14.952,101621499,0
1998-02-12,14.868,14.952,14.717,14.926,101885195,0
1998-02-13,14.918,14.926,14.801,14.809,56091454,0
1998-02-17,14.912,14.912,14.474,14.516,113867121,0
1998-02-18,14.542,14.675,14.456,14.542,101819265,0
1998-02-19,14.625,14.675,14.506,14.565,98051058,0
1998-02-20,14.625,14.649,14.382,14.592,114423202,0
1998-02-23,15.22,15.361,14.926,15.354,160557716,0
1998-02-24,15.682,15.974,15.405,15.448,157232893,0
1998-02-25,15.699,15.992,15.622,15.974,126188755,0
1998-02-26,16.081,16.116,15.884,16.081,81589597,0
1998-02-27,16.09,16.176,15.907,15.939,63174392,0
1998-03-02,16.152,16.152,15.622,15.672,66578427,0
1998-03-03,15.539,15.907,15.53,15.891,67455618,0
1998-03-04,15.503,15.765,15.346,15.481,95047331,0
1998-03-05,14.912,15.323,14.912,15.061,122615128,0
1998-03-06,15.102,15.565,15.094,15.565,68321122,0
1998-03-09,15.521,15.521,14.952,14.967,69452434,0
1998-03-10,15.271,15.33,15.038,15.33,63006926,0
1998-03-11,15.422,15.422,15.002,15.181,52948973,0
1998-03-12,15.521,15.539,15.203,15.405,63745358,0
1998-03-13,15.503,15.615,15.346,15.496,43251476,0
1998-03-16,15.503,15.565,15.304,15.422,37187142,0
1998-03-17,15.361,15.361,14.985,15.118,71560888,0
1998-03-18,15.061,15.387,15.029,15.378,45039350,0
1998-03-19,15.33,15.481,15.287,15.422,40270077,0
1998-03-20,15.448,15.615,15.144,15.387,74840529,0
1998-03-23,15.271,15.915,15.245,15.773,73165886,0
1998-03-24,15.833,16.002,15.699,15.974,42904851,0
1998-03-25,17.023,17.106,16.41,16.705,165131348,0
1998-03-26,16.646,16.846,16.462,16.605,60395013,0
1998-03-27,16.813,16.813,16.47,16.521,51733134,0
1998-03-30,16.562,16.672,16.386,16.544,36500807,0
1998-03-31,16.672,16.882,16.646,16.839,50740575,0
1998-04-01,16.898,17.049,16.646,16.997,48957481,0
1998-04-02,17.058,17.29,16.907,17.174,55043604,0
1998-04-03,17.309,17.503,17.209,17.495,54475819,0
1998-04-06,17.424,17.424,16.756,16.915,98660303,0
1998-04-07,16.798,17.049,16.319,16.41,83241377,0
1998-04-08,16.319,16.738,16.294,16.729,48901128,0
1998-04-09,16.544,16.855,16.462,16.738,44682628,0
1998-04-13,16.705,16.738,16.319,16.672,44067528,0
1998-04-14,16.678,16.846,16.462,16.637,37847957,0
1998-04-15,16.789,17.192,16.721,17.192,53825636,0
1998-04-16,16.997,17.317,16.964,17.248,52758653,0
1998-04-17,17.209,17.353,16.989,17.326,49711335,0
1998-04-20,17.375,17.869,17.343,17.802,60519954,0
1998-04-21,17.811,17.869,17.518,17.844,69030320,0
1998-04-22,18.056,18.644,17.986,18.598,106531123,0
1998-04-23,18.29,18.314,17.709,17.781,85347177,0
1998-04-24,17.585,17.819,17.281,17.326,68362588,0
1998-04-27,16.839,17.032,16.646,16.989,78086141,0
1998-04-28,17.326,17.353,16.747,16.907,75316335,0
1998-04-29,16.939,17.209,16.855,17.023,66535897,0
1998-04-30,17.209,17.233,16.872,16.956,72399802,0
1998-05-01,16.964,17.023,16.578,16.855,47841584,0
1998-05-04,16.781,16.907,16.544,16.562,50371620,0
1998-05-05,16.488,16.846,16.362,16.503,67554508,0
1998-05-06,16.462,16.462,16.176,16.241,63943133,0
1998-05-07,16.212,16.226,15.646,15.682,103697524,0
1998-05-08,15.405,16.203,15.405,16.125,127956965,0
1998-05-11,16.203,16.212,15.816,15.85,68413627,0
1998-05-12,15.655,16.125,15.655,16.116,85256794,0
1998-05-13,16.678,16.696,16.267,16.354,107230752,0
1998-05-14,16.152,17.115,16.144,16.729,125962815,0
1998-05-15,16.956,16.964,16.696,16.82,63996292,0
1998-05-18,15.891,16.267,15.891,16.186,106852229,0
1998-05-19,16.144,16.354,16.09,16.267,69423730,0
1998-05-20,16.203,16.345,16.059,16.125,47446585,0
1998-05-21,16.144,16.436,16.081,16.241,48750676,0
1998-05-22,16.294,16.319,16.067,16.09,48018616,0
1998-05-26,16.051,16.212,15.707,15.733,59108999,0
1998-05-27,15.589,16.203,15.589,16.176,77850094,0
1998-05-28,16.125,16.241,16.002,16.233,40864974,0
1998-05-29,16.241,16.267,15.939,15.948,45309952,0
1998-06-01,15.773,15.915,15.638,15.756,56401929,0
1998-06-02,15.816,16.169,15.773,16.081,51263702,0
1998-06-03,16.152,16.258,15.825,15.859,47861255,0
1998-06-04,15.931,16.203,15.733,16.186,44813412,0
1998-06-05,16.152,16.267,15.939,16.226,45762367,0
1998-06-08,16.108,16.233,15.992,16.116,25101546,0
1998-06-09,16.051,16.47,16.035,16.377,47435418,0
1998-06-10,16.294,16.621,16.152,16.176,44245623,0
1998-06-11,16.258,16.386,16.011,16.051,54852747,0
1998-06-12,15.967,16.203,15.797,16.125,54922394,0
1998-06-15,15.931,16.418,15.907,16.169,56945785,0
1998-06-16,16.233,16.915,16.081,16.907,81257856,0
1998-06-17,16.915,17.375,16.882,17.132,101206292,0
1998-06-18,17.082,17.258,16.997,17.148,52137701,0
1998-06-19,17.468,17.819,17.4,17.811,121247771,0
1998-06-22,17.819,18.048,17.62,18.021,65084542,0
1998-06-23,18.021,18.977,17.923,18.952,165703379,0
1998-06-24,19.127,19.775,18.803,19.74,140516772,0
1998-06-25,19.917,20.102,19.07,19.102,118247765,0
1998-06-26,19.237,19.681,19.187,19.649,74003735,0
1998-06-29,19.839,20.26,19.8,20.21,87594384,0
1998-06-30,19.8,20.419,19.681,20.386,102352496,0
1998-07-01,20.529,20.714,20.158,20.57,71066465,0
1998-07-02,20.469,20.529,20.151,20.177,36312075,0
1998-07-06,20.102,20.327,19.823,20.277,46926647,0
1998-07-07,20.277,20.419,20.033,20.302,43092517,0
1998-07-08,20.335,20.714,20.076,20.671,55228082,0
1998-07-09,20.687,21.066,20.646,20.882,58067530,0
1998-07-10,20.906,21.298,20.671,21.291,60336006,0
1998-07-13,21.466,22.239,21.376,22.113,92003207,0
1998-07-14,22.239,22.34,21.726,21.913,75720911,0
1998-07-15,21.82,22.198,21.754,22.079,64712933,0
1998-07-16,22.207,22.355,21.938,22.079,86556637,0
1998-07-17,22.105,22.496,21.812,22.181,110457759,0
1998-07-20,22.231,22.475,21.971,22.005,60864981,0
1998-07-21,21.987,22.381,21.157,21.217,99156323,0
1998-07-22,21.066,22.055,21.04,21.962,95234468,0
1998-07-23,21.877,22.105,21.259,21.259,67822450,0
1998-07-24,21.403,21.754,21.157,21.41,80231805,0
1998-07-27,21.275,21.962,20.822,21.962,78413091,0
1998-07-28,21.82,21.987,21.066,21.116,104171209,0
1998-07-29,21.298,21.492,20.705,20.822,79396612,0
1998-07-30,21.057,21.376,20.829,21.332,96685823,0
1998-07-31,21.243,21.35,20.679,20.679,71378540,0
1998-08-03,20.529,20.856,20.201,20.393,97775676,0
1998-08-04,20.437,20.62,19.598,19.658,121493914,0
1998-08-05,19.589,19.983,19.095,19.625,159767178,0
1998-08-06,19.514,20.118,19.491,20.102,90786837,0
1998-08-07,20.21,20.218,19.767,19.917,73062746,0
1998-08-10,19.899,20,19.649,19.649,62152062,0
1998-08-11,19.354,19.633,19.187,19.455,81042546,0
1998-08-12,19.625,19.784,19.371,19.767,71451370,0
1998-08-13,19.589,19.941,19.514,19.546,68039886,0
1998-08-14,19.689,19.767,19.473,19.607,39296125,0
1998-08-17,19.473,20.201,19.371,20.185,71867637,0
1998-08-18,20.294,21.031,20.201,20.922,93821391,0
1998-08-19,21.116,21.208,20.739,20.797,74042542,0
1998-08-20,20.714,21.208,20.629,21.173,66414689,0
1998-08-21,20.906,21.04,20.453,20.804,79111658,0
1998-08-24,20.746,21.066,20.687,20.761,34980338,0
1998-08-25,20.947,21.385,20.906,21.217,77122294,0
1998-08-26,20.922,21.403,20.856,21.173,59548657,0
1998-08-27,20.797,21.208,20.41,20.554,99513576,0
1998-08-28,20.362,20.62,19.705,19.8,96664027,0
1998-08-31,19.722,20.033,18.012,18.048,176356225,0
1998-09-01,17.923,19.136,17.781,19.044,186220667,0
1998-09-02,19.154,19.607,18.858,18.918,84314744,0
1998-09-03,18.574,18.952,18.51,18.667,89721978,0
1998-09-04,18.75,18.858,18.082,18.172,67637444,0
1998-09-08,18.81,19.194,18.635,19.179,80576299,0
1998-09-09,19.237,19.649,19.12,19.237,87029254,0
1998-09-10,18.81,19.019,18.565,18.952,80752273,0
1998-09-11,19.019,19.681,18.835,19.607,78401397,0
1998-09-14,19.74,20.134,19.722,19.941,59923991,0
1998-09-15,19.917,20.393,19.775,20.377,65613517,0
1998-09-16,20.294,20.41,19.96,20.353,57000010,0
1998-09-17,19.808,20.033,19.714,19.74,60045735,0
1998-09-18,19.89,19.983,19.625,19.823,62947385,0
1998-09-21,19.278,20.327,19.253,20.294,60967584,0
1998-09-22,20.393,20.671,20.076,20.538,57259449,0
1998-09-23,20.62,21.418,20.41,21.376,86740586,0
1998-09-24,21.275,21.56,20.503,20.714,84425319,0
1998-09-25,20.529,21.275,20.437,21.267,63634248,0
1998-09-28,21.259,21.518,20.646,20.938,55030842,0
1998-09-29,21.031,21.442,20.947,21.233,64783639,0
1998-09-30,21.124,21.359,20.697,20.705,51668806,0
1998-10-01,20.327,20.597,19.564,19.572,86978226,0
1998-10-02,19.446,19.784,19.002,19.589,87572584,0
1998-10-05,19.278,19.354,18.154,19.036,152761333,0
1998-10-06,19.278,19.491,18.314,18.366,101741122,0
1998-10-07,18.314,18.759,17.558,17.701,120561425,0
1998-10-08,17.032,17.281,16.503,17.148,192343473,0
1998-10-09,17.528,18.247,17.353,18.224,96573117,0
1998-10-12,18.667,19.002,18.522,18.759,68451368,0
1998-10-13,18.716,18.759,18.012,18.137,63790022,0
1998-10-14,18.038,19.07,18.038,18.843,82938887,0
1998-10-15,18.835,19.865,18.742,19.831,88056372,0
1998-10-16,19.941,20.033,19.564,19.767,91201510,0
1998-10-19,19.589,19.598,19.019,19.363,79980879,0
1998-10-20,19.421,19.446,18.742,18.858,125423206,0
1998-10-21,19.722,20.102,19.387,20.015,166636407,0
1998-10-22,19.941,20.714,19.8,20.687,108866049,0
1998-10-23,20.503,20.687,19.976,20.009,79588002,0
1998-10-26,20.093,20.318,19.882,20.134,79317402,0
1998-10-27,20.268,20.294,19.749,19.831,86968125,0
1998-10-28,19.722,20.059,19.722,19.882,75502941,0
1998-10-30,20.177,20.353,19.775,19.917,78844778,0
1998-11-02,20.009,20.102,19.749,19.899,64312080,0
1998-11-03,19.839,20.043,19.705,19.784,48573640,0
1998-11-04,19.899,20.185,19.722,19.839,89659244,0
1998-11-05,19.808,20.243,19.8,20.009,101976635,0
1998-11-06,19.951,20.646,19.926,20.562,98964933,0
1998-11-09,20.538,20.947,20.469,20.822,91649141,0
1998-11-10,20.714,21.332,20.705,21.082,95794278,0
1998-11-11,21.332,21.584,20.856,20.89,84927179,0
1998-11-12,20.739,20.906,20.41,20.453,51205223,0
1998-11-13,20.393,20.789,20.386,20.687,37704423,0
1998-11-16,20.938,21.024,20.218,20.469,56645949,0
1998-11-17,20.503,21.139,20.495,21.04,78075509,0
1998-11-18,20.611,20.89,20.529,20.646,55410965,0
1998-11-19,20.512,21.157,20.512,21.024,60102085,0
1998-11-20,21.208,21.403,20.922,21.376,64334415,0
1998-11-23,21.157,22.609,21.157,22.416,147355692,0
1998-11-24,22.324,23.522,22.315,22.893,134389713,0
1998-11-25,23.078,23.398,22.718,23.371,55015964,0
1998-11-27,23.539,24.099,23.379,24.091,35002134,0
1998-11-30,24.336,24.503,22.935,22.952,94231810,0
1998-12-01,22.617,24.401,22.601,24.361,114740587,0
1998-12-02,24.303,24.401,23.606,23.841,87399808,0
1998-12-03,23.866,24.25,22.952,22.969,68350362,0
1998-12-04,23.498,23.957,23.321,23.957,58947385,0
1998-12-07,24.018,25.158,23.841,25.123,119363660,0
1998-12-08,24.989,25.249,24.401,24.679,103116979,0
1998-12-09,24.856,25.175,24.453,25.132,59518354,0
1998-12-10,25.041,25.325,24.714,24.746,75778327,0
1998-12-11,24.636,25.334,24.595,25.207,68751745,0
1998-12-14,24.973,25.158,24.018,24.066,85164294,0
1998-12-15,24.328,24.832,24.311,24.806,68739516,0
1998-12-16,24.921,25.418,24.286,25.158,79776729,0
1998-12-17,25.242,25.367,24.873,25.274,62418407,0
1998-12-18,25.393,26.006,25.233,25.92,79276995,0
1998-12-21,26.071,26.743,25.912,26.415,63944728,0
1998-12-22,26.431,26.431,25.837,26.037,54957487,0
1998-12-23,26.407,27.052,26.213,27.002,46438074,0
1998-12-24,27.02,27.087,26.616,26.666,18384375,0
1998-12-28,26.901,27.02,26.616,26.785,31414679,0
1998-12-29,26.817,26.817,26.266,26.431,39409366,0
1998-12-30,26.501,26.969,26.122,26.148,46441802,0
1998-12-31,26.181,26.331,25.954,26.088,31677837,0
1999-01-04,26.266,27.321,26.213,26.524,92112200,0
1999-01-05,26.684,27.84,26.608,27.555,85435429,0
1999-01-06,28.118,28.495,27.605,28.453,91792689,0
1999-01-07,28.168,28.335,27.881,28.309,67983004,0
1999-01-08,28.628,28.688,27.649,28.193,66779389,0
1999-01-11,28.378,28.395,27.137,27.746,61753334,0
1999-01-12,27.866,27.866,26.524,26.743,76963335,0
1999-01-13,25.586,27.791,25.586,27.052,100140902,0
1999-01-14,27.321,27.38,26.616,26.666,78700178,0
1999-01-15,26.885,28.22,26.591,28.168,78872955,0
1999-01-19,28.468,29.784,28.378,29.275,136551865,0
1999-01-20,31.405,31.557,30.568,30.592,166774621,0
1999-01-21,30.426,30.719,29.669,29.775,106429046,0
1999-01-22,29.275,30.139,29.198,29.393,109197255,0
1999-01-25,30.417,30.719,29.928,30.45,136996846,0
1999-01-26,31.128,32.302,30.942,32.268,159759736,0
1999-01-27,32.444,32.815,31.699,31.716,130313693,0
1999-01-28,32.302,32.738,31.942,32.729,104782588,0
1999-01-29,32.873,32.94,32.143,32.915,105757071,0
1999-02-01,32.998,33.09,32.126,32.53,108624689,0
1999-02-02,32.444,32.462,31.27,31.53,122229696,0
1999-02-03,31.296,31.95,31.229,31.38,98018633,0
1999-02-04,31.623,31.673,29.888,29.92,118489657,0
1999-02-05,30.147,30.4,29.132,30.098,170049471,0
1999-02-08,30.577,31.147,30.4,31.085,146021831,0
1999-02-09,31.028,31.361,30.047,30.106,102729422,0
1999-02-10,30.07,30.918,29.838,30.213,97945258,0
1999-02-11,30.617,30.826,30.163,30.617,80231280,0
1999-02-12,30.417,30.791,29.553,29.669,83639573,0
1999-02-16,30.047,30.07,29.071,29.393,97909109,0
1999-02-17,28.771,28.99,27.934,28.22,134523692,0
1999-02-18,28.395,28.468,27.087,27.413,155549209,0
1999-02-19,27.731,28.077,27.413,27.791,97136653,0
1999-02-22,27.881,28.026,27.228,27.991,122959087,0
1999-02-23,28.771,29.275,28.309,29.241,126404597,0
1999-02-24,29.426,29.981,28.73,28.753,89974502,0
1999-02-25,28.662,28.923,28.142,28.874,94121769,0
1999-02-26,28.662,28.688,28.118,28.235,78778859,0
1999-03-01,28.134,28.696,28.118,28.546,77527926,0
1999-03-02,28.571,28.99,27.765,27.943,77843716,0
1999-03-03,28.026,28.344,27.666,28.142,102071260,0
1999-03-04,28.429,28.874,27.866,28.637,81999487,0
1999-03-05,29.108,29.223,28.804,29.142,62869231,0
1999-03-08,29.25,29.953,29.159,29.905,62102619,0
1999-03-09,30.07,30.985,30.047,30.443,119789503,0
1999-03-10,30.532,30.568,29.944,30.355,70593852,0
1999-03-11,30.283,30.951,29.962,30.364,83663493,0
1999-03-12,30.592,30.617,29.491,30.131,97548129,0
1999-03-15,30.203,31.229,29.695,31.204,80555039,0
1999-03-16,31.128,31.975,30.894,31.799,91113788,0
1999-03-17,31.799,31.875,31.361,31.438,59701768,0
1999-03-18,31.305,32.462,31.261,32.434,74735791,0
1999-03-19,32.705,32.755,31.95,32.201,122249366,0
1999-03-22,32.53,32.907,32.355,32.505,74055303,0
1999-03-23,32.488,32.755,31.27,31.33,92479021,0
1999-03-24,31.414,32.32,30.684,32.211,109827780,0
1999-03-25,32.552,33.87,32.444,33.846,145464678,0
1999-03-26,33.661,33.928,33.057,33.502,125847445,0
1999-03-29,33.904,34.843,33.057,34.751,106030055,0
1999-03-30,35.129,35.177,34.701,34.986,89716132,0
1999-03-31,35.546,35.598,33.526,33.718,78086938,0
1999-04-01,34.333,34.944,33.953,34.867,54633189,0
1999-04-05,35.483,35.75,35.177,35.715,52961997,0
1999-04-06,35.808,35.974,35.078,35.387,52731007,0
1999-04-07,35.688,35.741,34.333,35.103,62347437,0
1999-04-08,35.078,35.598,34.231,35.572,51351686,0
1999-04-09,35.455,35.741,34.986,35.455,42287093,0
1999-04-12,34.466,35.221,34.373,34.986,50317398,0
1999-04-13,35.034,35.034,33.551,33.904,62130263,0
1999-04-14,34.164,34.28,32.302,32.302,70366842,0
1999-04-15,32.847,33.811,31.557,33.434,96484077,0
1999-04-16,33.502,33.526,32.302,32.586,59508256,0
1999-04-19,32.679,33.149,30.24,30.473,100198057,0
1999-04-20,30.942,31.598,30.098,31.27,144151279,0
1999-04-21,30.894,31.037,30.098,30.852,123249361,0
1999-04-22,31.975,32.067,31.361,31.95,73227554,0
1999-04-23,31.975,32.729,31.229,32.355,75215324,0
1999-04-26,32.797,33.459,32.639,33.107,64260780,0
1999-04-27,33.384,33.384,31.58,31.598,77971574,0
1999-04-28,32.092,32.545,30.743,30.894,74379868,0
1999-04-29,30.985,31.481,30.249,30.871,80915216,0
1999-04-30,31.128,31.504,30.047,30.592,77829100,0
1999-05-03,30.632,30.657,29.553,30.047,89287635,0
1999-05-04,30.283,30.777,29.25,29.367,88386779,0
1999-05-05,29.767,30.047,28.753,29.767,89085875,0
1999-05-06,30.355,30.514,29.159,29.317,98379869,0
1999-05-07,29.953,30.24,29.341,29.746,63811283,0
1999-05-10,30.047,30.283,29.435,29.981,61427447,0
1999-05-11,30.382,30.473,29.888,30.047,56866305,0
1999-05-12,30.382,30.473,29.811,30.283,79934361,0
1999-05-13,30.514,30.752,29.767,29.767,68762906,0
1999-05-14,29.669,30.07,28.83,28.923,112175730,0
1999-05-17,29.108,29.928,28.965,29.767,88849306,0
1999-05-18,30.03,30.188,29.317,29.601,84872954,0
1999-05-19,30.047,30.047,29.065,29.838,61816597,0
1999-05-20,29.928,30.098,29.483,29.509,56334674,0
1999-05-21,29.535,29.721,28.965,29.183,75184495,0
1999-05-24,29.301,29.301,28.612,29.065,51820853,0
1999-05-25,28.874,29.811,28.637,28.688,67506132,0
1999-05-26,29.04,29.535,28.403,29.535,69142490,0
1999-05-27,29.435,29.888,29.159,29.483,75361793,0
1999-05-28,29.624,30.426,29.393,30.355,55220639,0
1999-06-01,30.33,30.382,29.509,29.535,47908566,0
1999-06-02,29.367,29.578,28.688,29.509,56901395,0
1999-06-03,29.483,29.695,28.637,28.73,43772469,0
1999-06-04,28.947,29.981,28.874,29.928,47405912,0
1999-06-07,30.07,30.498,29.784,30.188,43051839,0
1999-06-08,30.047,30.894,29.721,29.863,55178645,0
1999-06-09,30.147,31.085,30.098,30.968,70854348,0
1999-06-10,30.8,30.968,29.746,30.047,46886509,0
1999-06-11,30.098,30.283,29.183,29.393,45910430,0
1999-06-14,29.624,29.981,29.132,29.183,37705746,0
1999-06-15,29.367,29.669,28.847,29.223,49150732,0
1999-06-16,29.746,30.709,29.695,30.473,64228084,0
1999-06-17,30.355,31.229,30.283,31.178,59111120,0
1999-06-18,30.968,31.975,30.894,31.975,91860995,0
1999-06-21,31.933,33.486,31.933,33.459,74686883,0
1999-06-22,33.267,33.267,32.444,32.545,51503204,0
1999-06-23,32.328,32.873,32.002,32.355,45111652,0
1999-06-24,32.26,32.444,31.598,31.834,44602613,0
1999-06-25,32.118,32.522,31.74,31.95,33137965,0
1999-06-28,32.169,32.665,31.95,32.639,42133181,0
1999-06-29,32.613,33.132,32.355,33.107,51798517,0
1999-06-30,33.015,33.953,32.639,33.928,76568593,0
1999-07-01,33.811,34.424,33.25,34.307,63447380,0
1999-07-02,34.189,34.658,33.979,34.609,42656572,0
1999-07-06,34.701,34.962,33.576,33.693,60366043,0
1999-07-07,33.879,34.726,33.811,34.726,44968909,0
1999-07-08,34.542,34.986,34.113,34.818,50226488,0
1999-07-09,34.751,35.103,34.701,35.078,45034830,0
1999-07-12,35.061,35.648,34.751,35.43,58277262,0
1999-07-13,35.034,35.387,34.919,35.221,40995490,0
1999-07-14,35.27,35.741,34.801,35.715,50485390,0
1999-07-15,35.741,35.831,35.27,35.506,54394218,0
1999-07-16,35.926,37.576,35.741,37.408,153335754,0
1999-07-19,37.618,37.904,36.798,37.005,107896886,0
1999-07-20,36.277,36.395,34.726,35.103,122657389,0
1999-07-21,35.221,35.857,34.986,35.625,71837867,0
1999-07-22,35.506,35.546,33.862,34.256,80946584,0
1999-07-23,34.449,34.515,33.746,33.953,91484875,0
1999-07-26,33.434,33.785,32.964,32.964,67630264,0
1999-07-27,33.409,33.761,33.107,33.409,87072052,0
1999-07-28,33.551,34.047,33.25,33.862,82689015,0
1999-07-29,33.366,33.409,32.471,32.705,77044408,0
1999-07-30,32.964,33.343,32.169,32.284,67952432,0
1999-08-02,32.233,32.705,31.74,31.907,63863120,0
1999-08-03,32.302,32.378,31.74,31.882,73167482,0
1999-08-04,32.025,32.797,31.882,31.95,100443137,0
1999-08-05,32.118,32.497,31.882,32.26,101852755,0
1999-08-06,32.378,32.522,31.95,32.025,89321922,0
1999-08-09,32.211,32.284,31.481,31.53,52277525,0
1999-08-10,31.438,31.623,30.709,31.204,83390506,0
1999-08-11,31.598,31.858,30.968,31.673,87859134,0
1999-08-12,31.58,31.673,30.709,30.752,81156321,0
1999-08-13,31.204,32.211,31.128,31.858,86522874,0
1999-08-16,32.002,32.311,30.968,31.716,76185289,0
1999-08-17,32.143,32.169,31.204,31.816,68778590,0
1999-08-18,31.765,32.426,31.623,31.975,77566740,0
1999-08-19,31.816,32.025,31.27,31.53,95000292,0
1999-08-20,31.598,31.89,31.245,31.361,61234464,0
1999-08-23,31.716,32.586,31.557,32.522,80338928,0
1999-08-24,32.755,35.177,32.755,34.684,160087754,0
1999-08-25,35.221,36.118,35.061,35.857,108821927,0
1999-08-26,35.883,36.261,35.245,35.598,81400869,0
1999-08-27,35.767,35.784,34.751,35.078,55752801,0
1999-08-30,34.944,35.153,34.449,34.701,44259443,0
1999-08-31,34.542,35.034,33.904,34.818,62311023,0
1999-09-01,34.726,35.153,34.466,34.751,48653920,0
1999-09-02,34.424,34.818,34.113,34.542,44312609,0
1999-09-03,35.27,36.277,35.177,36.068,69242443,0
1999-09-07,35.688,36.379,35.27,35.455,62503998,0
1999-09-08,35.245,35.625,34.632,34.701,56576567,0
1999-09-09,34.777,35.412,34.533,35.387,51136639,0
1999-09-10,35.767,35.857,35.364,35.741,45793471,0
1999-09-13,35.546,35.664,35.129,35.313,37042539,0
1999-09-14,35.245,35.951,35.221,35.767,53439410,0
1999-09-15,35.926,36.015,34.751,34.843,64345842,0
1999-09-16,34.944,35.387,34.096,35.364,60866574,0
1999-09-17,35.506,36.303,35.296,36.277,106025277,0
1999-09-20,36.118,36.825,35.741,36.703,64595704,0
1999-09-21,36.325,36.325,35.412,35.598,62576830,0
1999-09-22,35.648,36.353,35.245,36.142,64502404,0
1999-09-23,36.444,36.444,33.862,34.307,94462546,0
1999-09-24,33.928,34.373,33.434,34.215,93403792,0
1999-09-27,34.609,34.962,34.189,34.399,45364445,0
1999-09-28,34.333,34.867,33.502,34.658,61138506,0
1999-09-29,34.449,34.658,33.526,33.67,49819785,0
1999-09-30,33.862,34.49,33.409,34.072,63072050,0
1999-10-01,33.928,34.096,33.225,33.853,58797196,0
1999-10-04,34.047,34.843,33.953,34.818,39869757,0
1999-10-05,34.893,35.313,33.67,34.542,57678111,0
1999-10-06,34.726,35.364,34.632,35.245,47182627,0
1999-10-07,35.245,35.767,34.867,35.27,61186084,0
1999-10-08,35.177,35.808,34.658,35.715,47444185,0
1999-10-11,35.598,35.741,35.412,35.483,26506913,0
1999-10-12,35.364,35.483,34.751,34.818,36773798,0
1999-10-13,34.609,35.034,33.979,34.256,50635839,0
1999-10-14,34.189,34.701,33.746,34.113,56801979,0
1999-10-15,33.67,33.785,32.847,33.132,98070194,0
1999-10-18,32.797,33.107,32.002,33.057,100096782,0
1999-10-19,33.199,33.576,32.067,32.471,92963331,0
1999-10-20,34.449,34.751,33.953,34.701,117079503,0
1999-10-21,34.072,35.034,34.047,35.009,80809694,0
1999-10-22,35.195,35.313,34.515,34.867,58015166,0
1999-10-25,34.609,35.195,34.28,34.777,40526592,0
1999-10-26,35.506,35.831,34.707,34.751,69733668,0
1999-10-27,34.424,34.466,33.746,34.189,72324048,0
1999-10-28,33.862,34.189,33.602,33.811,93793748,0
1999-10-29,34.399,35.364,34.333,34.818,105598908,0
1999-11-01,35.078,35.43,34.658,34.751,70788425,0
1999-11-02,34.893,35.546,34.584,34.818,61601557,0
1999-11-03,34.962,35.177,34.424,34.609,59166677,0
1999-11-04,34.726,34.893,33.979,34.515,72088535,0
1999-11-05,34.542,34.944,34.047,34.449,93258127,0
1999-11-08,31.907,34.138,31.74,33.837,324055365,0
1999-11-09,33.761,33.811,32.522,33.434,145892907,0
1999-11-10,33.149,33.526,32.522,32.781,92218789,0
1999-11-11,33.199,34.021,33.199,33.718,92071520,0
1999-11-12,33.761,33.862,32.755,33.551,65675449,0
1999-11-15,33.199,33.292,32.705,32.729,62573644,0
1999-11-17,32.522,32.755,31.975,31.975,88807833,0
1999-11-18,31.95,32.284,31.79,31.95,85716657,0
1999-11-19,31.765,32.561,31.74,32.355,77387044,0
1999-11-22,33.718,33.996,33.267,33.785,120410179,0
1999-11-23,33.576,34.373,33.25,33.718,94082158,0
1999-11-24,33.693,34.701,33.67,34.49,71465989,0
1999-11-26,34.466,35.129,34.231,34.28,37897669,0
1999-11-29,33.904,34.632,33.67,33.928,68394750,0
1999-11-30,33.761,34.944,33.693,34.256,85254666,0
1999-12-01,34.256,35.338,34.189,35.061,64944456,0
1999-12-02,35.009,35.831,34.944,35.664,73729148,0
1999-12-03,36.042,36.538,36.015,36.16,85194861,0
1999-12-06,35.831,36.561,35.648,35.901,65255465,0
1999-12-07,35.648,35.688,34.944,34.986,75570463,0
1999-12-08,35.034,35.483,34.49,34.515,54433557,0
1999-12-09,34.609,35.103,34.399,34.893,61480874,0
1999-12-10,35.129,35.412,34.701,35.313,48958013,0
1999-12-13,35.212,36.468,34.893,36.353,70031384,0
1999-12-14,36.182,38.046,35.857,37.121,191542024,0
1999-12-15,37.083,40.914,37.057,40.799,206767187,0
1999-12-16,41.1,43.263,40.982,42.768,170999761,0
1999-12-17,43.875,44.06,42.743,43.355,140748041,0
1999-12-20,43.196,43.263,41.83,42.416,52410697,0
1999-12-21,42.273,43.875,41.618,43.591,76350361,0
1999-12-22,43.749,44.393,43.313,44.226,51256259,0
1999-12-23,44.108,44.865,43.927,44.176,41239242,0
1999-12-27,44.553,44.865,43.689,44.814,42799320,0
1999-12-28,44.672,44.695,44.042,44.202,32683422,0
1999-12-29,43.992,44.528,43.942,44.369,23191392,0
1999-12-30,44.345,45.125,44.06,44.251,29718245,0
1999-12-31,44.202,44.294,43.733,43.927,16636899,0
2000-01-03,44.161,44.628,42.13,43.848,70744830,0
2000-01-04,42.726,44.06,42.23,42.373,71928511,0
2000-01-05,41.803,43.785,41.147,42.818,85140370,0
2000-01-06,42.206,42.843,40.772,41.386,73068333,0
2000-01-07,40.864,42.23,40.37,41.921,82421065,0
2000-01-10,42.675,42.768,41.896,42.23,59760246,0
2000-01-11,41.945,42.978,40.888,41.147,62126014,0
2000-01-12,40.815,40.958,39.288,39.807,88426923,0
2000-01-13,39.261,40.864,38.18,40.561,110505076,0
2000-01-14,40.328,42.86,39.784,42.23,97576312,0
2000-01-18,42.064,43.823,42.038,43.378,108298272,0
2000-01-19,41.569,41.945,39.875,40.251,129675997,0
2000-01-20,40.276,41.268,39.833,39.875,74893427,0
2000-01-21,40.251,40.345,38.843,39.028,90930641,0
2000-01-24,39.054,39.756,37.929,38.089,84526330,0
2000-01-25,37.996,39.077,37.459,38.675,79509849,0
2000-01-26,38.542,38.934,37.289,37.385,65610065,0
2000-01-27,37.576,38.063,36.585,37.147,84602355,0
2000-01-28,36.914,37.711,36.585,36.968,77386247,0
2000-01-31,36.728,36.941,35.688,36.825,97280994,0
2000-02-01,37.057,38.843,36.744,38.726,93296935,0
2000-02-02,38.542,39.102,37.812,37.929,66341852,0
2000-02-03,38.4,39.196,37.669,38.985,65372156,0
2000-02-04,39.261,40.63,39.17,40.092,73585075,0
2000-02-07,40.185,40.211,39.22,40.108,53170930,0
2000-02-08,40.042,41.386,40.042,41.36,74732873,0
2000-02-09,41.175,41.175,39.077,39.128,73219050,0
2000-02-10,39.077,40.092,38.558,39.875,72471841,0
2000-02-11,39.455,39.455,37.289,37.594,153587216,0
2000-02-14,38.089,38.281,37.265,37.476,107693535,0
2000-02-15,37.527,37.618,36.914,37.083,94401403,0
2000-02-16,37.343,37.694,36.538,36.728,86659507,0
2000-02-17,37.057,37.502,36.538,37.476,106782853,0
2000-02-18,37.618,37.644,35.688,35.767,105081099,0
2000-02-22,35.784,36.538,34.919,35.296,88112993,0
2000-02-23,35.177,36.015,34.632,35.455,100807037,0
2000-02-24,35.455,36.068,34.609,35.648,92681039,0
2000-02-25,35.625,35.625,34.047,34.348,86790825,0
2000-02-28,33.953,34.658,33.149,34.449,101185298,0
2000-02-29,34.515,34.515,33.434,33.619,77668017,0
2000-03-01,33.718,35.412,33.459,34.164,142065153,0
2000-03-02,34.542,35.883,34.28,35.129,142122041,0
2000-03-03,35.648,37.201,35.313,36.16,134815554,0
2000-03-06,36.118,36.629,33.904,34.096,124414434,0
2000-03-07,36.16,36.682,34.584,34.944,179506939,0
2000-03-08,35.296,36.182,34.231,35.951,125319009,0
2000-03-09,35.857,37.618,35.741,37.618,117223309,0
2000-03-10,37.459,38.558,37.434,37.996,113754676,0
2000-03-13,36.728,37.711,36.682,36.863,82179440,0
2000-03-14,37.101,37.343,35.784,35.784,97673063,0
2000-03-15,35.572,36.353,35.245,35.883,70717721,0
2000-03-16,36.094,36.379,35.078,35.883,102738991,0
2000-03-17,35.831,37.434,35.546,37.385,107870301,0
2000-03-20,37.147,37.527,36.303,36.629,63494162,0
2000-03-21,36.395,38.79,36.303,38.658,108517833,0
2000-03-22,38.675,39.732,38.046,38.843,124901409,0
2000-03-23,40.185,42.465,40.108,42.088,197001634,0
2000-03-24,42.373,43.263,41.215,42.013,149118590,0
2000-03-27,40.536,40.72,39.102,39.144,148104759,0
2000-03-28,38.985,40.419,38.516,39.245,107807575,0
2000-03-29,39.572,40.982,39.547,40.328,85544678,0
2000-03-30,39.949,40.864,38.558,38.896,85298265,0
2000-03-31,39.875,40.72,39.17,39.975,85435163,0
2000-04-03,35.529,36.303,33.862,34.189,345718035,0
2000-04-04,34.449,34.609,31.95,33.315,240888402,0
2000-04-05,33.199,33.292,32.302,32.497,110164299,0
2000-04-06,33.057,33.107,32.067,32.355,88279387,0
2000-04-07,32.729,33.619,31.975,33.502,109800137,0
2000-04-10,33.343,33.343,32.355,32.378,80655788,0
2000-04-11,32.025,32.378,31.414,31.557,95643023,0
2000-04-12,30.894,30.942,29.624,29.863,203354390,0
2000-04-13,30.426,30.942,29.721,29.811,125353831,0
2000-04-14,29.767,29.905,27.555,27.881,200980624,0
2000-04-17,27.934,28.589,27.464,28.546,159186901,0
2000-04-18,28.781,30.826,28.546,30.307,122002413,0
2000-04-19,30.632,30.657,29.393,29.601,71392092,0
2000-04-20,29.578,30.047,29.159,29.695,69627078,0
2000-04-24,25.301,25.586,24.453,25.064,416860526,0
2000-04-25,25.862,26.148,25.442,26.097,212011479,0
2000-04-26,26.331,26.758,25.351,25.586,142332833,0
2000-04-27,25.367,26.314,25.351,26.266,103229418,0
2000-04-28,26.616,26.708,25.678,26.24,103778071,0
2000-05-01,27.413,27.84,26.969,27.632,143289510,0
2000-05-02,27.388,27.649,26.148,26.291,129872706,0
2000-05-03,26.473,26.643,25.886,26.551,73570990,0
2000-05-04,26.449,26.802,26.071,26.501,57572048,0
2000-05-05,26.431,27.02,26.291,26.758,48381459,0
2000-05-08,26.684,26.85,26.213,26.266,48096233,0
2000-05-09,26.407,26.501,25.393,25.508,80779388,0
2000-05-10,25.484,25.535,24.737,24.898,90031923,0
2000-05-11,25.064,25.625,24.737,25.535,77606078,0
2000-05-12,25.745,26.24,25.678,25.886,50353544,0
2000-05-15,25.954,26.122,25.586,26.097,45055299,0
2000-05-16,26.172,26.565,25.979,26.148,64341587,0
2000-05-17,25.912,26.006,25.301,25.467,70762907,0
2000-05-18,25.602,25.602,24.779,24.898,71292410,0
2000-05-19,24.595,24.806,24.268,24.48,88487521,0
2000-05-22,24.503,24.546,23.49,24.151,92975832,0
2000-05-23,24.035,24.664,23.724,23.774,77037762,0
2000-05-24,23.748,25.041,23.698,24.664,113612996,0
2000-05-25,24.286,24.361,22.993,23.136,125397160,0
2000-05-26,23.347,23.555,22.718,23.112,74191936,0
2000-05-30,23.49,24.125,23.321,23.841,91090400,0
2000-05-31,23.932,23.957,23.347,23.539,73057167,0
2000-06-01,24.217,24.832,24.009,24.286,125607679,0
2000-06-02,24.832,25.115,24.453,24.948,106942075,0
2000-06-05,24.832,25.72,24.832,25.158,85592790,0
2000-06-06,25.65,26.291,25.508,26.187,131604223,0
2000-06-07,26.054,26.616,25.249,26.524,101422937,0
2000-06-08,26.919,27.137,25.678,25.886,125951114,0
2000-06-09,26.187,26.213,25.703,25.886,47461735,0
2000-06-12,25.954,25.954,24.973,25.158,65471305,0
2000-06-13,25.115,25.586,24.873,25.535,58863915,0
2000-06-14,26.266,26.708,26.148,26.524,106316343,0
2000-06-15,26.643,27.344,26.565,27.228,87177851,0
2000-06-16,27.321,27.504,26.901,27.298,91321920,0
2000-06-19,27.298,27.765,27.087,27.722,61941535,0
2000-06-20,27.791,28.309,27.746,28.193,82768492,0
2000-06-21,28.965,30.918,28.947,30.355,213183993,0
2000-06-22,30.617,30.852,29.838,30.047,116048935,0
2000-06-23,30.07,30.123,28.965,29.223,66203627,0
2000-06-26,29.159,30.147,29.159,29.905,64177312,0
2000-06-27,29.811,30.147,29.483,29.651,41296130,0
2000-06-28,29.721,30.123,29.578,29.695,49786295,0
2000-06-29,29.435,29.695,28.99,29.04,51101818,0
2000-06-30,28.99,30.098,28.847,30.098,69585874,0
2000-07-03,29.981,30.123,29.863,30.098,20912817,0
2000-07-05,30.047,30.047,29.435,29.535,46284437,0
2000-07-06,29.669,30.734,29.535,30.45,63627342,0
2000-07-07,30.568,31.178,30.307,30.852,71973970,0
2000-07-10,30.355,30.592,29.863,29.888,70028989,0
2000-07-11,29.651,30.283,29.535,29.767,49395010,0
2000-07-12,29.435,30.473,29.04,30.213,77578694,0
2000-07-13,29.651,30.098,29.108,30.07,107447128,0
2000-07-14,29.905,30.004,29.509,29.695,68023143,0
2000-07-17,29.435,29.928,29.159,29.418,71760781,0
2000-07-18,29.198,29.905,29.132,29.535,93855948,0
2000-07-19,28.612,29.159,27.388,27.504,185971085,0
2000-07-20,27.632,28.309,27.504,28.142,72688213,0
2000-07-21,28.118,28.22,27.036,27.202,74562220,0
2000-07-24,27.112,27.137,26.331,26.551,74648605,0
2000-07-25,26.643,26.708,25.72,25.954,85311817,0
2000-07-26,25.979,26.148,25.301,25.508,113509595,0
2000-07-27,25.535,26.381,25.393,26.097,98800655,0
2000-07-28,26.684,27.02,26.187,26.213,100539100,0
2000-07-31,26.407,26.758,26.054,26.266,93412836,0
2000-08-01,26.314,26.358,25.65,25.837,62684226,0
2000-08-02,25.793,26.501,25.771,26.097,64153656,0
2000-08-03,25.65,26.473,25.625,26.431,72492574,0
2000-08-04,26.122,26.291,25.65,26.006,50647802,0
2000-08-07,26.407,26.758,26.24,26.331,70098103,0
2000-08-08,26.358,28.101,26.331,27.881,183464676,0
2000-08-09,27.746,28.168,27.504,27.934,84988860,0
2000-08-10,27.765,27.866,26.994,27.321,65106343,0
2000-08-11,27.254,27.344,26.944,27.254,47354609,0
2000-08-14,27.202,27.605,26.85,27.155,71008790,0
2000-08-15,27.087,27.464,26.901,26.944,54112449,0
2000-08-16,27.036,27.179,26.551,26.708,59776993,0
2000-08-17,26.758,27.087,26.551,26.919,47996817,0
2000-08-18,26.758,26.877,26.331,26.708,72353549,0
2000-08-21,26.591,26.643,26.358,26.565,45347696,0
2000-08-22,26.643,27.254,26.431,26.802,72339463,0
2000-08-23,26.643,26.758,26.473,26.616,48812874,0
2000-08-24,26.565,26.785,26.314,26.758,56360191,0
2000-08-25,26.591,26.969,26.551,26.565,70081621,0
2000-08-28,26.407,27.137,26.381,26.826,74988850,0
2000-08-29,26.785,27.37,26.666,26.684,78947651,0
2000-08-30,26.591,26.684,26.213,26.331,71104217,0
2000-08-31,26.666,27.087,26.213,26.266,96458554,0
2000-09-01,26.331,26.565,26.213,26.407,50013033,0
2000-09-05,26.331,26.591,26.266,26.381,67457750,0
2000-09-06,26.358,26.591,26.071,26.122,83679975,0
2000-09-07,26.331,27.112,26.122,26.358,148473184,0
2000-09-08,26.473,26.666,26.028,26.071,75371631,0
2000-09-11,26.006,26.213,25.602,25.886,64454029,0
2000-09-12,25.862,26.071,25.442,25.625,62175985,0
2000-09-13,25.418,25.862,25.274,25.678,54153124,0
2000-09-14,25.837,25.862,24.714,24.755,104336812,0
2000-09-15,24.622,24.688,23.815,24.151,132795353,0
2000-09-18,24.169,24.311,23.398,23.698,91756798,0
2000-09-19,23.932,24.737,23.841,24.453,105410972,0
2000-09-20,24.401,24.453,23.774,24.169,90100230,0
2000-09-21,24.074,24.503,23.917,24.151,65061416,0
2000-09-22,22.993,23.893,22.952,23.791,112276203,0
2000-09-25,23.791,23.893,22.737,23.044,71084811,0
2000-09-26,22.926,24.779,22.737,23.579,206944229,0
2000-09-27,23.866,23.917,22.496,22.809,141089341,0
2000-09-28,22.878,23.277,22.809,23.069,69591192,0
2000-09-29,22.952,23.069,22.055,22.692,98423198,0
2000-10-02,22.758,22.878,21.913,22.239,77834147,0
2000-10-03,22.408,22.496,21.259,21.275,113468923,0
2000-10-04,21.208,21.275,20.503,20.856,181357572,0
2000-10-05,20.882,21.537,20.789,20.829,107787636,0
2000-10-06,20.998,21.35,20.597,20.906,82129202,0
2000-10-09,20.922,20.972,19.941,20.386,77516762,0
2000-10-10,20.294,20.906,20.243,20.529,82490979,0
2000-10-11,20.318,21.418,20.318,20.972,134510662,0
2000-10-12,21.182,21.403,20.243,20.453,119909118,0
2000-10-13,20.268,20.646,19.607,20.218,138917099,0
2000-10-16,20.126,20.243,18.644,18.952,159169355,0
2000-10-17,19.514,19.722,18.901,18.977,108023151,0
2000-10-18,18.667,20.033,18.224,19.473,146911784,0
2000-10-19,21.987,23.398,21.82,23.277,341564655,0
2000-10-20,23.069,24.873,22.993,24.52,213156081,0
2000-10-23,24.311,24.921,22.834,23.371,246106380,0
2000-10-24,23.555,23.673,22.64,23.136,125501626,0
2000-10-25,23.304,23.866,22.737,23.044,222758958,0
2000-10-26,22.952,24.48,22.878,24.241,152613802,0
2000-10-27,24.336,26.028,24.311,25.467,165194615,0
2000-10-30,25.393,26.381,25.351,25.979,146275420,0
2000-10-31,25.954,26.148,25.586,25.912,138854364,0
2000-11-01,25.771,26.358,25.745,26.187,108066747,0
2000-11-02,26.473,26.666,26.187,26.449,103648615,0
2000-11-03,26.054,26.187,25.602,25.678,91322452,0
2000-11-06,25.837,26.381,25.678,26.148,99483542,0
2000-11-07,26.24,27.036,26.148,26.524,138664567,0
2000-11-08,26.758,27.228,25.586,26.122,273989162,0
2000-11-09,25.771,26.826,25.745,26.666,121024218,0
2000-11-10,26.314,26.449,25.132,25.351,124593861,0
2000-11-13,25.09,25.625,24.217,24.989,110798533,0
2000-11-14,25.586,26.266,25.325,25.886,111933301,0
2000-11-15,25.979,26.666,25.837,26.358,80305969,0
2000-11-16,26.122,26.901,25.936,25.936,122446327,0
2000-11-17,26.122,26.331,25.508,25.979,141581105,0
2000-11-20,25.625,25.771,24.664,25.274,106535378,0
2000-11-21,25.351,26.054,25.351,25.484,79063812,0
2000-11-22,24.856,26.148,24.832,25.678,101466268,0
2000-11-24,25.954,26.501,25.771,26.314,45772473,0
2000-11-27,26.877,27.179,26.565,26.591,113380670,0
2000-11-28,26.097,26.24,25.132,25.207,169386275,0
2000-11-29,25.132,25.249,23.791,24.48,130622563,0
2000-11-30,23.321,23.347,21.442,21.584,262095747,0
2000-12-01,21.846,22.809,21.09,21.298,145946073,0
2000-12-04,21.537,22.198,20.761,21.233,106867643,0
2000-12-05,22.266,22.758,21.913,22.523,135213220,0
2000-12-06,22.576,22.601,21.09,21.323,120362595,0
2000-12-07,20.102,20.318,19.658,19.983,193126569,0
2000-12-08,20.554,21.024,20.102,20.477,160738745,0
2000-12-11,20.882,22.105,20.687,21.846,127028470,0
2000-12-12,21.754,22.576,21.35,21.962,83872958,0
2000-12-13,22.758,22.758,21.376,21.537,130728898,0
2000-12-14,21.794,22.105,20.829,20.882,94632403,0
2000-12-15,19.213,19.564,17.961,18.51,155369248,0
2000-12-18,18.432,18.81,17.677,17.986,142460687,0
2000-12-19,17.844,18.056,16.738,16.855,159850909,0
2000-12-20,16.108,16.553,15.565,15.615,198083234,0
2000-12-21,15.33,16.973,15.162,16.345,216870051,0
2000-12-22,16.839,17.728,16.839,17.468,145603172,0
2000-12-26,17.637,18.271,17.258,17.637,88970775,0
2000-12-27,17.353,17.611,16.931,17.468,91711607,0
2000-12-28,16.973,17.4,16.503,16.763,103162171,0
2000-12-29,16.529,17.233,16.176,16.319,132878284,0
2001-01-02,16.605,16.931,16.125,16.319,109533777,0
2001-01-03,16.241,18.388,16.226,18.038,180704738,0
2001-01-04,17.986,19.002,17.637,18.224,149384666,0
2001-01-05,18.247,18.759,17.896,18.483,124155532,0
2001-01-08,18.406,18.716,17.558,18.406,106084024,0
2001-01-09,18.81,19.8,18.716,19.491,152798276,0
2001-01-10,19.187,20.243,19.095,19.89,119923205,0
2001-01-11,19.941,20.972,19.681,20.687,135373231,0
2001-01-12,20.646,20.687,19.749,20.126,97969187,0
2001-01-16,20.076,20.126,19.237,19.775,90992048,0
2001-01-17,20.177,20.646,19.775,19.917,96815805,0
2001-01-18,20.201,21.139,19.8,20.882,145918159,0
2001-01-19,22.576,23.112,22.147,22.952,278241417,0
2001-01-22,22.851,22.952,22.198,22.617,101904596,0
2001-01-23,22.475,22.926,22.171,22.784,93427984,0
2001-01-24,22.952,23.866,22.851,23.673,146803587,0
2001-01-25,23.606,24.074,23.162,23.255,113845582,0
2001-01-26,22.952,24.194,22.952,24.074,123710815,0
2001-01-29,23.917,24.311,23.893,24.268,112950314,0
2001-01-30,24.268,24.361,23.656,23.841,76125485,0
2001-01-31,23.698,23.983,22.952,22.969,108850112,0
2001-02-01,22.878,23.555,22.718,23.463,95418416,0
2001-02-02,23.515,23.841,22.851,22.878,94497632,0
2001-02-05,22.851,23.347,22.666,23.304,68313676,0
2001-02-06,23.347,24.009,23.204,23.539,128179186,0
2001-02-07,23.321,24.48,23.255,24.336,167546286,0
2001-02-08,23.983,24.268,23.321,23.42,117013848,0
2001-02-09,23.069,23.162,22.005,22.239,133672536,0
2001-02-12,22.122,22.355,21.518,22.105,94749355,0
2001-02-13,22.432,22.969,21.868,21.886,101103957,0
2001-02-14,21.678,22.198,21.208,21.962,82042017,0
2001-02-15,22.198,22.64,21.771,22.122,87224636,0
2001-02-16,21.442,21.913,21.116,21.56,88993108,0
2001-02-20,21.584,21.913,20.829,21.024,80716921,0
2001-02-21,20.789,21.846,20.761,21.157,84650998,0
2001-02-22,21.182,21.376,20.268,20.761,133875090,0
2001-02-23,20.477,21.635,20.437,21.35,123064089,0
2001-02-26,21.678,22.55,21.584,22.408,116865523,0
2001-02-27,22.34,23.018,22.079,22.34,131755214,0
2001-02-28,22.408,22.601,21.886,22.198,110393164,0
2001-03-01,22.029,22.381,21.157,22.34,107909120,0
2001-03-02,21.635,21.868,21.233,21.323,105375361,0
2001-03-05,21.537,22.055,21.275,21.61,65605011,0
2001-03-06,22.055,22.576,21.962,22.355,88734473,0
2001-03-07,22.523,22.926,22.198,22.834,79091458,0
2001-03-08,22.692,22.809,21.987,22.29,71892357,0
2001-03-09,21.794,21.886,20.646,21.323,137913641,0
2001-03-12,20.57,20.687,19.421,19.538,151797212,0
2001-03-13,19.633,20.597,19.564,20.41,120918954,0
2001-03-14,19.749,20.761,19.633,20.318,120523421,0
2001-03-15,20.804,21.09,20.201,20.201,94641438,0
2001-03-16,19.749,20.739,19.749,20.529,148945275,0
2001-03-19,20.503,20.882,19.983,20.437,81112190,0
2001-03-20,20.529,21.116,19.823,19.823,122043613,0
2001-03-21,19.658,20.033,18.716,18.835,166204974,0
2001-03-22,19.019,20.335,19.002,20.318,167958829,0
2001-03-23,20.671,21.442,20.453,21.275,132263992,0
2001-03-26,21.492,21.635,20.906,21.09,83889968,0
2001-03-27,21.09,22.029,21.024,21.913,126453244,0
2001-03-28,21.584,21.794,20.856,20.906,104233946,0
2001-03-29,20.829,21.518,20.529,20.829,115611133,0
2001-03-30,20.972,21.139,20.268,20.57,121403805,0
2001-04-02,20.62,21.418,20.554,20.998,100869773,0
2001-04-03,20.804,20.906,19.839,20.076,124484339,0
2001-04-04,20.076,20.687,19.213,19.538,137560101,0
2001-04-05,20.218,21.584,20.126,21.35,150403542,0
2001-04-06,21.208,21.518,20.714,21.139,123101566,0
2001-04-09,21.275,21.61,20.947,21.492,74812086,0
2001-04-10,21.794,22.601,21.754,22.458,145114868,0
2001-04-11,22.809,23.136,22.458,22.601,146023156,0
2001-04-12,22.408,23.437,22.34,23.398,116305977,0
2001-04-16,23.086,23.162,22.617,22.878,87511451,0
2001-04-17,22.617,23.371,22.601,23.136,113092001,0
2001-04-18,23.841,24.948,23.698,24.622,208193557,0
2001-04-19,24.755,25.954,24.737,25.602,208682918,0
2001-04-20,26.449,26.758,25.771,25.954,255814790,0
2001-04-23,25.625,25.771,25.158,25.678,122492852,0
2001-04-24,25.65,26.314,25.249,25.418,118208690,0
2001-04-25,25.418,26.266,25.301,26.213,101807837,0
2001-04-26,26.358,26.708,25.678,26.006,157176798,0
2001-04-27,26.148,26.213,24.898,25.249,169240061,0
2001-04-30,25.771,25.979,25.467,25.484,98841324,0
2001-05-01,25.467,26.449,25.442,26.407,111275139,0
2001-05-02,26.708,26.758,26.097,26.24,123424263,0
2001-05-03,26.054,26.407,25.625,25.771,88082955,0
2001-05-04,25.586,26.735,25.561,26.616,158900618,0
2001-05-07,26.643,27.137,26.591,26.85,145333894,0
2001-05-08,26.994,27.137,26.616,27.112,99772748,0
2001-05-09,26.802,26.826,26.291,26.473,101216664,0
2001-05-10,26.758,26.802,26.314,26.331,85198058,0
2001-05-11,26.314,26.331,25.82,26.097,67953233,0
2001-05-14,26.006,26.028,25.703,25.862,59780445,0
2001-05-15,25.862,26.071,25.586,25.678,81586676,0
2001-05-16,25.467,26.291,25.325,26.028,121659252,0
2001-05-17,26.006,26.381,25.418,25.65,141635062,0
2001-05-18,25.467,26.028,25.301,25.602,120212676,0
2001-05-21,25.602,26.331,25.484,25.886,136325116,0
2001-05-22,26.122,26.473,26.006,26.431,109549728,0
2001-05-23,26.473,26.944,26.122,26.213,121334160,0
2001-05-24,26.314,26.994,26.054,26.994,104903533,0
2001-05-25,26.969,27.036,26.473,26.684,66896077,0
2001-05-29,26.643,26.994,26.358,26.449,94647017,0
2001-05-30,26.172,26.551,25.82,26.028,113120977,0
2001-05-31,26.148,26.473,25.72,26.028,92353817,0
2001-06-01,26.187,26.591,25.837,26.449,76206555,0
2001-06-04,26.551,26.708,26.266,26.616,57675982,0
2001-06-05,26.616,27.49,26.524,27.321,118856754,0
2001-06-06,27.413,27.649,26.919,27.228,106060365,0
2001-06-07,27.137,27.746,27.112,27.697,87507734,0
2001-06-08,27.722,27.746,27.112,27.531,68511711,0
2001-06-11,27.413,27.413,26.901,27.137,61123621,0
2001-06-12,26.708,27.254,26.643,27.112,86939410,0
2001-06-13,27.112,27.202,26.565,26.591,73108474,0
2001-06-14,26.431,26.551,25.72,25.912,94559829,0
2001-06-15,25.393,25.703,24.989,25.586,138936774,0
2001-06-18,25.561,25.561,24.832,25.158,73594115,0
2001-06-19,25.65,25.912,25.158,25.325,83255737,0
2001-06-20,25.249,26.187,25.249,26.122,84916019,0
2001-06-21,26.006,26.551,25.936,26.266,86946594,0
2001-06-22,26.331,26.565,25.793,25.886,67905387,0
2001-06-25,26.006,26.266,25.484,25.912,65134785,0
2001-06-26,25.508,26.407,25.467,26.381,83468916,0
2001-06-27,26.291,26.901,26.097,26.758,91978755,0
2001-06-28,26.919,28.637,26.431,27.344,170671225,0
2001-06-29,27.321,27.632,26.85,27.321,110342928,0
2001-07-02,27.112,27.504,26.381,26.565,91310758,0
2001-07-03,26.449,26.643,26.314,26.524,37264761,0
2001-07-05,26.431,26.616,25.745,25.771,65429307,0
2001-07-06,25.703,25.72,24.714,24.856,89356209,0
2001-07-09,24.898,25.182,24.48,24.714,88338136,0
2001-07-10,24.779,24.921,24.217,24.268,88473172,0
2001-07-11,24.151,25.115,24.151,25.016,90522083,0
2001-07-12,26.591,27.112,26.449,26.944,165261071,0
2001-07-13,26.85,27.087,26.684,26.826,78333886,0
2001-07-16,26.877,27.155,26.381,26.785,74316602,0
2001-07-17,26.591,27.087,26.381,27.02,83844254,0
2001-07-18,26.565,26.901,26.291,26.551,75597571,0
2001-07-19,26.802,27.464,26.758,27.298,95005072,0
2001-07-20,25.586,26.097,25.508,26.028,165085365,0
2001-07-23,26.054,26.054,24.973,25.233,105101292,0
2001-07-24,25.207,25.586,24.714,24.948,89492047,0
2001-07-25,24.921,25.393,24.595,25.393,97943407,0
2001-07-26,25.249,25.325,24.636,25.041,103244844,0
2001-07-27,24.856,24.921,24.48,24.636,86892102,0
2001-07-30,24.688,25.158,24.664,24.755,56027391,0
2001-07-31,24.832,25.351,24.779,24.898,77839200,0
2001-08-01,25.132,25.132,24.737,25.016,73793739,0
2001-08-02,25.274,25.418,24.921,25.367,71962535,0
2001-08-03,25.325,25.351,24.832,25.158,57449240,0
2001-08-06,25.016,25.249,24.714,24.873,36806496,0
2001-08-07,24.856,25.233,24.832,24.973,40687942,0
2001-08-08,25.016,25.301,24.268,24.401,72672266,0
2001-08-09,24.453,24.664,24.194,24.453,60370292,0
2001-08-10,24.361,24.779,23.656,24.636,68769820,0
2001-08-13,24.546,24.832,24.361,24.755,43423986,0
2001-08-14,24.737,24.856,24.241,24.336,48469976,0
2001-08-15,24.336,24.48,23.774,23.774,52504000,0
2001-08-16,23.632,24.336,23.579,24.311,58342914,0
2001-08-17,23.983,24.125,23.136,23.277,69394490,0
2001-08-20,23.204,23.606,22.993,23.579,63817132,0
2001-08-21,22.834,23.774,22.834,22.851,62222766,0
2001-08-22,22.993,22.993,22.222,22.834,103825913,0
2001-08-23,22.834,23.136,22.198,22.239,67591720,0
2001-08-24,22.432,23.42,22.29,23.347,84161904,0
2001-08-27,23.277,23.841,23.162,23.437,58951900,0
2001-08-28,23.437,23.673,22.784,22.851,62736325,0
2001-08-29,22.969,23.069,22.408,22.666,63399001,0
2001-08-30,22.222,22.458,21.259,21.418,129449525,0
2001-08-31,21.403,21.846,21.182,21.466,76883857,0
2001-09-04,21.518,22.222,21.09,21.116,88305174,0
2001-09-05,21.139,21.962,20.804,21.726,118848243,0
2001-09-06,21.275,21.962,21.024,21.066,148207640,0
2001-09-07,21.116,21.584,20.804,20.829,119194335,0
2001-09-10,20.671,21.794,20.57,21.652,111534046,0
2001-09-17,20.318,20.739,19.865,19.917,170250169,0
2001-09-18,20.102,20.687,20.009,20.437,109453774,0
2001-09-19,20.477,20.739,19.044,20.268,168728380,0
2001-09-20,19.705,19.8,19.07,19.095,153120982,0
2001-09-21,18.038,19.044,17.869,18.69,245710036,0
2001-09-24,19.044,19.722,18.759,19.564,113010386,0
2001-09-25,19.658,19.941,18.875,19.305,111483540,0
2001-09-26,19.371,19.491,18.644,18.901,77771154,0
2001-09-27,18.858,19.07,18.056,18.786,106603425,0
2001-09-28,18.667,19.395,18.432,19.253,151012789,0
2001-10-01,19.163,19.749,18.977,19.491,91239258,0
2001-10-02,19.421,20.151,19.395,19.96,106844788,0
2001-10-03,19.749,21.418,19.705,21.157,128767709,0
2001-10-04,21.418,21.962,21.139,21.233,133681313,0
2001-10-05,21.139,21.82,20.671,21.726,106876946,0
2001-10-08,21.376,22.055,21.35,21.846,80314747,0
2001-10-09,21.635,21.652,20.386,20.529,131630813,0
2001-10-10,20.177,20.972,19.941,20.882,114682377,0
2001-10-11,20.972,21.376,20.554,21.182,110574720,0
2001-10-12,20.956,21.307,20.521,21.208,84140108,0
2001-10-15,21.031,22.005,20.882,21.846,90920013,0
2001-10-16,21.771,22.163,21.527,21.987,87888908,0
2001-10-17,22.239,22.305,21.057,21.082,97779664,0
2001-10-18,21.19,21.661,20.882,21.35,99934363,0
2001-10-19,21.593,21.82,20.93,21.779,121176521,0
2001-10-22,21.779,22.64,21.617,22.632,96128942,0
2001-10-23,22.752,23.112,22.347,22.737,106579500,0
2001-10-24,22.758,23.178,22.432,23.069,105105815,0
2001-10-25,22.801,23.548,22.408,23.539,100111127,0
2001-10-26,23.446,23.938,23.355,23.398,85689810,0
2001-10-29,23.363,23.398,22.399,22.441,72632924,0
2001-10-30,22.163,22.399,21.886,22.147,76283114,0
2001-10-31,22.305,22.843,21.853,21.877,85386250,0
2001-11-01,22.601,23.42,22.425,23.263,144259203,0
2001-11-02,23.295,23.706,22.767,23.103,110788166,0
2001-11-05,23.27,24.083,23.229,23.796,87365520,0
2001-11-06,23.588,24.429,23.389,24.369,91092526,0
2001-11-07,24.16,24.471,24.083,24.169,78032979,0
2001-11-08,24.25,24.856,23.948,24.232,98406191,0
2001-11-09,24.202,24.697,24.045,24.527,63677312,0
2001-11-12,24.344,24.998,23.938,24.746,76758393,0
2001-11-13,25.132,25.561,25.056,25.543,79575773,0
2001-11-14,25.669,25.712,24.746,24.814,116926921,0
2001-11-15,24.864,25.225,24.622,24.873,102364715,0
2001-11-16,24.966,25.064,24.437,24.737,78743237,0
2001-11-19,24.921,25.191,24.72,25.033,74335208,0
2001-11-20,24.998,25.508,24.462,24.604,87500814,0
2001-11-21,24.209,24.303,23.884,24.091,67500546,0
2001-11-23,24.217,24.377,23.932,24.344,20955879,0
2001-11-26,24.453,24.72,24.226,24.503,55767422,0
2001-11-27,24.377,24.487,23.606,23.974,120706036,0
2001-11-28,23.766,24.125,23.597,23.624,71076041,0
2001-11-29,23.748,24.42,23.682,24.392,71704433,0
2001-11-30,24.328,24.487,24.052,24.16,62303048,0
2001-12-03,24.018,24.536,24,24.369,62739250,0
2001-12-04,24.453,24.856,24.117,24.832,67479014,0
2001-12-05,25.016,25.641,24.973,25.619,98615116,0
2001-12-06,25.578,25.954,25.41,25.829,74457484,0
2001-12-07,25.659,25.896,25.041,25.517,56263169,0
2001-12-10,25.401,25.754,25.149,25.225,50958013,0
2001-12-11,25.451,25.634,25.233,25.325,71374551,0
2001-12-12,25.266,25.578,24.921,25.561,63641961,0
2001-12-13,25.257,25.728,24.856,24.93,68143019,0
2001-12-14,24.84,25.561,24.806,25.367,57155514,0
2001-12-17,25.266,25.997,25.266,25.954,75376678,0
2001-12-18,25.929,26.106,25.811,26.063,62578432,0
2001-12-19,25.811,26.291,25.754,26.14,75751738,0
2001-12-20,26.014,26.106,25.064,25.115,103757330,0
2001-12-21,25.586,25.855,25.207,25.41,112048665,0
2001-12-24,25.475,25.595,25.283,25.308,15552369,0
2001-12-26,25.367,25.989,25.351,25.458,38923190,0
2001-12-27,25.578,25.846,25.301,25.527,42289748,0
2001-12-28,25.669,25.903,25.467,25.535,38252004,0
2001-12-31,25.517,25.762,24.921,24.921,57227816,0
