Date,Open,High,Low,Close,Volume,OpenInt
1995-01-03,30.487,30.487,29.849,29.849,380736,0
1995-01-04,29.64,29.64,28.154,28.516,1025994,0
1995-01-05,28.688,28.794,28.262,28.688,360071,0
1995-01-06,28.688,29,28.47,28.58,514610,0
1995-01-09,28.47,28.902,28.37,28.902,356406,0
1995-01-10,28.902,29.218,28.794,29.218,320741,0
1995-01-11,29.424,30.377,29.326,30.377,641818,0
1995-01-12,30.801,31.647,30.801,31.225,985891,0
1995-01-13,30.91,31.019,30.594,30.801,436171,0
1995-01-16,30.594,30.594,30.171,30.271,261085,0
1995-01-17,30.594,30.91,30.487,30.594,328740,0
1995-01-18,30.91,31.225,30.91,31.019,412953,0
1995-01-19,31.225,31.548,30.91,31.548,412732,0
1995-01-20,31.647,31.755,31.225,31.548,547827,0
1995-01-23,31.019,31.126,30.377,30.487,268749,0
1995-01-24,30.594,30.594,30.063,30.271,318519,0
1995-01-25,30.171,30.693,30.063,30.063,626155,0
1995-01-26,30.063,30.271,29.533,29.533,396177,0
1995-01-27,29.326,29.424,28.688,28.688,390180,0
1995-01-30,28.902,29.108,28.688,29.108,287633,0
1995-01-31,28.794,29.424,28.688,29.108,479058,0
1995-02-01,29.218,29.749,29.218,29.424,261301,0
1995-02-02,29.849,29.849,29.424,29.74,341850,0
1995-02-03,29.533,29.533,28.678,29.1,387513,0
1995-02-06,29.1,29.1,28.678,29,1026772,0
1995-02-07,28.785,28.893,28.145,28.253,760248,0
1995-02-08,28.47,28.678,28.253,28.678,577156,0
1995-02-09,28.785,29.1,28.785,29.1,493279,0
1995-02-10,29.1,29.316,29,29.1,198531,0
1995-02-13,29.1,29.1,28.785,29,435285,0
1995-02-14,29,29.316,28.893,29,470503,0
1995-02-15,29.209,29.316,29,29,331408,0
1995-02-16,29.1,29.533,29.1,29.316,314407,0
1995-02-17,29.424,30.594,29.424,30.271,548941,0
1995-02-21,30.377,31.019,30.377,31.019,579381,0
1995-02-22,31.019,31.655,30.91,31.548,554939,0
1995-02-23,31.655,31.755,30.801,30.801,475280,0
1995-02-24,31.019,31.019,30.271,30.693,423951,0
1995-02-27,30.594,30.693,30.162,30.594,294410,0
1995-02-28,30.693,30.693,30.487,30.693,303630,0
1995-03-01,30.487,30.594,29.955,30.063,290965,0
1995-03-02,30.063,31.334,30.063,30.801,732251,0
1995-03-03,30.91,31.225,29.955,30.063,380736,0
1995-03-06,30.487,31.973,30.377,31.973,807355,0
1995-03-07,32.504,34.626,32.394,34.516,2221192,0
1995-03-08,33.889,34.204,33.248,33.357,1467612,0
1995-03-09,33.455,34.419,33.455,33.889,681143,0
1995-03-10,33.889,33.889,32.926,33.248,656701,0
1995-03-13,33.889,34.098,33.671,33.671,601934,0
1995-03-14,33.671,34.098,33.564,34.098,275858,0
1995-03-15,34.312,34.735,33.99,34.204,440838,0
1995-03-16,33.781,33.889,33.564,33.781,457727,0
1995-03-17,33.781,34.951,33.564,34.626,842685,0
1995-03-20,34.312,35.799,34.312,35.265,517275,0
1995-03-21,35.158,35.691,34.735,34.735,397401,0
1995-03-22,34.626,35.265,34.626,34.626,290299,0
1995-03-23,34.626,34.951,34.419,34.843,332628,0
1995-03-24,34.843,34.843,34.204,34.204,443285,0
1995-03-27,34.312,34.626,33.889,34.626,276079,0
1995-03-28,34.516,35.158,34.312,35.158,352292,0
1995-03-29,35.158,35.582,34.843,34.843,445395,0
1995-03-30,35.051,36.644,35.051,36.221,973336,0
1995-03-31,37.176,37.283,36.014,36.327,1154094,0
1995-04-03,36.435,36.644,36.014,36.644,486281,0
1995-04-04,36.86,36.86,36.111,36.221,253747,0
1995-04-05,36.435,37.176,36.111,37.176,547272,0
1995-04-06,36.967,37.497,36.751,36.751,450061,0
1995-04-07,36.751,36.967,36.221,36.543,384068,0
1995-04-10,36.111,36.111,35.582,36.014,319185,0
1995-04-11,36.111,36.543,35.904,36.327,226642,0
1995-04-12,36.327,36.644,36.327,36.543,273525,0
1995-04-13,36.327,36.435,35.265,35.373,455948,0
1995-04-17,35.799,37.283,35.799,37.176,870681,0
1995-04-18,37.176,37.704,36.644,37.283,976557,0
1995-04-19,37.283,37.704,36.751,36.86,1136873,0
1995-04-20,36.644,36.751,35.481,35.582,557825,0
1995-04-21,35.481,36.111,35.265,36.111,387401,0
1995-04-24,36.111,36.543,36.014,36.435,232416,0
1995-04-25,36.111,36.644,36.014,36.435,213532,0
1995-04-26,36.435,36.435,35.481,35.481,529607,0
1995-04-27,35.481,36.543,35.373,36.543,514943,0
1995-04-28,36.543,36.751,35.481,35.582,488389,0
1995-05-01,35.799,36.111,35.158,35.799,562160,0
1995-05-02,35.582,36.435,35.582,35.799,387513,0
1995-05-03,35.582,35.904,35.481,35.582,462949,0
1995-05-04,35.582,36.327,35.373,35.904,524941,0
1995-05-05,35.691,35.799,34.951,35.265,250084,0
1995-05-08,35.265,35.691,35.158,35.265,169756,0
1995-05-09,35.265,35.265,33.142,33.564,788020,0
1995-05-10,33.455,33.781,32.926,33.142,643151,0
1995-05-11,33.142,33.142,32.504,32.61,770023,0
1995-05-12,32.828,33.035,32.504,32.718,556826,0
1995-05-15,32.926,33.889,32.828,33.671,432506,0
1995-05-16,33.564,34.098,33.455,33.889,313074,0
1995-05-17,33.671,34.419,33.455,34.419,408624,0
1995-05-18,34.204,35.051,34.204,35.051,617598,0
1995-05-19,34.843,35.158,34.735,34.735,365072,0
1995-05-22,34.626,34.951,34.516,34.516,259192,0
1995-05-23,34.626,35.051,34.516,35.051,554828,0
1995-05-24,35.158,36.014,35.051,36.014,510498,0
1995-05-25,36.327,36.426,35.79,35.896,415732,0
1995-05-26,35.896,36.644,35.582,35.79,557272,0
1995-05-30,35.79,35.896,35.051,35.051,201975,0
1995-05-31,35.051,35.582,34.834,35.582,318853,0
1995-06-01,35.363,36.426,35.256,36.426,354180,0
1995-06-02,36.111,36.426,35.472,35.691,346960,0
1995-06-05,35.363,36.327,35.256,36.111,289633,0
1995-06-06,36.111,36.111,35.582,35.691,209090,0
1995-06-07,35.896,36.86,35.896,36.534,468279,0
1995-06-08,36.327,36.967,36.221,36.644,402733,0
1995-06-09,36.534,37.176,36.426,36.426,477279,0
1995-06-12,36.426,36.644,36.327,36.534,298524,0
1995-06-13,36.644,36.967,36.534,36.86,254194,0
1995-06-14,36.967,37.497,36.967,37.497,481279,0
1995-06-15,37.39,38.559,37.283,38.246,1133207,0
1995-06-16,38.246,38.344,37.812,37.812,418174,0
1995-06-19,38.138,38.559,38.029,38.452,459282,0
1995-06-20,38.029,38.246,37.176,37.39,381843,0
1995-06-21,37.39,37.704,37.283,37.704,334076,0
1995-06-22,37.39,38.138,37.283,38.029,390733,0
1995-06-23,37.921,38.138,37.704,37.812,311632,0
1995-06-26,37.497,37.604,36.967,36.967,259746,0
1995-06-27,36.86,37.176,36.86,37.067,353516,0
1995-06-28,36.967,36.967,36.111,36.221,350072,0
1995-06-29,36.327,36.534,36.221,36.221,224085,0
1995-06-30,36.221,36.327,35.363,35.691,450393,0
1995-07-03,35.691,35.79,35.472,35.79,107321,0
1995-07-05,35.79,36.111,35.472,35.582,241306,0
1995-07-06,35.79,36.751,35.582,36.751,390958,0
1995-07-07,36.967,37.283,36.426,37.283,485280,0
1995-07-10,37.283,37.283,36.534,36.967,270639,0
1995-07-11,36.751,38.138,36.534,38.138,486723,0
1995-07-12,38.344,39.416,37.812,38.344,1106986,0
1995-07-13,38.344,38.669,37.604,37.812,432506,0
1995-07-14,37.921,38.884,37.704,38.344,516610,0
1995-07-17,38.452,39.308,38.344,38.983,796358,0
1995-07-18,38.983,39.2,38.559,38.669,432954,0
1995-07-19,38.884,39.308,37.283,37.604,1021996,0
1995-07-20,37.497,38.138,36.534,36.751,339407,0
1995-07-21,36.426,37.283,36.426,36.967,352074,0
1995-07-24,37.176,37.704,36.86,37.704,272526,0
1995-07-25,37.39,37.704,36.967,37.067,315186,0
1995-07-26,37.176,38.777,37.176,38.452,382954,0
1995-07-27,38.452,38.452,36.644,36.751,706142,0
1995-07-28,36.967,37.604,36.644,37.39,486392,0
1995-07-31,37.381,37.381,36.426,36.524,240528,0
1995-08-01,36.524,38.452,36.524,38.452,709921,0
1995-08-02,38.237,38.344,37.921,38.237,417956,0
1995-08-03,38.452,38.983,38.344,38.777,323521,0
1995-08-04,38.559,38.669,37.812,37.921,222642,0
1995-08-07,37.921,38.559,37.704,37.704,309410,0
1995-08-08,37.921,38.559,37.921,38.344,283743,0
1995-08-09,38.559,38.559,37.488,37.596,260749,0
1995-08-10,37.381,37.488,37.176,37.283,197759,0
1995-08-11,37.176,37.176,36.524,36.851,296634,0
1995-08-14,36.851,38.452,36.851,38.452,550274,0
1995-08-15,38.669,39.093,38.029,38.983,417956,0
1995-08-16,38.452,38.452,38.129,38.237,438173,0
1995-08-17,38.669,38.777,38.344,38.344,417618,0
1995-08-18,38.559,38.669,38.129,38.559,356406,0
1995-08-21,38.777,38.983,38.452,38.559,350072,0
1995-08-22,38.344,38.452,38.129,38.237,200757,0
1995-08-23,38.237,38.884,38.237,38.884,495723,0
1995-08-24,38.884,39.2,38.237,38.559,165646,0
1995-08-25,38.344,38.777,38.237,38.669,153537,0
1995-08-28,38.559,38.829,38.344,38.559,101987,0
1995-08-29,38.344,38.452,38.029,38.029,126764,0
1995-08-30,37.812,37.921,37.176,37.176,170316,0
1995-08-31,37.381,37.812,37.067,37.176,277301,0
1995-09-01,37.067,37.176,36.742,37.067,227307,0
1995-09-05,37.067,37.283,36.851,37.283,305743,0
1995-09-06,37.381,37.704,37.283,37.596,492389,0
1995-09-07,37.704,38.029,37.704,37.921,592045,0
1995-09-08,38.029,38.029,37.596,37.921,296076,0
1995-09-11,38.029,38.237,38.029,38.129,472060,0
1995-09-12,38.237,39.093,38.029,38.983,641818,0
1995-09-13,38.777,38.777,38.129,38.344,308854,0
1995-09-14,38.452,39.093,38.452,38.669,383622,0
1995-09-15,38.669,38.777,38.237,38.237,275970,0
1995-09-18,38.129,38.452,38.029,38.344,310410,0
1995-09-19,38.029,38.129,37.488,37.596,321409,0
1995-09-20,37.488,37.596,37.176,37.283,155094,0
1995-09-21,37.381,38.129,37.283,38.129,395845,0
1995-09-22,37.921,37.921,37.283,37.488,319297,0
1995-09-25,37.283,37.381,36.851,36.851,389845,0
1995-09-26,37.176,37.176,36.524,36.742,706922,0
1995-09-27,36.426,36.634,36.319,36.426,238307,0
1995-09-28,36.426,36.524,35.995,36.212,205202,0
1995-09-29,36.103,36.426,35.995,36.319,200087,0
1995-10-02,36.426,36.426,35.781,35.781,352738,0
1995-10-03,35.886,35.995,35.142,35.573,372399,0
1995-10-04,35.682,35.995,35.463,35.573,416952,0
1995-10-05,35.781,35.886,35.354,35.573,134430,0
1995-10-06,35.781,35.886,35.682,35.886,197200,0
1995-10-09,35.886,36.212,35.573,36.212,394507,0
1995-10-10,36.319,36.426,35.781,36.212,296747,0
1995-10-11,36.212,36.212,35.682,35.781,114653,0
1995-10-12,35.886,35.886,34.608,34.717,374737,0
1995-10-13,34.717,34.925,34.393,34.825,597041,0
1995-10-16,34.498,34.498,33.321,33.644,513166,0
1995-10-17,33.644,34.079,33.321,33.754,553603,0
1995-10-18,33.862,33.972,32.791,32.791,1022993,0
1995-10-19,32.682,33.221,32.367,32.791,598823,0
1995-10-20,32.682,33.537,32.682,33.221,502944,0
1995-10-23,33.321,33.862,32.367,32.477,398065,0
1995-10-24,32.477,32.791,32.26,32.477,417956,0
1995-10-25,32.574,33.116,32.574,33.116,531606,0
1995-10-26,33.221,33.221,32.043,32.574,729696,0
1995-10-27,32.367,32.574,31.297,32.151,1094210,0
1995-10-30,32.26,32.791,31.937,32.26,406511,0
1995-10-31,32.682,32.791,32.26,32.26,314407,0
1995-11-01,32.367,32.791,32.26,32.682,612264,0
1995-11-02,32.791,33.428,32.574,33.428,794578,0
1995-11-03,33.221,33.321,32.151,33.008,618039,0
1995-11-06,33.537,34.179,33.428,33.972,930007,0
1995-11-07,34.393,35.682,34.393,35.463,1639593,0
1995-11-08,35.463,35.682,35.033,35.682,649818,0
1995-11-09,35.781,36.634,35.573,36.524,544494,0
1995-11-10,36.958,37.283,36.851,36.851,667593,0
1995-11-13,36.634,36.634,35.573,35.573,819796,0
1995-11-14,34.179,34.498,33.972,34.498,1866902,0
1995-11-15,34.393,34.825,34.285,34.717,987224,0
1995-11-16,34.825,34.925,34.393,34.608,404070,0
1995-11-17,34.825,34.925,34.498,34.925,906788,0
1995-11-20,34.717,34.717,34.285,34.608,318519,0
1995-11-21,34.498,34.608,34.179,34.393,488503,0
1995-11-22,34.285,34.393,33.962,33.962,507387,0
1995-11-24,34.07,34.598,34.07,34.498,358625,0
1995-11-27,34.925,35.463,34.816,35.247,570490,0
1995-11-28,36.426,36.851,36.319,36.751,750913,0
1995-11-29,36.644,36.851,36.319,36.851,580826,0
1995-11-30,36.851,36.958,36.534,36.958,316301,0
1995-12-01,36.851,36.958,36.426,36.958,273079,0
1995-12-04,36.958,37.713,36.958,37.604,385957,0
1995-12-05,37.822,38.246,37.604,38.138,640264,0
1995-12-06,38.353,38.461,37.921,38.138,541718,0
1995-12-07,37.921,38.785,37.713,38.029,949785,0
1995-12-08,38.246,38.678,38.138,38.461,569377,0
1995-12-11,38.246,38.678,38.246,38.461,355293,0
1995-12-12,38.569,38.569,38.138,38.138,391844,0
1995-12-13,38.353,38.353,37.176,37.39,664370,0
1995-12-14,37.283,37.921,37.176,37.713,324299,0
1995-12-15,38.138,38.353,37.921,38.353,964115,0
1995-12-18,38.461,39.318,38.461,39.21,965669,0
1995-12-19,38.992,39.21,38.461,38.785,760138,0
1995-12-20,38.992,39.425,38.678,39.318,621599,0
1995-12-21,39.21,39.425,38.785,39.425,245529,0
1995-12-22,39.21,39.21,38.785,39.1,363181,0
1995-12-26,38.992,39.1,38.992,39.1,110210,0
1995-12-27,38.992,38.992,38.246,38.353,281080,0
1995-12-28,38.461,38.992,38.461,38.678,285746,0
1995-12-29,38.785,38.893,38.461,38.893,289520,0
1996-01-02,39.1,41.037,39.1,40.927,772916,0
1996-01-03,41.144,41.999,41.144,41.674,1503496,0
1996-01-04,41.674,41.783,41.458,41.565,644706,0
1996-01-05,42.108,43.178,42.108,42.746,864126,0
1996-01-08,42.854,43.816,42.854,43.708,291856,0
1996-01-09,44.141,45.103,43.386,45.103,1405064,0
1996-01-10,44.781,47.03,44.781,46.497,2012774,0
1996-01-11,46.607,46.607,45.636,46.068,1608485,0
1996-01-12,44.781,45.321,43.386,43.926,6610593,0
1996-01-15,43.708,44.355,43.287,44.355,756136,0
1996-01-16,44.996,44.996,43.816,43.926,800355,0
1996-01-17,44.141,44.996,43.926,44.889,632818,0
1996-01-18,44.564,44.564,44.141,44.248,330186,0
1996-01-19,44.781,46.178,44.672,46.178,773245,0
1996-01-22,47.03,48.642,46.815,48.103,1401398,0
1996-01-23,47.994,47.994,46.607,47.994,1331187,0
1996-01-24,47.463,47.569,46.607,46.708,1152091,0
1996-01-25,47.139,48.211,47.139,47.677,2268858,0
1996-01-26,47.569,48.533,47.463,48.316,899566,0
1996-01-29,48.211,48.642,48.103,48.316,1594486,0
1996-01-30,48.533,48.953,47.885,48.316,1358626,0
1996-01-31,48.533,48.642,47.463,47.994,889344,0
1996-02-01,48.533,50.35,48.533,49.821,1867343,0
1996-02-02,50.246,50.894,50.137,50.675,2092879,0
1996-02-05,51.207,51.423,50.558,51.423,1897342,0
1996-02-06,51.423,51.533,50.776,51.314,756802,0
1996-02-07,51.533,52.171,48.953,48.953,1415838,0
1996-02-08,48.742,48.742,46.373,47.552,1936669,0
1996-02-09,47.13,47.876,46.373,47.239,943337,0
1996-02-12,47.021,48.202,46.373,46.912,918788,0
1996-02-13,47.021,47.344,46.373,47.13,874568,0
1996-02-14,47.239,49.381,47.021,49.273,998445,0
1996-02-15,49.381,49.593,47.453,47.453,678922,0
1996-02-16,47.985,48.416,47.659,48.202,644927,0
1996-02-20,47.552,48.307,46.48,46.807,771802,0
1996-02-21,46.373,48.093,45.521,48.093,1095322,0
1996-02-22,47.768,47.876,47.021,47.659,587379,0
1996-02-23,47.239,47.768,46.807,47.552,629154,0
1996-02-26,47.768,49.054,47.768,49.054,759916,0
1996-02-27,48.742,49.273,48.202,48.524,698366,0
1996-02-28,48.633,48.953,47.985,48.524,713589,0
1996-02-29,48.953,49.273,48.742,48.849,518829,0
1996-03-01,48.849,48.953,47.552,47.985,582157,0
1996-03-04,46.589,46.912,45.303,45.521,801356,0
1996-03-05,45.628,46.159,45.303,45.628,739360,0
1996-03-06,45.948,46.265,45.303,45.521,559491,0
1996-03-07,45.628,46.589,45.521,46.589,658701,0
1996-03-08,47.239,47.876,45.731,45.948,963894,0
1996-03-11,45.731,46.698,45.521,46.589,604375,0
1996-03-12,46.373,47.239,46.159,46.159,454730,0
1996-03-13,46.373,47.13,45.84,46.912,417064,0
1996-03-14,46.48,47.021,46.159,46.698,665038,0
1996-03-15,46.807,47.344,46.373,46.912,723030,0
1996-03-18,46.159,46.373,45.521,46.373,1160536,0
1996-03-19,46.373,47.344,46.373,46.807,627482,0
1996-03-20,46.698,47.021,46.159,46.373,412512,0
1996-03-21,46.807,47.552,46.698,47.13,503277,0
1996-03-22,47.239,48.416,47.13,48.307,536386,0
1996-03-25,47.985,49.054,47.768,49.054,654593,0
1996-03-26,49.273,51.533,49.273,51.314,1000443,0
1996-03-27,51.098,51.207,50.246,50.558,485499,0
1996-03-28,50.246,50.246,48.633,48.742,558714,0
1996-03-29,48.953,49.381,48.633,48.633,358514,0
1996-04-01,48.416,48.633,47.876,47.985,558162,0
1996-04-02,48.202,48.202,47.453,48.093,416842,0
1996-04-03,48.093,50.137,48.093,49.812,630040,0
1996-04-04,49.593,49.593,48.849,49.273,338293,0
1996-04-08,49.163,51.098,48.953,50.884,649706,0
1996-04-09,50.028,50.666,49.593,49.702,725472,0
1996-04-10,49.381,50.884,49.054,50.884,660482,0
1996-04-11,50.246,51.954,50.137,51.207,1574156,0
1996-04-12,50.884,50.884,49.273,49.489,434282,0
1996-04-15,49.054,49.163,48.633,49.054,287080,0
1996-04-16,49.273,50.028,47.985,48.093,797909,0
1996-04-17,48.093,48.524,47.453,48.093,390622,0
1996-04-18,48.307,48.742,47.768,48.093,747250,0
1996-04-19,48.093,48.093,46.373,46.373,717031,0
1996-04-22,46.589,47.659,46.589,47.659,488837,0
1996-04-23,48.093,48.416,47.659,47.876,448283,0
1996-04-24,47.876,48.307,47.768,47.768,287968,0
1996-04-25,48.742,49.922,48.633,49.812,615707,0
1996-04-26,49.273,49.381,48.742,48.849,393732,0
1996-04-29,48.849,49.381,48.633,48.742,206976,0
1996-04-30,48.953,49.922,48.742,49.702,505278,0
1996-05-01,49.812,50.558,49.163,49.489,463950,0
1996-05-02,49.273,49.922,49.163,49.489,584265,0
1996-05-03,48.953,49.593,48.202,48.524,448837,0
1996-05-06,49.054,50.991,48.953,50.246,653706,0
1996-05-07,50.459,51.639,50.459,50.884,962891,0
1996-05-08,51.314,51.639,50.137,50.246,953561,0
1996-05-09,50.35,50.459,49.702,50.35,422398,0
1996-05-10,50.459,50.459,49.812,50.246,352515,0
1996-05-13,50.459,50.884,50.35,50.776,348627,0
1996-05-14,50.35,50.558,50.028,50.558,440063,0
1996-05-15,50.558,50.884,50.459,50.776,393181,0
1996-05-16,50.459,50.776,50.246,50.459,154316,0
1996-05-17,50.558,50.558,50.028,50.246,269302,0
1996-05-20,50.028,50.028,48.849,49.163,637041,0
1996-05-21,49.381,50.459,48.633,50.137,1188756,0
1996-05-22,50.137,50.246,49.489,49.812,451505,0
1996-05-23,49.812,49.812,49.054,49.054,386957,0
1996-05-24,48.84,49.054,48.407,48.623,532274,0
1996-05-28,49.054,49.489,48.84,49.054,706479,0
1996-05-29,49.054,49.163,48.733,48.945,341960,0
1996-05-30,49.163,50.028,49.163,49.922,499277,0
1996-05-31,50.341,51.853,49.922,51.853,865349,0
1996-06-03,51.963,51.963,50.558,50.666,607488,0
1996-06-04,50.666,50.666,48.945,49.273,432726,0
1996-06-05,48.945,49.054,46.15,46.47,888344,0
1996-06-06,46.47,46.904,45.403,45.619,944340,0
1996-06-07,46.256,46.798,43.889,44.97,1162427,0
1996-06-10,45.185,45.294,43.889,44.214,702698,0
1996-06-11,43.458,44.214,42.709,43.889,1156647,0
1996-06-12,44.214,44.426,43.359,43.458,854680,0
1996-06-13,43.672,44.32,43.565,43.565,644148,0
1996-06-14,43.565,43.999,43.033,43.458,693367,0
1996-06-17,43.359,43.999,43.142,43.142,356070,0
1996-06-18,43.142,43.565,42.925,43.033,771360,0
1996-06-19,43.25,43.672,43.25,43.359,881456,0
1996-06-20,43.458,43.999,43.359,43.78,467169,0
1996-06-21,43.672,43.672,42.925,42.925,946227,0
1996-06-24,43.033,44.32,42.709,44.32,786576,0
1996-06-25,44.536,44.862,43.25,43.359,498390,0
1996-06-26,43.458,43.672,41.953,42.493,588154,0
1996-06-27,42.709,43.033,42.493,42.493,489280,0
1996-06-28,42.709,43.25,42.384,42.493,384846,0
1996-07-01,43.25,43.889,43.142,43.25,502944,0
1996-07-02,43.033,43.458,42.601,42.601,509167,0
1996-07-03,42.819,43.25,42.493,42.819,412173,0
1996-07-05,42.819,44.862,42.819,44.536,528496,0
1996-07-08,44.645,44.862,43.999,44.214,780469,0
1996-07-09,44.753,45.619,44.536,45.619,870788,0
1996-07-10,46.04,46.256,45.294,45.619,530161,0
1996-07-11,45.822,45.822,44.214,44.536,531161,0
1996-07-12,44.645,44.645,43.142,43.142,293523,0
1996-07-15,42.819,43.78,42.601,42.601,451505,0
1996-07-16,42.384,42.601,40.883,41.845,916230,0
1996-07-17,41.953,42.062,40.991,40.991,561937,0
1996-07-18,41.207,41.737,41.207,41.52,461839,0
1996-07-19,41.628,42.384,41.628,42.279,618486,0
1996-07-22,41.953,42.493,41.737,42.062,376181,0
1996-07-23,42.279,42.384,41.306,41.413,328740,0
1996-07-24,41.099,41.099,40.341,40.341,487392,0
1996-07-25,40.558,40.666,40.341,40.449,668815,0
1996-07-26,40.449,41.413,40.341,41.207,1030883,0
1996-07-29,41.198,41.198,40.227,40.332,364738,0
1996-07-30,40.44,40.44,39.683,39.683,348627,0
1996-07-31,40.332,42.601,40.012,41.52,1001333,0
1996-08-01,42.279,43.789,41.953,43.033,862012,0
1996-08-02,43.033,43.466,42.384,43.25,902010,0
1996-08-05,44.536,45.831,44.426,45.403,1047442,0
1996-08-06,44.97,44.97,44.426,44.753,572826,0
1996-08-07,44.753,44.97,44.008,44.116,424728,0
1996-08-08,44.116,45.723,44.116,45.619,488837,0
1996-08-09,45.403,45.512,44.536,44.645,364182,0
1996-08-12,44.753,45.403,44.753,45.294,319744,0
1996-08-13,45.185,45.294,44.645,44.753,175867,0
1996-08-14,44.222,44.32,43.898,44.116,425397,0
1996-08-15,44.116,44.862,44.116,44.32,486500,0
1996-08-16,44.222,44.32,43.789,43.898,370958,0
1996-08-19,43.898,45.619,43.898,45.619,498832,0
1996-08-20,45.403,46.373,45.076,46.373,506053,0
1996-08-21,46.159,46.159,45.723,45.831,259420,0
1996-08-22,45.939,46.807,45.939,46.589,417064,0
1996-08-23,46.373,46.807,46.159,46.159,365072,0
1996-08-26,46.589,47.239,46.589,47.021,748024,0
1996-08-27,46.912,46.912,46.373,46.807,550385,0
1996-08-28,46.589,46.807,46.48,46.589,684144,0
1996-08-29,46.589,46.807,45.939,46.049,310629,0
1996-08-30,45.723,45.723,45.185,45.619,359735,0
1996-09-03,45.512,46.48,45.185,46.265,237864,0
1996-09-04,46.159,46.159,45.512,45.939,196312,0
1996-09-05,46.159,46.698,45.831,46.049,252306,0
1996-09-06,46.049,46.265,45.403,45.619,190647,0
1996-09-09,45.723,45.723,44.116,44.645,511943,0
1996-09-10,44.32,44.536,44.116,44.222,557936,0
1996-09-11,44.426,44.753,44.32,44.645,273525,0
1996-09-12,44.426,44.426,44.008,44.32,211975,0
1996-09-13,44.426,45.723,44.426,44.97,572048,0
1996-09-16,44.97,44.97,44.116,44.222,558938,0
1996-09-17,44.32,44.426,43.359,43.574,485945,0
1996-09-18,43.574,43.681,42.819,42.925,574936,0
1996-09-19,43.033,43.142,42.601,42.709,297522,0
1996-09-20,42.709,42.709,42.062,42.279,746362,0
1996-09-23,42.384,42.601,41.737,41.737,574493,0
1996-09-24,42.171,42.819,41.845,42.819,1018776,0
1996-09-25,42.819,43.033,41.953,41.953,420510,0
1996-09-26,41.306,41.413,40.657,41.198,1009774,0
1996-09-27,41.306,41.413,40.657,40.657,573491,0
1996-09-30,40.549,41.09,40.119,40.766,614486,0
1996-10-01,40.982,41.52,40.657,40.766,482055,0
1996-10-02,41.198,42.279,40.982,41.953,797689,0
1996-10-03,41.953,41.953,41.09,41.198,434063,0
1996-10-04,41.413,41.845,40.874,41.413,444951,0
1996-10-07,41.413,41.953,41.09,41.306,275970,0
1996-10-08,41.737,41.845,40.549,40.657,522829,0
1996-10-09,40.874,40.982,40.44,40.766,369294,0
1996-10-10,40.766,41.52,40.657,41.52,489948,0
1996-10-11,40.982,41.09,40.227,40.657,279521,0
1996-10-14,40.657,40.766,40.332,40.44,259746,0
1996-10-15,40.227,40.766,39.902,40.44,489500,0
1996-10-16,40.549,40.874,40.119,40.44,854015,0
1996-10-17,40.012,40.227,39.362,39.362,1024776,0
1996-10-18,39.146,39.146,38.714,38.714,598490,0
1996-10-21,38.82,39.577,38.714,39.577,1274636,0
1996-10-22,39.683,40.44,39.468,40.119,953782,0
1996-10-23,39.792,40.657,39.577,40.657,670592,0
1996-10-24,40.332,40.332,40.012,40.227,436729,0
1996-10-25,40.119,40.874,40.012,40.549,510053,0
1996-10-28,40.549,41.413,40.44,40.766,302853,0
1996-10-29,40.227,40.227,39.792,39.792,573491,0
1996-10-30,39.902,40.44,39.738,40.44,283413,0
1996-10-31,40.44,40.982,39.902,39.902,584045,0
1996-11-01,39.902,40.119,39.577,40.119,320741,0
1996-11-04,40.44,40.549,40.119,40.227,202199,0
1996-11-05,40.227,40.766,40.012,40.227,390512,0
1996-11-06,40.44,40.44,39.683,39.683,432283,0
1996-11-07,39.792,41.628,39.577,41.413,1462832,0
1996-11-08,41.306,42.171,40.874,42.171,991776,0
1996-11-11,42.709,42.819,41.845,42.709,640040,0
1996-11-12,42.493,43.898,42.279,43.681,787690,0
1996-11-13,43.681,45.831,43.681,44.97,1314295,0
1996-11-14,44.97,44.97,44.222,44.645,938115,0
1996-11-15,44.222,44.32,43.681,44.222,851236,0
1996-11-18,43.898,43.898,43.359,43.466,320520,0
1996-11-19,43.033,43.466,42.925,43.466,317964,0
1996-11-20,44.753,45.403,44.222,45.294,1122429,0
1996-11-21,45.185,45.185,43.359,43.359,915789,0
1996-11-22,43.574,43.574,42.062,42.279,876125,0
1996-11-25,42.062,42.062,41.413,41.737,890678,0
1996-11-26,41.845,42.493,40.982,41.628,1583714,0
1996-11-27,41.306,41.953,41.09,41.306,742028,0
1996-11-29,41.306,41.413,41.09,41.306,193756,0
1996-12-02,40.982,41.09,40.332,40.44,935785,0
1996-12-03,40.227,40.332,39.362,40.119,1655479,0
1996-12-04,41.09,41.306,40.657,41.09,1168423,0
1996-12-05,40.549,42.062,40.227,41.953,1869012,0
1996-12-06,40.657,40.657,39.792,40.549,922118,0
1996-12-09,40.657,41.09,40.119,40.657,719583,0
1996-12-10,40.874,41.09,39.577,40.332,754471,0
1996-12-11,40.227,40.44,39.038,39.255,604933,0
1996-12-12,39.468,39.577,39.038,39.038,397734,0
1996-12-13,39.038,39.362,38.705,38.921,361626,0
1996-12-16,38.811,39.362,38.705,39.038,430287,0
1996-12-17,39.038,40.012,38.921,39.362,859347,0
1996-12-18,39.468,39.577,38.272,38.38,731027,0
1996-12-19,38.38,38.596,37.949,38.596,403620,0
1996-12-20,39.038,39.146,38.487,38.811,715584,0
1996-12-23,38.811,39.577,38.705,39.362,463615,0
1996-12-24,39.468,39.468,39.038,39.255,71549,0
1996-12-26,39.468,39.902,39.038,39.038,203534,0
1996-12-27,39.255,39.255,38.811,38.921,212311,0
1996-12-30,38.921,39.577,38.811,39.146,320849,0
1996-12-31,39.038,39.146,38.166,38.705,472503,0
1997-01-02,38.596,38.596,37.622,38.057,461390,0
1997-01-03,38.057,38.38,37.409,37.731,769027,0
1997-01-06,37.409,37.409,35.682,35.682,839239,0
1997-01-07,35.896,36.004,34.489,35.033,1799465,0
1997-01-08,34.598,34.708,34.063,34.489,1809355,0
1997-01-09,34.598,35.79,34.598,35.573,2262300,0
1997-01-10,35.463,35.573,34.925,35.463,1065325,0
1997-01-13,35.573,35.573,34.708,35.033,405844,0
1997-01-14,35.033,35.033,34.17,34.384,402514,0
1997-01-15,34.063,34.816,34.063,34.063,667705,0
1997-01-16,34.489,35.142,34.489,34.816,657592,0
1997-01-17,34.925,35.682,34.925,35.463,969668,0
1997-01-20,35.247,35.354,34.925,35.142,355958,0
1997-01-21,35.463,35.79,34.925,35.142,418063,0
1997-01-22,34.816,34.816,34.276,34.276,570935,0
1997-01-23,34.17,34.489,33.735,34.17,1099655,0
1997-01-24,34.598,35.354,34.489,35.247,1327961,0
1997-01-27,35.463,36.435,35.354,36.004,1545381,0
1997-01-28,35.682,35.682,35.247,35.354,747142,0
1997-01-29,35.142,35.247,34.816,35.142,463394,0
1997-01-30,35.033,35.033,34.489,34.598,661148,0
1997-01-31,34.598,34.598,33.953,34.489,711698,0
1997-02-03,34.598,35.463,34.598,35.142,812910,0
1997-02-04,35.142,35.142,34.708,35.033,843123,0
1997-02-05,35.033,35.247,34.384,34.489,635928,0
1997-02-06,34.276,34.384,33.41,33.628,760358,0
1997-02-07,33.194,34.17,33.194,34.17,1184314,0
1997-02-10,34.161,34.384,33.836,34.276,721364,0
1997-02-11,34.054,34.054,33.51,33.836,1070765,0
1997-02-12,33.619,35.79,33.185,35.79,2679592,0
1997-02-13,35.79,36.769,35.463,35.573,1752692,0
1997-02-14,36.221,37.31,36.004,37.094,1292746,0
1997-02-18,37.417,38.174,37.203,38.174,1110210,0
1997-02-19,38.937,39.047,38.281,38.39,1330406,0
1997-02-20,38.39,40.128,38.174,40.021,1557825,0
1997-02-21,40.558,40.774,39.371,39.371,1698476,0
1997-02-24,39.692,40.449,39.586,40.449,980225,0
1997-02-25,40.236,40.666,39.911,40.558,964002,0
1997-02-26,40.774,41,39.371,39.692,849019,0
1997-02-27,40.774,41,40.558,40.666,1728584,0
1997-02-28,40.666,41.216,40.449,41.216,1374622,0
1997-03-03,41,41.108,40.666,40.774,843575,0
1997-03-04,40.128,40.128,39.801,39.801,486056,0
1997-03-05,39.265,39.265,38.39,39.265,1369734,0
1997-03-06,39.265,39.265,38.937,39.047,774691,0
1997-03-07,38.829,38.937,38.174,38.281,447506,0
1997-03-10,37.849,37.958,36.769,37.31,3639258,0
1997-03-11,37.31,37.525,37.203,37.417,1442618,0
1997-03-12,37.417,37.417,36.985,37.094,737584,0
1997-03-13,37.203,37.632,37.039,37.525,915343,0
1997-03-14,37.31,37.417,37.094,37.31,518275,0
1997-03-17,37.31,37.31,36.661,36.879,459725,0
1997-03-18,36.444,36.769,36.111,36.444,1243194,0
1997-03-19,36.444,36.552,36.004,36.111,1233084,0
1997-03-20,36.221,36.221,35.142,35.463,931895,0
1997-03-21,35.463,35.896,35.354,35.463,1099655,0
1997-03-24,34.816,35.033,34.708,34.925,1273634,0
1997-03-25,34.708,34.816,34.598,34.598,864013,0
1997-03-26,34.489,36.111,34.276,35.896,1696144,0
1997-03-27,35.354,35.354,33.944,34.384,1456616,0
1997-03-31,34.161,34.161,33.455,33.619,1043325,0
1997-04-01,33.726,33.944,33.619,33.726,691479,0
1997-04-02,33.619,34.384,33.619,34.161,1016331,0
1997-04-03,33.619,34.054,33.619,33.726,626705,0
1997-04-04,33.726,33.726,33.51,33.619,740360,0
1997-04-07,33.619,33.836,33.185,33.294,620043,0
1997-04-08,33.185,33.836,33.185,33.619,641709,0
1997-04-09,33.51,33.836,33.185,33.185,494276,0
1997-04-10,33.294,34.384,33.294,34.054,1034662,0
1997-04-11,33.944,34.161,32.864,32.864,817131,0
1997-04-14,32.971,33.08,32.322,32.646,698366,0
1997-04-15,31.774,32.106,30.91,31.557,1835128,0
1997-04-16,31.126,32.214,31.019,32.214,1168536,0
1997-04-17,32.106,32.864,31.774,32.106,1251194,0
1997-04-18,32.106,32.106,31.234,31.234,926340,0
1997-04-21,31.447,31.557,30.477,30.477,1155092,0
1997-04-22,30.261,30.261,29.496,29.83,1004554,0
1997-04-23,29.937,30.153,29.388,29.712,757027,0
1997-04-24,29.83,29.937,29.172,29.28,1040993,0
1997-04-25,29.83,29.937,29.28,29.605,818461,0
1997-04-28,29.388,29.496,29.064,29.388,876232,0
1997-04-29,29.496,30.153,29.496,29.937,904676,0
1997-04-30,30.261,30.261,29.937,30.045,1018886,0
1997-05-01,30.045,31.019,29.937,30.91,1462169,0
1997-05-02,30.91,31.447,30.91,31.447,927675,0
1997-05-05,31.882,31.99,31.557,31.664,1226976,0
1997-05-06,31.664,31.664,31.019,31.234,1604599,0
1997-05-07,31.557,33.294,31.343,33.185,1692257,0
1997-05-08,34.276,34.276,33.401,33.726,1800908,0
1997-05-09,33.836,34.276,33.401,34.161,1192868,0
1997-05-12,34.276,34.598,33.401,33.51,1033216,0
1997-05-13,33.51,33.619,32.646,32.864,1174980,0
1997-05-14,32.755,32.971,31.99,32.106,837019,0
1997-05-15,32.214,33.08,31.882,33.08,856569,0
1997-05-16,32.431,32.646,31.99,32.214,1066324,0
1997-05-19,31.774,33.08,31.557,32.755,1116098,0
1997-05-20,33.08,33.185,32.431,32.864,849346,0
1997-05-21,32.646,33.08,32.539,32.755,702032,0
1997-05-22,32.755,33.08,32.539,32.755,493835,0
1997-05-23,32.971,33.401,32.971,33.185,514498,0
1997-05-27,33.294,33.836,33.294,33.836,818686,0
1997-05-28,33.619,33.944,33.294,33.619,547162,0
1997-05-29,33.726,34.489,33.294,34.489,958337,0
1997-05-30,34.161,34.384,33.836,33.944,712698,0
1997-06-02,33.944,34.054,33.401,33.51,534607,0
1997-06-03,33.177,33.294,32.637,32.745,690036,0
1997-06-04,32.205,32.531,31.764,31.981,661925,0
1997-06-05,32.097,32.962,32.097,32.745,1078880,0
1997-06-06,32.962,33.071,32.531,32.637,1053103,0
1997-06-09,32.855,33.177,32.745,33.177,728807,0
1997-06-10,33.177,33.177,32.745,32.962,448283,0
1997-06-11,32.855,33.51,32.745,32.962,839462,0
1997-06-12,32.745,33.619,32.531,33.619,1218420,0
1997-06-13,33.619,34.267,33.619,34.054,781579,0
1997-06-16,34.161,34.267,33.726,33.726,707920,0
1997-06-17,33.619,33.836,33.401,33.726,830128,0
1997-06-18,33.726,33.836,33.401,33.51,960114,0
1997-06-19,33.836,33.944,33.51,33.836,931672,0
1997-06-20,33.51,33.619,32.962,33.071,1170090,0
1997-06-23,32.855,33.177,32.531,32.855,1057548,0
1997-06-24,32.422,32.691,32.26,32.584,655372,0
1997-06-25,32.691,33.836,32.691,33.671,1395400,0
1997-06-26,33.836,34.054,33.564,33.781,900895,0
1997-06-27,33.564,33.726,33.349,33.726,1180865,0
1997-06-30,33.726,33.999,33.401,33.944,712475,0
1997-07-01,34.161,35.033,34.161,34.48,1163205,0
1997-07-02,34.267,34.267,33.51,33.671,330851,0
1997-07-03,33.671,33.889,32.908,32.962,564936,0
1997-07-07,31.117,31.548,30.676,30.847,3146761,0
1997-07-08,31.009,32.043,30.901,31.385,2470165,0
1997-07-09,31.279,31.493,30.955,31.439,1518383,0
1997-07-10,31.872,33.017,31.872,32.637,1111430,0
1997-07-11,32.584,33.401,32.477,33.071,793575,0
1997-07-14,32.745,33.017,32.26,32.313,557936,0
1997-07-15,31.872,32.313,31.385,31.493,740028,0
1997-07-16,31.603,31.981,31.334,31.71,743028,0
1997-07-17,31.71,32.745,31.225,32.745,2921782,0
1997-07-18,32.745,33.726,32.422,33.51,1450502,0
1997-07-21,33.23,33.23,32.855,32.855,976557,0
1997-07-22,33.23,33.889,33.23,33.564,909232,0
1997-07-23,33.294,33.619,33.017,33.23,1047549,0
1997-07-24,33.177,34.107,32.908,33.781,1246974,0
1997-07-25,33.564,34.161,33.564,33.999,1007775,0
1997-07-28,34.107,34.871,34.107,34.589,741807,0
1997-07-29,34.428,34.589,34.107,34.534,785134,0
1997-07-30,34.752,35.691,34.752,35.627,955335,0
1997-07-31,35.627,36.444,35.354,36.014,833794,0
1997-08-01,36.014,36.175,35.691,36.068,511834,0
1997-08-04,35.851,35.959,35.799,35.851,478499,0
1997-08-05,35.518,35.518,34.925,35.142,766028,0
1997-08-06,34.925,36.175,34.816,36.12,732916,0
1997-08-07,36.12,36.67,36.12,36.23,612264,0
1997-08-08,36.616,38.191,36.497,37.65,1945559,0
1997-08-11,37.543,37.759,37.319,37.426,749583,0
1997-08-12,37.426,37.704,36.995,37.488,658037,0
1997-08-13,36.995,37.921,36.995,37.65,1059437,0
1997-08-14,37.212,37.212,36.23,36.389,976447,0
1997-08-15,36.336,36.995,36.23,36.888,874679,0
1997-08-18,36.616,36.616,36.068,36.561,559938,0
1997-08-19,36.67,36.94,36.336,36.336,374737,0
1997-08-20,36.12,36.67,36.068,36.444,460614,0
1997-08-21,36.67,37.103,36.67,36.995,647147,0
1997-08-22,36.995,37.65,36.995,37.426,677590,0
1997-08-25,37.212,37.426,36.995,37.157,316075,0
1997-08-26,37.319,37.543,37.048,37.345,515607,0
1997-08-27,36.995,37.103,36.561,36.616,546828,0
1997-08-28,36.724,37.265,36.724,37.048,659149,0
1997-08-29,37.103,37.265,36.888,36.94,249308,0
1997-09-02,36.833,37.157,36.561,37.048,517941,0
1997-09-03,37.048,37.103,36.724,36.724,642594,0
1997-09-04,36.778,37.319,36.778,37.319,479390,0
1997-09-05,37.103,37.103,36.561,36.833,471169,0
1997-09-08,36.724,36.778,35.959,36.014,485169,0
1997-09-09,35.799,35.904,35.573,35.573,517498,0
1997-09-10,35.409,35.904,35.3,35.409,635593,0
1997-09-11,35.409,35.744,34.925,35.087,743583,0
1997-09-12,34.816,35.195,34.816,35.033,473391,0
1997-09-15,34.816,35.087,34.752,34.978,459282,0
1997-09-16,34.816,34.925,34.48,34.589,514273,0
1997-09-17,34.589,35.033,34.48,34.48,426952,0
1997-09-18,34.589,35.087,34.589,34.871,741138,0
1997-09-19,34.871,35.409,34.816,34.978,1509834,0
1997-09-22,34.978,35.247,34.589,34.644,453615,0
1997-09-23,34.644,35.033,34.48,35.033,672590,0
1997-09-24,35.354,36.23,35.195,36.014,791134,0
1997-09-25,36.336,37.759,36.336,37.759,1451616,0
1997-09-26,37.543,37.868,37.048,37.543,856680,0
1997-09-29,37.868,38.902,37.65,38.847,1370290,0
1997-09-30,39.719,40.047,39.065,39.237,2217086,0
1997-10-01,39.505,39.828,38.524,38.793,1846348,0
1997-10-02,39.01,39.505,38.742,39.173,880016,0
1997-10-03,39.01,39.344,38.902,39.237,859347,0
1997-10-06,39.065,39.065,38.246,38.633,537271,0
1997-10-07,38.524,38.742,38.246,38.633,271970,0
1997-10-08,38.742,39.398,38.714,39.344,837239,0
1997-10-09,39.719,39.828,37.921,38.191,1791800,0
1997-10-10,38.633,39.01,38.029,38.847,875902,0
1997-10-13,38.847,38.955,38.524,38.847,534382,0
1997-10-14,38.633,38.793,38.47,38.578,306744,0
1997-10-15,38.362,38.47,37.976,37.976,382292,0
1997-10-16,37.976,38.138,37.596,37.65,524720,0
1997-10-17,37.212,37.426,36.497,36.724,850459,0
1997-10-20,36.724,36.724,36.283,36.283,338629,0
1997-10-21,36.23,37.372,36.068,37.372,654593,0
1997-10-22,37.372,38.416,36.995,38.416,675589,0
1997-10-23,39.065,39.291,38.955,39.237,2315850,0
1997-10-24,36.444,37.426,36.283,36.283,1711365,0
1997-10-27,36.175,36.23,30.226,30.226,2459726,0
1997-10-28,28.813,32.08,28.706,31.376,3282079,0
1997-10-29,31.376,31.376,30.171,30.721,985556,0
1997-10-30,30.558,32.736,30.505,31.647,2288414,0
1997-10-31,30.883,31.539,30.45,30.558,1181534,0
1997-11-03,30.991,31.153,30.558,30.667,1014000,0
1997-11-04,30.991,31.099,30.279,30.613,638814,0
1997-11-05,30.505,30.667,29.632,30.226,608711,0
1997-11-06,29.685,30.009,29.632,29.795,479058,0
1997-11-07,28.921,29.082,28.262,28.813,1106986,0
1997-11-10,28.813,29.352,27.714,27.995,1449838,0
1997-11-11,28.424,28.652,27.833,28.1,1361956,0
1997-11-12,27.833,27.995,26.462,27.012,1191311,0
1997-11-13,27.12,28.154,27.12,27.714,1293742,0
1997-11-14,27.175,27.229,26.409,27.12,2372068,0
1997-11-17,27.498,27.833,27.443,27.607,1019552,0
1997-11-18,27.778,28.1,27.335,27.335,1066879,0
1997-11-19,27.12,27.714,26.409,26.624,1113988,0
1997-11-20,26.462,27.498,25.861,27.498,1931783,0
1997-11-21,28.048,28.154,27.714,27.886,1092878,0
1997-11-24,27.833,27.995,27.066,27.066,1142317,0
1997-11-25,27.175,27.229,26.678,26.905,1006663,0
1997-11-26,26.733,26.841,25.97,26.356,1442397,0
1997-11-28,26.356,26.356,26.138,26.193,460950,0
1997-12-01,25.97,26.57,25.97,26.516,1376400,0
1997-12-02,26.65,26.868,26.275,26.76,1241527,0
1997-12-03,26.436,26.65,25.617,25.617,1667478,0
1997-12-04,25.346,25.346,24.141,24.25,2284078,0
1997-12-05,24.411,25.176,24.411,24.906,1289635,0
1997-12-08,24.906,24.906,24.357,24.411,1020109,0
1997-12-09,24.086,24.141,23.215,23.592,1623264,0
1997-12-10,24.031,24.582,24.031,24.357,2646256,0
1997-12-11,24.141,24.466,23.375,23.592,1241749,0
1997-12-12,23.763,24.086,23.321,23.979,1367067,0
1997-12-15,24.195,24.582,23.979,24.031,1560494,0
1997-12-16,24.141,24.466,23.979,24.031,1339070,0
1997-12-17,24.635,26.22,24.528,26.165,2416283,0
1997-12-18,26.165,26.489,25.176,25.176,1646593,0
1997-12-19,25.176,25.508,24.528,24.906,878570,0
1997-12-22,25.346,25.563,25.067,25.176,669702,0
1997-12-23,25.346,25.995,25.285,25.943,1183647,0
1997-12-24,25.995,26.328,25.833,26.165,937339,0
1997-12-26,25.943,25.995,25.779,25.833,255526,0
1997-12-29,25.779,25.779,24.958,25.012,925675,0
1997-12-30,25.012,26.165,24.466,26.101,1332297,0
1997-12-31,25.779,25.779,25.285,25.672,1161424,0
1998-01-02,25.508,26.383,25.508,26.22,513831,0
1998-01-05,26.101,26.165,24.635,24.958,1159093,0
1998-01-06,25.122,25.508,24.852,25.176,1007999,0
1998-01-07,25.012,25.012,24.195,24.798,1821242,0
1998-01-08,24.466,24.528,23.107,23.321,1414618,0
1998-01-09,23.107,23.107,21.682,22.124,1929117,0
1998-01-12,21.414,21.845,20.757,20.864,1175867,0
1998-01-13,21.134,22.177,21.134,22.06,2812463,0
1998-01-14,23.161,23.161,21.576,21.792,1606820,0
1998-01-15,21.845,22.826,21.629,22.717,1425619,0
1998-01-16,23.537,24.031,23.161,23.645,1854680,0
1998-01-20,22.717,23.321,22.559,23.161,1306185,0
1998-01-21,23.268,23.979,23.215,23.763,705922,0
1998-01-22,23.871,24.411,23.161,23.321,964444,0
1998-01-23,23.537,26.489,23.375,26.275,2932780,0
1998-01-26,26.436,26.489,24.528,24.958,2810133,0
1998-01-27,25.285,25.4,25.012,25.4,1549713,0
1998-01-28,24.906,25.779,24.906,25.672,1309075,0
1998-01-29,25.508,25.508,24.411,24.528,1173981,0
1998-01-30,24.743,25.012,24.582,24.906,911007,0
1998-02-02,24.906,24.958,23.699,24.466,1119208,0
1998-02-03,24.141,24.141,22.998,23.053,1183200,0
1998-02-04,23.699,24.635,23.645,24.25,1827683,0
1998-02-05,25.012,25.067,24.031,24.25,1552824,0
1998-02-06,24.466,24.958,24.411,24.689,1010775,0
1998-02-09,25.31,25.535,25.095,25.31,1677476,0
1998-02-10,25.374,25.427,24.6,24.661,774134,0
1998-02-11,24.546,24.546,24.169,24.278,694033,0
1998-02-12,24.493,24.933,24.278,24.933,830685,0
1998-02-13,24.879,25.427,24.716,25.258,796800,0
1998-02-17,25.427,25.427,24.114,24.114,722808,0
1998-02-18,24.223,24.438,23.781,24.059,572048,0
1998-02-19,24.004,24.169,23.672,23.834,787244,0
1998-02-20,23.619,23.726,23.402,23.564,1025661,0
1998-02-23,23.189,23.726,23.125,23.619,1014440,0
1998-02-24,23.402,23.564,23.125,23.294,839571,0
1998-02-25,23.509,23.781,23.402,23.672,436729,0
1998-02-26,23.619,25.149,23.619,25.095,1166425,0
1998-02-27,25.31,25.59,25.149,25.374,1344515,0
1998-03-02,25.48,25.48,25.04,25.149,625819,0
1998-03-03,24.77,24.986,24.278,24.661,675699,0
1998-03-04,24.661,25.204,24.385,24.438,565383,0
1998-03-05,24.331,24.385,23.619,23.726,823796,0
1998-03-06,23.951,24.278,23.898,24.278,944895,0
1998-03-09,24.278,25.149,24.114,25.095,713698,0
1998-03-10,25.095,25.374,24.879,25.204,666148,0
1998-03-11,24.77,24.879,24.385,24.385,532609,0
1998-03-12,24.169,24.661,24.059,24.438,578601,0
1998-03-13,24.438,24.986,24.385,24.438,618595,0
1998-03-16,24.546,24.661,24.114,24.331,366178,0
1998-03-17,24.114,24.278,23.619,23.619,649151,0
1998-03-18,23.348,23.619,23.242,23.619,974118,0
1998-03-19,23.619,24.114,23.509,23.781,819573,0
1998-03-20,23.834,23.898,23.189,23.189,1043104,0
1998-03-23,23.726,25.31,23.619,25.258,1743471,0
1998-03-24,25.374,25.535,24.716,24.986,1505054,0
1998-03-25,25.258,25.59,25.04,25.04,1673921,0
1998-03-26,25.31,27.066,25.204,27.012,4898783,0
1998-03-27,26.733,27.668,26.356,27.229,4687472,0
1998-03-30,27.443,27.668,26.678,26.788,1511162,0
1998-03-31,26.248,26.905,26.193,26.733,1405508,0
1998-04-01,26.788,26.788,26.248,26.248,854570,0
1998-04-02,26.624,27.281,26.57,26.57,1267749,0
1998-04-03,27.12,28.759,27.12,28.759,2730140,0
1998-04-06,29.74,29.74,28.759,28.921,3487388,0
1998-04-07,29.036,29.091,27.886,27.94,1902453,0
1998-04-08,27.94,29.253,27.723,28.973,1892232,0
1998-04-09,28.706,28.813,28.208,28.433,1096432,0
1998-04-13,28.813,28.867,27.995,28.262,1058215,0
1998-04-14,28.1,28.652,27.94,27.94,1062882,0
1998-04-15,27.995,28.378,27.778,28.1,769915,0
1998-04-16,27.94,28.921,27.833,28.378,1035216,0
1998-04-17,28.488,28.543,27.668,27.778,770135,0
1998-04-20,27.778,28.208,27.175,27.443,1442170,0
1998-04-21,27.389,29.361,27.281,29.199,1808021,0
1998-04-22,29.578,30.514,29.036,30.288,2311741,0
1998-04-23,30.395,30.514,29.524,29.965,1140429,0
1998-04-24,29.74,29.858,28.973,29.145,560494,0
1998-04-27,28.1,28.813,27.335,27.723,995000,0
1998-04-28,27.668,27.995,27.389,27.995,1267968,0
1998-04-29,28.154,29.091,27.886,28.759,1192644,0
1998-04-30,29.307,29.307,27.443,28.154,1351071,0
1998-05-01,27.995,28.048,26.624,27.12,1319739,0
1998-05-04,27.443,27.498,26.678,27.229,1292854,0
1998-05-05,27.281,27.778,26.788,27.389,1275079,0
1998-05-06,27.012,27.389,26.462,27.12,1037550,0
1998-05-07,26.678,26.788,26.022,26.248,1271969,0
1998-05-08,26.356,27.066,26.248,26.516,903455,0
1998-05-11,26.356,27.229,26.301,26.678,946337,0
1998-05-12,26.57,26.624,25.59,25.753,1461726,0
1998-05-13,25.374,26.076,25.374,25.644,1400953,0
1998-05-14,25.48,26.138,25.149,26.076,1120873,0
1998-05-15,26.678,26.788,26.193,26.193,1071990,0
1998-05-18,25.97,26.076,24.986,25.04,735696,0
1998-05-19,25.095,25.204,24.331,24.546,977888,0
1998-05-20,25.149,25.204,24.278,24.331,1022106,0
1998-05-21,24.493,24.77,23.898,24.278,878460,0
1998-05-22,24.278,24.331,23.672,24.004,759358,0
1998-05-26,23.951,23.951,22.908,23.07,1109096,0
1998-05-27,22.532,22.532,21.872,22.142,2293410,0
1998-05-28,22.196,22.962,22.087,22.359,2145426,0
1998-05-29,22.585,22.585,21.818,21.818,1211753,0
1998-06-01,21.646,21.646,20.667,20.882,1069323,0
1998-06-02,20.998,21.764,20.998,21.487,1293297,0
1998-06-03,21.872,21.925,21.379,21.542,1073434,0
1998-06-04,21.432,21.818,21.216,21.325,757582,0
1998-06-05,21.432,21.71,20.936,21.71,762139,0
1998-06-08,21.979,22.853,21.979,22.853,1608708,0
1998-06-09,22.826,23.268,21.952,22.06,1851569,0
1998-06-10,22.114,22.223,21.728,21.728,572048,0
1998-06-11,21.514,21.514,19.758,20.037,2657146,0
1998-06-12,20.252,20.413,19.154,19.877,1921673,0
1998-06-15,19.432,19.703,19.045,19.154,1229082,0
1998-06-16,19.38,20.198,19.38,20.144,1660146,0
1998-06-17,20.91,20.91,20.089,20.252,1697252,0
1998-06-18,19.983,20.089,19.486,20.089,778913,0
1998-06-19,20.468,20.91,20.306,20.413,1753804,0
1998-06-22,20.089,20.252,19.594,19.703,695587,0
1998-06-23,19.703,20.144,19.541,20.144,785352,0
1998-06-24,20.037,20.037,19.486,19.486,521607,0
1998-06-25,19.648,20.089,19.648,19.929,1394844,0
1998-06-26,19.929,20.089,19.486,19.648,1014000,0
1998-06-29,19.758,19.929,19.38,19.432,661925,0
1998-06-30,19.929,20.748,19.703,20.694,1857571,0
1998-07-01,20.468,20.694,19.983,20.144,1078323,0
1998-07-02,19.486,20.037,19.486,19.983,775913,0
1998-07-06,19.758,19.983,19.703,19.758,1118541,0
1998-07-07,20.037,20.53,19.758,20.144,2125428,0
1998-07-08,19.813,19.877,19.541,19.648,1027217,0
1998-07-09,19.541,19.541,19.045,19.326,1409508,0
1998-07-10,19.154,19.326,18.777,18.938,1260636,0
1998-07-13,18.938,19.326,18.885,18.991,1869456,0
1998-07-14,19.432,19.486,19.154,19.271,881570,0
1998-07-15,19.218,19.271,18.938,19.218,1095765,0
1998-07-16,19.271,19.929,19.271,19.877,1278190,0
1998-07-17,19.877,20.413,19.594,20.413,1287745,0
1998-07-20,20.144,20.36,19.983,20.198,933674,0
1998-07-21,20.037,20.413,19.929,19.929,550494,0
1998-07-22,19.983,20.468,19.983,20.36,862905,0
1998-07-23,20.198,20.306,19.154,19.271,1343292,0
1998-07-24,19.486,19.594,18.389,18.506,1384843,0
1998-07-27,18.201,18.309,17.76,17.921,1259858,0
1998-07-28,17.984,18.469,17.705,18.039,1653146,0
1998-07-29,17.921,18.092,17.543,17.597,1531050,0
1998-07-30,17.543,17.705,17.264,17.597,1065547,0
1998-07-31,17.705,17.76,16.284,16.551,2064879,0
1998-08-03,16.661,16.661,15.572,15.679,1740474,0
1998-08-04,16.004,16.833,15.788,16.391,2646815,0
1998-08-05,16.606,16.661,15.949,16.113,1015888,0
1998-08-06,16.175,16.23,15.895,16.175,718806,0
1998-08-07,16.004,16.23,16.004,16.059,666703,0
1998-08-10,16.059,16.059,15.625,15.734,984335,0
1998-08-11,15.185,15.347,14.85,15.023,780246,0
1998-08-12,15.347,15.508,14.421,14.528,852015,0
1998-08-13,14.636,15.292,14.636,14.906,1775913,0
1998-08-14,14.797,14.85,14.636,14.797,761693,0
1998-08-17,15.023,15.455,14.797,14.969,918452,0
1998-08-18,14.906,15.076,14.797,14.906,628042,0
1998-08-19,15.292,15.734,15.076,15.508,1182535,0
1998-08-20,15.949,16.113,15.625,15.949,1843462,0
1998-08-21,15.455,15.734,15.076,15.238,961893,0
1998-08-24,15.076,15.347,14.797,14.906,1019330,0
1998-08-25,14.85,14.85,14.636,14.797,819573,0
1998-08-26,14.744,14.797,14.031,14.031,1327409,0
1998-08-27,13.159,13.592,12.168,12.934,3038105,0
1998-08-28,12.934,13.537,12.501,12.665,2338517,0
1998-08-31,12.934,13.107,11.622,12.007,1475612,0
1998-09-01,12.611,13.107,12.222,12.556,1276413,0
1998-09-02,12.665,13.159,12.44,12.72,1137980,0
1998-09-03,12.501,15.625,12.113,15.131,3802906,0
1998-09-04,15.238,17.813,15.185,17.543,5868231,0
1998-09-08,17.597,17.866,15.679,16.661,2197310,0
1998-09-09,15.895,16.113,15.508,15.788,2214532,0
1998-09-10,16.994,18.469,16.994,18.362,3831682,0
1998-09-11,19.244,19.514,17.76,18.039,4566489,0
1998-09-14,17.813,17.813,16.886,17.318,1597380,0
1998-09-15,17.597,17.813,16.994,16.994,1783467,0
1998-09-16,16.994,16.994,16.498,16.551,1127540,0
1998-09-17,17.102,18.309,17.102,18.256,2529830,0
1998-09-18,18.092,18.696,17.597,18.362,1928448,0
1998-09-21,19.127,19.298,17.264,17.264,1515719,0
1998-09-22,16.886,17.488,16.778,16.886,1574043,0
1998-09-23,17.048,18.146,16.661,18.092,1462945,0
1998-09-24,18.309,20.776,18.309,20.505,3736249,0
1998-09-25,21.872,22.142,19.956,20.061,4207086,0
1998-09-28,19.298,21.764,19.298,21.71,2892677,0
1998-09-29,21.764,21.925,20.116,20.776,1877678,0
1998-09-30,19.956,21.71,19.514,21.27,2064772,0
1998-10-01,22.368,23.134,21.71,23.134,6167085,0
1998-10-02,23.134,25.213,22.798,25.104,6374285,0
1998-10-05,24.232,24.779,23.898,23.898,4597264,0
1998-10-06,23.025,24.942,22.638,24.61,3432723,0
1998-10-07,24.779,26.365,24.339,26.365,4062767,0
1998-10-08,26.533,26.588,25.383,25.708,3761241,0
1998-10-09,25.049,25.653,22.087,22.477,3416949,0
1998-10-12,21.487,22.69,19.956,21.216,5013214,0
1998-10-13,20.72,21.107,20.061,20.116,2534715,0
1998-10-14,19.731,19.903,18.858,19.127,2272747,0
1998-10-15,20.01,20.882,19.298,20.612,3194194,0
1998-10-16,20.505,20.936,19.622,20.72,4322739,0
1998-10-19,20.388,20.388,19.018,19.407,1640149,0
1998-10-20,19.19,20.01,18.858,20.01,2113984,0
1998-10-21,20.28,20.334,19.622,19.676,1694255,0
1998-10-22,18.911,19.568,18.75,18.964,1544048,0
1998-10-23,18.911,19.46,18.641,19.018,1056551,0
1998-10-26,18.696,18.696,17.76,18.092,2405173,0
1998-10-27,18.858,20.28,18.309,20.171,3145203,0
1998-10-28,20.061,20.061,18.586,19.622,2437393,0
1998-10-29,19.622,20.061,18.641,18.804,2615371,0
1998-10-30,18.416,18.696,17.984,18.641,2055655,0
1998-11-02,18.964,19.19,18.586,18.858,1097321,0
1998-11-03,18.75,19.298,18.092,18.201,1931227,0
1998-11-04,18.586,20.171,18.523,20.171,2574602,0
1998-11-05,19.956,21.818,19.568,21.107,3232416,0
1998-11-06,20.776,21.27,19.794,19.956,1620373,0
1998-11-09,19.956,20.171,19.298,19.568,929228,0
1998-11-10,19.568,20.388,19.353,19.514,1436395,0
1998-11-11,19.794,20.171,19.298,19.353,1018996,0
1998-11-12,19.731,21.216,19.676,20.936,2569711,0
1998-11-13,21.053,21.107,19.85,19.903,1455506,0
1998-11-16,19.794,20.061,18.75,18.75,1250194,0
1998-11-17,18.201,19.85,18.201,19.072,1428283,0
1998-11-18,19.85,20.505,19.85,19.85,1996000,0
1998-11-19,19.903,20.01,18.964,19.46,1611596,0
1998-11-20,19.794,19.956,19.244,19.244,1148981,0
1998-11-23,19.568,19.568,18.75,19.298,1633151,0
1998-11-24,19.353,19.85,18.911,18.911,1783357,0
1998-11-25,18.696,19.127,18.309,18.696,1183311,0
1998-11-27,18.75,18.804,18.416,18.523,376626,0
1998-11-30,18.362,18.441,16.994,17.433,2197532,0
1998-12-01,17.651,18.362,17.318,17.488,1424286,0
1998-12-02,17.705,17.921,17.102,17.381,876232,0
1998-12-03,17.157,17.264,15.84,16.004,2021774,0
1998-12-04,15.895,16.113,15.238,15.572,2894454,0
1998-12-07,16.661,16.833,16.004,16.661,1868566,0
1998-12-08,16.471,16.524,15.589,15.977,1163316,0
1998-12-09,16.194,16.257,15.697,15.815,760027,0
1998-12-10,15.815,17.185,15.815,17.185,2072991,0
1998-12-11,16.257,16.419,15.867,15.922,1842792,0
1998-12-14,15.977,16.742,15.76,16.032,1560936,0
1998-12-15,16.087,16.524,16.032,16.14,997220,0
1998-12-16,16.471,17.46,16.419,17.345,1600820,0
1998-12-17,16.364,16.805,16.364,16.471,1550160,0
1998-12-18,16.419,16.687,15.642,15.642,1480275,0
1998-12-21,15.535,15.589,14.717,15.04,1733252,0
1998-12-22,15.04,15.04,14.492,14.717,942560,0
1998-12-23,14.439,15.482,14.276,15.375,1299299,0
1998-12-24,15.482,15.535,15.04,15.375,393732,0
1998-12-28,15.212,15.265,14.492,14.717,1274857,0
1998-12-29,14.933,16.14,14.933,15.76,1939117,0
1998-12-30,15.76,16.257,15.429,15.535,1356962,0
1998-12-31,15.535,16.194,15.212,16.032,1231639,0
1999-01-04,15.867,15.867,15.375,15.697,995555,0
1999-01-05,15.429,16.31,15.265,16.194,1243305,0
1999-01-06,16.633,17.13,16.257,17.13,1476391,0
1999-01-07,17.408,18.229,17.185,18.12,2066878,0
1999-01-08,18.012,18.012,17.408,17.785,2101430,0
1999-01-11,17.732,18.668,17.515,18.066,2573933,0
1999-01-12,17.13,17.46,17.13,17.408,1907344,0
1999-01-13,16.687,17.185,16.687,17.021,894455,0
1999-01-14,17.021,17.678,16.742,17.021,1204754,0
1999-01-15,16.687,17.185,16.687,16.967,944007,0
1999-01-19,16.913,17.021,16.364,16.471,1035886,0
1999-01-20,16.31,16.687,15.977,16.687,1084103,0
1999-01-21,16.858,17.13,16.257,16.524,1163316,0
1999-01-22,16.14,16.471,16.14,16.31,808800,0
1999-01-25,16.524,16.967,16.31,16.364,2164869,0
1999-01-26,16.31,16.364,15.589,15.76,1447393,0
1999-01-27,15.482,15.482,15.095,15.095,1462502,0
1999-01-28,15.319,15.697,15.212,15.212,1076434,0
1999-01-29,15.212,15.76,15.212,15.535,1107320,0
1999-02-01,15.815,16.257,15.482,16.194,1314185,0
1999-02-02,16.194,16.633,15.931,16.31,1456283,0
1999-02-03,15.977,16.032,15.642,15.76,836352,0
1999-02-04,16.087,17.291,15.815,17.021,1959225,0
1999-02-05,17.13,17.46,16.633,16.967,1406064,0
1999-02-08,17.021,17.624,16.742,17.408,1600598,0
1999-02-09,16.967,16.967,16.257,16.257,778579,0
1999-02-10,16.419,16.687,16.31,16.578,913898,0
1999-02-11,16.578,16.742,15.867,15.977,1026554,0
1999-02-12,16.805,17.13,16.471,17.075,1106544,0
1999-02-16,16.31,16.471,15.977,16.032,1351295,0
1999-02-17,16.14,16.14,15.482,15.589,1147650,0
1999-02-18,15.642,15.977,15.159,15.589,1842792,0
1999-02-19,15.589,15.815,15.265,15.535,1319519,0
1999-02-22,15.535,15.589,15.375,15.482,620372,0
1999-02-23,15.535,15.642,15.375,15.482,634485,0
1999-02-24,15.429,16.032,15.375,15.589,1308407,0
1999-02-25,15.482,15.642,15.212,15.589,1346848,0
1999-02-26,15.589,15.589,14.823,15.159,1225197,0
1999-03-01,15.177,15.292,14.906,15.238,607041,0
1999-03-02,15.455,16.167,15.402,15.402,1999775,0
1999-03-03,15.67,15.895,15.455,15.895,1241196,0
1999-03-04,16.113,16.337,15.84,16.23,1217305,0
1999-03-05,15.895,16.23,15.734,15.949,1005442,0
1999-03-08,16.284,17.157,16.23,17.157,2089987,0
1999-03-09,17.651,17.768,16.724,16.724,2594708,0
1999-03-10,16.778,17.272,16.724,17.157,1003664,0
1999-03-11,17.381,17.984,17.272,17.327,2190308,0
1999-03-12,17.102,17.102,16.391,16.391,1376957,0
1999-03-15,16.445,16.445,15.616,15.67,1440062,0
1999-03-16,15.616,16.113,15.292,16.113,1303187,0
1999-03-17,16.284,16.337,15.788,16.113,1080656,0
1999-03-18,16.059,16.167,15.508,15.563,1456948,0
1999-03-19,15.734,15.895,15.508,15.67,1472834,0
1999-03-22,15.788,16.059,15.67,15.67,734584,0
1999-03-23,15.734,15.895,15.455,15.508,1273634,0
1999-03-24,15.563,16.059,15.455,16.059,918340,0
1999-03-25,16.059,16.059,15.616,16.004,970892,0
1999-03-26,15.455,15.563,15.177,15.455,1534829,0
1999-03-29,15.508,15.616,14.85,15.013,2158311,0
1999-03-30,14.797,14.906,14.627,14.627,1049881,0
1999-03-31,14.797,15.67,14.797,15.402,1611596,0
1999-04-01,15.402,15.67,15.122,15.122,858570,0
1999-04-05,15.013,15.013,14.682,14.744,688363,0
1999-04-06,14.682,15.292,14.682,15.013,1104321,0
1999-04-07,15.177,15.347,14.797,14.797,654926,0
1999-04-08,14.96,15.177,14.627,14.744,786357,0
1999-04-09,14.682,15.67,14.682,15.67,1602151,0
1999-04-12,16.059,16.606,15.949,16.498,2238751,0
1999-04-13,16.498,16.833,16.337,16.445,1541828,0
1999-04-14,16.284,16.551,15.734,15.788,1863681,0
1999-04-15,16.167,17.381,15.931,17.157,2192086,0
1999-04-16,17.543,18.696,17.488,18.696,4395620,0
1999-04-19,18.696,19.523,18.146,19.415,2964556,0
1999-04-20,19.523,19.523,18.371,18.974,2210865,0
1999-04-21,18.641,18.759,17.93,18.317,1872122,0
1999-04-22,17.93,18.867,17.488,18.867,2013775,0
1999-04-23,18.867,19.136,18.371,18.759,1138321,0
1999-04-26,18.424,18.424,17.543,17.768,1035547,0
1999-04-27,18.146,19.362,17.822,19.362,1949782,0
1999-04-28,19.685,20.513,19.468,20.459,2866567,0
1999-04-29,20.243,21.343,19.63,21.007,2931895,0
1999-04-30,20.901,21.288,20.739,21.17,1975443,0
1999-05-03,20.846,21.612,20.405,21.612,1591933,0
1999-05-04,21.115,21.343,20.792,21.007,1485387,0
1999-05-05,21.007,22.603,20.846,22.603,2798576,0
1999-05-06,23.268,23.268,22.717,22.936,3276082,0
1999-05-07,20.243,20.621,18.974,20.019,6899448,0
1999-05-10,19.026,19.19,17.93,17.984,4112982,0
1999-05-11,18.265,18.532,17.768,18.371,3097542,0
1999-05-12,17.93,18.478,17.875,17.875,2104431,0
1999-05-13,17.984,18.317,17.93,18.317,1815575,0
1999-05-14,18.317,19.415,18.265,18.586,2689364,0
1999-05-17,18.696,18.759,17.488,17.597,1730031,0
1999-05-18,17.714,17.768,16.661,17.102,1791577,0
1999-05-19,16.284,17.433,16.004,17.381,3090544,0
1999-05-20,17.433,17.433,16.551,16.606,1624708,0
1999-05-21,16.113,16.724,16.113,16.551,1119541,0
1999-05-24,16.606,17.272,16.391,16.498,1002000,0
1999-05-25,16.498,16.606,15.84,15.84,1375624,0
1999-05-26,15.895,16.059,15.508,15.788,1892232,0
1999-05-27,16.004,16.391,15.616,16.23,1841349,0
1999-05-28,15.977,15.977,15.31,15.697,2049772,0
1999-06-01,14.762,15.535,14.709,15.429,2336960,0
1999-06-02,15.482,15.867,15.203,15.589,1544604,0
1999-06-03,15.751,16.249,15.535,16.032,1792685,0
1999-06-04,16.471,16.471,15.867,16.194,1360962,0
1999-06-07,16.31,16.471,15.922,15.977,625484,0
1999-06-08,15.751,15.922,15.589,15.815,1109542,0
1999-06-09,15.751,15.977,15.203,15.482,1265749,0
1999-06-10,15.482,16.14,15.429,16.087,1893344,0
1999-06-11,16.087,16.751,15.922,16.633,1866126,0
1999-06-14,16.524,17.021,16.419,16.471,2024104,0
1999-06-15,16.31,16.445,15.922,16.087,750251,0
1999-06-16,15.977,16.032,15.642,15.867,1150756,0
1999-06-17,16.032,16.14,15.697,15.977,896231,0
1999-06-18,15.977,16.14,15.867,15.922,1274411,0
1999-06-21,15.977,15.977,15.482,15.482,963894,0
1999-06-22,15.429,15.589,15.256,15.31,1355182,0
1999-06-23,15.256,16.194,15.256,16.194,1536605,0
1999-06-24,16.31,16.633,16.249,16.31,1853458,0
1999-06-25,16.31,16.751,16.194,16.633,1227528,0
1999-06-28,16.858,17.075,16.524,16.805,946115,0
1999-06-29,16.805,17.075,16.419,16.858,740474,0
1999-06-30,16.913,17.57,16.751,17.515,2083321,0
1999-07-01,17.515,17.624,16.967,17.13,893787,0
1999-07-02,17.13,17.354,16.967,17.3,523384,0
1999-07-06,16.751,16.751,15.751,15.815,2133651,0
1999-07-07,15.867,16.31,15.482,15.697,1931673,0
1999-07-08,15.815,15.977,15.203,15.31,1469057,0
1999-07-09,15.642,15.977,15.535,15.977,1282190,0
1999-07-12,15.815,15.922,15.535,15.589,663368,0
1999-07-13,15.429,15.815,15.375,15.697,913675,0
1999-07-14,15.535,15.535,15.203,15.375,1159535,0
1999-07-15,15.256,15.31,14.933,14.933,2079210,0
1999-07-16,15.15,15.31,14.814,14.933,1564046,0
1999-07-19,14.933,14.933,14.43,14.492,1231753,0
1999-07-20,14.814,15.203,14.599,15.04,1858903,0
1999-07-21,15.256,16.14,15.15,16.087,1948782,0
1999-07-22,16.032,16.249,15.429,16.032,1906897,0
1999-07-23,16.032,16.087,15.867,15.922,1214196,0
1999-07-26,15.751,15.867,15.535,15.697,462949,0
1999-07-27,16.087,16.14,15.815,15.922,1085546,0
1999-07-28,15.815,16.14,15.751,16.087,932560,0
1999-07-29,16.032,17.194,15.977,17.075,3776355,0
1999-07-30,16.858,16.967,16.194,16.31,1805908,0
1999-08-02,16.087,16.194,15.697,16.14,976115,0
1999-08-03,16.194,16.913,16.194,16.913,1934004,0
1999-08-04,16.967,17.57,16.913,17.515,2114654,0
1999-08-05,17.46,17.515,17.021,17.46,1770023,0
1999-08-06,17.194,17.247,16.524,16.805,1401620,0
1999-08-09,16.913,18.451,16.913,18.399,2027995,0
1999-08-10,18.012,18.399,17.741,17.794,1435840,0
1999-08-11,18.183,18.947,17.849,18.731,2588710,0
1999-08-12,19.063,19.388,18.183,18.399,2161200,0
1999-08-13,18.344,18.451,17.741,18.344,1090657,0
1999-08-16,17.624,17.957,17.354,17.57,1394287,0
1999-08-17,17.354,18.238,17.354,18.066,2694476,0
1999-08-18,18.012,18.344,17.021,17.021,1761689,0
1999-08-19,16.967,18.183,16.805,17.849,1862459,0
1999-08-20,17.624,18.292,17.57,17.849,1535386,0
1999-08-23,17.515,18.012,17.46,18.012,1725585,0
1999-08-24,17.687,17.957,17.194,17.194,1309186,0
1999-08-25,17.021,17.57,16.967,16.967,1653370,0
1999-08-26,17.194,17.687,17.021,17.515,1140868,0
1999-08-27,17.957,18.066,17.408,17.46,818686,0
1999-08-30,17.714,17.714,17.381,17.381,896342,0
1999-08-31,17.768,18.21,17.543,18.039,1343184,0
1999-09-01,17.822,17.93,17.597,17.875,948115,0
1999-09-02,17.875,18.541,17.822,18.092,1163755,0
1999-09-03,17.714,17.93,17.488,17.543,1125317,0
1999-09-07,17.768,18.371,17.768,18.092,1931448,0
1999-09-08,17.984,18.424,17.902,17.93,1303966,0
1999-09-09,18.371,18.65,18.092,18.541,1258637,0
1999-09-10,18.155,18.265,17.93,18.21,851236,0
1999-09-13,18.092,18.155,17.381,17.543,1622931,0
1999-09-14,17.327,17.984,17.327,17.714,872345,0
1999-09-15,17.651,17.768,17.272,17.327,775799,0
1999-09-16,17.327,17.597,17.102,17.488,736807,0
1999-09-17,17.272,17.327,16.94,17.211,939562,0
1999-09-20,17.327,17.875,17.272,17.543,815794,0
1999-09-21,18.541,19.253,18.371,19.253,3059098,0
1999-09-22,19.868,20.029,18.813,18.813,3732027,0
1999-09-23,18.867,19.585,18.813,19.035,1795242,0
1999-09-24,19.423,20.36,19.362,20.252,3341736,0
1999-09-27,22.726,24.661,22.513,24.556,10129974,0
1999-09-28,26.481,26.481,23.726,23.834,11215405,0
1999-09-29,23.672,23.726,22.567,22.78,4685587,0
1999-09-30,22.954,23.234,22.621,22.844,3530493,0
1999-10-01,23.726,23.995,22.844,23.445,2680918,0
1999-10-04,23.781,26.266,23.726,26.266,2920560,0
1999-10-05,26.211,26.533,25.49,25.49,5344399,0
1999-10-06,24.716,24.995,23.234,23.834,4071544,0
1999-10-07,23.61,23.943,23.061,23.5,1674701,0
1999-10-08,23.445,24.385,21.845,22.177,2541602,0
1999-10-11,22.015,23.834,21.899,23.834,1622931,0
1999-10-12,23.834,24.169,22.513,22.621,2125318,0
1999-10-13,23.285,23.943,23.17,23.781,1943673,0
1999-10-14,23.889,23.995,22.844,22.954,1941895,0
1999-10-15,23.726,23.889,22.567,23.061,1495942,0
1999-10-18,22.726,22.899,22.288,22.404,800467,0
1999-10-19,22.069,22.069,21.297,21.297,1714361,0
1999-10-20,21.629,21.899,20.962,21.352,766581,0
1999-10-21,21.352,22.404,20.748,22.404,1368069,0
1999-10-22,21.629,22.069,21.629,21.899,1004777,0
1999-10-25,21.792,22.621,21.352,21.682,1469949,0
1999-10-26,21.189,21.297,19.532,19.749,2948225,0
1999-10-27,20.306,20.36,19.804,19.92,3003443,0
1999-10-28,20.468,20.468,19.145,19.362,3221192,0
1999-10-29,19.532,19.694,19.035,19.362,2305962,0
1999-11-01,18.705,18.921,18.092,18.21,1935671,0
1999-11-02,18.317,19.035,18.21,19.035,1723920,0
1999-11-03,19.253,19.253,18.705,18.983,1015552,0
1999-11-04,18.983,18.983,18.478,18.867,1668924,0
1999-11-05,18.65,18.759,18.155,18.155,1181866,0
1999-11-08,18.092,18.813,17.984,18.813,2262078,0
1999-11-09,18.759,19.639,18.541,19.091,2908671,0
1999-11-10,19.253,20.521,19.199,20.306,3014549,0
1999-11-11,20.188,20.188,19.362,19.639,1624484,0
1999-11-12,19.423,19.92,18.595,19.362,1264522,0
1999-11-15,19.423,20.521,19.362,20.306,1496056,0
1999-11-17,20.08,20.468,19.199,19.362,1494055,0
1999-11-18,19.253,19.749,19.253,19.423,514610,0
1999-11-19,19.362,19.749,18.983,19.253,1057548,0
1999-11-22,19.199,19.585,18.759,18.759,1211199,0
1999-11-23,19.253,20.575,19.145,20.575,1973112,0
1999-11-24,20.91,22.069,20.63,22.015,2677588,0
1999-11-26,21.899,22.177,21.459,22.015,1076324,0
1999-11-29,20.325,20.882,19.666,20.827,2921008,0
1999-11-30,20.766,20.936,20.549,20.936,1082768,0
1999-12-01,20.711,20.827,20.271,20.271,1044771,0
1999-12-02,20.216,20.216,19.441,20.001,1224084,0
1999-12-03,19.721,20.107,19.441,19.55,1060547,0
1999-12-06,18.786,19.28,18.786,19.172,1010554,0
1999-12-07,19.335,20.827,19.335,20.766,2421619,0
1999-12-08,20.441,20.882,20.216,20.388,1091765,0
1999-12-09,20.216,20.216,19.55,19.613,742805,0
1999-12-10,20.001,20.107,19.776,19.831,495057,0
1999-12-13,19.721,20.766,19.721,20.766,1084767,0
1999-12-14,20.602,20.657,19.666,19.831,864459,0
1999-12-15,19.776,20.936,19.613,20.441,1422509,0
1999-12-16,20.496,21.872,20.388,21.603,1819796,0
1999-12-17,22.096,22.26,21.487,21.603,1642925,0
1999-12-20,21.656,21.764,20.936,21.044,640929,0
1999-12-21,20.549,21.656,20.441,21.432,1311408,0
1999-12-22,21.379,21.379,20.441,20.549,1112874,0
1999-12-23,20.882,21.216,20.766,20.882,640817,0
1999-12-27,21.216,22.042,20.989,21.872,1261859,0
1999-12-28,22.096,22.486,21.818,21.925,1054548,0
1999-12-29,22.096,22.431,21.542,21.925,972555,0
1999-12-30,21.872,22.096,21.432,21.432,935785,0
1999-12-31,21.872,21.872,21.432,21.656,331738,0
2000-01-03,21.216,21.979,20.989,21.27,1007553,0
2000-01-04,20.549,20.882,19.613,19.666,1981779,0
2000-01-05,19.886,20.496,19.886,19.886,1311297,0
2000-01-06,19.495,19.776,19.388,19.666,1875789,0
2000-01-07,19.886,20.053,18.786,18.947,1698476,0
2000-01-10,19,19.172,18.84,18.893,1358626,0
2000-01-11,19.109,20.001,19,20.001,1772578,0
2000-01-12,19.613,19.721,19.28,19.55,2438837,0
2000-01-13,19.55,19.55,18.786,18.893,4402397,0
2000-01-14,18.893,18.947,18.12,18.399,3856124,0
2000-01-18,18.613,19.55,18.506,19.55,3429836,0
2000-01-19,19.55,19.613,19.054,19.335,1954448,0
2000-01-20,18.723,18.786,18.283,18.613,2125651,0
2000-01-21,18.506,18.893,18.399,18.723,1510162,0
2000-01-24,17.893,18.283,17.785,18.12,1377623,0
2000-01-25,18.12,18.12,16.904,17.121,1647038,0
2000-01-26,17.624,17.624,17.185,17.345,1128539,0
2000-01-27,17.785,18.947,17.451,18.947,1948558,0
2000-01-28,18.947,19.172,17.451,17.732,1614818,0
2000-01-31,17.893,18.12,17.732,18.012,1015996,0
2000-02-01,17.785,17.785,17.345,17.57,1028663,0
2000-02-02,18.012,18.668,17.948,18.451,1849795,0
2000-02-03,18.399,18.893,17.948,18.786,1977002,0
2000-02-04,19.831,21.764,19.666,21.216,5766909,0
2000-02-07,22.486,22.486,20.001,20.107,5479278,0
2000-02-08,20.001,20.001,19.441,19.441,1681587,0
2000-02-09,20.711,21.542,20.496,21.098,2844458,0
2000-02-10,21.379,22.205,20.657,21.764,2892342,0
2000-02-11,21.379,21.656,20.882,21.152,1712254,0
2000-02-14,21.098,21.098,20.325,20.496,1620706,0
2000-02-15,20.162,21.379,19.613,21.216,1929004,0
2000-02-16,21.603,21.818,20.496,21.432,1527164,0
2000-02-17,21.542,21.656,20.325,20.388,1259416,0
2000-02-18,20.882,21.818,20.711,21.656,1633151,0
2000-02-22,21.432,22.926,21.098,22.15,2516940,0
2000-02-23,21.656,21.764,20.549,20.549,1889565,0
2000-02-24,20.657,20.827,20.216,20.496,1769801,0
2000-02-25,19.886,19.938,19.495,19.721,1112874,0
2000-02-28,19.831,20.388,19.495,19.55,1398621,0
2000-02-29,19.776,20.053,19.335,19.55,1089766,0
2000-03-01,19.495,20.001,19.495,20.001,757359,0
2000-03-02,19.441,19.721,18.723,19.109,1368069,0
2000-03-03,19.081,19.639,18.974,19.081,849906,0
2000-03-06,19.081,19.694,19.026,19.468,515718,0
2000-03-07,19.804,22.015,19.804,21.629,2865122,0
2000-03-08,21.017,21.845,20.521,20.63,2011664,0
2000-03-09,20.8,21.406,20.748,21.243,1234526,0
2000-03-10,20.8,21.071,20.413,20.575,1165312,0
2000-03-13,20.91,21.523,20.8,20.962,999668,0
2000-03-14,21.243,21.523,20.8,21.523,1007999,0
2000-03-15,21.459,21.629,20.91,21.134,721919,0
2000-03-16,21.017,21.017,19.911,20.134,1584821,0
2000-03-17,20.243,20.63,19.749,20.188,1561045,0
2000-03-20,20.297,20.63,20.134,20.36,1242418,0
2000-03-21,20.36,21.523,20.243,21.352,1916009,0
2000-03-22,20.685,20.91,20.575,20.63,1450280,0
2000-03-23,20.36,20.468,20.029,20.36,1212641,0
2000-03-24,20.36,21.071,20.36,20.685,1040549,0
2000-03-27,20.413,20.468,19.911,20.08,1334183,0
2000-03-28,20.188,20.243,19.964,20.029,1202311,0
2000-03-29,20.029,20.748,19.523,19.749,2044992,0
2000-03-30,19.749,20.188,19.749,19.804,1016885,0
2000-03-31,19.749,20.413,19.749,19.859,1193534,0
2000-04-03,19.804,20.134,19.576,19.859,1181534,0
2000-04-04,19.694,21.523,19.468,20.8,2617150,0
2000-04-05,20.8,21.017,20.243,20.91,1216754,0
2000-04-06,20.685,20.748,20.188,20.413,610042,0
2000-04-07,20.413,20.8,20.134,20.521,794578,0
2000-04-10,20.8,20.855,20.36,20.413,1084991,0
2000-04-11,20.575,20.962,20.521,20.685,1036106,0
2000-04-12,20.36,20.855,19.804,19.859,1977110,0
2000-04-13,19.911,20.029,18.804,18.867,2631927,0
2000-04-14,19.639,20.297,19.576,19.749,2944673,0
2000-04-17,20.08,20.8,19.694,20.685,2327183,0
2000-04-18,20.855,20.855,19.911,20.8,1535605,0
2000-04-19,20.521,21.352,20.468,21.297,1260971,0
2000-04-20,21.243,21.845,21.017,21.071,1178869,0
2000-04-24,21.297,21.629,21.189,21.297,872345,0
2000-04-25,21.243,21.243,20.134,20.521,1332960,0
2000-04-26,20.243,21.134,20.188,20.91,913229,0
2000-04-27,21.682,21.682,20.63,21.243,1852128,0
2000-04-28,20.36,20.748,20.297,20.748,1207641,0
2000-05-01,20.63,20.748,20.243,20.748,1192868,0
2000-05-02,21.017,23.898,21.017,23.339,4080209,0
2000-05-03,22.35,24.004,22.124,23.234,3881342,0
2000-05-04,23.455,25.113,23.285,24.565,3921336,0
2000-05-05,24.232,24.339,22.513,23.402,2461391,0
2000-05-08,23.07,23.672,22.734,23.619,1323295,0
2000-05-09,23.285,24.339,23.07,23.789,1943783,0
2000-05-10,23.951,24.565,23.285,23.619,1684256,0
2000-05-11,23.18,23.18,22.232,23.016,1279186,0
2000-05-12,23.016,23.339,21.845,22.232,1881452,0
2000-05-15,22.232,23.125,21.961,22.404,1666258,0
2000-05-16,22.35,22.899,22.124,22.404,1191311,0
2000-05-17,22.124,22.232,21.297,21.297,890235,0
2000-05-18,21.406,21.845,21.243,21.297,1098096,0
2000-05-19,21.523,22.513,21.459,21.845,1461500,0
2000-05-22,21.961,23.339,21.792,22.015,2347291,0
2000-05-23,21.908,22.734,21.737,22.513,1479945,0
2000-05-24,22.35,22.899,21.845,22.015,1550935,0
2000-05-25,22.124,22.35,21.576,21.792,984002,0
2000-05-26,21.576,22.232,21.352,21.576,1002998,0
2000-05-30,21.629,21.908,21.297,21.297,1038775,0
2000-05-31,21.406,21.523,20.36,20.413,1752914,0
2000-06-01,20.521,20.685,20.297,20.36,1010554,0
2000-06-02,20.91,21.629,20.8,20.91,2249970,0
2000-06-05,21.487,22.989,20.827,22.603,2807573,0
2000-06-06,23.259,23.482,22.322,22.603,2459391,0
2000-06-07,21.988,22.205,21.379,21.487,1758581,0
2000-06-08,21.161,22.096,21.161,21.656,885235,0
2000-06-09,21.88,21.988,21.044,21.098,715584,0
2000-06-12,21.161,22.096,21.161,21.934,1238638,0
2000-06-13,22.817,22.872,21.325,21.487,1935007,0
2000-06-14,21.71,22.377,21.432,21.764,1516496,0
2000-06-15,21.379,21.603,21.098,21.487,1222641,0
2000-06-16,21.379,21.934,21.27,21.459,1214531,0
2000-06-19,21.161,21.161,20.379,20.441,1248971,0
2000-06-20,20.657,20.766,20.107,20.441,1072101,0
2000-06-21,20.271,20.496,19.603,19.886,1937674,0
2000-06-22,20.044,20.351,19.326,19.441,1554157,0
2000-06-23,19.388,19.603,18.604,19.109,1235525,0
2000-06-26,19.164,19.218,18.723,18.831,999889,0
2000-06-27,18.831,19.326,18.496,19.271,1422395,0
2000-06-28,19.495,20.379,19.218,20.171,2504274,0
2000-06-29,19.992,20.044,18.668,18.777,1645262,0
2000-06-30,18.831,19.388,18.668,19.164,1084323,0
2000-07-03,19.218,19.218,18.885,19.054,205757,0
2000-07-05,18.604,18.723,17.615,17.669,1353515,0
2000-07-06,18.057,18.283,17.776,17.948,1266858,0
2000-07-07,18.057,18.164,17.615,17.669,700920,0
2000-07-10,17.776,18.057,17.442,17.723,863015,0
2000-07-11,17.723,18.496,17.561,18.496,1169201,0
2000-07-12,18.164,18.164,17.615,17.776,1276300,0
2000-07-13,17.831,18.164,17.669,17.831,756361,0
2000-07-14,17.776,17.893,17.004,17.176,1307407,0
2000-07-17,17.281,17.442,17.111,17.228,1276856,0
2000-07-18,17.176,17.615,17.111,17.228,984890,0
2000-07-19,17.058,17.058,16.67,16.778,1021884,0
2000-07-20,16.778,16.895,15.949,16.122,2113430,0
2000-07-21,16.122,16.284,15.67,15.734,1415508,0
2000-07-24,15.949,16.004,15.563,15.616,1735806,0
2000-07-25,15.895,15.949,15.402,15.455,1122765,0
2000-07-26,15.616,15.734,15.402,15.616,1944229,0
2000-07-27,15.788,15.949,15.455,15.563,1399844,0
2000-07-28,15.563,16.059,15.563,16.059,1340292,0
2000-07-31,16.059,16.122,15.616,15.67,887788,0
2000-08-01,15.84,15.949,15.563,15.895,779357,0
2000-08-02,16.004,16.23,15.616,16.122,1066658,0
2000-08-03,16.122,16.122,15.067,15.122,1554603,0
2000-08-04,15.283,15.563,15.013,15.455,922229,0
2000-08-07,15.563,15.788,15.455,15.563,503834,0
2000-08-08,15.563,15.67,15.338,15.67,461060,0
2000-08-09,15.455,15.67,15.338,15.455,507723,0
2000-08-10,15.402,15.895,15.402,15.788,734697,0
2000-08-11,15.84,16.67,15.67,16.56,1524384,0
2000-08-14,16.56,16.56,16.004,16.506,823019,0
2000-08-15,16.506,16.615,16.122,16.506,1268748,0
2000-08-16,16.724,17.004,16.506,16.778,1798684,0
2000-08-17,16.841,16.841,16.337,16.453,807355,0
2000-08-18,16.122,16.337,16.059,16.059,942560,0
2000-08-21,16.059,16.122,15.788,15.84,985891,0
2000-08-22,15.734,16.059,15.563,15.67,983888,0
2000-08-23,15.895,16.059,15.616,15.734,829461,0
2000-08-24,15.895,16.23,15.788,15.84,1465279,0
2000-08-25,15.949,16.122,15.895,15.949,812465,0
2000-08-28,15.895,16.059,15.734,15.734,664035,0
2000-08-29,15.67,15.84,15.508,15.508,829797,0
2000-08-30,15.616,15.67,15.402,15.67,628042,0
2000-08-31,15.949,16.841,15.949,16.453,3736801,0
2000-09-01,16.337,16.615,16.23,16.56,896231,0
2000-09-05,16.471,16.587,16.31,16.471,1109430,0
2000-09-06,16.364,17.255,16.257,17.202,1275745,0
2000-09-07,17.084,17.139,16.533,16.751,1584821,0
2000-09-08,16.587,17.534,16.471,17.363,2054439,0
2000-09-11,17.309,17.416,16.976,17.363,1522607,0
2000-09-12,17.255,17.588,16.471,16.642,1845792,0
2000-09-13,16.587,16.642,16.203,16.31,994666,0
2000-09-14,16.364,16.364,16.032,16.087,608711,0
2000-09-15,15.977,16.31,15.815,15.815,1737470,0
2000-09-18,15.922,16.087,15.642,15.977,1235638,0
2000-09-19,15.815,15.922,15.256,15.256,1606487,0
2000-09-20,15.31,15.482,14.7,14.753,2004555,0
2000-09-21,15.032,15.203,14.814,15.203,1292854,0
2000-09-22,15.535,15.697,14.869,14.924,1793356,0
2000-09-25,14.869,15.032,14.645,14.753,1023886,0
2000-09-26,14.924,15.032,14.537,14.537,1378179,0
2000-09-27,14.537,15.751,14.537,15.642,3281964,0
2000-09-28,15.42,15.42,14.977,15.085,1748802,0
2000-09-29,14.814,15.31,14.7,15.085,1447172,0
2000-10-02,14.977,15.032,14.537,14.645,1149092,0
2000-10-03,14.537,14.591,14.149,14.257,1956224,0
2000-10-04,14.257,14.645,14.149,14.311,1089990,0
2000-10-05,14.086,14.086,13.482,13.537,1465835,0
2000-10-06,13.7,13.925,13.097,13.097,1159869,0
2000-10-09,13.367,13.645,13.259,13.482,1215534,0
2000-10-10,13.592,14.086,13.482,13.817,1455834,0
2000-10-11,13.977,14.086,12.431,12.978,1649703,0
2000-10-12,13.205,14.645,13.033,14.086,5742689,0
2000-10-13,13.925,13.977,13.033,13.152,2604042,0
2000-10-16,12.925,13.367,12.818,13.097,1097876,0
2000-10-17,12.978,13.033,12.702,12.764,1823020,0
2000-10-18,13.097,13.152,12.204,12.483,2316963,0
2000-10-19,12.431,12.702,12.259,12.431,1261636,0
2000-10-20,12.431,12.592,12.259,12.367,1323739,0
2000-10-23,12.367,12.538,12.312,12.431,1228750,0
2000-10-24,12.312,12.483,11.873,11.873,1756135,0
2000-10-25,11.54,11.648,11.314,11.54,2447947,0
2000-10-26,11.487,11.98,11.369,11.818,2050882,0
2000-10-27,11.703,12.204,11.487,12.15,3265858,0
2000-10-30,12.15,12.592,11.927,12.312,1964334,0
2000-10-31,12.312,12.312,11.927,12.034,1561270,0
2000-11-01,12.097,12.312,11.764,11.927,1716920,0
2000-11-02,12.097,12.15,11.703,11.818,1303521,0
2000-11-03,11.703,11.927,11.648,11.873,1110210,0
2000-11-06,11.764,12.259,11.764,12.204,1523385,0
2000-11-07,12.312,12.367,11.98,12.259,1661812,0
2000-11-08,12.259,12.259,11.818,11.98,979558,0
2000-11-09,11.818,12.648,11.818,12.312,2214640,0
2000-11-10,12.204,12.312,11.764,11.927,1121097,0
2000-11-13,11.873,12.259,11.764,11.764,1417398,0
2000-11-14,11.764,11.873,11.595,11.648,731475,0
2000-11-15,11.764,11.98,11.487,11.98,1308852,0
2000-11-16,12.204,12.259,11.818,12.204,1008886,0
2000-11-17,12.204,12.204,11.764,11.764,1132874,0
2000-11-20,11.927,12.034,11.764,11.818,704480,0
2000-11-21,11.818,12.648,11.818,12.538,2751580,0
2000-11-22,12.818,13.645,12.648,13.482,3025992,0
2000-11-24,13.259,13.259,12.925,13.152,651928,0
2000-11-27,13.421,14.149,13.205,13.925,3130759,0
2000-11-28,13.645,14.311,13.645,14.257,2194532,0
2000-11-29,13.925,14.031,13.259,13.537,1925782,0
2000-11-30,13.87,14.086,13.645,13.87,1995443,0
2000-12-01,14.086,14.537,13.817,14.421,1783689,0
2000-12-04,14.645,15.032,14.591,14.753,1718695,0
2000-12-05,14.23,14.447,13.564,13.726,2643926,0
2000-12-06,13.833,15.058,13.619,14.896,2728358,0
2000-12-07,14.841,15.177,14.447,14.951,1787352,0
2000-12-08,14.673,15.058,14.394,14.779,1751578,0
2000-12-11,14.564,14.618,14.004,14.501,1256526,0
2000-12-12,14.618,14.779,14.501,14.779,895451,0
2000-12-13,14.564,14.618,13.564,13.951,1500272,0
2000-12-14,13.833,14.394,13.833,14.004,1671812,0
2000-12-15,13.781,14.726,13.781,14.394,2133205,0
2000-12-18,14.564,14.779,14.394,14.673,1510385,0
2000-12-19,14.618,14.896,14.501,14.841,941448,0
2000-12-20,15.446,16.23,15.283,16.175,3382954,0
2000-12-21,16.175,16.175,15.508,15.778,2603597,0
2000-12-22,15.725,15.725,15.446,15.725,1161758,0
2000-12-26,15.84,16.122,15.778,15.949,1172538,0
2000-12-27,15.778,15.949,15.446,15.725,1162648,0
2000-12-28,15.725,15.778,15.393,15.616,996111,0
2000-12-29,15.508,15.563,15.113,15.177,1431172,0
2001-01-02,15.393,16.175,15.283,15.949,2877236,0
2001-01-03,15.895,15.949,15.446,15.508,2735807,0
2001-01-04,15.563,15.84,15.113,15.23,1622705,0
2001-01-05,15.283,15.67,14.896,15.004,1974894,0
2001-01-08,15.004,15.283,14.896,15.058,1184422,0
2001-01-09,14.779,14.896,14.339,14.779,2274410,0
2001-01-10,14.779,15.393,14.673,14.951,3338068,0
2001-01-11,14.951,14.951,14.673,14.726,1314185,0
2001-01-12,14.618,15.058,14.339,15.004,1902785,0
2001-01-16,15.004,15.113,14.673,15.004,1724917,0
2001-01-17,14.841,14.896,14.673,14.673,1580936,0
2001-01-18,14.779,14.896,14.618,14.673,1711584,0
2001-01-19,14.673,14.896,14.394,14.501,1481721,0
2001-01-22,14.501,15.563,14.501,15.563,4684808,0
2001-01-23,15.338,15.393,14.841,15.004,2599151,0
2001-01-24,14.726,14.779,14.004,14.23,2520829,0
2001-01-25,14.168,14.394,13.897,14.004,2317963,0
2001-01-26,14.059,14.114,13.619,14.004,1371514,0
2001-01-29,14.004,14.14,13.342,13.43,2202085,0
2001-01-30,13.763,13.995,13.519,13.86,3602152,0
2001-01-31,13.781,13.925,13.654,13.735,1388290,0
2001-02-01,13.995,14.159,13.601,13.915,2805351,0
2001-02-02,13.781,13.96,13.601,13.726,1899566,0
2001-02-05,13.691,13.691,13.438,13.537,1284077,0
2001-02-06,13.35,13.43,12.925,13.296,2001776,0
2001-02-07,13.205,13.43,12.852,13.412,1812573,0
2001-02-08,13.342,13.43,12.728,12.737,1948558,0
2001-02-09,12.809,13.25,12.755,12.844,1879120,0
2001-02-12,13.024,13.287,12.907,12.943,1336295,0
2001-02-13,12.978,13.25,12.844,12.852,1159869,0
2001-02-14,12.861,12.925,12.448,12.529,1529829,0
2001-02-15,12.584,12.809,12.467,12.565,1623931,0
2001-02-16,13.205,13.601,12.997,13.367,4201748,0
2001-02-20,13.509,13.509,13.042,13.169,1637705,0
2001-02-21,13.691,13.691,13.079,13.35,2472391,0
2001-02-22,13.342,13.681,13.259,13.654,2717918,0
2001-02-23,13.601,14.484,13.601,14.195,5128755,0
2001-02-26,14.447,15.238,14.32,15.177,4155199,0
2001-02-27,15.338,15.651,14.969,15.265,4275963,0
2001-02-28,15.177,15.177,14.583,14.986,2565823,0
2001-03-01,14.969,15.212,14.805,15.013,1955001,0
2001-03-02,14.7,15.085,14.599,14.788,1629041,0
2001-03-05,14.779,15.23,14.618,15.131,1428283,0
2001-03-06,14.924,14.96,14.663,14.86,1309075,0
2001-03-07,14.887,15.221,14.709,15.067,1218085,0
2001-03-08,15.131,16.858,15.095,16.787,5439165,0
2001-03-09,17.012,17.139,15.94,16.023,5610591,0
2001-03-12,16.167,16.633,16.032,16.032,3984772,0
2001-03-13,15.517,15.806,15.329,15.642,2632927,0
2001-03-14,15.67,15.815,15.238,15.589,2598931,0
2001-03-15,15.365,15.365,14.7,14.887,3298851,0
2001-03-16,14.896,14.96,14.203,14.294,2519161,0
2001-03-19,14.303,14.878,14.303,14.691,2360070,0
2001-03-20,14.7,15.31,14.673,14.942,1936119,0
2001-03-21,14.951,15.274,14.915,15.131,2237637,0
2001-03-22,15.095,15.23,14.977,15.185,2134652,0
2001-03-23,15.185,15.23,14.599,14.7,1372846,0
2001-03-26,14.618,14.753,14.43,14.709,930673,0
2001-03-27,14.744,14.744,14.086,14.294,1636153,0
2001-03-28,14.168,14.329,13.817,14.212,1285632,0
2001-03-29,14.212,14.329,13.897,14.114,932894,0
2001-03-30,14.114,14.366,13.61,14.357,1440283,0
2001-04-02,14.248,14.248,13.5,13.7,1776356,0
2001-04-03,13.925,14.878,13.86,14.663,2584377,0
2001-04-04,15.319,15.464,15.095,15.274,3471829,0
2001-04-05,15.095,15.265,14.878,15.265,1318076,0
2001-04-06,15.159,15.706,15.122,15.274,1922451,0
2001-04-09,15.274,15.581,15.15,15.329,928340,0
2001-04-10,15.212,15.464,14.878,15.122,2338739,0
2001-04-11,14.709,15.076,14.466,14.475,2816356,0
2001-04-12,14.691,14.915,14.528,14.744,1360071,0
2001-04-16,14.96,15.283,14.96,15.283,1643926,0
2001-04-17,14.933,15.113,14.618,14.924,1372514,0
2001-04-18,14.7,15.356,14.447,15.319,2618707,0
2001-04-19,15.365,15.581,15.058,15.283,2078989,0
2001-04-20,15.141,15.23,14.797,14.951,1987109,0
2001-04-23,14.887,14.951,14.636,14.942,870681,0
2001-04-24,14.878,15.319,14.878,15.274,1635375,0
2001-04-25,15.356,15.356,15.04,15.159,1225753,0
2001-04-26,15.256,16.293,15.185,16.249,2694586,0
2001-04-27,16.284,16.56,16.004,16.382,2668702,0
2001-04-30,16.302,16.373,15.986,16.239,1319406,0
2001-05-01,16.239,16.94,16.041,16.931,1912897,0
2001-05-02,16.787,17.004,16.481,16.759,1962337,0
2001-05-03,16.967,17.093,16.266,16.453,1461169,0
2001-05-04,16.453,16.805,16.149,16.275,1104430,0
2001-05-07,16.175,16.913,16.175,16.445,1562824,0
2001-05-08,16.481,16.876,16.391,16.724,1140429,0
2001-05-09,17.354,19.172,17.264,18.469,7963771,0
2001-05-10,18.487,19.253,17.957,18.983,5780353,0
2001-05-11,18.75,19.018,18.292,18.686,2378067,0
2001-05-14,18.523,18.84,18.325,18.632,1758245,0
2001-05-15,18.613,19.109,18.362,18.532,2180085,0
2001-05-16,19.154,20.396,19.063,20.225,6554711,0
2001-05-17,20.441,20.748,19.911,20.486,4589261,0
2001-05-18,20.711,21.917,20.496,21.379,6810568,0
2001-05-21,21.559,21.603,21.08,21.423,6084539,0
2001-05-22,21.007,21.007,19.983,20.044,4895560,0
2001-05-23,19.776,19.938,19.353,19.84,3238411,0
2001-05-24,20.351,20.694,19.018,19.1,4014552,0
2001-05-25,18.974,19.776,18.911,19.568,2842126,0
2001-05-29,19.263,19.335,18.568,19.244,2365843,0
2001-05-30,18.795,19.145,18.229,18.451,3841348,0
2001-05-31,18.46,18.696,18.039,18.256,2068432,0
2001-06-01,18.247,18.668,18.101,18.55,3022216,0
2001-06-04,18.714,19.018,18.256,18.668,1583267,0
2001-06-05,18.893,19.244,18.696,18.991,1889565,0
2001-06-06,19.218,19.218,18.174,18.292,1856790,0
2001-06-07,18.292,18.478,18.092,18.292,888124,0
2001-06-08,18.292,19.423,18.292,19.109,2184201,0
2001-06-11,18.956,18.983,18.515,18.641,1829242,0
2001-06-12,19.172,19.505,19,19.289,2428506,0
2001-06-13,19.576,19.703,19.1,19.495,2246969,0
2001-06-14,19.505,20.648,19.235,20.225,3396840,0
2001-06-15,20.225,20.225,19.298,19.523,2401620,0
2001-06-18,19.468,19.877,19.045,19.181,1873456,0
2001-06-19,19.181,19.576,19.136,19.28,1130871,0
2001-06-20,19.054,19.118,18.506,18.532,1713587,0
2001-06-21,18.714,18.714,18.012,18.247,2098545,0
2001-06-22,18.292,18.595,18.111,18.21,1961225,0
2001-06-25,18.731,18.858,17.84,17.93,2588151,0
2001-06-26,17.975,18.496,17.732,17.994,3659811,0
2001-06-27,18.012,18.047,17.185,17.185,2539380,0
2001-06-28,17.398,17.398,16.724,16.759,2534381,0
2001-06-29,16.904,17.075,16.597,16.597,2423618,0
2001-07-02,16.515,16.578,16.275,16.382,2257522,0
2001-07-03,16.382,16.742,16.328,16.642,1293632,0
2001-07-05,16.498,16.587,16.032,16.293,1886344,0
2001-07-06,16.293,16.462,16.059,16.275,1433840,0
2001-07-09,16.275,16.49,16.122,16.346,1227860,0
2001-07-10,16.355,16.805,16.275,16.768,2170202,0
2001-07-11,17.22,17.695,16.293,17.211,2651369,0
2001-07-12,16.849,17.291,16.733,17.13,1527164,0
2001-07-13,17.084,17.093,16.814,16.823,943671,0
2001-07-16,16.833,16.913,16.328,16.498,1608264,0
2001-07-17,16.498,16.768,16.409,16.587,1168314,0
2001-07-18,16.606,17.794,16.606,17.641,3757799,0
2001-07-19,17.794,17.822,17.327,17.615,1685699,0
2001-07-20,17.84,18.012,17.66,17.813,2540717,0
2001-07-23,17.695,17.785,17.408,17.57,1177312,0
2001-07-24,17.606,18.416,17.479,18.416,2624259,0
2001-07-25,18.155,18.371,17.803,17.875,2153424,0
2001-07-26,17.57,17.624,16.724,16.95,2485277,0
2001-07-27,16.959,17.451,16.768,17.336,1498721,0
2001-07-30,17.247,17.247,16.597,16.687,1042436,0
2001-07-31,16.724,17.211,16.642,16.679,1268748,0
2001-08-01,16.833,17.084,16.778,16.823,965224,0
2001-08-02,16.849,16.849,16.373,16.796,1251861,0
2001-08-03,16.515,16.768,16.481,16.742,1345073,0
2001-08-06,16.515,17.021,16.373,16.867,968447,0
2001-08-07,16.876,16.876,16.551,16.615,1316409,0
2001-08-08,16.524,17.281,16.506,17.075,1686258,0
2001-08-09,17.398,18.424,17.327,18.292,4364844,0
2001-08-10,18.506,18.506,17.66,17.884,2355180,0
2001-08-13,17.975,18.723,17.75,18.686,2123871,0
2001-08-14,18.292,18.371,17.902,18.238,2047770,0
2001-08-15,18.46,18.947,18.256,18.786,2262300,0
2001-08-16,19,19.136,18.469,18.858,2886006,0
2001-08-17,19.271,19.639,18.893,19.164,3424284,0
2001-08-20,18.705,18.911,18.416,18.831,1629926,0
2001-08-21,19.081,19.136,18.469,18.867,2239749,0
2001-08-22,18.956,19.271,18.786,19,1355738,0
2001-08-23,18.911,19.307,18.885,19.118,1354626,0
2001-08-24,18.858,19.441,18.741,19.362,1900787,0
2001-08-27,19.199,19.451,18.947,19.172,1079770,0
2001-08-28,18.893,18.938,18.38,18.668,2170866,0
2001-08-29,18.731,18.956,18.523,18.677,1359736,0
2001-08-30,18.586,18.84,18.389,18.604,1183867,0
2001-08-31,18.641,18.696,18.408,18.496,697587,0
2001-09-04,18.362,18.451,18.066,18.129,1395289,0
2001-09-05,18.12,18.506,17.984,18.469,1074655,0
2001-09-06,18.408,18.523,18.03,18.057,1083767,0
2001-09-07,18.192,18.632,18.192,18.568,2251970,0
2001-09-10,18.274,18.947,18.274,18.893,1966335,0
2001-09-17,20.549,20.962,19.298,19.903,5496383,0
2001-09-18,19.895,20.089,19.035,19.956,3068321,0
2001-09-19,20.07,20.694,19.794,20.369,4511718,0
2001-09-20,20.28,21.352,20.01,21.352,4488606,0
2001-09-21,21.71,22.15,19.831,19.895,7199635,0
2001-09-24,19.388,19.585,18.858,19.298,2839681,0
2001-09-25,19.648,19.813,18.991,19.603,2281522,0
2001-09-26,19.694,21.17,19.657,20.873,3437503,0
2001-09-27,20.505,21.343,20.306,21.124,2970781,0
2001-09-28,21.08,21.478,20.748,21.08,1774577,0
2001-10-01,20.855,22.331,20.648,22.177,3109986,0
2001-10-02,22.15,22.541,21.423,21.934,3499051,0
2001-10-03,21.979,22.142,20.396,20.621,3083322,0
2001-10-04,20.776,21.061,20.369,20.602,2892342,0
2001-10-05,20.827,21.45,20.685,21.441,2269192,0
2001-10-08,21.441,21.845,20.989,21.207,2674588,0
2001-10-09,20.989,21.143,20.369,20.432,1611042,0
2001-10-10,20.413,20.549,19.388,19.477,3485833,0
2001-10-11,19.072,19.172,18.274,18.938,5288517,0
2001-10-12,19.218,20.271,18.974,19.739,3860341,0
2001-10-15,19.676,20.098,19.335,19.353,1647484,0
2001-10-16,19.018,19.712,18.938,19.576,2020997,0
2001-10-17,19.432,20.496,19.208,20.441,3059767,0
2001-10-18,20.019,20.234,19.666,19.859,2593041,0
2001-10-19,19.758,20.08,19.441,19.576,1989108,0
2001-10-22,19.072,19.244,18.795,18.84,2416730,0
2001-10-23,18.714,19.326,18.696,18.885,2283410,0
2001-10-24,19.009,19.362,18.867,18.974,1960892,0
2001-10-25,19.208,19.822,18.938,19.307,2581488,0
2001-10-26,19.532,19.532,18.858,19.018,1879012,0
2001-10-29,19.208,19.639,19.172,19.353,1583267,0
2001-10-30,19.868,20.694,19.648,20.567,4029438,0
2001-10-31,20.648,20.91,20.243,20.73,2967889,0
2001-11-01,20.927,20.98,20.441,20.936,1334515,0
2001-11-02,20.8,21.388,20.694,21.316,1632374,0
2001-11-05,20.989,21.252,20.648,21.179,1564156,0
2001-11-06,21.007,21.432,20.989,21.17,1201088,0
2001-11-07,21.216,21.576,21.216,21.307,1829902,0
2001-11-08,21.307,21.576,20.188,20.342,2320628,0
2001-11-09,20.459,20.901,20.225,20.809,1369179,0
2001-11-12,20.901,21.656,20.639,20.818,2256303,0
2001-11-13,20.369,20.521,19.831,19.877,2473167,0
2001-11-14,17.866,18.46,17.866,18.137,19459150,0
2001-11-15,18.12,18.137,17.651,18.03,7827125,0
2001-11-16,18.047,18.047,17.03,17.687,6675366,0
2001-11-19,17.552,17.597,17.021,17.211,3557821,0
2001-11-20,17.281,17.633,17.202,17.281,3368845,0
2001-11-21,17.281,17.552,16.94,16.94,3597818,0
2001-11-23,17.111,17.247,16.95,17.194,1197086,0
2001-11-26,17.202,17.238,16.796,17.021,1362515,0
2001-11-27,17.084,17.389,17.075,17.389,4213972,0
2001-11-28,17.389,17.776,17.389,17.597,3991329,0
2001-11-29,17.641,17.813,17.433,17.433,3950780,0
2001-11-30,17.597,17.84,17.433,17.57,2716360,0
2001-12-03,17.687,18.238,17.687,18.039,3946221,0
2001-12-04,18.057,18.066,17.651,17.66,2510383,0
2001-12-05,17.768,17.768,17.318,17.678,3390509,0
2001-12-06,17.75,18.146,17.723,18.146,4177864,0
2001-12-07,17.921,18.174,17.723,17.911,3141315,0
2001-12-10,17.004,17.176,16.858,17.067,7300624,0
2001-12-11,17.048,17.048,16.849,16.913,3403284,0
2001-12-12,16.913,17.255,16.823,17.255,4949112,0
2001-12-13,17.185,17.291,16.858,17.03,2934226,0
2001-12-14,17.03,17.641,17.03,17.641,4467610,0
2001-12-17,17.624,17.624,17.363,17.497,2002664,0
2001-12-18,17.606,17.975,17.488,17.975,3304741,0
2001-12-19,17.875,17.875,17.211,17.22,3007107,0
2001-12-20,17.121,17.524,17.121,17.451,1671589,0
2001-12-21,17.46,17.705,17.354,17.424,3881785,0
2001-12-24,17.22,17.624,17.157,17.615,488837,0
2001-12-26,17.389,17.534,17.22,17.327,1216974,0
2001-12-27,17.442,17.524,17.102,17.211,2536269,0
2001-12-28,17.185,17.3,16.904,16.959,3686362,0
2001-12-31,16.787,17.247,16.787,17.102,3290966,0
