Date,Open,High,Low,Close,Volume,OpenInt
1995-01-03,13.68,13.994,13.68,13.96,641499,0
1995-01-04,13.933,14.101,13.874,14.052,697219,0
1995-01-05,14.019,14.101,13.96,14.078,551490,0
1995-01-06,14.019,14.303,13.994,14.222,875095,0
1995-01-09,14.186,14.222,14.101,14.186,596134,0
1995-01-10,14.16,14.303,14.078,14.078,450765,0
1995-01-11,14.078,14.186,14.052,14.186,648283,0
1995-01-12,14.186,14.222,14.135,14.135,476837,0
1995-01-13,14.135,14.303,14.052,14.279,887595,0
1995-01-16,14.329,14.64,14.303,14.497,934745,0
1995-01-17,14.413,14.64,14.413,14.64,625424,0
1995-01-18,14.588,14.615,14.279,14.361,537558,0
1995-01-19,14.303,14.329,14.222,14.279,398971,0
1995-01-20,14.303,14.303,14.135,14.135,1114407,0
1995-01-23,14.019,14.389,13.994,14.329,518982,0
1995-01-24,14.361,14.446,14.135,14.135,639353,0
1995-01-25,14.019,14.446,14.019,14.361,1044756,0
1995-01-26,14.361,14.389,14.16,14.303,331823,0
1995-01-27,14.361,14.413,14.329,14.361,283604,0
1995-01-30,14.337,14.337,14.16,14.194,249312,0
1995-01-31,14.135,14.16,14.052,14.135,680429,0
1995-02-01,14.194,14.253,13.968,14.052,703647,0
1995-02-02,14.11,14.16,14.019,14.16,331105,0
1995-02-03,14.253,14.337,14.222,14.279,795089,0
1995-02-06,14.16,14.337,14.16,14.303,658640,0
1995-02-07,14.253,14.337,14.222,14.253,550059,0
1995-02-08,14.222,14.253,14.11,14.135,374684,0
1995-02-09,14.194,14.222,14.052,14.11,550418,0
1995-02-10,14.11,14.337,14.078,14.279,1130126,0
1995-02-13,14.279,14.481,14.253,14.446,1055114,0
1995-02-14,14.481,14.481,13.968,14.253,805091,0
1995-02-15,14.303,14.674,14.279,14.649,809733,0
1995-02-16,14.649,14.85,14.588,14.816,706150,0
1995-02-17,14.816,14.85,14.766,14.766,1043684,0
1995-02-21,14.766,14.876,14.766,14.816,770799,0
1995-02-22,14.766,15.016,14.766,14.96,515057,0
1995-02-23,14.992,15.138,14.934,15.102,636140,0
1995-02-24,15.102,15.191,15.016,15.163,510056,0
1995-02-27,15.163,15.191,14.876,14.876,801873,0
1995-02-28,14.876,15.163,14.876,15.075,830088,0
1995-03-01,15.075,15.075,14.792,14.876,700432,0
1995-03-02,14.934,14.934,14.792,14.85,430403,0
1995-03-03,14.907,14.992,14.816,14.934,760085,0
1995-03-06,14.816,14.876,14.707,14.85,689003,0
1995-03-07,14.907,14.907,14.649,14.731,970109,0
1995-03-08,14.766,14.816,14.674,14.674,787941,0
1995-03-09,14.731,14.731,14.622,14.622,482195,0
1995-03-10,14.622,15.191,14.622,15.049,1449441,0
1995-03-13,15.016,15.016,14.816,14.876,1192629,0
1995-03-14,14.907,15.163,14.876,15.049,834733,0
1995-03-15,14.992,15.016,14.766,14.85,827230,0
1995-03-16,14.816,15.306,14.792,15.216,842948,0
1995-03-17,15.243,15.42,15.191,15.338,1402296,0
1995-03-20,15.338,15.42,15.163,15.42,736511,0
1995-03-21,15.338,15.53,15.016,15.049,625064,0
1995-03-22,15.075,15.163,14.876,14.934,827230,0
1995-03-23,14.85,14.96,14.816,14.85,1110122,0
1995-03-24,14.876,14.992,14.816,14.96,1456227,0
1995-03-27,15.016,15.338,14.96,15.338,740797,0
1995-03-28,15.279,15.279,15.163,15.216,440407,0
1995-03-29,15.216,15.445,15.138,15.191,631142,0
1995-03-30,15.216,15.445,15.216,15.306,445049,0
1995-03-31,15.243,15.243,15.049,15.243,473265,0
1995-04-03,15.191,15.279,15.075,15.138,272174,0
1995-04-04,15.163,15.386,15.138,15.306,496124,0
1995-04-05,15.243,15.243,14.96,15.102,410760,0
1995-04-06,15.163,15.445,15.138,15.445,440762,0
1995-04-07,15.42,15.42,15.138,15.191,554704,0
1995-04-10,15.138,15.138,14.992,15.016,385040,0
1995-04-11,15.049,15.075,14.992,15.049,358254,0
1995-04-12,14.992,15.049,14.907,15.016,473265,0
1995-04-13,15.016,15.138,14.96,15.075,528631,0
1995-04-17,15.075,15.163,14.876,14.96,546847,0
1995-04-18,15.075,15.075,14.792,14.792,475765,0
1995-04-19,14.85,14.85,14.622,14.731,1089403,0
1995-04-20,14.731,14.992,14.707,14.876,529699,0
1995-04-21,15.016,15.216,14.934,15.216,1412653,0
1995-04-24,15.163,15.163,14.934,15.163,537203,0
1995-04-25,15.075,15.191,15.016,15.049,410760,0
1995-04-26,14.96,14.992,14.934,14.992,298961,0
1995-04-27,14.992,14.992,14.792,14.96,310393,0
1995-04-28,14.96,15.361,14.907,15.361,559349,0
1995-05-01,15.338,15.361,15.138,15.17,437191,0
1995-05-02,15.111,15.17,15.016,15.111,341464,0
1995-05-03,15.075,15.138,14.992,15.111,697219,0
1995-05-04,15.075,15.111,14.876,14.876,674000,0
1995-05-05,14.934,14.97,14.421,14.766,1110474,0
1995-05-08,14.766,14.907,14.649,14.816,939032,0
1995-05-09,14.816,14.934,14.707,14.876,563635,0
1995-05-10,14.876,14.876,14.622,14.674,542917,0
1995-05-11,14.649,14.992,14.649,14.876,1174412,0
1995-05-12,14.816,14.992,14.816,14.876,625783,0
1995-05-15,14.876,15.016,14.816,14.992,543274,0
1995-05-16,15.049,15.17,15.016,15.075,456120,0
1995-05-17,15.075,15.138,14.97,14.992,528631,0
1995-05-18,14.907,14.934,14.766,14.766,458262,0
1995-05-19,14.649,14.97,14.649,14.97,1130483,0
1995-05-22,14.97,15.111,14.934,15.111,505770,0
1995-05-23,15.17,15.17,14.766,15.111,717218,0
1995-05-24,15.111,15.138,14.97,15.111,418618,0
1995-05-25,15.016,15.016,14.876,14.97,653999,0
1995-05-26,14.97,14.97,14.792,14.876,1092976,0
1995-05-30,14.907,15.216,14.907,15.075,997966,0
1995-05-31,15.049,15.741,15.016,15.741,1131193,0
1995-06-01,15.597,15.597,15.314,15.455,1341931,0
1995-06-02,15.111,15.216,14.876,15.049,1583745,0
1995-06-05,15.016,15.17,15.016,15.075,1500521,0
1995-06-06,15.016,15.138,15.016,15.111,839380,0
1995-06-07,15.049,15.111,14.85,14.97,586135,0
1995-06-08,14.907,14.934,14.792,14.85,439332,0
1995-06-09,14.816,14.85,14.674,14.674,517199,0
1995-06-12,14.731,14.992,14.707,14.934,667930,0
1995-06-13,15.049,15.279,14.97,14.992,1327641,0
1995-06-14,14.97,15.049,14.97,15.016,628995,0
1995-06-15,15.016,15.016,14.85,14.876,559706,0
1995-06-16,14.907,15.016,14.85,15.016,1614459,0
1995-06-19,14.992,15.191,14.97,15.016,1054401,0
1995-06-20,14.992,15.138,14.992,15.016,776158,0
1995-06-21,15.049,15.075,14.97,14.97,655428,0
1995-06-22,15.016,15.138,14.992,15.138,743652,0
1995-06-23,15.111,15.252,15.075,15.252,578279,0
1995-06-26,15.17,15.338,15.016,15.049,1404077,0
1995-06-27,15.075,15.361,15.049,15.314,617566,0
1995-06-28,15.361,15.597,15.314,15.563,939032,0
1995-06-29,15.538,15.563,15.216,15.216,840093,0
1995-06-30,15.216,15.513,14.992,15.481,973320,0
1995-07-03,15.42,15.597,15.42,15.597,178589,0
1995-07-05,15.563,15.623,15.455,15.563,1343359,0
1995-07-06,15.513,15.705,15.513,15.623,858665,0
1995-07-07,15.623,16.343,15.513,16.314,1969856,0
1995-07-10,16.226,16.832,16.2,16.746,1130126,0
1995-07-11,16.512,16.63,16.059,16.143,1101189,0
1995-07-12,16.168,16.63,16.025,16.512,875810,0
1995-07-13,16.457,16.457,16.226,16.314,606852,0
1995-07-14,16.2,16.314,16.2,16.314,598994,0
1995-07-17,16.252,16.402,16.2,16.369,545061,0
1995-07-18,16.314,16.43,16.252,16.343,445049,0
1995-07-19,16.314,16.369,15.854,16.168,956176,0
1995-07-20,16.168,16.457,16.111,16.287,2149518,0
1995-07-21,16.402,16.572,16.2,16.572,1463014,0
1995-07-24,16.512,16.69,16.487,16.546,661499,0
1995-07-25,16.572,16.63,16.402,16.63,452551,0
1995-07-26,16.69,16.713,16.487,16.598,661147,0
1995-07-27,16.598,17.238,16.572,17.093,1358359,0
1995-07-28,17.034,17.034,16.656,16.889,1399435,0
1995-07-31,16.773,16.798,16.546,16.713,370041,0
1995-08-01,16.63,16.746,16.572,16.713,293247,0
1995-08-02,16.746,16.866,16.63,16.721,662931,0
1995-08-03,16.664,17.093,16.63,17.093,644713,0
1995-08-04,17.126,17.267,17.008,17.093,544700,0
1995-08-07,17.068,17.068,16.606,16.606,395044,0
1995-08-08,16.63,16.69,16.43,16.464,989747,0
1995-08-09,16.519,16.519,16.261,16.287,702218,0
1995-08-10,16.343,16.369,16.059,16.059,904025,0
1995-08-11,16.059,16.261,15.849,16.168,732584,0
1995-08-14,16.226,16.519,16.226,16.487,515414,0
1995-08-15,16.369,16.948,16.369,16.664,832234,0
1995-08-16,16.721,16.721,16.369,16.58,720077,0
1995-08-17,16.58,16.808,16.58,16.746,457194,0
1995-08-18,16.781,16.866,16.58,16.58,886526,0
1995-08-21,16.58,16.63,16.464,16.487,360753,0
1995-08-22,16.487,16.519,16.343,16.487,427903,0
1995-08-23,16.43,16.546,16.369,16.43,1125121,0
1995-08-24,16.369,16.43,16.287,16.32,441120,0
1995-08-25,16.32,16.32,16.168,16.226,929030,0
1995-08-28,16.226,16.58,16.226,16.58,757225,0
1995-08-29,16.606,16.606,16.43,16.519,585061,0
1995-08-30,16.464,16.487,16.261,16.32,951888,0
1995-08-31,16.369,16.43,16.287,16.369,466477,0
1995-09-01,16.402,17.008,16.402,16.923,941174,0
1995-09-05,16.923,16.984,16.58,16.984,919028,0
1995-09-06,16.923,17.126,16.889,17.068,499339,0
1995-09-07,17.042,17.469,17.042,17.352,828303,0
1995-09-08,17.352,17.386,17.126,17.386,436475,0
1995-09-11,17.445,17.469,17.093,17.093,839380,0
1995-09-12,17.149,17.445,17.126,17.352,670428,0
1995-09-13,17.413,17.67,17.352,17.589,710789,0
1995-09-14,17.644,17.789,17.589,17.705,477552,0
1995-09-15,17.789,17.789,17.589,17.644,1226204,0
1995-09-18,17.644,17.874,17.614,17.848,883308,0
1995-09-19,17.874,17.906,17.302,17.326,557561,0
1995-09-20,17.386,17.503,17.267,17.445,840093,0
1995-09-21,17.503,17.503,17.042,17.184,433260,0
1995-09-22,17.126,17.352,17.068,17.126,405044,0
1995-09-25,17.126,17.267,17.068,17.267,344681,0
1995-09-26,17.326,17.445,17.302,17.445,415047,0
1995-09-27,17.352,17.469,17.247,17.247,474338,0
1995-09-28,17.184,17.21,16.842,17.008,374684,0
1995-09-29,17.008,17.413,16.984,17.302,573275,0
1995-10-02,17.352,17.564,17.326,17.352,740438,0
1995-10-03,17.413,17.445,17.247,17.352,702935,0
1995-10-04,17.302,17.352,16.842,16.866,404687,0
1995-10-05,16.866,17.126,16.866,16.948,386830,0
1995-10-06,16.889,17.302,16.889,17.247,400046,0
1995-10-09,17.184,17.267,17.068,17.068,298604,0
1995-10-10,17.008,17.093,16.721,17.093,696503,0
1995-10-11,17.042,17.705,16.923,17.529,855806,0
1995-10-12,17.469,17.564,17.247,17.413,500052,0
1995-10-13,17.469,17.733,17.386,17.564,347538,0
1995-10-16,17.589,17.589,17.352,17.352,356824,0
1995-10-17,17.302,17.503,17.149,17.445,398259,0
1995-10-18,17.267,17.469,17.247,17.469,416833,0
1995-10-19,17.469,17.765,17.445,17.705,450406,0
1995-10-20,17.589,17.848,17.564,17.644,944030,0
1995-10-23,17.529,17.644,17.503,17.503,441478,0
1995-10-24,17.564,18.082,17.386,18.025,912244,0
1995-10-25,17.966,17.966,17.589,17.765,703647,0
1995-10-26,17.733,17.991,17.469,17.469,542917,0
1995-10-27,17.469,17.644,17.413,17.564,397898,0
1995-10-30,17.589,17.822,17.564,17.705,393255,0
1995-10-31,17.822,18.168,17.765,17.874,961178,0
1995-11-01,17.797,17.915,17.149,17.445,624708,0
1995-11-02,17.476,18.082,17.445,17.94,628636,0
1995-11-03,17.915,17.94,17.644,17.883,247168,0
1995-11-06,17.857,17.857,17.589,17.705,411475,0
1995-11-07,17.678,17.705,17.503,17.644,331463,0
1995-11-08,17.705,17.915,17.678,17.883,345034,0
1995-11-09,17.644,17.678,17.476,17.622,588636,0
1995-11-10,17.589,17.883,17.564,17.857,832947,0
1995-11-13,17.857,18.143,17.857,18.082,308962,0
1995-11-14,18.118,18.143,17.857,17.883,268601,0
1995-11-15,17.857,18.143,17.822,18.143,1235487,0
1995-11-16,18.176,18.435,18.176,18.319,515772,0
1995-11-17,18.295,18.377,18.201,18.295,806516,0
1995-11-20,18.295,18.295,17.966,18,613637,0
1995-11-21,18,18.058,17.883,17.966,848305,0
1995-11-22,17.966,18.025,17.822,17.915,947247,0
1995-11-24,17.915,17.915,17.822,17.883,242168,0
1995-11-27,17.822,17.915,17.822,17.822,540415,0
1995-11-28,17.857,18.176,17.822,18.176,490052,0
1995-11-29,18.176,18.259,17.822,18.259,463980,0
1995-11-30,18.259,18.402,18.143,18.353,861163,0
1995-12-01,18.353,18.613,18.353,18.58,706508,0
1995-12-04,18.521,18.58,18.402,18.521,466833,0
1995-12-05,18.46,18.552,18.377,18.552,587920,0
1995-12-06,18.58,18.696,18.259,18.495,595065,0
1995-12-07,18.46,18.638,18.402,18.638,465050,0
1995-12-08,18.58,18.671,18.435,18.613,374328,0
1995-12-11,18.638,18.934,18.638,18.814,595420,0
1995-12-12,18.839,18.871,18.73,18.755,306819,0
1995-12-13,18.696,18.991,18.696,18.934,395757,0
1995-12-14,18.871,19.015,18.79,18.839,700788,0
1995-12-15,18.79,18.79,18.319,18.495,1970569,0
1995-12-18,18.377,18.377,18.118,18.143,412544,0
1995-12-19,18.082,18.118,17.883,18.058,984751,0
1995-12-20,18,18.231,17.797,17.797,1024397,0
1995-12-21,17.857,18.143,17.857,17.966,585421,0
1995-12-22,17.915,18.082,17.857,17.94,490052,0
1995-12-26,18,18,17.797,17.883,307175,0
1995-12-27,17.94,18.231,17.915,18.118,439689,0
1995-12-28,18.118,18.495,18.118,18.435,383970,0
1995-12-29,18.435,18.58,18.435,18.495,574706,0
1996-01-02,18.402,18.73,18.402,18.671,835808,0
1996-01-03,18.73,18.871,18.613,18.671,620424,0
1996-01-04,18.671,18.991,18.58,18.696,1484800,0
1996-01-05,18.638,18.671,18.46,18.58,557202,0
1996-01-08,18.521,18.613,18.521,18.58,100726,0
1996-01-09,18.552,18.73,18.402,18.621,573275,0
1996-01-10,18.353,18.435,18.025,18.176,1348359,0
1996-01-11,18.176,18.295,18.118,18.295,1062972,0
1996-01-12,18.259,18.435,18.176,18.435,671503,0
1996-01-15,18.377,18.58,18.353,18.495,543634,0
1996-01-16,18.521,18.521,17.966,18.176,983679,0
1996-01-17,18.231,18.319,18.058,18.143,693648,0
1996-01-18,17.94,17.966,17.797,17.966,1125835,0
1996-01-19,17.94,18,17.822,17.94,1332288,0
1996-01-22,17.94,18.025,17.857,18,1032969,0
1996-01-23,17.94,18.143,17.797,18.025,1681611,0
1996-01-24,18.082,18.402,18.082,18.295,1554811,0
1996-01-25,18.319,18.319,18,18.082,1108336,0
1996-01-26,18.058,18.143,18,18.118,656501,0
1996-01-29,18.143,18.259,18.118,18.201,879739,0
1996-01-30,18.201,18.295,18.176,18.295,518982,0
1996-01-31,18.303,18.513,18.278,18.513,619353,0
1996-02-01,18.419,18.454,18.185,18.185,1025829,0
1996-02-02,18.16,18.185,18.041,18.127,581851,0
1996-02-05,18.127,18.16,17.923,18.1,1000110,0
1996-02-06,18.1,18.278,18.041,18.1,1974856,0
1996-02-07,18.1,18.278,18.064,18.278,1413725,0
1996-02-08,18.303,18.653,18.278,18.477,1548738,0
1996-02-09,18.513,18.773,18.477,18.712,1177628,0
1996-02-12,18.773,19.383,18.773,19.039,1107978,0
1996-02-13,19.006,19.326,18.95,19.125,1071190,0
1996-02-14,19.066,19.1,18.924,19.1,894383,0
1996-02-15,19.039,19.183,18.712,18.712,801517,0
1996-02-16,18.653,18.967,18.596,18.596,1871630,0
1996-02-20,18.596,18.773,18.477,18.477,639353,0
1996-02-21,18.537,18.924,18.537,18.712,890813,0
1996-02-22,18.773,19.326,18.773,19.326,875095,0
1996-02-23,19.36,19.503,18.805,18.982,971535,0
1996-02-26,18.982,19.326,18.982,19.066,653999,0
1996-02-27,19.006,19.125,18.924,19.066,478621,0
1996-02-28,19.1,19.183,18.63,18.63,713648,0
1996-02-29,18.653,19.326,18.63,19.125,932244,0
1996-03-01,18.83,19.16,18.63,19.16,1003323,0
1996-03-04,19.16,19.856,19.16,19.856,902957,0
1996-03-05,19.797,19.797,19.36,19.654,652929,0
1996-03-06,19.596,19.712,19.596,19.654,409687,0
1996-03-07,19.596,19.596,19.276,19.596,683644,0
1996-03-08,19.596,19.89,19.383,19.445,1053685,0
1996-03-11,19.42,20.065,19.301,20.007,1094402,0
1996-03-12,19.772,19.772,19.383,19.621,1169055,0
1996-03-13,19.621,19.68,19.42,19.562,640069,0
1996-03-14,19.477,20.182,19.445,20.093,741509,0
1996-03-15,20.033,20.065,19.596,19.914,1199414,0
1996-03-18,20.033,20.653,20.033,20.477,1062259,0
1996-03-19,20.419,20.561,20.209,20.419,765443,0
1996-03-20,20.419,20.477,19.949,20.065,772587,0
1996-03-21,20.065,20.149,19.856,20.093,478621,0
1996-03-22,20.209,20.444,20.149,20.267,741867,0
1996-03-25,20.3,20.327,19.621,19.856,761154,0
1996-03-26,19.914,20.243,19.914,19.949,833305,0
1996-03-27,19.914,19.914,19.535,19.712,663642,0
1996-03-28,19.68,19.914,19.621,19.829,900099,0
1996-03-29,19.89,20.124,19.712,19.971,1501235,0
1996-04-01,19.856,19.914,19.596,19.914,649714,0
1996-04-02,19.914,19.914,19.596,19.914,609352,0
1996-04-03,19.914,19.914,19.535,19.535,800448,0
1996-04-04,19.596,19.596,19.445,19.503,893672,0
1996-04-08,19.326,19.326,19.066,19.276,612208,0
1996-04-09,19.276,19.535,19.125,19.383,682574,0
1996-04-10,19.326,19.42,19.16,19.216,687574,0
1996-04-11,19.16,19.16,18.773,18.982,761512,0
1996-04-12,19.039,19.301,18.924,19.1,380400,0
1996-04-15,19.125,19.243,19.066,19.243,357539,0
1996-04-16,19.183,19.654,19.066,19.445,623997,0
1996-04-17,19.383,19.535,19.125,19.36,756866,0
1996-04-18,19.36,19.712,19.36,19.68,607924,0
1996-04-19,19.712,19.949,19.596,19.737,884742,0
1996-04-22,19.797,19.914,19.596,19.654,543274,0
1996-04-23,19.654,19.712,19.326,19.477,823661,0
1996-04-24,19.562,19.89,19.535,19.856,486834,0
1996-04-25,19.856,20.182,19.654,20.033,588994,0
1996-04-26,20.007,20.124,19.797,19.856,319321,0
1996-04-29,19.737,19.89,19.654,19.856,387901,0
1996-04-30,19.89,19.89,19.68,19.712,433620,0
1996-05-01,19.637,19.728,19.428,19.578,519342,0
1996-05-02,19.462,19.847,19.462,19.789,757940,0
1996-05-03,19.789,19.847,19.543,19.613,727223,0
1996-05-06,19.578,20.049,19.519,19.932,572205,0
1996-05-07,19.874,19.905,19.637,19.812,643641,0
1996-05-08,19.756,20.14,19.613,20.107,763296,0
1996-05-09,20.049,20.084,19.812,19.989,557917,0
1996-05-10,20.225,20.259,20.14,20.166,361467,0
1996-05-13,20.14,20.611,20.049,20.611,516484,0
1996-05-14,20.611,20.705,20.376,20.552,485408,0
1996-05-15,20.528,20.882,20.528,20.73,585782,0
1996-05-16,20.611,20.73,20.493,20.528,362898,0
1996-05-17,20.786,20.882,20.705,20.821,825446,0
1996-05-20,20.937,20.937,20.436,20.586,514700,0
1996-05-21,20.586,20.821,20.493,20.671,577564,0
1996-05-22,20.705,21.233,20.586,20.998,783655,0
1996-05-23,21.023,21.202,20.552,20.705,617927,0
1996-05-24,20.73,21.083,20.73,20.937,366469,0
1996-05-28,20.998,21.083,20.705,20.882,485771,0
1996-05-29,20.937,21.083,20.644,20.671,300745,0
1996-05-30,20.436,20.552,20.166,20.376,633638,0
1996-05-31,20.259,20.528,20.166,20.376,431833,0
1996-06-03,20.318,20.644,20.199,20.644,527916,0
1996-06-04,20.73,20.73,20.402,20.528,697219,0
1996-06-05,20.493,20.847,20.376,20.847,367178,0
1996-06-06,20.906,20.906,20.493,20.493,525770,0
1996-06-07,20.259,20.342,20.049,20.199,801873,0
1996-06-10,20.259,20.552,20.199,20.402,684716,0
1996-06-11,20.46,20.73,20.225,20.318,456120,0
1996-06-12,20.259,20.376,19.963,19.963,380400,0
1996-06-13,19.989,20.199,19.847,20.025,484341,0
1996-06-14,19.874,19.905,19.789,19.847,432546,0
1996-06-17,19.756,20.084,19.637,19.874,511123,0
1996-06-18,19.905,20.318,19.905,20.107,388260,0
1996-06-19,20.084,20.084,19.756,19.905,569348,0
1996-06-20,19.932,20.107,19.812,19.847,546128,0
1996-06-21,19.847,20.342,19.789,20.342,1325143,0
1996-06-24,20.402,20.493,20.225,20.284,385753,0
1996-06-25,20.342,20.376,20.14,20.259,312888,0
1996-06-26,20.14,20.225,20.049,20.107,432907,0
1996-06-27,20.084,20.284,20.025,20.284,591137,0
1996-06-28,20.342,20.342,20.025,20.025,728649,0
1996-07-01,20.166,20.644,20.107,20.644,496841,0
1996-07-02,20.611,20.611,20.436,20.46,416833,0
1996-07-03,20.436,20.786,20.402,20.586,761512,0
1996-07-05,20.376,20.376,19.789,19.789,360396,0
1996-07-08,19.847,20.199,19.847,19.932,761868,0
1996-07-09,19.989,20.376,19.989,20.225,587566,0
1996-07-10,20.284,20.318,20.14,20.284,737224,0
1996-07-11,20.318,20.318,19.789,20.14,565776,0
1996-07-12,20.14,20.259,19.963,20.025,474338,0
1996-07-15,19.963,19.963,19.31,19.31,741867,0
1996-07-16,19.19,19.284,18.513,18.934,1069046,0
1996-07-17,19.168,19.31,18.896,19.109,776514,0
1996-07-18,19.109,19.284,18.896,19.251,691863,0
1996-07-19,19.31,19.428,19.225,19.342,592563,0
1996-07-22,19.251,19.251,18.934,19.168,549347,0
1996-07-23,19.133,19.578,18.934,19.048,540775,0
1996-07-24,18.896,19.168,18.839,19.168,615782,0
1996-07-25,19.168,19.519,19.109,19.109,507200,0
1996-07-26,19.109,19.225,18.958,19.168,470768,0
1996-07-29,19.109,19.168,19.015,19.075,373254,0
1996-07-30,19.075,19.369,18.934,19.342,426474,0
1996-07-31,19.234,19.477,19.057,19.234,603279,0
1996-08-01,19.177,19.445,19.177,19.36,381833,0
1996-08-02,19.445,19.654,19.445,19.503,453263,0
1996-08-05,19.445,19.923,19.42,19.654,731148,0
1996-08-06,19.596,19.596,19.326,19.445,700432,0
1996-08-07,19.42,19.535,19.36,19.503,655069,0
1996-08-08,19.445,19.654,19.42,19.621,415756,0
1996-08-09,19.654,19.712,19.503,19.562,332180,0
1996-08-12,19.445,19.923,19.326,19.89,541842,0
1996-08-13,19.89,20.1,19.89,20.043,597207,0
1996-08-14,19.98,19.98,19.805,19.89,574706,0
1996-08-15,19.829,20.075,19.829,20.007,510415,0
1996-08-16,20.043,20.191,20.007,20.1,899385,0
1996-08-19,20.131,20.251,20.1,20.251,256455,0
1996-08-20,20.251,20.251,20.1,20.157,468621,0
1996-08-21,20.157,20.191,20.131,20.157,1012967,0
1996-08-22,20.1,20.157,20.007,20.1,483979,0
1996-08-23,20.043,20.043,19.688,19.923,378256,0
1996-08-26,19.89,19.89,19.654,19.746,406116,0
1996-08-27,19.805,19.923,19.746,19.89,603279,0
1996-08-28,19.829,19.89,19.772,19.829,319678,0
1996-08-29,19.772,19.865,19.654,19.746,287886,0
1996-08-30,19.746,19.865,19.746,19.829,465764,0
1996-09-03,19.746,19.923,19.712,19.772,590065,0
1996-09-04,19.746,19.746,19.621,19.688,903669,0
1996-09-05,19.654,19.829,19.654,19.688,999037,0
1996-09-06,19.688,19.89,19.596,19.746,374684,0
1996-09-09,19.805,19.949,19.621,19.923,353969,0
1996-09-10,19.949,20.007,19.688,20.007,616493,0
1996-09-11,19.98,20.191,19.949,20.191,263599,0
1996-09-12,20.217,20.545,20.217,20.428,420043,0
1996-09-13,20.52,20.696,20.52,20.635,847591,0
1996-09-16,20.696,20.812,20.603,20.696,558273,0
1996-09-17,20.635,20.696,20.46,20.635,536847,0
1996-09-18,20.603,20.662,20.484,20.635,458977,0
1996-09-19,20.662,20.906,20.635,20.786,604353,0
1996-09-20,21.023,21.289,20.964,21.258,1424442,0
1996-09-23,21.202,21.202,21.05,21.05,646500,0
1996-09-24,21.083,21.378,21.083,21.316,626854,0
1996-09-25,21.316,21.316,21.175,21.202,750442,0
1996-09-26,21.202,21.378,21.175,21.233,1084403,0
1996-09-27,21.233,21.494,21.233,21.494,859378,0
1996-09-30,21.56,21.821,21.56,21.737,676859,0
1996-10-01,21.703,21.737,21.528,21.737,480767,0
1996-10-02,21.795,22.063,21.763,22.005,506128,0
1996-10-03,21.948,21.948,21.763,21.821,513628,0
1996-10-04,21.88,21.88,21.763,21.821,1059046,0
1996-10-07,21.821,21.821,21.677,21.763,625064,0
1996-10-08,21.621,21.763,21.586,21.763,377542,0
1996-10-09,21.737,21.737,21.316,21.467,562560,0
1996-10-10,21.408,21.528,21.258,21.434,889384,0
1996-10-11,21.677,21.974,21.643,21.948,626854,0
1996-10-14,21.948,21.948,21.763,21.88,396117,0
1996-10-15,22.24,22.98,22.24,22.594,1864484,0
1996-10-16,22.359,22.477,22.124,22.298,1087259,0
1996-10-17,22.359,22.686,22.298,22.594,1217992,0
1996-10-18,22.594,22.686,22.535,22.626,823661,0
1996-10-21,22.594,22.743,22.333,22.477,591137,0
1996-10-22,22.418,22.535,22.359,22.477,841878,0
1996-10-23,21.408,22.626,21.408,22.392,3565031,0
1996-10-24,22.392,22.392,21.948,22.005,2562780,0
1996-10-25,22.005,22.088,21.258,21.763,1711970,0
1996-10-28,21.763,21.948,21.56,21.703,974391,0
1996-10-29,21.703,21.703,21.316,21.494,910458,0
1996-10-30,21.484,21.603,21.219,21.241,689359,0
1996-10-31,21.219,21.545,21.219,21.334,568277,0
1996-11-01,21.393,21.545,21.334,21.393,874378,0
1996-11-04,21.66,21.813,21.603,21.72,807588,0
1996-11-05,21.66,21.78,21.298,21.298,701863,0
1996-11-06,21.298,21.415,20.855,20.855,1148339,0
1996-11-07,20.914,21.033,20.821,20.821,815090,0
1996-11-08,20.821,20.882,20.528,20.739,1935566,0
1996-11-11,20.794,21.219,20.739,21.121,995822,0
1996-11-12,21.121,21.121,20.937,21.006,971535,0
1996-11-13,21.006,21.241,21.006,21.089,510056,0
1996-11-14,21.033,21.415,20.971,21.393,1075474,0
1996-11-15,21.545,21.568,21.334,21.393,1519447,0
1996-11-18,21.415,21.415,21.219,21.273,352179,0
1996-11-19,21.334,21.45,21.147,21.298,522916,0
1996-11-20,21.298,21.298,20.937,21.067,864378,0
1996-11-21,21.033,21.089,20.821,20.937,576134,0
1996-11-22,21.033,21.273,21.033,21.147,357181,0
1996-11-25,21.089,21.415,21.033,21.393,1230844,0
1996-11-26,21.45,21.603,21.147,21.361,816519,0
1996-11-27,21.415,21.545,21.241,21.393,422547,0
1996-11-29,21.45,21.603,21.415,21.545,540775,0
1996-12-02,21.545,21.603,21.361,21.545,769725,0
1996-12-03,21.545,21.66,21.273,21.298,817232,0
1996-12-04,21.241,21.241,20.914,21.147,930099,0
1996-12-05,21.219,21.361,21.121,21.121,814729,0
1996-12-06,20.882,21.089,20.821,20.937,466122,0
1996-12-09,20.937,21.121,20.821,21.089,307535,0
1996-12-10,21.147,21.219,20.971,21.089,770082,0
1996-12-11,20.937,21.089,20.794,20.855,1425868,0
1996-12-12,20.914,21.067,20.671,20.821,1489445,0
1996-12-13,20.761,20.971,20.644,20.821,635427,0
1996-12-16,20.882,20.914,20.402,20.46,684362,0
1996-12-17,20.342,20.46,20.259,20.342,1446228,0
1996-12-18,20.402,20.671,20.376,20.644,1639464,0
1996-12-19,20.761,21.184,20.611,21.147,832947,0
1996-12-20,21.545,21.545,21.147,21.415,1433727,0
1996-12-23,21.361,21.415,20.937,21.147,311104,0
1996-12-24,21.121,21.219,21.033,21.067,146087,0
1996-12-26,21.121,21.241,20.882,21.006,342539,0
1996-12-27,21.067,21.484,21.033,21.393,226095,0
1996-12-30,21.45,21.484,21.298,21.45,278960,0
1996-12-31,21.415,21.484,20.937,21.067,407187,0
1997-01-02,20.882,20.882,20.376,20.586,628281,0
1997-01-03,20.705,21.033,20.671,21.033,909738,0
1997-01-06,21.089,21.147,20.794,20.914,477909,0
1997-01-07,20.855,21.121,20.761,21.089,523272,0
1997-01-08,21.184,21.219,20.761,20.855,516843,0
1997-01-09,20.882,21.484,20.882,21.241,583279,0
1997-01-10,21.067,21.184,20.644,21.184,520412,0
1997-01-13,21.361,21.51,21.273,21.298,666857,0
1997-01-14,21.361,21.51,21.219,21.298,458622,0
1997-01-15,21.241,21.484,21.089,21.415,1044756,0
1997-01-16,21.45,21.484,21.067,21.089,1135481,0
1997-01-17,21.067,21.241,20.937,21.067,963318,0
1997-01-20,21.067,21.067,20.671,20.761,622569,0
1997-01-21,20.761,20.937,20.739,20.855,2365615,0
1997-01-22,20.914,21.121,20.855,21.089,1517308,0
1997-01-23,21.121,21.298,20.937,20.937,1000468,0
1997-01-24,20.937,21.298,20.914,21.184,909385,0
1997-01-27,21.147,21.147,20.914,20.937,931531,0
1997-01-28,21.006,21.121,20.761,20.761,635427,0
1997-01-29,20.821,21.273,20.821,21.121,766871,0
1997-01-30,21.089,21.361,21.033,21.334,706150,0
1997-01-31,21.45,21.484,21.219,21.219,617927,0
1997-02-03,21.147,21.241,21.067,21.219,456120,0
1997-02-04,21.219,21.51,21.147,21.45,378968,0
1997-02-05,21.51,21.652,21.233,21.265,835093,0
1997-02-06,21.265,21.476,21.233,21.442,476837,0
1997-02-07,21.442,21.629,21.114,21.595,649714,0
1997-02-10,21.568,21.686,21.289,21.326,686146,0
1997-02-11,21.51,21.51,21.083,21.233,577208,0
1997-02-12,21.289,21.326,20.964,21.175,766871,0
1997-02-13,21.175,21.265,21.083,21.21,646853,0
1997-02-14,21.265,21.442,21.114,21.361,879739,0
1997-02-18,21.361,21.629,21.21,21.629,723293,0
1997-02-19,21.595,21.595,21.361,21.476,679717,0
1997-02-20,21.476,21.536,21.326,21.476,542557,0
1997-02-21,21.536,21.629,21.386,21.476,1009039,0
1997-02-24,21.415,21.93,21.415,21.93,946531,0
1997-02-25,22.048,22.141,21.595,21.745,1091547,0
1997-02-26,21.72,21.895,21.442,21.536,886883,0
1997-02-27,21.51,21.536,21.386,21.386,894741,0
1997-02-28,21.386,21.956,21.361,21.956,1043684,0
1997-03-03,22.291,22.654,22.291,22.619,1668392,0
1997-03-04,22.558,22.619,22.351,22.409,1484444,0
1997-03-05,22.409,22.409,22.107,22.351,1026182,0
1997-03-06,22.351,23.191,22.351,23.191,1006538,0
1997-03-07,23.282,23.342,22.889,23.04,801517,0
1997-03-10,23.106,23.617,22.829,23.435,496841,0
1997-03-11,23.676,23.676,22.953,22.98,774372,0
1997-03-12,22.829,22.98,22.829,22.98,545061,0
1997-03-13,22.921,23.223,22.442,22.526,491483,0
1997-03-14,22.526,22.921,22.107,22.107,642925,0
1997-03-17,22.165,22.291,22.107,22.141,1052614,0
1997-03-18,22.107,22.861,22.107,22.805,834375,0
1997-03-19,22.805,22.805,22.08,22.232,637568,0
1997-03-20,22.291,22.351,21.87,21.895,486125,0
1997-03-21,22.048,22.316,21.956,22.198,958318,0
1997-03-24,22.198,22.619,22.107,22.558,454692,0
1997-03-25,22.68,22.861,22.015,22.048,445405,0
1997-03-26,22.048,22.258,21.838,21.838,377182,0
1997-03-27,21.895,21.93,21.114,21.289,526129,0
1997-03-31,21.233,21.233,20.545,20.545,842593,0
1997-04-01,20.511,21.023,20.392,20.72,613998,0
1997-04-02,20.545,21.326,20.452,21.21,949390,0
1997-04-03,21.083,21.083,20.419,20.603,602921,0
1997-04-04,20.484,20.755,20.419,20.72,490052,0
1997-04-07,20.72,20.812,20.603,20.72,331823,0
1997-04-08,20.603,20.929,20.452,20.929,655069,0
1997-04-09,21.21,21.289,20.964,20.998,382539,0
1997-04-10,20.964,21.652,20.794,21.536,618637,0
1997-04-11,21.289,21.289,21.083,21.265,921172,0
1997-04-14,21.21,21.21,20.545,20.847,589352,0
1997-04-15,20.906,21.361,20.906,21.326,659716,0
1997-04-16,21.21,21.686,21.175,21.686,595065,0
1997-04-17,21.652,21.804,21.476,21.568,576491,0
1997-04-18,21.629,21.745,21.568,21.745,588994,0
1997-04-21,21.745,21.745,21.21,21.361,644356,0
1997-04-22,21.265,21.78,21.114,21.629,457907,0
1997-04-23,21.442,21.686,21.289,21.686,778659,0
1997-04-24,21.87,21.895,21.442,21.595,585421,0
1997-04-25,21.652,21.745,21.476,21.72,455408,0
1997-04-28,21.652,22.048,21.652,22.048,363256,0
1997-04-29,22.232,22.232,21.686,21.838,668641,0
1997-04-30,21.83,22.015,21.737,21.804,702935,0
1997-05-01,21.652,21.652,21.408,21.586,711505,0
1997-05-02,21.586,22.048,21.586,21.956,802230,0
1997-05-05,21.956,22.829,21.737,22.829,550418,0
1997-05-06,22.829,22.861,22.198,22.258,755083,0
1997-05-07,22.198,22.619,22.072,22.198,577923,0
1997-05-08,22.198,22.409,22.132,22.165,645782,0
1997-05-09,22.351,22.351,21.83,21.981,438619,0
1997-05-12,21.981,22.77,21.956,22.743,761512,0
1997-05-13,22.743,22.743,22.433,22.558,404330,0
1997-05-14,22.743,22.829,22.258,22.258,439332,0
1997-05-15,22.283,22.558,22.258,22.526,281814,0
1997-05-16,22.558,22.861,22.258,22.375,686502,0
1997-05-19,22.409,22.861,22.375,22.861,401115,0
1997-05-20,22.861,23.013,22.829,22.98,1002966,0
1997-05-21,22.98,23.164,22.77,23.131,679003,0
1997-05-22,23.258,23.349,22.953,23.131,525061,0
1997-05-23,23.198,23.617,23.164,23.467,327896,0
1997-05-27,23.349,23.467,23.258,23.375,837230,0
1997-05-28,23.258,23.375,23.164,23.164,776158,0
1997-05-29,23.223,23.592,23.223,23.56,577208,0
1997-05-30,23.467,23.56,23.292,23.56,582561,0
1997-06-02,23.56,23.56,23.407,23.5,328251,0
1997-06-03,23.442,23.745,23.407,23.617,598280,0
1997-06-04,23.592,23.652,23.56,23.592,668641,0
1997-06-05,23.592,23.863,23.592,23.676,1102979,0
1997-06-06,23.676,24.163,23.652,24.047,522559,0
1997-06-09,24.073,24.073,23.836,23.896,271456,0
1997-06-10,23.921,23.987,23.77,23.955,757225,0
1997-06-11,23.987,24.073,23.676,23.712,506483,0
1997-06-12,23.77,23.896,23.676,23.745,707576,0
1997-06-13,23.712,24.408,23.712,24.199,914386,0
1997-06-16,24.256,24.375,24.105,24.375,768655,0
1997-06-17,24.256,24.35,23.955,24.138,964747,0
1997-06-18,24.138,24.375,24.138,24.256,553275,0
1997-06-19,24.315,24.592,24.288,24.464,404330,0
1997-06-20,24.501,24.685,24.501,24.501,1228704,0
1997-06-23,24.439,25.231,24.439,24.987,1115477,0
1997-06-24,25.103,25.407,24.819,25.391,988681,0
1997-06-25,25.29,25.541,25.064,25.366,805091,0
1997-06-26,25.103,25.307,24.375,24.464,558632,0
1997-06-27,24.592,24.879,24.519,24.685,422905,0
1997-06-30,24.743,24.743,24.35,24.439,512197,0
1997-07-01,24.375,25.231,24.375,25.231,698645,0
1997-07-02,25.467,25.912,25.258,25.895,554344,0
1997-07-03,26.079,26.156,25.727,26.061,504698,0
1997-07-07,26.255,26.273,25.97,26.179,636857,0
1997-07-08,26.123,26.667,26.012,26.651,672572,0
1997-07-09,26.667,26.952,26.307,26.348,976536,0
1997-07-10,26.348,26.802,26.348,26.743,600065,0
1997-07-11,26.785,26.926,26.608,26.684,502915,0
1997-07-14,26.684,26.802,26.574,26.708,326107,0
1997-07-15,26.708,26.952,26.422,26.926,587208,0
1997-07-16,26.944,27.231,26.667,27.104,415756,0
1997-07-17,26.869,26.869,26.44,26.634,689720,0
1997-07-18,26.626,26.651,25.97,26.348,893672,0
1997-07-21,26.104,26.381,25.861,26.138,592563,0
1997-07-22,26.255,27.455,26.104,27.382,2225598,0
1997-07-23,27.59,27.744,27.409,27.569,1548383,0
1997-07-24,27.59,27.59,26.684,26.833,1833057,0
1997-07-25,26.926,27.095,26.851,27.095,1460512,0
1997-07-28,27.171,27.382,26.759,26.926,914386,0
1997-07-29,26.802,27.364,26.708,27.063,915102,0
1997-07-30,27.071,27.198,26.921,27.104,594350,0
1997-07-31,26.977,27.279,26.961,27.011,779369,0
1997-08-01,27.011,27.071,26.373,26.626,663286,0
1997-08-04,26.599,26.825,26.431,26.825,606494,0
1997-08-05,26.825,26.935,26.675,26.842,558991,0
1997-08-06,26.794,27.129,26.769,26.935,396832,0
1997-08-07,26.977,27.239,26.785,26.885,543986,0
1997-08-08,26.708,26.794,26.23,26.34,627211,0
1997-08-11,26.457,26.583,26.13,26.28,570420,0
1997-08-12,26.34,26.491,26.114,26.138,603637,0
1997-08-13,26.34,26.34,25.634,25.685,1039758,0
1997-08-14,25.802,25.886,24.617,24.953,1258709,0
1997-08-15,24.75,24.75,24.207,24.207,1121548,0
1997-08-18,24.51,24.918,24.393,24.918,1141551,0
1997-08-19,24.879,24.904,24.173,24.464,1485162,0
1997-08-20,24.617,24.695,24.483,24.66,1110474,0
1997-08-21,24.617,24.633,24.297,24.558,963676,0
1997-08-22,24.375,24.784,24.279,24.784,1156554,0
1997-08-25,24.846,25.258,24.81,25.121,618282,0
1997-08-26,25.121,25.273,24.401,24.768,685432,0
1997-08-27,24.736,24.768,24.393,24.558,667575,0
1997-08-28,24.558,24.558,24.02,24.155,955107,0
1997-08-29,24.082,24.129,23.794,23.904,1043329,0
1997-09-02,24.147,24.401,24.129,24.315,1205490,0
1997-09-03,24.359,24.729,24.24,24.248,1154765,0
1997-09-04,24.207,24.416,24.155,24.24,643641,0
1997-09-05,24.393,24.528,23.912,24.073,604353,0
1997-09-08,24.129,24.375,24.038,24.112,335752,0
1997-09-09,24.24,24.375,23.961,24.005,674000,0
1997-09-10,24.005,24.005,23.703,23.811,882952,0
1997-09-11,23.794,23.794,23.106,23.668,1425152,0
1997-09-12,23.745,24.448,23.745,24.431,687574,0
1997-09-15,24.431,24.66,24.359,24.491,502555,0
1997-09-16,24.81,25.46,24.81,25.407,916885,0
1997-09-17,25.366,25.366,25.047,25.146,725438,0
1997-09-18,25.121,25.516,24.997,25.273,673287,0
1997-09-19,25.273,25.626,25.137,25.609,1155482,0
1997-09-22,25.484,25.516,25.137,25.424,744366,0
1997-09-23,25.213,25.499,25.121,25.499,728649,0
1997-09-24,25.258,25.382,25.146,25.24,841878,0
1997-09-25,25.121,25.24,24.633,24.642,643641,0
1997-09-26,24.584,24.862,24.375,24.6,1156911,0
1997-09-29,24.633,25.273,24.568,25.273,925103,0
1997-09-30,25.137,25.499,24.846,25.181,704363,0
1997-10-01,25.181,25.181,24.936,25.089,835093,0
1997-10-02,25.03,25.407,25.03,25.137,1107261,0
1997-10-03,25.258,25.366,24.81,24.895,898312,0
1997-10-06,24.936,25.121,24.904,24.953,774014,0
1997-10-07,24.904,25.407,24.81,25.407,551131,0
1997-10-08,25.391,25.407,24.846,24.904,999752,0
1997-10-09,24.879,24.879,24.297,24.431,1465158,0
1997-10-10,24.324,24.695,23.961,24.464,1026657,0
1997-10-13,24.784,25.055,24.416,24.695,867236,0
1997-10-14,25.055,25.055,24.464,24.695,889026,0
1997-10-15,24.51,24.558,24.324,24.51,820204,0
1997-10-16,24.6,25.146,23.735,24.098,620305,0
1997-10-17,23.777,24.279,23.686,23.961,925339,0
1997-10-20,24.055,24.6,23.961,24.324,621735,0
1997-10-21,24.558,25.012,24.324,24.784,503028,0
1997-10-22,24.879,25.012,24.375,24.971,723889,0
1997-10-23,24.51,24.736,24.24,24.51,553749,0
1997-10-24,24.784,24.828,24.147,24.19,876881,0
1997-10-27,23.735,24.324,21.904,21.948,674477,0
1997-10-28,22.039,24.055,21.771,23.777,1351338,0
1997-10-29,23.777,24.147,22.727,23.367,947127,0
1997-10-30,23.182,23.827,23.048,23.089,694955,0
1997-10-31,23.416,23.592,23.274,23.5,561133,0
1997-11-03,23.777,24.147,23.643,23.871,1592314,0
1997-11-04,23.777,24.055,23.182,23.553,564466,0
1997-11-05,23.239,23.601,23.097,23.375,590183,0
1997-11-06,23.004,23.191,22.594,22.871,849973,0
1997-11-07,22.544,22.912,22.449,22.778,621375,0
1997-11-10,22.962,23.239,22.778,23.191,490889,0
1997-11-11,23.333,23.601,23.239,23.375,347655,0
1997-11-12,23.191,23.333,22.359,22.359,375038,0
1997-11-13,22.544,23.467,22.504,23.426,665548,0
1997-11-14,23.375,23.375,22.594,22.912,709245,0
1997-11-17,23.004,23.239,22.778,22.871,665786,0
1997-11-18,22.912,23.056,22.359,22.544,825565,0
1997-11-19,22.544,23.191,22.504,22.912,689482,0
1997-11-20,23.56,23.56,23.375,23.508,528505,0
1997-11-21,23.56,23.695,23.097,23.601,851048,0
1997-11-24,23.508,23.836,23.375,23.652,695910,0
1997-11-25,23.695,23.878,23.282,23.467,508273,0
1997-11-26,23.375,23.467,23.191,23.191,867591,0
1997-11-28,23.375,23.426,23.239,23.426,216692,0
1997-12-01,23.426,23.56,23.004,23.426,680908,0
1997-12-02,23.426,23.652,23.056,23.56,565299,0
1997-12-03,23.467,23.56,23.147,23.333,361111,0
1997-12-04,23.426,23.56,22.82,22.82,868904,0
1997-12-05,22.778,23.191,22.727,23.056,1275379,0
1997-12-08,23.147,23.282,22.912,23.282,1468372,0
1997-12-09,23.282,23.282,23.004,23.097,331229,0
1997-12-10,22.449,22.871,22.316,22.871,859973,0
1997-12-11,22.778,22.871,22.594,22.686,830926,0
1997-12-12,22.636,22.727,22.088,22.132,686265,0
1997-12-15,22.182,23.191,22.182,22.82,1019041,0
1997-12-16,22.82,23.239,22.727,23.239,764724,0
1997-12-17,23.239,23.282,22.778,22.912,682933,0
1997-12-18,23.097,23.097,22.132,22.182,576610,0
1997-12-19,21.904,22.449,21.855,22.276,1206797,0
1997-12-22,22.359,22.686,22.316,22.594,1423962,0
1997-12-23,22.409,22.636,21.948,21.948,719127,0
1997-12-24,22.088,22.182,21.904,21.904,546249,0
1997-12-26,22.088,22.088,21.668,21.72,142633,0
1997-12-29,22.039,22.182,21.855,22.039,892596,0
1997-12-30,22.132,22.316,21.948,22.276,779250,0
1997-12-31,22.182,22.962,22.088,22.449,993800,0
1998-01-02,22.686,22.778,22.107,22.276,696743,0
1998-01-05,22.636,22.82,22.544,22.82,781989,0
1998-01-06,22.82,23.097,22.636,22.82,642810,0
1998-01-07,22.82,23.191,22.636,23.191,1197154,0
1998-01-08,22.871,22.912,22.316,22.636,898548,0
1998-01-09,22.544,22.544,21.997,22.088,750321,0
1998-01-12,21.72,22.449,21.72,22.449,1604340,0
1998-01-13,22.727,22.727,22.449,22.636,1026422,0
1998-01-14,22.778,22.778,22.276,22.409,1052140,0
1998-01-15,22.316,22.409,22.088,22.223,584705,0
1998-01-16,22.409,22.449,22.132,22.182,786753,0
1998-01-20,22.182,23.191,22.182,23.191,732584,0
1998-01-21,23.191,23.239,22.594,23.097,1171437,0
1998-01-22,23.097,23.097,22.359,23.056,748297,0
1998-01-23,23.239,23.56,22.544,22.778,801517,0
1998-01-26,22.778,22.778,22.088,22.316,692457,0
1998-01-27,22.223,22.594,22.223,22.449,621258,0
1998-01-28,22.316,23.786,22.316,23.333,986297,0
1998-01-29,23.282,23.93,23.147,23.56,967723,0
1998-01-30,23.375,23.786,23.147,23.239,751747,0
1998-02-02,23.56,23.93,23.426,23.836,587680,0
1998-02-03,23.508,24.393,23.508,24.341,656857,0
1998-02-04,23.652,24.768,23.652,24.584,666503,0
1998-02-05,24.72,24.81,24.121,24.439,449093,0
1998-02-06,24.584,25.047,24.439,24.862,589352,0
1998-02-09,24.81,25.137,24.439,25.137,650427,0
1998-02-10,24.953,25.137,24.768,24.953,655546,0
1998-02-11,24.953,25.46,24.862,25.46,959510,0
1998-02-12,25.46,26.02,25.137,25.926,631974,0
1998-02-13,25.55,25.926,25.416,25.743,451716,0
1998-02-17,25.743,26.156,25.508,26.156,640545,0
1998-02-18,26.431,26.484,26.156,26.389,834971,0
1998-02-19,26.298,26.298,26.02,26.204,755672,0
1998-02-20,26.34,26.802,26.156,26.759,550774,0
1998-02-23,26.944,27.037,26.114,26.617,502789,0
1998-02-24,26.34,26.34,25.693,26.156,515890,0
1998-02-25,26.34,26.34,25.926,26.156,352660,0
1998-02-26,25.97,26.204,25.46,25.784,1619701,0
1998-02-27,25.743,25.877,25.273,25.508,389567,0
1998-03-02,25.55,25.55,25.273,25.46,932128,0
1998-03-03,25.46,25.508,25.323,25.416,949390,0
1998-03-04,25.273,25.46,25.181,25.366,1231917,0
1998-03-05,25.231,25.366,25.137,25.137,541606,0
1998-03-06,25.089,26.249,25.089,26.249,1373602,0
1998-03-09,26.061,26.708,25.837,26.617,543867,0
1998-03-10,26.484,27.263,26.34,27.171,784012,0
1998-03-11,26.986,27.222,26.617,26.944,521487,0
1998-03-12,26.944,27.222,26.484,27.078,553987,0
1998-03-13,27.078,27.222,26.802,26.944,438141,0
1998-03-16,27.222,27.409,26.986,27.409,379803,0
1998-03-17,27.409,28.473,27.409,28.33,989510,0
1998-03-18,28.288,29.119,28.197,28.843,771153,0
1998-03-19,28.843,29.675,28.843,29.632,909144,0
1998-03-20,30.926,30.926,29.675,29.909,1706376,0
1998-03-23,29.161,29.632,28.607,28.885,727578,0
1998-03-24,28.702,29.119,28.567,29.027,403495,0
1998-03-25,28.935,29.027,28.515,28.702,1380501,0
1998-03-26,28.33,28.473,27.775,27.867,1277876,0
1998-03-27,27.867,28.33,27.867,28.102,831162,0
1998-03-30,27.867,28.054,27.59,27.867,594110,0
1998-03-31,27.683,28.145,27.59,27.683,1338839,0
1998-04-01,27.734,28.102,27.409,27.961,721272,0
1998-04-02,27.775,28.422,27.59,27.961,931053,0
1998-04-03,28.145,28.791,28.054,28.515,1099880,0
1998-04-06,28.702,28.935,28.145,28.145,1350268,0
1998-04-07,28.145,28.197,27.449,27.59,675075,0
1998-04-08,27.59,27.59,26.484,26.708,1358123,0
1998-04-09,26.851,26.944,26.114,26.389,970345,0
1998-04-13,26.204,26.249,25.693,26.02,1069281,0
1998-04-14,26.02,26.298,25.643,25.926,839256,0
1998-04-15,26.114,26.298,25.643,26.156,776869,0
1998-04-16,26.156,26.249,25.837,26.249,390515,0
1998-04-17,26.298,26.802,26.061,26.802,761630,0
1998-04-20,26.617,26.617,25.97,26.617,599110,0
1998-04-21,26.114,26.431,25.97,26.061,524221,0
1998-04-22,26.061,26.895,26.02,26.708,844139,0
1998-04-23,26.524,26.524,25.784,25.926,465289,0
1998-04-24,25.743,25.926,24.904,24.904,631260,0
1998-04-27,24.72,24.953,24.439,24.584,897596,0
1998-04-28,24.768,24.862,24.073,24.256,783774,0
1998-04-29,24.501,24.642,24.408,24.552,578034,0
1998-04-30,24.592,25.248,24.592,24.918,754604,0
1998-05-01,25.248,25.339,24.66,25.29,377421,0
1998-05-04,25.709,26.179,25.474,25.944,606613,0
1998-05-05,25.759,25.802,25.432,25.709,397067,0
1998-05-06,26.087,26.087,24.871,24.918,508626,0
1998-05-07,24.828,24.828,24.359,24.552,685432,0
1998-05-08,24.552,25.248,24.552,24.918,415285,0
1998-05-11,24.918,25.248,24.642,24.776,386472,0
1998-05-12,24.776,25.064,24.592,24.871,400996,0
1998-05-13,24.592,25.064,24.592,25.064,559706,0
1998-05-14,25.012,25.895,24.736,25.248,591970,0
1998-05-15,25.524,25.617,24.828,24.918,705437,0
1998-05-18,24.776,25.064,24.408,24.828,596134,0
1998-05-19,24.736,25.064,24.592,24.918,690789,0
1998-05-20,24.918,25.198,24.736,25.156,506128,0
1998-05-21,25.012,25.248,24.828,24.962,1422179,0
1998-05-22,25.103,25.156,24.359,24.408,663642,0
1998-05-26,24.592,24.592,24.038,24.173,803419,0
1998-05-27,24.173,24.173,23.475,23.712,1174294,0
1998-05-28,23.803,23.845,23.475,23.66,2948058,0
1998-05-29,23.568,23.617,23.147,23.426,909144,0
1998-06-01,23.333,23.426,23.198,23.333,908192,0
1998-06-02,23.66,23.66,22.871,23.106,1678276,0
1998-06-03,23.106,23.292,22.912,23.056,632687,0
1998-06-04,23.106,23.66,23.013,23.475,777346,0
1998-06-05,23.66,23.66,23.292,23.475,1159053,0
1998-06-08,23.617,23.66,23.292,23.382,729720,0
1998-06-09,23.617,24.038,23.568,24.038,2034506,0
1998-06-10,23.753,23.845,23.333,23.333,1310737,0
1998-06-11,23.239,23.426,22.82,22.871,722934,0
1998-06-12,22.912,23.106,22.449,22.636,911648,0
1998-06-15,22.359,22.686,22.359,22.504,832590,0
1998-06-16,22.359,22.449,21.755,22.359,1014513,0
1998-06-17,22.359,22.504,22.173,22.267,819611,0
1998-06-18,22.267,22.307,21.703,21.989,1438369,0
1998-06-19,21.989,22.307,21.989,22.216,1175365,0
1998-06-22,22.216,22.216,21.334,21.612,1289783,0
1998-06-23,21.755,21.887,21.568,21.755,1423846,0
1998-06-24,21.755,21.846,21.66,21.846,756866,0
1998-06-25,21.989,22.08,21.755,21.755,758537,0
1998-06-26,21.938,22.307,21.795,21.989,936530,0
1998-06-29,22.267,22.449,21.887,22.216,814729,0
1998-06-30,22.173,22.359,22.124,22.216,529580,0
1998-07-01,22.307,22.307,21.755,22.307,779132,0
1998-07-02,22.307,22.504,21.989,22.359,567800,0
1998-07-06,22.449,22.504,22.173,22.449,470168,0
1998-07-07,22.544,22.594,22.124,22.216,1869489,0
1998-07-08,22.173,22.307,22.031,22.216,1256329,0
1998-07-09,22.216,22.359,21.887,22.08,624954,0
1998-07-10,22.08,22.4,22.08,22.307,557442,0
1998-07-13,22.359,22.359,21.938,21.989,610545,0
1998-07-14,21.989,22.216,21.989,22.08,609589,0
1998-07-15,22.08,22.216,21.989,22.031,430047,0
1998-07-16,21.887,22.359,21.846,22.267,603873,0
1998-07-17,22.544,23.147,22.359,23.106,1107382,0
1998-07-20,23.147,23.292,22.871,23.147,1933781,0
1998-07-21,23.147,23.198,22.504,22.912,486242,0
1998-07-22,22.727,22.962,22.594,22.686,974747,0
1998-07-23,22.636,22.686,22.08,22.08,851162,0
1998-07-24,22.08,22.359,21.887,21.989,606613,0
1998-07-27,21.795,22.173,21.66,21.846,748297,0
1998-07-28,21.795,21.989,21.476,21.476,865330,0
1998-07-29,21.612,22.124,21.612,21.703,895333,0
1998-07-30,21.795,22.594,21.755,22.449,1081069,0
1998-07-31,22.359,22.4,22.031,22.267,812229,0
1998-08-03,22.08,22.359,21.846,22.124,482315,0
1998-08-04,22.307,22.359,20.865,20.964,687336,0
1998-08-05,21.014,21.536,20.644,21.156,1044399,0
1998-08-06,21.156,21.343,20.83,21.014,683047,0
1998-08-07,21.067,21.577,20.83,21.393,588873,0
1998-08-10,21.014,21.156,20.687,20.739,597207,0
1998-08-11,20.687,20.971,20.594,20.971,835093,0
1998-08-12,20.921,21.668,20.921,21.629,605659,0
1998-08-13,21.577,21.771,21.393,21.434,521247,0
1998-08-14,21.393,22.005,21.105,21.249,1012254,0
1998-08-17,21.21,21.72,21.156,21.629,568396,0
1998-08-18,21.434,22.048,21.393,22.048,508030,0
1998-08-19,21.904,22.19,21.72,21.904,388372,0
1998-08-20,21.771,22.097,21.771,22.048,508150,0
1998-08-21,21.863,22.097,21.536,21.956,718174,0
1998-08-24,22.141,22.897,22.048,22.518,504698,0
1998-08-25,22.703,23.592,22.703,23.173,886050,0
1998-08-26,22.797,23.131,21.904,22.283,1379910,0
1998-08-27,21.904,22.232,21.393,21.629,606379,0
1998-08-28,21.72,22.005,21.629,21.629,573992,0
1998-08-31,21.668,21.956,20.739,21.156,727223,0
1998-09-01,20.971,22.424,20.83,22.232,929740,0
1998-09-02,22.232,22.424,21.668,21.72,676381,0
1998-09-03,21.536,21.577,20.83,21.014,702693,0
1998-09-04,21.21,22.097,21.014,22.097,576971,0
1998-09-08,22.468,22.797,21.956,22.751,686741,0
1998-09-09,22.703,22.751,21.668,21.863,432310,0
1998-09-10,21.668,22.283,21.434,22.283,686146,0
1998-09-11,21.904,22.232,21.629,22.005,437902,0
1998-09-14,22.19,23.131,22.19,22.845,680668,0
1998-09-15,22.61,23.553,22.61,23.407,345750,0
1998-09-16,23.223,23.267,22.797,23.267,462786,0
1998-09-17,22.662,23.173,22.61,22.845,319678,0
1998-09-18,22.845,23.131,22.232,22.61,773774,0
1998-09-21,22.141,23.643,21.863,22.989,666264,0
1998-09-22,23.358,23.358,22.424,22.989,615663,0
1998-09-23,22.939,23.643,22.797,23.032,799968,0
1998-09-24,22.845,22.897,22.19,22.232,883549,0
1998-09-25,22.232,22.518,22.005,22.097,1062735,0
1998-09-28,22.097,22.797,22.048,22.283,877593,0
1998-09-29,22.424,22.468,22.005,22.048,599825,0
1998-09-30,22.097,22.283,21.668,21.813,613160,0
1998-10-01,21.813,21.813,21.105,21.393,814254,0
1998-10-02,21.434,22.333,21.434,21.904,667453,0
1998-10-05,21.771,21.863,20.83,21.484,983319,0
1998-10-06,21.484,21.813,21.249,21.393,806396,0
1998-10-07,21.771,22.097,21.156,21.536,748531,0
1998-10-08,21.393,21.629,20.594,21.067,627448,0
1998-10-09,21.771,21.956,21.343,21.393,791159,0
1998-10-12,21.771,22.048,21.434,21.668,283960,0
1998-10-13,22.048,22.518,21.577,21.904,548991,0
1998-10-14,22.005,22.703,21.813,22.283,643521,0
1998-10-15,22.097,23.735,21.904,23.553,740320,0
1998-10-16,24.02,24.677,23.735,24.584,1111071,0
1998-10-19,24.677,25.331,24.677,25.189,856162,0
1998-10-20,25.096,26.221,25.096,25.895,1536595,0
1998-10-21,25.331,25.709,24.768,25.146,754604,0
1998-10-22,25.146,25.189,24.536,24.819,770799,0
1998-10-23,24.624,24.72,24.02,24.02,760439,0
1998-10-26,24.256,24.256,23.878,24.02,578519,0
1998-10-27,24.02,24.155,23.316,23.592,738176,0
1998-10-28,23.267,23.459,22.939,22.939,1164651,0
1998-10-29,22.751,22.797,22.141,22.703,1153104,0
1998-10-30,22.703,24.72,22.61,24.72,868430,0
1998-11-02,24.72,24.819,23.971,24.768,797588,0
1998-11-03,24.584,24.624,23.971,24.297,645664,0
1998-11-04,24.263,24.879,24.216,24.307,953675,0
1998-11-05,24.307,25.258,24.163,25.205,543274,0
1998-11-06,25.022,25.532,24.918,25.532,613520,0
1998-11-09,25.634,25.634,25.112,25.258,705075,0
1998-11-10,25.064,25.676,25.022,25.676,717576,0
1998-11-11,25.676,25.676,25.112,25.399,603873,0
1998-11-12,24.918,25.022,24.501,24.736,686146,0
1998-11-13,24.879,24.918,24.448,24.736,458384,0
1998-11-16,24.918,25.727,24.828,25.727,560062,0
1998-11-17,25.441,25.532,24.448,24.501,656141,0
1998-11-18,24.163,24.501,23.978,24.163,765319,0
1998-11-19,24.163,24.263,23.978,24.121,430403,0
1998-11-20,24.543,25.112,24.216,24.879,625543,0
1998-11-23,25.064,25.399,24.685,25.399,566129,0
1998-11-24,25.112,25.156,24.359,24.642,713887,0
1998-11-25,24.642,24.918,24.408,24.592,571372,0
1998-11-27,24.408,24.501,23.836,23.836,283249,0
1998-11-30,24.029,24.263,22.845,22.939,1000110,0
1998-12-01,23.223,23.745,22.845,23.367,1426222,0
1998-12-02,23.508,23.601,23.04,23.367,454809,0
1998-12-03,23.367,23.695,22.518,22.61,611850,0
1998-12-04,23.04,23.274,22.989,23.173,425760,0
1998-12-07,23.274,23.274,22.703,22.939,309913,0
1998-12-08,22.751,22.897,22.424,22.61,596257,0
1998-12-09,22.468,22.897,22.048,22.897,1144409,0
1998-12-10,22.703,22.897,22.558,22.845,417666,0
1998-12-11,23.04,23.695,22.727,23.223,1336336,0
1998-12-14,22.939,23.652,22.845,23.652,911049,0
1998-12-15,23.223,23.695,23.131,23.223,1566597,0
1998-12-16,23.223,23.223,22.662,22.662,605186,0
1998-12-17,22.751,23.081,22.375,23.081,1174056,0
1998-12-18,22.897,23.04,22.61,22.989,922365,0
1998-12-21,22.845,23.367,22.845,23.04,672811,0
1998-12-22,23.04,23.04,22.468,22.845,548991,0
1998-12-23,22.662,23.316,22.61,23.081,444929,0
1998-12-24,23.081,23.367,23.081,23.367,105847,0
1998-12-28,23.274,23.316,22.897,23.081,405878,0
1998-12-29,23.04,23.553,23.04,23.553,454456,0
1998-12-30,23.508,23.553,23.223,23.416,484573,0
1998-12-31,23.416,24.163,23.173,23.93,795564,0
1999-01-04,23.459,24.307,23.223,23.836,792822,0
1999-01-05,23.93,24.073,23.131,23.416,862235,0
1999-01-06,23.223,24.029,23.081,23.794,1343475,0
1999-01-07,23.508,23.745,23.316,23.553,589352,0
1999-01-08,23.367,23.93,23.223,23.794,1264895,0
1999-01-11,23.978,23.978,23.223,23.274,763534,0
1999-01-12,23.274,23.274,21.904,22.182,1341220,0
1999-01-13,21.904,22.468,21.528,21.948,1306096,0
1999-01-14,21.904,22.088,21.712,21.904,1009991,0
1999-01-15,22.088,22.182,21.386,21.712,1178699,0
1999-01-19,21.621,21.712,21.147,21.476,1142625,0
1999-01-20,21.289,21.476,21.059,21.386,1277876,0
1999-01-21,21.334,21.904,21.289,21.668,1285377,0
1999-01-22,21.668,22.048,21.193,21.568,709004,0
1999-01-25,21.528,21.668,20.954,21.006,865449,0
1999-01-26,21.006,21.147,20.812,20.812,815923,0
1999-01-27,20.812,21.334,20.68,20.68,1684589,0
1999-01-28,20.68,21.059,20.627,20.68,478864,0
1999-01-29,20.77,20.954,20.392,20.812,1576241,0
1999-02-01,20.812,21.241,20.579,20.72,789372,0
1999-02-02,20.579,20.72,19.923,20.3,746153,0
1999-02-03,20.452,20.687,20.209,20.493,566965,0
1999-02-04,20.594,21.974,20.209,21.974,1608389,0
1999-02-05,22.063,22.063,21.595,22.063,1102979,0
1999-02-08,21.494,21.686,21.21,21.45,807112,0
1999-02-09,21.114,21.78,21.067,21.402,959031,0
1999-02-10,21.352,21.974,21.352,21.545,972726,0
1999-02-11,21.307,22.207,21.307,21.974,951770,0
1999-02-12,21.921,21.974,21.067,21.352,868073,0
1999-02-16,21.494,21.78,21.352,21.78,532795,0
1999-02-17,21.402,21.83,21.21,21.258,678285,0
1999-02-18,21.494,21.545,20.971,21.166,808780,0
1999-02-19,21.545,21.595,21.21,21.352,554463,0
1999-02-22,21.352,21.686,21.166,21.595,788416,0
1999-02-23,21.635,21.635,21.067,21.114,715669,0
1999-02-24,21.307,21.494,21.21,21.307,771751,0
1999-02-25,21.494,21.494,21.21,21.258,638998,0
1999-02-26,21.45,21.595,21.023,21.023,734842,0
1999-03-01,21.635,21.635,21.114,21.307,1019755,0
1999-03-02,21.494,21.494,20.971,21.067,626854,0
1999-03-03,21.023,21.258,20.83,21.114,512079,0
1999-03-04,21.307,22.063,21.21,21.635,882001,0
1999-03-05,22.165,22.351,21.88,22.258,707576,0
1999-03-08,22.165,22.165,21.545,21.737,539226,0
1999-03-09,21.88,22.207,21.78,22.115,724839,0
1999-03-10,22.307,22.594,22.258,22.544,769962,0
1999-03-11,22.449,22.636,22.351,22.594,565536,0
1999-03-12,22.594,23.064,22.494,22.778,631142,0
1999-03-15,22.494,22.778,22.207,22.686,521247,0
1999-03-16,22.4,23.206,22.4,22.88,674356,0
1999-03-17,22.88,22.921,22.165,22.165,639236,0
1999-03-18,22.307,22.636,22.165,22.307,465289,0
1999-03-19,22.829,22.829,22.165,22.165,740555,0
1999-03-22,22.165,22.544,22.063,22.165,700313,0
1999-03-23,21.974,21.974,21.067,21.114,994752,0
1999-03-24,21.114,21.402,20.83,21.067,923670,0
1999-03-25,21.023,21.307,20.882,21.067,726865,0
1999-03-26,21.067,21.067,20.778,20.921,574584,0
1999-03-29,20.921,21.494,20.921,21.494,648640,0
1999-03-30,20.739,21.166,20.739,21.023,897839,0
1999-03-31,21.023,21.114,19.971,20.065,1021898,0
1999-04-01,20.065,20.065,19.401,19.688,1290617,0
1999-04-05,20.065,20.402,19.881,20.259,1488018,0
1999-04-06,20.259,20.309,19.401,19.737,830805,0
1999-04-07,19.779,20.116,19.779,19.971,667812,0
1999-04-08,19.971,20.209,19.737,19.971,661617,0
1999-04-09,20.309,20.309,19.779,20.065,826278,0
1999-04-12,20.209,20.452,20.065,20.351,589111,0
1999-04-13,20.259,20.402,19.637,19.971,714246,0
1999-04-14,19.596,21.067,19.596,20.83,1228230,0
1999-04-15,21.21,22.063,21.114,21.78,1142743,0
1999-04-16,21.78,22.307,21.545,22.307,890813,0
1999-04-19,22.115,24.256,22.115,23.398,1844012,0
1999-04-20,23.398,23.398,22.258,22.307,758893,0
1999-04-21,22.636,22.829,21.974,22.494,810682,0
1999-04-22,22.165,22.734,22.063,22.594,792228,0
1999-04-23,22.494,22.829,22.063,22.115,406235,0
1999-04-26,22.115,22.594,22.115,22.351,452072,0
1999-04-27,22.594,23.349,22.449,23.258,627211,0
1999-04-28,23.442,24.543,23.442,24.013,843545,0
1999-04-29,24.155,25.064,24.064,24.776,1464563,0
1999-04-30,24.971,25.399,24.776,25.112,968317,0
1999-05-03,24.685,26.634,24.155,26.634,1345146,0
1999-05-04,26.061,26.725,25.92,26.675,1253591,0
1999-05-05,26.642,27.171,26.307,27.171,1029041,0
1999-05-06,26.59,27.552,26.5,27.356,1201914,0
1999-05-07,27.455,27.885,27.121,27.692,2967345,0
1999-05-10,27.313,27.552,26.692,27.356,1006538,0
1999-05-11,27.263,27.356,26.926,27.071,767584,0
1999-05-12,26.878,27.313,26.59,27.313,1166076,0
1999-05-13,27.313,27.692,26.977,27.597,1242514,0
1999-05-14,27.356,27.552,26.977,27.213,736153,0
1999-05-17,27.213,27.313,26.785,27.213,1213587,0
1999-05-18,26.833,26.833,25.541,26.114,1609698,0
1999-05-19,26.307,26.735,26.164,26.398,601016,0
1999-05-20,26.735,26.878,26.356,26.356,630543,0
1999-05-21,26.398,26.977,26.213,26.255,849499,0
1999-05-24,26.398,26.878,25.735,25.83,1466825,0
1999-05-25,25.776,26.02,24.776,24.776,1364074,0
1999-05-26,25.156,25.491,24.491,25.451,790681,0
1999-05-27,24.871,25.298,24.491,24.491,743296,0
1999-05-28,24.491,25.348,24.491,25.156,473621,0
1999-06-01,25.064,25.97,24.918,25.83,549584,0
1999-06-02,25.776,25.83,25.112,25.298,493627,0
1999-06-03,25.258,25.593,24.729,25.451,526483,0
1999-06-04,25.634,25.97,25.399,25.92,330511,0
1999-06-07,25.92,26.114,25.735,26.114,397898,0
1999-06-08,26.02,26.5,26.02,26.255,326705,0
1999-06-09,26.448,26.5,25.877,26.02,471123,0
1999-06-10,25.83,26.642,25.685,26.59,533869,0
1999-06-11,26.785,26.833,25.451,25.735,717935,0
1999-06-14,25.92,26.59,25.877,26.55,824494,0
1999-06-15,26.5,26.692,26.164,26.307,623044,0
1999-06-16,26.5,26.642,25.156,25.205,855331,0
1999-06-17,24.729,24.871,24.055,24.105,1443966,0
1999-06-18,24.155,24.439,23.728,24.105,1403607,0
1999-06-21,24.491,24.491,23.912,24.155,429571,0
1999-06-22,23.961,24.013,23.626,23.912,388971,0
1999-06-23,23.728,24.105,23.577,23.912,526366,0
1999-06-24,23.871,24.248,23.819,24.013,623283,0
1999-06-25,24.297,24.297,23.728,23.728,875095,0
1999-06-28,23.912,24.105,23.728,23.77,841757,0
1999-06-29,23.342,23.535,23.106,23.198,860807,0
1999-06-30,23.147,23.483,22.626,23.056,875929,0
1999-07-01,23.056,23.342,22.671,22.953,1627556,0
1999-07-02,23.004,23.961,22.861,23.535,541962,0
1999-07-06,23.342,23.342,22.813,22.953,791159,0
1999-07-07,22.953,23.106,22.77,23.056,642452,0
1999-07-08,22.953,23.106,22.813,22.953,1313121,0
1999-07-09,22.77,22.953,22.626,22.861,471837,0
1999-07-12,22.77,22.912,22.526,22.526,393852,0
1999-07-13,22.433,22.813,22.433,22.575,559583,0
1999-07-14,22.005,22.333,21.904,22.005,886761,0
1999-07-15,22.005,22.291,22.005,22.005,1787693,0
1999-07-16,22.19,23.004,22.19,23.004,1594341,0
1999-07-19,22.861,23.39,22.77,23.248,634235,0
1999-07-20,23.004,23.106,22.72,22.813,488149,0
1999-07-21,22.861,23.292,22.333,22.333,441357,0
1999-07-22,22.384,22.575,21.904,22.15,471001,0
1999-07-23,22.19,22.526,22.097,22.24,481720,0
1999-07-26,22.19,22.912,22.19,22.861,476357,0
1999-07-27,23.056,23.198,22.77,23.004,589467,0
1999-07-28,23.198,23.198,22.77,23.056,776036,0
1999-07-29,22.861,22.861,22.24,22.671,920100,0
1999-07-30,22.626,22.77,22.333,22.384,581969,0
1999-08-02,22.433,22.912,22.19,22.671,453263,0
1999-08-03,22.626,22.671,22.477,22.626,418496,0
1999-08-04,22.584,22.921,22.343,22.442,425045,0
1999-08-05,22.442,22.829,21.771,22.535,535059,0
1999-08-06,22.636,22.727,21.956,22.005,898194,0
1999-08-09,22.298,22.494,22.107,22.298,621375,0
1999-08-10,22.298,22.298,21.425,21.425,713412,0
1999-08-11,21.621,21.863,20.946,21.138,516128,0
1999-08-12,21.193,21.577,21.089,21.138,615903,0
1999-08-13,21.425,21.577,21.138,21.577,678527,0
1999-08-16,21.528,21.771,21.528,21.621,552202,0
1999-08-17,21.771,21.863,21.528,21.668,902597,0
1999-08-18,21.668,21.668,21.577,21.621,540535,0
1999-08-19,21.577,21.771,21.386,21.72,618637,0
1999-08-20,21.912,21.956,21.577,21.956,404687,0
1999-08-23,22.107,22.249,21.621,22.249,408734,0
1999-08-24,22.054,22.636,21.72,21.956,373374,0
1999-08-25,22.249,22.343,21.956,22.15,528390,0
1999-08-26,22.15,22.343,21.386,21.476,364563,0
1999-08-27,21.386,21.771,21.386,21.476,545061,0
1999-08-30,21.281,21.476,20.611,20.662,684000,0
1999-08-31,20.662,20.9,20.174,20.174,1128814,0
1999-09-01,20.033,20.225,19.645,20.225,1353836,0
1999-09-02,20.225,20.277,19.645,20.131,507555,0
1999-09-03,20.327,21.334,20.033,21.233,712335,0
1999-09-07,21.281,21.425,20.946,21.193,585301,0
1999-09-08,20.998,21.193,20.755,20.998,562322,0
1999-09-09,20.998,21.089,20.033,20.225,1195845,0
1999-09-10,20.419,20.946,20.225,20.946,940815,0
1999-09-13,20.946,20.946,20.419,20.9,416709,0
1999-09-14,20.755,20.9,20.611,20.803,349799,0
1999-09-15,21.089,21.476,20.9,20.998,588277,0
1999-09-16,20.998,21.334,20.47,20.9,562799,0
1999-09-17,20.9,20.998,20.611,20.9,654594,0
1999-09-20,20.755,20.803,20.419,20.611,303962,0
1999-09-21,20.419,20.662,19.939,20.131,1157507,0
1999-09-22,20.084,20.419,19.837,20.277,938197,0
1999-09-23,20.277,20.277,19.837,19.98,589467,0
1999-09-24,19.939,20.131,19.645,19.89,623044,0
1999-09-27,20.084,20.174,19.31,19.452,980821,0
1999-09-28,19.36,19.645,18.973,19.553,563039,0
1999-09-29,19.553,19.645,18.588,18.924,718645,0
1999-09-30,19.066,19.452,18.88,18.88,1300497,0
1999-10-01,18.88,19.31,18.303,18.973,797945,0
1999-10-04,18.973,19.553,18.973,19.503,445762,0
1999-10-05,19.31,19.31,18.345,18.495,656379,0
1999-10-06,18.782,19.023,18.345,18.495,1036423,0
1999-10-07,18.303,18.445,17.966,17.966,1317522,0
1999-10-08,17.724,17.773,17.192,17.335,1519686,0
1999-10-11,17.142,17.284,16.562,17.093,1850556,0
1999-10-12,18.008,18.058,17.437,17.58,2107966,0
1999-10-13,17.622,17.67,16.898,17.192,889503,0
1999-10-14,17.192,17.247,16.948,17.093,1085831,0
1999-10-15,17.093,17.093,16.472,16.713,1577551,0
1999-10-18,16.713,16.858,16.369,16.614,1385864,0
1999-10-19,16.948,17.437,16.858,17.051,1069999,0
1999-10-20,17.247,17.247,16.614,16.808,2265603,0
1999-10-21,16.858,16.948,16.664,16.948,1941046,0
1999-10-22,16.948,17.192,16.858,17.142,1844962,0
1999-10-25,17.335,17.476,17.001,17.335,789372,0
1999-10-26,17.335,17.67,16.948,16.948,1151790,0
1999-10-27,17.386,18.008,17.284,17.724,633524,0
1999-10-28,18.109,18.638,18.008,18.394,1135004,0
1999-10-29,18.394,18.88,18.394,18.83,702218,0
1999-11-01,18.83,19.168,18.588,19.023,907242,0
1999-11-02,19.023,19.023,18.687,18.73,720077,0
1999-11-03,18.79,18.839,18.402,18.402,1783765,0
1999-11-04,18.402,18.79,18.402,18.504,628403,0
1999-11-05,18.504,18.596,18.16,18.21,564825,0
1999-11-08,18.21,18.504,18.064,18.402,749249,0
1999-11-09,18.79,18.839,18.259,18.454,608400,0
1999-11-10,18.259,18.646,18.064,18.544,745440,0
1999-11-11,18.353,18.596,18.21,18.454,439925,0
1999-11-12,18.454,18.941,18.454,18.941,537203,0
1999-11-15,18.941,18.982,18.596,18.839,606137,0
1999-11-17,19.177,19.276,18.017,18.646,3348697,0
1999-11-18,18.544,18.596,17.865,18.454,664000,0
1999-11-19,18.353,18.402,17.966,18.017,497317,0
1999-11-22,18.017,18.064,17.386,17.386,998681,0
1999-11-23,17.476,17.476,16.993,17.386,795679,0
1999-11-24,17.284,17.284,16.798,16.948,808537,0
1999-11-26,16.798,17.184,16.798,17.042,188115,0
1999-11-29,17.042,17.093,16.705,16.705,1126072,0
1999-11-30,16.705,16.798,16.606,16.606,1306567,0
1999-12-01,16.656,16.705,16.553,16.656,929506,0
1999-12-02,16.656,16.705,16.412,16.412,993558,0
1999-12-03,16.359,16.851,16.314,16.656,1949734,0
1999-12-06,16.553,16.656,16.464,16.606,843304,0
1999-12-07,16.606,16.705,16.314,16.553,1645891,0
1999-12-08,16.606,16.851,16.271,16.412,923554,0
1999-12-09,16.412,16.656,16.168,16.168,2076891,0
1999-12-10,16.218,16.553,16.12,16.553,1228348,0
1999-12-13,16.553,16.746,16.412,16.606,2560989,0
1999-12-14,16.512,16.606,16.075,16.464,916053,0
1999-12-15,16.359,16.606,16.075,16.412,1443606,0
1999-12-16,16.314,16.553,16.218,16.464,1922710,0
1999-12-17,16.464,17.865,16.359,17.386,1685064,0
1999-12-20,17.476,17.476,16.314,16.764,1301096,0
1999-12-21,16.314,16.359,15.345,15.832,1428486,0
1999-12-22,15.632,15.679,15.243,15.345,2083677,0
1999-12-23,15.297,16.025,15.297,15.872,1054044,0
1999-12-27,16.025,16.553,15.872,15.927,879856,0
1999-12-28,16.025,16.359,15.927,16.025,751991,0
1999-12-29,16.12,16.218,15.975,16.168,494933,0
1999-12-30,15.975,16.12,15.832,16.075,568751,0
1999-12-31,15.872,15.927,15.538,15.927,437070,0
2000-01-03,15.732,15.832,15.395,15.632,826521,0
2000-01-04,15.632,15.832,15.437,15.732,1023446,0
2000-01-05,15.732,15.832,15.345,15.632,1154057,0
2000-01-06,15.679,16.746,15.297,16.553,1655773,0
2000-01-07,16.512,16.606,15.927,16.075,870094,0
2000-01-10,16.168,16.553,15.832,16.553,833901,0
2000-01-11,16.412,16.851,16.359,16.606,892596,0
2000-01-12,16.798,16.948,16.271,16.464,793418,0
2000-01-13,16.656,17.67,16.553,16.898,1260733,0
2000-01-14,16.898,16.993,16.512,16.656,1037375,0
2000-01-18,16.314,16.314,15.632,15.832,1489806,0
2000-01-19,15.732,15.872,15.538,15.589,1362884,0
2000-01-20,15.589,15.732,14.907,15.345,2748156,0
2000-01-21,15.538,15.538,15.102,15.297,867236,0
2000-01-24,15.49,15.49,14.715,14.715,885570,0
2000-01-25,14.756,15.395,14.229,14.615,1009632,0
2000-01-26,14.321,14.562,13.446,13.792,2007479,0
2000-01-27,14.078,14.321,13.446,13.599,2207382,0
2000-01-28,13.405,13.741,13.253,13.405,1899016,0
2000-01-31,13.405,13.446,12.868,13.205,1559096,0
2000-02-01,13.01,13.405,13.01,13.01,1218820,0
2000-02-02,13.018,13.168,12.775,12.826,1269066,0
2000-02-03,12.875,12.977,12.582,12.633,1220609,0
2000-02-04,12.633,12.724,12.185,12.378,1505876,0
2000-02-07,12.582,12.925,12.378,12.775,1488018,0
2000-02-08,12.582,12.775,12.034,12.088,1343717,0
2000-02-09,12.484,12.529,12.034,12.034,2016052,0
2000-02-10,12.185,12.378,11.793,11.793,2154874,0
2000-02-11,12.034,12.034,11.446,11.5,1174174,0
2000-02-14,11.793,12.29,11.651,11.893,2835188,0
2000-02-15,11.893,12.185,11.793,11.944,1277041,0
2000-02-16,11.993,12.088,11.549,11.993,1982236,0
2000-02-17,11.651,11.944,11.549,11.651,1401104,0
2000-02-18,11.74,11.893,11.651,11.651,1246563,0
2000-02-22,11.549,12.034,11.549,11.893,1219655,0
2000-02-23,11.699,11.793,11.549,11.598,1451108,0
2000-02-24,11.598,11.598,10.76,10.809,2595756,0
2000-02-25,10.809,11.053,10.76,10.809,2290365,0
2000-02-28,11.053,11.103,10.665,10.96,3410490,0
2000-02-29,10.96,11.103,10.567,10.665,2648380,0
2000-03-01,10.708,11.154,10.567,10.911,1825913,0
2000-03-02,10.96,10.96,10.322,10.567,2184165,0
2000-03-03,10.567,11.103,10.516,10.96,1429322,0
2000-03-06,10.809,10.809,10.27,10.516,1286448,0
2000-03-07,10.516,10.617,9.979,10.171,1967592,0
2000-03-08,10.222,10.466,10.121,10.171,1218940,0
2000-03-09,10.222,10.416,10.028,10.374,1227036,0
2000-03-10,10.171,10.374,10.071,10.374,1645652,0
2000-03-13,10.121,10.322,9.979,10.171,1430394,0
2000-03-14,10.121,10.121,9.979,10.028,2228454,0
2000-03-15,10.121,10.76,10.028,10.708,1928659,0
2000-03-16,10.911,11.893,10.86,11.893,2628737,0
2000-03-17,11.893,12.529,11.793,12.484,2748751,0
2000-03-20,12.529,12.582,11.549,11.793,1253468,0
2000-03-21,11.549,11.842,11.306,11.793,899028,0
2000-03-22,11.793,11.944,11.446,11.74,1042017,0
2000-03-23,11.598,11.74,11.253,11.306,942961,0
2000-03-24,11.206,11.549,10.96,11.206,1137028,0
2000-03-27,11.398,11.793,11.206,11.793,1212514,0
2000-03-28,11.549,11.74,10.86,10.911,1140959,0
2000-03-29,11.013,11.356,10.911,11.013,864620,0
2000-03-30,11.013,11.306,10.911,11.103,1089165,0
2000-03-31,11.053,11.5,10.86,11.206,1569338,0
2000-04-03,11.306,11.598,11.154,11.306,1604701,0
2000-04-04,11.398,11.893,11.398,11.651,1651368,0
2000-04-05,11.793,12.683,11.793,12.529,2107726,0
2000-04-06,12.582,13.069,12.484,12.484,1582672,0
2000-04-07,12.529,12.977,12.236,12.875,2220717,0
2000-04-10,12.826,12.925,12.724,12.826,1081190,0
2000-04-11,12.826,14.151,12.826,13.859,1984860,0
2000-04-12,14.151,15.084,13.859,13.91,1704113,0
2000-04-13,13.96,13.96,13.168,13.705,856762,0
2000-04-14,13.32,13.565,12.826,13.414,1171196,0
2000-04-17,13.365,13.565,13.069,13.271,1086306,0
2000-04-18,13.222,13.758,12.826,13.565,1053089,0
2000-04-19,13.565,14.052,13.32,13.758,919504,0
2000-04-20,13.81,13.81,13.069,13.463,880687,0
2000-04-24,13.463,13.859,13.365,13.705,846523,0
2000-04-25,14.002,14.649,13.933,14.497,863784,0
2000-04-26,14.649,14.842,14.052,14.253,705908,0
2000-04-27,14.052,14.253,13.705,13.91,1020469,0
2000-04-28,13.758,13.96,13.069,13.859,1000703,0
2000-05-01,14.052,14.151,13.614,13.859,1002134,0
2000-05-02,13.758,13.758,13.365,13.667,929984,0
2000-05-03,13.573,13.917,13.423,13.423,935935,0
2000-05-04,13.32,13.374,12.925,12.977,755912,0
2000-05-05,12.977,13.968,12.977,13.723,1194773,0
2000-05-08,13.723,14.37,13.723,14.27,699481,0
2000-05-09,14.462,15.111,14.462,14.97,1326454,0
2000-05-10,14.97,15.016,14.615,14.816,1479445,0
2000-05-11,14.816,15.314,14.816,15.111,1558979,0
2000-05-12,15.163,15.563,15.111,15.361,1118217,0
2000-05-15,15.361,15.463,15.057,15.111,728766,0
2000-05-16,15.163,15.657,15.111,15.657,686387,0
2000-05-17,15.513,15.657,15.163,15.314,412426,0
2000-05-18,15.207,15.563,15.163,15.361,858782,0
2000-05-19,15.111,15.262,14.868,14.916,859973,0
2000-05-22,15.016,15.057,14.462,14.766,818896,0
2000-05-23,14.615,14.816,14.421,14.615,611140,0
2000-05-24,14.816,14.816,14.321,14.666,879856,0
2000-05-25,14.615,14.868,13.917,13.917,597922,0
2000-05-26,13.917,14.27,13.423,13.723,1056540,0
2000-05-30,13.774,14.168,13.774,14.019,1475280,0
2000-05-31,14.019,14.37,14.019,14.168,1185962,0
2000-06-01,14.321,15.111,14.27,14.868,1080832,0
2000-06-02,15.111,15.657,14.97,15.563,1062375,0
2000-06-05,15.361,15.563,14.816,14.916,594948,0
2000-06-06,14.37,14.868,13.968,14.222,690312,0
2000-06-07,14.222,14.615,14.119,14.168,454456,0
2000-06-08,14.321,14.321,13.674,13.866,517321,0
2000-06-09,14.222,14.321,13.866,14.27,512436,0
2000-06-12,14.462,14.715,14.168,14.37,546128,0
2000-06-13,14.666,14.666,14.119,14.222,621497,0
2000-06-14,14.019,14.222,13.573,13.674,575779,0
2000-06-15,13.624,13.774,13.128,13.271,962362,0
2000-06-16,13.222,13.423,13.028,13.052,1110715,0
2000-06-19,13.028,13.271,12.673,12.826,1067379,0
2000-06-20,12.724,12.775,12.228,12.33,1316808,0
2000-06-21,12.724,12.724,12.378,12.484,868430,0
2000-06-22,12.176,12.484,11.884,11.977,1529570,0
2000-06-23,12.025,12.484,11.977,12.079,1131076,0
2000-06-26,12.176,12.529,12.176,12.43,967486,0
2000-06-27,12.529,12.625,12.228,12.378,607924,0
2000-06-28,12.625,12.925,12.529,12.691,1333241,0
2000-06-29,12.673,12.724,12.378,12.529,841162,0
2000-06-30,12.484,12.582,11.732,11.834,1854485,0
2000-07-03,12.079,12.529,12.025,12.43,603040,0
2000-07-05,12.33,12.875,12.33,12.484,856994,0
2000-07-06,12.925,13.076,12.582,12.925,1235729,0
2000-07-07,13.128,13.271,13.028,13.076,1080832,0
2000-07-10,13.128,13.32,13.028,13.028,580178,0
2000-07-11,13.028,13.177,12.826,13.128,863191,0
2000-07-12,13.128,13.271,12.977,13.076,589945,0
2000-07-13,13.028,13.177,12.724,12.977,694121,0
2000-07-14,13.076,13.423,12.925,13.128,1127619,0
2000-07-17,13.472,13.674,13.32,13.423,801992,0
2000-07-18,13.374,13.374,12.925,12.977,490173,0
2000-07-19,12.925,13.374,12.43,12.625,956530,0
2000-07-20,12.625,13.076,12.625,12.724,819733,0
2000-07-21,12.925,12.977,12.43,12.43,515651,0
2000-07-24,12.582,12.582,12.281,12.33,738648,0
2000-07-25,12.43,12.582,12.33,12.43,1002488,0
2000-07-26,13.32,14.37,13.128,13.968,4060679,0
2000-07-27,14.27,15.057,14.168,14.868,2037603,0
2000-07-28,14.916,15.057,14.868,14.916,1611484,0
2000-07-31,15.057,15.314,14.816,14.85,1872106,0
2000-08-01,14.97,15.111,14.868,14.97,1329668,0
2000-08-02,14.978,15.377,14.978,15.329,1708637,0
2000-08-03,15.329,15.832,15.279,15.428,1479208,0
2000-08-04,15.53,15.632,15.178,15.53,1383365,0
2000-08-07,15.481,15.632,15.428,15.58,1493016,0
2000-08-08,15.58,15.882,15.377,15.882,1409912,0
2000-08-09,15.226,15.377,14.825,14.978,1133574,0
2000-08-10,14.876,15.129,14.876,14.925,1014754,0
2000-08-11,14.674,15.329,14.622,15.279,1704827,0
2000-08-14,15.024,15.075,14.723,14.978,720552,0
2000-08-15,15.129,15.129,14.622,14.674,911524,0
2000-08-16,14.522,14.723,14.321,14.421,792587,0
2000-08-17,14.472,14.472,14.222,14.222,630900,0
2000-08-18,13.714,14.472,13.714,14.421,1023325,0
2000-08-21,14.119,14.37,13.866,14.168,696029,0
2000-08-22,14.069,14.37,13.766,14.27,606379,0
2000-08-23,14.069,14.119,13.463,13.714,884384,0
2000-08-24,13.714,13.917,13.513,13.565,862832,0
2000-08-25,13.565,13.667,13.513,13.565,396707,0
2000-08-28,13.614,13.614,13.213,13.365,806634,0
2000-08-29,13.414,13.513,13.06,13.06,636973,0
2000-08-30,13.213,13.213,13.01,13.01,679598,0
2000-08-31,13.111,13.111,12.918,12.925,999630,0
2000-09-01,12.918,13.01,12.817,12.868,1455277,0
2000-09-05,12.868,13.01,12.868,12.918,908670,0
2000-09-06,13.06,13.365,12.868,12.918,799729,0
2000-09-07,12.918,13.01,12.666,12.767,1278352,0
2000-09-08,12.716,12.868,12.563,12.666,905930,0
2000-09-11,12.716,12.817,12.617,12.716,928672,0
2000-09-12,12.716,12.767,12.514,12.767,674717,0
2000-09-13,12.767,13.01,12.716,12.817,1288593,0
2000-09-14,12.817,12.969,12.563,12.666,511366,0
2000-09-15,12.666,12.767,12.617,12.666,924981,0
2000-09-18,12.666,12.716,12.563,12.617,719005,0
2000-09-19,12.666,12.666,12.316,12.362,806041,0
2000-09-20,12.362,12.467,12.263,12.316,923792,0
2000-09-21,12.362,12.563,12.316,12.316,547440,0
2000-09-22,12.362,12.467,12.062,12.316,672691,0
2000-09-25,12.263,12.316,12.062,12.163,740080,0
2000-09-26,12.163,12.212,11.708,11.759,1501351,0
2000-09-27,11.659,11.81,11.356,11.708,1597555,0
2000-09-28,11.759,11.91,11.557,11.606,1128100,0
2000-09-29,11.659,11.91,11.557,11.659,811161,0
2000-10-02,11.253,11.253,10.801,10.851,1652442,0
2000-10-03,10.903,11.356,10.903,11.154,1147504,0
2000-10-04,11.306,11.759,11.206,11.406,2139519,0
2000-10-05,11.356,11.456,10.952,11.004,1200370,0
2000-10-06,11.206,11.509,11.053,11.103,673763,0
2000-10-09,11.206,11.206,10.699,10.751,1216441,0
2000-10-10,10.699,10.801,10.35,10.498,1962594,0
2000-10-11,10.399,10.448,10.146,10.146,1927946,0
2000-10-12,10.248,10.35,9.852,10.198,1245015,0
2000-10-13,10.198,10.248,10.054,10.146,897596,0
2000-10-16,10.146,10.498,10.054,10.095,1142028,0
2000-10-17,10.095,10.095,9.8,9.903,1067853,0
2000-10-18,9.903,9.951,9.648,9.8,1874368,0
2000-10-19,9.8,9.951,9.8,9.852,1049517,0
2000-10-20,9.852,10.004,9.852,9.903,1495639,0
2000-10-23,9.903,9.951,9.6,9.648,1479920,0
2000-10-24,9.8,10.35,9.753,10.198,2246197,0
2000-10-25,10.146,10.35,10.054,10.146,1400034,0
2000-10-26,10.146,10.498,10.095,10.498,1926519,0
2000-10-27,10.35,10.498,10.296,10.448,1376932,0
2000-10-30,10.448,11.103,10.448,10.952,2259295,0
2000-10-31,10.952,11.606,10.952,11.356,1758525,0
2000-11-01,11.515,11.725,11.313,11.572,1668035,0
2000-11-02,11.465,11.929,11.465,11.929,1199414,0
2000-11-03,11.875,12.492,11.875,12.29,2343345,0
2000-11-06,12.29,12.44,12.176,12.387,1053329,0
2000-11-07,12.29,12.44,12.079,12.176,1347052,0
2000-11-08,12.176,12.176,11.826,12.025,1124409,0
2000-11-09,11.977,12.025,11.929,12.025,671976,0
2000-11-10,11.929,12.025,11.826,11.875,1368006,0
2000-11-13,11.875,12.338,11.826,12.176,1370030,0
2000-11-14,12.228,12.492,12.228,12.387,1258709,0
2000-11-15,12.387,12.59,12.338,12.59,793653,0
2000-11-16,12.59,12.74,12.492,12.59,864260,0
2000-11-17,12.387,12.539,11.875,12.176,1290852,0
2000-11-20,12.228,12.228,11.624,12.025,2014028,0
2000-11-21,11.929,12.025,11.624,11.875,587920,0
2000-11-22,11.775,11.826,11.465,11.624,703647,0
2000-11-24,11.572,11.826,11.465,11.725,624954,0
2000-11-27,11.725,11.775,11.572,11.775,670310,0
2000-11-28,11.775,11.875,11.624,11.875,894027,0
2000-11-29,11.929,11.977,11.875,11.875,696983,0
2000-11-30,11.875,12.025,11.676,11.725,1396937,0
2000-12-01,11.826,11.875,11.413,11.676,1385984,0
2000-12-04,11.515,11.977,11.515,11.826,928197,0
2000-12-05,11.725,12.129,11.676,11.977,1045707,0
2000-12-06,12.025,12.079,11.725,11.826,774488,0
2000-12-07,11.826,11.929,11.465,11.572,745078,0
2000-12-08,11.572,11.676,11.364,11.624,697936,0
2000-12-11,11.676,11.775,11.364,11.725,985582,0
2000-12-12,11.676,11.826,11.572,11.676,899978,0
2000-12-13,11.676,11.725,11.413,11.465,1167624,0
2000-12-14,11.313,11.364,10.911,10.96,1579454,0
2000-12-15,10.86,11.111,10.699,10.699,1878062,0
2000-12-18,10.699,11.013,10.699,10.86,1285139,0
2000-12-19,10.699,11.313,10.598,10.96,1488018,0
2000-12-20,10.86,11.111,10.448,11.013,2416570,0
2000-12-21,10.96,11.364,10.96,11.111,1567197,0
2000-12-22,11.111,11.413,11.061,11.262,1333358,0
2000-12-26,11.262,11.262,11.061,11.111,1011658,0
2000-12-27,11.111,11.413,11.111,11.364,1428726,0
2000-12-28,11.111,11.164,10.651,10.751,2025100,0
2000-12-29,10.86,11.313,10.86,10.86,2084036,0
2001-01-02,11.262,11.515,11.111,11.164,1229778,0
2001-01-03,11.214,11.676,11.164,11.515,1278232,0
2001-01-04,11.676,13.052,11.676,12.59,2477054,0
2001-01-05,12.59,12.642,12.338,12.539,2072961,0
2001-01-08,12.59,13.253,12.539,13.153,2554324,0
2001-01-09,13.153,13.302,13.153,13.153,1950208,0
2001-01-10,13.153,13.205,12.793,12.944,1415631,0
2001-01-11,12.891,12.993,12.793,12.891,1091785,0
2001-01-12,12.74,12.74,12.539,12.59,2122372,0
2001-01-16,12.59,13.153,12.59,13.153,968199,0
2001-01-17,13.455,13.455,13.205,13.455,1192034,0
2001-01-18,13.455,13.606,13.405,13.504,1069281,0
2001-01-19,13.455,13.504,13.052,13.153,3011042,0
2001-01-22,13.153,13.455,13.052,13.355,1890205,0
2001-01-23,13.455,13.557,13.153,13.302,2753154,0
2001-01-24,12.642,12.793,11.977,12.691,4327015,0
2001-01-25,12.338,12.793,12.129,12.387,2141541,0
2001-01-26,12.44,12.691,12.338,12.492,1198939,0
2001-01-29,12.492,12.758,12.492,12.691,1294664,0
2001-01-30,12.724,12.835,12.658,12.802,2021526,0
2001-01-31,12.935,13.498,12.691,13.374,1979736,0
2001-02-01,13.547,13.667,13.374,13.547,1341575,0
2001-02-02,13.547,13.705,13.153,13.423,5453803,0
2001-02-05,13.23,13.504,13.103,13.337,1573980,0
2001-02-06,13.423,13.488,13.271,13.389,1380501,0
2001-02-07,13.481,13.513,13.196,13.222,961771,0
2001-02-08,13.222,14.043,13.177,13.917,1843771,0
2001-02-09,14.53,14.723,13.96,14.303,3279879,0
2001-02-12,14.244,14.707,14.244,14.555,1390743,0
2001-02-13,14.658,15.147,14.572,14.868,1555287,0
2001-02-14,14.868,14.934,14.194,14.312,1485876,0
2001-02-15,14.446,14.723,14.145,14.446,1408487,0
2001-02-16,14.562,14.943,14.421,14.756,1070234,0
2001-02-20,15.314,15.472,15.033,15.147,1292878,0
2001-02-21,14.97,15.262,14.775,14.876,1261806,0
2001-02-22,15.001,15.207,14.666,14.882,1318832,0
2001-02-23,14.69,14.952,14.337,14.548,1711970,0
2001-02-26,14.548,14.858,14.497,14.756,1674825,0
2001-02-27,14.925,14.943,14.674,14.888,723293,0
2001-02-28,15.049,15.057,14.748,14.808,574111,0
2001-03-01,14.615,14.658,14.093,14.489,1314548,0
2001-03-02,14.286,14.453,13.917,14.093,1954974,0
2001-03-05,14.119,14.329,13.924,14.253,1033923,0
2001-03-06,14.213,14.514,14.009,14.222,568751,0
2001-03-07,14.16,14.715,14.119,14.397,786396,0
2001-03-08,14.405,14.731,14.329,14.697,753651,0
2001-03-09,14.548,14.697,14.27,14.514,622213,0
2001-03-12,14.507,14.562,14.128,14.194,710316,0
2001-03-13,13.917,14.002,13.222,13.389,1402890,0
2001-03-14,13.389,13.389,12.732,12.993,1083568,0
2001-03-15,12.784,13.06,12.608,12.952,1003683,0
2001-03-16,12.281,12.599,12.104,12.185,1978189,0
2001-03-19,12.254,12.875,12.121,12.707,2441811,0
2001-03-20,12.732,12.817,12.449,12.563,1316570,0
2001-03-21,12.529,12.673,12.299,12.412,944270,0
2001-03-22,12.281,12.65,11.5,12.053,1308235,0
2001-03-23,12.001,12.271,11.785,12.236,1713998,0
2001-03-26,12.475,12.475,11.961,12.245,1147862,0
2001-03-27,12.484,13.135,12.484,13.103,1995456,0
2001-03-28,13.222,13.253,12.868,13.205,1451584,0
2001-03-29,13.222,13.302,13.06,13.135,1151671,0
2001-03-30,13.337,14.119,13.177,13.705,1715065,0
2001-04-02,13.749,14.244,13.513,13.732,1728521,0
2001-04-03,13.732,13.833,13.423,13.69,1230372,0
2001-04-04,13.504,13.792,13.311,13.504,1472657,0
2001-04-05,13.504,13.714,13.446,13.591,1581004,0
2001-04-06,13.766,13.783,13.32,13.547,822471,0
2001-04-09,13.591,14.069,13.547,13.633,1212273,0
2001-04-10,13.833,14.397,13.69,14.346,1341931,0
2001-04-11,14.093,14.397,13.801,13.917,793777,0
2001-04-12,13.749,13.994,13.749,13.917,454931,0
2001-04-16,13.874,14.11,13.749,14.002,694481,0
2001-04-17,13.732,14.119,13.723,14.101,908434,0
2001-04-18,14.002,14.329,13.792,14.312,2019144,0
2001-04-19,14.321,14.321,14.128,14.229,1146194,0
2001-04-20,13.917,14.069,13.892,13.91,868186,0
2001-04-23,13.177,13.641,12.944,13.245,1883184,0
2001-04-24,13.337,13.374,12.935,13.103,863905,0
2001-04-25,13.481,13.819,12.993,13.168,2075583,0
2001-04-26,14.898,15.556,14.329,15.199,6255442,0
2001-04-27,15.386,16.495,15.352,16.457,3817199,0
2001-04-30,16.369,16.457,15.927,16.159,2529439,0
2001-05-01,15.967,16.059,15.657,15.908,1283236,0
2001-05-02,15.756,15.998,15.445,15.732,1200247,0
2001-05-03,15.732,15.748,15.352,15.613,946054,0
2001-05-04,15.809,16.007,15.271,15.967,901883,0
2001-05-07,16.152,16.457,15.649,16.421,1812459,0
2001-05-08,16.63,17.192,16.58,17.093,2643500,0
2001-05-09,17.008,17.142,16.664,17.142,2381688,0
2001-05-10,17.343,18.469,17.117,18.46,3911853,0
2001-05-11,18.25,18.782,18.032,18.377,2315729,0
2001-05-14,18.201,18.259,17.839,18.072,2899840,0
2001-05-15,18.278,18.278,17.874,17.982,3411440,0
2001-05-16,18.05,18.679,18.025,18.679,3163674,0
2001-05-17,18.435,19.712,18.435,19.31,3611818,0
2001-05-18,19.301,19.797,19.225,19.605,2681363,0
2001-05-21,19.587,19.587,19.109,19.293,1145004,0
2001-05-22,19.091,19.1,18.662,18.704,1419079,0
2001-05-23,18.521,18.653,18.231,18.345,1294548,0
2001-05-24,18.311,18.311,17.991,18.16,1360623,0
2001-05-25,17.899,18.064,17.572,17.915,1225611,0
2001-05-29,17.605,17.923,17.58,17.906,1329070,0
2001-05-30,17.865,18.152,17.476,17.631,1135956,0
2001-05-31,17.654,18.241,17.614,18.21,1544216,0
2001-06-01,18.193,18.394,17.899,18.072,1119050,0
2001-06-04,17.982,18.326,17.982,18.168,1061189,0
2001-06-05,18.268,18.638,17.765,18.588,1473495,0
2001-06-06,18.394,18.621,18.176,18.259,917360,0
2001-06-07,18.72,19.301,18.605,18.704,1920685,0
2001-06-08,18.435,18.561,17.865,18.134,1258709,0
2001-06-11,18.064,18.143,17.661,17.757,809733,0
2001-06-12,17.494,17.494,17.134,17.343,1299071,0
2001-06-13,17.247,17.369,16.883,16.889,1226085,0
2001-06-14,16.874,16.883,16.176,16.412,1575767,0
2001-06-15,15.975,16.402,15.849,16.168,1489806,0
2001-06-18,16.017,16.244,15.936,16.075,958794,0
2001-06-19,16.386,16.546,15.765,16.05,1392292,0
2001-06-20,15.849,16.176,15.679,15.908,1241091,0
2001-06-21,15.891,16.377,15.765,16.359,1386580,0
2001-06-22,16.35,16.35,15.942,16.111,1008799,0
2001-06-25,15.959,16.472,15.942,16.007,703528,0
2001-06-26,15.679,16.129,15.287,15.697,1915325,0
2001-06-27,15.908,16.093,15.824,16.017,858189,0
2001-06-28,16.192,16.504,16.129,16.457,1337645,0
2001-06-29,16.69,17.042,16.464,17.042,2234765,0
2001-07-02,16.816,16.898,16.377,16.63,1423132,0
2001-07-03,16.63,16.699,16.43,16.58,647095,0
2001-07-05,16.589,16.914,16.464,16.816,1544928,0
2001-07-06,16.755,16.755,16.304,16.464,960939,0
2001-07-09,16.386,16.527,16.226,16.457,1179772,0
2001-07-10,16.457,16.755,16.421,16.527,1674945,0
2001-07-11,16.705,17.822,16.673,17.705,4102110,0
2001-07-12,18.05,18.064,17.536,17.555,2082247,0
2001-07-13,17.781,17.813,17.555,17.654,1764714,0
2001-07-16,17.67,18.058,17.654,17.95,2334422,0
2001-07-17,18.064,18.394,17.923,18.215,3316189,0
2001-07-18,18.311,18.561,17.966,18.477,2038436,0
2001-07-19,18.394,18.477,18.064,18.215,1730190,0
2001-07-20,18.109,18.168,17.201,17.378,1912113,0
2001-07-23,17.413,17.555,16.832,17.025,1177867,0
2001-07-24,16.957,17.001,15.756,16.12,2405975,0
2001-07-25,16.093,16.504,15.809,16.017,2276438,0
2001-07-26,15.918,17.068,15.8,16.957,2457409,0
2001-07-27,16.755,17.142,16.639,16.73,765199,0
2001-07-30,16.713,17.001,16.296,16.648,784250,0
2001-07-31,16.562,16.755,16.438,16.519,689834,0
2001-08-01,16.369,16.527,16.176,16.386,1074878,0
2001-08-02,16.472,16.773,16.32,16.682,757584,0
2001-08-03,16.781,16.967,16.487,16.606,958559,0
2001-08-06,16.527,16.58,16.314,16.472,700552,0
2001-08-07,16.572,16.63,16.28,16.63,807470,0
2001-08-08,16.472,16.589,16.314,16.377,669953,0
2001-08-09,16.386,16.798,16.287,16.448,741390,0
2001-08-10,16.479,17.284,16.402,16.823,1170839,0
2001-08-13,16.639,17.219,16.28,16.773,1388721,0
2001-08-14,16.883,17.21,16.639,17.008,1375033,0
2001-08-15,16.883,17.093,16.598,16.656,825446,0
2001-08-16,16.512,17.378,16.512,17.378,1695538,0
2001-08-17,17.076,17.175,16.664,16.842,1086547,0
2001-08-20,17.008,17.008,16.226,16.421,724959,0
2001-08-21,16.059,16.059,15.191,15.271,3456086,0
2001-08-22,15.404,16.085,14.916,15.891,2194644,0
2001-08-23,15.688,16.304,15.605,16.152,1391341,0
2001-08-24,16.143,16.519,15.863,16.377,714010,0
2001-08-27,16.184,16.2,15.506,15.673,1167509,0
2001-08-28,15.605,15.809,15.322,15.538,1309904,0
2001-08-29,15.521,15.732,15.345,15.345,881881,0
2001-08-30,15.445,15.688,15.001,15.154,618162,0
2001-08-31,15.252,15.556,15.154,15.338,888432,0
2001-09-04,15.338,16.326,15.235,16.007,1252636,0
2001-09-05,15.882,16.472,15.824,16.226,1354910,0
2001-09-06,16.271,16.512,16.136,16.287,1345266,0
2001-09-07,16.143,16.209,15.571,15.632,1170724,0
2001-09-10,15.649,15.891,15.498,15.563,1023206,0
2001-09-17,15.361,15.361,13.859,14.002,1449441,0
2001-09-18,14.194,14.194,13.69,13.924,1248469,0
2001-09-19,13.985,14.002,12.608,13.036,1380032,0
2001-09-20,13.069,13.177,11.732,11.785,1799360,0
2001-09-21,11.046,13.423,11.046,12.767,2737201,0
2001-09-24,13.094,13.573,12.969,13.504,1180602,0
2001-09-25,13.504,13.573,11.866,12.095,2321918,0
2001-09-26,12.323,12.691,12.254,12.43,1641249,0
2001-09-27,12.271,12.749,12.147,12.475,1281806,0
2001-09-28,12.673,13.337,12.563,13.278,1670894,0
2001-10-01,13.177,13.222,12.599,12.673,1145004,0
2001-10-02,12.85,13.119,12.59,12.925,1017017,0
2001-10-03,12.969,13.271,12.81,13.196,1822462,0
2001-10-04,13.186,13.23,12.859,12.909,697690,0
2001-10-05,13.094,13.337,12.775,13.196,761748,0
2001-10-08,13.177,13.439,12.859,13.069,631498,0
2001-10-09,13.263,13.32,12.554,12.642,773535,0
2001-10-10,12.767,13.801,12.65,13.633,1049995,0
2001-10-11,13.758,14.244,13.758,13.985,1053210,0
2001-10-12,13.833,13.976,12.977,13.346,1452181,0
2001-10-15,13.405,13.488,13.052,13.455,1897702,0
2001-10-16,13.641,13.85,13.405,13.667,831162,0
2001-10-17,13.591,13.741,12.599,12.969,1524928,0
2001-10-18,13.111,13.196,12.817,13.085,1623031,0
2001-10-19,12.891,13.052,12.514,12.81,1188223,0
2001-10-22,12.608,13.036,12.59,12.883,1360981,0
2001-10-23,13.01,13.968,12.81,13.667,1442300,0
2001-10-24,13.504,14.312,13.504,13.801,2607660,0
2001-10-25,13.504,14.168,13.346,13.96,1648511,0
2001-10-26,13.766,14.606,13.766,14.453,986297,0
2001-10-29,14.312,14.421,13.698,13.698,668047,0
2001-10-30,13.591,13.833,13.423,13.714,983679,0
2001-10-31,13.641,14.294,13.599,13.85,1550048,0
2001-11-01,13.723,14.38,13.523,14.203,952129,0
2001-11-02,14.009,14.615,13.819,14.548,780678,0
2001-11-05,14.615,15.033,14.462,14.816,983439,0
2001-11-06,14.756,14.792,14.086,14.389,2190832,0
2001-11-07,14.514,14.792,14.38,14.766,708411,0
2001-11-08,14.649,15.129,14.514,14.842,769368,0
2001-11-09,14.756,14.925,14.522,14.816,590778,0
2001-11-12,14.808,15.163,14.06,14.715,856162,0
2001-11-13,14.799,15.252,14.739,15.226,676265,0
2001-11-14,15.297,15.623,15.17,15.49,1169055,0
2001-11-15,15.597,16.2,15.513,15.951,1301450,0
2001-11-16,16.12,16.244,15.832,16.192,751991,0
2001-11-19,16.159,16.314,15.8,16.041,869261,0
2001-11-20,15.748,16.159,15.623,15.849,806159,0
2001-11-21,15.673,16.159,15.58,15.908,808780,0
2001-11-23,15.817,16.152,15.756,15.998,241337,0
2001-11-26,15.872,16.2,15.697,16.059,563392,0
2001-11-27,15.832,16.369,15.732,16.085,939391,0
2001-11-28,16.007,16.438,16.007,16.067,716507,0
2001-11-29,15.975,16.271,15.713,16.007,736153,0
2001-11-30,15.942,16.261,15.942,16.025,553987,0
2001-12-03,15.817,15.832,15.297,15.649,685191,0
2001-12-04,15.53,15.657,15.306,15.649,890928,0
2001-12-05,15.64,15.918,15.455,15.774,1507186,0
2001-12-06,15.605,15.863,15.455,15.53,1293953,0
2001-12-07,15.53,15.942,15.386,15.774,1002371,0
2001-12-10,15.58,15.899,15.538,15.623,947962,0
2001-12-11,15.623,15.64,15.207,15.338,993919,0
2001-12-12,15.445,15.455,14.715,15.01,1017370,0
2001-12-13,14.808,15.369,14.756,14.898,672811,0
2001-12-14,14.882,15.033,14.588,14.858,835808,0
2001-12-17,14.888,15.513,14.63,15.463,1141315,0
2001-12-18,15.589,15.992,15.413,15.697,1007610,0
2001-12-19,15.623,15.623,15.216,15.395,729602,0
2001-12-20,15.377,15.605,15.207,15.463,605899,0
2001-12-21,15.688,15.688,15.075,15.111,1344311,0
2001-12-24,14.96,15.395,14.888,15.252,593992,0
2001-12-26,15.129,15.297,15.001,15.154,623401,0
2001-12-27,15.04,15.352,15.04,15.322,812704,0
2001-12-28,15.322,15.58,15.084,15.428,738648,0
2001-12-31,15.428,15.546,15.084,15.154,964866,0
