Date,Open,High,Low,Close,Volume,OpenInt
1995-01-03,4.9176,4.9176,4.842,4.8671,435126,0
1995-01-04,4.842,4.8671,4.8249,4.8249,268866,0
1995-01-05,4.8501,4.8839,4.8166,4.8166,1037462,0
1995-01-06,4.8166,4.8501,4.7913,4.8501,218512,0
1995-01-09,4.8501,4.8501,4.7408,4.7913,468377,0
1995-01-10,4.808,4.8249,4.7659,4.7745,695440,0
1995-01-11,4.808,4.8166,4.7577,4.7913,821800,0
1995-01-12,4.7913,4.7913,4.7408,4.7745,210909,0
1995-01-13,4.7745,4.8249,4.7408,4.7408,1334833,0
1995-01-16,4.7324,4.8756,4.7324,4.8671,1494441,0
1995-01-17,4.8839,4.9176,4.8756,4.9006,691639,0
1995-01-18,4.9006,4.9176,4.8756,4.8756,376223,0
1995-01-19,4.8756,4.9006,4.842,4.8501,377175,0
1995-01-20,4.8671,4.8756,4.8166,4.842,309722,0
1995-01-23,4.7659,4.8501,4.7577,4.842,461730,0
1995-01-24,4.8166,4.8671,4.808,4.8671,137759,0
1995-01-25,4.842,4.9006,4.842,4.8501,399974,0
1995-01-26,4.8249,4.842,4.808,4.8166,392373,0
1995-01-27,4.842,4.8671,4.808,4.8501,1019414,0
1995-01-30,4.8839,4.9093,4.842,4.842,178611,0
1995-01-31,4.842,4.8501,4.7659,4.7659,264114,0
1995-02-01,4.7659,4.9006,4.7659,4.8671,1316779,0
1995-02-02,4.8839,4.9344,4.8839,4.9006,1019414,0
1995-02-03,4.9093,5.0523,4.9093,5.0185,1960916,0
1995-02-06,5.0185,5.17,5.0185,5.1364,416126,0
1995-02-07,5.1364,5.1532,5.0777,5.0859,314472,0
1995-02-08,5.0859,5.1111,5.0777,5.0777,215663,0
1995-02-09,5.0943,5.1532,5.0859,5.1111,1000410,0
1995-02-10,5.0943,5.1532,5.0859,5.1198,649840,0
1995-02-13,5.1198,5.1364,5.0943,5.0943,140610,0
1995-02-14,5.1111,5.1111,5.0609,5.0777,855050,0
1995-02-15,5.0609,5.1111,5.044,5.0609,814199,0
1995-02-16,5.0523,5.0609,5.0103,5.0271,835103,0
1995-02-17,5.0185,5.0185,4.9683,4.9683,512080,0
1995-02-21,4.9851,5.0103,4.9344,4.9344,451276,0
1995-02-22,4.9344,4.9512,4.9093,4.9344,456979,0
1995-02-23,4.9512,5.0271,4.9512,5.0271,1335784,0
1995-02-24,5.044,5.1111,5.0271,5.1111,980461,0
1995-02-27,5.0859,5.1364,5.0777,5.0777,1015610,0
1995-02-28,5.0777,5.1198,5.0271,5.044,812296,0
1995-03-01,5.0271,5.0523,5.0185,5.0271,470279,0
1995-03-02,5.0103,5.0103,4.9093,4.9344,456027,0
1995-03-03,4.9093,4.9512,4.8671,4.8839,1247425,0
1995-03-06,4.8839,4.9344,4.8671,4.9093,854103,0
1995-03-07,4.9176,4.9933,4.9176,4.9683,567182,0
1995-03-08,4.9683,5.0271,4.9683,4.9851,403776,0
1995-03-09,4.9683,5.044,4.9512,5.0185,1141966,0
1995-03-10,5.0103,5.1198,5.0103,5.1198,201412,0
1995-03-13,5.1198,5.1198,5.0609,5.1111,659339,0
1995-03-14,5.1198,5.1956,5.1198,5.187,562432,0
1995-03-15,5.2966,5.2966,5.1956,5.2544,1816511,0
1995-03-16,5.2376,5.2544,5.1788,5.187,721092,0
1995-03-17,5.1788,5.3049,5.1788,5.2966,841752,0
1995-03-20,5.3049,5.3049,5.2628,5.2881,1038414,0
1995-03-21,5.2713,5.2966,5.1956,5.1956,755296,0
1995-03-22,5.2293,5.2713,5.1956,5.2293,883552,0
1995-03-23,5.1956,5.3049,5.1956,5.2966,533932,0
1995-03-24,5.2966,5.431,5.2966,5.431,346775,0
1995-03-27,5.4059,5.4144,5.3302,5.3978,680242,0
1995-03-28,5.3978,5.3978,5.3554,5.3809,711594,0
1995-03-29,5.3809,5.3809,5.2966,5.2966,1551443,0
1995-03-30,5.2881,5.3049,5.2628,5.2881,365771,0
1995-03-31,5.2881,5.2881,5.2293,5.2293,485482,0
1995-04-03,5.2293,5.2293,5.1452,5.1618,1091614,0
1995-04-04,5.1532,5.2544,5.1532,5.2376,572883,0
1995-04-05,5.2293,5.2713,5.2293,5.2376,355322,0
1995-04-06,5.2376,5.322,5.2376,5.2713,766695,0
1995-04-07,5.2966,5.3302,5.2966,5.322,539631,0
1995-04-10,5.3302,5.3302,5.2881,5.2966,410423,0
1995-04-11,5.3049,5.3049,5.2293,5.2376,496880,0
1995-04-12,5.2376,5.2628,5.2122,5.2544,251765,0
1995-04-13,5.2544,5.2628,5.2376,5.2628,257464,0
1995-04-17,5.2628,5.2966,5.2544,5.2544,587135,0
1995-04-18,5.2544,5.2628,5.1956,5.1956,311618,0
1995-04-19,5.1788,5.2122,5.1788,5.1956,677390,0
1995-04-20,5.2122,5.2544,5.1788,5.2376,469328,0
1995-04-21,5.2376,5.2544,5.2122,5.2376,920603,0
1995-04-24,5.2293,5.2881,5.2293,5.2881,434177,0
1995-04-25,5.2628,5.2628,5.1618,5.187,222313,0
1995-04-26,5.187,5.1956,5.1452,5.1788,481680,0
1995-04-27,5.1956,5.3302,5.1956,5.3302,489277,0
1995-04-28,5.3049,5.322,5.2376,5.3049,581435,0
1995-05-01,5.2966,5.322,5.2544,5.2544,690695,0
1995-05-02,5.2713,5.2966,5.2628,5.2713,221364,0
1995-05-03,5.2881,5.3387,5.2628,5.3387,513033,0
1995-05-04,5.3724,5.3809,5.322,5.322,700193,0
1995-05-05,5.3387,5.3387,5.2544,5.2544,894004,0
1995-05-08,5.2544,5.2628,5.2122,5.2544,152959,0
1995-05-09,5.2628,5.3724,5.2376,5.3724,1318677,0
1995-05-10,5.3809,5.3809,5.3387,5.3809,234664,0
1995-05-11,5.3809,5.4059,5.3554,5.4059,378124,0
1995-05-12,5.3978,5.3978,5.322,5.3302,427526,0
1995-05-15,5.3302,5.5239,5.3302,5.4397,843653,0
1995-05-16,5.4397,5.4818,5.4397,5.4651,293568,0
1995-05-17,5.4651,5.4818,5.4651,5.4818,707789,0
1995-05-18,5.4818,5.591,5.4818,5.5408,986161,0
1995-05-19,5.5408,5.5408,5.4144,5.4731,760046,0
1995-05-22,5.4731,5.5408,5.4651,5.5069,229913,0
1995-05-23,5.5408,5.5829,5.4818,5.5829,418974,0
1995-05-24,5.5829,5.7006,5.5829,5.7006,1381381,0
1995-05-25,5.6839,5.6839,5.6248,5.6501,976657,0
1995-05-26,5.6501,5.6501,5.5745,5.5829,1524840,0
1995-05-30,5.5829,5.5829,5.5408,5.5408,482631,0
1995-05-31,5.4818,5.5239,5.4731,5.4985,902556,0
1995-06-01,5.5069,5.5579,5.5069,5.5579,176709,0
1995-06-02,5.5579,5.5579,5.5408,5.5408,450326,0
1995-06-05,5.5239,5.5745,5.4985,5.5579,266017,0
1995-06-06,5.5579,5.5579,5.4818,5.4985,402824,0
1995-06-07,5.5069,5.5408,5.4482,5.4985,566232,0
1995-06-08,5.4985,5.5579,5.4818,5.5579,386674,0
1995-06-09,5.5579,5.5579,5.5069,5.5408,339171,0
1995-06-12,5.5069,5.5579,5.4985,5.4985,790452,0
1995-06-13,5.5069,5.6586,5.5069,5.6165,518735,0
1995-06-14,5.6165,5.6586,5.6165,5.6501,768596,0
1995-06-15,5.6501,5.7428,5.6501,5.7092,422777,0
1995-06-16,5.6923,5.7428,5.6923,5.7343,483581,0
1995-06-19,5.7428,5.7678,5.7176,5.7678,287867,0
1995-06-20,5.7513,5.827,5.7513,5.8185,660288,0
1995-06-21,5.7935,5.8524,5.7935,5.8354,1538142,0
1995-06-22,5.8354,5.9365,5.827,5.9113,263166,0
1995-06-23,5.8945,5.9533,5.8945,5.9113,360071,0
1995-06-26,5.8945,5.8945,5.8018,5.8185,456027,0
1995-06-27,5.827,5.827,5.7343,5.7428,613733,0
1995-06-28,5.7343,5.7513,5.7176,5.7176,376223,0
1995-06-29,5.7176,5.827,5.7176,5.827,910152,0
1995-06-30,5.8524,5.8774,5.7847,5.8185,367675,0
1995-07-03,5.8354,5.8354,5.8018,5.8354,149160,0
1995-07-05,5.8524,5.8524,5.8185,5.827,364822,0
1995-07-06,5.8018,5.8524,5.8018,5.8524,180511,0
1995-07-07,5.8774,5.9281,5.8774,5.8945,361971,0
1995-07-10,5.8945,5.9533,5.8945,5.9533,232765,0
1995-07-11,5.9701,6.0207,5.9618,5.9618,418974,0
1995-07-12,5.9533,5.9618,5.9281,5.9533,1009912,0
1995-07-13,5.9533,5.9533,5.9113,5.9113,596638,0
1995-07-14,5.9113,5.9281,5.8018,5.827,486429,0
1995-07-17,5.8524,5.8945,5.8354,5.8354,253663,0
1995-07-18,5.8354,5.8354,5.7513,5.8018,641291,0
1995-07-19,5.7847,5.7847,5.6248,5.6586,810400,0
1995-07-20,5.6586,5.7513,5.6586,5.7513,1547646,0
1995-07-21,5.7343,5.7428,5.6923,5.7343,531081,0
1995-07-24,5.7343,5.7343,5.6839,5.6923,316368,0
1995-07-25,5.6586,5.6923,5.5999,5.6586,1539094,0
1995-07-26,5.6753,5.7678,5.6753,5.7176,342022,0
1995-07-27,5.7428,5.7935,5.7176,5.7513,307820,0
1995-07-28,5.8018,5.8945,5.7343,5.7343,846501,0
1995-07-31,5.7513,5.8354,5.7513,5.7935,536783,0
1995-08-01,5.8185,5.9618,5.8185,5.9533,691639,0
1995-08-02,5.9533,6.0037,5.9533,5.9533,602336,0
1995-08-03,5.9533,5.9533,5.8945,5.8945,627985,0
1995-08-04,5.8945,5.8945,5.7678,5.7935,815148,0
1995-08-07,5.7678,5.8354,5.7678,5.7935,1532442,0
1995-08-08,5.7847,5.8524,5.7847,5.8185,896853,0
1995-08-09,5.8354,5.8354,5.8018,5.827,297367,0
1995-08-10,5.8018,5.8354,5.8018,5.8018,387622,0
1995-08-11,5.7935,5.827,5.7935,5.8018,81705,0
1995-08-14,5.7935,5.8524,5.7935,5.827,564334,0
1995-08-15,5.827,5.8606,5.8185,5.8354,475030,0
1995-08-16,5.827,5.827,5.7847,5.7847,266017,0
1995-08-17,5.7513,5.827,5.7513,5.8018,1699653,0
1995-08-18,5.7847,5.8185,5.7678,5.7935,448430,0
1995-08-21,5.7678,5.7935,5.7176,5.7513,331567,0
1995-08-22,5.7092,5.7176,5.6248,5.6248,394275,0
1995-08-23,5.5829,5.6923,5.5829,5.6501,1177120,0
1995-08-24,5.6753,5.8354,5.6501,5.7935,1638849,0
1995-08-25,5.7935,5.7935,5.7513,5.7847,590935,0
1995-08-28,5.7678,5.7935,5.7678,5.7847,294518,0
1995-08-29,5.7935,5.8945,5.7847,5.8774,977612,0
1995-08-30,5.8945,5.8945,5.8606,5.8774,790452,0
1995-08-31,5.8774,6.0207,5.8774,6.0207,254617,0
1995-09-01,6.0459,6.0629,6.0207,6.0459,469328,0
1995-09-05,6.1385,6.164,6.0711,6.1131,762894,0
1995-09-06,6.1301,6.2395,6.1301,6.164,1327228,0
1995-09-07,6.1723,6.1891,6.1131,6.1301,803750,0
1995-09-08,6.1385,6.1471,6.1301,6.1301,685944,0
1995-09-11,6.1385,6.1723,6.1131,6.1723,437026,0
1995-09-12,6.1723,6.2395,6.1723,6.2143,343922,0
1995-09-13,6.2395,6.2395,6.1385,6.1385,474081,0
1995-09-14,6.164,6.2395,6.1131,6.2143,483581,0
1995-09-15,6.2227,6.2819,6.1723,6.2143,679289,0
1995-09-18,6.2227,6.2395,6.2061,6.2395,196657,0
1995-09-19,6.2734,6.2734,6.2143,6.2143,353421,0
1995-09-20,6.2395,6.2395,6.1471,6.1471,565283,0
1995-09-21,6.1723,6.1891,6.1385,6.164,745795,0
1995-09-22,6.1301,6.2227,6.105,6.2227,397122,0
1995-09-25,6.2562,6.3323,6.2395,6.3323,347721,0
1995-09-26,6.3323,6.3576,6.2819,6.2819,830353,0
1995-09-27,6.2819,6.2819,6.2482,6.2734,1280676,0
1995-09-28,6.2482,6.2734,6.1723,6.2227,460778,0
1995-09-29,6.2227,6.2902,6.2227,6.2819,859801,0
1995-10-02,6.2902,6.4249,6.2562,6.3828,1036513,0
1995-10-03,6.3657,6.3657,6.3153,6.3405,406627,0
1995-10-04,6.3323,6.3323,6.2395,6.2482,757194,0
1995-10-05,6.2734,6.3405,6.2734,6.3071,150110,0
1995-10-06,6.3153,6.3657,6.3153,6.3657,163412,0
1995-10-09,6.3492,6.3492,6.3071,6.3323,162456,0
1995-10-10,6.3153,6.3323,6.3153,6.3153,342022,0
1995-10-11,6.3153,6.3828,6.3153,6.3405,94055,0
1995-10-12,6.3323,6.3911,6.3323,6.3492,513033,0
1995-10-13,6.4165,6.4165,6.3405,6.3828,275518,0
1995-10-16,6.4165,6.4332,6.3911,6.3911,229913,0
1995-10-17,6.4079,6.4249,6.3828,6.3911,661241,0
1995-10-18,6.3828,6.3911,6.3405,6.3492,337269,0
1995-10-19,6.3492,6.3492,6.3071,6.3153,390473,0
1995-10-20,6.3153,6.3153,6.2819,6.3071,196657,0
1995-10-23,6.2819,6.2819,6.1808,6.1808,626090,0
1995-10-24,6.1808,6.1808,6.0711,6.1131,398074,0
1995-10-25,6.1471,6.1471,6.029,6.029,869299,0
1995-10-26,6.029,6.0711,6.0123,6.0123,798050,0
1995-10-27,6.0123,6.1131,6.0037,6.088,853153,0
1995-10-30,6.1131,6.1723,6.1131,6.1385,722045,0
1995-10-31,6.1301,6.1808,6.1301,6.164,741998,0
1995-11-01,6.1808,6.3071,6.1723,6.2902,1544793,0
1995-11-02,6.2902,6.3153,6.2902,6.3153,1410832,0
1995-11-03,6.3153,6.3492,6.3153,6.3153,565283,0
1995-11-06,6.3153,6.3405,6.2482,6.3405,809450,0
1995-11-07,6.3405,6.4079,6.3153,6.4079,949106,0
1995-11-08,6.4079,6.4923,6.4079,6.4249,1259775,0
1995-11-09,6.4332,6.4753,6.4249,6.4586,478828,0
1995-11-10,6.45,6.5009,6.4249,6.5009,433226,0
1995-11-13,6.4923,6.5009,6.4586,6.4753,1204675,0
1995-11-14,6.4753,6.5009,6.4586,6.5009,890205,0
1995-11-15,6.4753,6.6017,6.4753,6.5935,698294,0
1995-11-16,6.6017,6.6187,6.5935,6.5935,333472,0
1995-11-17,6.5681,6.6354,6.5258,6.5258,473129,0
1995-11-20,6.5091,6.5091,6.4923,6.5009,519684,0
1995-11-21,6.5009,6.5009,6.4165,6.45,439877,0
1995-11-22,6.4586,6.5091,6.45,6.4923,396174,0
1995-11-24,6.5009,6.5091,6.4923,6.5091,57952,0
1995-11-27,6.5594,6.5594,6.4332,6.4586,412328,0
1995-11-28,6.4586,6.4586,6.4079,6.4165,445577,0
1995-11-29,6.4165,6.4753,6.3911,6.3911,510183,0
1995-11-30,6.4165,6.4586,6.3911,6.4332,603284,0
1995-12-01,6.4332,6.45,6.4249,6.4249,661241,0
1995-12-04,6.3911,6.45,6.3657,6.3911,1878263,0
1995-12-05,6.3828,6.4165,6.3657,6.4165,3010732,0
1995-12-06,6.4332,6.6944,6.4332,6.6774,971906,0
1995-12-07,6.703,6.7869,6.6944,6.7279,602336,0
1995-12-08,6.7449,6.8964,6.7279,6.8881,665040,0
1995-12-11,6.8881,6.8881,6.8374,6.8881,570033,0
1995-12-12,6.8629,6.8881,6.7869,6.8292,988057,0
1995-12-13,6.8205,7.0394,6.8205,6.9132,655539,0
1995-12-14,6.9303,6.9383,6.8122,6.846,697340,0
1995-12-15,6.8205,6.871,6.8122,6.871,406627,0
1995-12-18,6.8881,6.8881,6.8374,6.8374,401874,0
1995-12-19,6.8205,6.8542,6.8205,6.8374,1111568,0
1995-12-20,6.8205,6.9132,6.8205,6.9132,511131,0
1995-12-21,6.9132,6.9132,6.7953,6.8542,1246477,0
1995-12-22,6.8542,6.9554,6.8542,6.9303,371471,0
1995-12-26,6.9303,6.9303,6.9132,6.9132,490228,0
1995-12-27,6.9132,6.9554,6.9132,6.9303,589036,0
1995-12-28,6.9554,7.1743,6.9303,7.1743,333472,0
1995-12-29,7.1743,7.267,7.1743,7.2163,347721,0
1996-01-02,7.2163,7.3173,7.1491,7.2501,523957,0
1996-01-03,7.2163,7.2501,7.1743,7.2163,725366,0
1996-01-04,7.2163,7.267,7.1067,7.1237,1592773,0
1996-01-05,7.1237,7.1237,6.9303,6.9554,634165,0
1996-01-08,6.9804,7.1237,6.9804,7.1067,414226,0
1996-01-09,7.1237,7.1237,7.0312,7.0564,494508,0
1996-01-10,7.0312,7.0312,6.8881,6.9132,1273078,0
1996-01-11,6.9303,7.267,6.9132,7.2501,1454541,0
1996-01-12,7.267,7.292,7.0733,7.2163,2126228,0
1996-01-15,7.1997,7.2501,7.1491,7.1997,592834,0
1996-01-16,7.2163,7.267,7.1237,7.267,1669252,0
1996-01-17,7.267,7.3173,7.2163,7.267,555783,0
1996-01-18,7.267,7.4692,7.1997,7.4434,712546,0
1996-01-19,7.4434,7.4858,7.3428,7.3428,230864,0
1996-01-22,7.3932,7.6626,7.3932,7.5615,2054975,0
1996-01-23,7.5615,7.5615,7.3173,7.4102,635590,0
1996-01-24,7.4434,7.4434,7.1743,7.1997,324442,0
1996-01-25,7.2163,7.4102,7.1997,7.4102,586186,0
1996-01-26,7.3428,7.4692,7.3428,7.4434,529656,0
1996-01-29,7.4692,7.5111,7.3428,7.4858,187160,0
1996-01-30,7.4858,7.6124,7.4434,7.4434,1052188,0
1996-01-31,7.4434,7.6124,7.4102,7.4858,639865,0
1996-02-01,7.5363,7.7301,7.5363,7.6291,508755,0
1996-02-02,7.6626,7.6626,7.267,7.267,1079743,0
1996-02-05,7.292,7.3681,7.292,7.3428,226590,0
1996-02-06,7.3932,7.4434,7.292,7.3932,576685,0
1996-02-07,7.3932,7.4692,7.3681,7.3681,213765,0
1996-02-08,7.3681,7.4434,7.2501,7.3173,1450736,0
1996-02-09,7.3428,7.3932,7.3428,7.3932,413753,0
1996-02-12,7.3428,7.3681,7.292,7.3173,375271,0
1996-02-13,7.267,7.4434,7.267,7.4102,389051,0
1996-02-14,7.3932,7.3932,7.267,7.3428,309722,0
1996-02-15,7.292,7.3173,7.2163,7.292,323968,0
1996-02-16,7.292,7.292,7.1743,7.2163,970010,0
1996-02-20,7.2163,7.2163,7.0312,7.0564,1166194,0
1996-02-21,7.0312,7.4692,7.0059,7.2501,1899639,0
1996-02-22,7.4102,7.5615,7.4102,7.5363,2112452,0
1996-02-23,7.4858,7.848,7.4858,7.8226,974283,0
1996-02-26,7.806,7.806,7.6124,7.6626,750548,0
1996-02-27,7.6795,7.6795,7.6124,7.6626,322067,0
1996-02-28,7.6795,7.9491,7.6795,7.8226,1008962,0
1996-02-29,7.848,7.9241,7.7805,7.9241,840323,0
1996-03-01,7.8984,7.9491,7.8226,7.848,647466,0
1996-03-04,7.848,8.0418,7.848,7.9241,765271,0
1996-03-05,7.8984,7.9995,7.848,7.8984,612789,0
1996-03-06,7.9491,7.9743,7.9241,7.9491,353899,0
1996-03-07,7.9743,7.9995,7.9241,7.9995,666940,0
1996-03-08,7.848,8.0752,7.806,7.8816,1317728,0
1996-03-11,7.8226,7.9995,7.8226,7.9491,938656,0
1996-03-12,7.9491,7.9491,7.8816,7.9241,815625,0
1996-03-13,7.9404,8.1007,7.8901,8.1007,593312,0
1996-03-14,8.1007,8.3954,8.1007,8.3024,2205083,0
1996-03-15,8.2522,8.3447,8.2269,8.3447,486429,0
1996-03-18,8.3954,8.4458,8.3024,8.3197,555783,0
1996-03-19,8.3197,8.3197,8.1259,8.1259,921079,0
1996-03-20,8.1259,8.2018,8.1259,8.2018,881179,0
1996-03-21,8.1762,8.2269,8.1595,8.2018,847925,0
1996-03-22,8.1762,8.2773,8.1762,8.2773,484050,0
1996-03-25,8.2269,8.2773,8.2269,8.2522,690215,0
1996-03-26,8.2773,8.3197,8.2522,8.2773,326818,0
1996-03-27,8.3024,8.3785,8.3024,8.3785,1198023,0
1996-03-28,8.4207,8.4207,8.3447,8.3954,894478,0
1996-03-29,8.4207,8.7572,8.3954,8.7572,555783,0
1996-04-01,8.7161,8.7572,8.6395,8.6395,1487314,0
1996-04-02,8.6646,8.6902,8.5974,8.6646,1005162,0
1996-04-03,8.6646,8.6902,8.6142,8.6395,1086391,0
1996-04-04,8.6646,8.6646,8.5385,8.5723,1052188,0
1996-04-08,8.4709,8.5974,8.4458,8.4709,890682,0
1996-04-09,8.4709,8.4709,8.2773,8.3197,719669,0
1996-04-10,8.2773,8.2773,8.1762,8.2018,669789,0
1996-04-11,8.1762,8.2018,7.8648,7.9071,630839,0
1996-04-12,7.9404,8.3197,7.9404,8.3197,1211798,0
1996-04-15,8.3447,8.7572,8.3197,8.6646,1664500,0
1996-04-16,8.6902,8.7572,8.6902,8.7161,586659,0
1996-04-17,8.7161,8.7397,8.5974,8.6395,1550018,0
1996-04-18,8.6142,8.6142,8.4962,8.5218,873103,0
1996-04-19,8.5218,8.8596,8.5218,8.8077,1020838,0
1996-04-22,8.8077,9.1281,8.8077,8.8336,1227949,0
1996-04-23,8.8336,8.8336,8.6902,8.7161,1366659,0
1996-04-24,8.7161,8.7161,8.6142,8.6395,1449313,0
1996-04-25,8.6395,8.6646,8.5974,8.6395,235138,0
1996-04-26,8.6142,8.6646,8.5974,8.6142,826071,0
1996-04-29,8.5723,8.5974,8.5218,8.5385,156285,0
1996-04-30,8.4962,8.5218,8.4458,8.4458,506855,0
1996-05-01,8.4709,8.4709,8.3197,8.3197,572409,0
1996-05-02,8.3197,8.3197,8.1762,8.2018,1180446,0
1996-05-03,8.2522,8.2522,8.1595,8.1595,527759,0
1996-05-06,8.1595,8.1595,7.8901,7.9829,537257,0
1996-05-07,8.0332,8.0332,7.789,7.8311,928205,0
1996-05-08,7.8648,7.9404,7.7132,7.8901,1753807,0
1996-05-09,7.9404,8.2773,7.9404,8.2522,1875413,0
1996-05-10,8.2773,8.4709,8.2773,8.3024,1558092,0
1996-05-13,8.3024,8.4458,8.2773,8.3954,293091,0
1996-05-14,8.3785,8.4458,8.2773,8.3024,447479,0
1996-05-15,8.2773,8.3447,8.2773,8.3197,618012,0
1996-05-16,8.3024,8.3024,8.1595,8.2773,132060,0
1996-05-17,8.2773,8.2773,8.2269,8.2269,96908,0
1996-05-20,8.2269,8.3447,8.2018,8.2269,904458,0
1996-05-21,8.2269,8.2269,8.1595,8.1762,415173,0
1996-05-22,8.1007,8.4709,8.1007,8.4458,887830,0
1996-05-23,8.3954,8.6142,8.3954,8.5723,700193,0
1996-05-24,8.5385,8.5385,8.3954,8.3954,218512,0
1996-05-28,8.3785,8.4458,8.3785,8.3785,415651,0
1996-05-29,8.4207,8.4962,8.4207,8.4962,266487,0
1996-05-30,8.4962,8.4962,8.4458,8.4962,515881,0
1996-05-31,8.4962,8.4962,8.4458,8.4962,782847,0
1996-06-03,8.4458,8.4962,8.3954,8.4709,409949,0
1996-06-04,8.4962,8.6902,8.4709,8.6646,673116,0
1996-06-05,8.6395,8.6395,8.5385,8.5385,772398,0
1996-06-06,8.5974,8.6646,8.5974,8.6395,430853,0
1996-06-07,8.5974,8.5974,8.3785,8.4709,339171,0
1996-06-10,8.5385,8.6142,8.3447,8.5974,1137216,0
1996-06-11,8.5974,8.8596,8.5974,8.8077,1549068,0
1996-06-12,8.7992,8.9682,8.7992,8.9169,593312,0
1996-06-13,8.8906,8.9169,8.7992,8.8511,901127,0
1996-06-14,8.8168,8.8752,8.7241,8.7241,233240,0
1996-06-17,8.7992,8.7992,8.5974,8.5974,575260,0
1996-06-18,8.6227,8.6483,8.5805,8.6227,691169,0
1996-06-19,8.6483,8.6483,8.5048,8.5805,589514,0
1996-06-20,8.5218,8.5469,8.4542,8.5048,447479,0
1996-06-21,8.5048,8.6227,8.5048,8.5974,342971,0
1996-06-24,8.6227,8.7489,8.6227,8.7489,555308,0
1996-06-25,8.7654,8.9682,8.7654,8.9421,847448,0
1996-06-26,8.9421,8.9421,8.6728,8.6728,678817,0
1996-06-27,8.6728,8.6984,8.5805,8.6227,492606,0
1996-06-28,8.7992,9.0855,8.7654,9.0855,1914840,0
1996-07-01,9.0355,9.0355,8.7992,8.7992,668368,0
1996-07-02,8.8168,8.8168,8.7241,8.7654,638911,0
1996-07-03,8.8168,8.8168,8.7654,8.7654,392850,0
1996-07-05,8.7654,8.7654,8.7489,8.7489,47028,0
1996-07-08,8.6984,8.6984,8.5469,8.5469,345344,0
1996-07-09,8.5469,8.5974,8.4542,8.4796,360547,0
1996-07-10,8.4796,8.4796,8.3615,8.3615,430853,0
1996-07-11,8.21,8.2605,8.1595,8.1848,1285430,0
1996-07-12,8.21,8.21,8.1089,8.1341,1908191,0
1996-07-15,8.0332,8.1848,7.9657,8.0332,1680178,0
1996-07-16,8.0332,8.0585,7.9152,7.9404,721568,0
1996-07-17,7.9404,7.9911,7.9404,7.9404,852679,0
1996-07-18,7.9657,8.1595,7.9404,8.1341,433702,0
1996-07-19,8.1595,8.2352,8.0332,8.0922,433702,0
1996-07-22,7.9911,7.9911,7.8733,7.8984,743418,0
1996-07-23,7.8395,7.8984,7.7218,7.7218,527759,0
1996-07-24,7.5701,7.6964,7.4273,7.6458,749122,0
1996-07-25,7.6713,7.9152,7.6713,7.8226,1270701,0
1996-07-26,7.8226,7.9152,7.7974,7.8984,839374,0
1996-07-29,7.9152,7.9152,7.8395,7.8984,948634,0
1996-07-30,7.9404,7.9657,7.8395,7.9404,403776,0
1996-07-31,7.9657,8.0585,7.9152,7.9152,627036,0
1996-08-01,7.9404,8.1595,7.9404,8.1089,1405610,0
1996-08-02,8.1595,8.2605,8.1595,8.2352,641768,0
1996-08-05,8.3113,8.5048,8.3113,8.4796,432278,0
1996-08-06,8.4542,8.4796,8.4038,8.4796,724895,0
1996-08-07,8.5048,8.5805,8.4542,8.5048,971432,0
1996-08-08,8.5218,8.6984,8.5218,8.6483,256040,0
1996-08-09,8.6483,8.7992,8.5974,8.7489,874528,0
1996-08-12,8.7489,8.8511,8.6728,8.8168,1106819,0
1996-08-13,8.8168,8.8906,8.8168,8.8511,1228902,0
1996-08-14,8.8752,8.8752,8.6984,8.7241,607084,0
1996-08-15,8.7489,8.7489,8.5469,8.6227,281693,0
1996-08-16,8.5974,8.6483,8.5218,8.5974,888780,0
1996-08-19,8.5974,8.5974,8.5469,8.5974,552932,0
1996-08-20,8.5974,8.6395,8.5469,8.6227,575734,0
1996-08-21,8.5974,8.8752,8.5974,8.7992,901127,0
1996-08-22,8.7489,8.7489,8.5974,8.5974,1258348,0
1996-08-23,8.5469,8.8168,8.5469,8.6984,782374,0
1996-08-26,8.7489,8.7489,8.5974,8.6728,601866,0
1996-08-27,8.6483,8.9169,8.6483,8.8906,716341,0
1996-08-28,8.8511,8.9421,8.7654,8.7992,578583,0
1996-08-29,8.7992,8.8906,8.7241,8.8906,695921,0
1996-08-30,8.8906,8.8906,8.8511,8.8752,515406,0
1996-09-03,8.8511,8.8511,8.7241,8.7241,546756,0
1996-09-04,8.7489,8.7489,8.6728,8.7241,319695,0
1996-09-05,8.7241,8.7992,8.4542,8.4542,623238,0
1996-09-06,8.4796,8.6984,8.4542,8.6984,628936,0
1996-09-09,8.6984,8.7241,8.6483,8.7241,458878,0
1996-09-10,8.7489,8.8168,8.7241,8.7654,464577,0
1996-09-11,8.7992,8.7992,8.7489,8.7654,132532,0
1996-09-12,8.7489,8.7489,8.6227,8.6483,259845,0
1996-09-13,8.6984,8.8511,8.6984,8.7992,509230,0
1996-09-16,8.7654,9.0193,8.7654,8.9935,812296,0
1996-09-17,8.9682,9.2537,8.9421,9.2106,1053134,0
1996-09-18,9.2106,9.3365,9.0855,9.1358,788548,0
1996-09-19,9.1863,9.1863,9.0855,9.1628,794722,0
1996-09-20,9.1358,9.3819,9.1358,9.3365,844600,0
1996-09-23,9.3365,9.3819,9.3062,9.3365,868354,0
1996-09-24,9.3365,9.3639,9.2888,9.3062,1001360,0
1996-09-25,9.3739,9.3739,9.2799,9.2799,518735,0
1996-09-26,9.3218,9.3739,9.2018,9.2018,786650,0
1996-09-27,9.247,9.2965,9.154,9.154,251765,0
1996-09-30,9.2018,9.2289,9.154,9.1791,549608,0
1996-10-01,9.2289,9.2289,9.1028,9.1791,366247,0
1996-10-02,9.2289,9.2289,9.0768,9.2018,743894,0
1996-10-03,9.2289,9.2289,9.1281,9.154,253663,0
1996-10-04,9.2018,9.2965,9.1791,9.2965,747694,0
1996-10-07,9.2965,9.2965,9.247,9.2799,140610,0
1996-10-08,9.247,9.3463,9.154,9.1791,754821,0
1996-10-09,9.154,9.154,8.9513,9.028,358642,0
1996-10-10,9.028,9.0516,8.9336,8.9775,403776,0
1996-10-11,9.028,9.0516,8.9775,9.0109,251765,0
1996-10-14,9.028,9.1281,9.028,9.1028,268866,0
1996-10-15,9.1028,9.247,9.0516,9.247,593312,0
1996-10-16,9.2289,9.247,9.1028,9.2289,283120,0
1996-10-17,9.2799,9.3463,9.247,9.3218,162934,0
1996-10-18,9.3739,9.3739,9.247,9.2799,431328,0
1996-10-21,9.247,9.2799,9.154,9.2018,376223,0
1996-10-22,9.2289,9.3218,9.1791,9.2965,561010,0
1996-10-23,9.2965,9.2965,9.154,9.247,427526,0
1996-10-24,9.3218,9.4223,9.2799,9.3463,751968,0
1996-10-25,9.3463,9.4486,9.3218,9.4223,444148,0
1996-10-28,9.4223,9.623,9.3977,9.3977,1346705,0
1996-10-29,9.3463,9.4223,9.154,9.3977,558632,0
1996-10-30,9.3463,9.4223,9.3218,9.4223,307820,0
1996-10-31,9.4724,9.862,9.4724,9.742,393799,0
1996-11-01,9.574,9.574,9.4223,9.4724,969533,0
1996-11-04,9.4982,9.4982,9.3739,9.3977,453653,0
1996-11-05,9.3463,9.3977,9.2799,9.3463,912534,0
1996-11-06,9.3463,9.55,9.3463,9.516,1470214,0
1996-11-07,9.4982,9.574,9.3977,9.574,1210848,0
1996-11-08,9.516,9.516,9.3977,9.4724,350571,0
1996-11-11,9.4724,9.516,9.3463,9.4982,468855,0
1996-11-12,9.4724,9.718,9.4223,9.693,1057411,0
1996-11-13,9.667,9.718,9.64,9.693,1462139,0
1996-11-14,9.667,9.767,9.667,9.718,755296,0
1996-11-15,9.718,9.783,9.718,9.767,339171,0
1996-11-18,9.742,9.811,9.718,9.811,415173,0
1996-11-19,9.783,9.783,9.718,9.742,183362,0
1996-11-20,9.742,9.811,9.718,9.767,153912,0
1996-11-21,9.767,9.811,9.742,9.783,303066,0
1996-11-22,9.811,9.989,9.811,9.885,569083,0
1996-11-25,9.885,10.062,9.885,9.989,705419,0
1996-11-26,10.012,10.149,10.012,10.115,414701,0
1996-11-27,10.115,10.23,10.078,10.115,449853,0
1996-11-29,10.14,10.14,10.012,10.012,126833,0
1996-12-02,10.062,10.062,9.989,10.012,165786,0
1996-12-03,10.035,10.14,9.783,9.783,339647,0
1996-12-04,9.783,9.862,9.64,9.862,545809,0
1996-12-05,9.846,9.885,9.667,9.718,798050,0
1996-12-06,9.667,9.811,9.623,9.811,946257,0
1996-12-09,9.783,9.811,9.767,9.783,590935,0
1996-12-10,9.811,9.811,9.623,9.623,570033,0
1996-12-11,9.4724,9.4724,9.1028,9.1281,1831709,0
1996-12-12,9.1207,9.1628,9.0193,9.0431,1192795,0
1996-12-13,8.9935,9.0193,8.7241,8.8511,546283,0
1996-12-16,8.7744,8.8168,8.6728,8.6728,1607973,0
1996-12-17,8.6227,9.1455,8.5974,9.1207,2443072,0
1996-12-18,9.094,9.2202,8.9253,9.2202,934855,0
1996-12-19,9.1628,9.2377,9.0193,9.0677,854574,0
1996-12-20,8.9682,9.0193,8.7489,8.7744,1751904,0
1996-12-23,8.8168,8.8511,8.6984,8.6984,1122966,0
1996-12-24,8.6483,8.6728,8.6227,8.6728,455078,0
1996-12-26,8.7241,8.7489,8.5218,8.6728,581435,0
1996-12-27,8.7241,8.7992,8.6984,8.7992,776197,0
1996-12-30,8.8168,9.1455,8.8168,9.094,873103,0
1996-12-31,9.094,9.094,8.9421,9.0193,704941,0
1997-01-02,9.0193,9.0193,8.7744,8.7992,848876,0
1997-01-03,8.7992,8.9935,8.7992,8.9682,904458,0
1997-01-06,9.0193,9.1207,8.9421,9.0193,542483,0
1997-01-07,8.9935,9.2965,8.9935,9.2965,1820784,0
1997-01-08,9.4135,9.507,9.3897,9.4645,1126295,0
1997-01-09,9.4645,9.811,9.4645,9.783,1027962,0
1997-01-10,9.658,9.759,9.608,9.709,1473537,0
1997-01-13,9.783,9.91,9.583,9.583,994233,0
1997-01-14,9.583,9.685,9.583,9.658,562910,0
1997-01-15,9.64,9.658,9.583,9.583,629412,0
1997-01-16,9.608,9.658,9.507,9.608,1107290,0
1997-01-17,9.608,9.783,9.608,9.658,633216,0
1997-01-20,9.759,9.862,9.759,9.862,590935,0
1997-01-21,9.862,10.005,9.862,9.926,529181,0
1997-01-22,9.91,9.91,9.811,9.836,543433,0
1997-01-23,9.862,9.862,9.4645,9.4893,1622223,0
1997-01-24,9.4135,9.583,9.4135,9.4645,979983,0
1997-01-27,9.4135,9.566,9.3897,9.4135,775721,0
1997-01-28,9.4645,9.4893,9.1863,9.2202,480731,0
1997-01-29,9.2202,9.4135,9.2202,9.3365,465529,0
1997-01-30,9.3897,9.3897,9.3139,9.3365,207588,0
1997-01-31,9.3639,9.583,9.3639,9.583,536306,0
1997-02-03,9.583,9.64,9.4387,9.532,318268,0
1997-02-04,9.532,9.532,9.2377,9.3139,808500,0
1997-02-05,9.3139,9.3897,9.1628,9.1863,580011,0
1997-02-06,9.2377,9.2965,9.1863,9.2377,1780885,0
1997-02-07,9.2377,9.3639,9.2202,9.3639,1065493,0
1997-02-10,9.4135,9.658,9.3897,9.608,589514,0
1997-02-11,9.608,9.64,9.4387,9.507,777617,0
1997-02-12,9.64,9.783,9.64,9.759,774297,0
1997-02-13,9.862,9.953,9.811,9.862,1794179,0
1997-02-14,9.862,9.862,9.658,9.658,367675,0
1997-02-18,9.608,9.64,9.4645,9.532,881652,0
1997-02-19,9.583,9.658,9.4645,9.507,698294,0
1997-02-20,9.608,9.658,9.532,9.566,818950,0
1997-02-21,9.64,9.658,9.532,9.566,803750,0
1997-02-24,9.4645,9.685,9.4645,9.608,323968,0
1997-02-25,9.658,10.425,9.64,10.179,1902491,0
1997-02-26,10.179,10.179,10.005,10.028,1656900,0
1997-02-27,10.028,10.105,9.91,9.91,477404,0
1997-02-28,9.877,9.877,9.759,9.783,686415,0
1997-03-03,9.709,9.877,9.709,9.783,733443,0
1997-03-04,9.811,9.98,9.811,9.91,851253,0
1997-03-05,9.926,10.179,9.862,10.149,1126766,0
1997-03-06,10.221,10.221,10.028,10.053,453653,0
1997-03-07,10.105,10.221,10.078,10.132,716820,0
1997-03-10,10.132,10.258,10.053,10.205,509703,0
1997-03-11,10.258,10.258,10.132,10.179,324920,0
1997-03-12,10.213,10.492,10.213,10.465,775721,0
1997-03-13,10.465,10.465,10.087,10.087,475978,0
1997-03-14,10.14,10.163,10.044,10.087,1081640,0
1997-03-17,10.069,10.069,9.998,10.044,805647,0
1997-03-18,9.945,9.971,9.869,9.869,517307,0
1997-03-19,9.893,9.893,9.718,9.742,663142,0
1997-03-20,9.742,9.742,9.598,9.701,1203722,0
1997-03-21,9.718,9.917,9.701,9.869,1552392,0
1997-03-24,9.869,9.945,9.742,9.945,801373,0
1997-03-25,9.945,10.044,9.893,9.971,1912463,0
1997-03-26,9.971,10.087,9.945,10.044,655065,0
1997-03-27,10.044,10.044,9.893,9.998,836051,0
1997-03-31,10.069,10.069,9.869,9.869,1450736,0
1997-04-01,9.819,9.869,9.667,9.742,264591,0
1997-04-02,9.792,9.819,9.623,9.667,299744,0
1997-04-03,9.649,9.667,9.524,9.55,650789,0
1997-04-04,9.55,9.718,9.55,9.598,897330,0
1997-04-07,9.667,9.819,9.623,9.792,570033,0
1997-04-08,9.819,9.971,9.718,9.917,564334,0
1997-04-09,9.945,10.069,9.945,10.021,610888,0
1997-04-10,10.087,10.14,10.021,10.044,449377,0
1997-04-11,10.087,10.14,9.792,9.792,441303,0
1997-04-14,9.701,9.742,9.623,9.623,871678,0
1997-04-15,9.667,9.893,9.667,9.869,1001360,0
1997-04-16,9.854,9.854,9.701,9.718,818950,0
1997-04-17,9.718,9.775,9.649,9.649,726794,0
1997-04-18,9.701,9.718,9.685,9.701,393799,0
1997-04-21,9.742,9.775,9.524,9.55,512555,0
1997-04-22,9.55,9.701,9.55,9.667,1510591,0
1997-04-23,9.649,9.649,9.3977,9.4724,653164,0
1997-04-24,9.598,9.854,9.598,9.819,1473059,0
1997-04-25,9.775,9.775,9.524,9.524,760519,0
1997-04-28,9.4982,10.087,9.4982,10.044,1216550,0
1997-04-29,10.34,10.465,10.24,10.291,988536,0
1997-04-30,10.266,10.931,10.266,10.492,1089241,0
1997-05-01,10.586,10.837,10.586,10.788,933430,0
1997-05-02,10.811,10.887,10.761,10.811,715392,0
1997-05-05,10.855,11.081,10.837,10.98,744840,0
1997-05-06,10.837,10.855,10.761,10.837,1199923,0
1997-05-07,10.855,10.887,10.737,10.855,397598,0
1997-05-08,10.811,10.98,10.811,10.913,1029861,0
1997-05-09,10.962,10.98,10.811,10.887,921556,0
1997-05-12,10.887,10.98,10.811,10.98,659814,0
1997-05-13,10.962,10.98,10.837,10.962,1764731,0
1997-05-14,10.788,11.006,10.788,10.962,1568069,0
1997-05-15,10.962,11.04,10.887,11.04,462678,0
1997-05-16,11.006,11.131,10.98,11.006,528230,0
1997-05-19,10.962,11.081,10.887,10.962,243214,0
1997-05-20,10.98,11.276,10.98,11.276,1134369,0
1997-05-21,11.333,11.384,11.233,11.258,532981,0
1997-05-22,11.183,11.428,11.183,11.276,1440289,0
1997-05-23,11.333,11.527,11.258,11.527,879755,0
1997-05-27,11.476,11.476,11.276,11.402,1093518,0
1997-05-28,11.384,11.451,11.309,11.384,569083,0
1997-05-29,11.428,11.451,11.207,11.309,441778,0
1997-05-30,11.258,11.476,11.233,11.476,374321,0
1997-06-02,11.58,11.603,11.554,11.554,383347,0
1997-06-03,11.58,11.806,11.58,11.58,820375,0
1997-06-04,11.603,11.806,11.603,11.697,561486,0
1997-06-05,11.629,11.874,11.629,11.874,657439,0
1997-06-06,11.823,12.117,11.68,12.075,705419,0
1997-06-09,12.075,12.117,11.874,12.102,871203,0
1997-06-10,12.176,12.227,12.075,12.227,689743,0
1997-06-11,12.261,12.387,12.135,12.21,1337683,0
1997-06-12,12.261,12.285,12.135,12.184,593784,0
1997-06-13,12.167,12.236,12.11,12.184,847925,0
1997-06-16,12.135,12.285,12.11,12.261,504480,0
1997-06-17,12.261,12.387,12.184,12.285,672640,0
1997-06-18,12.31,12.31,12.11,12.285,567658,0
1997-06-19,12.285,12.531,12.285,12.48,222313,0
1997-06-20,12.48,12.531,12.387,12.437,356272,0
1997-06-23,12.406,12.48,12.21,12.21,357220,0
1997-06-24,12.236,12.453,11.966,12.437,579061,0
1997-06-25,12.48,12.816,12.48,12.756,882129,0
1997-06-26,12.808,12.808,12.31,12.345,575734,0
1997-06-27,12.437,12.453,12.336,12.437,445577,0
1997-06-30,12.406,12.406,12.236,12.236,501632,0
1997-07-01,12.236,12.387,12.21,12.378,434177,0
1997-07-02,12.406,12.437,12.31,12.319,497353,0
1997-07-03,12.319,12.513,12.319,12.513,494508,0
1997-07-07,12.513,12.724,12.445,12.638,2056873,0
1997-07-08,12.638,12.638,12.48,12.556,778097,0
1997-07-09,12.556,12.597,12.361,12.378,972386,0
1997-07-10,12.387,12.437,12.361,12.387,530610,0
1997-07-11,12.387,12.445,12.361,12.437,487854,0
1997-07-14,12.387,12.666,12.361,12.656,636064,0
1997-07-15,12.656,12.756,12.656,12.682,1478765,0
1997-07-16,12.638,12.707,12.548,12.707,994233,0
1997-07-17,12.756,12.873,12.731,12.808,495455,0
1997-07-18,12.834,12.89,12.707,12.765,614211,0
1997-07-21,12.74,12.782,12.531,12.682,342494,0
1997-07-22,12.638,12.707,12.378,12.656,801373,0
1997-07-23,12.682,13.061,12.656,13.061,552932,0
1997-07-24,12.95,12.95,12.816,12.859,469802,0
1997-07-25,12.834,12.851,12.731,12.756,288340,0
1997-07-28,12.707,13.13,12.707,13.13,700193,0
1997-07-29,13.13,13.177,13.025,13.025,350094,0
1997-07-30,13.043,13.624,13.043,13.575,686415,0
1997-07-31,13.591,13.895,13.398,13.834,1582321,0
1997-08-01,13.861,13.886,13.752,13.886,685468,0
1997-08-04,13.886,13.886,13.566,13.674,337269,0
1997-08-05,13.674,13.674,13.49,13.514,1061692,0
1997-08-06,13.547,13.886,13.539,13.886,786170,0
1997-08-07,13.895,13.985,13.591,13.624,561961,0
1997-08-08,13.624,13.743,13.532,13.743,431800,0
1997-08-11,13.743,13.793,13.575,13.681,410423,0
1997-08-12,13.681,13.7,13.65,13.7,372424,0
1997-08-13,13.7,13.752,13.624,13.7,628936,0
1997-08-14,13.7,13.801,13.624,13.801,332998,0
1997-08-15,13.801,13.968,13.793,13.968,1111568,0
1997-08-18,13.895,13.911,13.674,13.776,1203248,0
1997-08-19,13.776,13.911,13.624,13.834,474081,0
1997-08-20,13.851,13.968,13.817,13.952,368145,0
1997-08-21,13.895,13.927,13.228,13.432,732017,0
1997-08-22,13.398,13.726,13.364,13.665,780946,0
1997-08-25,13.609,13.624,13.472,13.507,726317,0
1997-08-26,13.472,13.539,13.371,13.389,377649,0
1997-08-27,13.44,13.507,13.389,13.472,231338,0
1997-08-28,13.532,13.532,13.094,13.371,664565,0
1997-08-29,13.355,13.448,13.279,13.448,253663,0
1997-09-02,13.448,13.49,13.355,13.355,788548,0
1997-09-03,13.371,13.448,13.329,13.389,604711,0
1997-09-04,13.413,13.472,13.389,13.44,252240,0
1997-09-05,13.44,13.507,13.355,13.507,307820,0
1997-09-08,13.472,13.726,13.472,13.726,372897,0
1997-09-09,13.726,13.752,13.575,13.717,227064,0
1997-09-10,13.665,13.726,13.389,13.432,474081,0
1997-09-11,13.448,13.6,13.413,13.507,358642,0
1997-09-12,13.507,13.642,13.49,13.575,342022,0
1997-09-15,13.398,13.472,13.398,13.472,618965,0
1997-09-16,13.547,14.03,13.547,13.995,712066,0
1997-09-17,14.046,14.147,13.995,14.103,955283,0
1997-09-18,14.103,14.253,14.103,14.245,731069,0
1997-09-19,14.272,14.694,14.239,14.636,1428406,0
1997-09-22,14.67,14.887,14.67,14.744,791397,0
1997-09-23,14.797,14.869,14.485,14.526,1052662,0
1997-09-24,14.51,14.566,14.298,14.374,1007538,0
1997-09-25,14.35,14.619,14.35,14.526,536783,0
1997-09-26,14.526,14.592,14.494,14.526,534406,0
1997-09-29,14.619,14.947,14.592,14.735,915854,0
1997-09-30,14.699,14.77,14.494,14.494,523485,0
1997-10-01,14.526,14.542,14.35,14.406,1248849,0
1997-10-02,14.382,14.878,14.374,14.878,863604,0
1997-10-03,14.878,14.887,14.432,14.494,993286,0
1997-10-06,14.35,14.449,14.138,14.172,1219875,0
1997-10-07,14.096,14.198,14.096,14.138,1106341,0
1997-10-08,14.147,14.172,13.944,14.138,1179496,0
1997-10-09,14.103,14.314,14.012,14.282,554359,0
1997-10-10,14.198,14.239,14.021,14.046,587610,0
1997-10-13,14.239,14.239,14.096,14.138,357695,0
1997-10-14,14.18,14.39,14.172,14.36,910152,0
1997-10-15,14.306,14.526,14.164,14.172,360071,0
1997-10-16,14.224,14.239,14.046,14.046,342022,0
1997-10-17,14.03,14.063,13.642,13.7,1027014,0
1997-10-20,13.743,14.198,13.709,14.147,570033,0
1997-10-21,14.198,14.432,14.164,14.382,376698,0
1997-10-22,14.35,14.35,14.172,14.332,361022,0
1997-10-23,14.332,14.332,13.944,13.952,341070,0
1997-10-24,14.012,14.298,13.936,14.239,792350,0
1997-10-27,14.224,14.224,13.152,13.152,437976,0
1997-10-28,13.094,13.575,13.051,13.575,1032235,0
1997-10-29,13.624,14.021,13.6,13.911,768118,0
1997-10-30,13.927,14.072,13.743,13.743,458878,0
1997-10-31,13.801,14.072,13.801,14.072,466001,0
1997-11-03,14.119,14.566,14.119,14.526,610888,0
1997-11-04,14.494,14.964,14.467,14.964,769073,0
1997-11-05,14.947,14.947,14.601,14.905,705419,0
1997-11-06,14.905,15.065,14.432,14.458,670267,0
1997-11-07,14.494,14.494,14.298,14.415,245594,0
1997-11-10,14.35,14.35,14.272,14.272,531081,0
1997-11-11,14.314,14.314,14.119,14.119,456027,0
1997-11-12,14.072,14.198,13.743,13.743,540109,0
1997-11-13,13.776,13.851,13.665,13.735,492130,0
1997-11-14,13.743,14.046,13.743,13.861,1227000,0
1997-11-17,13.878,13.995,13.878,13.985,1178546,0
1997-11-18,13.985,14.374,13.944,14.314,651264,0
1997-11-19,14.298,14.39,14.272,14.35,206161,0
1997-11-20,14.298,14.432,14.272,14.415,317794,0
1997-11-21,14.415,14.644,14.298,14.39,489755,0
1997-11-24,14.415,14.415,14.103,14.239,306392,0
1997-11-25,14.282,14.332,14.03,14.164,390947,0
1997-11-26,14.18,14.566,14.103,14.566,475030,0
1997-11-28,14.542,14.913,14.542,14.77,239888,0
1997-12-01,14.778,15.057,14.778,14.905,449377,0
1997-12-02,14.77,15.139,14.694,15.107,450326,0
1997-12-03,15.124,15.191,15.039,15.039,422777,0
1997-12-04,15.057,15.057,14.694,14.694,1903440,0
1997-12-05,14.694,14.797,14.566,14.601,905879,0
1997-12-08,14.601,14.735,14.592,14.735,459351,0
1997-12-09,14.744,14.77,14.619,14.67,344394,0
1997-12-10,14.67,14.67,14.449,14.542,437026,0
1997-12-11,14.494,14.592,14.138,14.138,719669,0
1997-12-12,14.164,14.198,14.021,14.138,823700,0
1997-12-15,14.119,14.198,14.072,14.147,535831,0
1997-12-16,14.198,14.644,14.198,14.644,756720,0
1997-12-17,15.29,15.571,15.2,15.412,6826639,0
1997-12-18,15.359,15.359,15.139,15.232,3732300,0
1997-12-19,15.2,15.251,14.922,15.217,2929024,0
1997-12-22,15.29,15.636,15.29,15.61,3369378,0
1997-12-23,15.796,15.796,15.173,15.698,18955065,0
1997-12-24,15.593,15.645,15.442,15.563,2298187,0
1997-12-26,15.579,15.593,15.494,15.593,298793,0
1997-12-29,15.593,15.788,15.593,15.754,1726730,0
1997-12-30,15.771,16.597,15.771,16.597,973807,0
1997-12-31,16.395,16.942,16.319,16.942,1244336,0
1998-01-02,16.841,16.876,16.572,16.69,1033189,0
1998-01-05,16.646,16.646,16.395,16.446,1701316,0
1998-01-06,16.343,16.369,16.016,16.151,817761,0
1998-01-07,16.191,16.243,16.092,16.118,1579709,0
1998-01-08,16.092,16.294,15.999,16.168,1099929,0
1998-01-09,16.118,16.151,15.139,15.275,2700062,0
1998-01-12,15.021,15.468,14.843,15.139,2701487,0
1998-01-13,15.173,15.744,15.139,15.571,1678750,0
1998-01-14,15.494,15.571,15.2,15.325,1099452,0
1998-01-15,15.403,15.571,15.2,15.351,1012998,0
1998-01-16,15.442,15.851,15.442,15.744,1528642,0
1998-01-20,15.851,16.572,15.851,16.319,1452873,0
1998-01-21,16.151,16.243,15.698,15.966,665278,0
1998-01-22,15.897,16.075,15.545,15.67,680953,0
1998-01-23,15.67,15.67,15.351,15.427,846501,0
1998-01-26,15.593,15.67,15.29,15.351,461489,0
1998-01-27,15.403,15.645,15.325,15.494,899704,0
1998-01-28,15.519,15.94,15.494,15.851,1801072,0
1998-01-29,16.039,16.075,15.923,16.016,1357631,0
1998-01-30,16.092,16.343,15.966,16.227,761233,0
1998-02-02,16.343,16.597,16.319,16.47,1322241,0
1998-02-03,16.572,16.841,16.47,16.824,849825,0
1998-02-04,16.824,17.295,16.616,17.295,930104,0
1998-02-05,17.27,17.396,17.118,17.322,803273,0
1998-02-06,17.371,17.591,17.245,17.27,891630,0
1998-02-09,17.27,17.27,16.993,17.093,477404,0
1998-02-10,17.093,17.245,17.044,17.221,777384,0
1998-02-11,17.322,17.371,17.093,17.221,639148,0
1998-02-12,17.221,17.295,16.824,17.295,826789,0
1998-02-13,17.295,17.396,17.245,17.348,466001,0
1998-02-17,17.591,17.777,17.295,17.563,792110,0
1998-02-18,17.473,17.969,17.438,17.793,1487789,0
1998-02-19,17.945,17.945,17.491,17.563,458162,0
1998-02-20,17.563,17.563,16.75,17.438,2041672,0
1998-02-23,17.547,18.121,17.515,18.069,573356,0
1998-02-24,18.145,18.194,17.643,17.744,765509,0
1998-02-25,17.843,18.02,17.793,17.945,475502,0
1998-02-26,17.994,18.392,17.945,18.375,409002,0
1998-02-27,18.297,18.375,17.994,18.297,856482,0
1998-03-02,18.347,18.696,18.194,18.347,1441950,0
1998-03-03,18.347,18.347,17.699,17.969,1573055,0
1998-03-04,17.396,17.491,17.348,17.396,4174075,0
1998-03-05,17.195,17.348,16.798,17.019,1451926,0
1998-03-06,17.093,17.547,16.69,17.322,1553583,0
1998-03-09,17.245,17.643,17.145,17.591,1972317,0
1998-03-10,17.744,18.045,17.666,17.945,2634035,0
1998-03-11,17.919,18.145,17.894,17.969,808500,0
1998-03-12,17.994,18.249,17.919,18.222,517543,0
1998-03-13,18.249,18.392,17.994,18.096,600200,0
1998-03-16,18.194,18.347,18.045,18.121,1434586,0
1998-03-17,18.249,18.347,17.591,17.793,911582,0
1998-03-18,17.699,17.699,17.145,17.438,1045298,0
1998-03-19,17.413,17.438,17.145,17.339,730592,0
1998-03-20,17.322,17.473,17.118,17.339,1825536,0
1998-03-23,17.438,17.894,17.396,17.894,1065251,0
1998-03-24,17.868,18.045,17.699,18.045,807073,0
1998-03-25,18.045,18.313,17.777,18.145,1887052,0
1998-03-26,18.145,18.794,18.145,18.643,2574657,0
1998-03-27,18.75,18.794,18.448,18.448,747218,0
1998-03-30,18.392,18.679,18.313,18.544,646751,0
1998-03-31,18.448,18.894,18.392,18.87,1236263,0
1998-04-01,18.794,18.822,18.194,18.347,2229307,0
1998-04-02,18.392,18.947,18.347,18.894,884027,0
1998-04-03,19.198,19.198,18.947,19.072,1037225,0
1998-04-06,19.198,19.198,18.544,18.679,722755,0
1998-04-07,18.679,18.794,18.544,18.696,892344,0
1998-04-08,18.75,18.75,18.392,18.448,683568,0
1998-04-09,18.463,18.49,18.347,18.392,484531,0
1998-04-13,18.392,18.643,18.045,18.616,758381,0
1998-04-14,18.75,19.149,18.696,18.846,1190423,0
1998-04-15,18.919,19.198,18.846,19.022,874528,0
1998-04-16,19.047,19.149,18.794,18.947,833913,0
1998-04-17,18.996,18.996,18.75,18.87,656965,0
1998-04-20,18.996,19.072,18.846,18.974,425152,0
1998-04-21,18.974,18.974,18.347,18.425,1278539,0
1998-04-22,18.313,18.846,18.222,18.846,1284003,0
1998-04-23,19.098,19.098,18.794,19.047,2137155,0
1998-04-24,18.846,18.846,18.249,18.544,2855399,0
1998-04-27,18.448,18.448,18.297,18.375,924404,0
1998-04-28,18.375,18.544,18.121,18.249,1009435,0
1998-04-29,18.249,18.777,18.249,18.75,1343380,0
1998-04-30,18.794,18.996,18.696,18.996,1994645,0
1998-05-01,18.996,19.275,18.846,19.275,1209896,0
1998-05-04,19.25,19.595,18.919,18.919,1710817,0
1998-05-05,18.996,19.022,18.822,18.87,2202472,0
1998-05-06,18.846,19.149,18.643,19.047,1791333,0
1998-05-07,19.098,19.098,18.616,18.996,900415,0
1998-05-08,18.996,19.502,18.974,19.366,966208,0
1998-05-11,19.324,19.544,19.149,19.401,546283,0
1998-05-12,19.401,19.502,19.173,19.469,597346,0
1998-05-13,19.544,19.671,19.301,19.366,704229,0
1998-05-14,19.366,19.595,19.25,19.544,1036987,0
1998-05-15,19.653,19.805,19.443,19.519,890205,0
1998-05-18,19.502,19.595,19.047,19.223,409476,0
1998-05-19,19.223,19.443,19.198,19.324,1288988,0
1998-05-20,19.25,19.426,19.198,19.401,840566,0
1998-05-21,19.577,19.577,19.401,19.544,627753,0
1998-05-22,19.469,19.469,19.022,19.098,550559,0
1998-05-26,19.301,19.366,18.846,18.87,415173,0
1998-05-27,18.894,18.894,18.347,18.794,630365,0
1998-05-28,18.846,18.974,18.696,18.822,896145,0
1998-05-29,18.894,19.149,18.527,18.777,558632,0
1998-06-01,18.794,19.198,18.696,19.072,713730,0
1998-06-02,19.047,19.098,18.544,18.894,838902,0
1998-06-03,18.846,18.974,18.72,18.794,595447,0
1998-06-04,18.696,18.846,18.49,18.822,322781,0
1998-06-05,18.75,18.846,18.448,18.696,784271,0
1998-06-08,18.75,19.022,18.679,18.696,794722,0
1998-06-09,18.846,19.022,18.75,18.894,656252,0
1998-06-10,18.794,18.822,18.544,18.643,2362795,0
1998-06-11,18.643,18.769,18.57,18.643,936283,0
1998-06-12,18.598,18.87,18.49,18.87,1119167,0
1998-06-15,18.696,18.846,18.527,18.527,1211322,0
1998-06-16,18.527,18.679,18.163,18.448,1201345,0
1998-06-17,18.297,18.769,18.297,18.643,963836,0
1998-06-18,18.696,19.098,18.696,19.098,922747,0
1998-06-19,19.502,19.502,19.173,19.173,974994,0
1998-06-22,19.098,19.124,18.794,18.947,1162633,0
1998-06-23,18.696,19.149,18.598,19.047,1565457,0
1998-06-24,18.894,19.696,18.794,19.696,1061214,0
1998-06-25,19.908,19.998,19.544,19.772,2043810,0
1998-06-26,19.772,19.813,19.25,19.772,804700,0
1998-06-29,19.805,20.108,19.805,19.88,487379,0
1998-06-30,19.908,20.108,19.653,20.058,788074,0
1998-07-01,20.108,20.353,19.653,20.25,701854,0
1998-07-02,20.25,20.402,19.998,20.353,401162,0
1998-07-06,20.402,21.06,20.353,20.934,820848,0
1998-07-07,20.934,20.96,20.655,20.758,762894,0
1998-07-08,20.858,22.517,20.858,22.29,2890074,0
1998-07-09,22.29,22.811,22.01,22.643,1974695,0
1998-07-10,22.415,22.869,21.818,22.693,1459761,0
1998-07-13,22.693,22.693,22.063,22.238,1569972,0
1998-07-14,22.263,22.618,22.113,22.137,1828145,0
1998-07-15,22.037,22.263,21.858,22.086,799238,0
1998-07-16,22.189,22.34,21.858,22.34,789971,0
1998-07-17,22.365,22.365,22.01,22.063,627275,0
1998-07-20,22.01,22.189,21.669,21.986,633689,0
1998-07-21,22.01,22.121,21.669,21.818,865265,0
1998-07-22,21.858,21.858,21.261,21.454,691880,0
1998-07-23,21.563,22.315,21.412,21.858,1834086,0
1998-07-24,21.961,22.164,21.818,22.137,1221773,0
1998-07-27,22.137,22.315,21.91,22.29,816336,0
1998-07-28,22.263,22.415,22.189,22.263,1276879,0
1998-07-29,22.263,22.491,21.412,21.642,872628,0
1998-07-30,21.606,21.714,21.111,21.261,1436488,0
1998-07-31,21.303,21.589,20.96,21.111,796383,0
1998-08-03,21.261,21.261,20.553,20.606,923693,0
1998-08-04,20.553,20.883,20.25,20.284,1067389,0
1998-08-05,20.284,20.402,19.908,20.21,1083304,0
1998-08-06,20.21,21.152,20.133,21.152,1326280,0
1998-08-07,21.128,21.858,21.128,21.412,1072616,0
1998-08-10,21.356,21.518,21.231,21.491,661716,0
1998-08-11,21.261,21.303,20.934,21.185,1221535,0
1998-08-12,21.185,21.606,21.128,21.518,770022,0
1998-08-13,21.606,21.961,21.412,21.714,1527455,0
1998-08-14,21.642,21.834,21.518,21.642,895430,0
1998-08-17,21.642,22.086,21.412,22.086,465055,0
1998-08-18,22.086,22.415,22.01,22.164,877140,0
1998-08-19,22.164,22.491,21.759,22.315,1003026,0
1998-08-20,22.212,22.963,22.212,22.796,644614,0
1998-08-21,22.796,23.217,22.365,22.887,870252,0
1998-08-24,23.425,23.501,22.77,22.77,1256925,0
1998-08-25,22.869,23.114,22.718,23.021,1024875,0
1998-08-26,22.811,22.963,22.238,22.365,727268,0
1998-08-27,22.263,22.315,20.883,20.908,999696,0
1998-08-28,20.96,21.412,20.655,21.203,749122,0
1998-08-31,21.152,21.152,19.098,19.149,1686822,0
1998-09-01,18.894,20.505,18.598,20.21,2045952,0
1998-09-02,20.149,21.382,19.998,20.402,1229612,0
1998-09-03,20.302,20.302,18.894,19.426,1519615,0
1998-09-04,19.324,19.35,18.425,18.87,1384711,0
1998-09-08,19.301,20.378,19.072,20.353,1416772,0
1998-09-09,19.998,20.505,19.847,19.982,670976,0
1998-09-10,19.301,19.35,18.679,19.124,1888476,0
1998-09-11,18.894,20.21,18.794,19.375,1602034,0
1998-09-14,20.108,20.705,20.033,20.378,809213,0
1998-09-15,20.378,20.758,19.73,20.705,1189707,0
1998-09-16,20.758,20.908,20.353,20.883,821323,0
1998-09-17,20.782,20.782,20.353,20.527,662901,0
1998-09-18,20.527,20.858,20.454,20.807,756009,0
1998-09-21,20.606,20.782,20.353,20.454,510894,0
1998-09-22,20.553,20.553,19.696,19.924,1156933,0
1998-09-23,19.956,20.378,19.772,20.378,1220586,0
1998-09-24,20.378,20.462,18.696,19.291,1479954,0
1998-09-25,18.947,19.35,18.947,19.14,2093452,0
1998-09-28,19.14,19.73,19.14,19.426,996845,0
1998-09-29,19.426,19.426,17.734,18.57,2317904,0
1998-09-30,18.49,18.49,18.011,18.137,2268263,0
1998-10-01,18.088,18.213,17.339,17.379,1125345,0
1998-10-02,17.491,17.911,17.034,17.161,1945717,0
1998-10-05,16.521,16.646,15.519,15.872,2553756,0
1998-10-06,16.118,16.327,14.913,15.545,3003604,0
1998-10-07,15.442,16.269,15.342,16.269,2758967,0
1998-10-08,15.723,15.851,15.267,15.744,2203421,0
1998-10-09,15.744,16.118,15.545,16.075,1470214,0
1998-10-12,16.118,16.932,16.118,16.421,1308227,0
1998-10-13,16.454,16.75,16.075,16.75,1083066,0
1998-10-14,16.75,17.633,16.708,17.127,1541471,0
1998-10-15,17.127,18.947,16.932,18.742,1090905,0
1998-10-16,18.947,18.974,18.037,18.588,2251160,0
1998-10-19,18.588,19.502,18.544,19.25,1430551,0
1998-10-20,19.35,20.402,19.35,19.502,1507503,0
1998-10-21,19.519,19.998,19.047,19.998,947206,0
1998-10-22,19.908,20.537,19.502,20.36,712546,0
1998-10-23,20.25,20.284,19.653,19.805,549608,0
1998-10-26,19.831,19.831,19.25,19.544,338219,0
1998-10-27,19.653,19.924,18.72,19.047,999460,0
1998-10-28,19.072,19.747,18.87,19.653,1081878,0
1998-10-29,19.544,19.696,19.022,19.696,884739,0
1998-10-30,19.805,20.226,19.747,19.998,465768,0
1998-11-02,19.998,20.96,19.998,20.833,1227476,0
1998-11-03,20.908,20.96,20.613,20.883,547234,0
1998-11-04,20.96,21.365,20.302,20.833,817525,0
1998-11-05,20.705,21.238,20.512,21.135,703757,0
1998-11-06,21.06,21.212,20.664,21.008,713257,0
1998-11-09,21.111,21.261,20.96,21.06,428475,0
1998-11-10,21.16,21.338,21.008,21.085,521106,0
1998-11-11,21.085,21.31,20.908,21.16,431564,0
1998-11-12,21.06,21.338,21.06,21.238,715392,0
1998-11-13,21.008,21.238,20.613,20.733,673352,0
1998-11-16,20.96,21.135,19.831,21.06,1149095,0
1998-11-17,21.06,21.994,20.807,21.994,2028133,0
1998-11-18,21.919,22.145,21.615,22.02,1514865,0
1998-11-19,22.171,22.932,22.171,22.827,1329842,0
1998-11-20,22.932,22.932,22.45,22.6,777149,0
1998-11-23,22.693,22.827,22.467,22.643,714444,0
1998-11-24,22.693,22.947,22.45,22.541,656965,0
1998-11-25,22.643,22.643,21.994,22.171,991386,0
1998-11-27,22.096,22.238,21.919,22.171,551982,0
1998-11-30,22.071,22.145,21.463,21.541,588321,0
1998-12-01,21.541,21.541,20.883,21.261,969533,0
1998-12-02,21.16,21.541,20.908,21.491,521817,0
1998-12-03,21.412,21.714,21.085,21.111,503770,0
1998-12-04,21.212,22.222,21.212,22.145,1055277,0
1998-12-07,22.096,22.567,21.794,22.567,495691,0
1998-12-08,22.415,22.525,22.121,22.315,463388,0
1998-12-09,22.298,22.541,21.969,22.374,709931,0
1998-12-10,22.272,22.374,21.994,22.374,773348,0
1998-12-11,22.356,22.356,21.346,21.42,1673766,0
1998-12-14,21.221,21.319,20.41,20.488,912534,0
1998-12-15,21.017,21.069,20.21,20.589,2054020,0
1998-12-16,20.664,20.69,20.033,20.437,1457862,0
1998-12-17,20.437,21.472,20.41,21.42,2156630,0
1998-12-18,21.675,22.256,21.572,21.977,2024572,0
1998-12-21,21.876,22.356,21.876,22.155,493081,0
1998-12-22,22.155,22.205,21.826,21.876,583099,0
1998-12-23,21.85,22.787,21.826,22.66,1047677,0
1998-12-24,22.634,22.987,22.558,22.735,301403,0
1998-12-28,22.939,22.987,22.558,22.634,789971,0
1998-12-29,22.735,23.519,22.685,23.393,1855221,0
1998-12-30,23.417,23.62,23.114,23.241,1319629,0
1998-12-31,23.264,23.644,23.039,23.443,1042927,0
1999-01-04,23.342,24.074,23.241,23.367,1670676,0
1999-01-05,23.443,23.443,23.066,23.191,1889187,0
1999-01-06,23.191,23.696,23.191,23.568,1484701,0
1999-01-07,23.468,23.544,23.29,23.367,1118453,0
1999-01-08,23.367,23.417,23.191,23.417,2256387,0
1999-01-11,23.443,23.796,23.29,23.671,1736229,0
1999-01-12,23.594,23.62,23.039,23.164,1273078,0
1999-01-13,22.634,22.913,22.634,22.761,1092805,0
1999-01-14,22.836,23.342,22.836,22.987,1882301,0
1999-01-15,23.241,23.342,22.939,23.013,1156460,0
1999-01-19,23.013,23.013,22.609,22.836,1857600,0
1999-01-20,22.836,23.696,22.836,23.644,2109127,0
1999-01-21,23.849,25.011,23.822,25.011,2379892,0
1999-01-22,24.958,24.958,24.175,24.277,1294693,0
1999-01-25,23.922,24.758,23.922,24.733,1309417,0
1999-01-26,24.654,25.361,24.606,25.162,2162804,0
1999-01-27,25.464,25.464,24.78,24.983,769309,0
1999-01-28,25.209,25.438,25.084,25.338,905164,0
1999-01-29,26.071,26.071,25.361,25.868,2041672,0
1999-02-01,25.868,26.071,25.514,25.589,740093,0
1999-02-02,25.64,25.815,24.733,25.162,1312742,0
1999-02-03,25.186,25.313,25.036,25.237,1438860,0
1999-02-04,25.338,25.361,24.831,24.858,933672,0
1999-02-05,25.058,25.209,24.402,24.706,565046,0
1999-02-08,24.68,24.758,24.126,24.326,1104916,0
1999-02-09,24.277,24.277,23.568,23.949,1082828,0
1999-02-10,24,24.807,24,24.68,1295878,0
1999-02-11,24.758,25.815,24.758,25.815,1019648,0
1999-02-12,25.464,25.868,25.388,25.616,913481,0
1999-02-16,25.716,26.475,25.665,26.349,1333880,0
1999-02-17,26.324,27.055,26.199,26.652,2636886,0
1999-02-18,26.726,27.283,26.576,26.576,2924988,0
1999-02-19,26.576,27.004,26.298,26.298,2091312,0
1999-02-22,26.298,26.955,26.298,26.675,1234837,0
1999-02-23,26.829,27.028,26.172,26.324,1377347,0
1999-02-24,26.349,26.829,26.244,26.652,2216247,0
1999-02-25,26.652,26.652,26.298,26.652,1376158,0
1999-02-26,26.675,27.082,26.371,26.777,1355257,0
1999-03-01,26.576,26.955,26.576,26.877,2318138,0
1999-03-02,26.877,27.082,26.576,26.675,2087039,0
1999-03-03,26.675,26.852,26.625,26.702,1376872,0
1999-03-04,26.777,27.082,26.702,26.777,1076650,0
1999-03-05,26.829,27.18,26.522,27.155,782847,0
1999-03-08,27.155,27.585,27.055,27.485,935571,0
1999-03-09,27.84,28.067,27.408,27.434,1389698,0
1999-03-10,27.417,27.797,27.369,27.797,1227710,0
1999-03-11,27.897,29.034,27.846,29.008,1847864,0
1999-03-12,29.067,29.067,28.101,28.201,966448,0
1999-03-15,28.201,28.53,28.101,28.157,996613,0
1999-03-16,28.157,28.353,28.023,28.251,1774708,0
1999-03-17,29.37,29.513,28.68,28.729,2149264,0
1999-03-18,28.766,29.162,28.766,29.067,2714075,0
1999-03-19,29.067,30.027,29.034,29.943,3632779,0
1999-03-22,29.9,31.088,29.851,30.609,2253773,0
1999-03-23,30.531,30.559,29.666,29.765,1507503,0
1999-03-24,29.817,30.432,29.791,30.205,1312742,0
1999-03-25,30.205,30.585,30.179,30.459,1516766,0
1999-03-26,30.379,32.1,30.332,31.39,1833372,0
1999-03-29,31.39,31.773,30.835,31.773,1824346,0
1999-03-30,31.72,32.79,31.692,32.157,2216009,0
1999-03-31,32.133,32.486,32.1,32.378,1335541,0
1999-04-01,32.283,32.283,30.179,30.935,3513076,0
1999-04-05,30.988,31.997,30.935,31.82,1555481,0
1999-04-06,31.898,32.434,31.191,31.443,1234360,0
1999-04-07,31.54,32.404,31.496,32.378,931768,0
1999-04-08,32.434,33.135,32.352,33.066,898755,0
1999-04-09,33.066,34.179,32.763,34.179,1211560,0
1999-04-12,33.614,34.811,33.513,34.484,1252414,0
1999-04-13,34.431,34.484,33.36,33.725,1024161,0
1999-04-14,33.75,33.79,31.72,31.795,1485414,0
1999-04-15,31.795,31.82,29.765,30.179,2872024,0
1999-04-16,29.876,30.736,29.639,30.459,1472113,0
1999-04-19,30.988,30.988,28.353,28.815,1492780,0
1999-04-20,28.815,29.701,28.656,29.289,1573767,0
1999-04-21,29.289,30.935,29.186,30.888,1367609,0
1999-04-22,31.595,31.845,31.29,31.54,1705592,0
1999-04-23,29.575,31.367,29.575,30.988,3773626,0
1999-04-26,31.039,31.415,31.014,31.318,1322716,0
1999-04-27,31.415,31.415,30.379,31.139,1412023,0
1999-04-28,31.165,31.191,30.585,30.786,1449076,0
1999-04-29,30.684,30.961,30.229,30.281,799950,0
1999-04-30,30.229,30.229,28.983,29.37,2028373,0
1999-05-03,29.271,30.027,29.118,29.851,1375684,0
1999-05-04,29.851,29.994,29.289,29.37,758622,0
1999-05-05,29.335,29.397,27.822,28.586,1361194,0
1999-05-06,28.68,28.68,28.023,28.183,1969467,0
1999-05-07,28.048,28.157,27.216,27.594,1892990,0
1999-05-10,27.594,27.948,27.392,27.569,1109191,0
1999-05-11,27.746,28.353,27.619,28.282,629177,0
1999-05-12,28.856,30.585,28.353,30.531,1888239,0
1999-05-13,30.281,30.459,29.513,29.513,1389220,0
1999-05-14,29.424,29.851,29.162,29.851,893528,0
1999-05-17,29.791,30.128,29.575,30.078,692828,0
1999-05-18,30.053,30.531,29.335,29.943,1434586,0
1999-05-19,29.969,30.102,29.851,30.078,871678,0
1999-05-20,30.027,30.531,30.027,30.254,642001,0
1999-05-21,30.229,30.559,29.876,29.943,737957,0
1999-05-24,29.918,30.254,29.186,29.186,733682,0
1999-05-25,29.093,29.614,28.336,28.336,992334,0
1999-05-26,28.506,28.967,27.997,28.766,856239,0
1999-05-27,28.461,28.553,27.948,28.183,778333,0
1999-05-28,28.201,28.856,28.201,28.353,605662,0
1999-06-01,28.379,28.856,28.336,28.705,522771,0
1999-06-02,28.705,28.881,27.997,28.831,741520,0
1999-06-03,28.815,28.815,28.353,28.379,752682,0
1999-06-04,28.433,28.586,28.336,28.403,698766,0
1999-06-07,28.353,28.353,27.797,28.048,1036277,0
1999-06-08,27.948,27.975,27.14,27.14,1148141,0
1999-06-09,27.225,27.863,27.225,27.628,772159,0
1999-06-10,27.536,27.536,26.995,27.283,962406,0
1999-06-11,27.283,27.863,27.283,27.561,806124,0
1999-06-14,27.561,27.687,26.894,27.408,1153371,0
1999-06-15,27.502,28.417,27.502,28.417,1927431,0
1999-06-16,28.823,29.709,28.722,29.335,2113878,0
1999-06-17,29.935,29.935,29.025,29.335,2491052,0
1999-06-18,29.335,30.036,29.335,29.909,1789194,0
1999-06-21,29.935,30.397,29.693,30.397,910392,0
1999-06-22,30.298,30.603,30.221,30.298,830825,0
1999-06-23,30.298,30.298,29.487,29.909,908018,0
1999-06-24,29.54,29.558,28.521,29.432,1627924,0
1999-06-25,29.456,29.732,29.389,29.54,1266425,0
1999-06-28,29.639,30.451,29.424,30.397,1345993,0
1999-06-29,30.371,32.176,30.221,32.176,2182046,0
1999-06-30,32.176,32.478,30.854,32.478,2070175,0
1999-07-01,32.072,32.072,30.952,31.47,1577094,0
1999-07-02,31.165,31.443,31.056,31.207,1227710,0
1999-07-06,31.184,31.509,31.056,31.113,1226284,0
1999-07-07,31.165,31.231,30.475,30.929,743660,0
1999-07-08,30.903,31.622,30.903,31.405,613733,0
1999-07-09,31.405,31.509,30.753,30.854,920842,0
1999-07-12,30.827,30.978,30.146,30.245,835103,0
1999-07-13,30.245,30.397,29.935,30.298,617777,0
1999-07-14,30.348,30.728,30.146,30.146,490941,0
1999-07-15,30.245,30.701,30.245,30.603,524432,0
1999-07-16,30.701,31.972,30.498,31.972,838661,0
1999-07-19,31.773,31.773,30.978,31.079,646515,0
1999-07-20,31.079,31.113,29.335,29.709,963121,0
1999-07-21,29.791,30.036,29.052,29.582,985688,0
1999-07-22,29.558,30.087,29.236,29.843,1525081,0
1999-07-23,29.732,30.036,29.389,30.036,1106341,0
1999-07-26,30.02,30.02,29.432,29.513,1089715,0
1999-07-27,29.639,30.245,29.639,29.969,1078076,0
1999-07-28,29.883,29.935,29.236,29.236,890914,0
1999-07-29,29.025,29.236,28.622,29.153,893055,0
1999-07-30,29.153,29.432,28.47,28.775,663142,0
1999-08-02,28.622,28.974,28.47,28.545,763369,0
1999-08-03,28.622,28.823,28.192,28.345,1541227,0
1999-08-04,28.291,28.371,27.863,27.863,491419,0
1999-08-05,27.889,28.219,27.298,28.014,868354,0
1999-08-06,27.957,28.11,27.687,27.914,741998,0
1999-08-09,27.863,28.067,27.603,27.914,1010625,0
1999-08-10,27.863,27.914,26.795,27.225,1284951,0
1999-08-11,27.256,27.434,27.225,27.298,1185675,0
1999-08-12,27.408,28.269,27.225,27.981,1538852,0
1999-08-13,28.04,28.394,27.653,27.653,1137216,0
1999-08-16,27.256,29.127,27.256,28.823,1859262,0
1999-08-17,29.025,29.236,28.671,28.948,1311317,0
1999-08-18,29.001,30.036,28.948,29.639,1214648,0
1999-08-19,29.582,29.693,28.873,28.873,948869,0
1999-08-20,28.873,28.926,28.649,28.697,699717,0
1999-08-23,28.569,28.926,28.569,28.823,967871,0
1999-08-24,28.775,28.823,28.417,28.545,715865,0
1999-08-25,28.595,28.697,28.067,28.671,1178308,0
1999-08-26,28.649,29.075,28.345,28.849,2397945,0
1999-08-27,28.775,29.025,28.595,28.622,952905,0
1999-08-30,28.521,28.974,28.47,28.775,964545,0
1999-08-31,29.432,31.165,29.001,30.603,3357742,0
1999-09-01,30.603,30.603,29.487,30.12,1163581,0
1999-09-02,30.12,30.397,29.582,30.245,946021,0
1999-09-03,30.649,31.66,30.649,31.496,1018698,0
1999-09-07,31.684,31.684,30.978,31.318,1106819,0
1999-09-08,31.207,31.231,30.451,30.753,1588020,0
1999-09-09,30.854,31.231,30.498,31.005,925355,0
1999-09-10,31.405,31.837,31.358,31.811,1975882,0
1999-09-13,32.05,33.09,31.773,32.755,3297886,0
1999-09-14,32.478,32.503,30.88,31.318,1338630,0
1999-09-15,31.66,31.923,30.55,30.627,862176,0
1999-09-16,30.603,30.603,29.693,29.935,912293,0
1999-09-17,29.883,31.079,29.732,30.627,1406084,0
1999-09-20,30.649,30.778,30.348,30.523,861464,0
1999-09-21,30.451,30.451,29.639,29.843,810160,0
1999-09-22,29.9,30.205,29.851,29.851,1433637,0
1999-09-23,29.851,30.154,29.424,29.549,944356,0
1999-09-24,29.8,31.048,29.774,30.871,2262321,0
1999-09-27,30.961,31.424,30.835,31.073,1376395,0
1999-09-28,31.048,31.048,30.027,30.459,765271,0
1999-09-29,30.566,31.247,30.459,31.048,772636,0
1999-09-30,31.327,32.283,31.247,32.216,2990308,0
1999-10-01,32.26,32.368,31.022,31.781,1662127,0
1999-10-04,31.738,31.917,31.549,31.701,978562,0
1999-10-05,31.701,31.781,31.073,31.549,1368557,0
1999-10-06,31.576,31.604,30.961,31.2,1066675,0
1999-10-07,31.272,31.424,30.922,31.073,1270938,0
1999-10-08,31.022,31.981,30.922,31.272,1186860,0
1999-10-11,31.174,31.917,31.095,31.452,936042,0
1999-10-12,31.352,31.397,30.505,30.745,984023,0
1999-10-13,30.657,30.835,30.406,30.406,883079,0
1999-10-14,30.406,30.871,29.977,30.154,1081167,0
1999-10-15,30.254,30.306,29.851,30.002,1138880,0
1999-10-18,30.027,30.102,29.186,29.513,1319393,0
1999-10-19,29.701,29.927,29.083,29.136,1352406,0
1999-10-20,29.245,30.406,29.245,30.379,1623173,0
1999-10-21,30.505,31.223,30.154,31.073,1256925,0
1999-10-22,31.121,32.108,31.121,31.829,1135555,0
1999-10-25,31.781,32.494,31.781,32.317,1311079,0
1999-10-26,32.42,32.722,32.42,32.674,1886576,0
1999-10-27,32.647,33.582,32.647,33.16,1926241,0
1999-10-28,33.766,34.532,33.513,34.422,1875653,0
1999-10-29,34.836,35.805,34.575,35.805,1981103,0
1999-11-01,35.704,35.719,34.904,35.392,1874698,0
1999-11-02,34.988,35.139,33.026,33.36,1912463,0
1999-11-03,33.557,33.766,33.186,33.43,1726968,0
1999-11-04,33.842,33.968,33.666,33.766,1836464,0
1999-11-05,33.867,34.12,32.594,32.746,3139937,0
1999-11-08,32.849,33.539,32.647,33.36,1514865,0
1999-11-09,33.059,33.186,32.546,33.001,1014186,0
1999-11-10,33.076,34.575,32.949,34.449,1833135,0
1999-11-11,34.549,36.31,34.532,36.072,2721439,0
1999-11-12,36.072,36.386,35.164,36.198,1142441,0
1999-11-15,36.198,36.972,36.108,36.538,1917928,0
1999-11-17,36.461,37.33,36.461,36.972,1446700,0
1999-11-18,36.972,37.833,36.916,37.758,2212208,0
1999-11-19,37.656,37.96,37.456,37.733,1421051,0
1999-11-22,37.707,38.212,37.22,37.733,1151470,0
1999-11-23,37.833,37.859,36.864,37.151,995422,0
1999-11-24,37.244,37.521,37.068,37.456,1447172,0
1999-11-26,37.547,37.833,37.429,37.782,451276,0
1999-11-29,37.833,38.162,37.656,37.909,729407,0
1999-11-30,37.22,37.346,35.679,35.855,1638133,0
1999-12-01,35.855,36.916,35.441,36.251,1445985,0
1999-12-02,36.16,36.612,36.16,36.562,1606311,0
1999-12-03,37.124,37.656,37.068,37.276,1203959,0
1999-12-06,37.303,37.498,36.713,36.739,1834560,0
1999-12-07,37.151,39.712,36.864,38.693,2167315,0
1999-12-08,39.459,40.579,38.846,39.971,3441820,0
1999-12-09,40.68,43.122,39.619,40.882,5328395,0
1999-12-10,41.285,41.285,39.619,40.302,2068512,0
1999-12-13,40.401,40.984,40.122,40.588,2013650,0
1999-12-14,40.454,40.527,40.016,40.454,1231988,0
1999-12-15,40.275,40.857,38.953,39.434,1838361,0
1999-12-16,39.738,41.825,39.738,41.726,1480663,0
1999-12-17,42.178,43.812,41.613,43.786,2088939,0
1999-12-20,43.097,43.535,42.33,42.693,1772805,0
1999-12-21,41.574,41.639,40.553,41.218,1800596,0
1999-12-22,41.613,41.925,40.113,40.519,2443548,0
1999-12-23,40.932,41.7,40.73,41.7,1033663,0
1999-12-27,40.958,41.421,40.342,41.159,1512016,0
1999-12-28,41.159,41.801,40.705,40.807,765509,0
1999-12-29,40.705,41.159,40.553,40.984,624899,0
1999-12-30,40.958,41.058,40.604,40.621,776435,0
1999-12-31,40.621,41.058,40.621,40.756,393087,0
2000-01-03,40.756,40.756,38.92,39.475,2166367,0
2000-01-04,39.475,39.533,37.751,38.18,1498714,0
2000-01-05,37.952,38.264,36.806,37.085,2315765,0
2000-01-06,37.085,37.751,36.681,37.285,1716041,0
2000-01-07,37.394,39.096,37.312,38.869,1174748,0
2000-01-10,39.533,41.008,38.996,40.604,1157169,0
2000-01-11,40.445,40.471,39.23,39.712,1349558,0
2000-01-12,39.738,40.113,39.409,39.586,762662,0
2000-01-13,39.586,40.064,39.324,39.533,1126532,0
2000-01-14,39.939,39.939,38.92,39.071,1134369,0
2000-01-18,39.122,39.122,38.128,38.128,1536244,0
2000-01-19,38.154,40.09,38.103,39.659,1865437,0
2000-01-20,40.705,41.134,38.154,38.18,2117201,0
2000-01-21,38.416,39.096,38.305,38.693,1695379,0
2000-01-24,38.792,38.792,37.394,37.49,1266425,0
2000-01-25,37.598,38.128,36.604,36.856,1403948,0
2000-01-26,37.085,39.282,36.908,38.237,1273315,0
2000-01-27,38.103,39.147,37.42,37.977,1184480,0
2000-01-28,37.285,39.434,36.757,38.567,2311253,0
2000-01-31,38.457,38.506,37.337,38.18,1296354,0
2000-02-01,38.18,39.627,38.103,39.282,1184480,0
2000-02-02,39.282,40.73,38.541,38.608,2190594,0
2000-02-03,38.567,38.818,38.029,38.305,1558332,0
2000-02-04,38.305,38.768,38.077,38.212,1209662,0
2000-02-07,38.051,38.103,37.37,37.446,1050766,0
2000-02-08,37.446,38.97,37.446,38.666,1486839,0
2000-02-09,38.666,39.811,38.44,39.45,1685403,0
2000-02-10,39.409,40.09,38.743,39.299,1093753,0
2000-02-11,39.891,39.915,38.567,38.996,1248614,0
2000-02-14,38.944,39.282,38.506,38.693,569083,0
2000-02-15,38.792,38.97,37.977,38.457,3483149,0
2000-02-16,38.567,38.718,35.889,36.376,1560945,0
2000-02-17,36.681,36.681,33.826,34.541,2184893,0
2000-02-18,34.691,36.629,34.691,36.317,3359404,0
2000-02-22,37.085,37.285,34.179,35.146,2815257,0
2000-02-23,35.662,39.533,35.561,38.506,3186495,0
2000-02-24,38.718,39.627,37.133,37.751,1977546,0
2000-02-25,38.154,38.264,36.143,36.191,1623887,0
2000-02-28,36.882,37.699,35.763,37.37,1772093,0
2000-02-29,37.312,38.567,37.133,38.39,1387560,0
2000-03-01,38.39,38.666,37.8,38.355,1972557,0
2000-03-02,38.212,38.264,37.337,37.699,2126940,0
2000-03-03,37.598,37.598,35.889,36.781,2974630,0
2000-03-06,36.681,36.681,33.01,33.876,7725863,0
2000-03-07,33.464,34.205,32.731,32.907,3246583,0
2000-03-08,32.949,33.135,30.835,32.62,4347224,0
2000-03-09,32.858,34.078,32.317,33.901,2879625,0
2000-03-10,34.103,34.356,33.513,34.179,2674411,0
2000-03-13,34.179,34.288,33.084,34.026,2022434,0
2000-03-14,33.926,34.456,33.386,34.128,2331679,0
2000-03-15,34.026,34.053,32.924,33.386,2813833,0
2000-03-16,33.79,35.022,33.725,34.87,2361370,0
2000-03-17,34.77,36.251,34.205,36.143,2596744,0
2000-03-20,36.502,37.985,35.922,36.831,2232871,0
2000-03-21,37.142,37.96,37.068,37.473,2679639,0
2000-03-22,37.672,39.619,37.672,38.777,2897912,0
2000-03-23,38.6,39.409,38.515,39.029,1058124,0
2000-03-24,39.029,40.739,39.029,40.249,2220046,0
2000-03-27,40.159,40.825,40.074,40.461,2459223,0
2000-03-28,40.511,41.092,40.159,40.637,2847561,0
2000-03-29,40.637,40.848,39.593,39.948,2526443,0
2000-03-30,39.979,40.225,38.651,38.651,1462612,0
2000-03-31,38.39,38.693,37.572,38.237,2005096,0
2000-04-03,38.237,39.316,38.185,38.827,1050527,0
2000-04-04,38.777,39.105,35.046,36.958,2979856,0
2000-04-05,37.007,40.074,36.764,38.953,2299379,0
2000-04-06,39.105,40.511,39.079,39.721,1960681,0
2000-04-07,39.819,40.36,39.055,39.693,1474726,0
2000-04-10,39.645,39.645,37.808,38.515,1340768,0
2000-04-11,38.515,38.515,37.521,38.087,1177596,0
2000-04-12,38.137,38.338,37.007,37.195,1136268,0
2000-04-13,37.142,37.42,36.039,36.099,1654045,0
2000-04-14,34.92,35.132,33.548,33.548,2211732,0
2000-04-17,33.574,34.92,33.36,34.718,3006693,0
2000-04-18,34.718,35.132,34.002,34.456,2586531,0
2000-04-19,34.87,34.97,33.699,34.053,2162093,0
2000-04-20,34.002,34.609,33.513,34.128,2435708,0
2000-04-24,34.356,35.132,33.666,34.843,1685875,0
2000-04-25,35.736,37.825,35.298,36.73,3379594,0
2000-04-26,36.704,38.903,36.604,37.656,2586531,0
2000-04-27,37.095,38.137,36.404,37.985,1780645,0
2000-04-28,37.782,38.185,36.529,37.195,1427935,0
2000-05-01,36.981,37.035,36.295,36.942,1154318,0
2000-05-02,36.655,37.142,36.428,36.916,1060977,0
2000-05-03,36.655,36.655,35.172,35.41,824176,0
2000-05-04,35.41,36.295,35.132,35.384,1265953,0
2000-05-05,35.282,37.322,35.072,37.095,1672103,0
2000-05-08,36.831,36.831,35.712,36.143,976657,0
2000-05-09,36.251,36.529,35.61,36.014,1096839,0
2000-05-10,35.991,36.277,35.231,35.432,851014,0
2000-05-11,35.635,35.813,34.92,35.61,1630536,0
2000-05-12,35.536,36.099,35.231,35.922,1383997,0
2000-05-15,35.561,36.295,35.258,35.813,1213936,0
2000-05-16,36.039,37.169,35.813,36.73,1742878,0
2000-05-17,36.916,37.115,35.51,35.973,1023687,0
2000-05-18,35.922,36.039,34.87,35.046,1545982,0
2000-05-19,34.305,34.566,34.026,34.205,1876840,0
2000-05-22,34.103,34.441,33.766,34.288,1744542,0
2000-05-23,34.305,34.691,33.926,34.103,1145054,0
2000-05-24,34.103,34.945,33.876,34.389,1419385,0
2000-05-25,34.414,34.77,33.952,34.229,1180683,0
2000-05-26,34.229,34.229,33.487,33.548,2123618,0
2000-05-30,33.548,34.718,33.386,34.509,1282100,0
2000-05-31,34.002,35.298,34.002,34.288,1205859,0
2000-06-01,34.332,34.92,34.103,34.87,1632913,0
2000-06-02,35.991,36.655,35.991,36.251,1265475,0
2000-06-05,36.143,37.632,36.099,37.095,1339104,0
2000-06-06,37.068,37.934,36.916,37.346,1082589,0
2000-06-07,37.244,37.699,36.317,37.464,1076175,0
2000-06-08,37.37,37.394,35.753,36.134,1116317,0
2000-06-09,36.62,36.958,36.341,36.579,658388,0
2000-06-12,36.555,37.035,35.865,36.198,587848,0
2000-06-13,36.215,36.73,35.805,36.604,872151,0
2000-06-14,36.519,36.73,36.108,36.445,757911,0
2000-06-15,36.519,37.598,36.445,37.186,1031049,0
2000-06-16,38.264,39.18,38.059,38.979,2496513,0
2000-06-19,38.567,39.131,38.264,38.718,1279015,0
2000-06-20,38.869,39.466,38.693,39.029,1325331,0
2000-06-21,39.18,39.721,38.846,39.619,1583271,0
2000-06-22,39.509,39.795,39.257,39.645,1033663,0
2000-06-23,39.693,39.897,39.23,39.357,1450736,0
2000-06-26,39.34,39.34,36.73,37.035,2225747,0
2000-06-27,37.035,37.035,36.268,36.494,2037874,0
2000-06-28,36.934,36.934,36.469,36.73,1657612,0
2000-06-29,36.62,36.73,35.865,36.419,1156460,0
2000-06-30,36.317,36.824,36.108,36.445,1516766,0
2000-07-03,36.604,37.035,36.469,37.007,483105,0
2000-07-05,36.981,36.981,36.555,36.672,914669,0
2000-07-06,36.772,36.798,36.108,36.165,1006114,0
2000-07-07,35.753,36.014,34.12,34.777,3028545,0
2000-07-10,34.374,34.777,33.153,33.153,4600891,0
2000-07-11,33.329,35.679,33.329,35.467,3816143,0
2000-07-12,35.441,36.215,35.418,35.652,1093276,0
2000-07-13,35.29,35.29,34.019,34.145,1842636,0
2000-07-14,34.575,36.419,34.575,35.805,3068447,0
2000-07-17,35.777,36.165,35.114,35.206,1293031,0
2000-07-18,34.988,34.988,34.658,34.684,1758559,0
2000-07-19,34.752,35.375,34.709,34.777,1555002,0
2000-07-20,34.836,35.441,34.811,35.24,964784,0
2000-07-21,35.197,35.224,34.684,34.811,1532682,0
2000-07-24,34.777,35.197,34.684,35.139,1981103,0
2000-07-25,37.244,37.244,35.467,36.519,3960079,0
2000-07-26,36.341,36.494,35.575,35.982,1610108,0
2000-07-27,36.242,36.367,35.197,35.526,1332218,0
2000-07-28,35.526,35.552,34.777,34.912,1290178,0
2000-07-31,35.012,35.441,34.726,34.777,1706066,0
2000-08-01,34.887,35.172,34.626,34.752,1412975,0
2000-08-02,34.836,34.836,34.484,34.684,1231513,0
2000-08-03,34.322,35.197,34.17,34.374,1501565,0
2000-08-04,34.484,35.139,34.271,34.658,2145943,0
2000-08-07,34.861,35.526,34.777,35.29,1053614,0
2000-08-08,35.501,35.912,35.441,35.912,1669963,0
2000-08-09,35.501,35.704,35.114,35.29,1368321,0
2000-08-10,35.266,35.441,34.811,35.172,863604,0
2000-08-11,35.266,35.325,34.752,34.777,1194697,0
2000-08-14,34.777,34.912,34.601,34.726,1125345,0
2000-08-15,34.936,34.936,34.575,34.811,1349317,0
2000-08-16,34.912,35.224,33.91,34.12,946496,0
2000-08-17,34.17,34.887,33.91,34.601,1229372,0
2000-08-18,34.601,34.777,33.656,34.374,1438389,0
2000-08-21,34.297,34.532,33.504,33.867,1213699,0
2000-08-22,33.91,33.91,32.326,32.84,5111783,0
2000-08-23,32.84,33.735,32.84,33.43,2436421,0
2000-08-24,33.48,33.504,32.815,32.89,1635049,0
2000-08-25,32.89,33.709,32.84,33.48,1212984,0
2000-08-28,33.582,33.867,33.127,33.179,1008250,0
2000-08-29,33.153,33.456,32.942,33.346,675254,0
2000-08-30,33.042,33.91,32.965,33.782,1132707,0
2000-08-31,34.374,34.509,34.036,34.145,1576623,0
2000-09-01,34.246,34.601,34.019,34.061,1209896,0
2000-09-05,34.197,34.374,33.369,33.53,1935264,0
2000-09-06,33.557,33.557,33.346,33.456,1289944,0
2000-09-07,33.395,33.395,32.149,32.739,2767990,0
2000-09-08,32.739,33.608,32.125,32.992,2153779,0
2000-09-11,32.89,33.557,32.706,32.992,1399433,0
2000-09-12,33.243,33.735,32.815,33.709,2181331,0
2000-09-13,33.818,33.867,32.763,33.346,1737894,0
2000-09-14,33.504,33.735,33.193,33.395,981648,0
2000-09-15,33.395,33.395,32.555,32.739,3084125,0
2000-09-18,32.681,32.739,31.104,31.327,4382377,0
2000-09-19,31.509,32.404,31.405,31.747,4244853,0
2000-09-20,31.382,31.972,30.254,30.769,2337141,0
2000-09-21,30.505,31.811,30.441,31.613,2086803,0
2000-09-22,31.509,31.613,30.996,31.509,2500551,0
2000-09-25,31.509,31.509,30.943,31.079,2459461,0
2000-09-26,30.961,31.048,29.477,29.843,2605771,0
2000-09-27,29.63,29.693,27.948,28.705,5248829,0
2000-09-28,29.093,30.559,29.093,30.424,2858247,0
2000-09-29,30.332,30.505,29.558,29.909,2180619,0
2000-10-02,29.935,30.451,29.935,30.197,2768705,0
2000-10-03,30.245,31.022,30.221,30.935,2240946,0
2000-10-04,31.048,31.352,30.871,30.935,2308877,0
2000-10-05,30.922,30.988,29.732,30.397,2581305,0
2000-10-06,30.451,30.657,29.279,29.817,1890613,0
2000-10-09,29.709,30.871,29.709,30.298,1460953,0
2000-10-10,30.397,31.121,30.095,30.935,1951656,0
2000-10-11,30.961,31.327,30.146,30.397,1365944,0
2000-10-12,30.451,30.585,30.02,30.379,1775180,0
2000-10-13,30.356,30.76,30.146,30.634,1454298,0
2000-10-16,30.736,31.89,30.559,31.146,2011983,0
2000-10-17,31.174,31.327,29.582,29.909,2010560,0
2000-10-18,29.127,30.298,28.766,30.197,1771144,0
2000-10-19,30.657,32.555,30.657,32.478,2195110,0
2000-10-20,32.404,33.504,32.072,33.179,1329842,0
2000-10-23,33.066,33.066,32.451,32.865,1607497,0
2000-10-24,33.066,35.449,33.066,34.963,3439206,0
2000-10-25,34.988,35.114,34.509,34.896,2060197,0
2000-10-26,34.784,35.298,34.397,35.249,1588496,0
2000-10-27,35.375,36.099,35.375,35.839,1211087,0
2000-10-30,35.938,37.303,35.938,36.79,2784143,0
2000-10-31,36.814,38.145,36.251,37.842,2808132,0
2000-11-01,37.632,37.707,36.655,37.043,1322241,0
2000-11-02,37.115,37.169,36.224,36.251,1963057,0
2000-11-03,36.295,36.475,35.601,35.965,1827437,0
2000-11-06,37.934,38.095,36.224,36.502,3847019,0
2000-11-07,36.404,36.404,34.988,35.249,2829744,0
2000-11-08,35.401,35.536,34.381,34.484,1641223,0
2000-11-09,34.145,34.17,32.942,32.992,3016432,0
2000-11-10,33.306,34.836,33.243,33.306,1633623,0
2000-11-13,32.637,33.017,32.637,32.79,2193445,0
2000-11-14,32.763,33.782,32.503,32.865,1709389,0
2000-11-15,33.28,33.48,33.066,33.179,1497764,0
2000-11-16,33.48,33.48,32.739,32.763,900652,0
2000-11-17,32.865,33.153,32.555,32.992,1734093,0
2000-11-20,33.153,34.635,33.042,34.07,2042622,0
2000-11-21,33.017,33.017,30.808,32.125,5029841,0
2000-11-22,32.015,33.842,31.837,32.478,1960443,0
2000-11-24,32.586,33.456,32.586,33.153,589747,0
2000-11-27,33.118,33.782,32.252,32.815,2055926,0
2000-11-28,32.815,33.53,32.326,33.243,1683736,0
2000-11-29,33.017,33.582,32.865,33.153,1565457,0
2000-11-30,33.179,33.179,30.786,32.252,2611234,0
2000-12-01,32.3,33.63,32.3,32.831,1638372,0
2000-12-04,32.942,35.652,32.942,34.92,3847257,0
2000-12-05,35.298,36.764,35.139,36.73,3353941,0
2000-12-06,36.856,37.169,36.039,36.502,4251505,0
2000-12-07,36.404,36.502,35.476,36.099,2287739,0
2000-12-08,36.404,36.831,35.865,36.072,1988230,0
2000-12-11,35.965,36.295,35.424,35.965,2267073,0
2000-12-12,35.197,35.991,35.172,35.652,1265238,0
2000-12-13,35.687,35.938,35.022,35.298,1105631,0
2000-12-14,35.197,35.584,34.484,34.736,1453113,0
2000-12-15,34.112,34.601,33.16,33.826,2751364,0
2000-12-18,33.725,34.5,33.699,34.087,1562606,0
2000-12-19,34.188,34.475,33.725,34.036,1649776,0
2000-12-20,33.243,33.495,31.747,32.731,2219807,0
2000-12-21,31.231,33.287,31.231,32.468,3336602,0
2000-12-22,32.731,33.674,32.594,33.495,1786583,0
2000-12-26,33.337,34.036,32.858,33.674,704468,0
2000-12-27,33.699,34.087,33.548,33.601,1264526,0
2000-12-28,33.851,33.876,33.395,33.548,1287087,0
2000-12-29,33.574,34.422,33.548,34.061,1382809,0
2001-01-02,34.061,34.475,32.283,32.343,1233411,0
2001-01-03,31.517,35.687,31.517,35.449,3492649,0
2001-01-04,35.449,36.764,35.449,36.604,4254832,0
2001-01-05,36.966,36.966,35.24,35.865,2467063,0
2001-01-08,35.712,35.736,34.836,35.736,2725240,0
2001-01-09,35.349,36.251,35.349,36.065,1831950,0
2001-01-10,35.712,35.805,35.039,35.763,2037874,0
2001-01-11,35.652,37.733,35.375,37.733,2282990,0
2001-01-12,37.33,37.994,36.704,37.868,2965841,0
2001-01-16,37.868,37.868,36.277,36.831,2371106,0
2001-01-17,36.942,37.48,36.764,37.016,2037160,0
2001-01-18,37.095,37.48,36.73,37.303,2085614,0
2001-01-19,37.303,37.33,36.831,37.016,1683976,0
2001-01-22,36.629,36.942,36.014,36.502,1117031,0
2001-01-23,35.965,37.068,35.114,36.856,2472762,0
2001-01-24,36.856,37.707,36.341,36.882,1275214,0
2001-01-25,36.814,37.791,35.938,37.394,2299613,0
2001-01-26,37.394,37.394,36.277,36.704,1849049,0
2001-01-29,37.115,37.506,36.95,37.464,1190898,0
2001-01-30,37.563,37.563,36.579,37.394,1597282,0
2001-01-31,37.394,37.766,36.604,37.521,2570382,0
2001-02-01,37.521,37.521,35.965,36.165,8662858,0
2001-02-02,36.165,36.165,35.476,35.712,3959602,0
2001-02-05,36.009,36.981,35.679,36.681,3201694,0
2001-02-06,36.972,37.068,36.134,36.395,2828795,0
2001-02-07,36.395,36.461,35.973,36.134,1484466,0
2001-02-08,36.165,36.908,36.165,36.856,1583748,0
2001-02-09,36.856,36.908,36.494,36.637,1695139,0
2001-02-12,36.579,36.908,36.333,36.864,1446938,0
2001-02-13,36.704,36.925,36.604,36.704,1983718,0
2001-02-14,36.681,36.739,36.023,36.519,2294387,0
2001-02-15,36.411,36.79,36.251,36.79,2673699,0
2001-02-16,36.494,36.981,36.277,36.475,1973981,0
2001-02-20,36.824,39.012,36.824,38.846,4724635,0
2001-02-21,38.752,39.23,38.23,38.752,3598342,0
2001-02-22,38.752,39.147,38.02,38.18,3361303,0
2001-02-23,37.707,37.85,36.519,37.068,3874571,0
2001-02-26,37.133,37.394,36.79,37.052,3379115,0
2001-02-27,36.99,38.121,36.942,37.817,2599117,0
2001-02-28,37.817,37.817,36.847,37.276,2383455,0
2001-03-01,37.276,37.378,36.672,37.276,3361776,0
2001-03-02,37.178,37.791,36.908,37.616,2295099,0
2001-03-05,37.394,37.402,36.689,36.882,2344742,0
2001-03-06,36.981,37.582,36.95,37.456,3095050,0
2001-03-07,37.026,38.482,37.026,38.051,2779631,0
2001-03-08,37.641,37.885,37.267,37.842,2477987,0
2001-03-09,37.068,37.267,36.251,36.376,2865374,0
2001-03-12,36.233,36.242,34.222,34.389,3600953,0
2001-03-13,34.381,34.635,33.48,34.179,4697323,0
2001-03-14,33.766,34.239,33.21,33.44,4094981,0
2001-03-15,33.766,34.667,33.766,34.575,2433570,0
2001-03-16,34.484,34.635,33.622,34.222,3100989,0
2001-03-19,34.229,34.262,33.235,33.892,2716690,0
2001-03-20,34.12,34.65,33.851,34.019,2463972,0
2001-03-21,34.019,34.297,33.622,33.75,2902424,0
2001-03-22,33.582,33.582,31.747,32.773,4402803,0
2001-03-23,32.942,33.666,32.739,33.666,2432861,0
2001-03-26,33.622,34.036,32.858,33.186,3109063,0
2001-03-27,33.21,34.896,33.145,34.784,2364456,0
2001-03-28,34.784,34.988,34.389,34.802,3101462,0
2001-03-29,34.904,34.963,33.557,34.078,2458748,0
2001-03-30,34.078,34.532,33.582,34.128,2167552,0
2001-04-02,34.179,34.752,33.876,34.229,1648824,0
2001-04-03,34.12,34.154,33.01,33.225,2473236,0
2001-04-04,33.179,33.21,32.125,32.739,3858420,0
2001-04-05,33.026,34.061,32.965,34.061,2924274,0
2001-04-06,34.061,34.061,32.949,33.422,1813659,0
2001-04-09,33.557,34.341,33.48,34.288,1831470,0
2001-04-10,34.288,34.658,34.154,34.305,1817699,0
2001-04-11,34.691,34.936,34.096,34.667,2835685,0
2001-04-12,34.341,35.805,34.297,35.619,2329301,0
2001-04-16,35.619,35.991,35.29,35.83,1828623,0
2001-04-17,35.432,36.358,35.41,36.358,1547405,0
2001-04-18,36.681,38.18,36.612,37.538,6485566,0
2001-04-19,37.473,38.087,37.267,38.087,1790142,0
2001-04-20,37.885,37.885,36.847,37.346,2076112,0
2001-04-23,37.267,37.267,36.215,36.277,2817872,0
2001-04-24,36.317,36.999,36.317,36.73,2260187,0
2001-04-25,36.73,37.22,36.484,37.1,2471812,0
2001-04-26,36.856,37.925,36.757,37.893,2959663,0
2001-04-27,37.37,37.394,36.134,36.428,4716797,0
2001-04-30,36.9,36.9,35.991,36.173,2189407,0
2001-05-01,36.165,36.165,35.476,35.593,3269387,0
2001-05-02,35.619,36.173,35.593,36.039,2427635,0
2001-05-03,35.687,36.16,35.022,35.753,1927431,0
2001-05-04,35.584,36.697,35.349,36.62,1579709,0
2001-05-07,36.547,36.646,35.87,36.604,985448,0
2001-05-08,36.757,37.37,36.529,37.22,1955689,0
2001-05-09,36.831,37.641,36.757,37.229,1881829,0
2001-05-10,37.236,37.572,36.942,37.016,2077535,0
2001-05-11,37.043,37.267,36.856,36.958,1579468,0
2001-05-14,36.95,37.06,36.772,36.972,875714,0
2001-05-15,37.043,38.087,36.958,37.473,2486062,0
2001-05-16,37.513,38.128,36.942,38.051,2005571,0
2001-05-17,38.051,38.97,38.051,38.818,2090840,0
2001-05-18,38.928,39.122,38.355,38.651,1864963,0
2001-05-21,38.44,39.533,38.338,39.45,1631489,0
2001-05-22,39.079,39.922,38.853,39.627,3525662,0
2001-05-23,39.533,40.436,39.079,40.185,4042732,0
2001-05-24,40.074,40.082,38.608,38.726,4252694,0
2001-05-25,39.021,39.021,38.338,38.693,2012933,0
2001-05-29,38.71,38.962,38.567,38.657,1486127,0
2001-05-30,38.624,38.752,38.087,38.237,1944293,0
2001-05-31,38.297,38.482,38.128,38.329,2711940,0
2001-06-01,38.255,38.264,37.672,38.029,2109601,0
2001-06-04,38.137,38.473,37.885,38.381,967396,0
2001-06-05,38.338,38.624,38.121,38.567,1638133,0
2001-06-06,38.583,38.836,38.524,38.617,1658089,0
2001-06-07,38.71,38.818,37.547,37.909,1667114,0
2001-06-08,37.547,37.672,37.186,37.285,1804394,0
2001-06-11,36.95,37.124,36.764,36.925,1801548,0
2001-06-12,36.934,36.972,35.696,35.947,5026756,0
2001-06-13,36.134,36.134,35.164,35.367,4690197,0
2001-06-14,34.658,34.896,33.901,34.053,3787405,0
2001-06-15,33.757,34.422,33.346,34.026,8134153,0
2001-06-18,34.045,34.045,33.43,33.43,2499364,0
2001-06-19,33.917,34.658,33.917,34.422,3733488,0
2001-06-20,34.213,34.397,33.346,33.818,4433680,0
2001-06-21,33.901,34.422,33.63,34.053,2712412,0
2001-06-22,34.356,35.022,34.297,34.684,3300972,0
2001-06-25,34.684,34.843,34.07,34.145,2778446,0
2001-06-26,33.986,34.332,33.548,34.288,2791504,0
2001-06-27,34.381,35.039,34.332,34.541,2012933,0
2001-06-28,34.658,35.072,34.601,34.718,1683263,0
2001-06-29,35.132,35.889,34.97,35.492,3747499,0
2001-07-02,35.492,36.108,35.224,35.847,2086803,0
2001-07-03,35.847,36.09,35.315,36.032,1100401,0
2001-07-05,35.805,35.821,34.979,35.08,1938115,0
2001-07-06,35.266,35.282,34.112,34.17,1606071,0
2001-07-09,34.246,34.996,34.229,34.896,1418671,0
2001-07-10,34.583,34.658,33.329,33.63,4760975,0
2001-07-11,33.63,34.255,33.43,34.229,6625223,0
2001-07-12,34.188,34.887,34.17,34.87,2839721,0
2001-07-13,34.87,35.181,34.601,35.164,1973745,0
2001-07-16,35.164,35.593,34.954,35.536,2731417,0
2001-07-17,35.449,35.619,35.114,35.349,1861638,0
2001-07-18,34.954,35.164,33.842,34.365,3969577,0
2001-07-19,34.77,34.954,33.876,34.145,4192124,0
2001-07-20,34.145,34.271,33.186,33.271,4606353,0
2001-07-23,33.548,33.608,32.291,32.404,4892318,0
2001-07-24,33.01,34.313,32.932,34.213,9316739,0
2001-07-25,34.213,35.298,34.002,35.146,3814241,0
2001-07-26,35.146,36.31,35.039,36.191,4637230,0
2001-07-27,36.191,36.519,36.009,36.099,3504047,0
2001-07-30,36.023,36.494,35.982,36.165,1514387,0
2001-07-31,36.404,36.814,35.897,36.056,2439511,0
2001-08-01,36.065,36.072,35.763,35.897,1953079,0
2001-08-02,35.965,36.151,35.593,35.889,1407033,0
2001-08-03,35.889,35.889,35.072,35.712,1713904,0
2001-08-06,35.619,35.619,35.298,35.501,1741692,0
2001-08-07,35.501,35.526,35.164,35.384,1142208,0
2001-08-08,35.274,35.897,34.896,35.012,2203421,0
2001-08-09,35.022,35.139,34.691,34.988,1557856,0
2001-08-10,35.054,35.08,34.566,34.97,1355968,0
2001-08-13,35.08,35.164,34.635,35.039,1849522,0
2001-08-14,35.046,35.24,34.332,34.449,1334353,0
2001-08-15,34.449,34.5,33.943,34.045,2737115,0
2001-08-16,34.045,34.045,33.548,33.943,4011855,0
2001-08-17,33.799,33.917,33.449,33.699,2324319,0
2001-08-20,33.548,33.968,33.337,33.968,2847083,0
2001-08-21,33.766,33.799,32.334,33.135,9512211,0
2001-08-22,33.186,33.521,33.186,33.386,3942262,0
2001-08-23,33.449,33.709,33.346,33.548,1875174,0
2001-08-24,33.799,34.356,33.449,34.297,1314881,0
2001-08-27,33.968,34.188,33.699,33.867,1233651,0
2001-08-28,34.087,34.112,33.557,33.735,1408698,0
2001-08-29,33.735,33.735,32.655,32.739,2290114,0
2001-08-30,32.603,32.603,31.327,31.526,4329414,0
2001-08-31,31.653,32.192,31.382,32.1,2575129,0
2001-09-04,31.711,32.1,31.255,31.308,2413623,0
2001-09-05,31.113,31.299,29.969,30.087,6681754,0
2001-09-06,29.977,30.459,29.709,30.298,6784595,0
2001-09-07,30.903,30.97,30.12,30.505,3560579,0
2001-09-10,30.498,31.104,30.237,30.348,3424243,0
2001-09-17,27.755,28.918,27.645,27.653,5460217,0
2001-09-18,27.443,27.853,27.113,27.502,3710451,0
2001-09-19,27.738,28.308,25.674,26.777,5852353,0
2001-09-20,26.366,26.777,25.834,26.064,4170516,0
2001-09-21,24.629,25.742,24.462,24.841,6877938,0
2001-09-24,25.201,27.18,25.201,26.829,5596073,0
2001-09-25,26.829,27.14,25.725,26.591,4423701,0
2001-09-26,26.692,26.929,25.993,26.298,3822317,0
2001-09-27,26.522,26.692,25.496,26.601,3471513,0
2001-09-28,26.601,26.862,25.371,26.862,6789350,0
2001-10-01,26.28,26.532,25.966,26.406,3043270,0
2001-10-02,25.868,26.012,25.38,25.809,3903549,0
2001-10-03,25.809,27.585,25.353,27.283,4333206,0
2001-10-04,27.526,28.664,27.283,28.014,5264506,0
2001-10-05,28.14,28.14,27.502,27.77,3538488,0
2001-10-08,27.687,27.738,27.147,27.536,2616932,0
2001-10-09,27.719,28.235,27.526,27.989,3569839,0
2001-10-10,28.244,29.162,28.14,29.127,3481009,0
2001-10-11,29.725,31.005,29.725,30.871,5885134,0
2001-10-12,30.594,30.835,30.027,30.794,3390992,0
2001-10-15,30.341,30.634,29.883,30.566,2784855,0
2001-10-16,30.566,30.627,30.237,30.397,3342542,0
2001-10-17,30.54,30.54,29.118,29.362,5097770,0
2001-10-18,28.747,29.186,28.538,29.162,5201089,0
2001-10-19,28.664,29.54,28.622,29.335,3406191,0
2001-10-22,29.335,30.603,29.118,30.603,2382744,0
2001-10-23,31.747,32.883,31.415,32.326,8258609,0
2001-10-24,31.988,32.007,31.63,31.82,2791980,0
2001-10-25,31.461,33.09,31.375,32.865,3336602,0
2001-10-26,32.655,33.521,32.655,33.346,2774644,0
2001-10-29,33.127,33.217,32.62,32.849,2983893,0
2001-10-30,32.396,32.612,31.729,31.898,2603157,0
2001-10-31,31.898,32.252,31.747,31.781,2314815,0
2001-11-01,31.684,32.563,31.517,32.512,2636407,0
2001-11-02,32.512,32.698,32.216,32.412,2333816,0
2001-11-05,32.594,33.01,32.555,32.865,2154729,0
2001-11-06,32.579,33.414,32.53,33.405,2885085,0
2001-11-07,33.252,33.735,33.118,33.271,1873751,0
2001-11-08,33.217,34.188,33.217,33.691,2797918,0
2001-11-09,33.699,33.735,33.127,33.666,2269210,0
2001-11-12,33.582,33.608,32.907,33.329,2347118,0
2001-11-13,33.386,34.744,33.386,34.601,3166068,0
2001-11-14,35.139,36.411,34.979,36.411,7202146,0
2001-11-15,36.099,36.317,35.224,35.349,5184937,0
2001-11-16,35.561,35.593,34.77,34.988,3987625,0
2001-11-19,35.046,35.384,34.691,35.325,2854921,0
2001-11-20,35.306,35.805,35.146,35.266,3166781,0
2001-11-21,34.996,35.224,34.643,34.836,3262737,0
2001-11-23,35.132,35.973,35.132,35.763,1285662,0
2001-11-26,35.947,36.317,35.805,36.302,3117135,0
2001-11-27,36.032,36.302,35.847,36.039,1946908,0
2001-11-28,35.847,35.905,35.306,35.384,2964417,0
2001-11-29,34.896,35.418,34.441,35.258,3886208,0
2001-11-30,35.29,35.763,34.87,35.536,2062815,0
2001-12-03,35.197,35.258,34.667,34.761,2607671,0
2001-12-04,34.954,35.384,34.777,35.298,2716214,0
2001-12-05,35.392,37.446,35.392,37.007,5474468,0
2001-12-06,36.925,37.538,36.856,37.124,3536113,0
2001-12-07,36.839,36.966,35.865,36.173,3074388,0
2001-12-10,36.099,36.376,35.552,35.679,2491288,0
2001-12-11,35.679,36.916,35.492,36.604,3430897,0
2001-12-12,36.436,36.681,35.619,35.938,2395330,0
2001-12-13,35.839,35.839,35.122,35.306,2621208,0
2001-12-14,35.41,35.41,34.422,34.927,2027425,0
2001-12-17,34.684,35.922,34.667,35.432,4108761,0
2001-12-18,36.014,36.16,35.476,36,2891260,0
2001-12-19,35.912,36.672,35.567,36.547,2930927,0
2001-12-20,36.317,36.612,36.023,36.182,2325027,0
2001-12-21,36.182,36.73,35.897,36.722,2587480,0
2001-12-24,36.587,36.798,36.555,36.637,652690,0
2001-12-26,36.587,37.007,36.51,36.587,1713428,0
2001-12-27,36.596,37.124,36.529,37.124,2419794,0
2001-12-28,37.322,37.387,37.035,37.244,1223435,0
2001-12-31,36.95,37.346,36.925,37.068,1120591,0
