Date,Open,High,Low,Close,Volume,OpenInt
1995-01-03,2.9471,3.1331,2.9471,2.9914,608781,0
1995-01-04,2.9914,3.0622,2.9914,3.0622,463700,0
1995-01-05,2.9914,3.0622,2.9914,3.0445,282694,0
1995-01-06,3.0269,3.0977,2.9914,3.0269,216262,0
1995-01-09,2.9914,3.0977,2.9914,3.0977,244053,0
1995-01-10,3.0977,3.2039,3.0622,3.1511,661655,0
1995-01-11,3.1685,3.1685,3.0269,3.0977,330148,0
1995-01-12,3.0977,3.0977,3.0269,3.0977,211513,0
1995-01-13,3.0977,3.2039,3.0269,3.1331,505732,0
1995-01-16,3.1331,3.2481,3.1331,3.2481,468444,0
1995-01-17,3.2039,3.3367,3.2039,3.2836,546408,0
1995-01-18,3.2836,3.3189,3.2481,3.2661,503022,0
1995-01-19,3.2481,3.2836,3.2481,3.2481,170838,0
1995-01-20,3.2481,3.2836,3.1685,3.2481,169481,0
1995-01-23,3.0977,3.1685,3.0977,3.0977,30507,0
1995-01-24,3.1685,3.1685,3.0977,3.1685,31862,0
1995-01-25,3.1685,3.1685,3.0622,3.1331,60336,0
1995-01-26,3.1331,3.1331,3.0622,3.1331,13556,0
1995-01-27,3.1331,3.1331,3.0269,3.0269,111859,0
1995-01-30,3.0269,3.0977,3.0269,3.0269,63045,0
1995-01-31,3.0269,3.0977,3.0269,3.0801,260323,0
1995-02-01,3.0977,3.0977,3.0269,3.0977,225751,0
1995-02-02,3.0977,3.1685,3.0269,3.0977,238631,0
1995-02-03,3.0977,3.2481,3.0977,3.2481,667754,0
1995-02-06,3.2481,3.4693,3.1685,3.3896,813511,0
1995-02-07,3.434,3.434,3.2039,3.2039,589797,0
1995-02-08,3.2481,3.3189,3.2481,3.2481,100329,0
1995-02-09,3.3189,3.3189,3.2481,3.2481,256935,0
1995-02-10,3.3189,3.3189,3.2039,3.2481,157276,0
1995-02-13,3.2039,3.2836,3.1331,3.1331,239986,0
1995-02-14,3.0977,3.1685,3.0977,3.1685,218292,0
1995-02-15,3.1685,3.1685,3.0977,3.1685,147787,0
1995-02-16,3.1685,3.1685,2.9914,3.0269,612846,0
1995-02-17,2.9914,3.1331,2.9914,3.0269,2002593,0
1995-02-21,3.0622,3.2039,3.0622,3.2039,395906,0
1995-02-22,3.1331,3.2836,3.1331,3.2039,397265,0
1995-02-23,3.2039,3.3543,3.2039,3.2481,577590,0
1995-02-24,3.2481,3.3189,3.2481,3.3101,84063,0
1995-02-27,3.3189,3.3543,3.2836,3.2836,92195,0
1995-02-28,3.2836,3.434,3.2836,3.3543,4404484,0
1995-03-01,3.434,3.434,3.3543,3.3896,277270,0
1995-03-02,3.3543,3.434,3.3543,3.3543,130841,0
1995-03-03,3.3543,3.3896,3.3543,3.372,69149,0
1995-03-06,3.3543,3.3896,3.2836,3.3367,124059,0
1995-03-07,3.2836,3.3896,3.2836,3.3367,337607,0
1995-03-08,3.3189,3.434,3.3189,3.3543,987738,0
1995-03-09,3.3543,3.434,3.3543,3.3543,615557,0
1995-03-10,3.3543,3.434,3.3543,3.4074,286766,0
1995-03-13,3.3543,3.434,3.3543,3.372,221683,0
1995-03-14,3.3543,3.434,3.3543,3.3543,44063,0
1995-03-15,3.3543,3.434,3.3543,3.3543,161345,0
1995-03-16,3.3543,3.434,3.3543,3.3543,416246,0
1995-03-17,3.3543,3.434,3.3543,3.3896,111180,0
1995-03-20,3.434,3.434,3.3896,3.3896,383026,0
1995-03-21,3.3896,3.5759,3.3896,3.5759,424382,0
1995-03-22,3.5759,3.5759,3.4693,3.5048,389127,0
1995-03-23,3.4693,3.5048,3.3896,3.4871,1246027,0
1995-03-24,3.3896,3.5048,3.3896,3.5048,23729,0
1995-03-27,3.3896,3.5048,3.3896,3.4074,166769,0
1995-03-28,3.3896,3.5048,3.3896,3.3896,42033,0
1995-03-29,3.3896,3.5048,3.3896,3.3896,80674,0
1995-03-30,3.3896,3.5582,3.3896,3.5048,328115,0
1995-03-31,3.4693,3.6908,3.434,3.6908,724702,0
1995-04-03,3.6908,3.7615,3.5759,3.6111,1212806,0
1995-04-04,3.5759,3.6111,3.5048,3.5048,308458,0
1995-04-05,3.5402,3.5402,3.4693,3.5402,168126,0
1995-04-06,3.4693,3.5402,3.4693,3.5402,59656,0
1995-04-07,3.4693,3.5402,3.4693,3.4693,27795,0
1995-04-10,3.5402,3.5402,3.4514,3.4514,119315,0
1995-04-11,3.434,3.5048,3.434,3.5048,16269,0
1995-04-12,3.5048,3.5402,3.3896,3.3896,114571,0
1995-04-13,3.3896,3.3896,3.3543,3.372,143045,0
1995-04-17,3.3543,3.3896,3.3543,3.3543,292186,0
1995-04-18,3.3896,3.3896,3.3543,3.3896,101687,0
1995-04-19,3.3543,3.3896,3.3189,3.3367,768093,0
1995-04-20,3.3189,3.3896,3.3189,3.3189,25762,0
1995-04-21,3.3896,3.4693,3.3189,3.434,268458,0
1995-04-24,3.3896,3.5223,3.3896,3.4693,128128,0
1995-04-25,3.4693,3.5402,3.4693,3.4693,18987,0
1995-04-26,3.5402,3.5582,3.4693,3.5402,230492,0
1995-04-27,3.5582,3.5582,3.5048,3.5223,233208,0
1995-04-28,3.5048,3.5582,3.434,3.434,242023,0
1995-05-01,3.434,3.4871,3.372,3.372,276593,0
1995-05-02,3.3896,3.3896,3.372,3.372,78640,0
1995-05-03,3.3896,3.4693,3.3543,3.434,669789,0
1995-05-04,3.3896,3.434,3.372,3.372,304386,0
1995-05-05,3.434,3.434,3.2481,3.2481,1829041,0
1995-05-08,3.2481,3.3189,3.2481,3.2836,147109,0
1995-05-09,3.2481,3.3189,3.2481,3.2481,109824,0
1995-05-10,3.2481,3.3189,3.2481,3.2481,42711,0
1995-05-11,3.2481,3.3189,3.2039,3.2039,109144,0
1995-05-12,3.2039,3.2836,3.2039,3.2039,74573,0
1995-05-15,3.2481,3.3189,3.2039,3.2481,478616,0
1995-05-16,3.2481,3.3543,3.2481,3.3367,1704306,0
1995-05-17,3.3543,3.3896,3.3189,3.3896,478616,0
1995-05-18,3.3896,3.3896,3.2836,3.2836,260323,0
1995-05-19,3.2481,3.3189,3.2481,3.2481,44063,0
1995-05-22,3.2481,3.3189,3.2481,3.2481,26439,0
1995-05-23,3.2481,3.3189,3.2481,3.2481,300999,0
1995-05-24,3.2836,3.3189,3.2481,3.2661,90162,0
1995-05-25,3.2481,3.3189,3.2481,3.2481,92877,0
1995-05-26,3.2481,3.3189,3.2481,3.3189,1111121,0
1995-05-30,3.3189,3.3543,3.2481,3.3455,336930,0
1995-05-31,3.3543,3.3543,3.3189,3.3189,1126712,0
1995-06-01,3.3189,3.3896,3.3189,3.3543,77962,0
1995-06-02,3.3189,3.3896,3.3189,3.3189,19661,0
1995-06-05,3.3189,3.3896,3.3189,3.3896,170161,0
1995-06-06,3.3896,3.3896,3.3189,3.3189,284051,0
1995-06-07,3.3189,3.4693,3.3189,3.4693,313880,0
1995-06-08,3.3896,3.5402,3.3896,3.5402,286082,0
1995-06-09,3.4693,3.5402,3.3012,3.3367,1248738,0
1995-06-12,3.3189,3.5048,3.3189,3.434,446754,0
1995-06-13,3.434,3.5759,3.434,3.5402,391841,0
1995-06-14,3.5402,3.5759,3.5048,3.5223,230492,0
1995-06-15,3.5759,3.5759,3.5048,3.5048,56269,0
1995-06-16,3.5402,3.726,3.5402,3.7083,1027737,0
1995-06-19,3.726,3.726,3.6111,3.6111,284051,0
1995-06-20,3.6111,3.6111,3.5402,3.5402,248797,0
1995-06-21,3.6111,3.6908,3.5402,3.6111,328115,0
1995-06-22,3.6465,3.6465,3.5759,3.6465,236596,0
1995-06-23,3.5934,3.6465,3.5759,3.6111,650810,0
1995-06-26,3.5759,3.6465,3.5759,3.6374,146434,0
1995-06-27,3.5759,3.6374,3.5759,3.5759,381672,0
1995-06-28,3.5402,3.5402,3.434,3.4514,513868,0
1995-06-29,3.434,3.5048,3.434,3.4693,440651,0
1995-06-30,3.4693,3.5402,3.4693,3.5048,239986,0
1995-07-03,3.4693,3.5402,3.4693,3.5402,35252,0
1995-07-05,3.4693,3.5402,3.4693,3.5402,740974,0
1995-07-06,3.4693,3.5402,3.4693,3.4693,178298,0
1995-07-07,3.5402,3.5402,3.4693,3.5048,54235,0
1995-07-10,3.4693,3.5402,3.4693,3.4693,43386,0
1995-07-11,3.5048,3.5402,3.4693,3.5402,752495,0
1995-07-12,3.5402,3.5759,3.5048,3.5582,90842,0
1995-07-13,3.5048,3.5759,3.5048,3.5048,365401,0
1995-07-14,3.5048,3.6465,3.5048,3.5934,311171,0
1995-07-17,3.5759,3.6465,3.5759,3.6111,73218,0
1995-07-18,3.5759,3.6111,3.5402,3.5759,425061,0
1995-07-19,3.5759,3.6111,3.5759,3.5934,197276,0
1995-07-20,3.5759,3.726,3.5759,3.6908,1482626,0
1995-07-21,3.6465,3.726,3.6465,3.6641,848085,0
1995-07-24,3.6908,4.0181,3.6465,4.0006,1542281,0
1995-07-25,3.9471,4.0181,3.832,3.8854,1675153,0
1995-07-26,3.832,3.9471,3.832,3.9471,1658203,0
1995-07-27,3.9471,3.9471,3.832,3.8589,288118,0
1995-07-28,3.832,3.9649,3.7968,3.9649,1124682,0
1995-07-31,3.9829,3.9829,3.8764,3.9829,556577,0
1995-08-01,3.9829,3.9829,3.8764,3.9121,325407,0
1995-08-02,3.8764,3.9829,3.8764,3.9829,140331,0
1995-08-03,3.9471,3.9471,3.8764,3.8764,180329,0
1995-08-04,3.8764,3.9471,3.8764,3.9121,58302,0
1995-08-07,3.9471,3.9471,3.8764,3.8854,162701,0
1995-08-08,3.8764,3.9829,3.8764,3.9649,154569,0
1995-08-09,3.9829,4.0181,3.9471,4.0181,174905,0
1995-08-10,4.0181,4.1334,4.0181,4.08,479297,0
1995-08-11,4.1066,4.1066,4.0535,4.08,175582,0
1995-08-14,4.0181,4.1066,4.0181,4.0535,227783,0
1995-08-15,4.08,4.1687,4.0535,4.1334,191853,0
1995-08-16,4.1334,4.3544,4.1334,4.3191,1178237,0
1995-08-17,4.2748,4.3191,3.7968,3.9121,2307658,0
1995-08-18,3.832,3.9121,3.7615,3.7968,685384,0
1995-08-21,3.7968,3.832,3.7615,3.7968,1025024,0
1995-08-22,3.832,3.9471,3.7615,3.8589,1652784,0
1995-08-23,3.9471,3.9471,3.832,3.9297,555221,0
1995-08-24,3.832,3.9471,3.832,3.9297,769446,0
1995-08-25,3.832,3.9471,3.832,3.9297,271171,0
1995-08-28,3.832,3.9471,3.832,3.832,787748,0
1995-08-29,3.9121,3.9121,3.832,3.9121,254900,0
1995-08-30,3.832,3.9121,3.832,3.9121,278629,0
1995-08-31,3.8854,3.8854,3.7791,3.832,113891,0
1995-09-01,3.832,3.832,3.7615,3.7791,235240,0
1995-09-05,3.832,3.832,3.7615,3.7615,26439,0
1995-09-06,3.7615,3.832,3.7615,3.7615,28474,0
1995-09-07,3.7615,3.832,3.726,3.7439,154569,0
1995-09-08,3.7968,3.7968,3.726,3.7968,600643,0
1995-09-11,3.726,3.7968,3.726,3.7968,170161,0
1995-09-12,3.7968,3.7968,3.726,3.726,148462,0
1995-09-13,3.7439,3.7615,3.726,3.7615,1124001,0
1995-09-14,3.726,3.7968,3.726,3.7615,78640,0
1995-09-15,3.726,3.7968,3.726,3.726,42711,0
1995-09-18,3.7968,3.7968,3.726,3.7615,21015,0
1995-09-19,3.726,3.7968,3.726,3.7615,215580,0
1995-09-20,3.7615,3.7968,3.6908,3.7615,692166,0
1995-09-21,3.7968,3.7968,3.7439,3.7439,775543,0
1995-09-22,3.726,3.7615,3.726,3.7615,262356,0
1995-09-25,3.6908,3.726,3.6908,3.7173,922654,0
1995-09-26,3.6908,3.8764,3.6908,3.8764,1024347,0
1995-09-27,3.7968,4.204,3.7968,3.9121,1979543,0
1995-09-28,3.9471,3.9471,3.8145,3.8145,438617,0
1995-09-29,3.8589,3.9121,3.7968,3.9121,970790,0
1995-10-02,3.832,3.9121,3.7968,3.8145,235920,0
1995-10-03,3.8145,3.8764,3.8145,3.8145,213546,0
1995-10-04,3.7968,3.8764,3.7968,3.7968,46099,0
1995-10-05,3.8764,3.8764,3.7968,3.8589,306424,0
1995-10-06,3.7968,3.8764,3.7968,3.7968,183719,0
1995-10-09,3.7968,3.8764,3.7968,3.832,191175,0
1995-10-10,3.7968,3.832,3.7615,3.7615,257614,0
1995-10-11,3.7615,3.832,3.7615,3.7968,248121,0
1995-10-12,3.7615,3.832,3.7615,3.7968,250159,0
1995-10-13,3.7968,3.832,3.7968,3.7968,330148,0
1995-10-16,3.7615,3.832,3.7615,3.7615,157276,0
1995-10-17,3.7615,3.8764,3.7615,3.8764,631828,0
1995-10-18,3.8764,3.8764,3.7615,3.832,229138,0
1995-10-19,3.7615,3.832,3.7615,3.7615,153211,0
1995-10-20,3.7615,3.832,3.7615,3.7968,239986,0
1995-10-23,3.832,3.832,3.7615,3.7702,635893,0
1995-10-24,3.7702,3.832,3.726,3.726,109144,0
1995-10-25,3.6908,3.7968,3.5402,3.6111,291510,0
1995-10-26,3.6465,3.6465,3.3543,3.3896,787070,0
1995-10-27,3.3543,3.5048,3.3543,3.4693,317269,0
1995-10-30,3.5048,3.8764,3.434,3.7083,2640520,0
1995-10-31,3.6465,3.6908,3.6111,3.6908,400656,0
1995-11-01,3.6111,3.6908,3.6111,3.6111,82028,0
1995-11-02,3.6641,3.6908,3.6111,3.6908,95589,0
1995-11-03,3.6111,3.6908,3.6111,3.6908,639960,0
1995-11-06,3.6111,3.8764,3.6111,3.7968,601998,0
1995-11-07,3.7968,3.8764,3.7968,3.832,1013499,0
1995-11-08,3.8145,3.8764,3.7968,3.832,709788,0
1995-11-09,3.7968,3.8764,3.7968,3.7968,347776,0
1995-11-10,3.7968,3.8764,3.7968,3.8589,431841,0
1995-11-13,3.7968,3.9471,3.7968,3.9471,2155803,0
1995-11-14,3.8764,4.0181,3.8764,4.0092,595896,0
1995-11-15,4.0181,4.1334,3.9829,4.0181,525394,0
1995-11-16,3.9471,4.0181,3.9471,3.9471,50846,0
1995-11-17,3.9121,4.0181,3.832,3.832,195240,0
1995-11-20,3.9121,3.9121,3.5759,3.5759,482004,0
1995-11-21,3.6111,3.6465,3.5048,3.5223,3212013,0
1995-11-22,3.5402,3.832,3.5402,3.7791,1763284,0
1995-11-24,3.7615,3.7968,3.7615,3.7702,86775,0
1995-11-27,3.7968,3.7968,3.7615,3.7791,389127,0
1995-11-28,3.7702,3.7702,3.5402,3.6908,620979,0
1995-11-29,3.6374,3.7968,3.6111,3.7968,366081,0
1995-11-30,3.7791,3.7968,3.7615,3.7968,1138235,0
1995-12-01,3.7615,3.832,3.7615,3.7791,664369,0
1995-12-04,3.7615,3.832,3.7615,3.832,336930,0
1995-12-05,3.7615,3.8764,3.7615,3.8145,1124682,0
1995-12-06,3.8764,3.8764,3.7968,3.7968,225751,0
1995-12-07,3.832,3.832,3.7615,3.7615,71862,0
1995-12-08,3.7615,3.832,3.7615,3.832,210835,0
1995-12-11,3.7615,3.832,3.7615,3.7791,54235,0
1995-12-12,3.7968,3.832,3.7615,3.7615,82709,0
1995-12-13,3.832,3.9649,3.7968,3.9471,1020277,0
1995-12-14,3.9121,4.0535,3.9121,3.9649,868425,0
1995-12-15,3.9471,4.1774,3.9471,3.9649,535559,0
1995-12-18,3.9649,4.0006,3.9121,3.9121,1473133,0
1995-12-19,3.9121,4.0359,3.9121,3.9829,431162,0
1995-12-20,3.9829,4.0359,3.9471,3.9829,1490084,0
1995-12-21,4.0535,4.0535,3.9829,4.0006,50169,0
1995-12-22,3.9829,4.0535,3.9829,4.0006,36604,0
1995-12-26,3.9829,4.0181,3.9121,3.9297,567425,0
1995-12-27,3.9121,3.9829,3.9121,3.9297,62367,0
1995-12-28,3.9121,3.9829,3.9121,3.9387,241343,0
1995-12-29,3.9121,3.9829,3.9121,3.9829,233887,0
1996-01-02,3.9471,4.0181,3.8764,3.9649,453531,0
1996-01-03,3.9829,4.0181,3.9121,4.0181,195240,0
1996-01-04,3.9829,3.9829,3.9121,3.9471,3164556,0
1996-01-05,3.9829,3.9829,3.9471,3.9565,39318,0
1996-01-08,3.9829,3.9829,3.9829,3.9829,9491,0
1996-01-09,3.9471,3.9471,3.8764,3.8764,69149,0
1996-01-10,3.7615,3.832,3.6908,3.7083,452175,0
1996-01-11,3.7615,3.7968,3.726,3.7968,470481,0
1996-01-12,3.7968,3.7968,3.6908,3.7615,338963,0
1996-01-15,3.7615,3.7615,3.5402,3.5759,527425,0
1996-01-16,3.5934,3.6465,3.4693,3.6111,760633,0
1996-01-17,3.5759,3.6465,3.5048,3.6465,330829,0
1996-01-18,3.6374,3.6465,3.6111,3.6374,29830,0
1996-01-19,3.6465,3.6465,3.6111,3.6465,551834,0
1996-01-22,3.6111,3.6465,3.6111,3.6465,3159132,0
1996-01-23,3.6908,3.7615,3.6465,3.6908,376926,0
1996-01-24,3.7615,3.7968,3.726,3.726,490815,0
1996-01-25,3.726,3.7615,3.5759,3.6908,1995135,0
1996-01-26,3.6111,3.7968,3.6111,3.7615,569458,0
1996-01-29,3.726,3.8764,3.726,3.8589,702334,0
1996-01-30,3.7968,3.8764,3.7968,3.7968,810121,0
1996-01-31,3.7968,3.8764,3.7968,3.8145,765380,0
1996-02-01,3.8764,3.8764,3.7968,3.832,553190,0
1996-02-02,3.832,3.8764,3.6908,3.726,294896,0
1996-02-05,3.726,3.726,3.6111,3.726,171515,0
1996-02-06,3.6111,3.726,3.6111,3.6111,717924,0
1996-02-07,3.726,3.726,3.6111,3.6908,161345,0
1996-02-08,3.6908,3.832,3.6465,3.7615,729449,0
1996-02-09,3.832,3.8589,3.6908,3.7439,730126,0
1996-02-12,3.726,3.7968,3.726,3.7968,309133,0
1996-02-13,3.6908,3.832,3.6908,3.7439,753173,0
1996-02-14,3.726,3.8145,3.726,3.8145,1550416,0
1996-02-15,3.7615,4.089,3.7615,4.0535,5273586,0
1996-02-16,3.9829,4.089,3.9829,4.0535,951129,0
1996-02-20,4.0535,4.0535,3.832,3.832,520649,0
1996-02-21,3.832,3.9121,3.832,3.9121,682672,0
1996-02-22,3.9121,3.9121,3.832,3.832,195919,0
1996-02-23,3.9121,3.9121,3.832,3.8589,597254,0
1996-02-26,3.832,3.9121,3.832,3.832,17625,0
1996-02-27,3.832,3.9121,3.832,3.8677,160671,0
1996-02-28,3.8764,3.8764,3.7968,3.8764,177620,0
1996-02-29,3.8589,3.8764,3.7968,3.7968,254223,0
1996-03-01,3.8764,3.9471,3.7968,3.7968,2014118,0
1996-03-04,3.8764,3.8764,3.7968,3.7968,65079,0
1996-03-05,3.832,3.9121,3.7968,3.8589,320657,0
1996-03-06,3.8589,3.8764,3.832,3.832,1182982,0
1996-03-07,3.8589,3.8764,3.832,3.8589,35930,0
1996-03-08,3.7968,3.832,3.726,3.7615,326081,0
1996-03-11,3.7615,3.832,3.7615,3.7615,94233,0
1996-03-12,3.7968,3.832,3.7615,3.7791,1883277,0
1996-03-13,3.8764,3.9829,3.8764,3.9297,803340,0
1996-03-14,3.9649,3.9829,3.9297,3.9297,665048,0
1996-03-15,3.9829,4.0181,3.9297,3.9649,209479,0
1996-03-18,3.9471,4.0535,3.9471,4.0535,239308,0
1996-03-19,4.089,4.2748,4.0535,4.204,1328734,0
1996-03-20,4.1334,4.3191,4.1334,4.2393,599965,0
1996-03-21,4.2748,4.3898,4.2393,4.3544,728091,0
1996-03-22,4.4249,4.6817,4.3544,4.4249,3556400,0
1996-03-25,4.3898,4.4959,4.3898,4.4608,1551771,0
1996-03-26,4.4959,4.4959,4.3898,4.4249,878590,0
1996-03-27,4.4959,4.5315,4.3898,4.4429,1319243,0
1996-03-28,4.4959,4.5315,4.4608,4.4608,2727974,0
1996-03-29,4.5315,4.5315,4.4608,4.4608,185074,0
1996-04-01,4.4608,4.5935,4.4608,4.5757,799275,0
1996-04-02,4.5315,4.5315,4.4959,4.4959,304386,0
1996-04-03,4.4959,4.6465,4.4959,4.5757,259643,0
1996-04-04,4.5757,4.6465,4.4959,4.4959,193889,0
1996-04-08,4.4608,4.4959,4.1687,4.204,636574,0
1996-04-09,4.204,4.2748,4.204,4.2748,79317,0
1996-04-10,4.204,4.2393,4.1687,4.2393,113214,0
1996-04-11,4.1864,4.2393,4.1687,4.2393,107789,0
1996-04-12,4.1687,4.3191,4.1687,4.2748,162701,0
1996-04-15,4.2393,4.3898,4.2393,4.372,404723,0
1996-04-16,4.3898,4.4074,4.3191,4.4074,425061,0
1996-04-17,4.3191,4.4249,4.3191,4.4074,384384,0
1996-04-18,4.4074,4.4074,4.372,4.3988,125414,0
1996-04-19,4.4074,4.5315,4.372,4.5226,542340,0
1996-04-22,4.4608,4.5226,4.4429,4.4959,227105,0
1996-04-23,4.4429,4.4959,4.4249,4.4429,341673,0
1996-04-24,4.4249,4.4608,4.3898,4.4608,141686,0
1996-04-25,4.3898,4.4608,4.3898,4.4608,46099,0
1996-04-26,4.4608,4.4608,4.3898,4.4608,850794,0
1996-04-29,4.3898,4.4959,4.3898,4.4429,220323,0
1996-04-30,4.4429,4.4608,4.3898,4.4608,198633,0
1996-05-01,4.3898,4.5315,4.3898,4.5315,539631,0
1996-05-02,4.4608,4.5757,4.4608,4.5315,1203997,0
1996-05-03,4.5315,4.7174,4.4959,4.6465,873169,0
1996-05-06,4.6113,4.6817,4.5315,4.6817,506410,0
1996-05-07,4.6113,4.7174,4.6113,4.6552,905030,0
1996-05-08,4.6817,4.7174,4.6113,4.7174,187784,0
1996-05-09,4.7174,4.8676,4.6817,4.797,717247,0
1996-05-10,4.7616,4.9032,4.7616,4.8324,1099596,0
1996-05-13,4.7616,4.8324,4.7174,4.7174,184398,0
1996-05-14,4.7174,4.7616,4.7174,4.7616,86098,0
1996-05-15,4.797,4.797,4.7174,4.797,79997,0
1996-05-16,4.7174,4.797,4.7174,4.7616,599287,0
1996-05-17,4.7174,4.797,4.7174,4.7174,174905,0
1996-05-20,4.797,4.9032,4.6995,4.8324,772159,0
1996-05-21,4.797,4.8499,4.7616,4.7881,199309,0
1996-05-22,4.797,4.797,4.7616,4.797,516580,0
1996-05-23,4.797,4.8499,4.7439,4.7705,201346,0
1996-05-24,4.797,5.1243,4.797,5.0891,1305009,0
1996-05-28,5.0891,5.1864,5.0183,5.0891,1195862,0
1996-05-29,5.0539,5.2397,5.0539,5.204,1999202,0
1996-05-30,5.1597,5.4164,4.9032,4.9032,2883220,0
1996-05-31,4.9032,4.9386,4.7174,4.7616,1326021,0
1996-06-03,4.6465,4.6817,4.4959,4.5757,409466,0
1996-06-04,4.5757,4.8676,4.5757,4.6817,1810740,0
1996-06-05,4.7616,4.7616,4.6113,4.6995,388450,0
1996-06-06,4.6465,4.6817,4.5757,4.5757,235240,0
1996-06-07,4.4959,4.7616,4.4959,4.7616,1020277,0
1996-06-10,4.7174,4.7705,4.6465,4.7174,1287382,0
1996-06-11,4.7616,4.7616,4.6995,4.7616,548442,0
1996-06-12,4.7439,4.7705,4.6817,4.7705,359301,0
1996-06-13,4.6817,4.7616,4.6817,4.7174,44063,0
1996-06-14,4.7616,4.8324,4.6817,4.7616,1216878,0
1996-06-17,4.7616,4.9032,4.7616,4.8324,592509,0
1996-06-18,4.8324,4.974,4.8324,4.9032,514547,0
1996-06-19,4.9386,5.0183,4.8676,4.8676,842661,0
1996-06-20,4.8676,4.9032,4.7705,4.8324,224397,0
1996-06-21,4.797,4.8855,4.797,4.8591,189139,0
1996-06-24,4.8324,4.974,4.8324,4.974,101687,0
1996-06-25,4.974,4.974,4.9032,4.9032,44063,0
1996-06-26,4.9032,5.0539,4.9032,5.0183,402009,0
1996-06-27,5.0183,5.1597,4.9386,5.0891,507085,0
1996-06-28,5.1597,5.381,5.1243,5.3455,676570,0
1996-07-01,5.3455,5.4344,5.2747,5.3455,766056,0
1996-07-02,5.381,5.381,5.2397,5.2747,1179591,0
1996-07-03,5.2747,5.2747,5.1597,5.204,749784,0
1996-07-05,5.0539,5.1243,5.0183,5.0361,95589,0
1996-07-08,5.0183,5.204,5.0183,5.0891,484039,0
1996-07-09,5.204,5.204,5.0891,5.1597,63725,0
1996-07-10,5.204,5.204,5.0714,5.1243,261001,0
1996-07-11,5.0891,5.0891,4.797,4.797,482004,0
1996-07-12,4.8676,4.974,4.797,4.8855,397265,0
1996-07-15,4.9386,4.9386,4.7174,4.7439,536917,0
1996-07-16,4.797,4.8324,4.2748,4.6465,1206709,0
1996-07-17,4.6817,4.797,4.6465,4.7705,382353,0
1996-07-18,4.797,4.8676,4.7174,4.8676,439971,0
1996-07-19,4.797,4.9032,4.797,4.8855,164056,0
1996-07-22,4.8324,4.8324,4.5315,4.5315,1139595,0
1996-07-23,4.4429,4.4608,4.4249,4.4608,555221,0
1996-07-24,4.3191,4.5757,4.3191,4.5226,634540,0
1996-07-25,4.5757,4.6113,4.3898,4.3898,789108,0
1996-07-26,4.4429,4.4429,4.2393,4.2393,418958,0
1996-07-29,4.2393,4.2748,4.0181,4.1334,967402,0
1996-07-30,4.1334,4.3191,4.1334,4.1687,360656,0
1996-07-31,4.1687,4.3191,4.1687,4.3014,726737,0
1996-08-01,4.3191,4.4429,4.2393,4.4074,1073836,0
1996-08-02,3.5402,3.5402,2.9471,3.3543,14739461,0
1996-08-05,3.4693,3.5048,3.3543,3.4871,5586109,0
1996-08-06,3.5048,3.6908,3.434,3.6908,1123322,0
1996-08-07,3.6908,3.6908,3.5402,3.5582,513191,0
1996-08-08,3.6111,3.6111,3.3543,3.3896,2023612,0
1996-08-09,3.3543,3.5048,3.3543,3.4693,385738,0
1996-08-12,3.4693,3.4693,3.3896,3.434,485396,0
1996-08-13,3.434,3.4693,3.3896,3.434,473869,0
1996-08-14,3.4693,3.4693,3.3896,3.4693,395906,0
1996-08-15,3.4693,3.6111,3.3896,3.5402,2285963,0
1996-08-16,3.5759,3.5759,3.4693,3.5048,1624310,0
1996-08-19,3.5402,3.6111,3.4693,3.5759,374216,0
1996-08-20,3.5759,3.6111,3.5048,3.5402,210158,0
1996-08-21,3.5402,3.6465,3.5402,3.5759,246765,0
1996-08-22,3.6908,3.6908,3.5759,3.5759,267779,0
1996-08-23,3.5759,3.6908,3.5759,3.6465,227783,0
1996-08-26,3.5759,3.6908,3.5402,3.5402,265069,0
1996-08-27,3.5402,3.6111,3.5402,3.5759,353201,0
1996-08-28,3.5402,3.6111,3.5402,3.6111,479297,0
1996-08-29,3.5759,3.6111,3.5402,3.6111,54908,0
1996-08-30,3.6111,3.6111,3.5402,3.5402,8135,0
1996-09-03,3.5402,3.6641,3.5048,3.6465,226429,0
1996-09-04,3.6465,3.6465,3.5759,3.5759,103047,0
1996-09-05,3.6111,3.6465,3.5759,3.6111,533528,0
1996-09-06,3.5759,3.6465,3.5759,3.5759,734875,0
1996-09-09,3.6465,3.6465,3.3896,3.434,806730,0
1996-09-10,3.434,3.6465,3.434,3.5759,620304,0
1996-09-11,3.5402,3.7615,3.5402,3.7615,1593805,0
1996-09-12,3.6908,3.8764,3.6908,3.7615,703009,0
1996-09-13,3.7439,3.832,3.726,3.832,1396528,0
1996-09-16,3.832,3.9471,3.832,3.9297,731480,0
1996-09-17,3.8764,4.0181,3.832,3.9471,500988,0
1996-09-18,3.9471,4.0181,3.9471,3.9829,362015,0
1996-09-19,3.9471,4.0535,3.9471,4.0181,385065,0
1996-09-20,3.9829,4.1334,3.9829,4.0181,736232,0
1996-09-23,4.0181,4.0181,3.9471,4.0181,42033,0
1996-09-24,3.9471,4.0535,3.9471,4.0359,128807,0
1996-09-25,4.0181,4.1334,3.9829,4.08,271848,0
1996-09-26,4.1066,4.2218,4.0181,4.151,1698883,0
1996-09-27,4.1334,4.204,4.0535,4.1334,472517,0
1996-09-30,4.1334,4.1687,3.9471,3.9471,341673,0
1996-10-01,3.9649,4.1687,3.9471,4.1334,1401274,0
1996-10-02,4.1334,4.1687,4.0181,4.0535,4900050,0
1996-10-03,4.0181,4.0535,3.9829,4.0006,70507,0
1996-10-04,4.089,4.204,4.0535,4.204,734875,0
1996-10-07,4.1334,4.2748,4.1334,4.2748,249479,0
1996-10-08,4.2748,4.2748,4.08,4.1334,393198,0
1996-10-09,4.1334,4.1334,4.0181,4.089,55590,0
1996-10-10,3.9829,4.1334,3.9829,4.1334,174227,0
1996-10-11,4.204,4.4608,4.1687,4.3191,789782,0
1996-10-14,4.3191,4.4249,4.2748,4.3544,115247,0
1996-10-15,4.2748,4.3544,4.204,4.2393,106434,0
1996-10-16,4.204,4.3191,4.204,4.2393,191853,0
1996-10-17,4.2393,4.2748,4.204,4.204,51523,0
1996-10-18,4.204,4.204,4.0535,4.089,332861,0
1996-10-21,4.0535,4.204,4.0535,4.089,262356,0
1996-10-22,4.0535,4.1334,4.0535,4.089,130165,0
1996-10-23,4.0535,4.1334,4.0535,4.1334,85417,0
1996-10-24,4.1687,4.1687,4.0535,4.1334,18987,0
1996-10-25,4.0535,4.2393,4.0535,4.204,211513,0
1996-10-28,4.2218,4.2218,4.1334,4.204,127451,0
1996-10-29,4.1334,4.204,4.1334,4.1334,96264,0
1996-10-30,4.1334,4.1687,4.1334,4.1334,40675,0
1996-10-31,4.089,4.1334,4.0535,4.1334,44739,0
1996-11-01,4.1334,4.1687,4.1334,4.1334,73894,0
1996-11-04,4.089,4.151,3.9829,4.0535,246765,0
1996-11-05,3.9829,4.089,3.9829,4.0006,374893,0
1996-11-06,3.9829,4.0181,3.832,3.8854,357269,0
1996-11-07,3.8764,3.9471,3.832,3.9471,544374,0
1996-11-08,3.9471,4.2393,3.9471,4.1687,1773453,0
1996-11-11,4.1687,4.1687,4.0535,4.089,700974,0
1996-11-12,4.0535,4.0535,4.0181,4.0181,783679,0
1996-11-13,4.0181,4.0535,3.9829,3.9829,1075193,0
1996-11-14,3.9829,4.0181,3.9471,3.9471,93551,0
1996-11-15,4.0535,4.0535,3.8764,3.8764,275912,0
1996-11-18,3.9121,3.9471,3.8764,3.8764,105758,0
1996-11-19,3.9471,4.0006,3.8764,4.0006,511834,0
1996-11-20,4.0181,4.0181,3.9471,3.9471,50846,0
1996-11-21,3.9829,4.0181,3.7968,3.8764,961300,0
1996-11-22,3.832,3.8764,3.7968,3.7968,170838,0
1996-11-25,3.8764,3.8764,3.7968,3.8058,394551,0
1996-11-26,3.8145,3.8764,3.7615,3.7615,44739,0
1996-11-27,3.7615,3.832,3.7615,3.832,359301,0
1996-11-29,3.832,3.9121,3.8145,3.8764,286766,0
1996-12-02,3.7968,4.0181,3.7968,3.9471,255576,0
1996-12-03,4.0181,4.204,4.0181,4.0181,1046716,0
1996-12-04,4.0006,4.0535,3.9829,4.0535,318626,0
1996-12-05,4.0359,4.1334,4.0359,4.089,413536,0
1996-12-06,3.9471,4.1334,3.9471,4.0535,178972,0
1996-12-09,4.089,4.1864,4.0535,4.1334,946384,0
1996-12-10,4.204,4.204,4.0181,4.08,356587,0
1996-12-11,3.9649,4.0359,3.9649,4.0006,113891,0
1996-12-12,3.9829,4.151,3.9829,4.151,216262,0
1996-12-13,4.08,4.1066,4.0359,4.0535,333539,0
1996-12-16,4.0359,4.089,4.0359,4.0359,37962,0
1996-12-17,4.089,4.089,4.0359,4.0535,134227,0
1996-12-18,4.089,4.1334,4.0181,4.1334,206089,0
1996-12-19,4.0535,4.1334,4.0535,4.1066,111859,0
1996-12-20,4.1334,4.1334,4.0181,4.0181,227783,0
1996-12-23,4.0181,4.089,4.0181,4.08,209479,0
1996-12-24,4.0535,4.0625,4.0181,4.0625,210835,0
1996-12-26,4.0535,4.0625,4.0181,4.0181,309133,0
1996-12-27,4.0181,4.089,4.0181,4.089,442685,0
1996-12-30,4.089,4.089,4.0181,4.0181,549797,0
1996-12-31,4.08,4.1687,4.0181,4.1687,360656,0
1997-01-02,4.0535,4.1334,4.0181,4.1334,357945,0
1997-01-03,4.1687,4.204,4.0181,4.089,526752,0
1997-01-06,4.089,4.1687,4.089,4.1687,89489,0
1997-01-07,4.089,4.1687,4.089,4.089,61010,0
1997-01-08,4.1334,4.1334,4.0181,4.0181,148462,0
1997-01-09,4.0181,4.0181,3.9471,3.9739,272527,0
1997-01-10,3.9829,4.089,3.9471,4.0535,194567,0
1997-01-13,4.0181,4.0181,4.0181,4.0181,4067,0
1997-01-14,4.0181,4.089,4.0181,4.089,36604,0
1997-01-15,4.089,4.1334,4.0181,4.0535,812156,0
1997-01-16,4.0535,4.1066,4.0535,4.1066,1759896,0
1997-01-17,4.0535,4.1334,4.0535,4.1334,1502281,0
1997-01-20,4.1334,4.1334,4.0181,4.0535,45422,0
1997-01-21,4.0181,4.089,3.9471,3.9829,275238,0
1997-01-22,3.9471,4.0535,3.9471,3.9471,589117,0
1997-01-23,4.0535,4.0535,3.9829,4.0181,76604,0
1997-01-24,4.0535,4.089,3.9471,4.0181,225751,0
1997-01-27,4.0535,4.1687,3.9829,4.1334,191175,0
1997-01-28,4.089,4.2393,4.089,4.1687,285408,0
1997-01-29,4.1687,4.328,4.1687,4.2748,157953,0
1997-01-30,4.2748,4.2748,4.204,4.257,279985,0
1997-01-31,4.2748,4.3544,4.204,4.3014,601998,0
1997-02-03,4.3191,4.3191,4.2393,4.3014,559967,0
1997-02-04,4.2748,4.2748,4.204,4.2393,197276,0
1997-02-05,4.204,4.2748,4.204,4.204,199988,0
1997-02-06,4.2218,4.257,4.204,4.204,188463,0
1997-02-07,4.2748,4.2748,4.204,4.204,47457,0
1997-02-10,4.204,4.2748,4.204,4.2748,62367,0
1997-02-11,4.204,4.2748,4.204,4.2748,99654,0
1997-02-12,4.2748,4.2748,4.1687,4.204,867067,0
1997-02-13,4.2393,4.3898,4.2393,4.3191,2593744,0
1997-02-14,4.3544,4.7616,4.3191,4.6817,824358,0
1997-02-18,4.6817,4.7616,4.4959,4.6465,562002,0
1997-02-19,4.6465,5.1243,4.6465,5.0361,2001916,0
1997-02-20,4.9386,4.9386,4.797,4.8147,1306366,0
1997-02-21,4.7616,4.8855,4.7174,4.8676,1658203,0
1997-02-24,4.8324,4.9032,4.8324,4.9032,774869,0
1997-02-25,4.8676,4.8855,4.797,4.8324,623015,0
1997-02-26,4.797,4.974,4.7616,4.9651,989096,0
1997-02-27,5.0183,5.1597,4.9386,5.0183,1345683,0
1997-02-28,5.0183,5.0891,4.974,5.0183,625727,0
1997-03-03,4.974,5.0891,4.974,5.0714,1340262,0
1997-03-04,5.0183,5.1597,5.0183,5.1421,1519231,0
1997-03-05,5.1243,5.204,5.0891,5.1243,647420,0
1997-03-06,5.0539,5.1421,5.0539,5.1421,315910,0
1997-03-07,5.1243,5.1597,5.1243,5.1243,135587,0
1997-03-10,5.0891,5.1597,5.0891,5.0891,115928,0
1997-03-11,5.0891,5.1421,5.0539,5.0891,117280,0
1997-03-12,5.0183,5.0714,5.0183,5.0449,58302,0
1997-03-13,5.0539,5.204,5.0183,5.0183,561323,0
1997-03-14,5.0539,5.0539,4.9032,4.9386,233208,0
1997-03-17,4.9032,4.9032,4.7174,4.8324,698943,0
1997-03-18,4.8147,4.8324,4.797,4.8147,461668,0
1997-03-19,4.8499,4.8499,4.7616,4.797,262356,0
1997-03-20,4.7616,4.797,4.7616,4.7616,79997,0
1997-03-21,4.8499,4.8676,4.797,4.797,157276,0
1997-03-24,4.797,4.8944,4.797,4.8676,395228,0
1997-03-25,4.8676,5.0891,4.8676,5.0891,540305,0
1997-03-26,5.0183,5.1864,4.9651,5.1597,883336,0
1997-03-27,5.1243,5.1243,4.974,5.0183,302357,0
1997-03-31,4.974,5.0183,4.9032,5.0183,706399,0
1997-04-01,4.9651,5.2926,4.9386,5.204,886727,0
1997-04-02,5.1597,5.1597,4.974,5.0183,893507,0
1997-04-03,4.6817,4.7174,4.5757,4.6113,1612109,0
1997-04-04,4.5935,4.6465,4.5935,4.5935,543019,0
1997-04-07,4.6817,4.6817,4.5935,4.6113,509799,0
1997-04-08,4.629,4.6641,4.5935,4.6113,1127392,0
1997-04-09,4.6641,4.6641,4.5935,4.6113,1071123,0
1997-04-10,4.6641,4.6641,4.5492,4.5757,288118,0
1997-04-11,4.5757,4.6113,4.5492,4.5492,252188,0
1997-04-14,4.5492,4.6465,4.5492,4.629,587760,0
1997-04-15,4.6465,4.974,4.6113,4.974,907741,0
1997-04-16,4.974,5.0539,4.974,4.974,850121,0
1997-04-17,4.974,5.0539,4.974,5.0183,327436,0
1997-04-18,5.0183,5.0183,4.797,4.9386,1292805,0
1997-04-21,4.8324,4.8676,4.7616,4.797,137620,0
1997-04-22,4.7616,4.8324,4.7616,4.7705,375572,0
1997-04-23,4.7616,4.8324,4.7616,4.7616,82709,0
1997-04-24,4.7705,4.797,4.7616,4.797,49488,0
1997-04-25,4.7174,4.7174,4.5315,4.5492,254223,0
1997-04-28,4.5492,4.6113,4.5492,4.6113,158634,0
1997-04-29,4.6113,4.8324,4.6113,4.797,1387040,0
1997-04-30,4.7616,4.974,4.7616,4.9386,698264,0
1997-05-01,4.9386,5.0183,4.8324,4.8324,627758,0
1997-05-02,4.8324,5.0891,4.8324,4.9032,631828,0
1997-05-05,4.9386,5.1243,4.9386,5.0539,380998,0
1997-05-06,5.0891,5.1243,4.974,5.0539,257614,0
1997-05-07,5.0539,5.1597,5.0539,5.1597,258966,0
1997-05-08,5.0539,5.204,5.0539,5.0539,235240,0
1997-05-09,5.0183,5.0891,5.0183,5.0183,67791,0
1997-05-12,5.0183,5.1597,5.0183,5.0891,349810,0
1997-05-13,5.1597,5.1597,5.0891,5.0977,201346,0
1997-05-14,5.0891,5.1597,5.0539,5.0891,271848,0
1997-05-15,5.0539,5.2397,5.0539,5.1597,601319,0
1997-05-16,5.2397,5.2747,5.1597,5.1597,669789,0
1997-05-19,5.1597,5.1597,4.974,5.0539,325407,0
1997-05-20,5.0183,5.0539,4.8676,4.9386,259643,0
1997-05-21,4.9919,5.0539,4.9386,4.9386,148462,0
1997-05-22,4.8324,4.8676,4.6817,4.6817,2426295,0
1997-05-23,4.6817,4.7705,4.6817,4.6817,1022989,0
1997-05-27,4.6817,4.7439,4.6113,4.6465,687419,0
1997-05-28,4.6465,4.7616,4.6465,4.6995,639284,0
1997-05-29,4.7174,4.797,4.6465,4.797,362691,0
1997-05-30,4.7616,5.0891,4.7174,5.0891,607422,0
1997-06-02,5.0183,5.0714,4.9386,5.0539,322015,0
1997-06-03,4.9386,5.0539,4.9386,4.974,151853,0
1997-06-04,5.0539,5.0714,4.9386,4.974,528106,0
1997-06-05,4.974,5.0891,4.974,4.974,1590414,0
1997-06-06,4.974,5.0891,4.974,5.0539,109144,0
1997-06-09,5.0183,5.1243,5.0183,5.0802,1064340,0
1997-06-10,5.0714,5.1597,4.974,4.974,283372,0
1997-06-11,4.9386,5.0714,4.9386,5.0539,121349,0
1997-06-12,5.0183,5.1597,5.0183,5.0891,236596,0
1997-06-13,5.0539,5.0891,5.0361,5.0714,332181,0
1997-06-16,5.0539,5.0891,5.0183,5.0183,1238571,0
1997-06-17,5.0539,5.0539,4.9919,5.0539,1046039,0
1997-06-18,5.0183,5.0891,5.0183,5.0539,343029,0
1997-06-19,5.0891,5.0891,5.0183,5.0891,283372,0
1997-06-20,5.0891,5.0891,5.0183,5.0183,667077,0
1997-06-23,5.0183,5.0891,4.9386,4.9386,522680,0
1997-06-24,5.0183,5.0183,4.9386,4.9919,1001299,0
1997-06-25,4.921,5.0183,4.921,4.9829,621659,0
1997-06-26,4.9386,5.0539,4.9386,5.0361,126096,0
1997-06-27,5.0539,5.0714,5.0183,5.0714,455565,0
1997-06-30,5.0183,5.0714,5.0183,5.0624,1332124,0
1997-07-01,5.0449,5.0891,5.0183,5.0449,1739559,0
1997-07-02,5.0714,5.2397,5.0714,5.1243,4682434,0
1997-07-03,5.1243,5.1597,5.0891,5.0891,89489,0
1997-07-07,5.1597,5.1597,5.0539,5.0714,146434,0
1997-07-08,5.0539,5.0891,4.9919,5.0183,116601,0
1997-07-09,5.0183,5.2571,5.0183,5.1597,864355,0
1997-07-10,5.1864,5.2747,5.1597,5.204,117956,0
1997-07-11,5.1597,5.2131,5.1243,5.1597,144399,0
1997-07-14,5.1864,5.2747,5.1597,5.1864,191175,0
1997-07-15,5.2397,5.3102,5.1864,5.3102,274560,0
1997-07-16,5.2397,5.381,5.2397,5.3455,497597,0
1997-07-17,5.381,5.381,5.2397,5.2397,340318,0
1997-07-18,5.2397,5.3455,5.2397,5.2571,174905,0
1997-07-21,5.2397,5.3455,5.2397,5.2397,110502,0
1997-07-22,5.2397,5.2747,5.204,5.2747,195240,0
1997-07-23,5.2747,5.3455,5.204,5.2747,178298,0
1997-07-24,5.2747,5.3455,5.1597,5.1597,187784,0
1997-07-25,5.1243,5.204,5.1243,5.1597,185753,0
1997-07-28,5.2397,5.2747,5.1243,5.204,182362,0
1997-07-29,5.2747,5.2747,5.1597,5.2397,189821,0
1997-07-30,5.1597,5.2571,5.0539,5.1243,435903,0
1997-07-31,5.1243,5.204,5.0539,5.1243,423027,0
1997-08-01,5.1597,5.1864,5.1069,5.1597,374893,0
1997-08-04,5.0891,5.1243,4.974,5.0183,2490701,0
1997-08-05,5.0183,5.2571,5.0183,5.2306,889436,0
1997-08-06,5.204,5.4164,5.204,5.2926,1044684,0
1997-08-07,5.2397,5.3455,5.2397,5.3102,486071,0
1997-08-08,5.2397,5.381,5.204,5.2131,603355,0
1997-08-11,5.2131,5.4164,5.204,5.3455,433870,0
1997-08-12,5.3455,5.4078,5.2397,5.2397,201346,0
1997-08-13,5.2397,5.2397,5.1069,5.2397,264390,0
1997-08-14,5.2397,5.2747,5.1597,5.1597,140331,0
1997-08-15,5.1597,5.204,5.1156,5.204,1323313,0
1997-08-18,5.204,5.204,5.0891,5.1864,469127,0
1997-08-19,5.1243,5.1864,5.1243,5.1864,391841,0
1997-08-20,5.1864,5.1864,5.1243,5.1864,685384,0
1997-08-21,5.1597,5.1864,5.1597,5.1864,1118576,0
1997-08-22,5.1597,5.1864,5.0714,5.1421,620304,0
1997-08-25,5.1864,5.1864,5.1069,5.1243,211513,0
1997-08-26,5.0539,5.1597,5.0539,5.0539,82709,0
1997-08-27,5.0539,5.1243,5.0539,5.1156,1572789,0
1997-08-28,5.0891,5.1864,5.0891,5.1421,748431,0
1997-08-29,5.1689,5.2131,5.1421,5.2131,343709,0
1997-09-02,5.2571,5.5492,5.2571,5.5492,735548,0
1997-09-03,5.4608,5.5492,5.4164,5.4164,271848,0
1997-09-04,5.4784,5.4961,5.4164,5.4784,416925,0
1997-09-05,5.4961,5.567,5.4344,5.5581,279985,0
1997-09-08,5.567,5.7881,5.5492,5.7528,784360,0
1997-09-09,5.7881,5.7881,5.7172,5.744,488784,0
1997-09-10,5.7528,5.7528,5.5316,5.6023,729449,0
1997-09-11,5.5405,5.7172,5.5316,5.6821,404045,0
1997-09-12,5.6468,5.7087,5.6468,5.6995,515900,0
1997-09-15,5.7172,5.8234,5.7172,5.7528,1440592,0
1997-09-16,5.7881,5.8234,5.7528,5.7881,979603,0
1997-09-17,5.8591,6.045,5.7881,5.9914,741651,0
1997-09-18,6.045,6.2131,6.045,6.0979,1606684,0
1997-09-19,6.0894,6.0894,5.868,5.9032,1446692,0
1997-09-22,5.9209,5.9564,5.9032,5.9032,1400594,0
1997-09-23,5.9032,5.9564,5.9032,5.9032,500307,0
1997-09-24,5.9564,5.9914,5.9032,5.9209,571491,0
1997-09-25,5.9914,6.0274,5.9032,5.9388,532850,0
1997-09-26,5.9032,5.9388,5.9032,5.9032,286766,0
1997-09-29,5.9388,5.9388,5.8591,5.9032,136940,0
1997-09-30,5.9209,5.974,5.8591,5.974,844018,0
1997-10-01,5.974,5.974,5.9209,5.9564,526069,0
1997-10-02,5.974,5.974,5.9032,5.9388,418278,0
1997-10-03,5.9209,5.974,5.9032,5.9209,160671,0
1997-10-06,5.9032,5.974,5.9032,5.9209,134906,0
1997-10-07,5.9388,5.9388,5.8769,5.9209,283372,0
1997-10-08,5.9388,5.9388,5.8591,5.9388,77284,0
1997-10-09,5.8234,5.8234,5.7172,5.7172,1184338,0
1997-10-10,5.6995,5.7528,5.6995,5.6995,122030,0
1997-10-13,5.7881,5.7881,5.744,5.7528,214903,0
1997-10-14,5.7528,5.8326,5.7351,5.8326,344386,0
1997-10-15,5.8058,5.9388,5.8058,5.9032,193209,0
1997-10-16,5.9032,5.9032,5.8234,5.8591,131517,0
1997-10-17,5.8234,5.9032,5.7705,5.8234,180329,0
1997-10-20,5.7705,5.8591,5.7705,5.8591,86098,0
1997-10-21,5.8591,5.8591,5.7881,5.8504,117956,0
1997-10-22,5.7705,5.8326,5.7528,5.7881,107113,0
1997-10-23,5.7881,5.8769,5.7795,5.8504,285408,0
1997-10-24,5.8504,5.8769,5.8058,5.8769,144399,0
1997-10-27,5.7881,5.8326,5.5137,5.5137,273206,0
1997-10-28,5.3455,5.6023,5.2926,5.567,476583,0
1997-10-29,5.7528,5.9388,5.6468,5.9388,412859,0
1997-10-30,5.8234,5.9032,5.7705,5.9032,124739,0
1997-10-31,5.9032,5.974,5.8591,5.9032,172191,0
1997-11-03,5.9388,6.2131,5.9032,6.1954,529461,0
1997-11-04,6.2131,6.4341,6.1247,6.3988,626404,0
1997-11-05,6.3988,6.3988,6.3013,6.3013,233887,0
1997-11-06,6.3459,6.3636,6.3013,6.3636,343029,0
1997-11-07,6.3195,6.3459,6.1423,6.2306,518614,0
1997-11-10,6.2306,6.2306,6.1776,6.1776,263035,0
1997-11-11,6.1954,6.1954,6.0979,6.1954,562678,0
1997-11-12,6.16,6.16,5.9388,5.9564,271171,0
1997-11-13,5.974,6.045,5.9032,6.0096,961300,0
1997-11-14,6.045,6.16,6.0274,6.151,199309,0
1997-11-17,6.1776,6.2662,6.16,6.2306,144399,0
1997-11-18,6.1776,6.1954,5.9032,5.9564,132876,0
1997-11-19,5.8591,5.9388,5.8591,5.9209,170838,0
1997-11-20,5.974,6.1954,5.974,6.1954,553862,0
1997-11-21,6.1954,6.3813,6.1954,6.3195,1601260,0
1997-11-24,6.3459,6.3459,6.045,6.0894,660977,0
1997-11-25,6.16,6.16,5.9032,6.0718,580304,0
1997-11-26,5.974,6.0718,5.974,6.045,335573,0
1997-11-28,6.0718,6.0718,6.0274,6.0539,77284,0
1997-12-01,6.0718,6.0718,6.0274,6.0539,627081,0
1997-12-02,6.0718,6.0718,6.0274,6.045,477259,0
1997-12-03,6.0539,6.0718,6.0274,6.0718,715210,0
1997-12-04,6.0979,6.0979,6.0274,6.0274,324727,0
1997-12-05,6.0718,6.0718,6.0096,6.0274,531497,0
1997-12-08,6.045,6.2306,6.045,6.16,620979,0
1997-12-09,6.16,6.1954,6.0718,6.1954,347100,0
1997-12-10,6.1954,6.2662,6.16,6.2041,1241960,0
1997-12-11,6.1776,6.2484,6.1247,6.1954,206768,0
1997-12-12,6.1776,6.2131,6.1776,6.1954,233887,0
1997-12-15,6.2131,6.3195,6.2041,6.2306,942995,0
1997-12-16,6.2662,6.2929,6.2306,6.2929,862320,0
1997-12-17,6.2929,6.2929,6.1954,6.2662,169481,0
1997-12-18,6.2484,6.2484,6.1867,6.2306,611490,0
1997-12-19,6.1423,6.2131,6.1423,6.1954,259643,0
1997-12-22,6.2662,6.3636,6.2131,6.2662,560644,0
1997-12-23,6.3813,6.4165,6.3195,6.4165,140331,0
1997-12-24,6.3195,6.4165,6.3195,6.4165,112536,0
1997-12-26,6.4165,6.452,6.3813,6.4079,75926,0
1997-12-29,6.452,6.452,6.3013,6.452,247441,0
1997-12-30,6.3459,6.6203,6.3459,6.5407,269134,0
1997-12-31,6.638,6.7441,6.5672,6.6734,428448,0
1998-01-02,6.7619,6.7883,6.5672,6.7883,674536,0
1998-01-05,6.7883,6.9742,6.6734,6.9742,797919,0
1998-01-06,6.9742,6.9742,6.7883,6.8591,670468,0
1998-01-07,6.8236,6.8236,6.7086,6.8236,483360,0
1998-01-08,6.8236,6.93,6.7086,6.93,281341,0
1998-01-09,6.93,6.93,6.6289,6.6556,328795,0
1998-01-12,6.6203,6.7883,6.6203,6.6734,375572,0
1998-01-13,6.8236,7.0453,6.7883,6.9564,814866,0
1998-01-14,7.0094,7.0453,6.7086,6.7086,652166,0
1998-01-15,6.8236,6.8236,6.5317,6.6203,580304,0
1998-01-16,6.638,6.6734,6.5407,6.6113,835203,0
1998-01-20,6.6734,6.6734,6.5142,6.638,413536,0
1998-01-21,6.6734,6.6734,6.4874,6.5672,837238,0
1998-01-22,6.5672,6.5672,6.3813,6.4165,919268,0
1998-01-23,6.5317,6.5672,6.452,6.4696,445398,0
1998-01-26,6.5672,6.5672,6.3459,6.3636,576915,0
1998-01-27,6.4165,6.5317,6.4165,6.4874,898927,0
1998-01-28,6.5672,6.7883,6.4696,6.7619,730801,0
1998-01-29,6.7441,6.8945,6.7086,6.8945,505055,0
1998-01-30,6.8945,7.0273,6.8591,6.93,1202640,0
1998-02-02,6.9742,7.222,6.9123,7.1866,797919,0
1998-02-03,7.1866,7.1866,7.0806,7.1246,604709,0
1998-02-04,7.1158,7.1158,6.9742,7.0362,514547,0
1998-02-05,7.0453,7.1158,6.9833,7.0806,549797,0
1998-02-06,7.1158,7.1158,7.0453,7.1158,757923,0
1998-02-09,7.1158,7.1158,7.0628,7.1158,370825,0
1998-02-10,7.1602,7.1602,7.0983,7.1602,460307,0
1998-02-11,7.1602,7.1602,7.0094,7.0453,160671,0
1998-02-12,7.0453,7.0806,7.0094,7.0806,637250,0
1998-02-13,7.0806,7.0806,7.0453,7.0628,198633,0
1998-02-17,7.0806,7.0806,6.9833,7.0453,154569,0
1998-02-18,6.9742,7.1334,6.9742,6.9833,1081968,0
1998-02-19,7.0453,7.0536,6.9833,6.9833,736232,0
1998-02-20,6.9742,7.0806,6.8591,6.9123,472287,0
1998-02-23,6.9388,7.0273,6.8591,6.8858,292862,0
1998-02-24,6.9742,6.9742,6.8061,6.8591,363369,0
1998-02-25,6.8858,6.9123,6.7441,6.8591,479971,0
1998-02-26,6.7441,6.9123,6.7353,6.7619,366985,0
1998-02-27,6.8061,6.8061,6.6909,6.6909,703687,0
1998-03-02,6.6909,6.7441,6.6909,6.6909,457827,0
1998-03-03,6.6909,6.7441,6.4696,6.638,296934,0
1998-03-04,6.638,6.638,6.2219,6.3636,455115,0
1998-03-05,6.3636,6.5848,6.2306,6.5584,496243,0
1998-03-06,6.5848,6.638,6.5317,6.6025,253547,0
1998-03-09,6.638,6.6909,6.5672,6.6909,329471,0
1998-03-10,6.6909,6.7441,6.6646,6.7176,490365,0
1998-03-11,6.7176,6.7441,6.5584,6.5584,250381,0
1998-03-12,6.6909,6.6909,6.4434,6.5584,409014,0
1998-03-13,6.5584,6.5584,6.4434,6.4696,517030,0
1998-03-16,6.5584,6.8061,6.4696,6.7619,776451,0
1998-03-17,6.8329,6.9123,6.7441,6.8945,555899,0
1998-03-18,6.9123,6.9833,6.8858,6.9833,718150,0
1998-03-19,7.0009,7.0273,6.8858,7.0273,399073,0
1998-03-20,7.0536,7.0536,6.8858,7.0009,186656,0
1998-03-23,7.0009,7.0009,6.8858,6.9123,321785,0
1998-03-24,6.9742,7.0273,6.8061,6.8591,290605,0
1998-03-25,6.9388,6.9388,6.6909,6.7176,634993,0
1998-03-26,6.6646,6.7795,6.6646,6.7795,68242,0
1998-03-27,6.8061,6.8591,6.7441,6.7619,43386,0
1998-03-30,6.6909,7.1687,6.6909,7.0536,432065,0
1998-03-31,7.0806,7.1866,6.8329,6.8591,380998,0
1998-04-01,6.8236,7.0273,6.8061,7.0273,186656,0
1998-04-02,7.0806,7.1866,7.0273,7.1334,223264,0
1998-04-03,7.1687,7.1687,6.8858,6.8858,380090,0
1998-04-06,6.8858,7.0009,6.8858,6.8858,72766,0
1998-04-07,6.8591,7.0009,6.8591,6.868,169481,0
1998-04-08,6.9742,6.9742,6.638,6.6646,194340,0
1998-04-09,6.7441,6.8061,6.6646,6.8061,264843,0
1998-04-13,6.8329,6.8858,6.7441,6.8591,356138,0
1998-04-14,6.7795,6.8591,6.7795,6.8236,252642,0
1998-04-15,6.8061,6.8329,6.6909,6.7353,234111,0
1998-04-16,6.6909,6.7795,6.6909,6.6909,30730,0
1998-04-17,6.7176,6.7972,6.6467,6.7441,127902,0
1998-04-20,6.6909,6.8591,6.6909,6.8591,257614,0
1998-04-21,6.8591,7.0536,6.7441,6.9742,467767,0
1998-04-22,7.0806,7.0806,6.8591,6.9742,173097,0
1998-04-23,6.8591,7.0273,6.8591,6.9833,187107,0
1998-04-24,7.0273,7.0273,6.8858,6.9742,73218,0
1998-04-27,6.8591,6.8591,6.4165,6.4965,349810,0
1998-04-28,6.5848,6.6113,6.4696,6.6113,408563,0
1998-04-29,6.638,6.6909,6.6113,6.6734,283825,0
1998-04-30,6.638,6.7176,6.4965,6.5142,655781,0
1998-05-01,6.5584,6.7353,6.4965,6.7353,691940,0
1998-05-04,6.7441,6.9742,6.7441,6.9123,270266,0
1998-05-05,6.9123,7.0009,6.8329,7.0009,603809,0
1998-05-06,7.0009,7.0536,6.8858,6.9564,464156,0
1998-05-07,6.9123,7.0273,6.9123,6.9742,512060,0
1998-05-08,6.9123,7.3017,6.9123,7.2486,438844,0
1998-05-11,7.3017,7.7443,7.2486,7.6911,742104,0
1998-05-12,7.6911,8.0189,7.5763,7.9124,857800,0
1998-05-13,7.9656,7.9656,7.6467,7.7709,394102,0
1998-05-14,7.7709,7.7974,7.6203,7.6911,311846,0
1998-05-15,7.6911,7.7178,7.6203,7.6733,51974,0
1998-05-18,7.523,7.7178,7.523,7.6733,373761,0
1998-05-19,7.7443,7.7709,7.6911,7.7617,816676,0
1998-05-20,7.7709,7.8328,7.7178,7.7262,290605,0
1998-05-21,7.7443,7.7974,7.4168,7.5052,466412,0
1998-05-22,7.523,7.629,7.4168,7.629,277046,0
1998-05-26,7.6911,7.6911,7.2486,7.2486,257161,0
1998-05-27,7.2133,7.4168,7.1513,7.4168,204282,0
1998-05-28,7.4168,7.4168,7.2486,7.2486,732613,0
1998-05-29,7.3549,7.3549,7.1866,7.1866,122932,0
1998-06-01,7.3017,7.4964,7.2133,7.4343,632729,0
1998-06-02,7.523,7.523,7.3549,7.3727,989319,0
1998-06-03,7.4168,7.523,7.39,7.47,1015081,0
1998-06-04,7.5763,7.629,7.4964,7.6113,347550,0
1998-06-05,7.629,7.6911,7.5495,7.6911,274787,0
1998-06-08,7.629,8.1869,7.629,8.0007,1175975,0
1998-06-09,8.0717,8.2401,7.9921,8.0717,1665891,0
1998-06-10,8.0982,8.0982,7.8768,7.9124,663009,0
1998-06-11,7.9124,8.1869,7.9124,8.1869,754305,0
1998-06-12,8.1869,8.3016,7.8768,7.9389,906613,0
1998-06-15,7.8591,7.9656,7.5763,7.6113,543697,0
1998-06-16,7.5763,7.7709,7.5763,7.6733,592960,0
1998-06-17,7.7709,8.0539,7.7178,7.9921,601096,0
1998-06-18,8.0189,8.0189,7.47,7.5495,206540,0
1998-06-19,7.47,7.7443,7.47,7.6113,222359,0
1998-06-22,7.6911,7.9389,7.6911,7.7709,412177,0
1998-06-23,7.9124,7.9124,7.629,7.6467,325407,0
1998-06-24,7.7178,7.8591,7.7178,7.7443,420766,0
1998-06-25,7.8591,7.9124,7.7443,7.8328,319077,0
1998-06-26,7.9124,7.9389,7.7709,7.9389,297836,0
1998-06-29,7.8328,8.2133,7.8328,8.2133,957683,0
1998-06-30,8.1869,8.1869,7.9656,8.0982,693293,0
1998-07-01,8.1337,8.1337,8.0189,8.1337,121122,0
1998-07-02,8.1337,8.1337,7.9656,7.9921,80899,0
1998-07-06,7.9921,8.0717,7.9656,8.0717,103047,0
1998-07-07,8.0717,8.1337,8.0539,8.1337,159084,0
1998-07-08,8.1603,8.3193,8.1337,8.3193,545054,0
1998-07-09,8.3549,8.6292,8.2401,8.576,316816,0
1998-07-10,8.576,8.6292,8.4081,8.5586,258966,0
1998-07-13,8.6292,8.7178,8.5142,8.6825,234565,0
1998-07-14,8.6825,8.7443,8.6026,8.6558,225071,0
1998-07-15,8.7443,8.7443,8.6026,8.7178,141460,0
1998-07-16,8.576,8.7178,8.576,8.576,169028,0
1998-07-17,8.7178,8.7178,8.4611,8.4611,371504,0
1998-07-20,8.6292,8.6292,8.4081,8.6292,92649,0
1998-07-21,8.6292,8.6292,8.0717,8.0717,215580,0
1998-07-22,8.3193,8.4348,8.0982,8.2401,253547,0
1998-07-23,8.1869,8.3016,7.9124,7.93,366531,0
1998-07-24,7.9656,8.0982,7.7709,7.9389,163605,0
1998-07-27,7.9656,7.9656,7.7443,7.7709,160898,0
1998-07-28,7.8591,7.9124,7.7443,7.7709,320885,0
1998-07-29,7.7178,7.9124,7.7178,7.7974,167223,0
1998-07-30,7.7974,8.0717,7.7709,8.0364,392292,0
1998-07-31,8.0717,8.0982,7.8591,8.0189,238631,0
1998-08-03,8.1337,8.1337,7.7974,7.9124,254900,0
1998-08-04,7.9124,7.9124,7.47,7.6113,250833,0
1998-08-05,7.6911,7.6911,7.1687,7.47,733063,0
1998-08-06,7.47,7.5763,7.3284,7.47,520649,0
1998-08-07,7.5763,7.8768,7.4343,7.8768,292412,0
1998-08-10,7.8768,7.8768,7.6733,7.6911,174452,0
1998-08-11,7.4168,7.7443,7.4168,7.6911,275238,0
1998-08-12,7.8328,8.3549,7.7443,8.2401,460992,0
1998-08-13,8.2755,8.2755,7.8768,7.9921,332181,0
1998-08-14,8.0717,8.2755,8.0539,8.1869,392746,0
1998-08-17,8.2401,8.2401,7.9124,8.0539,247217,0
1998-08-18,8.2133,8.2133,7.9124,7.983,132422,0
1998-08-19,8.0189,8.0539,7.8328,7.8328,43386,0
1998-08-20,8.0539,8.0539,7.523,7.6113,177620,0
1998-08-21,7.523,7.6911,7.0806,7.6555,310039,0
1998-08-24,7.7974,7.8591,7.4168,7.4168,89489,0
1998-08-25,7.629,7.629,7.39,7.4343,97170,0
1998-08-26,7.4168,7.4168,7.0806,7.0806,600192,0
1998-08-27,7.0806,7.1334,6.8061,7.1334,351615,0
1998-08-28,7.0009,7.629,7.0009,7.1334,437944,0
1998-08-31,7.3017,7.3017,6.5848,6.6025,202474,0
1998-09-01,6.638,7.7178,6.5317,7.629,538724,0
1998-09-02,7.523,8.0717,7.47,7.8328,396361,0
1998-09-03,7.629,7.8328,7.629,7.7795,273432,0
1998-09-04,7.9124,7.9124,7.5495,7.7178,260777,0
1998-09-08,7.6911,8.0189,7.6911,7.9656,230945,0
1998-09-09,7.9656,8.0539,7.39,7.39,233659,0
1998-09-10,7.3017,7.523,7.1866,7.523,161800,0
1998-09-11,7.523,8.1511,7.2133,8.0717,194792,0
1998-09-14,8.1337,8.3549,8.0717,8.3549,127451,0
1998-09-15,8.2401,8.3016,8.0717,8.2401,424382,0
1998-09-16,8.2401,8.2401,8.0189,8.0189,120219,0
1998-09-17,8.1337,8.1337,7.6911,7.9124,208799,0
1998-09-18,7.9389,7.9389,7.6911,7.7617,297381,0
1998-09-21,7.5763,7.7178,7.5763,7.6555,560869,0
1998-09-22,7.7178,7.8328,7.5495,7.6113,515221,0
1998-09-23,7.6911,7.6911,7.5495,7.6911,493983,0
1998-09-24,7.7443,7.7795,7.523,7.629,919722,0
1998-09-25,7.8328,7.8328,7.629,7.7443,424382,0
1998-09-28,7.7709,7.9124,7.6911,7.8682,569005,0
1998-09-29,7.8768,8.1869,7.8591,8.0539,426188,0
1998-09-30,8.0189,8.1869,7.9656,8.1869,178972,0
1998-10-01,8.1869,8.6825,8.1869,8.4081,1763511,0
1998-10-02,8.6026,8.6026,8.3016,8.3016,2091629,0
1998-10-05,8.3193,8.3193,7.983,8.0189,157730,0
1998-10-06,8.1337,8.2133,7.9656,8.0539,144623,0
1998-10-07,8.0717,8.0717,7.5763,7.6911,123834,0
1998-10-08,7.5495,7.5495,6.8591,7.0806,516580,0
1998-10-09,7.1687,7.523,7.1687,7.4343,197051,0
1998-10-12,7.5763,8.0007,7.4343,7.8768,1000168,0
1998-10-13,7.9124,7.9656,7.7974,7.9124,304614,0
1998-10-14,7.7974,7.9656,7.7974,7.9124,425738,0
1998-10-15,7.9389,8.0189,7.8768,8.0189,531045,0
1998-10-16,8.0717,8.4081,8.0539,8.3193,1133945,0
1998-10-19,8.3193,8.3373,8.2401,8.3016,1441271,0
1998-10-20,8.3814,8.4081,8.1869,8.2755,590700,0
1998-10-21,8.3016,8.3549,8.0982,8.3373,790914,0
1998-10-22,8.3549,8.3549,8.2662,8.3193,250381,0
1998-10-23,8.3193,8.3814,8.2133,8.3814,249023,0
1998-10-26,8.3193,8.3814,8.0982,8.2045,233659,0
1998-10-27,8.1337,8.4965,8.1337,8.3549,298737,0
1998-10-28,8.2401,8.5939,8.2401,8.5409,210610,0
1998-10-29,8.5142,8.9567,8.5142,8.8245,948646,0
1998-10-30,9.0901,9.3815,9.0723,9.1244,1088749,0
1998-11-02,9.513,9.648,9.4279,9.4858,1293935,0
1998-11-03,9.3993,9.541,9.2397,9.3179,2129139,0
1998-11-04,9.3815,9.4858,9.2397,9.4858,205187,0
1998-11-05,9.3993,9.631,9.3179,9.631,642675,0
1998-11-06,9.567,9.698,9.4619,9.623,220101,0
1998-11-09,9.681,9.764,9.513,9.664,183948,0
1998-11-10,9.79,9.903,9.567,9.79,521102,0
1998-11-11,9.903,10.071,9.79,9.984,448786,0
1998-11-12,9.984,9.984,9.903,9.984,512514,0
1998-11-13,10.012,10.18,9.868,10.071,466864,0
1998-11-16,10.18,10.266,10.012,10.232,237274,0
1998-11-17,10.232,10.232,9.984,10.045,783679,0
1998-11-18,9.984,10.089,9.764,9.903,835654,0
1998-11-19,9.79,9.957,9.707,9.859,751141,0
1998-11-20,9.79,9.859,9.3993,9.513,150046,0
1998-11-23,9.3993,9.648,9.3993,9.4619,546856,0
1998-11-24,9.3993,9.4858,9.3993,9.3993,516127,0
1998-11-25,9.4279,9.4279,9.1244,9.3179,680184,0
1998-11-27,9.3993,9.4279,9.2397,9.4279,9942,0
1998-11-30,9.4279,9.4279,9.2045,9.2045,492625,0
1998-12-01,9.1861,9.3815,9.1596,9.3179,227332,0
1998-12-02,9.3179,9.3815,9.2045,9.2397,294673,0
1998-12-03,9.2397,9.3101,9.0194,9.0362,204282,0
1998-12-04,9.0194,9.0723,8.7443,8.939,434775,0
1998-12-07,8.7443,8.939,8.7443,8.7976,852834,0
1998-12-08,8.762,8.877,8.7443,8.8149,456471,0
1998-12-09,8.877,9.1244,8.877,9.1063,222359,0
1998-12-10,9.1244,9.1596,9.0723,9.1063,473644,0
1998-12-11,9.2397,9.3453,9.0967,9.1861,217390,0
1998-12-14,9.1063,9.2667,9.1063,9.1423,196146,0
1998-12-15,9.2925,9.3453,9.1244,9.2397,299642,0
1998-12-16,9.2397,9.3453,9.0967,9.1596,129258,0
1998-12-17,9.1861,9.605,9.0967,9.548,283372,0
1998-12-18,9.548,9.631,9.3815,9.567,448786,0
1998-12-21,9.513,9.567,9.3815,9.4279,154569,0
1998-12-22,9.3179,9.513,9.2925,9.4279,131066,0
1998-12-23,9.513,9.513,9.2925,9.3993,348002,0
1998-12-24,9.4619,9.4619,9.2397,9.3179,48358,0
1998-12-28,9.4619,9.513,9.2397,9.2397,86319,0
1998-12-29,9.3179,9.3179,9.0723,9.0967,415795,0
1998-12-30,9.1244,9.4619,9.1244,9.2751,189821,0
1998-12-31,9.2925,9.648,9.2925,9.631,650358,0
1999-01-04,9.631,9.631,9.4619,9.4619,930567,0
1999-01-05,9.605,9.648,9.4619,9.567,249023,0
1999-01-06,9.648,9.648,9.3993,9.541,506637,0
1999-01-07,9.4619,9.648,9.3453,9.4858,496693,0
1999-01-08,9.513,9.605,9.1861,9.3101,388675,0
1999-01-11,9.2667,9.3179,8.8507,8.9126,477711,0
1999-01-12,8.9039,9.0194,8.6825,8.8245,406305,0
1999-01-13,8.6292,8.7443,8.4081,8.4965,992031,0
1999-01-14,8.4348,8.576,8.2401,8.3549,1209419,0
1999-01-15,8.3814,8.4348,8.3016,8.4257,1865203,0
1999-01-19,8.4348,8.576,8.4081,8.4081,976666,0
1999-01-20,8.4081,8.4965,8.1603,8.2401,545956,0
1999-01-21,8.2401,8.5142,8.0982,8.2133,844698,0
1999-01-22,8.2133,8.3549,8.0982,8.3193,888988,0
1999-01-25,8.1869,8.5142,8.1869,8.4348,2189249,0
1999-01-26,8.4348,8.7976,8.4257,8.7976,810345,0
1999-01-27,8.6825,8.8507,8.6825,8.7178,331279,0
1999-01-28,8.8507,9.1244,8.7976,9.1063,394102,0
1999-01-29,9.0723,9.3815,9.0194,9.3815,794528,0
1999-02-01,9.2582,9.4759,9.1596,9.3815,427092,0
1999-02-02,9.3179,9.613,9.2751,9.586,449239,0
1999-02-03,9.513,9.541,9.3993,9.4858,437944,0
1999-02-04,9.2925,9.513,9.2925,9.4858,298289,0
1999-02-05,9.4858,9.513,9.363,9.3913,256256,0
1999-02-08,9.3453,9.4619,9.1596,9.1861,396810,0
1999-02-09,9.1861,9.2397,8.9039,8.9829,268005,0
1999-02-10,8.9567,9.0723,8.9567,8.9736,101235,0
1999-02-11,9.0362,9.3276,9.0362,9.3276,277497,0
1999-02-12,9.3453,9.3815,9.1244,9.3815,449692,0
1999-02-16,9.2667,9.541,9.0457,9.4858,410372,0
1999-02-17,9.3993,9.4619,8.8683,8.8683,240889,0
1999-02-18,9.0194,9.2397,8.9829,9.0723,457375,0
1999-02-19,9.0723,9.2397,9.0723,9.1861,174905,0
1999-02-22,9.1861,9.567,9.1861,9.4279,362464,0
1999-02-23,9.3993,9.605,9.2925,9.2925,137393,0
1999-02-24,9.541,9.681,9.2397,9.3913,239986,0
1999-02-25,9.3453,9.513,9.0723,9.0901,192079,0
1999-02-26,9.0901,9.0967,8.9567,8.9567,293768,0
1999-03-01,9.0901,9.0901,8.9567,8.9736,198406,0
1999-03-02,8.9736,9.631,8.9736,9.531,798146,0
1999-03-03,9.513,9.681,9.4858,9.613,454662,0
1999-03-04,9.605,9.79,9.605,9.736,362464,0
1999-03-05,9.825,9.903,9.707,9.825,319077,0
1999-03-08,9.903,10.053,9.681,9.984,975310,0
1999-03-09,10.012,10.071,9.903,9.957,310943,0
1999-03-10,9.993,9.993,9.842,9.859,655781,0
1999-03-11,9.842,9.957,9.842,9.903,1014179,0
1999-03-12,9.903,9.903,9.698,9.868,1037679,0
1999-03-15,9.868,10.012,9.833,10.012,467316,0
1999-03-16,9.868,10.045,9.868,9.957,216485,0
1999-03-17,9.884,10.012,9.884,9.939,516580,0
1999-03-18,9.868,10.123,9.842,10.045,813060,0
1999-03-19,9.984,10.053,9.957,9.975,456471,0
1999-03-22,10.071,10.071,9.903,9.975,413084,0
1999-03-23,9.3179,9.3453,8.7178,8.8245,3860112,0
1999-03-24,8.8507,9.2925,8.8507,9.1861,1256421,0
1999-03-25,9.1861,9.754,9.0723,9.586,530587,0
1999-03-26,9.3453,9.631,9.3453,9.4619,497597,0
1999-03-29,9.513,9.648,9.4279,9.586,203829,0
1999-03-30,9.605,9.664,9.4858,9.541,706399,0
1999-03-31,9.513,9.605,9.2925,9.567,869101,0
1999-04-01,9.541,9.842,9.2925,9.3179,614652,0
1999-04-05,9.3815,9.4279,8.8507,8.8598,537823,0
1999-04-06,8.8862,8.8862,8.4965,8.4965,625499,0
1999-04-07,8.5409,8.5409,7.7178,7.9389,1718316,0
1999-04-08,7.9389,7.9656,7.47,7.47,889436,0
1999-04-09,7.629,7.8682,7.4343,7.8414,1056207,0
1999-04-12,7.8591,7.8591,7.5407,7.5763,1195862,0
1999-04-13,7.6203,7.7795,7.47,7.47,653522,0
1999-04-14,7.629,7.629,7.3284,7.4168,1641032,0
1999-04-15,7.4255,7.8682,7.3284,7.6911,1094623,0
1999-04-16,7.629,8.3016,7.629,8.1511,1488723,0
1999-04-19,8.1869,8.2755,7.7443,7.9747,1187272,0
1999-04-20,8.0982,8.3814,7.93,8.2755,1051237,0
1999-04-21,8.4081,8.4611,8.2401,8.4081,1033611,0
1999-04-22,8.4611,9.2925,7.8768,8.1511,756113,0
1999-04-23,8.2755,8.3016,7.9656,8.2401,266655,0
1999-04-26,8.2401,8.4081,7.9389,8.3727,888988,0
1999-04-27,8.4348,8.6292,8.3727,8.5939,679286,0
1999-04-28,8.6026,8.6292,8.1337,8.1511,1011013,0
1999-04-29,8.1869,8.2133,7.9921,8.0717,723575,0
1999-04-30,8.2133,8.2133,7.8768,7.983,348904,0
1999-05-03,7.9124,8.0982,7.4168,7.6911,873624,0
1999-05-04,7.629,7.7178,7.523,7.7088,173549,0
1999-05-05,7.5495,7.7178,7.4964,7.5763,317269,0
1999-05-06,7.7178,7.7178,7.4964,7.5939,688773,0
1999-05-07,7.5939,7.7178,7.4876,7.6555,957683,0
1999-05-10,7.7178,7.7443,7.5763,7.6911,435680,0
1999-05-11,7.7178,7.8328,7.6911,7.8328,432969,0
1999-05-12,7.7974,7.8768,7.7974,7.8682,566294,0
1999-05-13,7.8947,8.0717,7.8591,8.0539,826617,0
1999-05-14,8.0539,8.1603,8.0007,8.0717,783679,0
1999-05-17,8.0717,8.1337,7.9921,8.0717,586634,0
1999-05-18,8.0982,8.0982,7.9124,8.0364,257161,0
1999-05-19,8.0982,8.0982,8.0189,8.0717,380090,0
1999-05-20,8.0539,8.9567,7.9921,8.2401,3261273,0
1999-05-21,8.3549,8.4081,8.2401,8.3727,321337,0
1999-05-24,8.4081,8.4611,8.0539,8.169,523812,0
1999-05-25,8.1869,8.1869,8.0717,8.1603,284724,0
1999-05-26,8.1603,8.169,8.0539,8.0982,326760,0
1999-05-27,8.116,8.2755,8.0189,8.0539,344835,0
1999-05-28,8.1337,8.2401,8.0539,8.0982,300999,0
1999-06-01,8.1337,8.1869,8.0539,8.0539,438844,0
1999-06-02,8.0539,8.1337,7.9389,7.9656,276140,0
1999-06-03,8.0189,8.0189,7.7443,7.7974,330378,0
1999-06-04,7.8591,7.9921,7.815,7.8768,230945,0
1999-06-07,7.9124,7.9656,7.7974,7.8414,847406,0
1999-06-08,7.7974,7.8591,7.7974,7.7974,1439462,0
1999-06-09,7.7974,7.9921,7.7709,7.9477,521549,0
1999-06-10,7.9921,7.9921,7.7974,7.8414,606065,0
1999-06-11,7.9656,7.9656,7.7178,7.7178,554997,0
1999-06-14,7.7709,7.7709,7.629,7.6911,406757,0
1999-06-15,7.7709,7.7709,7.6113,7.6555,77284,0
1999-06-16,7.6911,7.983,7.6911,7.8591,507993,0
1999-06-17,7.8768,7.9921,7.8328,7.8591,397265,0
1999-06-18,7.9389,8.0364,7.8591,7.9477,441553,0
1999-06-21,7.9656,8.0717,7.9656,7.9747,595219,0
1999-06-22,7.9656,7.9921,7.8328,7.9389,165412,0
1999-06-23,7.9656,7.9656,7.7443,7.8414,444265,0
1999-06-24,7.9389,7.9389,7.523,7.7617,394102,0
1999-06-25,7.7617,7.8591,7.6911,7.6911,188915,0
1999-06-28,7.7443,7.7709,7.5763,7.7443,693743,0
1999-06-29,7.7262,7.8591,7.7178,7.7178,428448,0
1999-06-30,7.7178,7.8328,7.6911,7.6911,404947,0
1999-07-01,7.7617,7.7974,7.629,7.7088,582564,0
1999-07-02,7.6911,7.7443,7.6113,7.6646,478616,0
1999-07-06,7.7443,7.7709,7.629,7.6555,626855,0
1999-07-07,7.6555,7.7088,7.4964,7.4964,331279,0
1999-07-08,7.47,7.9656,7.47,7.7262,615105,0
1999-07-09,7.6911,7.9124,7.6555,7.8682,212417,0
1999-07-12,7.8768,7.9124,7.7443,7.7709,735322,0
1999-07-13,7.8591,7.8768,7.6911,7.7262,909322,0
1999-07-14,7.8591,8.4965,7.6911,8.3814,954068,0
1999-07-15,8.3193,8.4611,8.3016,8.4611,386868,0
1999-07-16,8.3814,8.6026,8.3814,8.5586,548215,0
1999-07-19,8.5317,8.9567,8.5317,8.8149,550023,0
1999-07-20,8.7443,8.9567,8.7443,8.8245,1080164,0
1999-07-21,8.8329,9.2925,8.8245,9.2925,712274,0
1999-07-22,9.1244,9.1861,8.877,8.9567,492625,0
1999-07-23,8.9567,9.0362,8.7976,8.8862,257614,0
1999-07-26,8.8507,8.877,8.0982,8.1337,350264,0
1999-07-27,8.3016,8.8329,8.3016,8.7976,646290,0
1999-07-28,8.7976,8.8507,8.6026,8.6026,231848,0
1999-07-29,8.7178,8.7443,8.576,8.7269,329922,0
1999-07-30,8.6026,8.8507,8.6026,8.7002,310492,0
1999-08-02,8.6469,8.8507,8.6026,8.6558,339866,0
1999-08-03,8.7002,9.0542,8.5409,8.9567,530136,0
1999-08-04,8.8245,9.0967,8.8245,9.0279,343483,0
1999-08-05,9.0542,9.4279,8.8245,8.8683,1189986,0
1999-08-06,8.8507,8.8683,8.5409,8.6026,164962,0
1999-08-09,8.6825,8.762,8.5939,8.6292,759278,0
1999-08-10,8.6825,8.6825,8.6026,8.6116,2211394,0
1999-08-11,8.6116,8.7799,8.6026,8.7799,314105,0
1999-08-12,8.7443,8.7976,8.6026,8.6292,313202,0
1999-08-13,8.8507,8.877,8.6292,8.8329,320434,0
1999-08-16,8.8329,8.9039,8.7443,8.762,145980,0
1999-08-17,8.7178,8.762,8.6558,8.7443,136940,0
1999-08-18,8.7178,8.7178,8.6026,8.6026,1286254,0
1999-08-19,8.6026,8.6292,8.4348,8.5409,2258848,0
1999-08-20,8.4965,8.5409,8.1337,8.4611,727638,0
1999-08-23,8.4611,8.5409,8.4348,8.523,554997,0
1999-08-24,8.4611,8.6026,8.4611,8.4965,2694078,0
1999-08-25,8.6026,8.6116,8.3016,8.4611,2547646,0
1999-08-26,8.6558,9.0901,8.5142,8.9829,2643005,0
1999-08-27,8.9829,9.2045,8.939,9.1861,1011916,0
1999-08-30,9.2667,9.2925,9.0901,9.2232,633182,0
1999-08-31,9.1774,9.1774,9.0194,9.0723,1262296,0
1999-09-01,9.0194,9.3993,9.0194,9.3993,1717864,0
1999-09-02,9.0967,9.4619,9.0967,9.3993,784587,0
1999-09-03,9.3913,9.513,9.3453,9.513,634993,0
1999-09-07,9.513,9.631,9.4759,9.548,1003330,0
1999-09-08,9.513,9.736,9.513,9.631,999265,0
1999-09-09,9.631,9.736,9.605,9.736,862320,0
1999-09-10,9.605,9.707,9.586,9.631,973500,0
1999-09-13,9.707,9.764,9.631,9.736,957683,0
1999-09-14,9.707,9.736,9.2925,9.3815,513868,0
1999-09-15,9.567,9.842,9.513,9.681,679733,0
1999-09-16,9.631,9.736,9.4619,9.4619,709565,0
1999-09-17,9.931,9.957,9.631,9.931,357043,0
1999-09-20,9.912,9.993,9.903,9.984,325407,0
1999-09-21,9.903,10.079,9.903,9.903,619172,0
1999-09-22,9.957,9.984,9.842,9.884,532397,0
1999-09-23,9.922,9.957,9.825,9.868,692386,0
1999-09-24,9.79,10.089,9.736,10.071,493530,0
1999-09-27,10.089,10.595,10.071,10.365,1344552,0
1999-09-28,10.346,10.468,10.282,10.31,1595388,0
1999-09-29,10.346,10.374,10.301,10.301,715892,0
1999-09-30,10.365,11.09,10.346,10.964,1501381,0
1999-10-01,10.974,11.011,10.485,10.531,710016,0
1999-10-04,10.614,10.622,10.452,10.452,1109538,0
1999-10-05,10.485,10.495,10.327,10.419,634540,0
1999-10-06,10.401,10.569,10.401,10.522,735322,0
1999-10-07,10.55,10.569,10.452,10.485,335799,0
1999-10-08,10.513,10.569,10.346,10.522,453305,0
1999-10-11,10.569,10.569,10.452,10.522,474098,0
1999-10-12,10.522,10.55,10.485,10.485,256256,0
1999-10-13,10.513,10.522,10.31,10.401,188915,0
1999-10-14,10.374,10.401,10.123,10.232,345744,0
1999-10-15,10.151,10.586,10.071,10.569,493530,0
1999-10-18,10.485,10.531,10.401,10.485,203376,0
1999-10-19,10.531,10.531,10.485,10.522,438393,0
1999-10-20,10.531,10.531,10.485,10.522,485849,0
1999-10-21,10.531,10.569,10.266,10.266,677927,0
1999-10-22,10.301,10.301,9.842,9.868,2287772,0
1999-10-25,9.931,9.931,9.4619,9.631,1049429,0
1999-10-26,9.631,9.736,9.631,9.681,620530,0
1999-10-27,9.681,9.903,9.648,9.833,314105,0
1999-10-28,9.736,9.931,9.736,9.842,193434,0
1999-10-29,9.957,9.984,9.859,9.975,382353,0
1999-11-01,9.842,10.012,9.736,9.736,696005,0
1999-11-02,9.736,9.868,9.698,9.754,624594,0
1999-11-03,9.825,9.903,9.513,9.764,553190,0
1999-11-04,9.707,9.754,8.939,9.0967,713626,0
1999-11-05,8.9567,9.1861,8.9039,8.9567,1397882,0
1999-11-08,8.939,8.9567,8.7443,8.762,713177,0
1999-11-09,8.762,8.8507,8.6026,8.7178,735774,0
1999-11-10,8.7178,9.0723,8.6825,9.0723,965365,0
1999-11-11,9.0362,9.931,9.0194,9.736,1143433,0
1999-11-12,9.957,10.012,9.4619,9.631,588891,0
1999-11-15,9.605,9.993,9.4619,9.903,804021,0
1999-11-17,9.4858,9.605,9.1691,9.1691,243150,0
1999-11-18,9.2495,9.513,9.1861,9.513,291960,0
1999-11-19,9.957,10.401,9.648,9.736,806730,0
1999-11-22,10.079,10.18,9.631,9.957,652166,0
1999-11-23,10.18,10.31,9.939,9.984,1079707,0
1999-11-24,10.028,10.123,9.984,10.071,491720,0
1999-11-26,9.957,10.089,9.939,10.045,175811,0
1999-11-29,9.939,10.151,9.903,10.045,622337,0
1999-11-30,9.957,10.151,9.957,10.151,227783,0
1999-12-01,10.012,10.207,9.957,10.207,293768,0
1999-12-02,10.071,10.365,10.053,10.071,280211,0
1999-12-03,10.151,10.513,10.071,10.248,702334,0
1999-12-06,10.327,10.327,10.151,10.199,526976,0
1999-12-07,10.266,10.318,10.151,10.232,498499,0
1999-12-08,10.151,10.282,10.151,10.199,423027,0
1999-12-09,10.232,10.232,10.071,10.123,2475784,0
1999-12-10,10.123,10.123,9.3453,9.567,431162,0
1999-12-13,9.567,9.808,9.4451,9.4619,363369,0
1999-12-14,9.4759,9.79,9.4619,9.4619,245411,0
1999-12-15,9.513,9.567,9.0723,9.4451,1619791,0
1999-12-16,9.2925,9.4279,9.0901,9.2045,774196,0
1999-12-17,9.3013,9.4858,9.1861,9.1861,977571,0
1999-12-20,9.1861,9.2397,8.9039,8.9736,2720744,0
1999-12-21,9.0967,9.1861,8.8507,8.9829,1882829,0
1999-12-22,9.0901,9.1596,8.7178,8.877,1561486,0
1999-12-23,8.877,9.4619,8.877,9.3453,251736,0
1999-12-27,9.3453,9.513,8.9829,9.4759,283825,0
1999-12-28,9.3453,9.4619,9.0901,9.3453,570813,0
1999-12-29,9.3453,9.567,9.2582,9.567,109824,0
1999-12-30,9.567,9.567,9.3913,9.504,243601,0
1999-12-31,9.567,9.567,9.3993,9.4279,305066,0
2000-01-03,9.541,9.541,9.0194,9.3453,549571,0
2000-01-04,9.1596,9.3453,8.6292,8.877,1105017,0
2000-01-05,8.8507,10.282,8.6558,9.903,1318792,0
2000-01-06,9.903,10.18,9.681,9.868,964462,0
2000-01-07,9.842,10.053,9.698,10.012,1094623,0
2000-01-10,10.123,10.232,9.736,10.116,540532,0
2000-01-11,9.957,10.18,9.957,10.045,239533,0
2000-01-12,10.045,10.071,9.79,9.842,288796,0
2000-01-13,9.825,10.671,9.825,10.622,1517650,0
2000-01-14,10.622,10.622,10.31,10.346,625950,0
2000-01-18,10.291,10.401,9.903,10.401,391841,0
2000-01-19,10.31,10.374,10.248,10.282,515221,0
2000-01-20,10.238,10.31,10.012,10.18,470932,0
2000-01-21,10.248,10.622,10.151,10.365,592509,0
2000-01-24,10.374,10.513,10.142,10.142,708205,0
2000-01-25,10.282,10.374,10.123,10.374,442458,0
2000-01-26,10.384,10.478,10.123,10.207,691030,0
2000-01-27,10.207,10.301,10.123,10.248,714531,0
2000-01-28,10.199,10.327,9.745,9.754,389127,0
2000-01-31,9.764,10.18,9.513,9.64,603809,0
2000-02-01,9.736,9.736,9.3815,9.4451,809443,0
2000-02-02,9.513,10.346,9.2925,9.764,823456,0
2000-02-03,9.707,10.346,9.707,10.275,385513,0
2000-02-04,10.282,10.282,9.825,9.884,350264,0
2000-02-07,9.984,9.984,9.4619,9.513,464156,0
2000-02-08,9.513,9.717,8.877,9.0194,1083325,0
2000-02-09,9.0723,9.3815,8.8329,8.8329,967176,0
2000-02-10,9.0967,9.1244,8.5142,8.8683,1123546,0
2000-02-11,8.8862,8.8862,8.4611,8.5586,468223,0
2000-02-14,8.576,8.9483,8.3549,8.6292,564939,0
2000-02-15,8.576,8.762,8.4965,8.5586,860966,0
2000-02-16,8.6825,8.6825,8.1337,8.1603,387322,0
2000-02-17,8.2222,8.3107,7.5939,7.8682,1026830,0
2000-02-18,7.6467,7.9921,7.5763,7.7443,929208,0
2000-02-22,7.7443,7.8591,7.1866,7.2751,1303878,0
2000-02-23,7.4255,8.1869,7.3284,8.116,1468385,0
2000-02-24,8.3107,8.6825,8.0893,8.6558,818031,0
2000-02-25,8.5409,8.5409,7.7617,7.9124,1789724,0
2000-02-28,7.983,7.9921,7.8947,7.9389,564939,0
2000-02-29,7.9656,8.0189,7.93,7.9747,2008014,0
2000-03-01,7.983,7.983,7.523,7.6999,2815649,0
2000-03-02,7.629,7.9921,7.629,7.7443,1157445,0
2000-03-03,7.8591,7.9921,7.7709,7.9389,1382966,0
2000-03-06,7.9656,7.9656,7.7443,7.7443,1762609,0
2000-03-07,7.9389,7.9389,7.523,7.6113,717697,0
2000-03-08,7.6113,7.6555,7.4168,7.47,648551,0
2000-03-09,7.629,7.629,7.3017,7.6113,903000,0
2000-03-10,7.629,7.9124,7.4964,7.4964,565843,0
2000-03-13,7.7974,8.0189,7.47,7.8591,777804,0
2000-03-14,7.9036,8.0982,7.7443,7.8328,653973,0
2000-03-15,7.8947,8.2401,7.7178,8.2401,1113153,0
2000-03-16,8.0893,8.6026,8.0893,8.5939,1635156,0
2000-03-17,8.3814,8.6558,8.3373,8.5142,956780,0
2000-03-20,8.5849,8.6558,8.3814,8.3814,322241,0
2000-03-21,8.6116,8.6558,8.284,8.6558,476806,0
2000-03-22,8.6026,8.6558,8.4081,8.6116,868647,0
2000-03-23,8.6469,8.6558,8.4081,8.6026,515674,0
2000-03-24,8.6292,8.6558,8.4081,8.576,419410,0
2000-03-27,8.6292,8.6469,8.4081,8.5939,197958,0
2000-03-28,8.576,8.6558,8.3016,8.3193,673409,0
2000-03-29,8.6292,8.6469,8.2755,8.4081,725833,0
2000-03-30,8.4081,8.4081,8.1869,8.1869,205187,0
2000-03-31,8.1869,8.5142,8.1603,8.4611,1087392,0
2000-04-03,8.3549,8.4081,8.3193,8.3373,546408,0
2000-04-04,8.4081,8.4081,8.1603,8.3107,795887,0
2000-04-05,8.284,8.5142,8.2045,8.4965,501666,0
2000-04-06,8.4611,8.7531,8.4611,8.7269,705948,0
2000-04-07,8.7443,9.1244,8.7443,9.0723,711822,0
2000-04-10,9.0723,9.0967,8.6825,8.7178,627308,0
2000-04-11,8.762,9.2925,8.6825,9.1861,512963,0
2000-04-12,9.567,10.266,9.2925,9.984,954971,0
2000-04-13,9.903,10.569,9.868,10.207,1372573,0
2000-04-14,10.123,10.18,9.842,9.922,450596,0
2000-04-17,9.648,9.984,9.2397,9.842,499856,0
2000-04-18,9.842,10.622,9.4279,10.452,1283085,0
2000-04-19,10.401,10.569,10.275,10.495,494434,0
2000-04-20,10.495,10.671,10.346,10.513,644481,0
2000-04-24,10.384,10.649,10.282,10.452,511610,0
2000-04-25,10.384,10.841,10.16,10.816,1656397,0
2000-04-26,10.825,10.955,10.622,10.955,904356,0
2000-04-27,10.816,10.932,10.419,10.932,220551,0
2000-04-28,10.825,10.938,10.384,10.649,326760,0
2000-05-01,10.401,10.955,10.365,10.789,423027,0
2000-05-02,10.789,10.789,9.984,10.028,352068,0
2000-05-03,10.012,10.232,9.648,10.079,252642,0
2000-05-04,10.151,10.301,10.123,10.266,258065,0
2000-05-05,10.327,10.841,10.107,10.789,184398,0
2000-05-08,10.452,10.816,10.401,10.428,244959,0
2000-05-09,10.622,10.622,9.4858,10.16,370598,0
2000-05-10,9.764,10.671,9.764,10.401,755661,0
2000-05-11,10.327,10.841,10.31,10.746,500307,0
2000-05-12,10.841,10.841,10.605,10.727,530587,0
2000-05-15,10.622,10.955,10.622,10.894,934178,0
2000-05-16,10.894,11.065,10.816,10.964,728544,0
2000-05-17,10.913,10.974,10.671,10.771,523358,0
2000-05-18,10.771,10.816,10.755,10.755,169937,0
2000-05-19,10.755,10.807,10.649,10.708,275687,0
2000-05-22,10.771,10.771,10.671,10.689,408111,0
2000-05-23,10.727,10.789,10.275,10.282,498499,0
2000-05-24,10.31,11.011,10.31,10.955,909777,0
2000-05-25,10.938,11.336,10.894,10.955,1410989,0
2000-05-26,10.955,10.955,10.18,10.595,982991,0
2000-05-30,10.622,11.54,10.595,11.418,1593126,0
2000-05-31,11.168,11.479,11.15,11.268,1603067,0
2000-06-01,11.302,11.31,11.168,11.31,457375,0
2000-06-02,11.53,11.559,11.197,11.372,858705,0
2000-06-05,11.31,11.948,11.26,11.895,998809,0
2000-06-06,11.568,11.924,11.479,11.596,352524,0
2000-06-07,11.596,11.727,11.401,11.727,373312,0
2000-06-08,11.512,11.858,11.512,11.816,986607,0
2000-06-09,11.876,11.924,11.841,11.876,563582,0
2000-06-12,11.914,11.924,11.168,11.318,665724,0
2000-06-13,11.1,11.824,11.011,11.824,956326,0
2000-06-14,11.895,11.895,11.672,11.672,816225,0
2000-06-15,11.727,11.876,11.699,11.876,1291676,0
2000-06-16,11.914,12.284,11.851,12.284,1326927,0
2000-06-19,12.053,12.39,11.858,12.239,968531,0
2000-06-20,12.037,12.08,11.31,11.631,1313369,0
2000-06-21,11.755,11.755,11.503,11.577,696459,0
2000-06-22,11.727,11.727,11.231,11.372,453305,0
2000-06-23,11.354,11.503,10.531,10.622,984348,0
2000-06-26,10.671,11.985,10.655,11.948,1018697,0
2000-06-27,11.354,11.372,10.569,10.841,1224786,0
2000-06-28,11.09,11.418,10.974,11.372,1300260,0
2000-06-29,11.286,11.755,11.168,11.735,2017958,0
2000-06-30,11.596,11.596,10.727,11.286,3063320,0
2000-07-03,11.26,11.401,11.15,11.231,236823,0
2000-07-05,11.401,11.401,10.932,11.09,805830,0
2000-07-06,11.168,11.168,10.452,10.789,517030,0
2000-07-07,10.622,10.789,10.232,10.232,893055,0
2000-07-10,10.282,11.268,10.232,11.037,1978641,0
2000-07-11,10.932,11.639,10.841,11.53,839726,0
2000-07-12,11.613,11.727,11.168,11.168,1381161,0
2000-07-13,11.168,11.168,10.727,10.771,711370,0
2000-07-14,10.841,10.913,10.595,10.841,1423644,0
2000-07-17,10.922,11.197,10.841,11.197,299191,0
2000-07-18,11.028,11.15,10.955,11.065,394102,0
2000-07-19,11.046,11.231,11.037,11.046,455565,0
2000-07-20,11.037,11.479,11.028,11.436,393648,0
2000-07-21,11.479,11.559,11.216,11.26,959037,0
2000-07-24,11.074,11.401,10.955,11.011,333312,0
2000-07-25,11.336,11.336,10.282,11.011,684476,0
2000-07-26,10.955,11.401,10.789,11.065,692386,0
2000-07-27,11.168,11.672,10.955,11.503,348227,0
2000-07-28,11.286,11.639,10.894,11.454,222359,0
2000-07-31,11.613,11.727,11.011,11.727,525619,0
2000-08-01,11.727,11.727,11.168,11.231,443591,0
2000-08-02,11.479,11.924,11.231,11.372,377378,0
2000-08-03,11.336,12.222,11.115,12.037,324727,0
2000-08-04,11.577,12.443,11.559,12.117,315009,0
2000-08-07,11.503,11.948,11.168,11.286,388228,0
2000-08-08,11.286,11.816,11.15,11.699,554543,0
2000-08-09,11.699,11.782,11.065,11.115,2920731,0
2000-08-10,11.231,11.479,11.037,11.168,333539,0
2000-08-11,11.401,11.841,11.065,11.418,246992,0
2000-08-14,11.454,11.672,10.955,10.974,547992,0
2000-08-15,10.955,11.09,9.842,9.85,1256421,0
2000-08-16,9.939,10.089,9.903,10.071,1389299,0
2000-08-17,8.8059,10.622,8.3016,9.939,8311370,0
2000-08-18,9.754,10.045,9.2925,9.648,763797,0
2000-08-21,9.541,10.123,9.4858,9.567,401335,0
2000-08-22,9.698,10.18,9.541,9.541,301452,0
2000-08-23,9.567,9.903,9.3815,9.3993,631146,0
2000-08-24,10.012,10.346,9.631,10.151,1295517,0
2000-08-25,10.123,10.346,10.123,10.123,296706,0
2000-08-28,10.207,10.207,10.012,10.18,780292,0
2000-08-29,9.984,10.649,9.931,10.232,456246,0
2000-08-30,10.248,10.282,9.957,9.984,611715,0
2000-08-31,10.012,10.513,9.957,10.513,1175975,0
2000-09-01,10.107,10.346,10.012,10.346,1417545,0
2000-09-05,10.374,10.401,9.513,9.513,761537,0
2000-09-06,9.79,9.957,9.4858,9.648,414891,0
2000-09-07,9.613,10.569,9.613,10.374,685384,0
2000-09-08,10.012,10.089,9.957,9.957,385286,0
2000-09-11,10.012,10.266,9.541,9.586,615782,0
2000-09-12,9.648,10.045,9.605,9.903,440877,0
2000-09-13,9.764,9.957,9.567,9.648,418958,0
2000-09-14,10.071,10.622,9.681,10.452,738714,0
2000-09-15,10.18,10.816,10.18,10.452,1077680,0
2000-09-18,10.531,10.727,10.232,10.374,501666,0
2000-09-19,10.513,10.513,10.012,10.232,576466,0
2000-09-20,10.266,10.266,9.3453,9.842,1430874,0
2000-09-21,9.993,10.071,9.3993,9.736,398395,0
2000-09-22,9.736,9.868,9.631,9.736,686964,0
2000-09-25,9.764,10.18,9.707,9.957,623239,0
2000-09-26,9.984,11.065,9.957,10.974,1103436,0
2000-09-27,10.789,10.841,10.18,10.31,1225689,0
2000-09-28,10.282,11.286,10.232,11.011,860740,0
2000-09-29,11.231,11.336,9.957,9.957,448562,0
2000-10-02,10.374,10.671,9.957,10.123,389354,0
2000-10-03,10.053,10.266,9.957,10.18,1053045,0
2000-10-04,10.123,10.207,10.012,10.071,523812,0
2000-10-05,10.123,10.346,10.012,10.282,639960,0
2000-10-06,10.266,11.037,10.232,10.31,504378,0
2000-10-09,10.346,11.115,10.346,10.513,313427,0
2000-10-10,10.452,10.955,10.452,10.755,447884,0
2000-10-11,10.727,10.894,10.513,10.622,271620,0
2000-10-12,10.595,11.09,10.595,11.065,524035,0
2000-10-13,11.011,11.115,10.569,11.09,827522,0
2000-10-16,11.011,11.168,10.869,11.011,475905,0
2000-10-17,10.932,11.115,10.755,10.894,920850,0
2000-10-18,10.841,10.841,10.649,10.755,385738,0
2000-10-19,10.708,11.454,10.708,11.454,392971,0
2000-10-20,11.197,11.858,11.168,11.858,437485,0
2000-10-23,11.401,12.037,11.401,11.672,238176,0
2000-10-24,11.924,11.948,11.613,11.727,151403,0
2000-10-25,11.948,12.39,11.672,12.39,995422,0
2000-10-26,12.08,12.806,11.841,12.779,338738,0
2000-10-27,12.797,13.719,12.257,13.665,384837,0
2000-10-30,13.275,13.825,13.109,13.304,687419,0
2000-10-31,13.498,13.94,12.728,13.85,587534,0
2000-11-01,13.489,13.498,12.701,12.779,432514,0
2000-11-02,12.887,13.054,12.443,12.524,810345,0
2000-11-03,12.779,13.275,12.56,12.701,637025,0
2000-11-06,12.787,12.887,12.364,12.495,377606,0
2000-11-07,12.56,13.719,12.56,13.692,221001,0
2000-11-08,13.332,13.363,12.638,12.806,417378,0
2000-11-09,12.806,13.054,12.612,12.728,278854,0
2000-11-10,12.701,12.779,12.612,12.701,128128,0
2000-11-13,12.663,12.728,11.53,11.858,315009,0
2000-11-14,12.56,12.728,11.816,12.222,565390,0
2000-11-15,12.222,12.284,12.117,12.284,480880,0
2000-11-16,12.39,12.39,11.895,11.948,151177,0
2000-11-17,12.284,12.747,11.895,12.747,210835,0
2000-11-20,12.39,13.275,12.17,13.169,1039939,0
2000-11-21,13.054,13.471,12.831,13.332,1059599,0
2000-11-22,13.118,13.498,13.081,13.275,542565,0
2000-11-24,13.382,13.382,13.187,13.304,427773,0
2000-11-27,13.337,13.382,12.738,13.249,830911,0
2000-11-28,13.275,13.304,12.967,13.221,784136,0
2000-11-29,13.304,13.332,13.187,13.221,289021,0
2000-11-30,12.913,13.187,12.779,13.169,270266,0
2000-12-01,13.145,13.304,12.701,13.304,341900,0
2000-12-04,13.323,13.471,13.221,13.221,849440,0
2000-12-05,13.314,13.408,13.221,13.332,279756,0
2000-12-06,13.275,13.772,13.221,13.719,672276,0
2000-12-07,13.443,14.605,11.924,14.187,1097109,0
2000-12-08,14.462,14.877,14.107,14.826,681314,0
2000-12-11,14.877,15.098,14.708,15.046,1839890,0
2000-12-12,15.036,15.098,14.771,14.851,942091,0
2000-12-13,15.046,15.046,14.524,14.682,421671,0
2000-12-14,14.682,14.771,14.329,14.63,504604,0
2000-12-15,14.382,14.657,13.692,13.692,418505,0
2000-12-18,14.136,14.55,13.665,14.329,725833,0
2000-12-19,13.895,14.577,13.551,14.302,692386,0
2000-12-20,14.107,14.436,14.107,14.409,283372,0
2000-12-21,14.382,14.409,13.551,13.719,886276,0
2000-12-22,13.719,14.436,13.719,14.355,507993,0
2000-12-26,14.215,14.462,14.215,14.215,369246,0
2000-12-27,14.302,15.154,14.241,14.771,759955,0
2000-12-28,15.266,15.266,14.605,14.708,1829950,0
2000-12-29,14.995,15.213,14.605,14.995,764024,0
2001-01-02,14.657,14.877,14.382,14.605,604480,0
2001-01-03,14.187,14.657,14.172,14.329,322692,0
2001-01-04,14.577,14.648,13.611,13.719,672052,0
2001-01-05,14.302,14.329,13.275,13.692,616912,0
2001-01-08,12.922,13.719,12.56,13.692,310492,0
2001-01-09,13.709,13.719,13.249,13.249,388904,0
2001-01-10,13.118,13.719,13.109,13.498,300551,0
2001-01-11,13.719,13.967,12.941,13.221,218066,0
2001-01-12,12.941,12.95,12.17,12.728,511384,0
2001-01-16,12.728,12.779,12.443,12.479,895087,0
2001-01-17,12.859,13.169,12.495,12.728,820743,0
2001-01-18,12.823,13.221,12.779,13.145,1174848,0
2001-01-19,13.471,13.628,12.747,13.054,263489,0
2001-01-22,12.831,13.498,12.612,12.779,444495,0
2001-01-23,12.779,13.169,12.747,12.887,310264,0
2001-01-24,13.169,13.275,12.443,13.249,363596,0
2001-01-25,13.249,13.523,12.967,13.471,211287,0
2001-01-26,13.498,13.692,13.109,13.551,78640,0
2001-01-29,13.332,14.162,13.332,13.967,245411,0
2001-01-30,13.967,13.967,13.719,13.94,201569,0
2001-01-31,13.94,14.029,13.363,13.382,523812,0
2001-02-01,13.656,13.665,12.941,13.027,534886,0
2001-02-02,13.054,13.169,12.887,13.081,766508,0
2001-02-05,13.249,14.382,13.145,13.994,422800,0
2001-02-06,13.967,14.657,13.551,14.355,487429,0
2001-02-07,14.329,14.903,14.162,14.877,431614,0
2001-02-08,14.708,14.995,13.825,13.911,333993,0
2001-02-09,13.911,14.055,13.081,13.081,426188,0
2001-02-12,13.382,14.55,13.027,13.551,632281,0
2001-02-13,13.471,14.265,13.221,13.304,711370,0
2001-02-14,13.489,13.772,13.304,13.772,298063,0
2001-02-15,13.551,14.162,13.532,13.911,565843,0
2001-02-16,13.719,14.682,13.719,14.382,218743,0
2001-02-20,13.911,14.462,13.825,14.355,332181,0
2001-02-21,14.187,14.745,13.994,14.605,326760,0
2001-02-22,14.657,14.939,14.055,14.162,704141,0
2001-02-23,14.382,14.682,14.162,14.382,218292,0
2001-02-26,14.187,14.496,14.136,14.265,533075,0
2001-02-27,14.055,14.877,14.029,14.577,768318,0
2001-02-28,14.657,14.851,13.887,13.994,289699,0
2001-03-01,14.373,14.577,13.994,14.265,297160,0
2001-03-02,14.462,14.682,14.265,14.55,708657,0
2001-03-05,14.771,14.799,14.462,14.524,303486,0
2001-03-06,14.657,14.657,14.382,14.409,426412,0
2001-03-07,14.587,14.745,14.162,14.302,670468,0
2001-03-08,14.312,14.382,13.719,13.967,337607,0
2001-03-09,13.94,14.143,13.85,14.055,217390,0
2001-03-12,14.162,14.265,13.221,13.249,320885,0
2001-03-13,13.256,14.107,13.249,13.994,276368,0
2001-03-14,13.887,14.162,13.363,13.523,198859,0
2001-03-15,13.498,14.055,13.332,13.628,405852,0
2001-03-16,13.967,14.107,13.275,13.628,531497,0
2001-03-19,13.498,13.586,13.382,13.408,452854,0
2001-03-20,13.665,13.85,13.275,13.275,233208,0
2001-03-21,13.665,13.719,13.221,13.332,247441,0
2001-03-22,13.221,13.249,12.364,12.887,543248,0
2001-03-23,13.169,13.443,13.145,13.221,650810,0
2001-03-26,13.304,13.611,13.221,13.382,697130,0
2001-03-27,13.382,13.628,13.332,13.611,230945,0
2001-03-28,13.603,14.187,13.332,13.665,298516,0
2001-03-29,13.781,13.887,13.221,13.586,666399,0
2001-03-30,13.692,13.94,13.275,13.611,1059146,0
2001-04-02,13.611,13.719,12.941,13,411275,0
2001-04-03,13.221,13.382,13.109,13.187,451496,0
2001-04-04,13.081,13.719,13.054,13.523,540079,0
2001-04-05,13.586,14.029,13.443,13.498,468673,0
2001-04-06,13.471,13.692,13.275,13.551,267779,0
2001-04-09,13.275,13.859,13.275,13.808,331959,0
2001-04-10,13.408,13.85,13.363,13.763,249708,0
2001-04-11,13.931,13.931,13.674,13.825,306872,0
2001-04-12,13.523,14.162,13.523,13.781,148462,0
2001-04-16,13.611,13.763,13.304,13.579,284954,0
2001-04-17,13.665,13.727,13.382,13.489,454662,0
2001-04-18,13.479,13.611,13.24,13.498,516580,0
2001-04-19,13.489,13.489,13.153,13.275,454438,0
2001-04-20,13.249,13.337,13.231,13.275,635893,0
2001-04-23,13.221,13.332,13.204,13.266,165867,0
2001-04-24,13.275,13.332,13.099,13.178,196827,0
2001-04-25,13.212,13.453,13.118,13.453,663688,0
2001-04-26,13.285,13.701,13.285,13.586,174905,0
2001-04-27,13.382,13.656,13.382,13.498,295578,0
2001-04-30,13.586,13.586,13.4,13.523,333087,0
2001-05-01,13.506,13.603,13.314,13.453,175811,0
2001-05-02,13.337,13.532,13.323,13.523,403818,0
2001-05-03,13.408,13.569,13.408,13.551,611264,0
2001-05-04,13.391,13.94,13.304,13.789,356363,0
2001-05-07,13.911,13.911,13.754,13.815,331733,0
2001-05-08,13.541,13.727,13.541,13.674,404496,0
2001-05-09,13.674,13.719,13.586,13.618,423251,0
2001-05-10,13.586,13.921,13.586,13.745,475228,0
2001-05-11,13.719,13.781,13.498,13.498,147336,0
2001-05-14,13.541,13.745,13.408,13.408,193209,0
2001-05-15,13.489,13.825,13.433,13.674,393422,0
2001-05-16,13.737,13.825,13.656,13.754,195240,0
2001-05-17,13.745,14.402,13.692,14.363,976213,0
2001-05-18,14.444,15.08,14.444,14.921,1087619,0
2001-05-21,14.939,15.489,14.939,15.285,1723513,0
2001-05-22,15.462,15.929,15.329,15.558,1173037,0
2001-05-23,15.407,15.436,14.903,15.061,791142,0
2001-05-24,14.877,14.886,13.391,13.745,2309240,0
2001-05-25,13.674,14.605,13.665,14.294,1362632,0
2001-05-29,14.206,14.781,14.162,14.745,1134625,0
2001-05-30,14.745,15.356,14.206,15.162,400883,0
2001-05-31,15.204,15.311,14.559,15.098,413309,0
2001-06-01,15.098,15.489,14.708,15.09,853284,0
2001-06-04,15.321,15.329,14.939,15.029,340997,0
2001-06-05,15.029,15.029,14.912,15.029,344386,0
2001-06-06,15.003,15.061,14.886,15.061,308458,0
2001-06-07,14.957,15.381,14.869,15.061,453531,0
2001-06-08,15.09,15.09,14.985,14.995,161345,0
2001-06-11,14.948,15.046,14.844,14.957,294896,0
2001-06-12,14.985,14.985,14.444,14.577,238176,0
2001-06-13,14.727,15.054,14.496,14.948,415795,0
2001-06-14,14.957,14.985,14.674,14.79,671146,0
2001-06-15,14.967,14.967,14.781,14.781,462122,0
2001-06-18,14.826,15.029,14.265,14.402,293998,0
2001-06-19,14.605,14.708,14.337,14.531,231848,0
2001-06-20,14.541,14.708,14.382,14.708,225751,0
2001-06-21,14.682,15.054,14.47,14.587,465059,0
2001-06-22,14.587,14.648,14.541,14.541,439971,0
2001-06-25,14.531,14.752,14.172,14.249,212417,0
2001-06-26,14.206,14.373,14.206,14.312,152762,0
2001-06-27,14.346,14.781,14.329,14.506,262807,0
2001-06-28,14.605,14.752,14.55,14.691,192305,0
2001-06-29,14.648,15.356,14.605,14.605,671599,0
2001-07-02,15.046,15.398,14.382,14.921,338738,0
2001-07-03,14.605,14.735,14.496,14.587,376926,0
2001-07-05,14.559,14.957,14.559,14.745,166093,0
2001-07-06,14.762,14.912,14.674,14.7,287890,0
2001-07-09,14.752,15.329,14.708,15.187,1533466,0
2001-07-10,15.266,16.319,15.266,15.929,1145695,0
2001-07-11,16.039,16.188,15.912,16.073,562002,0
2001-07-12,16.152,16.268,15.611,15.871,383477,0
2001-07-13,16.039,16.039,15.489,15.611,501213,0
2001-07-16,15.532,16.48,15.489,16.039,638379,0
2001-07-17,15.976,16.18,15.827,15.966,503699,0
2001-07-18,15.852,16.392,15.852,16.029,478842,0
2001-07-19,16.02,16.365,15.752,15.827,442236,0
2001-07-20,15.827,16.134,15.489,15.594,497597,0
2001-07-23,15.667,16.082,15.489,15.594,476357,0
2001-07-24,15.47,15.489,14.541,14.622,1686678,0
2001-07-25,14.587,14.844,13.911,14.691,1446917,0
2001-07-26,14.55,15.489,14.55,14.921,369019,0
2001-07-27,15.257,15.47,14.921,15.029,176939,0
2001-07-30,14.985,15.667,14.985,15.222,837012,0
2001-07-31,15.266,15.489,15.046,15.356,705721,0
2001-08-01,15.266,15.381,14.718,14.903,836110,0
2001-08-02,15.098,15.098,14.886,15.003,603127,0
2001-08-03,15.036,15.178,15.003,15.154,794300,0
2001-08-06,15.178,15.178,14.373,14.382,362691,0
2001-08-07,14.206,14.541,14.071,14.32,659621,0
2001-08-08,14.126,14.162,13.895,14.029,1267269,0
2001-08-09,14.116,14.7,13.94,14.206,765151,0
2001-08-10,14.302,14.559,13.719,13.745,427545,0
2001-08-13,13.949,14.559,13.859,14.444,378509,0
2001-08-14,14.32,14.559,13.754,14.136,530815,0
2001-08-15,14.162,14.682,13.887,14.48,566972,0
2001-08-16,14.265,14.894,14.223,14.851,296025,0
2001-08-17,14.826,15.046,14.223,14.844,240889,0
2001-08-20,14.844,15.603,14.844,15.398,619621,0
2001-08-21,16.029,16.292,15.381,15.694,2042140,0
2001-08-22,15.771,16.063,14.605,14.877,16754260,0
2001-08-23,15.154,15.947,15.011,15.844,3060383,0
2001-08-24,15.712,15.985,15.576,15.835,655328,0
2001-08-27,15.752,16.763,15.712,16.232,1994008,0
2001-08-28,16.105,16.25,15.712,15.844,1649393,0
2001-08-29,15.266,15.427,14.869,15.061,10695861,0
2001-08-30,15.029,15.285,15.029,15.154,1421159,0
2001-08-31,15.061,15.304,14.622,15.17,592285,0
2001-09-04,15.178,15.649,15.029,15.462,430935,0
2001-09-05,15.611,15.929,15.126,15.694,1199249,0
2001-09-06,15.364,15.798,15.356,15.594,1082425,0
2001-09-07,15.508,15.594,15.17,15.436,737584,0
2001-09-10,15.489,15.549,14.903,15.222,936893,0
2001-09-17,15.046,15.329,14.514,14.985,973955,0
2001-09-18,14.869,15.08,14.869,15.046,629566,0
2001-09-19,15.046,15.532,14.939,15.489,1370090,0
2001-09-20,15.489,15.489,14.727,14.921,1211906,0
2001-09-21,15.09,15.144,14.691,14.771,1154055,0
2001-09-24,14.7,15.108,14.587,14.762,1067957,0
2001-09-25,14.771,15.427,14.648,15.046,738486,0
2001-09-26,14.826,15.88,14.781,15.808,1122644,0
2001-09-27,15.667,16.631,15.532,16.505,1037904,0
2001-09-28,16.48,16.817,16.039,16.309,1114286,0
2001-10-01,16.073,16.374,16.029,16.356,501439,0
2001-10-02,16.356,16.497,16.152,16.418,561777,0
2001-10-03,16.497,16.968,15.827,16.383,1069767,0
2001-10-04,16.392,16.437,15.827,16.328,738258,0
2001-10-05,16.418,16.418,15.694,15.976,1110216,0
2001-10-08,16.197,16.268,15.694,16.039,326532,0
2001-10-09,16.134,16.134,15.576,15.576,1197442,0
2001-10-10,15.631,16.392,15.558,16.328,713626,0
2001-10-11,16.437,16.613,16.268,16.437,624820,0
2001-10-12,16.577,16.577,16.105,16.292,496018,0
2001-10-15,16.292,16.594,16.105,16.338,350034,0
2001-10-16,16.383,16.817,16.268,16.666,459857,0
2001-10-17,16.374,16.613,16.029,16.309,1091688,0
2001-10-18,16.268,16.268,15.726,15.985,499407,0
2001-10-19,15.886,16.309,15.79,16.152,387322,0
2001-10-22,16.232,16.428,16.134,16.356,405626,0
2001-10-23,16.242,16.392,15.995,15.995,470029,0
2001-10-24,15.947,16.232,15.835,16.197,460764,0
2001-10-25,16.105,16.71,16.063,16.409,592058,0
2001-10-26,16.48,17.054,16.418,16.727,641091,0
2001-10-29,16.799,16.799,16.4,16.551,756113,0
2001-10-30,16.533,16.533,16.232,16.48,638832,0
2001-10-31,16.497,16.913,16.437,16.817,591830,0
2001-11-01,16.817,16.903,16.471,16.727,389127,0
2001-11-02,16.727,16.876,16.428,16.622,644932,0
2001-11-05,16.817,17.019,16.409,16.656,360431,0
2001-11-06,16.656,16.799,16.533,16.773,295801,0
2001-11-07,16.773,16.807,16.418,16.452,719054,0
2001-11-08,16.418,16.594,16.048,16.152,999038,0
2001-11-09,16.105,16.105,15.446,15.995,479522,0
2001-11-12,15.976,16.17,15.603,15.835,290829,0
2001-11-13,15.871,15.995,15.611,15.657,392971,0
2001-11-14,15.712,16.115,15.603,16.029,215805,0
2001-11-15,15.929,16.232,15.446,15.742,435456,0
2001-11-16,15.798,15.947,15.549,15.694,700521,0
2001-11-19,15.798,15.827,15.25,15.304,968304,0
2001-11-20,15.25,16.214,15.098,15.985,1131910,0
2001-11-21,15.886,16.374,15.886,16.284,461668,0
2001-11-23,16.523,16.735,16.497,16.594,225524,0
2001-11-26,16.639,17.322,16.639,17.196,1065248,0
2001-11-27,17.257,17.257,16.941,17.127,784587,0
2001-11-28,16.993,17.479,16.913,17.257,1330772,0
2001-11-29,17.222,17.479,17.08,17.479,1207160,0
2001-11-30,17.349,17.479,16.921,16.959,968757,0
2001-12-03,16.903,17.366,16.903,17.366,483137,0
2001-12-04,17.303,17.584,17.303,17.542,563354,0
2001-12-05,17.594,18.072,17.552,17.781,793622,0
2001-12-06,17.781,17.827,17.172,17.275,655553,0
2001-12-07,17.108,17.257,17.108,17.231,394102,0
2001-12-10,17.231,17.358,16.993,17.303,722668,0
2001-12-11,17.303,17.349,17.127,17.293,288344,0
2001-12-12,17.303,17.416,17.241,17.285,599740,0
2001-12-13,17.383,17.719,17.172,17.47,540532,0
2001-12-14,17.526,17.7,17.366,17.656,620304,0
2001-12-17,17.7,17.7,17.526,17.7,1083552,0
2001-12-18,17.675,17.7,17.46,17.613,743686,0
2001-12-19,17.622,17.808,17.569,17.675,1001973,0
2001-12-20,17.7,17.762,17.498,17.656,544150,0
2001-12-21,17.808,17.876,17.594,17.622,623015,0
2001-12-24,17.594,17.967,17.534,17.885,208799,0
2001-12-26,17.719,18.603,17.719,18.329,930339,0
2001-12-27,18.443,18.453,17.827,17.922,440425,0
2001-12-28,17.905,18.25,17.885,18.046,271620,0
2001-12-31,18.143,18.171,17.859,18.108,877463,0
