Date,Open,High,Low,Close,Volume,OpenInt
1995-01-03,5.8409,5.9014,5.8409,5.9014,549117,0
1995-01-04,5.9014,5.924,5.8714,5.9014,464640,0
1995-01-05,5.8714,5.8714,5.8106,5.8409,560996,0
1995-01-06,5.8714,5.9014,5.7882,5.7882,788303,0
1995-01-09,5.7882,5.8409,5.7651,5.8106,365375,0
1995-01-10,5.8409,5.9014,5.8106,5.8714,548326,0
1995-01-11,5.8714,5.9014,5.8106,5.8409,347952,0
1995-01-12,5.8106,5.8714,5.7651,5.8714,433224,0
1995-01-13,5.924,5.924,5.8714,5.924,425829,0
1995-01-16,5.924,6.0682,5.924,6.0076,1206739,0
1995-01-17,6.0076,6.0682,6.0076,6.0682,811800,0
1995-01-18,6.0379,6.0682,6.0076,6.0379,750550,0
1995-01-19,5.9772,6.0076,5.924,5.9772,761377,0
1995-01-20,5.9772,5.9772,5.924,5.9772,609574,0
1995-01-23,5.9547,6.0379,5.9547,6.0379,1109062,0
1995-01-24,5.9772,6.091,5.9772,6.0682,1022732,0
1995-01-25,6.091,6.174,6.0379,6.1213,470447,0
1995-01-26,6.174,6.2046,6.1514,6.2046,1612504,0
1995-01-27,6.2046,6.3409,6.2046,6.2801,1449091,0
1995-01-30,6.2801,6.3637,6.2801,6.3637,1121731,0
1995-01-31,6.3409,6.4243,6.3409,6.3637,2528586,0
1995-02-01,6.4014,6.4243,6.3637,6.3637,1300461,0
1995-02-02,6.3637,6.3637,6.2801,6.3409,787509,0
1995-02-03,6.4014,6.4547,6.4014,6.4547,1633627,0
1995-02-06,6.4547,6.4773,6.4014,6.4243,584233,0
1995-02-07,6.4243,6.4243,6.3637,6.4243,408406,0
1995-02-08,6.4243,6.5077,6.4014,6.4243,2206770,0
1995-02-09,6.4014,6.4243,6.2801,6.3179,563378,0
1995-02-10,6.3409,6.4014,6.2801,6.3409,631487,0
1995-02-13,6.3409,6.3637,6.2801,6.3179,310202,0
1995-02-14,6.3637,6.4243,6.3409,6.4243,866448,0
1995-02-15,6.4243,6.5077,6.4243,6.5077,652078,0
1995-02-16,6.5077,6.5077,6.4243,6.4243,973365,0
1995-02-17,6.4243,6.4547,6.4014,6.4547,694055,0
1995-02-21,6.4547,6.4547,6.4014,6.4547,941686,0
1995-02-22,6.4243,6.5606,6.4243,6.5606,623569,0
1995-02-23,6.5912,6.6135,6.5303,6.5303,446423,0
1995-02-24,6.5303,6.5606,6.4773,6.5303,324720,0
1995-02-27,6.5077,6.5303,6.4243,6.4773,521399,0
1995-02-28,6.4547,6.4547,6.4014,6.4547,3129711,0
1995-03-01,6.432,6.4621,6.3179,6.3486,3511985,0
1995-03-02,6.3179,6.3486,6.174,6.174,3537064,0
1995-03-03,6.174,6.2653,6.1213,6.2653,930336,0
1995-03-06,6.2349,6.2653,6.174,6.2349,415796,0
1995-03-07,6.174,6.2349,6.091,6.1514,603237,0
1995-03-08,6.2122,6.2122,6.1514,6.2122,1177705,0
1995-03-09,6.174,6.2122,6.091,6.1514,1567630,0
1995-03-10,6.174,6.2349,6.1213,6.174,575258,0
1995-03-13,6.2122,6.2349,6.1514,6.174,361677,0
1995-03-14,6.2122,6.3179,6.174,6.2877,919775,0
1995-03-15,6.2653,6.2877,6.174,6.2349,467012,0
1995-03-16,6.2122,6.2653,6.174,6.174,722303,0
1995-03-17,6.2122,6.2349,6.1514,6.174,1198292,0
1995-03-20,6.1514,6.174,6.091,6.1213,431109,0
1995-03-21,6.0682,6.1514,6.0076,6.1514,1930626,0
1995-03-22,6.1213,6.2349,6.091,6.174,1368310,0
1995-03-23,6.174,6.174,6.091,6.1514,589250,0
1995-03-24,6.174,6.2349,6.1514,6.174,529053,0
1995-03-27,6.2349,6.2877,6.2122,6.2877,613267,0
1995-03-28,6.2653,6.2877,6.2349,6.2653,786454,0
1995-03-29,6.2349,6.2653,6.2122,6.2349,1612771,0
1995-03-30,6.2653,6.2877,6.2349,6.2653,966498,0
1995-03-31,6.2653,6.2653,6.1514,6.174,1365671,0
1995-04-03,6.2122,6.2122,6.1514,6.1514,455929,0
1995-04-04,6.174,6.3179,6.174,6.2877,894955,0
1995-04-05,6.2877,6.409,6.2877,6.3714,531167,0
1995-04-06,6.3714,6.409,6.3486,6.3486,557566,0
1995-04-07,6.3179,6.3486,6.2653,6.3486,906306,0
1995-04-10,6.3179,6.3486,6.2653,6.3179,368015,0
1995-04-11,6.3179,6.3486,6.2349,6.2653,720455,0
1995-04-12,6.2653,6.2877,6.2122,6.2349,224664,0
1995-04-13,6.2877,6.3486,6.2349,6.2653,790678,0
1995-04-17,6.2653,6.2877,6.0682,6.0682,1241327,0
1995-04-18,6.091,6.1514,6.0682,6.091,512687,0
1995-04-19,6.0682,6.2122,6.0379,6.0682,573935,0
1995-04-20,6.174,6.2122,6.1213,6.174,337917,0
1995-04-21,6.2122,6.2122,6.091,6.174,1438532,0
1995-04-24,6.174,6.2349,6.1213,6.2122,598753,0
1995-04-25,6.2122,6.2122,6.1514,6.2122,903671,0
1995-04-26,6.2122,6.2653,6.174,6.2349,492361,0
1995-04-27,6.2122,6.2349,6.174,6.2349,1054148,0
1995-04-28,6.2349,6.2653,6.2122,6.2122,913969,0
1995-05-01,6.2122,6.2122,6.1213,6.174,735504,0
1995-05-02,6.1514,6.174,6.091,6.1213,1286468,0
1995-05-03,6.1514,6.2122,6.091,6.2122,585023,0
1995-05-04,6.2349,6.2653,6.174,6.174,1038046,0
1995-05-05,6.2349,6.3179,6.2122,6.3179,1364345,0
1995-05-08,6.2877,6.3486,6.2349,6.2877,793054,0
1995-05-09,6.3179,6.3486,6.2653,6.3179,797544,0
1995-05-10,6.3486,6.3486,6.2877,6.3179,861694,0
1995-05-11,6.3179,6.3486,6.2653,6.2653,498428,0
1995-05-12,6.2653,6.3486,6.2349,6.3486,578951,0
1995-05-15,6.3486,6.409,6.3179,6.409,399695,0
1995-05-16,6.409,6.432,6.409,6.432,352702,0
1995-05-17,6.409,6.4621,6.3714,6.409,1785427,0
1995-05-18,6.409,6.409,6.3179,6.3179,714123,0
1995-05-19,6.2653,6.3179,6.2653,6.2877,693527,0
1995-05-22,6.3179,6.3714,6.2877,6.3714,386758,0
1995-05-23,6.3486,6.409,6.3179,6.409,640462,0
1995-05-24,6.432,6.4621,6.409,6.432,469655,0
1995-05-25,6.4848,6.5756,6.4621,6.5455,1151039,0
1995-05-26,6.5756,6.6288,6.5225,6.5455,752925,0
1995-05-30,6.5455,6.6591,6.5455,6.6288,971782,0
1995-05-31,6.6288,6.7199,6.5756,6.7199,1765365,0
1995-06-01,6.6968,6.7502,6.6363,6.7502,1773549,0
1995-06-02,6.7805,6.8636,6.7502,6.8408,1786752,0
1995-06-05,6.8636,6.9546,6.8636,6.9015,935085,0
1995-06-06,6.8636,6.9015,6.8408,6.9015,562055,0
1995-06-07,6.8636,6.9015,6.7502,6.8107,761903,0
1995-06-08,6.7502,6.7805,6.6363,6.6665,434807,0
1995-06-09,6.6363,6.6665,6.4925,6.5225,724153,0
1995-06-12,6.5834,6.6665,6.5529,6.5834,872254,0
1995-06-13,6.6363,6.6363,6.5834,6.6059,1154204,0
1995-06-14,6.432,6.432,6.2122,6.2349,3489807,0
1995-06-15,6.2349,6.2653,6.2122,6.2349,2589041,0
1995-06-16,6.2653,6.2877,6.2349,6.2653,1728932,0
1995-06-19,6.2877,6.3486,6.2653,6.3258,1013758,0
1995-06-20,6.3258,6.3486,6.2877,6.2877,597430,0
1995-06-21,6.2877,6.3258,6.2877,6.2877,609574,0
1995-06-22,6.3486,6.432,6.3486,6.409,1358012,0
1995-06-23,6.3789,6.409,6.3789,6.409,738408,0
1995-06-26,6.409,6.409,6.3486,6.409,995540,0
1995-06-27,6.3789,6.432,6.3789,6.409,895224,0
1995-06-28,6.409,6.4925,6.409,6.4697,1678773,0
1995-06-29,6.4697,6.4697,6.409,6.409,1713887,0
1995-06-30,6.432,6.432,6.3486,6.3789,1529613,0
1995-07-03,6.3789,6.3789,6.3486,6.3789,465957,0
1995-07-05,6.3789,6.409,6.3789,6.409,972574,0
1995-07-06,6.409,6.432,6.3789,6.432,3373120,0
1995-07-07,6.432,6.4697,6.409,6.432,2217595,0
1995-07-10,6.432,6.432,6.409,6.432,826847,0
1995-07-11,6.409,6.409,6.3789,6.3789,1193541,0
1995-07-12,6.3789,6.4697,6.3789,6.4697,1378872,0
1995-07-13,6.432,6.4697,6.409,6.432,520606,0
1995-07-14,6.409,6.4697,6.409,6.432,602710,0
1995-07-17,6.432,6.4697,6.409,6.4697,815757,0
1995-07-18,6.432,6.432,6.3789,6.409,1018772,0
1995-07-19,6.3789,6.5529,6.2877,6.3486,1818166,0
1995-07-20,6.3258,6.3486,6.2877,6.3258,1485526,0
1995-07-21,6.3258,6.3486,6.2653,6.2877,2128098,0
1995-07-24,6.3258,6.3486,6.2653,6.2877,908420,0
1995-07-25,6.3258,6.3789,6.2653,6.3486,645216,0
1995-07-26,6.3258,6.3486,6.3258,6.3258,1101935,0
1995-07-27,6.3258,6.3486,6.2877,6.3486,1295180,0
1995-07-28,6.3258,6.3486,6.2877,6.3258,880702,0
1995-07-31,6.3486,6.409,6.3258,6.3789,1224690,0
1995-08-01,6.3789,6.409,6.3486,6.409,1681677,0
1995-08-02,6.432,6.432,6.409,6.432,1469685,0
1995-08-03,6.409,6.432,6.3789,6.432,1180075,0
1995-08-04,6.4697,6.4697,6.409,6.409,342403,0
1995-08-07,6.409,6.432,6.409,6.409,738143,0
1995-08-08,6.432,6.432,6.409,6.432,831604,0
1995-08-09,6.409,6.432,6.3789,6.3789,506879,0
1995-08-10,6.409,6.409,6.3789,6.409,903407,0
1995-08-11,6.409,6.432,6.2877,6.3258,1185884,0
1995-08-14,6.3258,6.3486,6.2877,6.3486,379368,0
1995-08-15,6.3258,6.3486,6.2653,6.3258,679005,0
1995-08-16,6.3258,6.3789,6.2877,6.3789,596376,0
1995-08-17,6.3789,6.432,6.3486,6.432,387553,0
1995-08-18,6.432,6.432,6.3789,6.409,705407,0
1995-08-21,6.409,6.432,6.3789,6.409,357718,0
1995-08-22,6.409,6.409,6.3789,6.3789,336337,0
1995-08-23,6.3789,6.409,6.3258,6.3486,341615,0
1995-08-24,6.2877,6.3486,6.2877,6.3258,2441202,0
1995-08-25,6.3486,6.432,6.3486,6.409,1789123,0
1995-08-28,6.432,6.432,6.3486,6.3789,799391,0
1995-08-29,6.3789,6.3789,6.3258,6.3258,484177,0
1995-08-30,6.3486,6.3486,6.2877,6.3258,375408,0
1995-08-31,6.3258,6.3486,6.2877,6.3258,974949,0
1995-09-01,6.3258,6.3789,6.2877,6.3789,726523,0
1995-09-05,6.3789,6.409,6.3486,6.409,2443047,0
1995-09-06,6.3865,6.4169,6.2958,6.2958,2334021,0
1995-09-07,6.3335,6.3563,6.2958,6.3335,1716260,0
1995-09-08,6.3563,6.3563,6.2958,6.2958,942214,0
1995-09-11,6.3335,6.3335,6.2728,6.2958,500277,0
1995-09-12,6.2958,6.3335,6.2728,6.3335,1001349,0
1995-09-13,6.3335,6.3335,6.2728,6.2728,1475753,0
1995-09-14,6.2728,6.3563,6.2728,6.2958,2035961,0
1995-09-15,6.3335,6.3335,6.2958,6.2958,1481565,0
1995-09-18,6.2958,6.3335,6.2958,6.3335,446949,0
1995-09-19,6.3335,6.3865,6.2958,6.3865,1838228,0
1995-09-20,6.3865,6.4773,6.3335,6.4773,2736357,0
1995-09-21,6.4469,6.4773,6.3865,6.4469,1050187,0
1995-09-22,6.4469,6.5303,6.4169,6.4773,577365,0
1995-09-25,6.5077,6.5303,6.4773,6.5303,443517,0
1995-09-26,6.5303,6.7124,6.4169,6.6515,3269633,0
1995-09-27,6.6214,6.7348,6.6214,6.7348,1103517,0
1995-09-28,6.7348,6.9169,6.7348,6.9169,1572115,0
1995-09-29,6.8866,6.9771,6.8866,6.9771,2581650,0
1995-10-02,6.9771,7,6.9771,7,847172,0
1995-10-03,6.9771,7,6.9393,6.9771,1185358,0
1995-10-04,6.9771,7,6.9169,6.9393,845591,0
1995-10-05,6.9169,6.9393,6.8561,6.8866,2160309,0
1995-10-06,6.8561,6.9169,6.7955,6.8866,1585846,0
1995-10-09,6.8866,6.9393,6.8561,6.9393,547799,0
1995-10-10,6.9169,7,6.9169,6.9393,1316039,0
1995-10-11,6.9771,7,6.9771,7,980231,0
1995-10-12,7,7.0227,6.9771,6.9771,599809,0
1995-10-13,7,7,6.8561,6.8561,812325,0
1995-10-16,6.8561,6.8561,6.7955,6.8334,492092,0
1995-10-17,6.8334,6.8561,6.7729,6.7729,536446,0
1995-10-18,6.7955,6.9169,6.7955,6.8334,656304,0
1995-10-19,6.8334,6.9771,6.7955,6.9771,569977,0
1995-10-20,6.9771,7.0377,6.9393,7,1027218,0
1995-10-23,6.9771,7,6.9169,7,1174005,0
1995-10-24,6.9771,7,6.9393,6.9771,968878,0
1995-10-25,6.9393,6.9771,6.8561,6.9393,963335,0
1995-10-26,6.9169,6.9393,6.8866,6.9393,661318,0
1995-10-27,6.9169,6.9393,6.7955,6.8334,1679037,0
1995-10-30,6.8334,6.9169,6.8334,6.8561,620662,0
1995-10-31,6.8866,6.9393,6.8866,6.8866,652608,0
1995-11-01,6.8866,6.9169,6.8334,6.8561,884136,0
1995-11-02,6.8866,6.9393,6.8334,6.8334,892317,0
1995-11-03,6.8334,6.8561,6.7729,6.7955,1118565,0
1995-11-06,6.8334,6.8561,6.7955,6.8334,2499016,0
1995-11-07,6.8561,6.8561,6.7955,6.8334,426884,0
1995-11-08,6.8334,6.8561,6.8334,6.8561,540142,0
1995-11-09,6.8561,6.9169,6.8334,6.8561,1488163,0
1995-11-10,6.8561,6.9169,6.7955,6.8561,659207,0
1995-11-13,6.8561,6.8561,6.7348,6.7729,1276436,0
1995-11-14,6.7729,6.7955,6.7348,6.7348,672408,0
1995-11-15,6.7348,6.7955,6.7348,6.7955,471240,0
1995-11-16,6.8334,6.9169,6.7955,6.8866,878587,0
1995-11-17,6.8866,6.9169,6.8561,6.9169,1177435,0
1995-11-20,6.9169,6.9169,6.8866,6.9169,673465,0
1995-11-21,6.8866,6.9393,6.8866,6.9169,527470,0
1995-11-22,6.9393,6.9393,6.7955,6.8334,2029364,0
1995-11-24,6.8561,6.8866,6.8334,6.8866,209088,0
1995-11-27,6.8561,6.9393,6.8561,6.9169,2032536,0
1995-11-28,6.9169,6.9393,6.8866,6.9393,1609073,0
1995-11-29,6.9169,6.9393,6.8866,6.9393,1444869,0
1995-11-30,6.9771,7,6.9393,6.9393,838992,0
1995-12-01,6.9771,6.9771,6.9169,6.9393,419229,0
1995-12-04,6.9393,7,6.9169,7,3133143,0
1995-12-05,6.985,7.0377,6.9546,6.985,3433310,0
1995-12-06,7.0152,7.2803,7.0152,7.1667,3120471,0
1995-12-07,7.1287,7.1287,7.1061,7.1287,1616205,0
1995-12-08,7.1287,7.1287,7.1061,7.1287,570502,0
1995-12-11,7.1061,7.1061,7.0152,7.0377,1397611,0
1995-12-12,7.0377,7.0377,6.9546,6.985,482063,0
1995-12-13,6.985,7.0302,6.9242,6.985,1281717,0
1995-12-14,6.985,7.0756,6.985,7.0377,897334,0
1995-12-15,7.0377,7.1061,6.985,7.1061,1967058,0
1995-12-18,7.0377,7.1514,7.0377,7.1287,921359,0
1995-12-19,7.1061,7.2803,7.1061,7.2502,1109591,0
1995-12-20,7.2502,7.2502,7.1893,7.1893,623569,0
1995-12-21,7.2272,7.2502,7.1893,7.1893,603506,0
1995-12-22,7.1893,7.2502,7.1667,7.2502,1056792,0
1995-12-26,7.2502,7.2502,7.1667,7.2502,845324,0
1995-12-27,7.2502,7.2803,7.2272,7.2803,543045,0
1995-12-28,7.2803,7.2803,7.2502,7.2502,599809,0
1995-12-29,7.2502,7.3107,7.2502,7.3107,814436,0
1996-01-02,7.2803,7.3714,7.2502,7.3714,1082135,0
1996-01-03,7.4015,7.4319,7.3714,7.4319,505821,0
1996-01-04,7.4015,7.5226,7.3714,7.4319,2747443,0
1996-01-05,7.3714,7.4921,7.3409,7.4921,901027,0
1996-01-08,7.4622,7.4921,7.3714,7.4015,145727,0
1996-01-09,7.4015,7.4921,7.3714,7.4921,1031709,0
1996-01-10,7.4319,7.4622,7.3409,7.3409,1050452,0
1996-01-11,7.3409,7.3409,7.2502,7.3107,692208,0
1996-01-12,7.3107,7.3409,7.2502,7.2803,962543,0
1996-01-15,7.2803,7.4319,7.2803,7.4015,592415,0
1996-01-16,7.4015,7.4319,7.3714,7.4015,933504,0
1996-01-17,7.4015,7.4319,7.3409,7.4015,736028,0
1996-01-18,7.4015,7.4015,7.2803,7.2803,541729,0
1996-01-19,7.2803,7.3714,7.2803,7.3409,817342,0
1996-01-22,7.3107,7.3107,7.2502,7.2803,452496,0
1996-01-23,7.2803,7.3409,7.2803,7.2803,459359,0
1996-01-24,7.3107,7.3714,7.2803,7.3714,1091637,0
1996-01-25,7.3409,7.3409,7.2803,7.2803,778273,0
1996-01-26,7.2803,7.3409,7.2803,7.2803,463846,0
1996-01-29,7.2803,7.3714,7.2803,7.3409,1632838,0
1996-01-30,7.3409,7.3409,7.2803,7.3107,301222,0
1996-01-31,7.3107,7.4622,7.2803,7.4622,4736682,0
1996-02-01,7.5226,7.5456,7.3107,7.5456,953565,0
1996-02-02,7.5226,7.5456,7.4015,7.4015,422926,0
1996-02-05,7.4015,7.4319,7.3714,7.3714,1260071,0
1996-02-06,7.4015,7.5226,7.3714,7.4921,1940658,0
1996-02-07,7.4622,7.4921,7.3714,7.4319,1694614,0
1996-02-08,7.4319,7.4921,7.4319,7.4921,496323,0
1996-02-09,7.4921,7.4921,7.4015,7.4015,1078174,0
1996-02-12,7.4622,7.5226,7.4015,7.5226,1577661,0
1996-02-13,7.5226,7.6668,7.5226,7.644,1346396,0
1996-02-14,7.644,7.6668,7.4622,7.4921,737086,0
1996-02-15,7.4622,7.5226,7.4319,7.4622,291721,0
1996-02-16,7.4319,7.4319,7.4015,7.4015,814436,0
1996-02-20,7.3409,7.4015,7.3107,7.3714,644949,0
1996-02-21,7.3714,7.4319,7.3409,7.3409,893903,0
1996-02-22,7.4015,7.4319,7.3714,7.4319,3358072,0
1996-02-23,7.4015,7.4015,7.0377,7.1893,2145523,0
1996-02-26,7.0152,7.0152,6.6591,6.9242,5361564,0
1996-02-27,6.9242,6.9546,6.8334,6.9242,8475702,0
1996-02-28,6.9242,6.9546,6.8033,6.8033,1887333,0
1996-02-29,6.7729,6.8334,6.7199,6.7199,1313396,0
1996-03-01,6.7425,6.7425,6.6591,6.7425,1330821,0
1996-03-04,6.7425,6.8636,6.6591,6.8636,3207331,0
1996-03-05,6.8334,6.8636,6.8033,6.8033,3527032,0
1996-03-06,6.7879,6.8107,6.6968,6.7502,5376083,0
1996-03-07,6.7272,6.7272,6.6363,6.6363,3502480,0
1996-03-08,6.5756,6.5756,6.4169,6.4773,2251125,0
1996-03-11,6.4169,6.5379,6.3865,6.515,2211255,0
1996-03-12,6.4547,6.4773,6.3258,6.4547,1995309,0
1996-03-13,6.4169,6.4547,6.3563,6.3865,1870170,0
1996-03-14,6.3563,6.3865,6.1438,6.2958,6406212,0
1996-03-15,6.3258,6.3563,6.2653,6.2958,2573469,0
1996-03-18,6.2958,6.5379,6.2958,6.4773,2452295,0
1996-03-19,6.4773,6.4773,6.3563,6.3865,938518,0
1996-03-20,6.3865,6.4773,6.3865,6.4547,694585,0
1996-03-21,6.4547,6.515,6.4169,6.4773,655775,0
1996-03-22,6.4547,6.515,6.4547,6.4547,1186677,0
1996-03-25,6.515,6.5379,6.4547,6.5379,984190,0
1996-03-26,6.5379,6.6591,6.5379,6.6363,1020621,0
1996-03-27,6.6591,6.7879,6.6363,6.7272,2319502,0
1996-03-28,6.6968,6.7502,6.6968,6.6968,1270364,0
1996-03-29,6.7272,6.7502,6.6591,6.6591,1474699,0
1996-04-01,6.7272,6.7502,6.6968,6.6968,1504005,0
1996-04-02,6.7272,6.7502,6.6968,6.7502,1262973,0
1996-04-03,6.7272,6.7879,6.5756,6.5986,5014666,0
1996-04-04,6.5756,6.6363,6.5756,6.5986,3311345,0
1996-04-08,6.515,6.5379,6.4547,6.4547,1252413,0
1996-04-09,6.4547,6.515,6.4547,6.515,1322638,0
1996-04-10,6.4773,6.5379,6.4169,6.4547,1840868,0
1996-04-11,6.4547,6.515,6.3865,6.4169,3693881,0
1996-04-12,6.4547,6.4773,6.4169,6.4169,761642,0
1996-04-15,6.4547,6.4547,6.3563,6.3865,542254,0
1996-04-16,6.3865,6.4169,6.3563,6.4169,2014050,0
1996-04-17,6.3563,6.3865,6.3258,6.3563,1879148,0
1996-04-18,6.3563,6.3865,6.2653,6.3258,646006,0
1996-04-19,6.2958,6.3258,6.2653,6.2653,864596,0
1996-04-22,6.2653,6.2958,6.2349,6.2349,752132,0
1996-04-23,6.2046,6.2958,6.174,6.2653,1399458,0
1996-04-24,6.3258,6.4169,6.2958,6.3865,1123846,0
1996-04-25,6.3258,6.3865,6.2958,6.3563,578951,0
1996-04-26,6.4169,6.4169,6.3563,6.3563,560472,0
1996-04-29,6.3563,6.3865,6.3258,6.3258,644949,0
1996-04-30,6.3563,6.3865,6.3258,6.3563,908156,0
1996-05-01,6.3258,6.3865,6.3258,6.3563,967029,0
1996-05-02,6.3258,6.3563,6.2958,6.2958,793319,0
1996-05-03,6.2958,6.2958,6.174,6.174,656038,0
1996-05-06,6.2046,6.2349,6.1438,6.2046,770879,0
1996-05-07,6.2046,6.2046,6.1438,6.2046,717551,0
1996-05-08,6.174,6.3865,6.1134,6.3865,747384,0
1996-05-09,6.2958,6.3865,6.2958,6.3563,877007,0
1996-05-10,6.4169,6.4547,6.3563,6.4169,585815,0
1996-05-13,6.4547,6.5756,6.4169,6.5379,620135,0
1996-05-14,6.5756,6.5986,6.5379,6.5756,2049427,0
1996-05-15,6.5756,6.5986,6.515,6.5379,787247,0
1996-05-16,6.5379,6.5379,6.4773,6.4773,550702,0
1996-05-17,6.515,6.5379,6.4773,6.5379,666603,0
1996-05-20,6.5379,6.5756,6.515,6.5379,401012,0
1996-05-21,6.5379,6.5379,6.515,6.515,326828,0
1996-05-22,6.5379,6.6363,6.515,6.6363,583440,0
1996-05-23,6.6363,6.6968,6.5756,6.5756,799391,0
1996-05-24,6.5986,6.6591,6.5756,6.6591,402331,0
1996-05-28,6.6591,6.6591,6.5756,6.5756,465432,0
1996-05-29,6.5986,6.6363,6.5379,6.5379,401281,0
1996-05-30,6.5379,6.5756,6.4773,6.5379,511897,0
1996-05-31,6.5379,6.5379,6.4169,6.4547,394677,0
1996-06-03,6.3865,6.4169,6.3258,6.3865,611158,0
1996-06-04,6.4169,6.4773,6.4169,6.4547,4460004,0
1996-06-05,6.4848,6.5225,6.4243,6.5225,1800211,0
1996-06-06,6.5225,6.5529,6.4621,6.4621,1529876,0
1996-06-07,6.3335,6.4621,6.3335,6.4621,732335,0
1996-06-10,6.4243,6.4621,6.3637,6.3637,477839,0
1996-06-11,6.4014,6.4621,6.3637,6.3637,463585,0
1996-06-12,6.4014,6.4014,6.3032,6.3032,475990,0
1996-06-13,6.3032,6.3637,6.2728,6.3335,564695,0
1996-06-14,6.3335,6.4014,6.3335,6.3335,380160,0
1996-06-17,6.3335,6.3637,6.3335,6.3637,407613,0
1996-06-18,6.3335,6.3637,6.3032,6.3032,436657,0
1996-06-19,6.3032,6.3637,6.3032,6.3032,620395,0
1996-06-20,6.3335,6.3637,6.3032,6.3032,1216246,0
1996-06-21,6.3335,6.4243,6.3335,6.4014,2125723,0
1996-06-24,6.4014,6.4243,6.4014,6.4243,614592,0
1996-06-25,6.4243,6.5225,6.4014,6.4848,1743450,0
1996-06-26,6.4848,6.5529,6.4621,6.4848,887041,0
1996-06-27,6.5225,6.6135,6.4848,6.5834,1082135,0
1996-06-28,6.6135,6.8334,6.6135,6.8334,1184567,0
1996-07-01,6.8334,6.8636,6.7729,6.8334,2060513,0
1996-07-02,6.7955,6.9242,6.7955,6.8636,1247926,0
1996-07-03,6.8636,6.894,6.8334,6.8334,632545,0
1996-07-05,6.7124,6.7348,6.6742,6.7124,330263,0
1996-07-08,6.644,6.6742,6.6135,6.6742,489455,0
1996-07-09,6.644,6.7124,6.6135,6.6742,617758,0
1996-07-10,6.7124,6.7348,6.6135,6.7124,547799,0
1996-07-11,6.7124,6.7124,6.5834,6.644,509519,0
1996-07-12,6.5529,6.7124,6.5529,6.7124,771407,0
1996-07-15,6.644,6.6742,6.5225,6.5225,566280,0
1996-07-16,6.4621,6.644,6.3637,6.5529,1243172,0
1996-07-17,6.6135,6.6135,6.5225,6.5529,878587,0
1996-07-18,6.5834,6.6135,6.5225,6.5834,722303,0
1996-07-19,6.5834,6.6135,6.4848,6.5834,1167931,0
1996-07-22,6.5529,6.6135,6.4848,6.4848,1239743,0
1996-07-23,6.5225,6.5529,6.4848,6.4848,569708,0
1996-07-24,6.4621,6.5529,6.4621,6.4848,710423,0
1996-07-25,6.5529,6.5529,6.4243,6.4621,630697,0
1996-07-26,6.4848,6.4848,6.4243,6.4243,334753,0
1996-07-29,6.4243,6.4621,6.4014,6.4243,504502,0
1996-07-30,6.4014,6.4621,6.4014,6.4621,888624,0
1996-07-31,6.4243,6.4848,6.4243,6.4621,670825,0
1996-08-01,6.4621,6.644,6.4621,6.5529,764278,0
1996-08-02,6.6742,6.7729,6.6742,6.7729,1718630,0
1996-08-05,6.7348,6.8334,6.7348,6.7729,550702,0
1996-08-06,6.7348,6.7729,6.7124,6.7124,711215,0
1996-08-07,6.7348,6.7955,6.7124,6.7348,1229708,0
1996-08-08,6.7124,6.7729,6.7124,6.7124,404182,0
1996-08-09,6.7348,6.7729,6.6742,6.7124,906306,0
1996-08-12,6.6742,6.7955,6.6742,6.7955,459883,0
1996-08-13,6.7348,6.7879,6.7348,6.7348,1040950,0
1996-08-14,6.7729,6.7955,6.7348,6.7348,781440,0
1996-08-15,6.7729,6.7729,6.7124,6.7348,714123,0
1996-08-16,6.7348,6.7955,6.7124,6.7955,667128,0
1996-08-19,6.7729,6.7955,6.7729,6.7955,462001,0
1996-08-20,6.7729,6.7955,6.7124,6.7348,685343,0
1996-08-21,6.7124,6.7729,6.7124,6.7348,3499048,0
1996-08-22,6.7348,6.7955,6.7348,6.7729,711743,0
1996-08-23,6.7729,6.7729,6.7124,6.7124,896543,0
1996-08-26,6.6742,6.7729,6.644,6.7729,850605,0
1996-08-27,6.7729,6.8334,6.7729,6.7955,681382,0
1996-08-28,6.7955,6.8636,6.7955,6.8636,1228651,0
1996-08-29,6.8636,6.8636,6.7955,6.7955,1190900,0
1996-08-30,6.8636,6.8636,6.7348,6.7348,902087,0
1996-09-03,6.7124,6.7955,6.644,6.7729,1268254,0
1996-09-04,6.7348,6.8334,6.7348,6.8334,1171894,0
1996-09-05,6.7199,6.8107,6.6819,6.7199,2584287,0
1996-09-06,6.7425,6.7805,6.7199,6.7199,1788331,0
1996-09-09,6.7805,6.7805,6.7199,6.7425,979964,0
1996-09-10,6.7425,6.7805,6.7199,6.7425,714907,0
1996-09-11,6.7425,6.7805,6.7199,6.7805,470447,0
1996-09-12,6.7805,6.8408,6.7805,6.8408,429262,0
1996-09-13,6.9089,6.9695,6.8408,6.9695,613801,0
1996-09-16,6.9089,7,6.9089,6.9316,894429,0
1996-09-17,6.9316,6.9695,6.9316,6.9695,1048080,0
1996-09-18,6.9316,6.9695,6.8408,6.8408,1858822,0
1996-09-19,6.8408,6.9089,6.8408,6.9089,909477,0
1996-09-20,6.9316,6.9316,6.8712,6.8712,989206,0
1996-09-23,6.8408,6.9089,6.8408,6.8712,324720,0
1996-09-24,6.8408,6.8712,6.7805,6.8408,1241327,0
1996-09-25,6.8107,6.8712,6.7805,6.7805,724942,0
1996-09-26,6.7805,6.8107,6.7425,6.7805,891260,0
1996-09-27,6.8107,6.8408,6.7805,6.8408,660791,0
1996-09-30,6.8408,6.8712,6.7805,6.7805,1155264,0
1996-10-01,6.8107,6.8408,6.7805,6.8107,3134992,0
1996-10-02,6.8107,6.8107,6.7425,6.7805,2422985,0
1996-10-03,6.7805,6.7805,6.6819,6.6819,1946733,0
1996-10-04,6.7199,6.8107,6.7199,6.7805,3036521,0
1996-10-07,6.7805,6.8107,6.7425,6.7805,711478,0
1996-10-08,6.7425,6.8107,6.7425,6.8107,788303,0
1996-10-09,6.8107,6.8107,6.7425,6.8107,501598,0
1996-10-10,6.7805,6.8107,6.7805,6.7805,758737,0
1996-10-11,6.8107,6.8107,6.7805,6.8107,1171364,0
1996-10-14,6.8107,6.8712,6.8107,6.8107,455662,0
1996-10-15,6.8408,6.9089,6.7805,6.8712,1089259,0
1996-10-16,6.8712,6.8712,6.8107,6.8712,397586,0
1996-10-17,6.8712,6.9089,6.8408,6.8712,803352,0
1996-10-18,6.9089,6.9316,6.8712,6.9089,1223111,0
1996-10-21,6.9089,6.9089,6.8408,6.8712,671086,0
1996-10-22,6.8408,6.8712,6.8107,6.8408,578951,0
1996-10-23,6.7805,6.8712,6.7425,6.8107,593208,0
1996-10-24,6.7805,6.8107,6.7425,6.7805,569448,0
1996-10-25,6.7425,6.8107,6.7425,6.7805,703821,0
1996-10-28,6.7805,6.8107,6.7425,6.7425,950928,0
1996-10-29,6.7425,6.8712,6.7425,6.7805,1474173,0
1996-10-30,6.9089,6.9089,6.7805,6.8107,651814,0
1996-10-31,6.8408,6.8408,6.7805,6.8107,1509812,0
1996-11-01,6.8408,6.8712,6.8107,6.8408,914493,0
1996-11-04,6.8408,6.8712,6.8107,6.8408,804669,0
1996-11-05,6.8712,6.9695,6.8712,6.9695,1405535,0
1996-11-06,6.9316,7.0987,6.9316,7.0987,1454373,0
1996-11-07,7.0605,7.0987,7.0302,7.0302,1253466,0
1996-11-08,7.0605,7.0987,7.0302,7.0987,959637,0
1996-11-11,7.0987,7.1591,7.0987,7.0987,1023788,0
1996-11-12,7.0987,7.1213,7.0302,7.0605,689039,0
1996-11-13,7.0302,7.0987,7.0302,7.0302,1253466,0
1996-11-14,7.0302,7.0605,7.0302,7.0302,754509,0
1996-11-15,7.0987,7.1591,7.0605,7.1591,1250561,0
1996-11-18,7.1591,7.1893,7.1213,7.1213,861432,0
1996-11-19,7.1213,7.1591,7.0987,7.0987,740782,0
1996-11-20,7.1213,7.1591,7.0987,7.1591,473086,0
1996-11-21,7.2272,7.3484,7.2272,7.2879,1755599,0
1996-11-22,7.2879,7.3484,7.2879,7.318,827635,0
1996-11-25,7.2879,7.318,7.2502,7.318,513216,0
1996-11-26,7.318,7.318,7.2272,7.2272,1508492,0
1996-11-27,7.2502,7.2502,7.1893,7.2272,406295,0
1996-11-29,7.2502,7.2502,7.2272,7.2502,270338,0
1996-12-02,7.2272,7.2502,7.1591,7.1893,533805,0
1996-12-03,7.1893,7.2879,7.1893,7.2272,1512450,0
1996-12-04,7.1893,7.2879,7.1893,7.2879,814436,0
1996-12-05,7.2502,7.3484,7.2502,7.3484,3053683,0
1996-12-06,7.1667,7.2652,7.1667,7.2272,3358864,0
1996-12-09,7.2272,7.356,7.2272,7.356,1994254,0
1996-12-10,7.3257,7.356,7.1969,7.2272,3426713,0
1996-12-11,7.1667,7.1969,7.1061,7.1667,1734477,0
1996-12-12,7.1667,7.1969,7.1061,7.1061,808101,0
1996-12-13,7.0377,7.1287,6.9695,7.1061,890471,0
1996-12-16,7.0682,7.1667,7,7.0377,888624,0
1996-12-17,7.0377,7.0682,7.0377,7.0682,739458,0
1996-12-18,7.0377,7.0682,7.0377,7.0377,644949,0
1996-12-19,7.1061,7.1061,7,7.0377,2505883,0
1996-12-20,7.1061,7.1061,7.0682,7.1061,2983457,0
1996-12-23,7.1061,7.1667,7.0682,7.1061,1435895,0
1996-12-24,7.1287,7.1667,7.1061,7.1667,639141,0
1996-12-26,7.1667,7.1969,7.1287,7.1287,1142854,0
1996-12-27,7.1667,7.1969,7.1287,7.1667,1018511,0
1996-12-30,7.1667,7.1667,7.1287,7.1667,2483968,0
1996-12-31,7.1667,7.1667,7.0377,7.0377,726793,0
1997-01-02,7.0682,7.1287,7.0682,7.1287,1993457,0
1997-01-03,7.1287,7.1667,7.1061,7.1287,1334779,0
1997-01-06,7.1667,7.1969,7.1061,7.1287,1408173,0
1997-01-07,7.1287,7.2957,7.1287,7.2957,1341380,0
1997-01-08,7.356,7.356,7.2957,7.3257,982609,0
1997-01-09,7.3257,7.4547,7.3257,7.4244,1445662,0
1997-01-10,7.356,7.4547,7.356,7.4244,1734741,0
1997-01-13,7.4547,7.5226,7.4244,7.4848,1179815,0
1997-01-14,7.5226,7.553,7.4848,7.5226,964126,0
1997-01-15,7.4848,7.5226,7.4244,7.4547,1016134,0
1997-01-16,7.4547,7.4547,7.356,7.3942,662377,0
1997-01-17,7.3942,7.4244,7.356,7.356,1031975,0
1997-01-20,7.356,7.356,7.2272,7.2652,495786,0
1997-01-21,7.2652,7.356,7.2652,7.3257,751079,0
1997-01-22,7.3257,7.3257,7.2272,7.3257,846913,0
1997-01-23,7.3942,7.4244,7.2272,7.2652,741044,0
1997-01-24,7.2272,7.2652,7.1061,7.1061,1130974,0
1997-01-27,7.1061,7.1969,7.0377,7.0682,1015872,0
1997-01-28,7.1287,7.2272,7.0682,7.0682,1453580,0
1997-01-29,7.1061,7.1287,6.9089,6.9089,4332230,0
1997-01-30,6.9393,7.0682,6.9089,7.0682,3956292,0
1997-01-31,7.0682,7.0682,7,7.0682,2050483,0
1997-02-03,7,7.0377,7,7.0377,1926142,0
1997-02-04,7,7.1287,7,7.1287,1132297,0
1997-02-05,7.1287,7.1969,7.0682,7.1061,2559742,0
1997-02-06,7.1287,7.1287,7.1061,7.1287,990264,0
1997-02-07,7.1667,7.2272,7.1061,7.1969,742893,0
1997-02-10,7.1969,7.2272,7.1287,7.1969,552550,0
1997-02-11,7.2272,7.2272,7.1287,7.1287,839784,0
1997-02-12,7.1667,7.2272,7.1287,7.1287,1332141,0
1997-02-13,7.1667,7.1667,7.1061,7.1061,729164,0
1997-02-14,7.1667,7.1969,7.0682,7.1287,605350,0
1997-02-18,7.1667,7.1969,7.1287,7.1667,581856,0
1997-02-19,7.1969,7.2272,7.1667,7.1969,590299,0
1997-02-20,7.1667,7.2272,7.1287,7.1667,623569,0
1997-02-21,7.1667,7.2272,7.1287,7.1969,556513,0
1997-02-24,7.1287,7.2957,7.1287,7.2272,644949,0
1997-02-25,7.2272,7.2957,7.2272,7.2652,678477,0
1997-02-26,7.2652,7.2652,7.1969,7.2272,1298877,0
1997-02-27,7.2272,7.3257,7.2272,7.2652,2528850,0
1997-02-28,7.2652,7.3257,7.2652,7.2957,871992,0
1997-03-03,7.2652,7.3257,7.2652,7.2957,562320,0
1997-03-04,7.2652,7.3257,7.2272,7.2957,1231294,0
1997-03-05,7.2957,7.3257,7.2957,7.3257,3617851,0
1997-03-06,7.3714,7.3714,7.1742,7.1742,1912414,0
1997-03-07,7.1742,7.2048,7.1436,7.1742,1077381,0
1997-03-10,7.1742,7.2048,7.0756,7.1061,1690122,0
1997-03-11,7.0377,7.0835,7.0076,7.0756,1138100,0
1997-03-12,7.0377,7.0756,6.9771,6.9771,966498,0
1997-03-13,6.9393,6.9771,6.8712,6.9393,1525127,0
1997-03-14,6.9393,7.0076,6.9393,6.9771,1171627,0
1997-03-17,6.9393,7.1436,6.9089,7.0756,992639,0
1997-03-18,7.0377,7.0756,6.9089,6.9771,745007,0
1997-03-19,6.9393,7.0756,6.9089,7.0377,1001614,0
1997-03-20,7.0377,7.1061,6.9771,7.0076,653399,0
1997-03-21,7.0377,7.0756,7.0076,7.0076,1629668,0
1997-03-24,7.0756,7.2048,7.0377,7.1742,1325014,0
1997-03-25,7.2348,7.2879,7.2048,7.2048,1408700,0
1997-03-26,7.2048,7.2348,7.1436,7.1436,1409230,0
1997-03-27,7.1742,7.1742,6.9771,7.0076,1370686,0
1997-03-31,6.9771,7.0076,6.8712,6.9089,1612504,0
1997-04-01,6.9089,6.9771,6.9089,6.9393,1342964,0
1997-04-02,6.8712,6.9089,6.8484,6.9089,985775,0
1997-04-03,6.8712,6.8712,6.7425,6.8107,912119,0
1997-04-04,6.7805,6.8107,6.7124,6.7805,1029334,0
1997-04-07,6.7805,6.8107,6.4469,6.4469,12484266,0
1997-04-08,6.4469,6.4773,6.4169,6.4469,3937815,0
1997-04-09,6.4469,6.4469,6.2801,6.2801,1665309,0
1997-04-10,6.3179,6.4773,6.2196,6.4169,2281478,0
1997-04-11,6.3179,6.4169,6.25,6.3486,1493182,0
1997-04-14,6.3865,6.3865,6.25,6.3486,1207269,0
1997-04-15,6.3865,6.4169,6.2801,6.3486,1026960,0
1997-04-16,6.3486,6.3865,6.25,6.3486,1089259,0
1997-04-17,6.3486,6.3865,6.25,6.3179,687453,0
1997-04-18,6.3179,6.3486,6.2801,6.2801,558624,0
1997-04-21,6.3179,6.3179,6.2196,6.25,544103,0
1997-04-22,6.2196,6.3179,6.1514,6.2801,805460,0
1997-04-23,6.3179,6.3865,6.25,6.2801,798863,0
1997-04-24,6.25,6.2801,6.1213,6.1213,756621,0
1997-04-25,6.1213,6.1514,6.0227,6.091,735765,0
1997-04-28,6.053,6.2801,6.053,6.2801,897334,0
1997-04-29,6.4169,6.4169,6.3486,6.4169,1356162,0
1997-04-30,6.3486,6.3865,6.2801,6.3486,1046758,0
1997-05-01,6.3179,6.3486,6.2196,6.3179,868822,0
1997-05-02,6.3179,6.515,6.3179,6.515,1457536,0
1997-05-05,6.5455,6.8107,6.5455,6.7805,2115164,0
1997-05-06,6.7124,6.7425,6.6742,6.7124,1129125,0
1997-05-07,6.7124,6.7124,6.5834,6.6135,854829,0
1997-05-08,6.5834,6.6515,6.515,6.515,735504,0
1997-05-09,6.5455,6.6135,6.4773,6.515,601657,0
1997-05-12,6.5834,6.6135,6.515,6.515,814965,0
1997-05-13,6.5455,6.5834,6.4469,6.515,934557,0
1997-05-14,6.5455,6.6515,6.5455,6.6515,824473,0
1997-05-15,6.6515,6.6515,6.5834,6.6135,1159220,0
1997-05-16,6.6135,6.6515,6.5455,6.5834,1588220,0
1997-05-19,6.5834,6.6515,6.5455,6.5834,942214,0
1997-05-20,6.4773,6.5834,6.4169,6.515,842686,0
1997-05-21,6.515,6.5834,6.4469,6.4773,613009,0
1997-05-22,6.4773,6.515,6.3865,6.3865,949869,0
1997-05-23,6.3486,6.4469,6.3486,6.4169,860374,0
1997-05-27,6.4469,6.515,6.3865,6.515,1005839,0
1997-05-28,6.515,6.5834,6.4469,6.4773,1081342,0
1997-05-29,6.515,6.5455,6.515,6.5455,987093,0
1997-05-30,6.515,6.5834,6.4773,6.515,717814,0
1997-06-02,6.5455,6.5455,6.4469,6.4773,812059,0
1997-06-03,6.4773,6.515,6.4469,6.4773,646534,0
1997-06-04,6.4469,6.4773,6.4469,6.4773,5913586,0
1997-06-05,6.4243,6.5303,6.3938,6.4621,1285677,0
1997-06-06,6.3938,6.5303,6.3938,6.5303,2647121,0
1997-06-09,6.5303,6.5606,6.4621,6.4925,1006101,0
1997-06-10,6.5303,6.5606,6.4925,6.4925,1047019,0
1997-06-11,6.4925,6.5606,6.4925,6.5303,1021942,0
1997-06-12,6.5606,6.6968,6.5303,6.6968,915549,0
1997-06-13,6.6288,6.6968,6.6288,6.6288,889941,0
1997-06-16,6.6591,6.6968,6.5986,6.6288,1479980,0
1997-06-17,6.6288,6.6968,6.5986,6.6591,1659236,0
1997-06-18,6.6591,6.7272,6.6288,6.6968,1162390,0
1997-06-19,6.7272,6.9015,6.7272,6.8636,1329239,0
1997-06-20,6.8636,6.8636,6.7272,6.7654,3154265,0
1997-06-23,6.6968,6.6968,6.5606,6.5606,776160,0
1997-06-24,6.5756,6.7654,6.5606,6.7425,853506,0
1997-06-25,6.7654,6.7654,6.5606,6.6288,963067,0
1997-06-26,6.6591,6.7124,6.6288,6.6288,976270,0
1997-06-27,6.6591,6.7654,6.6591,6.7425,734974,0
1997-06-30,6.7272,6.8334,6.6968,6.7272,1062069,0
1997-07-01,6.7654,6.8484,6.7654,6.7654,948024,0
1997-07-02,6.7955,6.8636,6.7425,6.8636,1812881,0
1997-07-03,6.9771,6.9771,6.8636,6.9471,1083981,0
1997-07-07,6.9242,6.9771,6.8636,6.8789,1230769,0
1997-07-08,6.8636,6.962,6.8636,6.9471,2486613,0
1997-07-09,6.962,6.962,6.8789,6.9242,2571617,0
1997-07-10,6.8789,6.962,6.8484,6.9089,2712331,0
1997-07-11,6.9015,6.9242,6.8789,6.9015,688510,0
1997-07-14,6.9089,6.9089,6.8334,6.8636,1376493,0
1997-07-15,6.7955,6.8789,6.7272,6.8636,977060,0
1997-07-16,6.8334,6.8636,6.7805,6.8107,703032,0
1997-07-17,6.7425,6.8107,6.6591,6.7272,876216,0
1997-07-18,6.6288,6.7124,6.5379,6.6742,1103782,0
1997-07-21,6.6591,6.7272,6.5986,6.644,1034351,0
1997-07-22,6.6591,6.7272,6.5606,6.7272,747117,0
1997-07-23,6.7124,6.7124,6.6288,6.644,1056264,0
1997-07-24,6.6591,6.6591,6.5303,6.6288,858790,0
1997-07-25,6.6591,6.6742,6.5756,6.5986,822620,0
1997-07-28,6.5986,6.5986,6.4773,6.5379,1017455,0
1997-07-29,6.5303,6.644,6.5077,6.6059,2934620,0
1997-07-30,6.6059,6.6968,6.5986,6.6059,689039,0
1997-07-31,6.6288,6.6591,6.5986,6.6591,794900,0
1997-08-01,6.6288,6.644,6.4925,6.5379,870141,0
1997-08-04,6.5379,6.5756,6.4925,6.5077,751079,0
1997-08-05,6.6059,6.6059,6.5606,6.5756,762430,0
1997-08-06,6.5986,6.6742,6.5756,6.5756,1146285,0
1997-08-07,6.6591,6.6968,6.6288,6.6288,1750581,0
1997-08-08,6.5379,6.5986,6.4925,6.4925,1557858,0
1997-08-11,6.5303,6.6742,6.5303,6.644,756098,0
1997-08-12,6.6742,6.7272,6.644,6.644,943271,0
1997-08-13,6.7124,6.7272,6.5606,6.5986,1060484,0
1997-08-14,6.644,6.6742,6.5379,6.5986,1008742,0
1997-08-15,6.5303,6.5986,6.5303,6.5303,734974,0
1997-08-18,6.5379,6.6288,6.4925,6.6288,1115137,0
1997-08-19,6.6059,6.6591,6.5986,6.6591,1429552,0
1997-08-20,6.6591,6.7425,6.6591,6.7425,1274322,0
1997-08-21,6.7272,6.7654,6.6363,6.6591,1351678,0
1997-08-22,6.5986,6.6742,6.5986,6.6742,876216,0
1997-08-25,6.7124,6.7425,6.6591,6.7425,1129914,0
1997-08-26,6.7272,6.8107,6.6968,6.7425,1419790,0
1997-08-27,6.7425,6.8484,6.7425,6.7805,869614,0
1997-08-28,6.7654,6.7955,6.6968,6.7425,662640,0
1997-08-29,6.7272,6.7654,6.6742,6.6742,718607,0
1997-09-02,6.7272,6.8636,6.6968,6.8107,1264295,0
1997-09-03,6.8334,6.9015,6.8107,6.8334,1242647,0
1997-09-04,6.8334,6.8636,6.7955,6.8636,8108214,0
1997-09-05,6.8712,6.894,6.7879,6.7879,709365,0
1997-09-08,6.8033,6.9089,6.8033,6.8408,1345077,0
1997-09-09,6.8408,6.9242,6.8258,6.8561,2534659,0
1997-09-10,6.8712,6.9393,6.8712,6.9089,1197502,0
1997-09-11,6.8712,6.894,6.8033,6.8712,1386786,0
1997-09-12,6.8712,6.9242,6.8258,6.9242,826318,0
1997-09-15,6.9242,7.0152,6.9089,6.9393,828697,0
1997-09-16,6.9393,7.0835,6.9393,7.0302,1550469,0
1997-09-17,7.0835,7.1134,6.9242,6.962,1143114,0
1997-09-18,7.0302,7.0455,6.962,6.9771,587134,0
1997-09-19,6.9771,7.0302,6.962,7.0302,1294919,0
1997-09-22,7.0302,7.0835,6.9923,7.0455,835822,0
1997-09-23,6.9923,7.0605,6.962,7.0605,809686,0
1997-09-24,7.0835,7.1514,7.0605,7.1287,1210173,0
1997-09-25,7.0987,7.2048,7.0835,7.0987,1217830,0
1997-09-26,7.1134,7.1818,7.0835,7.0987,617758,0
1997-09-29,7.0835,7.1287,7.0605,7.1287,720190,0
1997-09-30,7.1287,7.1514,7.0835,7.0835,976270,0
1997-10-01,7.0987,7.2348,7.0835,7.2048,1729197,0
1997-10-02,7.1818,7.2197,7.1287,7.2048,1093225,0
1997-10-03,7.2879,7.356,7.2197,7.2728,1717052,0
1997-10-06,7.2728,7.318,7.2348,7.318,722567,0
1997-10-07,7.3031,7.356,7.3031,7.356,1347717,0
1997-10-08,7.2879,7.318,7.1287,7.1818,1081080,0
1997-10-09,7.0835,7.1514,6.8033,7.1134,834503,0
1997-10-10,7.0835,7.2728,7.0835,7.2197,1132029,0
1997-10-13,7.2197,7.2728,7.2048,7.2728,440087,0
1997-10-14,7.2728,7.3031,7.2728,7.2879,614592,0
1997-10-15,7.2502,7.2879,7.1818,7.2197,531695,0
1997-10-16,7.2048,7.2879,7.1818,7.2197,829485,0
1997-10-17,7.1514,7.2048,7.0605,7.2048,1115926,0
1997-10-20,7.1287,7.2728,7.1134,7.2197,945643,0
1997-10-21,7.2048,7.2728,7.1818,7.2728,767446,0
1997-10-22,7.2197,7.2348,7.1287,7.1818,708307,0
1997-10-23,7.0835,7.1667,7.0455,7.1134,821040,0
1997-10-24,7.1287,7.1667,7.0605,7.1667,882021,0
1997-10-27,7.1134,7.2348,7.0605,7.1287,1573701,0
1997-10-28,7.0455,7.1667,7.0152,7.1287,2279370,0
1997-10-29,7.1134,7.2048,7.0835,7.1514,2318179,0
1997-10-30,7.0987,7.1667,7.0455,7.0835,1233933,0
1997-10-31,7.1514,7.1667,7.0835,7.1287,1737378,0
1997-11-03,7.1514,7.2048,7.1287,7.1514,1147609,0
1997-11-04,7.1514,7.2502,7.1134,7.2502,2642109,0
1997-11-05,7.2502,7.2879,7.1667,7.2348,728376,0
1997-11-06,7.1818,7.2348,7.1514,7.2197,450912,0
1997-11-07,7.1514,7.2197,7.1287,7.2197,938784,0
1997-11-10,7.2348,7.318,6.962,7.2502,839515,0
1997-11-11,7.2728,7.3409,7.2502,7.318,373560,0
1997-11-12,7.3031,7.4088,7.2502,7.3031,426094,0
1997-11-13,7.318,7.4244,7.3031,7.3714,586604,0
1997-11-14,7.3714,7.5077,7.3714,7.4392,863541,0
1997-11-17,7.5077,7.5834,7.4772,7.5456,897334,0
1997-11-18,7.6134,7.6516,7.5077,7.5834,1353789,0
1997-11-19,7.5834,7.7653,7.5302,7.735,1478395,0
1997-11-20,7.72,7.8409,7.6969,7.788,1201461,0
1997-11-21,7.8031,7.856,7.72,7.856,975743,0
1997-11-24,7.788,7.9393,7.788,7.856,2342202,0
1997-11-25,7.856,8.0079,7.856,7.9849,774577,0
1997-11-26,7.9849,8.0079,7.9244,7.9393,715705,0
1997-11-28,8.0302,8.0302,7.9772,8.0302,369598,0
1997-12-01,8.0302,8.1971,7.9849,8.1437,1370686,0
1997-12-02,8.1437,8.1971,8.0302,8.0985,835560,0
1997-12-03,8.0604,8.1134,7.9849,8.0985,1526444,0
1997-12-04,8.1134,8.1288,8.0455,8.1134,906837,0
1997-12-05,8.0455,8.1668,8.0455,8.1134,3876041,0
1997-12-08,8.0682,8.2577,7.9695,7.9999,7141974,0
1997-12-09,7.9695,8.0682,7.8938,8.0531,747643,0
1997-12-10,8.038,8.1213,7.8938,7.9469,3355698,0
1997-12-11,7.9469,7.9849,7.8637,7.8714,511630,0
1997-12-12,7.9168,8.0531,7.8714,8.0531,1087147,0
1997-12-15,8.1213,8.2577,8.091,8.2577,689303,0
1997-12-16,8.2577,8.2801,8.1741,8.2801,838726,0
1997-12-17,8.2956,8.3105,8.2425,8.3105,1321052,0
1997-12-18,8.3105,8.3105,8.2425,8.3105,1200407,0
1997-12-19,8.2801,8.4012,8.2577,8.379,1472591,0
1997-12-22,8.4552,8.6297,8.4012,8.614,1039632,0
1997-12-23,8.5753,8.7201,8.4323,8.6297,1281981,0
1997-12-24,8.5981,8.6297,8.5461,8.5608,342144,0
1997-12-26,8.5981,8.6658,8.5753,8.614,384116,0
1997-12-29,8.6297,8.6658,8.5608,8.6443,1614622,0
1997-12-30,8.6443,8.7494,8.6443,8.7494,820243,0
1997-12-31,8.6967,8.9092,8.6824,8.9092,956997,0
1998-01-02,8.9092,8.9392,8.8702,8.9092,1333193,0
1998-01-05,8.9607,8.9607,8.614,8.7649,1744244,0
1998-01-06,8.6658,8.7346,8.614,8.6443,972309,0
1998-01-07,8.5753,8.614,8.5077,8.614,1012172,0
1998-01-08,8.5981,8.7346,8.4925,8.7346,952248,0
1998-01-09,8.7494,8.7649,8.6443,8.6824,932974,0
1998-01-12,8.5461,8.7878,8.5461,8.7878,1136781,0
1998-01-13,8.7878,8.7878,8.5608,8.7346,877269,0
1998-01-14,8.7494,8.7494,8.6443,8.7346,745534,0
1998-01-15,8.7346,8.7346,8.5981,8.6967,1502687,0
1998-01-16,8.7878,8.8194,8.7201,8.7494,1565253,0
1998-01-20,8.7649,8.8407,8.7494,8.8407,965974,0
1998-01-21,8.8034,9.0514,8.8034,9.0297,4076148,0
1998-01-22,9.0297,9.0683,9.0012,9.0297,982080,0
1998-01-23,9.0297,9.0514,8.8555,8.9092,756621,0
1998-01-26,8.9092,9.0012,8.8869,8.9392,841366,0
1998-01-27,8.8702,8.9853,8.7878,8.7878,1191958,0
1998-01-28,8.6824,8.7494,8.5981,8.6658,2134171,0
1998-01-29,8.6824,8.8555,8.614,8.6967,1758762,0
1998-01-30,8.7201,8.7201,8.614,8.6824,1288318,0
1998-02-02,8.7878,8.8194,8.6658,8.7649,1010064,0
1998-02-03,8.7878,8.8194,8.7201,8.7494,686663,0
1998-02-04,8.6443,8.7346,8.6297,8.6824,689303,0
1998-02-05,8.6824,8.7649,8.5981,8.7649,783024,0
1998-02-06,8.7494,8.9316,8.7346,8.8869,919244,0
1998-02-09,8.9092,8.9316,8.7201,8.8555,950659,0
1998-02-10,8.8555,8.9392,8.8034,8.9316,946964,0
1998-02-11,8.9092,8.9392,8.8555,8.8869,704877,0
1998-02-12,8.8407,8.9316,8.7494,8.8869,926376,0
1998-02-13,8.8194,8.9316,8.7649,8.8869,564961,0
1998-02-17,8.9392,8.9853,8.8407,8.9607,1237893,0
1998-02-18,8.9316,8.9853,8.8869,8.9316,791207,0
1998-02-19,8.9316,8.9316,8.7494,8.8194,1197502,0
1998-02-20,8.7878,8.8869,8.7201,8.8702,1275382,0
1998-02-23,8.8869,9.0297,8.8407,9.0297,1023526,0
1998-02-24,8.9607,8.9853,8.8555,8.9607,618024,0
1998-02-25,9.0012,9.0514,8.8869,9.0164,1064447,0
1998-02-26,9.0297,9.0844,8.9392,8.9853,1463873,0
1998-02-27,8.9316,9.0297,8.8702,9.0297,587134,0
1998-03-02,8.9853,9.0514,8.9853,9.0012,483382,0
1998-03-03,9.0164,9.1084,9.0164,9.0683,1078704,0
1998-03-04,9.0297,9.0844,9.0164,9.0514,576310,0
1998-03-05,9.0164,9.1208,9.0164,9.0844,983134,0
1998-03-06,9.0438,9.2576,9.0438,9.2576,22688110,0
1998-03-09,9.1832,9.2576,9.1418,9.2576,1578980,0
1998-03-10,9.2576,9.3479,9.2411,9.2955,3232410,0
1998-03-11,9.2198,9.2955,9.1418,9.2955,992373,0
1998-03-12,9.2198,9.3234,9.1668,9.3234,657095,0
1998-03-13,9.2955,9.2955,9.1832,9.2411,556513,0
1998-03-16,9.2955,9.3234,9.2576,9.3234,539086,0
1998-03-17,9.3234,9.679,9.3234,9.668,2247163,0
1998-03-18,9.72,9.759,9.613,9.759,1212023,0
1998-03-19,9.759,9.932,9.668,9.932,2909269,0
1998-03-20,9.932,10.363,9.916,10.325,3918806,0
1998-03-23,10.181,10.537,10.144,10.507,3537329,0
1998-03-24,10.515,10.613,10.507,10.561,3654808,0
1998-03-25,10.561,10.613,10.507,10.592,2067642,0
1998-03-26,10.613,10.787,10.613,10.734,2886044,0
1998-03-27,10.683,10.766,10.577,10.628,1798365,0
1998-03-30,10.613,10.696,10.577,10.613,1549675,0
1998-03-31,10.613,10.802,10.613,10.75,2285442,0
1998-04-01,10.75,10.787,10.561,10.613,2416914,0
1998-04-02,10.592,10.734,10.577,10.734,896543,0
1998-04-03,10.734,10.75,10.613,10.659,894955,0
1998-04-06,10.683,10.683,10.507,10.613,3698895,0
1998-04-07,10.613,10.635,10.507,10.507,2605147,0
1998-04-08,10.507,10.507,10.325,10.395,1564464,0
1998-04-09,10.395,10.486,10.312,10.486,2464170,0
1998-04-13,10.395,10.431,10.198,10.265,2978442,0
1998-04-14,10.256,10.325,10.181,10.312,2338769,0
1998-04-15,10.288,10.288,10.181,10.234,769824,0
1998-04-16,10.158,10.234,10.09,10.114,1731572,0
1998-04-17,10.114,10.131,10.024,10.131,1242909,0
1998-04-20,10.024,10.06,9.932,10.024,1245282,0
1998-04-21,9.969,10.04,9.826,9.932,3769122,0
1998-04-22,9.894,9.894,9.72,9.735,819190,0
1998-04-23,9.679,9.72,9.5,9.576,1976297,0
1998-04-24,9.547,9.735,9.522,9.697,1154204,0
1998-04-27,9.613,9.629,9.311,9.4467,2502184,0
1998-04-28,9.4169,9.613,9.3234,9.522,2350387,0
1998-04-29,9.547,9.547,9.3941,9.522,1747940,0
1998-04-30,9.576,9.759,9.547,9.562,2322668,0
1998-05-01,9.576,9.668,9.5,9.522,2756419,0
1998-05-04,9.547,9.679,9.547,9.629,853506,0
1998-05-05,9.562,9.576,9.3234,9.4467,932709,0
1998-05-06,9.522,9.547,9.4169,9.522,834237,0
1998-05-07,9.522,9.547,9.4704,9.4922,612481,0
1998-05-08,9.547,9.629,9.522,9.562,520341,0
1998-05-11,9.562,9.589,9.4922,9.522,573408,0
1998-05-12,9.5,9.562,9.4922,9.562,1097973,0
1998-05-13,9.562,9.668,9.3941,9.4467,1023000,0
1998-05-14,9.4169,9.5,9.4169,9.4467,735241,0
1998-05-15,9.589,9.613,9.4922,9.5,1377549,0
1998-05-18,9.4922,9.5,9.4169,9.4387,1603003,0
1998-05-19,9.4169,9.4387,9.3234,9.3234,1799157,0
1998-05-20,9.311,9.4169,9.311,9.3655,1462294,0
1998-05-21,9.3479,9.4387,9.2732,9.3234,1081870,0
1998-05-22,9.3234,9.3234,9.2411,9.311,906306,0
1998-05-26,9.3803,9.3941,9.1668,9.1668,728110,0
1998-05-27,9.0998,9.2732,9.0438,9.2198,1165029,0
1998-05-28,9.2732,9.3234,9.1832,9.2955,576310,0
1998-05-29,9.2955,9.4387,9.2732,9.4387,1774603,0
1998-06-01,9.4387,9.759,9.4387,9.759,3218418,0
1998-06-02,9.759,9.826,9.679,9.811,3673814,0
1998-06-03,9.811,9.969,9.795,9.862,2394472,0
1998-06-04,9.795,9.795,9.629,9.697,7602395,0
1998-06-05,9.712,9.803,9.554,9.803,26672127,0
1998-06-08,9.842,9.879,9.637,9.661,1076586,0
1998-06-09,9.679,9.735,9.621,9.637,728902,0
1998-06-10,9.661,9.842,9.661,9.779,1308380,0
1998-06-11,9.817,9.932,9.765,9.932,997122,0
1998-06-12,9.961,10.06,9.879,10.008,955943,0
1998-06-15,9.961,10.09,9.916,9.949,869878,0
1998-06-16,9.949,10.015,9.803,10.008,1117243,0
1998-06-17,10.008,10.015,9.765,9.894,1307328,0
1998-06-18,9.842,10.076,9.842,9.985,2358837,0
1998-06-19,9.879,9.985,9.879,9.916,790151,0
1998-06-22,9.916,10.083,9.894,9.894,656567,0
1998-06-23,9.894,9.949,9.879,9.932,728110,0
1998-06-24,9.916,9.932,9.779,9.842,719396,0
1998-06-25,9.916,9.932,9.765,9.779,1328445,0
1998-06-26,9.779,9.949,9.765,9.857,1073688,0
1998-06-29,9.879,10.015,9.857,9.932,1345606,0
1998-06-30,9.949,9.985,9.879,9.961,1164238,0
1998-07-01,9.985,10.015,9.916,9.949,588720,0
1998-07-02,9.961,9.961,9.879,9.894,796221,0
1998-07-06,9.894,9.985,9.894,9.985,532221,0
1998-07-07,10.008,10.008,9.842,9.894,676630,0
1998-07-08,9.932,9.961,9.779,9.803,396263,0
1998-07-09,9.803,9.803,9.735,9.751,822620,0
1998-07-10,9.688,9.765,9.621,9.765,872519,0
1998-07-13,9.735,9.765,9.621,9.621,658415,0
1998-07-14,9.637,9.688,9.637,9.679,723883,0
1998-07-15,9.688,9.712,9.637,9.661,429262,0
1998-07-16,9.661,9.765,9.606,9.712,527470,0
1998-07-17,9.688,9.735,9.606,9.688,406030,0
1998-07-20,9.621,9.712,9.582,9.637,541461,0
1998-07-21,9.621,9.637,9.554,9.569,616702,0
1998-07-22,9.582,9.751,9.582,9.712,2466811,0
1998-07-23,9.735,9.751,9.53,9.569,914759,0
1998-07-24,9.569,9.606,9.5,9.53,1111700,0
1998-07-27,9.53,9.661,9.53,9.661,1360656,0
1998-07-28,9.606,9.661,9.515,9.621,876476,0
1998-07-29,9.621,9.712,9.554,9.569,431904,0
1998-07-30,9.621,9.735,9.621,9.688,979703,0
1998-07-31,9.661,9.679,9.3567,9.4556,572355,0
1998-08-03,9.4387,9.661,9.3871,9.661,1367782,0
1998-08-04,9.735,9.803,9.53,9.554,1750843,0
1998-08-05,9.661,9.661,9.4387,9.582,1289900,0
1998-08-06,9.569,9.765,9.53,9.688,1860406,0
1998-08-07,9.661,9.817,9.569,9.803,914230,0
1998-08-10,9.765,9.894,9.661,9.879,689831,0
1998-08-11,9.842,9.894,9.688,9.751,1336363,0
1998-08-12,9.712,10.06,9.679,9.932,1590860,0
1998-08-13,9.894,9.949,9.735,9.779,993429,0
1998-08-14,9.751,9.842,9.606,9.661,1238950,0
1998-08-17,9.621,9.985,9.53,9.949,1024847,0
1998-08-18,9.985,10.06,9.879,9.985,1613829,0
1998-08-19,9.949,9.949,9.842,9.916,3501425,0
1998-08-20,9.894,9.985,9.842,9.949,549914,0
1998-08-21,9.949,10.166,9.894,10.114,2562907,0
1998-08-24,10.166,10.325,10.144,10.273,1244229,0
1998-08-25,10.325,10.325,10.114,10.144,800447,0
1998-08-26,10.131,10.522,10.131,10.404,2794433,0
1998-08-27,10.363,10.568,10.339,10.386,1023000,0
1998-08-28,10.386,10.568,10.386,10.522,2255877,0
1998-08-31,10.507,10.925,10.471,10.568,2612802,0
1998-09-01,10.577,10.635,10.404,10.568,3058962,0
1998-09-02,10.568,10.766,10.568,10.635,11417975,0
1998-09-03,10.635,10.652,10.416,10.522,6787422,0
1998-09-04,10.561,10.561,10.189,10.28,21145826,0
1998-09-08,10.28,10.386,10.136,10.386,2602505,0
1998-09-09,10.28,10.561,10.174,10.486,3364671,0
1998-09-10,10.486,10.689,10.386,10.577,3137105,0
1998-09-11,10.577,10.757,10.537,10.72,3839342,0
1998-09-14,10.742,10.849,10.72,10.834,2339035,0
1998-09-15,10.795,11.091,10.757,11.031,1812881,0
1998-09-16,11.106,11.205,11.031,11.205,3707873,0
1998-09-17,11.205,11.492,11.205,11.312,3152680,0
1998-09-18,11.312,11.455,11.312,11.312,2846439,0
1998-09-21,11.312,11.312,11.236,11.236,2139716,0
1998-09-22,11.289,11.386,11.272,11.272,1111966,0
1998-09-23,11.312,11.438,11.312,11.418,1721276,0
1998-09-24,11.418,11.529,11.091,11.214,2639466,0
1998-09-25,11.214,11.516,11.214,11.312,1322638,0
1998-09-28,11.339,11.516,11.334,11.516,2311315,0
1998-09-29,11.516,11.659,11.312,11.583,2976064,0
1998-09-30,11.516,11.644,11.402,11.545,3890031,0
1998-10-01,11.545,11.711,11.516,11.675,1665309,0
1998-10-02,11.644,12.062,11.644,11.899,2823208,0
1998-10-05,11.971,12.523,11.915,12.392,3238219,0
1998-10-06,12.484,12.499,12.228,12.228,2670617,0
1998-10-07,12.293,12.553,12.228,12.342,4034966,0
1998-10-08,12.448,12.448,12.16,12.264,1653427,0
1998-10-09,12.228,12.228,11.75,11.75,2731340,0
1998-10-12,11.697,11.697,11.205,11.418,2080051,0
1998-10-13,11.386,11.659,11.312,11.545,3123908,0
1998-10-14,11.545,11.899,11.545,11.711,2370185,0
1998-10-15,11.711,12.16,11.711,12.047,3334049,0
1998-10-16,12.16,12.16,11.644,11.675,3020942,0
1998-10-19,11.675,11.789,11.455,11.455,1794137,0
1998-10-20,11.438,11.455,11.205,11.272,2136020,0
1998-10-21,11.339,11.339,11.075,11.205,1278549,0
1998-10-22,11.182,11.289,11.157,11.205,1097709,0
1998-10-23,11.182,11.205,11.031,11.106,1148131,0
1998-10-26,11.075,11.157,10.901,10.925,1502947,0
1998-10-27,10.976,11.016,10.849,10.901,1266667,0
1998-10-28,11.053,11.091,10.871,11.053,1526706,0
1998-10-29,11.091,11.129,10.948,10.962,1706492,0
1998-10-30,11.031,11.205,11.016,11.157,1057585,0
1998-11-02,11.157,11.339,11.145,11.214,719665,0
1998-11-03,11.205,11.386,11.205,11.334,1152619,0
1998-11-04,11.386,11.529,11.157,11.257,574992,0
1998-11-05,11.236,11.312,11.145,11.289,802823,0
1998-11-06,11.214,11.272,11.145,11.236,752399,0
1998-11-09,11.236,11.257,11.129,11.205,1108005,0
1998-11-10,11.205,11.644,11.182,11.583,1923763,0
1998-11-11,11.644,11.644,11.334,11.438,874892,0
1998-11-12,11.438,11.583,11.418,11.529,671879,0
1998-11-13,11.583,11.599,11.492,11.529,369598,0
1998-11-16,11.583,11.659,11.418,11.569,583440,0
1998-11-17,11.569,11.727,11.472,11.492,523775,0
1998-11-18,11.386,11.418,11.257,11.339,3816110,0
1998-11-19,11.418,11.418,11.334,11.386,1379132,0
1998-11-20,11.334,11.438,11.334,11.339,828428,0
1998-11-23,11.402,11.583,11.257,11.492,1039893,0
1998-11-24,11.492,11.62,11.472,11.599,1020884,0
1998-11-25,11.599,11.727,11.599,11.675,877269,0
1998-11-27,11.675,11.711,11.644,11.644,298849,0
1998-11-30,11.644,11.644,11.455,11.455,1363822,0
1998-12-01,11.455,11.697,11.455,11.62,659207,0
1998-12-02,11.599,11.809,11.599,11.697,1750581,0
1998-12-03,11.644,11.75,11.545,11.545,1325804,0
1998-12-04,11.545,11.858,11.545,11.842,694055,0
1998-12-07,11.842,11.971,11.697,11.899,1176380,0
1998-12-08,11.893,12.022,11.893,11.947,10519056,0
1998-12-09,11.947,11.964,11.893,11.947,1441703,0
1998-12-10,11.923,11.947,11.766,11.766,1465992,0
1998-12-11,11.766,11.907,11.766,11.795,962279,0
1998-12-14,11.849,11.907,11.718,11.782,883871,0
1998-12-15,11.704,11.782,11.628,11.766,823417,0
1998-12-16,11.795,11.849,11.704,11.817,955412,0
1998-12-17,11.833,12.022,11.833,12.005,718343,0
1998-12-18,11.893,12.039,11.893,12.005,1517207,0
1998-12-21,12.005,12.039,11.817,11.907,1196972,0
1998-12-22,11.923,11.947,11.766,11.817,1181929,0
1998-12-23,11.817,11.923,11.817,11.907,727848,0
1998-12-24,11.893,11.907,11.849,11.893,503445,0
1998-12-28,11.907,11.985,11.849,11.907,1513772,0
1998-12-29,11.907,12.022,11.907,11.985,844008,0
1998-12-30,11.985,12.005,11.893,11.893,680591,0
1998-12-31,11.893,11.947,11.873,11.907,565487,0
1999-01-04,11.907,12.022,11.704,11.817,1767741,0
1999-01-05,11.817,11.907,11.766,11.766,6148016,0
1999-01-06,11.795,11.873,11.766,11.873,2267489,0
1999-01-07,11.833,11.893,11.817,11.873,2146580,0
1999-01-08,11.833,11.964,11.833,11.947,1802850,0
1999-01-11,11.893,11.923,11.817,11.849,2550233,0
1999-01-12,11.833,11.985,11.833,11.849,2138397,0
1999-01-13,11.833,11.964,11.795,11.833,3025167,0
1999-01-14,11.833,11.849,11.59,11.782,2354348,0
1999-01-15,11.782,11.795,11.668,11.782,1734477,0
1999-01-19,11.704,11.766,11.577,11.766,2159249,0
1999-01-20,11.718,11.766,11.651,11.704,1897894,0
1999-01-21,11.704,11.817,11.689,11.766,2328477,0
1999-01-22,11.782,11.947,11.741,11.833,1288318,0
1999-01-25,11.833,11.923,11.782,11.873,1006630,0
1999-01-26,11.849,11.907,11.782,11.833,1122525,0
1999-01-27,11.873,11.893,11.651,11.668,1125695,0
1999-01-28,11.689,11.907,11.689,11.849,1227335,0
1999-01-29,11.893,11.893,11.651,11.782,1635742,0
1999-02-01,11.817,11.833,11.447,11.5,1696722,0
1999-02-02,11.5,11.628,11.319,11.477,1843508,0
1999-02-03,11.447,11.577,11.447,11.5,730221,0
1999-02-04,11.5,11.5,11.319,11.402,1227335,0
1999-02-05,11.425,11.477,11.319,11.463,1224690,0
1999-02-08,11.477,11.561,11.402,11.447,1344285,0
1999-02-09,11.477,11.5,11.257,11.348,554660,0
1999-02-10,11.348,11.386,11.205,11.295,494471,0
1999-02-11,11.22,11.257,11.091,11.22,713324,0
1999-02-12,11.257,11.272,10.871,10.901,982340,0
1999-02-16,10.976,11.145,10.948,11.031,1032765,0
1999-02-17,11.053,11.386,11.053,11.243,1134138,0
1999-02-18,11.182,11.537,11.157,11.477,1713091,0
1999-02-19,11.425,11.5,11.319,11.371,1713887,0
1999-02-22,11.371,11.59,11.348,11.561,1122260,0
1999-02-23,11.537,11.561,11.371,11.402,1212813,0
1999-02-24,11.371,11.605,11.371,11.5,1967588,0
1999-02-25,11.463,11.477,11.243,11.386,984453,0
1999-02-26,11.386,11.425,11.257,11.319,1729723,0
1999-03-01,11.319,11.319,11.129,11.22,1693552,0
1999-03-02,11.205,11.425,11.205,11.295,1886806,0
1999-03-03,11.243,11.348,11.22,11.272,1070518,0
1999-03-04,11.257,11.5,11.243,11.5,1326068,0
1999-03-05,11.605,11.766,11.605,11.704,1151830,0
1999-03-08,11.675,11.697,11.545,11.659,590299,0
1999-03-09,11.583,11.62,11.43,11.43,827635,0
1999-03-10,11.43,11.659,11.43,11.508,659996,0
1999-03-11,11.484,11.599,11.484,11.508,1382566,0
1999-03-12,11.545,11.789,11.545,11.736,933764,0
1999-03-15,11.675,11.736,11.569,11.583,661055,0
1999-03-16,11.644,11.644,11.545,11.599,542519,0
1999-03-17,11.545,11.583,11.356,11.409,837142,0
1999-03-18,11.472,11.659,11.455,11.583,951457,0
1999-03-19,11.545,11.675,11.522,11.675,1156318,0
1999-03-22,11.599,11.62,11.508,11.569,501867,0
1999-03-23,11.484,11.569,11.455,11.545,1411339,0
1999-03-24,11.583,11.809,11.545,11.711,1912942,0
1999-03-25,11.711,11.886,11.711,11.849,2032003,0
1999-03-26,11.789,11.833,11.711,11.711,1931681,0
1999-03-29,11.736,11.849,11.736,11.774,2121234,0
1999-03-30,11.774,11.774,11.599,11.599,2325306,0
1999-03-31,11.736,11.736,11.484,11.522,1246604,0
1999-04-01,11.599,11.759,11.522,11.644,1488163,0
1999-04-05,11.736,11.809,11.697,11.809,1165819,0
1999-04-06,11.886,11.886,11.644,11.659,849021,0
1999-04-07,11.659,11.697,11.508,11.583,1152094,0
1999-04-08,11.659,11.789,11.599,11.697,867501,0
1999-04-09,11.659,11.711,11.569,11.675,452496,0
1999-04-12,11.644,11.774,11.569,11.736,633861,0
1999-04-13,11.697,11.697,11.522,11.569,1266138,0
1999-04-14,11.545,11.583,11.334,11.334,2222081,0
1999-04-15,11.356,11.508,11.327,11.334,1618844,0
1999-04-16,11.409,11.472,11.334,11.393,1585846,0
1999-04-19,11.38,11.62,11.356,11.484,2288879,0
1999-04-20,11.484,11.923,11.409,11.899,1887595,0
1999-04-21,11.809,11.809,11.522,11.697,1617524,0
1999-04-22,11.759,11.886,11.736,11.789,1573436,0
1999-04-23,11.849,12.022,11.833,11.833,935085,0
1999-04-26,11.774,12.078,11.759,11.964,1499780,0
1999-04-27,11.979,12.089,11.979,12.039,1246343,0
1999-04-28,12.022,12.078,11.998,12.078,1493709,0
1999-04-29,12.089,12.228,12.089,12.173,902348,0
1999-04-30,12.089,12.153,11.964,12.078,1487370,0
1999-05-03,11.998,12.319,11.998,12.302,1064708,0
1999-05-04,12.264,12.28,12.173,12.228,1064447,0
1999-05-05,12.228,12.319,12.153,12.319,838463,0
1999-05-06,12.245,12.356,12.173,12.28,2117541,0
1999-05-07,12.319,12.418,12.245,12.28,842421,0
1999-05-10,12.173,12.433,12.138,12.302,1210434,0
1999-05-11,12.245,12.28,12.153,12.245,1245022,0
1999-05-12,12.187,12.264,11.998,12.203,794110,0
1999-05-13,12.138,12.448,12.138,12.379,766919,0
1999-05-14,12.153,12.319,12.112,12.264,1496612,0
1999-05-17,12.28,12.342,12.173,12.302,857999,0
1999-05-18,12.264,12.319,12.153,12.264,1223903,0
1999-05-19,12.302,12.392,12.228,12.379,951186,0
1999-05-20,12.379,12.433,12.342,12.392,1023262,0
1999-05-21,12.392,12.606,12.392,12.508,966767,0
1999-05-24,12.531,12.759,12.47,12.484,1276963,0
1999-05-25,12.531,12.81,12.508,12.606,1590334,0
1999-05-26,12.636,12.735,12.531,12.674,1555482,0
1999-05-27,12.674,12.719,12.379,12.418,1331876,0
1999-05-28,12.379,12.719,12.379,12.66,596640,0
1999-06-01,12.66,12.66,12.392,12.47,866182,0
1999-06-02,12.545,12.582,12.392,12.433,1285939,0
1999-06-03,12.47,12.636,12.418,12.531,1733685,0
1999-06-04,12.57,12.636,12.508,12.636,955943,0
1999-06-07,12.553,12.726,12.553,12.652,3664312,0
1999-06-08,12.575,12.614,12.538,12.575,1005309,0
1999-06-09,12.553,12.59,12.538,12.575,363262,0
1999-06-10,12.538,12.636,12.293,12.409,1995573,0
1999-06-11,12.463,12.538,12.251,12.385,1277229,0
1999-06-14,12.463,12.614,12.409,12.484,663165,0
1999-06-15,12.484,12.726,12.426,12.652,554927,0
1999-06-16,12.614,13.03,12.575,12.865,1952806,0
1999-06-17,12.865,12.941,12.773,12.81,736824,0
1999-06-18,12.81,12.842,12.726,12.787,1072626,0
1999-06-21,12.773,12.787,12.575,12.636,744743,0
1999-06-22,12.614,12.865,12.614,12.842,1160542,0
1999-06-23,12.773,12.865,12.712,12.726,872782,0
1999-06-24,12.689,12.689,12.553,12.575,1153149,0
1999-06-25,12.652,12.726,12.553,12.636,1211232,0
1999-06-28,12.674,12.81,12.636,12.652,671879,0
1999-06-29,12.726,12.787,12.59,12.652,979439,0
1999-06-30,12.652,12.689,12.463,12.484,1666629,0
1999-07-01,12.463,12.553,12.409,12.426,1048866,0
1999-07-02,12.426,12.538,12.364,12.484,525358,0
1999-07-06,12.448,12.484,12.311,12.463,496583,0
1999-07-07,12.484,12.484,12.311,12.35,725207,0
1999-07-08,12.272,12.426,12.272,12.293,543045,0
1999-07-09,12.293,12.364,12.293,12.327,560204,0
1999-07-12,12.364,12.409,12.251,12.327,661055,0
1999-07-13,12.293,12.448,12.293,12.409,516907,0
1999-07-14,12.327,12.448,12.272,12.448,541461,0
1999-07-15,12.516,12.553,12.463,12.499,1187467,0
1999-07-16,12.516,12.516,12.228,12.327,2765658,0
1999-07-19,12.327,12.426,12.228,12.293,870406,0
1999-07-20,12.251,12.652,12.228,12.636,3472386,0
1999-07-21,12.652,12.787,12.538,12.59,1595877,0
1999-07-22,12.538,12.773,12.538,12.575,1471270,0
1999-07-23,12.538,12.636,12.538,12.575,667653,0
1999-07-26,12.575,12.773,12.575,12.751,1519316,0
1999-07-27,12.712,12.773,12.674,12.712,1310491,0
1999-07-28,12.689,12.726,12.553,12.553,489983,0
1999-07-29,12.484,12.59,12.228,12.293,1160806,0
1999-07-30,12.35,12.484,12.293,12.327,1177173,0
1999-08-02,12.35,12.426,12.293,12.35,1260862,0
1999-08-03,12.364,12.463,12.311,12.385,949077,0
1999-08-04,12.364,12.463,12.311,12.385,1566043,0
1999-08-05,12.364,12.463,12.327,12.426,926898,0
1999-08-06,12.409,12.553,12.364,12.499,1146020,0
1999-08-09,12.448,12.516,12.409,12.484,820514,0
1999-08-10,12.448,12.499,12.35,12.385,748701,0
1999-08-11,12.409,12.59,12.385,12.59,1231553,0
1999-08-12,12.553,12.614,12.484,12.499,1232877,0
1999-08-13,12.516,12.652,12.516,12.538,462795,0
1999-08-16,12.484,12.499,12.364,12.484,765862,0
1999-08-17,12.499,12.499,12.228,12.35,1422165,0
1999-08-18,12.272,12.35,12.251,12.327,1207798,0
1999-08-19,12.327,12.538,12.293,12.516,1359069,0
1999-08-20,12.516,12.689,12.463,12.674,2087710,0
1999-08-23,12.726,12.751,12.575,12.712,990790,0
1999-08-24,12.726,12.773,12.614,12.773,1043589,0
1999-08-25,12.787,12.842,12.773,12.842,1756125,0
1999-08-26,12.842,12.842,12.726,12.751,661848,0
1999-08-27,12.712,12.81,12.689,12.726,610631,0
1999-08-30,12.726,12.773,12.538,12.538,500807,0
1999-08-31,12.538,12.636,12.448,12.538,682969,0
1999-09-01,12.499,12.636,12.484,12.59,896016,0
1999-09-02,12.553,12.614,12.499,12.575,934291,0
1999-09-03,12.652,12.81,12.614,12.726,1160806,0
1999-09-07,12.704,12.759,12.622,12.66,3779416,0
1999-09-08,12.66,12.66,12.293,12.335,1654748,0
1999-09-09,12.311,12.392,12.181,12.311,2918513,0
1999-09-10,12.356,12.392,12.311,12.335,1265350,0
1999-09-13,12.335,12.356,12.181,12.293,1248451,0
1999-09-14,12.245,12.26,12.096,12.121,1015340,0
1999-09-15,12.138,12.219,12.121,12.16,1137043,0
1999-09-16,12.083,12.121,12.031,12.083,1324222,0
1999-09-17,12.069,12.16,12.047,12.138,832653,0
1999-09-20,12.083,12.219,12.083,12.083,1291748,0
1999-09-21,12.005,12.031,11.873,11.907,1066296,0
1999-09-22,11.907,11.964,11.774,11.849,662108,0
1999-09-23,11.789,11.789,11.583,11.636,1016134,0
1999-09-24,11.62,11.789,11.561,11.583,1280924,0
1999-09-27,11.636,11.774,11.62,11.675,1884163,0
1999-09-28,11.675,11.711,11.484,11.583,2180899,0
1999-09-29,11.62,11.711,11.537,11.697,1491069,0
1999-09-30,11.736,11.985,11.711,11.964,1288054,0
1999-10-01,11.964,12.219,11.774,12.121,939838,0
1999-10-04,12.121,12.392,12.096,12.293,1330029,0
1999-10-05,12.245,12.293,11.985,12.096,842686,0
1999-10-06,12.121,12.26,12.069,12.138,1040155,0
1999-10-07,12.096,12.121,11.923,11.947,649173,0
1999-10-08,11.907,12.083,11.907,12.005,862753,0
1999-10-11,11.923,11.947,11.697,11.809,954360,0
1999-10-12,11.774,11.907,11.675,11.789,1504797,0
1999-10-13,11.759,11.893,11.736,11.893,2008509,0
1999-10-14,11.789,12.005,11.774,11.964,1809191,0
1999-10-15,12.031,12.031,11.697,11.711,828957,0
1999-10-18,11.736,11.947,11.711,11.947,918715,0
1999-10-19,11.923,12.031,11.759,11.789,1000558,0
1999-10-20,11.774,11.893,11.711,11.774,931123,0
1999-10-21,11.736,11.759,11.583,11.659,1500836,0
1999-10-22,11.599,11.711,11.537,11.636,1218888,0
1999-10-25,11.599,11.789,11.583,11.736,951981,0
1999-10-26,11.736,11.923,11.736,11.736,529582,0
1999-10-27,11.759,12.069,11.759,12.047,1267200,0
1999-10-28,12.083,12.203,12.083,12.203,1473117,0
1999-10-29,12.203,12.311,12.16,12.26,688772,0
1999-11-01,12.203,12.245,12.047,12.16,716491,0
1999-11-02,12.138,12.335,12.138,12.245,545159,0
1999-11-03,12.203,12.219,12.096,12.203,773517,0
1999-11-04,12.181,12.272,11.964,12.083,875688,0
1999-11-05,12.005,12.181,12.005,12.083,758737,0
1999-11-08,12.031,12.121,11.947,11.985,595583,0
1999-11-09,11.964,11.964,11.809,11.907,1347452,0
1999-11-10,11.789,11.833,11.537,11.583,1690391,0
1999-11-11,11.561,11.759,11.522,11.711,1006101,0
1999-11-12,11.759,11.774,11.659,11.697,877007,0
1999-11-15,11.62,11.636,11.463,11.484,752399,0
1999-11-17,11.447,11.522,11.425,11.484,1362498,0
1999-11-18,11.447,11.447,11.312,11.371,550438,0
1999-11-19,11.289,11.312,11.174,11.197,669501,0
1999-11-22,11.114,11.174,11,11.091,1098240,0
1999-11-23,11.059,11.075,10.826,10.885,881757,0
1999-11-24,10.863,10.962,10.811,10.841,679005,0
1999-11-26,10.901,10.901,10.703,10.75,357718,0
1999-11-29,10.689,10.689,10.319,10.395,1133880,0
1999-11-30,10.478,10.863,10.454,10.841,1796781,0
1999-12-01,10.676,10.811,10.592,10.689,1287523,0
1999-12-02,10.652,10.826,10.635,10.676,785135,0
1999-12-03,10.766,11,10.75,10.75,2585084,0
1999-12-06,10.703,10.811,10.635,10.727,1902116,0
1999-12-07,10.703,10.826,10.689,10.787,2426418,0
1999-12-08,10.757,10.857,10.72,10.781,2240299,0
1999-12-09,10.742,10.857,10.742,10.781,3413775,0
1999-12-10,10.781,10.834,10.424,10.424,3375233,0
1999-12-13,10.446,10.446,10.068,10.189,1884957,0
1999-12-14,10.312,10.325,10.205,10.228,1501102,0
1999-12-15,10.174,10.486,10.174,10.325,1820806,0
1999-12-16,10.339,10.339,10.228,10.312,1376493,0
1999-12-17,10.312,10.339,10.205,10.265,2135491,0
1999-12-20,10.288,10.386,10.205,10.339,1275117,0
1999-12-21,10.325,10.537,10.312,10.424,1739755,0
1999-12-22,10.424,10.635,10.424,10.585,1619899,0
1999-12-23,10.598,10.757,10.598,10.742,1096123,0
1999-12-27,10.818,10.941,10.818,10.917,1287787,0
1999-12-28,10.941,11.053,10.917,11.031,3396087,0
1999-12-29,11.016,11.031,10.917,10.954,2648706,0
1999-12-30,10.954,11.016,10.954,10.976,948286,0
1999-12-31,11.016,11.031,10.941,10.954,584233,0
2000-01-03,11.016,11.016,10.72,10.72,7063568,0
2000-01-04,10.742,10.894,10.72,10.802,2748499,0
2000-01-05,10.802,11.091,10.802,11.075,1970490,0
2000-01-06,11.075,11.214,11.053,11.114,1331876,0
2000-01-07,11.114,11.137,11.031,11.031,1414772,0
2000-01-10,11.075,11.137,11,11.016,1779619,0
2000-01-11,11.016,11.197,11.016,11.151,2142091,0
2000-01-12,11.151,11.312,11.151,11.174,1455691,0
2000-01-13,11.151,11.272,11.091,11.114,5804024,0
2000-01-14,11.031,11.075,10.917,10.941,1681412,0
2000-01-18,10.857,10.878,10.742,10.757,1133084,0
2000-01-19,10.834,11.091,10.834,10.954,1499251,0
2000-01-20,10.941,11.031,10.857,10.976,1639965,0
2000-01-21,11.016,11.214,10.941,11.197,1118827,0
2000-01-24,11.214,11.334,11.053,11.091,1534630,0
2000-01-25,11.114,11.114,10.659,10.917,2467336,0
2000-01-26,10.742,10.857,10.683,10.857,2029892,0
2000-01-27,10.818,10.941,10.683,10.885,1326333,0
2000-01-28,10.742,10.818,10.507,10.537,1680358,0
2000-01-31,10.537,10.818,10.522,10.818,1094541,0
2000-02-01,10.834,10.878,10.659,10.834,966236,0
2000-02-02,10.802,10.834,10.635,10.683,822097,0
2000-02-03,10.659,10.941,10.659,10.834,1615676,0
2000-02-04,10.818,10.834,10.486,10.598,1459651,0
2000-02-07,10.462,10.598,10.446,10.537,1202783,0
2000-02-08,10.522,10.659,10.486,10.537,692472,0
2000-02-09,10.462,10.585,10.372,10.424,1446982,0
2000-02-10,10.424,10.462,10.205,10.288,698276,0
2000-02-11,10.248,10.339,10.174,10.248,670557,0
2000-02-14,10.265,10.486,10.228,10.265,1398667,0
2000-02-15,10.228,10.288,10.09,10.144,855884,0
2000-02-16,10.131,10.174,10.068,10.09,664222,0
2000-02-17,10.205,10.205,9.894,9.954,878859,0
2000-02-18,9.795,9.879,9.637,9.661,1875453,0
2000-02-22,9.621,9.759,9.598,9.621,1521695,0
2000-02-23,9.538,9.538,9.4019,9.4229,2050749,0
2000-02-24,9.4019,9.4019,8.9449,9.1418,3302371,0
2000-02-25,9.1418,9.1668,8.9092,8.9691,1011646,0
2000-02-28,8.9691,9.1208,8.9691,9.1084,2015896,0
2000-02-29,9.1084,9.1668,9.0844,9.1208,2516443,0
2000-03-01,9.1084,9.1208,8.9316,8.9937,1341643,0
2000-03-02,8.9691,9.1418,8.9449,9.0683,1154735,0
2000-03-03,9.0844,9.1668,9.024,9.1084,2224458,0
2000-03-06,9.0089,9.024,8.4244,8.5149,2092985,0
2000-03-07,8.5149,8.6886,8.4925,8.5753,1394184,0
2000-03-08,8.4925,8.7346,8.4472,8.5916,3176708,0
2000-03-09,8.5077,8.5529,8.3638,8.4692,1237103,0
2000-03-10,8.4692,8.4925,8.3864,8.3864,1110912,0
2000-03-13,8.3483,8.4472,8.2651,8.3032,1041214,0
2000-03-14,8.3032,8.4092,8.2425,8.3255,1136781,0
2000-03-15,8.2879,8.8869,8.2879,8.8267,2219442,0
2000-03-16,8.8702,9.569,8.8471,9.507,2419818,0
2000-03-17,9.311,9.4774,9.1754,9.2121,2635508,0
2000-03-20,9.2732,9.4169,9.1506,9.1754,1356959,0
2000-03-21,9.2488,9.2732,9.0683,9.1506,1173212,0
2000-03-22,9.0683,9.1149,8.8267,8.8702,1105362,0
2000-03-23,8.7878,9.2488,8.7878,9.1284,1301517,0
2000-03-24,8.9937,9.0683,8.9449,8.9691,1285677,0
2000-03-27,8.9691,9.1284,8.9691,9.0089,643893,0
2000-03-28,9.0297,9.4774,9.0089,9.0297,1921124,0
2000-03-29,9.0683,9.4774,9.0683,9.4467,2121503,0
2000-03-30,9.4467,9.613,9.4467,9.554,1814469,0
2000-03-31,9.4922,9.674,9.3567,9.507,1797572,0
2000-04-03,9.53,9.589,9.4774,9.53,1330029,0
2000-04-04,9.507,9.879,9.3871,9.652,2240299,0
2000-04-05,9.652,9.993,9.652,9.674,1365138,0
2000-04-06,9.688,9.771,9.507,9.629,1017455,0
2000-04-07,9.589,9.652,9.3871,9.4467,2119649,0
2000-04-10,9.4922,9.894,9.4318,9.879,1356162,0
2000-04-11,9.834,10.136,9.834,10.031,1743980,0
2000-04-12,10.114,10.471,10.114,10.296,1392859,0
2000-04-13,10.234,10.818,10.174,10.757,1931681,0
2000-04-14,10.757,11.039,10.592,10.696,2672462,0
2000-04-17,10.635,10.795,10.355,10.795,2431172,0
2000-04-18,10.757,10.878,10.696,10.757,1624387,0
2000-04-19,10.696,10.818,10.622,10.774,1834003,0
2000-04-20,10.818,10.976,10.757,10.917,1190635,0
2000-04-24,10.941,11.38,10.941,11.257,1320260,0
2000-04-25,11.243,11.736,11.157,11.644,1665043,0
2000-04-26,11.644,12.096,11.583,12.083,2260891,0
2000-04-27,12.062,12.121,11.759,11.817,2669300,0
2000-04-28,11.759,11.795,11.455,11.522,1824761,0
2000-05-01,11.5,11.522,11.272,11.319,1773549,0
2000-05-02,11.334,11.477,11.182,11.182,1812091,0
2000-05-03,11.137,11.272,11.122,11.137,1332933,0
2000-05-04,11.075,11.393,10.834,11.272,2097214,0
2000-05-05,11.243,11.257,10.976,11.039,1064177,0
2000-05-08,11,11.455,11,11.319,1871756,0
2000-05-09,11.257,11.334,11.137,11.243,1361181,0
2000-05-10,11.214,11.438,11.214,11.319,1573967,0
2000-05-11,11.295,11.675,11.295,11.644,2496643,0
2000-05-12,11.644,11.675,11.455,11.561,1397878,0
2000-05-15,11.5,11.795,11.5,11.718,1122525,0
2000-05-16,11.675,11.675,11.455,11.599,1260596,0
2000-05-17,11.675,11.718,11.356,11.438,1420844,0
2000-05-18,11.438,11.88,11.418,11.675,1193013,0
2000-05-19,11.599,11.858,11.561,11.795,2012467,0
2000-05-22,11.817,12.26,11.817,12.022,2139185,0
2000-05-23,11.964,11.964,11.736,11.842,3051568,0
2000-05-24,11.88,12.062,11.842,11.899,2197796,0
2000-05-25,11.941,11.941,11.718,11.915,1549675,0
2000-05-26,11.941,12.121,11.899,12.022,1201461,0
2000-05-30,12.022,12.022,11.782,11.899,1918749,0
2000-05-31,11.964,12.083,11.915,11.964,1567630,0
2000-06-01,11.915,11.964,11.759,11.964,1550994,0
2000-06-02,11.941,12.039,11.736,11.759,1143114,0
2000-06-05,11.704,11.704,11.243,11.334,1006630,0
2000-06-06,11.272,11.62,11.197,11.561,1354842,0
2000-06-07,11.59,11.711,11.529,11.614,896543,0
2000-06-08,11.472,11.651,11.348,11.636,1815260,0
2000-06-09,11.59,11.858,11.59,11.795,924792,0
2000-06-12,11.833,11.915,11.817,11.849,869878,0
2000-06-13,11.858,12.039,11.795,11.833,987621,0
2000-06-14,11.795,11.795,11.577,11.577,936669,0
2000-06-15,11.554,11.941,11.554,11.899,1279609,0
2000-06-16,11.817,12.022,11.636,11.75,1674812,0
2000-06-19,11.675,11.774,11.59,11.697,1136781,0
2000-06-20,11.736,11.795,11.529,11.736,1327652,0
2000-06-21,11.736,11.941,11.736,11.736,1347717,0
2000-06-22,11.736,11.736,11.455,11.651,1324222,0
2000-06-23,11.614,11.88,11.529,11.817,1801003,0
2000-06-26,11.817,11.964,11.651,11.941,1066296,0
2000-06-27,11.964,12.022,11.409,11.484,1968907,0
2000-06-28,11.455,11.941,11.312,11.864,2010618,0
2000-06-29,11.817,11.979,11.614,11.675,1255055,0
2000-06-30,11.675,11.998,11.19,11.289,2837466,0
2000-07-03,11.348,11.697,11.348,11.59,956733,0
2000-07-05,11.795,11.899,11.348,11.484,1417677,0
2000-07-06,11.371,11.577,11.327,11.577,1553898,0
2000-07-07,11.529,11.759,11.529,11.675,868028,0
2000-07-10,11.636,11.899,11.636,11.858,1722068,0
2000-07-11,11.795,11.964,11.614,11.964,1803115,0
2000-07-12,11.915,11.941,11.759,11.858,750023,0
2000-07-13,11.774,11.941,11.736,11.899,950659,0
2000-07-14,11.941,11.998,11.59,11.651,2237924,0
2000-07-17,11.43,11.484,11.348,11.371,1601947,0
2000-07-18,11.409,11.484,11.348,11.409,1511923,0
2000-07-19,11.409,11.529,11.393,11.43,1630199,0
2000-07-20,11.455,11.529,11.348,11.529,1478929,0
2000-07-21,11.371,11.472,11.205,11.312,1676132,0
2000-07-24,11.264,11.264,10.962,11.083,1338477,0
2000-07-25,11.083,11.083,10.834,10.917,1901583,0
2000-07-26,11.059,11.059,10.712,10.766,2403978,0
2000-07-27,10.802,10.976,10.802,10.962,1819483,0
2000-07-28,10.894,11.19,10.863,10.917,1313396,0
2000-07-31,11,11.249,10.802,10.962,2356721,0
2000-08-01,10.962,11.327,10.962,11.289,1320523,0
2000-08-02,11.264,11.529,11.249,11.371,1881261,0
2000-08-03,11.409,11.774,11.393,11.516,1482357,0
2000-08-04,11.455,11.711,11.312,11.577,1995836,0
2000-08-07,11.577,11.795,11.529,11.782,1373589,0
2000-08-08,11.833,11.858,11.651,11.817,939046,0
2000-08-09,11.759,11.817,11.636,11.668,888889,0
2000-08-10,11.711,11.774,11.59,11.718,696697,0
2000-08-11,11.759,11.915,11.759,11.782,1067085,0
2000-08-14,11.736,11.88,11.675,11.711,1146285,0
2000-08-15,11.697,11.941,11.675,11.795,1797572,0
2000-08-16,11.795,11.915,11.675,11.704,529053,0
2000-08-17,11.736,11.774,11.675,11.736,470709,0
2000-08-18,11.736,11.899,11.711,11.817,1508492,0
2000-08-21,11.817,11.899,11.774,11.88,1594818,0
2000-08-22,11.88,11.915,11.736,11.759,1078704,0
2000-08-23,11.697,11.817,11.675,11.774,1265085,0
2000-08-24,11.817,11.817,11.651,11.651,1034085,0
2000-08-25,11.59,11.59,11.472,11.472,1230500,0
2000-08-28,11.484,11.675,11.348,11.636,1880205,0
2000-08-29,11.651,11.697,11.529,11.577,1421638,0
2000-08-30,11.529,11.759,11.516,11.675,1187999,0
2000-08-31,11.651,11.858,11.651,11.825,1134406,0
2000-09-01,11.817,11.941,11.795,11.825,788830,0
2000-09-05,11.88,12.181,11.88,12.062,1116455,0
2000-09-06,12.138,12.484,12.138,12.426,4084600,0
2000-09-07,12.409,12.606,12.364,12.606,1540699,0
2000-09-08,12.606,13.183,12.606,13.183,2088238,0
2000-09-11,13.174,13.499,13.174,13.424,2422725,0
2000-09-12,13.464,13.69,13.211,13.441,3083514,0
2000-09-13,13.464,13.811,13.464,13.597,2727639,0
2000-09-14,13.546,13.856,13.334,13.825,3162446,0
2000-09-15,13.825,14.447,13.825,14.25,3669856,0
2000-09-18,14.22,14.31,14.084,14.22,3271745,0
2000-09-19,14.136,14.168,13.416,13.441,3740869,0
2000-09-20,13.392,13.392,12.915,13.084,2508257,0
2000-09-21,13.129,13.357,12.962,13.047,1113816,0
2000-09-22,13.227,13.69,13.227,13.645,5484323,0
2000-09-25,13.621,13.773,13.441,13.645,1178490,0
2000-09-26,13.667,14.433,13.667,14.22,2540203,0
2000-09-27,14.266,14.53,14.084,14.5,3294184,0
2000-09-28,14.479,14.909,14.31,14.598,1864893,0
2000-09-29,14.598,15.114,14.577,14.789,2734242,0
2000-10-02,14.969,15.221,14.552,15.052,2241354,0
2000-10-03,14.969,15.052,14.479,14.479,1688012,0
2000-10-04,14.479,14.803,13.856,14.182,2457835,0
2000-10-05,14.205,14.492,13.705,13.727,1618318,0
2000-10-06,13.811,14.06,13.727,13.895,2038605,0
2000-10-09,13.895,14.22,13.789,13.93,2289665,0
2000-10-10,13.93,14.433,13.93,14.136,1766418,0
2000-10-11,14.22,14.577,14.015,14.22,2260630,0
2000-10-12,14.363,14.53,14.002,14.168,1694087,0
2000-10-13,14.349,14.53,14.289,14.409,1101143,0
2000-10-16,14.349,14.758,14.349,14.758,1398140,0
2000-10-17,14.743,15.015,14.552,14.577,3631575,0
2000-10-18,14.516,14.552,13.773,13.856,3816904,0
2000-10-19,13.895,13.895,13.546,13.621,2689098,0
2000-10-20,13.621,13.825,13.583,13.621,1189581,0
2000-10-23,13.597,13.978,13.583,13.825,2400550,0
2000-10-24,13.856,14.099,13.69,13.727,2191986,0
2000-10-25,13.69,13.955,13.484,13.569,1245282,0
2000-10-26,13.569,13.621,13.129,13.188,1364876,0
2000-10-27,13.211,13.464,12.949,13.392,1926664,0
2000-10-30,13.484,13.825,13.484,13.811,885982,0
2000-10-31,13.789,13.856,13.484,13.727,1636795,0
2000-11-01,13.811,14.12,13.69,13.773,1794408,0
2000-11-02,13.727,13.727,13.484,13.499,1048866,0
2000-11-03,13.499,13.667,13.211,13.227,2411368,0
2000-11-06,13.211,13.464,13.129,13.188,1534891,0
2000-11-07,13.259,13.334,12.949,13.047,1474173,0
2000-11-08,13.047,13.259,12.9,13.103,1615940,0
2000-11-09,13.129,13.211,12.865,13.174,1725765,0
2000-11-10,13.129,13.357,13.047,13.211,1328181,0
2000-11-13,13.069,13.416,13.069,13.211,1302045,0
2000-11-14,13.129,13.129,12.9,12.949,1191427,0
2000-11-15,12.879,13.259,12.879,13.069,1188528,0
2000-11-16,13.153,13.294,13.069,13.153,999765,0
2000-11-17,13.227,13.583,13.188,13.546,1326068,0
2000-11-20,13.621,13.811,13.523,13.69,1657389,0
2000-11-21,13.621,13.645,13.294,13.523,976005,0
2000-11-22,13.523,13.705,13.523,13.621,949077,0
2000-11-24,13.621,13.621,13.464,13.569,582914,0
2000-11-27,13.773,13.789,13.464,13.464,1485526,0
2000-11-28,13.484,13.773,13.464,13.773,1816847,0
2000-11-29,13.727,13.978,13.727,13.955,1336628,0
2000-11-30,14.036,14.363,13.91,14.136,1896572,0
2000-12-01,14.136,14.136,13.727,13.978,1092167,0
2000-12-04,13.871,14.22,13.856,14.084,1670852,0
2000-12-05,14.084,14.31,14.015,14.266,3556864,0
2000-12-06,14.485,15.031,14.258,15.031,7491511,0
2000-12-07,15.408,15.408,15.015,15.076,3648206,0
2000-12-08,15.076,15.076,14.924,15.015,1617524,0
2000-12-11,15.015,15.031,14.78,14.969,1513772,0
2000-12-12,14.969,15.137,14.969,15.137,1787540,0
2000-12-13,15.137,15.408,15.015,15.394,2216012,0
2000-12-14,15.302,15.447,15.183,15.394,3028869,0
2000-12-15,15.394,15.53,15.348,15.372,2766978,0
2000-12-18,15.289,15.53,15.221,15.394,1790972,0
2000-12-19,15.447,15.493,15.302,15.432,2596698,0
2000-12-20,15.408,16.228,15.394,16.182,3329296,0
2000-12-21,16.206,16.206,15.955,16.166,2344581,0
2000-12-22,16.1,16.5,15.895,16.5,1430349,0
2000-12-26,16.5,16.75,16.228,16.706,1562613,0
2000-12-27,16.628,16.727,16.5,16.628,1366461,0
2000-12-28,16.666,16.682,16.327,16.41,1769851,0
2000-12-29,16.356,16.41,16.144,16.288,1754276,0
2001-01-02,16.249,16.249,15.612,15.636,1509551,0
2001-01-03,15.636,15.91,14.38,14.447,3485060,0
2001-01-04,14.447,14.447,13.259,13.294,3110968,0
2001-01-05,13.378,13.946,13.357,13.546,3356491,0
2001-01-08,13.569,13.986,13.569,13.902,1991350,0
2001-01-09,13.863,14.008,13.652,14.008,2322928,0
2001-01-10,13.924,14.175,13.713,13.902,2251386,0
2001-01-11,13.961,13.961,12.751,12.795,4651405,0
2001-01-12,12.833,13.188,12.606,13.103,3289169,0
2001-01-16,13.069,13.188,12.35,13.084,3778098,0
2001-01-17,13.022,13.188,12.879,13.069,3286531,0
2001-01-18,13.047,13.308,13.022,13.273,1769589,0
2001-01-19,13.188,13.416,12.941,13.392,2766188,0
2001-01-22,13.416,13.69,13.294,13.628,1859085,0
2001-01-23,13.652,14.106,13.652,13.736,1747940,0
2001-01-24,13.818,14.198,13.818,14.053,1518789,0
2001-01-25,14.198,14.38,14.008,14.175,1439591,0
2001-01-26,14.258,14.38,13.736,14.175,1903699,0
2001-01-29,14.175,14.5,14.168,14.289,1115137,0
2001-01-30,14.242,14.258,14.008,14.053,1036727,0
2001-01-31,13.986,13.986,13.464,13.705,2320553,0
2001-02-01,13.736,13.804,13.514,13.743,1694614,0
2001-02-02,13.736,13.863,13.561,13.667,1970228,0
2001-02-05,13.69,13.93,13.69,13.743,1818166,0
2001-02-06,13.743,14.002,13.637,13.825,990264,0
2001-02-07,13.91,14.198,13.91,14.002,1135726,0
2001-02-08,14.015,14.461,14.015,14.439,1216775,0
2001-02-09,14.425,14.825,14.409,14.758,1617524,0
2001-02-12,14.735,14.955,14.425,14.667,1368572,0
2001-02-13,14.614,14.864,14.409,14.636,1193541,0
2001-02-14,14.607,14.735,14.461,14.584,1351150,0
2001-02-15,14.516,14.552,14.326,14.47,886248,0
2001-02-16,14.689,14.878,14.651,14.758,1262445,0
2001-02-20,14.758,15.084,14.705,14.963,1562086,0
2001-02-21,14.963,15.324,14.963,14.985,1776982,0
2001-02-22,15.044,15.302,14.735,14.764,2854364,0
2001-02-23,14.811,15.015,14.417,14.689,2046522,0
2001-02-26,14.758,14.993,14.682,14.743,1264027,0
2001-02-27,14.735,15.044,14.735,15.023,1980259,0
2001-02-28,15.076,15.137,14.811,15.015,1812091,0
2001-03-01,14.94,15.121,14.811,15.015,2125723,0
2001-03-02,15.159,15.221,14.842,15.061,1704642,0
2001-03-05,15.023,15.175,14.993,15.023,1058904,0
2001-03-06,15.061,15.159,14.947,15.031,1847732,0
2001-03-07,15.044,15.221,14.856,14.864,6995454,0
2001-03-08,14.902,14.902,14.392,14.392,4038927,0
2001-03-09,14.069,14.242,13.978,14.106,3838289,0
2001-03-12,14.273,14.461,14.258,14.355,4046583,0
2001-03-13,14.326,14.341,14.175,14.175,1903170,0
2001-03-14,14.136,14.144,13.895,13.917,2144467,0
2001-03-15,13.97,14.273,13.93,14.235,2165324,0
2001-03-16,14.069,14.235,14.029,14.092,2039660,0
2001-03-19,14.015,14.106,13.938,14.015,1651581,0
2001-03-20,14.015,14.175,13.825,14.002,1719692,0
2001-03-21,13.924,14.297,13.902,14.015,2546273,0
2001-03-22,13.93,14.069,13.244,13.499,2037544,0
2001-03-23,13.326,13.555,13.153,13.469,2101964,0
2001-03-26,13.667,14.008,13.667,13.895,1377021,0
2001-03-27,13.97,14.273,13.97,14.19,2817932,0
2001-03-28,14.069,14.303,13.97,14.226,2372823,0
2001-03-29,14.235,14.584,14.045,14.545,2200700,0
2001-03-30,14.545,14.811,14.545,14.636,1607492,0
2001-04-02,14.817,14.985,14.598,14.924,1799157,0
2001-04-03,14.864,15.084,14.545,14.976,1807605,0
2001-04-04,14.902,15.098,14.735,14.947,1754276,0
2001-04-05,14.864,14.933,14.636,14.924,1448564,0
2001-04-06,14.993,15.052,14.175,14.461,2418233,0
2001-04-09,14.433,15.015,14.433,14.773,1706755,0
2001-04-10,15.424,15.424,15.061,15.242,3010913,0
2001-04-11,15.175,15.221,14.909,15.092,1974717,0
2001-04-12,14.902,15.151,14.893,15.069,2796278,0
2001-04-16,15.121,15.394,15.084,15.316,1395503,0
2001-04-17,15.316,15.733,15.316,15.621,1930100,0
2001-04-18,15.652,15.757,15.19,15.341,2873898,0
2001-04-19,15.356,15.439,15.015,15.183,2722895,0
2001-04-20,15.19,15.394,15.015,15.221,1872018,0
2001-04-23,15.341,15.546,15.302,15.546,1419521,0
2001-04-24,15.612,15.818,15.415,15.675,1636795,0
2001-04-25,15.733,15.84,15.514,15.733,1098503,0
2001-04-26,15.733,16.001,15.733,15.895,1001349,0
2001-04-27,15.976,16.001,15.667,15.856,1656860,0
2001-04-30,15.886,15.923,15.683,15.75,1663462,0
2001-05-01,15.788,15.903,15.704,15.766,1004521,0
2001-05-02,15.766,15.774,15.394,15.408,1448564,0
2001-05-03,15.394,15.462,15.114,15.226,1243966,0
2001-05-04,15.311,15.53,15.302,15.53,1674812,0
2001-05-07,15.546,15.612,15.394,15.447,866448,0
2001-05-08,15.365,15.424,15.234,15.302,1062069,0
2001-05-09,15.289,15.697,15.289,15.667,1235781,0
2001-05-10,15.804,15.825,15.597,15.81,1172419,0
2001-05-11,15.856,16.054,15.833,16.015,1484997,0
2001-05-14,16.015,16.476,16.015,16.476,2931977,0
2001-05-15,16.41,16.41,16.213,16.28,3265672,0
2001-05-16,16.339,16.559,16.15,16.545,2333756,0
2001-05-17,16.545,16.909,16.37,16.789,3541555,0
2001-05-18,16.651,16.789,16.636,16.773,1960460,0
2001-05-21,16.773,17.022,16.735,16.983,2646858,0
2001-05-22,16.983,17.046,16.901,16.971,1486582,0
2001-05-23,16.971,17.26,16.971,17.22,1349565,0
2001-05-24,17.174,17.357,17.09,17.26,1903170,0
2001-05-25,17.243,17.243,17.022,17.076,2439352,0
2001-05-29,17.007,17.022,16.765,16.924,2231850,0
2001-05-30,16.916,17.153,16.909,17.09,2130473,0
2001-05-31,17.022,17.477,17.022,17.432,2348273,0
2001-06-01,17.357,17.424,17.129,17.31,1736853,0
2001-06-04,17.31,17.424,17.22,17.407,1600366,0
2001-06-05,17.463,17.463,17.129,17.153,9257141,0
2001-06-06,17.153,17.235,16.901,17.055,2873898,0
2001-06-07,17.055,17.061,16.518,16.628,2975537,0
2001-06-08,16.608,16.789,16.213,16.757,1620166,0
2001-06-11,16.797,17.099,16.797,16.947,1336363,0
2001-06-12,16.909,17.106,16.909,17.015,1587164,0
2001-06-13,17.015,17.129,16.621,16.706,1460180,0
2001-06-14,16.706,16.706,16.15,16.327,1591387,0
2001-06-15,16.113,16.909,16.113,16.682,3957349,0
2001-06-18,16.608,16.999,16.608,16.651,1977621,0
2001-06-19,16.674,16.94,16.651,16.94,1039893,0
2001-06-20,16.963,17.129,16.636,16.841,1692500,0
2001-06-21,16.538,16.552,16.113,16.197,3211288,0
2001-06-22,16.113,16.32,15.976,16.206,2562641,0
2001-06-25,16.228,16.32,16.06,16.075,1756653,0
2001-06-26,16.084,16.439,15.895,16.418,1713620,0
2001-06-27,16.467,16.864,16.446,16.69,1513508,0
2001-06-28,16.72,16.909,16.628,16.666,1841398,0
2001-06-29,16.674,16.757,16.485,16.757,1325279,0
2001-07-02,16.757,17.082,16.69,17.015,1296765,0
2001-07-03,16.947,17.129,16.886,16.924,519813,0
2001-07-05,16.909,17.03,16.797,16.977,1507701,0
2001-07-06,16.999,17.082,16.872,16.931,1176380,0
2001-07-09,17.069,17.129,16.879,17.022,1035140,0
2001-07-10,17.03,17.137,16.992,17.106,1023526,0
2001-07-11,17.106,17.129,16.757,16.817,1039632,0
2001-07-12,16.757,16.757,16.538,16.545,1374378,0
2001-07-13,16.552,16.651,16.312,16.395,1133351,0
2001-07-16,16.41,16.651,16.356,16.37,1371213,0
2001-07-17,16.378,16.485,16.249,16.339,1468365,0
2001-07-18,16.347,16.518,16.159,16.206,995806,0
2001-07-19,16.272,16.347,16.128,16.272,684815,0
2001-07-20,16.32,16.378,15.72,15.825,2635767,0
2001-07-23,15.856,15.886,15.151,15.242,1911885,0
2001-07-24,14.825,14.842,14.22,14.689,3796314,0
2001-07-25,14.682,15.505,14.53,15.5,2526209,0
2001-07-26,15.394,15.91,15.356,15.84,2216539,0
2001-07-27,15.84,15.903,15.356,15.757,1365671,0
2001-07-30,15.733,16.029,15.394,15.994,2122819,0
2001-07-31,15.994,16.084,15.652,16.037,1868322,0
2001-08-01,15.976,16.182,15.733,16.174,1092428,0
2001-08-02,16.249,16.418,16.001,16.335,883342,0
2001-08-03,16.32,16.494,16.144,16.356,1222318,0
2001-08-06,15.938,16.075,15.833,15.976,1547564,0
2001-08-07,15.976,16.213,15.938,16.029,745534,0
2001-08-08,15.969,16.021,15.636,15.66,1421638,0
2001-08-09,15.612,15.833,15.561,15.788,938251,0
2001-08-10,15.788,15.994,15.546,15.825,1139419,0
2001-08-13,15.825,15.923,15.604,15.604,1000558,0
2001-08-14,15.53,15.825,15.514,15.75,1050984,0
2001-08-15,15.766,15.886,15.505,15.604,1132029,0
2001-08-16,15.604,15.91,15.57,15.895,1215715,0
2001-08-17,15.733,15.938,15.697,15.766,926106,0
2001-08-20,15.818,16.001,15.774,15.962,583704,0
2001-08-21,15.962,16.06,15.81,15.84,708307,0
2001-08-22,15.84,16.137,15.804,16.001,760845,0
2001-08-23,16.01,16.144,15.969,16.128,910797,0
2001-08-24,16.159,16.272,16.15,16.249,1369101,0
2001-08-27,16.327,16.509,16.327,16.362,908688,0
2001-08-28,16.228,16.418,16.228,16.288,1598515,0
2001-08-29,16.288,16.327,16.182,16.235,1075267,0
2001-08-30,16.235,16.272,15.969,16.045,1077118,0
2001-08-31,16.045,16.128,15.872,15.872,814436,0
2001-09-04,15.872,16.084,15.833,16.001,1589273,0
2001-09-05,16.015,16.067,15.774,15.93,1801271,0
2001-09-06,15.93,16.137,15.903,16.084,1592182,0
2001-09-07,15.985,16.113,15.878,15.878,1513508,0
2001-09-10,15.878,15.962,15.585,15.704,1670852,0
2001-09-17,15.621,15.774,15.302,15.704,1957294,0
2001-09-18,15.546,15.774,15.394,15.704,982340,0
2001-09-19,15.704,15.878,15.424,15.424,2237660,0
2001-09-20,15.408,15.5,15.167,15.257,2523834,0
2001-09-21,15.084,15.151,14.758,14.909,2067642,0
2001-09-24,14.909,14.909,14.614,14.614,1498991,0
2001-09-25,14.667,14.705,14.392,14.545,1739493,0
2001-09-26,14.479,14.636,14.273,14.363,2817138,0
2001-09-27,14.363,14.363,13.946,14.273,2559209,0
2001-09-28,14.392,14.758,14.326,14.758,1392859,0
2001-10-01,14.842,14.893,14.569,14.864,1357746,0
2001-10-02,14.825,15.044,14.773,14.909,1779093,0
2001-10-03,14.976,15.257,14.969,15.114,2071867,0
2001-10-04,15.19,15.324,14.947,15.167,1423750,0
2001-10-05,15.137,15.324,15.044,15.302,1409230,0
2001-10-08,15.221,15.266,15.069,15.114,715439,0
2001-10-09,15.114,15.114,14.689,14.764,886510,0
2001-10-10,14.789,14.811,14.516,14.735,1265875,0
2001-10-11,14.735,14.811,14.516,14.53,1180075,0
2001-10-12,14.53,14.552,14.363,14.492,1195918,0
2001-10-15,14.53,14.651,14.326,14.392,1002668,0
2001-10-16,14.461,14.712,14.461,14.651,973104,0
2001-10-17,14.789,14.789,14.545,14.569,1053620,0
2001-10-18,14.53,14.591,14.25,14.25,757942,0
2001-10-19,14.25,14.545,14.19,14.425,774577,0
2001-10-22,14.425,14.425,14.235,14.326,1031446,0
2001-10-23,14.235,14.242,13.833,13.871,1576076,0
2001-10-24,13.833,13.863,13.583,13.69,1744244,0
2001-10-25,13.652,13.91,13.621,13.871,1590071,0
2001-10-26,13.924,13.93,13.546,13.749,1835325,0
2001-10-29,13.727,13.91,13.621,13.833,1868848,0
2001-10-30,13.727,13.749,13.416,13.416,1841133,0
2001-10-31,13.416,13.652,13.416,13.652,1930100,0
2001-11-01,13.705,13.888,13.575,13.781,1966002,0
2001-11-02,13.705,13.811,13.499,13.673,1090842,0
2001-11-05,13.765,14.258,13.749,14.258,1817104,0
2001-11-06,14.182,14.363,14.151,14.341,1657124,0
2001-11-07,14.355,14.461,14.266,14.326,1447777,0
2001-11-08,14.326,14.636,14.326,14.569,1344021,0
2001-11-09,14.584,14.72,14.5,14.636,1203307,0
2001-11-12,14.598,14.598,14.371,14.524,1055734,0
2001-11-13,14.492,14.53,14.22,14.31,2082954,0
2001-11-14,14.38,14.38,13.955,13.961,2624153,0
2001-11-15,14.008,14.077,13.667,13.713,2931711,0
2001-11-16,13.713,13.93,13.713,13.871,1521695,0
2001-11-19,13.888,13.902,13.546,13.673,1228915,0
2001-11-20,13.727,14.22,13.705,14.151,1420844,0
2001-11-21,14.127,14.151,13.789,13.946,1054679,0
2001-11-23,14.002,14.22,13.902,14.211,505033,0
2001-11-26,14.211,14.211,13.986,14.053,1159483,0
2001-11-27,14.053,14.281,13.895,14.144,1338740,0
2001-11-28,14.151,14.175,13.871,13.871,973897,0
2001-11-29,13.871,14.045,13.673,13.978,1184834,0
2001-11-30,13.978,14.136,13.978,14.06,1475494,0
2001-12-03,14.053,14.205,13.955,14.136,1364086,0
2001-12-04,14.136,14.333,14.084,14.326,1398933,0
2001-12-05,14.409,14.516,14.371,14.439,1736853,0
2001-12-06,14.439,14.447,14.211,14.242,1224959,0
2001-12-07,14.226,14.577,14.19,14.569,1367782,0
2001-12-10,14.439,14.461,14.281,14.355,986567,0
2001-12-11,14.355,14.355,14.06,14.069,1479980,0
2001-12-12,14.077,14.333,13.93,14.326,2426950,0
2001-12-13,14.326,14.545,14.175,14.303,1318411,0
2001-12-14,14.19,14.273,14.069,14.258,1197766,0
2001-12-17,14.22,14.235,13.895,14.015,953565,0
2001-12-18,14.015,14.326,13.993,14.326,825792,0
2001-12-19,14.242,14.803,14.151,14.735,969672,0
2001-12-20,14.773,14.789,14.439,14.773,1054679,0
2001-12-21,14.789,14.789,14.516,14.516,1798629,0
2001-12-24,14.425,14.705,14.425,14.516,526416,0
2001-12-26,14.545,14.963,14.53,14.72,1221262,0
2001-12-27,14.72,14.909,14.705,14.811,1083981,0
2001-12-28,14.811,14.916,14.614,14.878,1997423,0
2001-12-31,14.893,14.963,14.72,14.825,1536213,0
