Date,Open,High,Low,Close,Volume,OpenInt
1995-01-03,5.5257,5.7156,5.5257,5.7156,248149,0
1995-01-04,5.7156,5.7632,5.6683,5.7632,1086388,0
1995-01-05,5.7632,5.7632,5.6205,5.6205,141109,0
1995-01-06,5.6683,5.6683,5.4683,5.5257,243313,0
1995-01-09,5.573,5.573,5.4208,5.4208,177699,0
1995-01-10,5.4683,5.4683,5.1832,5.2784,552658,0
1995-01-11,5.2784,5.3734,5.1832,5.3257,607963,0
1995-01-12,5.3257,5.3734,5.2784,5.3257,241842,0
1995-01-13,5.3831,5.4777,5.3356,5.4303,295045,0
1995-01-16,5.4303,5.4303,5.3356,5.4303,464541,0
1995-01-17,5.3831,5.3831,5.2877,5.3356,437415,0
1995-01-18,5.3356,5.3356,5.2877,5.3356,166345,0
1995-01-19,5.2877,5.3831,5.2877,5.2877,127229,0
1995-01-20,5.3356,5.3356,5.2308,5.3356,147837,0
1995-01-23,5.2308,5.2877,5.2308,5.2877,111246,0
1995-01-24,5.2877,5.3356,5.2308,5.2308,635513,0
1995-01-25,5.1357,5.3831,5.1357,5.2877,806905,0
1995-01-26,5.3356,5.3831,5.1832,5.3356,269600,0
1995-01-27,5.3831,5.4303,5.2877,5.3356,79281,0
1995-01-30,5.3831,5.4303,5.3831,5.4303,408183,0
1995-01-31,5.4303,5.5257,5.4303,5.5257,255719,0
1995-02-01,5.5257,5.5829,5.4303,5.4303,298619,0
1995-02-02,5.4777,5.4777,5.3831,5.4303,123864,0
1995-02-03,5.4777,5.5257,5.4303,5.4777,46264,0
1995-02-06,5.5257,5.5829,5.4777,5.5829,150991,0
1995-02-07,5.5257,5.5829,5.5257,5.5829,101153,0
1995-02-08,5.5257,5.6778,5.5257,5.6302,86849,0
1995-02-09,5.6302,5.7253,5.5829,5.5829,734351,0
1995-02-10,5.7253,5.7253,5.6302,5.7253,68764,0
1995-02-13,5.6778,5.8774,5.6778,5.7253,116503,0
1995-02-14,5.8299,5.8299,5.7348,5.7824,60776,0
1995-02-15,5.7824,5.7824,5.6874,5.6874,189268,0
1995-02-16,5.6874,5.7348,5.6874,5.6874,146367,0
1995-02-17,5.7348,5.7824,5.6874,5.7348,105990,0
1995-02-21,5.7824,5.7824,5.6874,5.7348,78022,0
1995-02-22,5.7348,5.8299,5.6874,5.6874,183588,0
1995-02-23,5.7348,5.8299,5.6874,5.7348,169918,0
1995-02-24,5.7824,5.7824,5.6874,5.7348,817631,0
1995-02-27,5.7348,5.7824,5.6302,5.6874,162558,0
1995-02-28,5.6874,5.7348,5.6302,5.7348,163820,0
1995-03-01,5.7348,5.7348,5.6874,5.6874,24602,0
1995-03-02,5.6302,5.6874,5.5829,5.6302,507442,0
1995-03-03,5.6302,5.6874,5.5829,5.6302,565274,0
1995-03-06,5.6874,5.6874,5.5829,5.6874,39957,0
1995-03-07,5.5829,5.6302,5.535,5.535,114610,0
1995-03-08,5.5829,5.5829,5.535,5.535,275694,0
1995-03-09,5.535,5.5829,5.535,5.535,43111,0
1995-03-10,5.5829,5.8871,5.5829,5.7348,511230,0
1995-03-13,5.7348,5.7348,5.6302,5.6874,104938,0
1995-03-14,5.6874,5.6874,5.5829,5.5829,68764,0
1995-03-15,5.535,5.5829,5.535,5.5829,95681,0
1995-03-16,5.6302,5.6874,5.5829,5.6302,142789,0
1995-03-17,5.7824,5.9345,5.7348,5.9345,862002,0
1995-03-20,5.8871,6.0297,5.8871,5.9823,1001218,0
1995-03-21,5.9823,6.0297,5.8871,5.9345,212820,0
1995-03-22,5.9345,6.0297,5.8299,5.9823,430896,0
1995-03-23,5.9345,6.0866,5.8871,5.9823,294413,0
1995-03-24,6.1343,6.1817,6.0297,6.0866,276748,0
1995-03-27,6.0297,6.0866,6.0297,6.0866,89374,0
1995-03-28,5.9823,6.0297,5.9823,5.9823,47947,0
1995-03-29,5.9823,6.0297,5.9823,5.9823,84750,0
1995-03-30,6.0297,6.0297,5.9823,5.9823,77598,0
1995-03-31,5.9823,6.0297,5.9823,5.9823,70658,0
1995-04-03,5.9823,6.0866,5.9823,6.0866,63929,0
1995-04-04,6.1343,6.1343,6.0297,6.1343,232587,0
1995-04-05,6.0866,6.0866,5.9823,6.0297,135010,0
1995-04-06,6.0866,6.0866,5.9823,6.0866,22712,0
1995-04-07,6.0297,6.0866,5.9823,6.0866,54677,0
1995-04-10,6.0297,6.2293,6.0297,6.1817,160667,0
1995-04-11,6.2293,6.3815,6.1817,6.3815,256350,0
1995-04-12,6.3815,6.3815,6.3337,6.3815,247938,0
1995-04-13,6.3815,6.5338,6.3337,6.5338,364862,0
1995-04-17,6.486,6.6859,6.486,6.6859,580628,0
1995-04-18,6.6859,6.6859,6.6385,6.6385,374745,0
1995-04-19,6.6385,6.7905,6.6385,6.7905,187582,0
1995-04-20,6.7905,6.7905,6.6859,6.7429,118394,0
1995-04-21,6.7905,6.7905,6.6385,6.6385,103045,0
1995-04-24,6.6859,6.6859,6.486,6.6385,320701,0
1995-04-25,6.5907,6.6859,6.5907,6.6385,202724,0
1995-04-26,6.6385,6.8381,6.6385,6.7905,109564,0
1995-04-27,6.7905,6.7905,6.7429,6.7429,165084,0
1995-04-28,6.7905,6.99,6.7429,6.7905,695658,0
1995-05-01,6.7429,6.8857,6.7429,6.8381,153726,0
1995-05-02,6.8857,6.8857,6.6859,6.6859,386944,0
1995-05-03,6.7429,6.8381,6.6859,6.8381,945067,0
1995-05-04,6.9429,6.9429,6.8381,6.8857,84120,0
1995-05-05,6.8857,6.9429,6.8381,6.9429,75707,0
1995-05-08,6.9429,6.9429,6.7429,6.8857,54258,0
1995-05-09,6.8381,6.99,6.8381,6.9429,128068,0
1995-05-10,6.9429,7.1895,6.8857,7.1895,197679,0
1995-05-11,7.1895,7.2374,7.0377,7.0377,402293,0
1995-05-12,6.99,7.2944,6.99,7.2944,277589,0
1995-05-15,7.2944,7.3422,7.1423,7.1895,67297,0
1995-05-16,7.2374,7.2944,7.1895,7.2944,110825,0
1995-05-17,7.2944,7.2944,7.1895,7.2374,80964,0
1995-05-18,7.1895,7.2374,6.9429,6.99,94421,0
1995-05-19,6.9429,6.99,6.8857,6.99,113557,0
1995-05-22,6.99,7.2944,6.9429,7.2374,140897,0
1995-05-23,7.2374,7.2374,7.1423,7.2374,95681,0
1995-05-24,7.2374,7.3422,7.2374,7.2944,260348,0
1995-05-25,7.2944,7.3422,7.2374,7.2944,336892,0
1995-05-26,7.3422,7.3894,7.2944,7.3894,251091,0
1995-05-30,7.3422,7.3422,7.0949,7.1895,185688,0
1995-05-31,7.2374,7.2944,7.1895,7.2944,132909,0
1995-06-01,7.2374,7.2374,7.1423,7.1895,93370,0
1995-06-02,7.1423,7.1895,7.1423,7.1895,83695,0
1995-06-05,7.1423,7.1423,6.9429,7.0377,128068,0
1995-06-06,7.0377,7.0949,7.0377,7.0949,113979,0
1995-06-07,7.0377,7.0949,6.99,6.99,127437,0
1995-06-08,7.0377,7.0377,6.8857,6.99,72554,0
1995-06-09,6.99,6.99,6.8857,6.8857,63718,0
1995-06-12,6.9429,6.9429,6.8857,6.8857,112929,0
1995-06-13,6.9429,6.9429,6.8857,6.9429,97368,0
1995-06-14,6.8857,6.99,6.8857,6.99,190319,0
1995-06-15,6.9429,6.99,6.9429,6.9429,86849,0
1995-06-16,6.99,6.99,6.8857,6.8857,280744,0
1995-06-19,6.8857,6.9429,6.8381,6.8381,174335,0
1995-06-20,6.8381,6.9429,6.8381,6.9429,105361,0
1995-06-21,6.8381,6.8381,6.6385,6.6385,413232,0
1995-06-22,6.6859,6.6859,6.5907,6.6859,321960,0
1995-06-23,6.6859,6.7905,6.6859,6.7905,234479,0
1995-06-26,6.7905,6.7905,6.486,6.486,442250,0
1995-06-27,6.5907,6.6385,6.486,6.5338,162138,0
1995-06-28,6.5338,6.6385,6.486,6.6385,164031,0
1995-06-29,6.6385,6.6859,6.5338,6.6859,165924,0
1995-06-30,6.6859,6.7429,6.5907,6.7429,291256,0
1995-07-03,6.7429,6.7429,6.6859,6.7429,26916,0
1995-07-05,6.6859,6.6859,6.5907,6.6385,105777,0
1995-07-06,6.6385,6.8857,6.6385,6.8857,106620,0
1995-07-07,6.7905,6.9429,6.7905,6.9429,139847,0
1995-07-10,6.9429,7.0377,6.9429,6.99,232798,0
1995-07-11,6.99,7.1423,6.99,7.0949,216817,0
1995-07-12,7.1423,7.1895,7.0377,7.0949,503656,0
1995-07-13,7.0949,7.1423,7.0377,7.0949,178332,0
1995-07-14,7.0949,7.1423,7.0377,7.1423,47106,0
1995-07-17,7.0949,7.1895,7.0377,7.1423,129544,0
1995-07-18,7.1423,7.1895,7.0949,7.0949,197047,0
1995-07-19,7.0472,7.0949,6.8948,6.9996,465806,0
1995-07-20,6.9429,7.0949,6.8948,7.0472,89374,0
1995-07-21,7.0472,7.2469,7.0472,7.1993,171182,0
1995-07-24,7.2469,7.2469,7.0949,7.1423,160873,0
1995-07-25,7.3517,7.3517,7.2469,7.2469,161086,0
1995-07-26,7.2469,7.3517,7.1993,7.2469,215974,0
1995-07-27,7.2469,7.5037,7.2469,7.5037,228802,0
1995-07-28,7.4468,7.5514,7.399,7.4468,544036,0
1995-07-31,7.5037,7.5514,7.4468,7.5514,327431,0
1995-08-01,7.5514,7.5514,7.399,7.5037,392201,0
1995-08-02,7.5514,7.5987,7.5037,7.5514,520059,0
1995-08-03,7.5037,7.5987,7.5037,7.5987,717107,0
1995-08-04,7.5514,7.5987,7.5514,7.5514,342992,0
1995-08-07,7.5514,7.7033,7.5514,7.6561,300090,0
1995-08-08,7.7033,7.7509,7.6561,7.7033,192420,0
1995-08-09,7.7509,7.8082,7.7033,7.7033,181906,0
1995-08-10,7.7509,7.8082,7.7033,7.7033,275067,0
1995-08-11,7.7033,7.8082,7.6561,7.7033,208613,0
1995-08-14,7.7033,7.7509,7.6561,7.7509,129120,0
1995-08-15,7.7509,7.8082,7.7033,7.7509,136272,0
1995-08-16,7.7509,7.8082,7.7033,7.7033,504499,0
1995-08-17,7.7033,7.8082,7.7033,7.7509,190948,0
1995-08-18,7.8082,7.8559,7.7033,7.7033,175386,0
1995-08-21,7.7509,7.8082,7.7033,7.7033,172233,0
1995-08-22,7.7033,7.7509,7.7033,7.7033,94845,0
1995-08-23,7.7509,7.8082,7.7509,7.8082,48579,0
1995-08-24,7.7033,7.8082,7.7033,7.7033,52992,0
1995-08-25,7.7509,7.7509,7.7033,7.7033,52362,0
1995-08-28,7.7509,7.7509,7.6561,7.6561,151203,0
1995-08-29,7.7033,7.7033,7.5987,7.5987,39746,0
1995-08-30,7.5987,7.7033,7.5987,7.6561,7668845,0
1995-08-31,7.5987,7.8082,7.5987,7.7033,145946,0
1995-09-01,7.7033,7.7509,7.7033,7.7033,34488,0
1995-09-05,7.7033,7.8082,7.7033,7.7033,144682,0
1995-09-06,7.7033,7.8082,7.7033,7.7509,117766,0
1995-09-07,7.8082,7.8082,7.7033,7.7509,110825,0
1995-09-08,7.7509,7.7509,7.7033,7.7509,58883,0
1995-09-11,7.8082,7.8082,7.7509,7.7509,34701,0
1995-09-12,7.7509,7.8082,7.7033,7.8082,39746,0
1995-09-13,7.7509,7.8559,7.7509,7.7509,90850,0
1995-09-14,7.7509,7.8559,7.7509,7.8082,60146,0
1995-09-15,7.7509,7.8082,7.7509,7.8082,238686,0
1995-09-18,7.8082,8.0554,7.8082,8.0554,155200,0
1995-09-19,8.0554,8.1123,8.0078,8.1123,222704,0
1995-09-20,8.1123,8.1123,8.0554,8.1123,117977,0
1995-09-21,8.1123,8.1123,7.7509,7.8559,63087,0
1995-09-22,7.7509,7.9603,7.7509,7.7509,84120,0
1995-09-25,7.7509,7.8082,7.7509,7.8082,23972,0
1995-09-26,7.8559,7.9603,7.8082,7.9603,194102,0
1995-09-27,7.9603,8.0078,7.903,7.903,52156,0
1995-09-28,7.903,8.0078,7.903,7.9603,73184,0
1995-09-29,7.9603,8.0554,7.8559,7.903,124494,0
1995-10-02,7.903,7.9603,7.8082,7.903,95898,0
1995-10-03,7.9603,7.9603,7.8082,7.8559,119658,0
1995-10-04,7.7509,7.903,7.7509,7.903,70658,0
1995-10-05,7.903,7.903,7.7509,7.8082,240577,0
1995-10-06,7.8082,7.8082,7.7033,7.7509,175386,0
1995-10-09,7.8082,7.8082,7.7033,7.8082,41009,0
1995-10-10,7.7033,7.8082,7.6561,7.7509,172862,0
1995-10-11,7.7509,7.8559,7.3517,7.3517,212609,0
1995-10-12,7.399,7.5987,7.399,7.5514,183588,0
1995-10-13,7.6561,7.6561,7.5514,7.5514,85171,0
1995-10-16,7.6561,7.6561,7.4468,7.4468,70658,0
1995-10-17,7.5037,7.7033,7.399,7.7033,127862,0
1995-10-18,7.6561,7.7132,7.4088,7.4563,111670,0
1995-10-19,7.4088,7.5611,7.3517,7.5037,268970,0
1995-10-20,7.5037,7.6561,7.5037,7.6561,70028,0
1995-10-23,7.5611,7.6081,7.4563,7.5611,80754,0
1995-10-24,7.4563,7.5611,7.3517,7.4563,50892,0
1995-10-25,7.6561,7.7132,7.6081,7.6081,74028,0
1995-10-26,7.5611,7.5611,7.4088,7.5611,61616,0
1995-10-27,7.5037,7.6561,7.5037,7.6081,60985,0
1995-10-30,7.5037,7.6081,7.5037,7.6081,139634,0
1995-10-31,7.6081,7.7132,7.6081,7.6081,109775,0
1995-11-01,7.6561,7.7132,7.6081,7.6561,43321,0
1995-11-02,7.7132,7.7132,7.6561,7.6561,74028,0
1995-11-03,7.6561,7.7605,7.6561,7.7605,46896,0
1995-11-06,7.7132,7.7605,7.7132,7.7132,30284,0
1995-11-07,7.7605,7.8175,7.7132,7.7605,141951,0
1995-11-08,7.8175,7.8651,7.7605,7.8651,59516,0
1995-11-09,7.8651,7.8651,7.7605,7.8175,45215,0
1995-11-10,7.7132,7.9125,7.7132,7.8651,56781,0
1995-11-13,7.9125,7.9125,7.7605,7.7605,57620,0
1995-11-14,7.8175,7.8175,7.6561,7.6561,78022,0
1995-11-15,7.6561,7.7605,7.5611,7.7605,284951,0
1995-11-16,7.7132,7.8175,7.6561,7.7605,101573,0
1995-11-17,7.8175,7.8175,7.7605,7.8175,50052,0
1995-11-20,7.7605,7.8651,7.6561,7.8651,88747,0
1995-11-21,7.8651,7.9694,7.8651,7.9125,104515,0
1995-11-22,7.9694,7.9694,7.8651,7.8651,65190,0
1995-11-24,7.9125,7.9125,7.7132,7.7132,36590,0
1995-11-27,7.8175,7.8651,7.7132,7.8175,367175,0
1995-11-28,7.7605,7.9125,7.7605,7.8651,185688,0
1995-11-29,7.8651,7.8651,7.7605,7.7605,311865,0
1995-11-30,7.8175,7.9125,7.7605,7.8651,307452,0
1995-12-01,7.9125,7.9694,7.8651,7.9125,45634,0
1995-12-04,7.9125,7.9694,7.8651,7.9694,311661,0
1995-12-05,7.9125,7.9694,7.8651,7.9125,69819,0
1995-12-06,7.9125,7.9125,7.7605,7.8175,106409,0
1995-12-07,7.7605,7.8651,7.7605,7.7605,88953,0
1995-12-08,7.7605,7.8651,7.7605,7.8651,438046,0
1995-12-11,7.9125,7.9694,7.8651,7.9694,46264,0
1995-12-12,7.9694,8.0173,7.8651,8.0173,156249,0
1995-12-13,7.9694,8.1691,7.9694,8.1691,407134,0
1995-12-14,8.217,8.5309,7.8651,8.4738,334162,0
1995-12-15,8.5309,8.6261,8.4738,8.6261,438254,0
1995-12-18,8.6261,8.683,8.2738,8.2738,382107,0
1995-12-19,8.1691,8.3786,8.1691,8.2738,291471,0
1995-12-20,7.9694,8.5309,7.9694,8.4262,532891,0
1995-12-21,8.4738,8.8826,8.4738,8.8826,247938,0
1995-12-22,8.8826,9.1397,8.8826,9.1397,228382,0
1995-12-26,9.0352,9.2439,9.0352,9.1397,128283,0
1995-12-27,9.092,9.652,9.092,9.594,246045,0
1995-12-28,9.594,9.804,9.4445,9.652,484733,0
1995-12-29,9.853,10.006,9.853,9.911,459287,0
1996-01-02,9.804,9.853,9.652,9.755,566327,0
1996-01-03,9.755,9.755,9.3967,9.4995,345514,0
1996-01-04,9.4995,9.652,9.092,9.092,683881,0
1996-01-05,9.092,9.092,8.7307,8.7307,282848,0
1996-01-08,8.8351,8.8826,8.7875,8.8826,193472,0
1996-01-09,8.9397,8.9397,8.5783,8.7875,105777,0
1996-01-10,8.7875,8.7875,8.4262,8.5783,328062,0
1996-01-11,8.6261,8.6261,8.5309,8.5783,553076,0
1996-01-12,8.5783,8.683,8.3218,8.683,286844,0
1996-01-15,8.5783,8.6261,8.5309,8.5309,75285,0
1996-01-16,8.5783,8.5783,8.4738,8.5783,164870,0
1996-01-17,8.5879,8.6926,8.5879,8.6926,203987,0
1996-01-18,8.6926,8.8447,8.6926,8.7875,201882,0
1996-01-19,8.8447,8.9968,8.8447,8.9493,436575,0
1996-01-22,8.8924,9.2062,8.8924,9.2062,237631,0
1996-01-23,9.2062,9.2062,8.9968,9.2062,364233,0
1996-01-24,9.3014,9.4629,9.2062,9.4057,424585,0
1996-01-25,9.4629,9.4629,9.2537,9.2537,296726,0
1996-01-26,9.3586,9.4057,9.2062,9.3586,290625,0
1996-01-29,9.3014,9.613,9.2537,9.2537,467907,0
1996-01-30,9.2062,9.2537,9.1493,9.1493,863473,0
1996-01-31,9.2062,9.2062,9.1017,9.1493,544456,0
1996-02-01,9.1493,9.1493,9.0445,9.1017,456969,0
1996-02-02,9.1017,9.2062,9.0445,9.1493,381266,0
1996-02-05,9.1493,9.3586,9.1493,9.3586,135641,0
1996-02-06,9.2537,9.613,9.2537,9.613,232163,0
1996-02-07,9.4629,9.556,9.3014,9.556,312290,0
1996-02-08,9.556,9.719,9.3586,9.719,386736,0
1996-02-09,9.719,9.719,9.4629,9.4629,214081,0
1996-02-12,9.51,9.613,9.51,9.556,361499,0
1996-02-13,9.51,9.613,9.3586,9.4629,193891,0
1996-02-14,9.4629,9.51,9.1493,9.2537,176648,0
1996-02-15,9.2537,9.3586,9.2537,9.2537,90008,0
1996-02-16,9.2537,9.613,9.1493,9.613,203987,0
1996-02-20,9.51,9.662,9.51,9.556,242472,0
1996-02-21,9.613,9.719,9.613,9.719,352035,0
1996-02-22,9.765,9.977,9.765,9.977,337944,0
1996-02-23,9.977,10.234,9.977,10.129,502397,0
1996-02-26,10.129,10.328,10.072,10.129,308083,0
1996-02-27,10.177,10.177,9.872,10.026,190527,0
1996-02-28,10.177,10.281,10.072,10.072,346986,0
1996-02-29,10.072,10.177,9.814,9.814,168656,0
1996-03-01,9.977,9.977,9.872,9.977,146998,0
1996-03-04,9.977,10.177,9.977,9.977,200831,0
1996-03-05,9.977,10.234,9.662,10.129,451504,0
1996-03-06,10.129,10.177,9.977,10.177,186742,0
1996-03-07,10.129,10.177,10.072,10.177,236373,0
1996-03-08,10.177,10.177,9.872,9.921,168236,0
1996-03-11,9.765,9.872,9.51,9.814,181694,0
1996-03-12,9.719,9.814,9.4057,9.4629,604182,0
1996-03-13,9.4629,9.51,9.3014,9.4629,302407,0
1996-03-14,9.4629,9.613,9.4629,9.613,204408,0
1996-03-15,9.556,9.662,9.556,9.556,249202,0
1996-03-18,9.662,9.872,9.613,9.872,78649,0
1996-03-19,9.814,9.872,9.51,9.719,400821,0
1996-03-20,9.613,9.613,9.4057,9.4057,129750,0
1996-03-21,9.4057,9.4629,9.3586,9.4057,380003,0
1996-03-22,9.3586,9.662,9.33,9.662,565274,0
1996-03-25,9.662,9.719,9.613,9.662,178961,0
1996-03-26,9.556,9.719,9.556,9.556,122391,0
1996-03-27,9.662,9.662,9.556,9.613,166345,0
1996-03-28,9.556,9.613,9.2537,9.51,123023,0
1996-03-29,9.556,9.613,9.2062,9.2062,136690,0
1996-04-01,9.2062,9.4629,9.2062,9.3586,290208,0
1996-04-02,9.3014,9.3014,9.1017,9.1493,175593,0
1996-04-03,9.2062,9.3586,9.1493,9.2537,441619,0
1996-04-04,9.2537,9.2537,9.2062,9.2537,133958,0
1996-04-08,9.0445,9.0445,8.7875,8.8447,295255,0
1996-04-09,8.8924,8.8924,8.6355,8.6355,332058,0
1996-04-10,8.6355,8.6355,8.3309,8.4262,820153,0
1996-04-11,8.4262,8.7875,8.2738,8.7399,574739,0
1996-04-12,8.7399,8.7875,8.6355,8.6926,168236,0
1996-04-15,8.6926,8.8447,8.5879,8.8447,360869,0
1996-04-16,8.8447,9.1493,8.7875,9.1017,182325,0
1996-04-17,8.9493,9.1586,8.9493,9.1586,485571,0
1996-04-18,9.1017,9.1586,9.054,9.054,409443,0
1996-04-19,9.054,9.1017,9.0063,9.054,136690,0
1996-04-22,9.054,9.1586,9.054,9.1017,156671,0
1996-04-23,9.054,9.2062,9.0063,9.1586,175386,0
1996-04-24,9.2062,9.3686,9.1586,9.3686,276748,0
1996-04-25,9.3101,9.728,9.3101,9.728,255719,0
1996-04-26,9.623,9.623,9.2062,9.2062,223755,0
1996-04-29,9.1586,9.2631,9.1586,9.2062,393673,0
1996-04-30,9.1586,9.1586,9.054,9.1017,276541,0
1996-05-01,9.1017,9.1586,8.8447,8.8447,214081,0
1996-05-02,8.8447,9.0063,8.7971,8.9019,170551,0
1996-05-03,9.0063,9.0063,8.5879,8.5879,107881,0
1996-05-06,8.5404,8.6926,8.5404,8.5879,420801,0
1996-05-07,8.5879,9.0063,8.5879,8.9493,120080,0
1996-05-08,8.9019,9.054,8.9019,9.054,223755,0
1996-05-09,8.9493,9.054,8.8447,8.9019,262870,0
1996-05-10,8.9019,9.054,8.8447,9.0063,118818,0
1996-05-13,8.9493,9.1017,8.9493,9.1017,90427,0
1996-05-14,9.1017,9.1017,9.054,9.054,214922,0
1996-05-15,9.1017,9.1017,8.7399,8.9493,203776,0
1996-05-16,9.1017,9.2062,9.054,9.1017,410287,0
1996-05-17,9.1017,9.1017,8.9019,8.9493,199989,0
1996-05-20,8.9019,9.0063,8.8447,9.0063,53624,0
1996-05-21,8.9493,9.1017,8.9493,9.1017,273595,0
1996-05-22,9.1017,9.2062,9.054,9.054,922776,0
1996-05-23,9.1017,9.1586,9.054,9.054,1447044,0
1996-05-24,9.1017,9.1017,9.0063,9.0063,464123,0
1996-05-28,9.054,9.1017,8.8447,8.9019,353505,0
1996-05-29,8.9019,8.9493,8.6926,8.7399,1055261,0
1996-05-30,8.6926,8.9019,8.4834,8.8447,221860,0
1996-05-31,8.9019,9.0063,8.8447,9.0063,198308,0
1996-06-03,8.9019,9.054,8.9019,9.054,448773,0
1996-06-04,9.1017,9.1017,9.054,9.1017,476531,0
1996-06-05,9.054,9.1017,9.054,9.054,582731,0
1996-06-06,9.1017,9.1017,8.8447,8.8447,127019,0
1996-06-07,8.6926,8.9019,8.5879,8.6355,239317,0
1996-06-10,8.6355,8.7971,8.6355,8.7971,170551,0
1996-06-11,8.7971,8.8447,8.6355,8.6355,104515,0
1996-06-12,8.6355,8.7399,8.6355,8.6926,136690,0
1996-06-13,8.6355,8.6926,8.4834,8.4834,56781,0
1996-06-14,8.5879,8.5879,8.4357,8.5404,485780,0
1996-06-17,8.4834,8.4834,8.2268,8.3309,479055,0
1996-06-18,8.3309,8.3786,8.2268,8.3786,271700,0
1996-06-19,8.3309,8.4834,8.3309,8.3786,680936,0
1996-06-20,8.4834,8.6355,8.3786,8.5879,173705,0
1996-06-21,8.5879,8.6355,8.3786,8.3786,280744,0
1996-06-24,8.4357,8.4834,8.3309,8.4357,409866,0
1996-06-25,8.4834,8.5879,8.4357,8.5879,79281,0
1996-06-26,8.5879,8.6164,8.3309,8.3309,394514,0
1996-06-27,8.3786,8.7399,8.3786,8.6926,141951,0
1996-06-28,8.7399,8.8447,8.6355,8.8447,416599,0
1996-07-01,8.7971,8.8447,8.4357,8.4357,248149,0
1996-07-02,8.5879,8.6926,8.5404,8.6355,331636,0
1996-07-03,8.6355,8.6926,8.5879,8.6926,174124,0
1996-07-05,8.6355,8.6355,8.5879,8.6355,62880,0
1996-07-08,8.5879,8.6355,8.5404,8.5879,45845,0
1996-07-09,8.5879,8.6355,8.4357,8.4834,409866,0
1996-07-10,8.5404,8.5404,8.3786,8.3786,174124,0
1996-07-11,8.4834,8.4834,8.2738,8.2738,320069,0
1996-07-12,8.2738,8.3786,8.2268,8.3786,113557,0
1996-07-15,8.3309,8.3309,8.0173,8.0742,168868,0
1996-07-16,7.9125,8.0173,7.5514,7.8651,386522,0
1996-07-17,7.9222,8.3408,7.8746,8.2835,264765,0
1996-07-18,8.2835,8.3883,8.2835,8.3408,166345,0
1996-07-19,8.3408,8.3883,8.0266,8.0742,229433,0
1996-07-22,7.9222,7.9694,7.7132,7.9222,172651,0
1996-07-23,7.9222,8.0742,7.2944,7.399,385684,0
1996-07-24,7.1423,7.5611,7.1423,7.2944,347200,0
1996-07-25,7.4563,7.6081,7.3517,7.3517,272124,0
1996-07-26,7.3517,7.5611,7.3517,7.399,481156,0
1996-07-29,7.5037,7.5611,7.399,7.399,435525,0
1996-07-30,7.4563,7.5037,7.399,7.4563,275490,0
1996-07-31,7.3517,7.5611,7.3517,7.5037,66663,0
1996-08-01,7.6655,7.8746,7.6081,7.7698,380425,0
1996-08-02,7.8175,7.9222,7.7698,7.9222,438046,0
1996-08-05,8.0266,8.0266,7.9222,8.0266,209245,0
1996-08-06,7.9694,8.0266,7.9222,7.9694,197886,0
1996-08-07,8.0742,8.236,7.9694,8.179,228169,0
1996-08-08,8.1315,8.2835,8.1315,8.2835,217238,0
1996-08-09,8.3408,8.3883,8.2835,8.2835,369489,0
1996-08-12,8.236,8.3408,8.236,8.236,110825,0
1996-08-13,8.3408,8.3408,7.9222,7.9222,238056,0
1996-08-14,8.0266,8.1315,8.0266,8.0266,237425,0
1996-08-15,8.1315,8.179,8.0742,8.179,136904,0
1996-08-16,8.2835,8.2835,8.1315,8.179,118607,0
1996-08-19,8.236,8.236,8.1315,8.179,85171,0
1996-08-20,8.1315,8.179,8.0742,8.0742,258664,0
1996-08-21,8.0742,8.1315,8.0266,8.0742,158772,0
1996-08-22,8.0266,8.2835,8.0266,8.236,36803,0
1996-08-23,8.179,8.236,7.8746,7.9694,217657,0
1996-08-26,7.9222,7.9694,7.8746,7.9694,90427,0
1996-08-27,7.9694,7.9694,7.8175,7.8746,173705,0
1996-08-28,7.9694,8.0742,7.9694,8.0266,139847,0
1996-08-29,7.9694,8.0742,7.9222,7.9222,191997,0
1996-08-30,7.8746,7.8746,7.8175,7.8175,119658,0
1996-09-03,7.8175,7.9222,7.7698,7.8746,213447,0
1996-09-04,7.9694,8.236,7.9694,8.0742,242889,0
1996-09-05,7.9694,8.179,7.9694,8.0742,234479,0
1996-09-06,8.1315,8.1315,8.0742,8.1315,82855,0
1996-09-09,8.179,8.236,8.1315,8.179,131644,0
1996-09-10,8.2835,8.2835,8.1315,8.1315,45424,0
1996-09-11,8.0266,8.236,8.0266,8.236,83911,0
1996-09-12,8.236,8.236,8.179,8.179,65190,0
1996-09-13,8.236,8.236,8.1315,8.179,142370,0
1996-09-16,8.236,8.4455,8.236,8.2835,395356,0
1996-09-17,8.3408,8.4927,8.2835,8.4455,177070,0
1996-09-18,8.4455,8.4927,8.3883,8.4927,135641,0
1996-09-19,8.4455,8.5499,8.4455,8.5499,125757,0
1996-09-20,8.5974,8.5974,8.4927,8.5499,407763,0
1996-09-23,8.5974,8.7019,8.5499,8.6547,95898,0
1996-09-24,8.5974,8.7591,8.5974,8.6547,123653,0
1996-09-25,8.7019,8.7591,8.5499,8.5499,358766,0
1996-09-26,7.0853,7.2469,7.0377,7.1423,1995284,0
1996-09-27,7.1895,7.4563,7.1895,7.4563,896068,0
1996-09-30,7.4563,7.5037,7.4563,7.4563,291256,0
1996-10-01,7.4563,7.5037,7.399,7.399,493774,0
1996-10-02,7.399,7.399,7.1895,7.2944,370540,0
1996-10-03,7.3517,7.3517,7.2944,7.3517,120499,0
1996-10-04,7.2944,7.2944,7.2469,7.2944,209875,0
1996-10-07,7.2944,7.3517,7.2469,7.2469,181487,0
1996-10-08,7.1895,7.2469,7.1423,7.1895,366545,0
1996-10-09,7.2469,7.2469,6.8762,6.8762,444356,0
1996-10-10,6.8762,7.0377,6.7712,7.0377,302823,0
1996-10-11,7.0377,7.3517,7.0377,7.3517,552234,0
1996-10-14,7.399,7.4563,7.3517,7.4563,489566,0
1996-10-15,7.4563,7.4563,7.2944,7.399,405449,0
1996-10-16,7.4088,7.4563,7.3517,7.4088,211137,0
1996-10-17,7.4088,7.4088,7.2469,7.304,235318,0
1996-10-18,7.304,7.4088,7.304,7.3517,366336,0
1996-10-21,7.3517,7.5133,7.2469,7.2469,361707,0
1996-10-22,7.304,7.4088,7.1993,7.3517,274856,0
1996-10-23,7.2469,7.304,7.1423,7.2469,188845,0
1996-10-24,7.304,7.4088,7.2469,7.3517,344254,0
1996-10-25,7.2469,7.4563,7.2469,7.3517,343624,0
1996-10-28,7.3517,7.4563,7.3517,7.4088,331214,0
1996-10-29,7.4088,7.4088,7.2469,7.304,1019720,0
1996-10-30,7.304,7.4088,7.304,7.3517,327851,0
1996-10-31,7.3517,7.5133,7.304,7.4088,732039,0
1996-11-01,7.4563,7.5133,7.4088,7.5133,500926,0
1996-11-04,7.4563,7.6179,7.4563,7.6179,751806,0
1996-11-05,7.6179,7.6655,7.5611,7.6179,602708,0
1996-11-06,7.5611,7.6655,7.5133,7.6655,349722,0
1996-11-07,7.6655,7.7226,7.6179,7.7226,137113,0
1996-11-08,7.6179,7.7226,7.5611,7.6179,137113,0
1996-11-11,7.5611,7.7226,7.5611,7.6655,50262,0
1996-11-12,7.6655,7.7226,7.6179,7.7226,95264,0
1996-11-13,7.7226,7.7226,7.6179,7.6179,419119,0
1996-11-14,7.6179,7.6655,7.6179,7.6655,700074,0
1996-11-15,7.7226,7.7226,7.6179,7.6655,110404,0
1996-11-18,7.7226,7.7795,7.6655,7.6655,480735,0
1996-11-19,7.7226,7.7226,7.6655,7.6655,117766,0
1996-11-20,7.7226,7.8271,7.6655,7.6655,335423,0
1996-11-21,7.6655,7.884,7.6655,7.884,148047,0
1996-11-22,7.7795,8.0362,7.7795,7.9886,150991,0
1996-11-25,7.9318,7.9318,7.884,7.9318,287472,0
1996-11-26,7.9318,7.9318,7.7226,7.7795,274437,0
1996-11-27,7.7795,7.7795,7.6179,7.7226,181694,0
1996-11-29,7.6655,7.7226,7.6179,7.6655,112508,0
1996-12-02,7.6655,7.6655,7.6179,7.6179,233219,0
1996-12-03,7.6655,7.7226,7.6179,7.7226,191580,0
1996-12-04,7.6655,7.7226,7.6655,7.6655,92107,0
1996-12-05,7.6655,7.8271,7.6655,7.8271,205040,0
1996-12-06,7.7226,8.1408,7.7226,8.1408,384839,0
1996-12-09,8.1408,8.4072,8.0932,8.3501,574319,0
1996-12-10,8.3501,8.4072,8.1977,8.2457,359814,0
1996-12-11,8.1408,8.1977,8.0932,8.1977,216817,0
1996-12-12,8.1977,8.1977,8.0362,8.0932,129750,0
1996-12-13,8.1977,8.4547,8.1408,8.4072,366966,0
1996-12-16,8.4547,8.6164,8.4072,8.4547,302823,0
1996-12-17,8.3501,8.4547,8.2457,8.3501,311450,0
1996-12-18,8.3027,8.3501,8.1977,8.3027,165292,0
1996-12-19,8.4072,8.4547,8.1977,8.3027,277802,0
1996-12-20,8.7211,8.7211,8.3027,8.4072,548239,0
1996-12-23,8.4072,8.4072,8.1977,8.1977,262029,0
1996-12-24,8.2457,8.3501,8.1977,8.3501,236163,0
1996-12-26,8.3501,8.4072,8.3027,8.4072,231745,0
1996-12-27,8.4072,8.8826,8.4072,8.7686,280535,0
1996-12-30,8.7686,8.7686,8.5594,8.664,192630,0
1996-12-31,8.6164,8.664,8.4547,8.4547,165084,0
1997-01-02,8.5118,8.5118,8.2457,8.3501,417648,0
1997-01-03,8.4072,8.5118,8.4072,8.5118,255085,0
1997-01-06,8.6164,8.7211,8.5594,8.6164,575997,0
1997-01-07,8.6164,8.7211,8.5118,8.664,246678,0
1997-01-08,8.7211,8.7211,8.5594,8.6164,157931,0
1997-01-09,8.5594,8.8255,8.5594,8.8255,197257,0
1997-01-10,8.7211,8.7686,8.664,8.7686,283056,0
1997-01-13,8.7211,8.8255,8.6164,8.664,84750,0
1997-01-14,8.664,8.7686,8.6164,8.7211,220181,0
1997-01-15,8.6736,8.6736,8.5118,8.5118,206930,0
1997-01-16,8.569,8.569,8.4644,8.4644,216817,0
1997-01-17,8.5118,8.569,8.4644,8.569,202514,0
1997-01-20,8.569,8.569,8.4644,8.5118,58883,0
1997-01-21,8.4644,8.569,8.4644,8.4644,179594,0
1997-01-22,8.4072,8.569,8.4072,8.569,158983,0
1997-01-23,8.5118,9.4629,8.5118,8.8826,864527,0
1997-01-24,8.8826,9.1017,8.7307,9.0445,368437,0
1997-01-27,8.9872,8.9872,8.6736,8.7307,502397,0
1997-01-28,8.7307,8.8826,8.7307,8.8351,415123,0
1997-01-29,8.8351,8.8351,8.7781,8.7781,295675,0
1997-01-30,8.8351,8.9872,8.8351,8.9397,295888,0
1997-01-31,9.0445,9.1017,8.8826,8.9872,164453,0
1997-02-03,8.9872,9.1017,8.9397,9.0445,220810,0
1997-02-04,8.9872,9.1017,8.9397,9.1017,110614,0
1997-02-05,9.1493,9.4629,9.1017,9.2062,407553,0
1997-02-06,9.2062,9.3101,9.0445,9.1017,537725,0
1997-02-07,9.1493,9.3101,8.9397,9.1493,206298,0
1997-02-10,9.1493,9.623,9.1493,9.4147,262238,0
1997-02-11,9.4629,9.996,9.4629,9.833,608384,0
1997-02-12,9.833,10.261,9.785,10.205,874409,0
1997-02-13,10.205,10.423,9.996,9.996,644976,0
1997-02-14,9.996,9.996,9.728,9.785,488727,0
1997-02-18,9.892,9.892,9.728,9.785,538567,0
1997-02-19,9.728,9.785,9.574,9.574,241842,0
1997-02-20,9.623,9.623,9.2537,9.2537,285790,0
1997-02-21,9.3101,9.4147,9.2062,9.3586,568638,0
1997-02-24,9.519,9.623,9.4147,9.574,104307,0
1997-02-25,9.519,9.519,9.3101,9.3586,102625,0
1997-02-26,9.3586,9.3586,9.2537,9.3586,172233,0
1997-02-27,9.3101,9.4147,9.0445,9.0445,314392,0
1997-02-28,9.0445,9.3586,9.0445,9.2062,308923,0
1997-03-03,9.2062,9.4629,9.2062,9.4629,116293,0
1997-03-04,9.574,9.574,9.0445,9.0445,307663,0
1997-03-05,9.0445,9.3586,9.0445,9.3586,251303,0
1997-03-06,9.3586,9.3586,9.2062,9.2537,96315,0
1997-03-07,9.2537,9.3101,9.2062,9.2062,123232,0
1997-03-10,9.1493,9.4147,9.1493,9.4147,215761,0
1997-03-11,9.4147,9.4629,9.3101,9.3586,65611,0
1997-03-12,9.3586,9.4629,9.3101,9.3586,85379,0
1997-03-13,9.3101,9.3586,9.1017,9.1017,40797,0
1997-03-14,9.1493,9.2062,9.1017,9.1017,83911,0
1997-03-17,9.1493,9.1493,8.9872,9.1017,199989,0
1997-03-18,9.0445,9.1493,9.0445,9.1017,83695,0
1997-03-19,9.1017,9.1017,8.9397,8.9872,87480,0
1997-03-20,9.0445,9.2062,8.9872,9.2062,290208,0
1997-03-21,9.2537,9.2537,8.9397,8.9397,225230,0
1997-03-24,8.9872,8.9872,8.8826,8.9397,100943,0
1997-03-25,8.9397,9.3101,8.9397,9.1493,202514,0
1997-03-26,8.9397,9.2062,8.9397,9.1493,152673,0
1997-03-27,9.1017,9.2537,9.0445,9.0445,260767,0
1997-03-31,8.9397,8.9397,8.7307,8.8351,194315,0
1997-04-01,8.7307,8.7781,8.6164,8.7307,214081,0
1997-04-02,8.6164,8.6736,8.3598,8.4072,195784,0
1997-04-03,8.4072,8.4644,8.3598,8.4644,95474,0
1997-04-04,8.4072,8.5118,8.3598,8.5118,207561,0
1997-04-07,8.4644,8.5118,8.3027,8.3027,249832,0
1997-04-08,8.4072,8.4072,7.9318,8.0362,326798,0
1997-04-09,8.0362,8.0362,7.9318,8.0362,293364,0
1997-04-10,7.9318,8.3027,7.9318,8.2551,349722,0
1997-04-11,8.1408,8.1408,7.884,7.9318,99891,0
1997-04-14,7.884,7.884,7.6655,7.7226,208401,0
1997-04-15,7.8271,7.9318,7.7795,7.9318,459703,0
1997-04-16,7.8365,8.0458,7.7226,8.0458,274648,0
1997-04-17,8.1029,8.1505,8.0458,8.1505,112929,0
1997-04-18,8.2073,8.2551,7.9886,8.1029,89794,0
1997-04-21,8.1029,8.1505,7.9886,8.1029,570321,0
1997-04-22,7.9413,7.9886,7.8365,7.8365,431944,0
1997-04-23,7.7795,7.9886,7.7795,7.884,299247,0
1997-04-24,7.9886,7.9886,7.8365,7.884,184430,0
1997-04-25,7.884,7.884,7.8365,7.8365,141951,0
1997-04-28,7.7795,7.884,7.7226,7.7795,228382,0
1997-04-29,7.9413,8.1029,7.884,7.9413,152886,0
1997-04-30,7.8365,8.1505,7.8365,7.9886,253199,0
1997-05-01,8.0458,8.0458,7.9413,7.9413,84957,0
1997-05-02,8.0458,8.1505,7.9413,8.1029,352877,0
1997-05-05,8.2073,8.4738,8.1505,8.369,395987,0
1997-05-06,8.369,8.683,8.369,8.4168,504710,0
1997-05-07,8.4738,8.4738,8.2073,8.2073,370961,0
1997-05-08,8.1505,8.4168,8.1505,8.2551,317756,0
1997-05-09,8.3121,8.5215,8.2551,8.4168,418277,0
1997-05-12,8.369,8.5783,8.3121,8.5783,237631,0
1997-05-13,8.5783,8.6355,8.4738,8.5215,297568,0
1997-05-14,8.4168,8.5215,8.4168,8.4168,394093,0
1997-05-15,8.4168,8.4738,8.369,8.369,117134,0
1997-05-16,8.369,8.4738,8.2073,8.3121,293150,0
1997-05-19,8.2073,8.2551,8.2073,8.2551,113770,0
1997-05-20,8.4168,8.4168,8.2073,8.2551,143000,0
1997-05-21,8.3121,8.369,8.2073,8.2551,345094,0
1997-05-22,8.369,8.369,8.1505,8.1505,235532,0
1997-05-23,8.1029,8.5215,8.1029,8.4168,232587,0
1997-05-27,8.369,8.6355,8.2073,8.4738,281375,0
1997-05-28,8.4168,8.4738,8.4168,8.4168,92740,0
1997-05-29,8.369,8.4738,8.2073,8.3121,322173,0
1997-05-30,8.1505,8.369,8.1505,8.3121,369911,0
1997-06-02,8.2551,8.4168,8.2551,8.369,178332,0
1997-06-03,8.3121,8.4738,8.2551,8.4168,518588,0
1997-06-04,8.369,8.4738,8.2073,8.4168,488095,0
1997-06-05,8.4738,8.5783,8.4168,8.4168,92949,0
1997-06-06,8.4168,8.4738,8.369,8.4738,126390,0
1997-06-09,8.5215,8.7399,8.4738,8.6355,242261,0
1997-06-10,8.7399,8.7399,8.5215,8.5783,66663,0
1997-06-11,8.5783,8.5783,8.369,8.5215,276748,0
1997-06-12,8.5215,8.5783,8.4738,8.4738,315020,0
1997-06-13,8.4738,8.5215,8.369,8.4738,133748,0
1997-06-16,8.4738,8.5215,8.4168,8.4168,49629,0
1997-06-17,8.4168,8.683,8.4168,8.6355,136690,0
1997-06-18,8.6355,8.683,8.5783,8.683,97999,0
1997-06-19,8.7399,8.7399,8.6355,8.6355,147837,0
1997-06-20,8.5783,8.683,8.4738,8.5215,472113,0
1997-06-23,8.4738,8.6355,8.4738,8.5215,128914,0
1997-06-24,8.5215,8.7686,8.5215,8.7399,221437,0
1997-06-25,8.7399,8.9304,8.5215,8.5783,260767,0
1997-06-26,8.5499,8.664,8.4168,8.4738,317127,0
1997-06-27,8.6355,8.8731,8.5783,8.8731,257611,0
1997-06-30,8.8731,9.642,8.7971,9.594,1058000,0
1997-07-01,9.566,9.566,9.1966,9.33,391148,0
1997-07-02,9.33,9.4347,9.2157,9.4347,414074,0
1997-07-03,9.4809,9.538,9.33,9.3773,205248,0
1997-07-07,9.4347,9.4347,9.0063,9.1966,323223,0
1997-07-08,9.2157,9.2157,9.1679,9.1679,230061,0
1997-07-09,9.1966,9.1966,9.0634,9.1109,214289,0
1997-07-10,9.1109,9.1679,9.0352,9.0352,261185,0
1997-07-11,8.9304,9.1109,8.9304,9.1109,244995,0
1997-07-14,9.1397,9.3014,9.1109,9.1397,382948,0
1997-07-15,9.1397,9.1679,9.0352,9.1397,224387,0
1997-07-16,9.1204,9.3586,9.1204,9.2537,167606,0
1997-07-17,9.2253,9.2537,8.9304,9.0158,486203,0
1997-07-18,9.0158,9.0158,8.7399,8.9872,294413,0
1997-07-21,8.9872,8.9872,8.8543,8.9019,120290,0
1997-07-22,8.959,8.9872,8.7686,8.9304,125125,0
1997-07-23,8.8255,9.1204,8.369,9.0352,447721,0
1997-07-24,8.9872,9.0158,8.7686,8.9019,252565,0
1997-07-25,8.8543,8.9019,8.7114,8.8543,285790,0
1997-07-28,8.9019,8.9304,8.8255,8.8543,148047,0
1997-07-29,8.7686,8.8731,8.7399,8.7971,339838,0
1997-07-30,8.8255,8.8255,8.5783,8.7686,226488,0
1997-07-31,8.7686,8.8255,8.5783,8.7971,178961,0
1997-08-01,8.7399,8.8255,8.7114,8.8255,198101,0
1997-08-04,8.8543,8.8543,8.7399,8.7686,220810,0
1997-08-05,8.7114,8.8543,8.6926,8.8543,109984,0
1997-08-06,8.7971,9.0634,8.6926,8.9872,414704,0
1997-08-07,8.9872,9.0158,8.7399,8.7399,129120,0
1997-08-08,8.6926,8.7399,8.5309,8.5783,134798,0
1997-08-11,8.5783,9.0158,8.5783,8.8731,256771,0
1997-08-12,8.8255,8.9019,8.664,8.7114,109354,0
1997-08-13,8.6926,8.8255,8.5309,8.664,277380,0
1997-08-14,8.7114,8.8255,8.6355,8.7114,134169,0
1997-08-15,8.5783,8.607,8.0458,8.2073,638459,0
1997-08-18,8.236,8.5023,8.2073,8.4738,158142,0
1997-08-19,8.3976,9.2253,8.3976,9.2253,599342,0
1997-08-20,9.0634,9.1493,9.0158,9.1493,144261,0
1997-08-21,9.0634,9.092,8.7686,8.8255,299670,0
1997-08-22,8.8255,9.1966,8.8255,9.1493,452977,0
1997-08-25,9.4147,9.603,9.33,9.4445,705331,0
1997-08-26,9.4445,9.4905,9.0158,9.0634,515643,0
1997-08-27,9.0634,9.1204,9.0158,9.0352,260767,0
1997-08-28,9.0352,9.4147,9.0158,9.2537,404820,0
1997-08-29,9.2823,9.2823,9.092,9.1204,425429,0
1997-09-02,9.092,9.2253,9.092,9.1966,278641,0
1997-09-03,9.1679,9.3101,9.1679,9.2253,383791,0
1997-09-04,9.1679,9.2253,9.1493,9.1493,339838,0
1997-09-05,9.1966,9.2537,9.1493,9.1679,241842,0
1997-09-08,9.2253,9.3101,9.1204,9.1204,386100,0
1997-09-09,9.1493,9.2253,9.092,9.092,196628,0
1997-09-10,9.092,9.1493,8.9019,8.9019,221437,0
1997-09-11,9.0158,9.0352,8.6926,8.7114,452135,0
1997-09-12,8.7114,8.9019,8.7114,8.7971,98838,0
1997-09-15,8.8255,8.9304,8.664,8.7971,435733,0
1997-09-16,8.8731,9.0158,8.7971,8.7971,213869,0
1997-09-17,8.7971,9.1204,8.7971,8.959,1063251,0
1997-09-18,9.0158,9.1204,8.9019,8.9304,255508,0
1997-09-19,9.0158,9.0158,8.9019,8.9019,774097,0
1997-09-22,8.959,9.0352,8.6926,8.6926,193051,0
1997-09-23,8.6926,8.8255,8.664,8.7971,146575,0
1997-09-24,8.7971,9.2253,8.7971,9.1204,554970,0
1997-09-25,9.0352,9.2823,9.0352,9.1493,595976,0
1997-09-26,9.1493,9.1966,8.9872,8.9872,190527,0
1997-09-29,8.959,9.0352,8.8543,8.9304,161301,0
1997-09-30,8.959,9.092,8.8543,8.8731,241000,0
1997-10-01,8.959,9.2537,8.959,9.092,152256,0
1997-10-02,9.0352,9.0352,8.8731,8.9019,186321,0
1997-10-03,9.0158,9.0352,8.9019,8.9019,206722,0
1997-10-06,9.0158,9.519,9.0158,9.4445,482421,0
1997-10-07,9.4905,9.843,9.4445,9.843,708696,0
1997-10-08,9.843,9.843,9.4629,9.547,385263,0
1997-10-09,9.4629,9.652,9.33,9.547,189895,0
1997-10-10,9.4445,9.872,9.3872,9.843,327851,0
1997-10-13,9.737,9.755,9.623,9.709,176437,0
1997-10-14,9.814,9.843,9.4147,9.4905,212820,0
1997-10-15,9.4445,9.4714,9.0158,9.4714,290208,0
1997-10-16,9.556,9.662,9.4147,9.529,192841,0
1997-10-17,9.4147,9.4995,8.959,9.092,243523,0
1997-10-20,9.2062,9.556,9.1204,9.4714,188005,0
1997-10-21,9.4147,9.737,9.3967,9.737,150359,0
1997-10-22,9.691,9.765,9.574,9.574,146575,0
1997-10-23,9.2823,9.3403,8.9872,9.1773,193472,0
1997-10-24,9.2823,9.2823,9.1204,9.1204,70658,0
1997-10-27,9.092,9.1204,8.2551,8.664,163610,0
1997-10-28,8.1505,8.607,8.1219,8.5783,647078,0
1997-10-29,8.664,9.1773,8.664,9.0158,382525,0
1997-10-30,8.9113,8.9113,8.2551,8.2835,234901,0
1997-10-31,8.5309,9.0158,8.5023,8.9304,129544,0
1997-11-03,8.959,9.0728,8.5783,8.6926,338999,0
1997-11-04,8.6355,8.8826,8.5783,8.6355,337735,0
1997-11-05,8.607,8.7686,8.5783,8.664,406710,0
1997-11-06,8.6355,8.6355,8.3976,8.5783,118607,0
1997-11-07,8.4738,8.4738,8.1505,8.369,319438,0
1997-11-10,8.4168,8.664,8.3976,8.607,383791,0
1997-11-11,8.5783,8.6926,8.5309,8.5594,167815,0
1997-11-12,8.5309,8.5309,8.1219,8.2073,273595,0
1997-11-13,8.179,8.2835,8.1219,8.2551,460128,0
1997-11-14,8.3408,8.3408,8.2073,8.236,314604,0
1997-11-17,8.3408,8.7971,8.2835,8.5309,182118,0
1997-11-18,8.5309,8.6355,8.4168,8.5023,245835,0
1997-11-19,8.4455,8.6926,8.4455,8.5783,64351,0
1997-11-20,8.607,8.607,8.4168,8.5594,312921,0
1997-11-21,8.664,8.664,8.4738,8.5594,99259,0
1997-11-24,8.6355,8.6355,8.3976,8.4455,169918,0
1997-11-25,8.5023,8.5309,8.2551,8.2835,438468,0
1997-11-26,8.2835,8.4168,8.2835,8.4168,321960,0
1997-11-28,8.369,8.4738,8.3408,8.4738,79704,0
1997-12-01,8.5023,8.5783,8.4168,8.4738,221860,0
1997-12-02,8.4738,8.4738,8.2835,8.4168,216393,0
1997-12-03,8.3121,8.4738,8.3121,8.4168,186321,0
1997-12-04,8.4168,8.4455,8.3121,8.369,182956,0
1997-12-05,8.3408,8.3976,8.2551,8.369,292312,0
1997-12-08,8.3976,8.5023,8.369,8.4455,260554,0
1997-12-09,8.369,8.5783,8.3408,8.5309,189054,0
1997-12-10,8.4455,8.4738,8.3121,8.3976,214289,0
1997-12-11,8.3121,8.369,8.1219,8.2073,255085,0
1997-12-12,8.2551,8.2835,8.0458,8.1219,123023,0
1997-12-15,8.179,8.3121,8.1219,8.236,405660,0
1997-12-16,8.3408,8.3976,8.2551,8.369,201882,0
1997-12-17,8.2073,8.3408,8.179,8.2835,351616,0
1997-12-18,8.2551,8.2551,8.0932,8.179,234901,0
1997-12-19,7.9886,8.0742,7.7698,8.0742,700705,0
1997-12-22,8.179,8.5309,8.1505,8.5309,269388,0
1997-12-23,8.607,8.664,8.4455,8.5783,340678,0
1997-12-24,8.5023,8.607,8.5023,8.5309,112086,0
1997-12-26,8.5783,8.6926,8.5783,8.664,73602,0
1997-12-29,8.8543,8.8826,8.6926,8.7211,257611,0
1997-12-30,8.7399,8.9872,8.7399,8.959,144261,0
1997-12-31,8.9304,9.2537,8.8826,8.9872,166130,0
1998-01-02,8.9872,9.092,8.9872,9.0158,87907,0
1998-01-05,9.0158,9.4995,9.0158,9.4147,316283,0
1998-01-06,9.3686,9.4445,9.1493,9.1773,186321,0
1998-01-07,9.2537,9.3403,9.0158,9.0158,127437,0
1998-01-08,9.0728,9.2823,9.0445,9.1493,128700,0
1998-01-09,9.1493,9.1773,8.3976,8.5023,223962,0
1998-01-12,8.4738,8.9113,8.4455,8.8255,170127,0
1998-01-13,8.8826,8.8826,8.607,8.8255,420591,0
1998-01-14,8.8638,9.13,8.7781,9.13,296518,0
1998-01-15,9.1017,9.13,8.9968,9.1017,614485,0
1998-01-16,9.2439,9.2439,9.1017,9.2157,213241,0
1998-01-20,9.2157,9.977,9.2157,9.755,712269,0
1998-01-21,9.862,10.195,9.862,9.977,1279229,0
1998-01-22,9.892,9.892,9.785,9.892,692922,0
1998-01-23,9.862,10.082,9.814,10.026,531206,0
1998-01-26,10.006,10.357,10.006,10.271,631724,0
1998-01-27,10.215,10.386,10.167,10.3,481997,0
1998-01-28,10.357,10.707,10.357,10.623,614485,0
1998-01-29,10.679,11.034,10.489,10.575,648972,0
1998-01-30,10.517,10.623,10.433,10.489,275909,0
1998-02-02,10.594,10.707,10.545,10.679,575367,0
1998-02-03,10.679,10.737,10.517,10.679,510390,0
1998-02-04,10.594,10.956,10.594,10.813,325747,0
1998-02-05,10.785,11.498,10.785,11.194,1551351,0
1998-02-06,11.194,11.575,11.089,11.166,467276,0
1998-02-09,11.223,11.383,11.034,11.252,316494,0
1998-02-10,11.308,11.498,11.28,11.355,452767,0
1998-02-11,11.355,11.44,11.223,11.308,209665,0
1998-02-12,11.308,11.336,11.194,11.28,209454,0
1998-02-13,11.166,11.336,11.166,11.28,278432,0
1998-02-17,11.28,11.355,11.252,11.308,676942,0
1998-02-18,11.252,11.383,11.252,11.308,491463,0
1998-02-19,11.355,11.355,11.146,11.308,231116,0
1998-02-20,11.252,11.526,11.252,11.469,607963,0
1998-02-23,11.44,11.526,11.44,11.498,262659,0
1998-02-24,11.469,11.717,11.44,11.498,956004,0
1998-02-25,11.603,11.717,11.526,11.575,420591,0
1998-02-26,11.575,11.717,11.498,11.717,641825,0
1998-02-27,11.66,11.906,11.603,11.717,620374,0
1998-03-02,11.793,11.954,11.688,11.88,665161,0
1998-03-03,11.764,11.85,11.736,11.793,222914,0
1998-03-04,11.88,11.88,11.717,11.736,562957,0
1998-03-05,11.631,11.793,11.546,11.66,571163,0
1998-03-06,11.631,12.231,11.631,11.925,662008,0
1998-03-09,11.88,11.983,11.793,11.954,529105,0
1998-03-10,11.954,12.011,11.88,11.906,510597,0
1998-03-11,11.793,12.038,11.736,12.011,211977,0
1998-03-12,11.906,12.289,11.85,11.983,235951,0
1998-03-13,12.038,12.096,11.954,12.038,103674,0
1998-03-16,12.067,12.393,12.067,12.174,473584,0
1998-03-17,12.231,12.231,11.983,12.174,136904,0
1998-03-18,12.174,12.202,12.067,12.144,300301,0
1998-03-19,12.067,12.289,12.011,12.174,335212,0
1998-03-20,12.011,12.067,11.717,11.954,948222,0
1998-03-23,11.88,11.954,11.736,11.954,231116,0
1998-03-24,11.85,12.096,11.85,11.925,514592,0
1998-03-25,11.925,12.115,11.925,12.038,278641,0
1998-03-26,12.038,12.038,11.925,11.983,167185,0
1998-03-27,11.983,12.231,11.983,12.067,291256,0
1998-03-30,12.231,12.366,12.202,12.366,266023,0
1998-03-31,12.366,12.934,12.366,12.639,511230,0
1998-04-01,12.639,12.77,12.449,12.77,295888,0
1998-04-02,12.77,12.77,12.525,12.686,207561,0
1998-04-03,12.686,12.827,12.583,12.686,296310,0
1998-04-06,12.639,12.799,12.308,12.337,165084,0
1998-04-07,12.115,12.202,12.011,12.144,190948,0
1998-04-08,12.144,12.174,11.793,12.096,449821,0
1998-04-09,12.115,12.934,12.115,12.666,331429,0
1998-04-13,12.612,12.612,12.289,12.421,201882,0
1998-04-14,12.421,12.714,12.421,12.666,268970,0
1998-04-15,12.886,13.079,12.695,12.973,398721,0
1998-04-16,12.944,12.944,12.78,12.78,236373,0
1998-04-17,12.78,12.915,12.752,12.857,281586,0
1998-04-20,12.809,12.973,12.78,12.944,245835,0
1998-04-21,13.002,13.657,12.973,13.541,511439,0
1998-04-22,13.541,13.657,13.408,13.541,613011,0
1998-04-23,13.515,13.686,13.249,13.437,1358301,0
1998-04-24,13.437,13.485,13.221,13.269,373907,0
1998-04-27,13.002,13.221,12.915,13.107,338786,0
1998-04-28,13.107,13.325,13.107,13.221,329742,0
1998-04-29,13.191,13.249,13.031,13.031,591139,0
1998-04-30,13.051,13.191,13.051,13.163,983552,0
1998-05-01,13.163,13.269,13.079,13.191,606493,0
1998-05-04,13.221,13.249,13.079,13.134,210295,0
1998-05-05,13.325,13.325,13.107,13.163,198101,0
1998-05-06,13.221,13.221,12.944,13.163,386100,0
1998-05-07,13.051,13.051,12.666,12.886,398296,0
1998-05-08,12.78,13.296,12.78,13.079,459076,0
1998-05-11,13.107,13.269,13.031,13.269,262870,0
1998-05-12,13.249,13.515,13.249,13.515,420381,0
1998-05-13,13.541,14.287,13.541,13.876,859269,0
1998-05-14,13.979,14.199,13.686,14.17,863895,0
1998-05-15,14.065,14.065,13.763,13.876,465806,0
1998-05-18,13.847,14.065,13.819,13.979,287472,0
1998-05-19,13.895,14.448,13.895,14.361,786925,0
1998-05-20,14.361,14.751,14.141,14.721,501764,0
1998-05-21,14.606,14.606,14.008,14.094,310394,0
1998-05-22,14.094,14.094,13.79,13.979,160242,0
1998-05-26,13.979,13.979,13.541,13.541,303666,0
1998-05-27,13.325,13.325,12.723,13.031,476738,0
1998-05-28,13.079,13.979,13.002,13.571,647921,0
1998-05-29,13.876,13.95,13.706,13.763,688927,0
1998-06-01,13.979,14.287,13.763,13.876,581884,0
1998-06-02,13.979,14.258,13.819,13.847,429212,0
1998-06-03,13.79,13.923,13.466,13.571,261609,0
1998-06-04,13.571,13.734,13.485,13.734,166762,0
1998-06-05,13.734,13.734,13.296,13.352,230275,0
1998-06-08,13.325,13.599,13.269,13.269,301143,0
1998-06-09,13.38,13.515,13.325,13.352,398296,0
1998-06-10,13.38,13.437,13.134,13.163,265395,0
1998-06-11,13.163,13.163,12.666,12.944,405238,0
1998-06-12,12.886,12.944,12.402,12.534,230482,0
1998-06-15,12.231,12.564,12.231,12.318,393462,0
1998-06-16,12.26,12.62,12.26,12.421,227331,0
1998-06-17,12.507,13.051,12.507,12.78,233008,0
1998-06-18,12.809,12.809,12.564,12.639,214922,0
1998-06-19,12.534,12.639,12.373,12.478,206930,0
1998-06-22,12.449,12.78,12.421,12.723,98630,0
1998-06-23,12.666,12.915,12.666,12.837,123232,0
1998-06-24,12.944,13.163,12.837,13.051,304506,0
1998-06-25,13.002,13.163,12.809,12.915,244153,0
1998-06-26,12.837,13.079,12.837,12.973,135430,0
1998-06-29,13.079,13.107,13.002,13.031,206298,0
1998-06-30,13.079,13.163,13.002,13.107,661167,0
1998-07-01,13.107,13.163,12.944,13.031,208194,0
1998-07-02,12.973,13.134,12.954,13.031,112929,0
1998-07-06,12.915,13.079,12.837,13.051,171808,0
1998-07-07,13.002,13.079,12.944,12.944,182747,0
1998-07-08,12.973,13.002,12.915,12.944,64771,0
1998-07-09,12.507,12.78,12.507,12.723,254880,0
1998-07-10,12.666,12.752,12.26,12.373,198727,0
1998-07-13,12.346,12.373,11.88,12.067,544244,0
1998-07-14,12.067,12.26,12.011,12.067,502397,0
1998-07-15,12.154,12.534,12.038,12.449,237844,0
1998-07-16,12.478,13.002,12.318,12.837,738977,0
1998-07-17,12.886,12.915,12.449,12.837,412811,0
1998-07-20,12.666,12.752,12.564,12.723,107671,0
1998-07-21,12.837,12.973,12.564,12.695,435525,0
1998-07-22,12.866,12.895,12.459,12.459,233428,0
1998-07-23,12.346,12.402,12.183,12.373,425008,0
1998-07-24,12.373,12.373,12.125,12.241,272965,0
1998-07-27,12.125,12.402,11.935,11.964,176858,0
1998-07-28,11.906,11.906,11.526,11.66,227538,0
1998-07-29,11.774,11.774,11.498,11.555,70028,0
1998-07-30,11.44,11.688,11.44,11.631,210927,0
1998-07-31,11.526,11.603,11.252,11.336,178541,0
1998-08-03,11.383,12.067,11.383,12.047,342358,0
1998-08-04,12.047,12.516,12.047,12.516,663270,0
1998-08-05,12.459,12.76,12.125,12.76,248989,0
1998-08-06,12.732,12.732,12.544,12.648,419541,0
1998-08-07,12.564,12.78,12.299,12.346,526159,0
1998-08-10,12.212,12.299,11.993,12.212,220391,0
1998-08-11,12.183,12.346,11.906,12.346,191789,0
1998-08-12,12.459,12.704,12.431,12.676,251091,0
1998-08-13,12.676,12.704,12.373,12.431,177278,0
1998-08-14,12.431,12.564,12.373,12.459,86640,0
1998-08-17,12.402,12.488,12.346,12.431,160242,0
1998-08-18,12.402,12.78,12.402,12.732,156671,0
1998-08-19,12.676,12.732,12.544,12.676,195575,0
1998-08-20,12.676,12.732,12.516,12.676,281586,0
1998-08-21,12.564,12.593,12.299,12.488,116293,0
1998-08-24,12.299,12.402,12.047,12.154,186112,0
1998-08-25,11.964,12.241,11.631,11.832,385468,0
1998-08-26,11.555,11.631,11.166,11.166,568638,0
1998-08-27,11.166,11.194,10.319,10.594,675683,0
1998-08-28,10.756,10.89,10.48,10.507,557286,0
1998-08-31,10.623,10.89,10.29,10.29,290625,0
1998-09-01,10.347,10.395,8.2835,8.5309,3387650,0
1998-09-02,8.6164,10.177,8.5879,9.662,1164825,0
1998-09-03,9.709,10.395,9.2727,10.045,1005421,0
1998-09-04,10.261,10.347,9.737,10.347,712694,0
1998-09-08,10.347,10.423,10.158,10.395,382525,0
1998-09-09,10.423,10.507,10.319,10.377,458862,0
1998-09-10,10.261,10.29,9.929,10.1,275278,0
1998-09-11,10.045,10.423,9.929,10.205,161506,0
1998-09-14,10.205,10.319,10.045,10.158,744236,0
1998-09-15,10.177,10.205,10.1,10.177,230901,0
1998-09-16,10.177,10.319,9.958,10.072,510597,0
1998-09-17,10.045,10.177,9.882,9.929,389049,0
1998-09-18,9.929,9.929,9.603,9.603,681357,0
1998-09-21,9.603,9.603,9.3586,9.4445,395144,0
1998-09-22,9.547,10.045,9.547,9.929,337525,0
1998-09-23,10.158,10.261,10.129,10.177,353930,0
1998-09-24,10.177,10.507,9.929,9.987,286844,0
1998-09-25,9.882,10.072,9.824,9.853,264970,0
1998-09-28,10.016,10.045,9.765,9.853,299462,0
1998-09-29,9.882,10.377,9.882,10.29,798700,0
1998-09-30,10.205,10.536,9.709,9.929,261609,0
1998-10-01,9.794,9.987,9.574,9.882,329111,0
1998-10-02,9.824,10.319,9.824,10.205,296310,0
1998-10-05,10.1,10.507,9.987,10.395,353084,0
1998-10-06,10.395,10.565,10.158,10.261,234901,0
1998-10-07,10.205,10.319,9.765,10.072,183798,0
1998-10-08,9.958,9.958,9.0255,9.574,222704,0
1998-10-09,9.547,9.547,8.9968,9.2727,363600,0
1998-10-12,9.4147,9.911,9.4147,9.853,162138,0
1998-10-13,9.794,9.958,9.709,9.765,176228,0
1998-10-14,9.662,9.709,9.4445,9.547,499874,0
1998-10-15,9.4629,9.987,9.4147,9.929,310815,0
1998-10-16,10.045,10.507,9.958,10.205,413018,0
1998-10-19,10.205,10.377,10.177,10.377,244574,0
1998-10-20,10.29,10.594,10.29,10.377,129120,0
1998-10-21,10.3,10.319,9.719,9.794,348041,0
1998-10-22,9.911,9.911,9.633,9.853,225016,0
1998-10-23,10.045,11.043,9.939,11.014,397248,0
1998-10-26,11.014,11.402,10.985,11.261,316075,0
1998-10-27,11.203,11.374,11.071,11.127,216817,0
1998-10-28,11.232,11.374,11.043,11.156,226488,0
1998-10-29,11.071,11.156,11.071,11.156,110614,0
1998-10-30,11.318,11.345,10.985,11.098,328062,0
1998-11-02,11.203,11.479,11.071,11.374,227749,0
1998-11-03,11.479,11.593,11.232,11.536,97789,0
1998-11-04,11.508,12.03,11.508,12.03,172442,0
1998-11-05,12.03,12.289,11.898,12.231,162980,0
1998-11-06,12.174,12.393,11.983,12.289,64351,0
1998-11-09,12.202,12.695,12.202,12.583,165292,0
1998-11-10,12.507,12.639,12.289,12.289,194944,0
1998-11-11,12.231,12.26,11.508,11.783,144895,0
1998-11-12,11.812,12.144,11.707,12.144,89585,0
1998-11-13,12.03,12.231,11.593,11.925,153726,0
1998-11-16,11.983,12.057,11.479,11.707,113557,0
1998-11-17,11.783,12.03,11.783,11.87,83911,0
1998-11-18,11.87,12.011,11.565,11.736,181066,0
1998-11-19,11.736,11.736,11.203,11.651,723205,0
1998-11-20,11.651,11.87,11.374,11.736,149310,0
1998-11-23,11.678,11.983,11.593,11.983,196416,0
1998-11-24,11.983,12.337,11.87,12.03,262870,0
1998-11-25,12.03,12.057,11.906,11.983,153513,0
1998-11-27,12.03,12.174,11.983,12.086,112929,0
1998-11-30,12.03,12.337,11.925,12.337,357923,0
1998-12-01,12.337,13.002,12.202,12.666,339838,0
1998-12-02,12.564,12.564,12.115,12.308,320909,0
1998-12-03,12.421,12.583,12.174,12.449,180645,0
1998-12-04,12.449,12.564,12.308,12.393,94635,0
1998-12-07,12.289,12.564,12.231,12.507,159404,0
1998-12-08,12.449,12.564,12.144,12.202,136272,0
1998-12-09,12.289,12.421,11.898,12.174,161928,0
1998-12-10,12.144,12.174,11.707,11.925,100101,0
1998-12-11,11.983,11.983,11.651,11.898,105361,0
1998-12-14,11.783,11.812,11.402,11.756,68558,0
1998-12-15,11.87,11.87,11.318,11.707,138164,0
1998-12-16,11.622,11.622,11.098,11.156,196416,0
1998-12-17,11.318,11.622,11.318,11.565,131644,0
1998-12-18,11.318,11.651,11.261,11.651,273173,0
1998-12-21,11.707,11.842,11.374,11.842,170551,0
1998-12-22,11.736,11.756,11.43,11.651,126596,0
1998-12-23,11.707,11.898,11.289,11.842,165503,0
1998-12-24,11.842,12.202,11.842,12.115,76129,0
1998-12-28,12.289,12.289,12.011,12.057,98838,0
1998-12-29,11.954,12.057,11.593,11.954,61195,0
1998-12-30,11.954,12.337,11.87,12.289,162980,0
1998-12-31,12.231,12.337,12.231,12.289,112508,0
1999-01-04,12.174,12.78,12.174,12.723,282006,0
1999-01-05,12.612,13.088,12.612,13.088,184430,0
1999-01-06,13.06,13.334,12.973,13.278,433208,0
1999-01-07,13.163,13.249,12.752,12.837,153305,0
1999-01-08,12.809,13.191,12.612,12.915,254455,0
1999-01-11,12.809,12.809,12.308,12.583,236373,0
1999-01-12,12.534,12.752,12.534,12.666,107671,0
1999-01-13,12.695,12.695,12.449,12.639,411339,0
1999-01-14,12.639,12.639,12.289,12.366,1280068,0
1999-01-15,12.366,12.809,12.308,12.809,132065,0
1999-01-19,12.666,12.666,12.231,12.421,349302,0
1999-01-20,12.346,12.402,11.983,12.096,742554,0
1999-01-21,12.096,12.318,11.898,12.067,225016,0
1999-01-22,11.954,12.154,11.707,11.898,160036,0
1999-01-25,12.067,12.459,11.822,12.459,424376,0
1999-01-26,12.564,12.76,12.318,12.704,604810,0
1999-01-27,12.76,12.925,12.459,12.593,410918,0
1999-01-28,12.593,13.012,12.593,12.79,548239,0
1999-01-29,12.732,12.866,12.534,12.593,123023,0
1999-02-01,12.534,12.818,12.488,12.62,170127,0
1999-02-02,12.534,12.62,12.125,12.26,225857,0
1999-02-03,12.231,12.732,12.231,12.732,339414,0
1999-02-04,12.62,12.62,12.011,12.011,379163,0
1999-02-05,12.125,12.289,12.038,12.231,230061,0
1999-02-08,12.402,12.402,11.87,11.954,266023,0
1999-02-09,12.038,12.038,11.764,11.764,436782,0
1999-02-10,11.793,11.925,11.764,11.85,147416,0
1999-02-11,11.925,12.183,11.85,12.183,276748,0
1999-02-12,12.231,12.231,11.707,11.925,190109,0
1999-02-16,11.983,12.202,11.822,11.898,127648,0
1999-02-17,11.793,12.096,11.764,11.898,80126,0
1999-02-18,11.925,11.983,11.793,11.925,230275,0
1999-02-19,12.011,12.346,12.011,12.289,269600,0
1999-02-22,12.231,12.318,12.154,12.26,404820,0
1999-02-23,12.26,12.373,12.125,12.202,233428,0
1999-02-24,12.318,12.373,11.898,12.011,191370,0
1999-02-25,11.898,12.038,11.518,12.038,127019,0
1999-02-26,11.983,12.011,11.43,11.764,320909,0
1999-03-01,11.651,11.793,11.46,11.764,191580,0
1999-03-02,11.764,12.011,11.707,11.87,169075,0
1999-03-03,11.87,11.87,11.622,11.707,131224,0
1999-03-04,11.707,12.011,11.678,11.87,201672,0
1999-03-05,11.983,12.231,11.983,12.231,228802,0
1999-03-08,12.318,12.402,12.231,12.373,613011,0
1999-03-09,12.26,12.373,12.096,12.125,186112,0
1999-03-10,12.125,12.202,12.011,12.096,159196,0
1999-03-11,12.096,12.402,12.096,12.318,201463,0
1999-03-12,12.154,12.289,11.87,12.183,429003,0
1999-03-15,12.183,12.402,12.154,12.318,169290,0
1999-03-16,12.202,12.516,12.125,12.318,394093,0
1999-03-17,12.231,12.318,11.954,11.954,236163,0
1999-03-18,11.925,11.954,11.764,11.822,275490,0
1999-03-19,12.125,12.154,11.954,12.011,235110,0
1999-03-22,12.011,12.096,11.793,11.898,117977,0
1999-03-23,11.85,11.925,11.536,11.707,320489,0
1999-03-24,11.822,11.822,11.402,11.565,295466,0
1999-03-25,11.651,11.85,11.565,11.678,174964,0
1999-03-26,11.736,11.793,11.565,11.622,189476,0
1999-03-29,11.651,11.793,11.622,11.707,240577,0
1999-03-30,11.593,11.678,11.318,11.43,417437,0
1999-03-31,11.43,11.764,11.43,11.707,169497,0
1999-04-01,11.925,11.925,11.736,11.87,126390,0
1999-04-05,11.925,12.038,11.764,12.038,162769,0
1999-04-06,11.954,12.154,11.954,12.038,144055,0
1999-04-07,12.125,12.318,12.011,12.125,186742,0
1999-04-08,12.067,12.125,11.898,12.067,107671,0
1999-04-09,12.202,12.488,12.011,12.231,202305,0
1999-04-12,12.183,12.402,11.983,12.318,256139,0
1999-04-13,12.231,12.318,11.764,11.898,319438,0
1999-04-14,11.898,12.318,11.85,12.096,158562,0
1999-04-15,12.154,12.318,11.87,12.318,260348,0
1999-04-16,12.154,12.62,12.154,12.26,312290,0
1999-04-19,12.346,12.983,12.346,12.676,382317,0
1999-04-20,12.76,12.866,12.62,12.76,333739,0
1999-04-21,12.742,12.905,12.544,12.876,312500,0
1999-04-22,12.876,13.437,12.76,13.437,315235,0
1999-04-23,13.38,13.913,13.352,13.8,373485,0
1999-04-26,13.8,14.018,13.599,13.599,627730,0
1999-04-27,13.715,14.692,13.657,14.664,656332,0
1999-04-28,14.578,14.606,14.277,14.38,252985,0
1999-04-29,14.277,14.361,13.857,14.018,500709,0
1999-04-30,13.913,14.132,13.8,13.94,184848,0
1999-05-03,13.829,13.829,13.495,13.772,244995,0
1999-05-04,13.886,14.913,13.886,14.778,580415,0
1999-05-05,14.778,14.826,14.277,14.721,568008,0
1999-05-06,14.721,14.721,14.335,14.521,217022,0
1999-05-07,14.521,14.826,14.521,14.635,385895,0
1999-05-10,14.578,14.578,14.075,14.219,228382,0
1999-05-11,14.103,14.438,14.103,14.361,195366,0
1999-05-12,14.361,14.438,14.103,14.306,237001,0
1999-05-13,14.306,14.361,13.886,13.989,139215,0
1999-05-14,14.075,14.103,13.657,14.018,136272,0
1999-05-17,14.132,14.132,13.829,14.103,140479,0
1999-05-18,14.047,14.132,13.628,13.743,112508,0
1999-05-19,13.857,14.277,13.772,14.248,185271,0
1999-05-20,14.219,14.248,14.047,14.161,53624,0
1999-05-21,14.047,14.248,13.628,13.886,198101,0
1999-05-24,13.8,13.913,13.599,13.686,86010,0
1999-05-25,13.715,13.886,13.163,13.296,239740,0
1999-05-26,13.352,13.408,13.182,13.38,230694,0
1999-05-27,13.269,13.269,12.602,12.934,250040,0
1999-05-28,13.107,13.352,13.107,13.24,107671,0
1999-06-01,13.24,13.352,13.079,13.325,140265,0
1999-06-02,13.38,13.437,12.573,12.905,442462,0
1999-06-03,12.934,13.38,12.76,13.325,234058,0
1999-06-04,13.325,13.495,13.296,13.466,111876,0
1999-06-07,13.437,13.495,13.352,13.437,135641,0
1999-06-08,13.657,13.657,13.437,13.571,207770,0
1999-06-09,13.466,13.8,13.466,13.686,236796,0
1999-06-10,13.628,13.743,13.437,13.657,324485,0
1999-06-11,13.599,13.772,13.523,13.628,56569,0
1999-06-14,13.743,13.829,13.657,13.743,129332,0
1999-06-15,13.772,14.161,13.715,13.913,319229,0
1999-06-16,14.19,14.19,13.857,14.132,242889,0
1999-06-17,13.913,14.047,13.886,14.018,116503,0
1999-06-18,13.94,14.132,13.857,13.94,189268,0
1999-06-21,13.913,14.103,13.829,13.857,332476,0
1999-06-22,13.829,14.103,13.715,13.989,153726,0
1999-06-23,14.103,14.161,13.989,14.132,123653,0
1999-06-24,14.103,14.248,14.018,14.19,178961,0
1999-06-25,14.19,14.248,13.989,14.132,162347,0
1999-06-28,14.248,14.465,14.161,14.277,341100,0
1999-06-29,14.493,14.97,14.493,14.97,856112,0
1999-06-30,14.97,16.055,14.797,15.892,914366,0
1999-07-01,15.778,15.806,15.445,15.778,404187,0
1999-07-02,15.949,16.168,15.749,15.949,608384,0
1999-07-06,15.92,15.92,15.216,15.216,245203,0
1999-07-07,15.17,15.605,14.999,15.359,213031,0
1999-07-08,15.273,15.417,15.028,15.331,217238,0
1999-07-09,15.445,15.529,15.056,15.244,197886,0
1999-07-12,15.273,15.303,14.826,15.303,369277,0
1999-07-13,15.388,15.445,14.942,15.417,322173,0
1999-07-14,15.303,15.388,15.114,15.273,169290,0
1999-07-15,15.303,15.778,15.303,15.663,288734,0
1999-07-16,15.605,15.634,15.359,15.502,145313,0
1999-07-19,15.558,15.605,15.17,15.445,151834,0
1999-07-20,15.331,15.331,14.884,15.028,185062,0
1999-07-21,15.037,15.615,15.037,15.587,184009,0
1999-07-22,15.539,15.567,15.398,15.454,295675,0
1999-07-23,15.339,15.398,15.17,15.398,262448,0
1999-07-26,15.283,15.454,15.037,15.142,423115,0
1999-07-27,15.114,15.427,15.114,15.427,291048,0
1999-07-28,15.454,15.483,15.066,15.226,306612,0
1999-07-29,15.197,15.197,14.836,14.98,131015,0
1999-07-30,14.98,15.066,14.606,15.037,151415,0
1999-08-02,15.066,15.283,15.037,15.114,166977,0
1999-08-03,15.197,15.226,14.503,15.226,445405,0
1999-08-04,15.114,15.226,14.865,14.894,350563,0
1999-08-05,14.894,15.226,14.894,15.114,302193,0
1999-08-06,15.066,15.283,14.692,14.865,313761,0
1999-08-09,14.778,15.066,14.778,14.95,411126,0
1999-08-10,14.98,14.98,14.778,14.865,291048,0
1999-08-11,14.778,15.17,14.721,15.114,285159,0
1999-08-12,15.066,15.066,14.807,14.98,141319,0
1999-08-13,14.98,14.98,14.836,14.95,213031,0
1999-08-16,14.865,14.98,14.836,14.98,201882,0
1999-08-17,15.009,15.009,14.778,14.922,146998,0
1999-08-18,14.894,14.894,14.559,14.692,177492,0
1999-08-19,14.664,14.692,14.503,14.586,244995,0
1999-08-20,14.586,14.894,14.53,14.865,815946,0
1999-08-23,14.894,15.226,14.894,15.17,182956,0
1999-08-24,15.066,15.17,15.066,15.17,182747,0
1999-08-25,15.197,15.615,15.17,15.454,144475,0
1999-08-26,15.539,15.539,15.066,15.114,142789,0
1999-08-27,15.114,15.17,14.103,14.448,316283,0
1999-08-30,14.335,14.751,14.277,14.335,344045,0
1999-08-31,14.335,14.559,14.219,14.248,382948,0
1999-09-01,14.248,14.922,14.248,14.778,440571,0
1999-09-02,14.692,14.836,14.635,14.807,238266,0
1999-09-03,15.114,15.615,15.114,15.454,216393,0
1999-09-07,15.539,15.615,15.226,15.398,192212,0
1999-09-08,15.283,15.368,15.066,15.312,218708,0
1999-09-09,15.283,15.283,14.922,15.066,136272,0
1999-09-10,15.17,15.672,15.114,15.672,347409,0
1999-09-13,15.615,15.987,15.454,15.958,245835,0
1999-09-14,15.958,16.909,15.958,16.851,1188801,0
1999-09-15,17.023,17.023,16.567,16.596,661381,0
1999-09-16,16.596,16.596,16.406,16.463,232798,0
1999-09-17,15.902,16.624,15.845,16.624,361287,0
1999-09-20,16.738,16.738,16.348,16.653,280744,0
1999-09-21,16.547,16.682,16.291,16.653,289999,0
1999-09-22,16.567,16.88,16.52,16.596,289578,0
1999-09-23,16.596,16.966,16.348,16.491,368015,0
1999-09-24,16.491,16.624,16.291,16.463,226488,0
1999-09-27,16.463,17.243,16.434,16.966,641613,0
1999-09-28,17.023,17.632,16.738,17.158,737715,0
1999-09-29,17.214,17.575,16.909,17.472,422271,0
1999-09-30,17.472,17.888,17.186,17.804,685564,0
1999-10-01,17.688,17.716,17.243,17.356,483893,0
1999-10-04,17.272,17.575,16.994,17.556,365282,0
1999-10-05,17.575,17.659,17.443,17.603,318807,0
1999-10-06,17.659,17.888,17.472,17.804,425008,0
1999-10-07,17.888,18.196,17.632,18.003,352667,0
1999-10-08,17.947,18.196,17.716,17.86,302193,0
1999-10-11,17.888,17.888,17.556,17.831,265395,0
1999-10-12,17.804,17.831,17.659,17.775,413232,0
1999-10-13,17.746,17.746,17.158,17.472,327008,0
1999-10-14,17.472,17.472,17.1,17.272,183376,0
1999-10-15,17.414,17.414,16.406,16.52,356451,0
1999-10-18,16.624,16.936,16.406,16.547,269177,0
1999-10-19,16.653,17.071,16.653,16.823,211137,0
1999-10-20,16.919,17.196,16.861,17.196,211977,0
1999-10-21,17.196,17.31,16.946,17.253,335630,0
1999-10-22,17.253,17.697,17.081,17.253,232587,0
1999-10-25,17.537,18.346,17.537,18.012,887450,0
1999-10-26,18.099,18.099,17.481,17.566,346986,0
1999-10-27,17.613,17.784,17.253,17.337,316705,0
1999-10-28,17.31,17.956,17.31,17.784,248779,0
1999-10-29,17.697,18.375,17.697,18.346,302823,0
1999-11-01,18.205,18.403,17.755,17.956,200412,0
1999-11-02,17.984,17.984,17.755,17.869,460545,0
1999-11-03,17.984,18.041,16.966,17.51,509967,0
1999-11-04,17.613,17.613,17.31,17.337,218076,0
1999-11-05,17.453,17.669,17.423,17.642,241000,0
1999-11-08,17.869,17.956,17.51,17.927,188845,0
1999-11-09,17.898,17.927,17.566,17.755,254245,0
1999-11-10,17.642,18.186,17.585,17.898,266653,0
1999-11-11,18.099,18.29,17.898,18.29,181694,0
1999-11-12,18.346,18.403,17.927,18.041,465593,0
1999-11-15,18.012,18.041,17.642,17.841,161716,0
1999-11-17,18.29,19.107,18.29,18.879,1025403,0
1999-11-18,18.994,19.836,18.994,19.697,900068,0
1999-11-19,20.01,20.229,19.496,19.58,574319,0
1999-11-22,19.468,19.895,19.468,19.61,455920,0
1999-11-23,19.553,19.58,18.822,19.022,237425,0
1999-11-24,19.051,19.421,18.879,19.135,452767,0
1999-11-26,19.135,19.525,19.079,19.363,54886,0
1999-11-29,19.305,19.305,18.994,19.163,223545,0
1999-11-30,19.163,19.192,17.984,18.486,346986,0
1999-12-01,18.543,18.744,18.346,18.688,399140,0
1999-12-02,18.744,18.994,18.403,18.629,207770,0
1999-12-03,18.572,19.305,18.572,19.192,237631,0
1999-12-06,19.079,19.079,18.879,18.879,273805,0
1999-12-07,18.907,19.079,18.659,18.936,232587,0
1999-12-08,18.994,19.363,18.85,19.107,187793,0
1999-12-09,19.135,19.61,18.879,19.61,441619,0
1999-12-10,19.553,19.61,19.107,19.421,408814,0
1999-12-13,19.363,19.363,18.822,18.936,480106,0
1999-12-14,18.965,19.392,18.965,19.022,425214,0
1999-12-15,19.107,19.305,18.907,19.192,192630,0
1999-12-16,19.192,19.334,19.107,19.135,514174,0
1999-12-17,18.936,19.051,17.537,17.642,774516,0
1999-12-20,17.669,18.659,17.669,18.233,296726,0
1999-12-21,18.29,18.29,17.697,17.984,248358,0
1999-12-22,17.984,18.041,16.994,17.081,306189,0
1999-12-23,17.31,18.346,17.253,18.07,608384,0
1999-12-27,17.984,18.157,17.813,18.07,406291,0
1999-12-28,17.984,17.984,17.755,17.898,189686,0
1999-12-29,17.898,18.433,17.869,18.346,244785,0
1999-12-30,18.317,18.965,18.261,18.744,224593,0
1999-12-31,18.688,18.879,18.688,18.744,72131,0
2000-01-03,18.773,18.879,18.317,18.629,297989,0
2000-01-04,18.629,18.629,17.669,17.755,262029,0
2000-01-05,17.841,17.898,17.081,17.566,200201,0
2000-01-06,17.669,18.205,17.585,17.784,422062,0
2000-01-07,17.956,18.012,17.642,18.012,476531,0
2000-01-10,17.898,19.305,17.898,18.744,432579,0
2000-01-11,18.822,18.85,18.128,18.157,188005,0
2000-01-12,18.041,18.375,17.898,18.186,214711,0
2000-01-13,18.07,18.744,18.07,18.688,416807,0
2000-01-14,18.773,19.079,18.46,18.688,598502,0
2000-01-18,18.659,19.44,18.543,19.392,783983,0
2000-01-19,19.392,20.068,18.946,19.736,696496,0
2000-01-20,19.736,21,19.736,20.524,1049796,0
2000-01-21,20.799,22.103,20.637,21.258,1205835,0
2000-01-24,21.426,21.703,21,21.34,839290,0
2000-01-25,21.455,21.817,21.172,21.455,826671,0
2000-01-26,21.426,21.646,21.34,21.513,496087,0
2000-01-27,22.378,22.749,22.074,22.189,947591,0
2000-01-28,22.273,22.976,22.247,22.464,1095008,0
2000-01-31,22.406,22.806,22.378,22.575,754541,0
2000-02-01,22.464,23.424,22.435,23.196,801648,0
2000-02-02,23.12,23.453,22.663,22.835,584409,0
2000-02-03,22.921,23.254,22.893,22.976,579365,0
2000-02-04,23.091,23.909,22.835,23.765,701337,0
2000-02-07,24.015,24.186,23.681,24.044,613433,0
2000-02-08,24.157,25.146,24.129,24.833,692081,0
2000-02-09,24.833,25.005,24.412,24.583,755592,0
2000-02-10,24.641,24.804,24.074,24.804,444143,0
2000-02-11,25.649,26.164,25.032,25.489,1092904,0
2000-02-14,25.678,27.2,25.621,26.952,1473330,0
2000-02-15,27.087,30.168,26.781,29.454,1595510,0
2000-02-16,29.348,31.09,28.692,30.242,1146741,0
2000-02-17,30.242,38.108,30.242,34.331,3150440,0
2000-02-18,34.475,34.475,29.769,30.671,2726271,0
2000-02-22,30.671,32.307,30.501,31.573,1955957,0
2000-02-23,31.689,31.746,30.53,30.975,535413,0
2000-02-24,31.148,31.516,29.094,29.406,970093,0
2000-02-25,29.377,29.377,27.96,28.417,1183330,0
2000-02-28,28.19,28.388,25.621,27.227,1626847,0
2000-02-29,27.227,30.213,26.609,29.151,2110738,0
2000-03-01,29.094,32.752,29.094,30.671,1347154,0
2000-03-02,31.516,33.514,30.729,32.725,1099426,0
2000-03-03,33.715,35.179,33.267,34.789,1402881,0
2000-03-06,35.521,36.987,34.447,35.739,1133072,0
2000-03-07,36.529,36.987,34.561,35.121,1361665,0
2000-03-08,35.408,35.521,31.205,32.162,1249157,0
2000-03-09,32.925,33.011,30.213,32.078,1304464,0
2000-03-10,32.48,34.847,32.48,32.725,818894,0
2000-03-13,32.752,33.371,30.927,31.318,760217,0
2000-03-14,31.631,32.023,28.275,29.036,1286378,0
2000-03-15,31.061,31.061,28.103,29.151,1749870,0
2000-03-16,29.262,30.329,28.636,30.168,804171,0
2000-03-17,29.094,31.994,29.094,31.487,1569015,0
2000-03-20,31.433,32.809,31.433,31.794,1425804,0
2000-03-21,31.689,31.718,29.595,30.729,629202,0
2000-03-22,30.841,31.631,30.585,31.004,486835,0
2000-03-23,31.004,31.375,29.769,30.444,465386,0
2000-03-24,30.899,31.234,29.377,29.826,615747,0
2000-03-27,29.712,30.956,29.712,30.671,732672,0
2000-03-28,30.785,30.785,29.769,29.855,359814,0
2000-03-29,29.74,30.444,29.567,30.081,556022,0
2000-03-30,30.11,30.444,28.446,28.98,943807,0
2000-03-31,29.32,30.444,28.417,29.995,1058417,0
2000-04-03,29.939,29.939,28.19,28.749,538990,0
2000-04-04,29.094,29.151,25.876,27.513,987756,0
2000-04-05,27.486,27.486,25.933,26.638,1065567,0
2000-04-06,27.714,28.075,26.439,26.896,726571,0
2000-04-07,27.342,28.778,27.284,28.532,531206,0
2000-04-10,28.217,29.094,27.4,27.542,468118,0
2000-04-11,27.656,29.425,27.087,28.332,1044750,0
2000-04-12,28.332,28.835,26.839,27.058,542564,0
2000-04-13,27.284,28.749,27.227,27.284,399140,0
2000-04-14,27.284,27.313,24.919,25.146,493142,0
2000-04-17,25.032,25.231,22.778,24.775,812163,0
2000-04-18,24.756,25.324,24.527,24.785,764635,0
2000-04-19,25.042,26.231,24.612,24.842,595347,0
2000-04-20,24.726,24.726,23.292,23.967,1001847,0
2000-04-24,23.967,23.967,22.435,22.605,999746,0
2000-04-25,22.95,23.967,22.806,23.793,1612547,0
2000-04-26,23.708,25.042,23.378,24.553,1080710,0
2000-04-27,23.822,24.814,23.822,24.468,954110,0
2000-04-28,24.756,25.296,24.196,25.097,587983,0
2000-05-01,24.412,25.267,23.967,24.553,490198,0
2000-05-02,24.67,25.238,24.367,24.583,916259,0
2000-05-03,24.367,24.612,23.424,23.909,743395,0
2000-05-04,23.793,24.412,23.708,24.054,752227,0
2000-05-05,24.054,25.382,23.996,25.382,1070616,0
2000-05-08,25.324,25.324,24.082,24.583,597450,0
2000-05-09,23.967,24.196,22.72,24.082,927190,0
2000-05-10,23.566,23.566,22.416,22.778,737086,0
2000-05-11,23.511,24.309,23.262,23.938,640350,0
2000-05-12,23.967,24.553,23.967,24.468,1121718,0
2000-05-15,24.196,24.612,23.453,24.468,546346,0
2000-05-16,25.324,26.174,25.267,25.774,644137,0
2000-05-17,25.324,25.83,24.641,24.958,539198,0
2000-05-18,24.281,25.324,24.281,24.87,564642,0
2000-05-19,24.986,25.097,23.624,23.909,398510,0
2000-05-22,24.025,24.025,22.663,23.681,417437,0
2000-05-23,23.511,23.793,22.493,22.605,463912,0
2000-05-24,22.72,23.12,22.046,23.12,599761,0
2000-05-25,23.539,24.367,23.032,23.12,590089,0
2000-05-26,23.234,23.624,22.634,22.806,308083,0
2000-05-30,23.062,24.527,23.062,24.441,455082,0
2000-05-31,24.412,24.641,23.511,23.736,611331,0
2000-06-01,24.367,25.717,24.367,25.575,807746,0
2000-06-02,25.774,27.362,25.774,27.135,675470,0
2000-06-05,26.905,26.905,25.915,26.56,464966,0
2000-06-06,26.345,27.752,26.345,27.332,1366713,0
2000-06-07,27.275,27.275,25.63,26.648,427951,0
2000-06-08,26.676,27.578,26.676,27.362,521534,0
2000-06-09,27.551,28.037,27.02,27.551,383998,0
2000-06-12,27.578,28.093,25.886,26.087,512489,0
2000-06-13,26.087,26.506,25.267,26.449,518799,0
2000-06-14,26.56,26.56,25.546,25.746,430057,0
2000-06-15,25.575,25.575,24.842,25.184,503866,0
2000-06-16,24.309,25.774,24.309,25.276,868100,0
2000-06-19,25.324,27.809,24.497,27.303,764635,0
2000-06-20,27.41,28.427,27.303,27.362,960421,0
2000-06-21,27.391,27.391,26.819,26.962,229641,0
2000-06-22,26.905,26.905,25.943,26.145,524267,0
2000-06-23,26.231,26.506,25.746,26.42,789870,0
2000-06-26,26.449,29.386,26.449,29.386,1346103,0
2000-06-27,28.941,29.586,28.883,29.225,1256306,0
2000-06-28,29.846,31.395,29.731,31.09,1195320,0
2000-06-29,31.09,31.09,28.484,29.17,1123188,0
2000-06-30,29.141,29.91,28.997,29.91,2120200,0
2000-07-03,29.846,29.846,29.386,29.386,382738,0
2000-07-05,29.444,29.501,28.151,29.056,1640307,0
2000-07-06,29.17,29.614,28.484,29.529,707434,0
2000-07-07,29.985,31.032,29.702,30.831,1265139,0
2000-07-10,30.831,30.831,30.271,30.632,787769,0
2000-07-11,31.205,32.307,30.86,31.766,1026240,0
2000-07-12,32.498,34.2,32.05,34.142,1579320,0
2000-07-13,34.789,34.818,33.011,33.24,910578,0
2000-07-14,33.267,33.571,32.162,33.039,598077,0
2000-07-17,33.686,34.703,33.399,34.238,509125,0
2000-07-18,34.283,34.389,32.839,33.295,585675,0
2000-07-19,33.524,33.58,31.936,32.365,412178,0
2000-07-20,32.394,33.467,31.061,31.88,574739,0
2000-07-21,31.718,31.822,30.357,30.947,1001847,0
2000-07-24,31.061,31.822,30.604,30.719,662433,0
2000-07-25,30.803,31.26,30.13,30.889,673364,0
2000-07-26,30.213,30.271,28.826,29.444,875460,0
2000-07-27,29.444,29.473,27.694,28.512,436575,0
2000-07-28,28.541,29.673,28.085,28.883,618268,0
2000-07-31,29.225,30.072,28.598,28.97,617221,0
2000-08-01,29.357,29.985,28.142,29.731,1579951,0
2000-08-02,28.341,28.739,27.636,28.341,3754408,0
2000-08-03,27.866,28.484,27.551,28.142,1332011,0
2000-08-04,28.541,29.787,28.427,29.702,2191491,0
2000-08-07,30.242,31.718,30.101,31.601,1754074,0
2000-08-08,31.718,32.62,31.689,32.593,2005377,0
2000-08-09,32.762,32.848,31.965,32.278,1147162,0
2000-08-10,33.127,33.127,32.647,32.964,1357246,0
2000-08-11,32.848,33.352,32.762,33.039,1169453,0
2000-08-14,33.295,33.925,32.791,33.896,704700,0
2000-08-15,33.896,34.428,33.666,34.428,1314978,0
2000-08-16,34.428,35.729,34.428,35.531,2281918,0
2000-08-17,35.531,36.671,35.512,36.158,1799713,0
2000-08-18,36.245,36.642,35.616,35.844,894177,0
2000-08-21,34.713,36.473,33.867,36.129,2131555,0
2000-08-22,36.016,38.677,35.844,38.051,2111997,0
2000-08-23,37.604,39.296,37.519,38.648,1619907,0
2000-08-24,39.196,39.223,37.833,38.051,1445571,0
2000-08-25,38.108,38.736,37.776,38.424,1745244,0
2000-08-28,38.82,40.209,38.452,39.381,867680,0
2000-08-29,39.813,40.714,39.249,39.785,1141903,0
2000-08-30,39.668,41,39.41,40.545,1295422,0
2000-08-31,40.498,41.343,40.037,40.741,1272920,0
2000-09-01,41.198,41.429,40.123,40.685,618268,0
2000-09-05,39.639,39.639,38.221,39.296,1129077,0
2000-09-06,39.41,39.523,38.452,38.592,680518,0
2000-09-07,38.62,39.87,38.62,39.553,1623902,0
2000-09-08,39.523,40.295,39.196,40.037,1336217,0
2000-09-11,39.697,40.942,39.325,40.094,932663,0
2000-09-12,40.094,41.683,40.094,40.913,1082603,0
2000-09-13,40.77,41.683,40.295,41.371,715004,0
2000-09-14,41.4,43.492,41.4,43.035,862002,0
2000-09-15,42.359,43.492,41.788,42.702,786502,0
2000-09-18,42.645,43.263,40.151,41.114,778727,0
2000-09-19,41.456,42.818,41.058,42.359,466646,0
2000-09-20,42.359,44.965,42.301,44.965,1086597,0
2000-09-21,44.965,45.724,43.521,45.424,1264298,0
2000-09-22,44.175,46.184,43.892,45.424,1399516,0
2000-09-25,45.527,47.457,45.527,46.24,1499405,0
2000-09-26,46.126,46.858,43.72,44.147,1308881,0
2000-09-27,44.85,46.212,44.567,45.527,1696451,0
2000-09-28,45.64,49.434,45.64,48.476,2142280,0
2000-09-29,47.913,48.247,47.114,47.285,1758492,0
2000-10-02,47.573,48.988,47.256,48.586,1060097,0
2000-10-03,48.904,49.245,46.668,46.724,1176603,0
2000-10-04,46.212,46.212,43.604,44.965,1818636,0
2000-10-05,44.395,46.668,44.337,44.452,1197212,0
2000-10-06,44.681,45.583,41.058,42.301,1721901,0
2000-10-09,41.788,43.263,39.898,42.93,1513076,0
2000-10-10,42.132,45.023,42.018,45.023,1174499,0
2000-10-11,44.624,45.223,43.405,44.681,1597194,0
2000-10-12,45.309,46.097,42.132,43.035,1353671,0
2000-10-13,43.147,45.753,43.147,45.194,832351,0
2000-10-16,44.965,47.285,44.85,46.697,688297,0
2000-10-17,47.002,47.343,45.078,45.898,411969,0
2000-10-18,45.763,46.956,44.917,46.278,1299625,0
2000-10-19,47.581,48.914,46.956,48.513,1384165,0
2000-10-20,48.228,50.357,48.228,50.329,1385215,0
2000-10-23,51.574,53.02,50.814,51.574,1357246,0
2000-10-24,51.574,53.307,50.983,52.574,905744,0
2000-10-25,51.601,51.601,50.157,50.759,1292266,0
2000-10-26,50.301,50.983,46.306,48.712,2255631,0
2000-10-27,49.112,50.759,48.314,50.529,1239060,0
2000-10-30,50.643,53.077,50.529,53.077,1102791,0
2000-10-31,53.077,54.893,53.077,54.207,1418234,0
2000-11-01,54.265,54.723,52.849,53.219,1525692,0
2000-11-02,53.476,54.207,53.336,54.047,1098582,0
2000-11-03,54.075,54.075,51.948,52.602,1391526,0
2000-11-06,52.878,54.207,52.517,53.905,1296682,0
2000-11-07,53.905,53.905,52.622,52.849,708277,0
2000-11-08,52.849,53.648,52.174,52.736,620160,0
2000-11-09,52.736,53.219,49.483,50.099,1945445,0
2000-11-10,49.425,49.425,47.152,47.294,1676896,0
2000-11-13,43.549,44.975,41.114,44.118,2615025,0
2000-11-14,44.576,49.34,44.005,47.266,1990447,0
2000-11-15,47.725,50.099,47.467,49.729,1659862,0
2000-11-16,49.454,49.815,47.237,47.581,1281331,0
2000-11-17,47.753,49.673,47.409,49.617,1828729,0
2000-11-20,49.397,49.397,46.362,47.037,1625795,0
2000-11-21,47.495,48.769,45.791,47.352,1161883,0
2000-11-22,47.352,48.007,43.632,45.82,1231282,0
2000-11-24,46.165,46.897,45.908,46.639,348671,0
2000-11-27,47.409,48.083,46.554,47.209,909109,0
2000-11-28,47.182,47.581,43.214,43.604,1831886,0
2000-11-29,44.233,44.462,41.17,41.57,1816113,0
2000-11-30,39.495,40.6,36.064,40.411,2985563,0
2000-12-01,40.411,44.888,40.382,44.86,2641521,0
2000-12-04,44.86,45.705,43.186,43.444,1942708,0
2000-12-05,44.347,46.505,44.29,46.278,877144,0
2000-12-06,46.611,47.38,45.591,46.106,1029606,0
2000-12-07,45.537,45.537,43.892,44.691,874409,0
2000-12-08,45.705,46.697,45.62,46.334,925090,0
2000-12-11,46.668,50.586,45.994,50.301,1225181,0
2000-12-12,49.673,50.017,47.866,49.084,1002272,0
2000-12-13,48.97,49.673,45.591,46.165,1192375,0
2000-12-14,46.278,47.409,44.233,44.261,1116251,0
2000-12-15,44.261,47.152,42.246,46.39,1616543,0
2000-12-18,46.419,48.998,45.82,48.286,1545883,0
2000-12-19,48.17,49.872,47.438,48.083,1113307,0
2000-12-20,47.237,48.372,45.82,46.477,1138748,0
2000-12-21,46.477,46.724,42.246,43.073,1607077,0
2000-12-22,43.33,45.564,43.214,45.078,1232334,0
2000-12-26,45.424,45.564,44.462,45.135,649601,0
2000-12-27,45.135,47.065,44.662,46.505,1292897,0
2000-12-28,46.554,49.561,45.937,49.397,795127,0
2000-12-29,48.998,50.017,46.839,47.639,793867,0
2001-01-02,46.956,47.467,43.776,44.005,1172399,0
2001-01-03,44.005,45.65,41.285,45.394,2111787,0
2001-01-04,45.367,45.367,42.19,42.501,1192794,0
2001-01-05,42.501,42.558,37.88,39.128,1902964,0
2001-01-08,38.897,41,38.424,40.353,1285324,0
2001-01-09,41.285,41.285,38.736,39.61,1313925,0
2001-01-10,39.214,41.912,39.214,41.343,1275024,0
2001-01-11,41.711,43.521,40.77,43.358,848964,0
2001-01-12,43.464,43.632,41.513,41.598,656332,0
2001-01-16,41.513,41.941,38.848,41.256,1149264,0
2001-01-17,41.324,43.597,41.324,42.084,1377646,0
2001-01-18,42.084,42.798,41.381,42.625,750123,0
2001-01-19,42.682,42.682,39.419,39.756,1087017,0
2001-01-22,40.266,40.865,39.983,40.638,921305,0
2001-01-23,40.751,41.523,40.469,41.152,1102581,0
2001-01-24,41.066,41.683,39.08,39.08,1399726,0
2001-01-25,40.894,41.123,38.848,39.955,2484852,0
2001-01-26,39.983,42.229,39.278,41.466,1223707,0
2001-01-29,41.237,41.902,40.942,41.439,964629,0
2001-01-30,42.255,42.818,41.371,41.941,996172,0
2001-01-31,42.209,44.481,41.99,44.299,1453773,0
2001-02-01,44.214,44.624,43.195,43.195,1540414,0
2001-02-02,43.214,43.214,41.351,41.513,908474,0
2001-02-05,42.17,42.209,40.779,41.4,1370916,0
2001-02-06,41.77,44.299,41.76,43.301,1143377,0
2001-02-07,42.712,42.712,41.01,41.57,764211,0
2001-02-08,41.57,42.482,40.913,41.058,684726,0
2001-02-09,41.058,41.305,39.813,40.295,605859,0
2001-02-12,40.295,41.419,40.266,41,533522,0
2001-02-13,40.894,42.113,39.992,39.999,493562,0
2001-02-14,39.717,41.57,39.137,41.57,1043697,0
2001-02-15,42.255,42.596,41.123,41.533,837607,0
2001-02-16,40.572,40.572,38.347,39.936,1093538,0
2001-02-20,39.08,39.278,36.349,36.567,1322758,0
2001-02-21,36.148,37.643,34.988,35.351,1274185,0
2001-02-22,34.779,35.218,33.127,33.666,3120996,0
2001-02-23,33.399,34.534,32.536,34.248,1315189,0
2001-02-26,34.36,35.748,34.35,35.748,1911586,0
2001-02-27,35.748,36.168,34.534,34.732,1263664,0
2001-02-28,34.988,35.102,32.278,33.267,1633156,0
2001-03-01,32.602,32.935,31.139,32.706,1378280,0
2001-03-02,32.145,33.609,32.078,32.915,941072,0
2001-03-05,33.011,33.409,32.394,32.993,517329,0
2001-03-06,34.075,34.418,33.896,34.142,1064729,0
2001-03-07,33.619,33.734,32.375,32.686,1104893,0
2001-03-08,32.935,33.146,31.516,31.851,1102160,0
2001-03-09,31.573,31.573,29.787,30.223,1375966,0
2001-03-12,29.759,29.919,27.646,27.809,1529690,0
2001-03-13,28.2,28.893,28.075,28.806,1366713,0
2001-03-14,28.35,28.961,28.085,28.284,1700238,0
2001-03-15,28.171,28.494,27.532,27.894,1851229,0
2001-03-16,28.009,28.265,26.829,27.106,1732622,0
2001-03-19,27.106,27.468,26.174,26.876,1512233,0
2001-03-20,26.876,26.876,24.527,24.785,1883408,0
2001-03-21,25.334,25.421,22.624,23.329,2146487,0
2001-03-22,20.905,21.579,19.534,20.286,5010710,0
2001-03-23,20.694,22.883,20.694,22.72,2913434,0
2001-03-26,23.851,24.309,23.585,23.813,2534904,0
2001-03-27,23.899,23.967,23.272,23.653,1971100,0
2001-03-28,23.539,23.585,22.72,23.149,1412134,0
2001-03-29,23.091,23.444,22.026,22.454,1281962,0
2001-03-30,22.454,24.082,21.902,23.832,2168569,0
2001-04-02,23.774,23.938,21.921,22.15,886816,0
2001-04-03,21.95,22.074,21.258,21.388,941282,0
2001-04-04,21.311,21.921,19.334,19.421,2834363,0
2001-04-05,20.429,22.605,20.039,22.302,1987084,0
2001-04-06,21.759,22.122,20.905,21.921,1520019,0
2001-04-09,21.902,22.425,21.464,22.036,795760,0
2001-04-10,22.064,23.149,22.064,22.959,2652668,0
2001-04-11,23.879,24.507,23.492,23.716,2074144,0
2001-04-12,23.672,25.669,23.215,25.46,1426226,0
2001-04-16,25.107,25.117,24.092,24.765,1138539,0
2001-04-17,24.698,25.669,24.488,24.717,873358,0
2001-04-18,25.621,27.542,25.621,27.542,2098962,0
2001-04-19,27.542,29.749,27.542,29.702,2203059,0
2001-04-20,29.329,29.386,28.36,29.114,1317502,0
2001-04-23,28.654,28.654,27.265,28.132,905319,0
2001-04-24,28.132,29.577,27.79,27.903,1312036,0
2001-04-25,27.876,28.512,27.724,28.417,879033,0
2001-04-26,28.407,29.539,28.312,29.311,750756,0
2001-04-27,29.577,29.947,28.484,28.961,1079657,0
2001-04-30,29.605,30.909,29.557,30.483,1311192,0
2001-05-01,29.769,29.836,28.132,28.702,1959745,0
2001-05-02,29.161,29.605,28.588,28.702,1567963,0
2001-05-03,28.702,28.72,28.132,28.644,1277542,0
2001-05-04,27.857,28.522,27.733,28.217,800177,0
2001-05-07,28.181,29.386,28.132,29.311,831299,0
2001-05-08,29.311,29.769,28.951,29.262,998903,0
2001-05-09,29.114,29.947,28.56,29.947,650026,0
2001-05-10,30.177,30.271,29.357,29.377,789659,0
2001-05-11,29.357,29.883,29.262,29.262,983763,0
2001-05-14,29.262,29.262,28.294,28.702,652339,0
2001-05-15,28.702,29.702,28.702,29.492,736455,0
2001-05-16,29.386,30.521,29.114,30.299,1835250,0
2001-05-17,30.566,32.116,30.55,31.946,1512655,0
2001-05-18,31.946,33.342,31.477,33.174,1305304,0
2001-05-21,33.117,34.094,32.686,33.79,855482,0
2001-05-22,34.495,34.732,33.562,34.219,1067040,0
2001-05-23,34.104,34.104,32.62,32.743,853170,0
2001-05-24,32.735,33.088,32.488,32.706,499660,0
2001-05-25,32.781,33.003,32.346,32.973,504499,0
2001-05-29,33.258,33.333,31.564,31.756,699445,0
2001-05-30,30.975,31.158,30.521,30.53,656753,0
2001-05-31,30.53,31.746,30.53,31.442,716264,0
2001-06-01,31.871,31.985,31.234,31.909,557072,0
2001-06-04,31.89,31.89,31.158,31.794,344885,0
2001-06-05,31.956,34.866,31.9,33.916,881559,0
2001-06-06,33.906,33.906,32.706,33.258,670210,0
2001-06-07,33.438,33.762,32.356,32.848,572949,0
2001-06-08,33.212,33.524,32.116,32.886,377376,0
2001-06-11,32.116,32.258,30.53,30.947,588409,0
2001-06-12,29.605,30.566,29.329,30.415,1219399,0
2001-06-13,30.614,31.385,30.454,30.738,575684,0
2001-06-14,30.738,30.841,30.062,30.521,1092064,0
2001-06-15,32.201,32.8,31.433,32.421,1099741,0
2001-06-18,32.229,33.068,31.442,31.564,936551,0
2001-06-19,30.521,30.975,27.999,29.161,2679375,0
2001-06-20,29.114,29.114,26.743,27.21,2398206,0
2001-06-21,27.21,27.21,26.478,26.962,1313507,0
2001-06-22,26.743,26.781,24.833,25.707,1816430,0
2001-06-25,26.193,26.335,25.238,25.344,1417282,0
2001-06-26,23.774,25.051,23.745,24.602,2129875,0
2001-06-27,24.507,24.689,23.689,24.357,1682260,0
2001-06-28,24.478,24.689,23.689,24.044,2229028,0
2001-06-29,24.252,25.079,24.054,25.079,2231235,0
2001-07-02,24.234,24.794,24.234,24.393,1061151,0
2001-07-03,24.602,24.689,23.957,24.309,445722,0
2001-07-05,24.309,24.478,23.32,23.492,1135489,0
2001-07-06,23.416,23.463,22.72,22.835,514068,0
2001-07-09,22.874,23.765,22.874,23.463,1493206,0
2001-07-10,23.689,24.196,23.566,23.644,1417282,0
2001-07-11,23.595,23.595,22.682,22.911,732456,0
2001-07-12,23.091,25.051,23.023,24.775,915625,0
2001-07-13,24.775,25.47,24.376,25.088,791341,0
2001-07-16,25.508,26.058,25.014,25.45,2006852,0
2001-07-17,25.83,25.886,25.126,25.688,1155783,0
2001-07-18,25.688,27.578,25.621,27.578,2228711,0
2001-07-19,28.456,28.494,27.4,27.41,975139,0
2001-07-20,27.4,27.809,27.4,27.733,556334,0
2001-07-23,27.578,27.809,27.391,27.4,628468,0
2001-07-24,27.626,28.494,27.41,28.494,1288267,0
2001-07-25,28.407,30.139,28.388,29.807,1538944,0
2001-07-26,29.91,30.54,29.91,30.366,1451039,0
2001-07-27,30.642,31.507,30.415,31.004,682196,0
2001-07-30,31.004,31.11,28.883,29.196,864733,0
2001-07-31,28.588,29.367,27.951,28.769,790817,0
2001-08-01,28.759,28.759,27.626,28.304,1293844,0
2001-08-02,28.769,29.225,28.304,28.398,504080,0
2001-08-03,28.407,28.407,27.77,28.056,665689,0
2001-08-06,28.056,28.171,27.542,27.857,573269,0
2001-08-07,28.304,28.456,27.4,27.866,597975,0
2001-08-08,27.675,27.903,26.715,26.772,703648,0
2001-08-09,26.029,26.942,26.029,26.772,729620,0
2001-08-10,26.685,27.504,26.392,27.153,688508,0
2001-08-13,27.172,27.381,26.848,27.087,1637991,0
2001-08-14,27.126,27.236,26.628,27.218,1290166,0
2001-08-15,27.218,27.313,25.943,26.145,392411,0
2001-08-16,26.164,26.174,25.678,25.896,254352,0
2001-08-17,25.896,25.963,25.575,25.905,447402,0
2001-08-20,25.755,25.963,25.431,25.603,1238011,0
2001-08-21,25.392,26.942,25.248,26.038,982711,0
2001-08-22,26.449,26.723,26.029,26.599,1080814,0
2001-08-23,26.657,26.657,25.971,26.096,363919,0
2001-08-24,26.316,27.181,26.174,26.952,1263664,0
2001-08-27,27.172,28.682,26.962,28.55,1157362,0
2001-08-28,28.332,28.588,27.96,28.093,816472,0
2001-08-29,28.588,29.046,28.132,28.902,1041279,0
2001-08-30,28.912,29.865,28.769,29.406,1815796,0
2001-08-31,29.682,29.91,29.225,29.301,998695,0
2001-09-04,29.094,29.595,28.787,29.114,814579,0
2001-09-05,29.094,29.104,27.275,28.009,865262,0
2001-09-06,27.78,28.075,27.218,27.79,468433,0
2001-09-07,26.886,27.818,26.886,27.494,486203,0
2001-09-10,26.942,27.4,26.355,26.676,548135,0
2001-09-17,27.4,28.769,24.726,25.411,1687305,0
2001-09-18,25.801,26.019,24.958,25.155,565592,0
2001-09-19,25.069,26.077,23.879,24.909,1144531,0
2001-09-20,24.661,24.824,23.483,23.624,969780,0
2001-09-21,22.378,24.196,22.16,23.803,575893,0
2001-09-24,24.861,25.707,24.717,24.842,604286,0
2001-09-25,25.213,25.248,24.157,24.87,396409,0
2001-09-26,24.842,25.248,23.879,24.214,330372,0
2001-09-27,23.986,23.996,23.062,23.52,800807,0
2001-09-28,23.698,24.186,23.52,23.967,772100,0
2001-10-01,23.909,23.957,23.081,23.492,644344,0
2001-10-02,23.653,24.563,23.473,24.328,1110044,0
2001-10-03,24.102,25.849,23.938,25.611,676622,0
2001-10-04,26.288,26.478,25.669,25.933,593033,0
2001-10-05,25.933,25.933,24.612,25.47,446145,0
2001-10-08,25.231,26.373,24.756,25.793,386207,0
2001-10-09,25.849,25.953,25.117,25.392,785347,0
2001-10-10,25.392,26.155,24.919,25.755,692397,0
2001-10-11,25.896,26.848,25.344,26.439,1293316,0
2001-10-12,26.439,27.087,26.038,26.705,725940,0
2001-10-15,26.705,26.848,25.896,26.478,307558,0
2001-10-16,26.525,26.762,25.839,26.638,298725,0
2001-10-17,27.921,27.921,26.829,27.636,1399516,0
2001-10-18,27.468,27.468,26.468,26.819,959051,0
2001-10-19,26.599,26.733,25.83,26.126,581884,0
2001-10-22,26.203,26.506,25.344,26.087,827196,0
2001-10-23,26.278,26.506,25.231,25.441,714167,0
2001-10-24,25.546,25.594,24.899,24.948,725207,0
2001-10-25,24.948,25.392,24.661,24.995,932136,0
2001-10-26,25.165,25.392,24.717,25.175,601026,0
2001-10-29,25.107,25.146,24.535,24.708,902483,0
2001-10-30,24.689,24.708,24.11,24.412,525844,0
2001-10-31,24.507,25.221,24.468,24.641,385468,0
2001-11-01,24.995,25.175,24.717,24.995,768524,0
2001-11-02,24.899,25.175,24.689,24.899,507867,0
2001-11-05,25.136,25.603,24.87,24.966,622478,0
2001-11-06,24.995,25.528,24.736,25.421,685880,0
2001-11-07,25.499,25.678,24.966,25.47,498190,0
2001-11-08,25.639,26.325,24.708,24.736,453082,0
2001-11-09,24.899,25.594,24.357,24.717,469690,0
2001-11-12,24.852,25.382,23.938,25.117,867890,0
2001-11-13,25.765,26.599,25.639,26.55,2486743,0
2001-11-14,27.01,27.656,26.55,26.991,1038965,0
2001-11-15,26.991,27.362,26.55,27.362,650657,0
2001-11-16,27.162,27.162,26.56,26.715,736874,0
2001-11-19,26.715,26.715,26.193,26.535,1022140,0
2001-11-20,26.411,26.648,26.135,26.439,1245056,0
2001-11-21,26.439,26.543,26.019,26.135,499874,0
2001-11-23,26.135,26.543,26.048,26.506,204199,0
2001-11-26,26.55,26.781,26.096,26.506,586619,0
2001-11-27,26.506,27.01,26.058,26.543,805537,0
2001-11-28,26.373,26.373,25.46,25.594,648342,0
2001-11-29,25.585,25.801,25.276,25.585,770735,0
2001-11-30,25.499,25.63,25.306,25.382,752122,0
2001-12-03,25.363,25.373,24.679,24.765,747811,0
2001-12-04,24.899,27.323,24.861,27.106,2033033,0
2001-12-05,27.236,28.864,27.106,28.864,2368348,0
2001-12-06,28.806,30.671,28.806,30.347,2323242,0
2001-12-07,29.549,30.252,29.529,29.595,885871,0
2001-12-10,29.483,30.034,29.075,29.396,817839,0
2001-12-11,29.406,29.749,29.114,29.301,689033,0
2001-12-12,29.114,29.483,28.475,29.114,668531,0
2001-12-13,28.749,28.749,28.056,28.378,879033,0
2001-12-14,28.378,28.378,27.743,27.98,818785,0
2001-12-17,28.341,29.605,28.294,29.161,1039488,0
2001-12-18,29.161,30.195,29.123,29.787,1647037,0
2001-12-19,29.759,30.444,29.567,30.223,792813,0
2001-12-20,30.168,30.299,29.74,29.807,1101847,0
2001-12-21,29.769,30.213,29.769,30.101,784086,0
2001-12-24,30.213,30.803,30.12,30.709,292731,0
2001-12-26,30.709,32.307,30.671,31.507,863159,0
2001-12-27,31.583,32.686,31.573,32.268,1269553,0
2001-12-28,32.346,32.915,32.088,32.725,526057,0
2001-12-31,33.193,33.232,31.841,32.059,801543,0
