Date,Open,High,Low,Close,Volume,OpenInt
1995-01-03,11.1,11.24,11.1,11.1,265384,0
1995-01-04,11.171,11.24,11.1,11.24,274601,0
1995-01-05,11.24,11.24,11.171,11.24,137434,0
1995-01-06,11.171,11.386,11.171,11.386,218489,0
1995-01-09,11.318,11.318,11.24,11.318,57933,0
1995-01-10,11.318,11.386,11.171,11.24,433337,0
1995-01-11,11.318,11.318,11.1,11.171,169648,0
1995-01-12,11.1,11.24,11.1,11.24,68197,0
1995-01-13,11.24,11.386,11.171,11.386,282137,0
1995-01-16,11.386,11.523,11.386,11.456,230436,0
1995-01-17,11.386,11.523,11.386,11.523,93401,0
1995-01-18,11.456,11.595,11.386,11.386,168220,0
1995-01-19,11.456,11.456,11.318,11.318,172503,0
1995-01-20,11.318,11.386,11.24,11.386,141848,0
1995-01-23,11.386,11.386,11.318,11.386,205499,0
1995-01-24,11.386,11.523,11.318,11.523,525958,0
1995-01-25,11.523,11.595,11.456,11.523,1616189,0
1995-01-26,11.654,11.654,11.587,11.587,168220,0
1995-01-27,11.654,11.87,11.654,11.87,540113,0
1995-01-30,11.87,11.94,11.724,11.94,500239,0
1995-01-31,11.87,11.94,11.795,11.87,153281,0
1995-02-01,11.87,12.088,11.795,11.87,437107,0
1995-02-02,11.87,11.94,11.795,11.87,139899,0
1995-02-03,11.87,12.226,11.87,12.156,349684,0
1995-02-06,12.156,12.156,12.088,12.088,450873,0
1995-02-07,12.156,12.156,12.01,12.088,373977,0
1995-02-08,12.088,12.226,12.088,12.156,379170,0
1995-02-09,12.156,12.226,11.87,11.87,303051,0
1995-02-10,11.87,11.94,11.795,11.795,189261,0
1995-02-13,11.94,12.01,11.94,12.01,78846,0
1995-02-14,11.94,12.088,11.87,11.94,205109,0
1995-02-15,12.088,12.293,12.088,12.293,411255,0
1995-02-16,12.226,12.293,12.088,12.088,445029,0
1995-02-17,12.01,12.01,11.94,11.94,161983,0
1995-02-21,11.94,12.01,11.87,11.94,390602,0
1995-02-22,12.01,12.156,11.94,12.088,120156,0
1995-02-23,12.156,12.226,12.088,12.156,65730,0
1995-02-24,12.088,12.226,12.088,12.226,154190,0
1995-02-27,12.226,12.226,12.088,12.088,120933,0
1995-02-28,12.088,12.293,11.94,12.293,596489,0
1995-03-01,12.226,12.226,12.01,12.01,493483,0
1995-03-02,12.01,12.01,11.87,11.94,200952,0
1995-03-03,12.01,12.01,11.795,11.87,67677,0
1995-03-06,11.795,11.87,11.795,11.795,214723,0
1995-03-07,11.795,11.87,11.44,11.654,959685,0
1995-03-08,11.724,11.795,11.724,11.724,188352,0
1995-03-09,11.795,11.94,11.724,11.87,72610,0
1995-03-10,11.94,12.01,11.87,11.94,104178,0
1995-03-13,12.01,12.088,11.87,11.94,406451,0
1995-03-14,11.94,12.01,11.724,11.87,242520,0
1995-03-15,11.795,12.01,11.795,12.01,376314,0
1995-03-16,12.01,12.088,12.01,12.01,63907,0
1995-03-17,12.01,12.226,12.01,12.156,381250,0
1995-03-20,12.156,12.156,12.088,12.088,283826,0
1995-03-21,12.01,12.088,12.01,12.01,51310,0
1995-03-22,12.01,12.088,12.01,12.088,164711,0
1995-03-23,12.01,12.01,11.94,11.94,55597,0
1995-03-24,12.01,12.088,11.94,12.01,174450,0
1995-03-27,12.01,12.01,11.94,12.01,316560,0
1995-03-28,11.94,12.01,11.94,11.94,488545,0
1995-03-29,12.01,12.088,11.94,12.01,195886,0
1995-03-30,12.01,12.088,11.94,12.01,162761,0
1995-03-31,12.01,12.01,11.94,11.94,188481,0
1995-04-03,11.94,12.088,11.94,12.088,326043,0
1995-04-04,12.088,12.372,12.01,12.293,194589,0
1995-04-05,12.226,12.44,12.156,12.372,134967,0
1995-04-06,12.372,12.51,12.372,12.372,148345,0
1995-04-07,12.372,12.44,12.293,12.293,218099,0
1995-04-10,12.293,12.372,12.156,12.372,426713,0
1995-04-11,12.293,12.372,12.293,12.293,129899,0
1995-04-12,12.293,12.44,12.293,12.44,111971,0
1995-04-13,12.372,12.372,12.226,12.293,97031,0
1995-04-17,12.293,12.372,12.156,12.293,439835,0
1995-04-18,12.293,12.403,12.226,12.372,373069,0
1995-04-19,12.44,12.587,12.372,12.587,371638,0
1995-04-20,12.587,12.587,12.293,12.293,493222,0
1995-04-21,12.293,12.372,12.293,12.293,456589,0
1995-04-24,12.226,12.372,12.226,12.372,622600,0
1995-04-25,12.357,12.502,12.357,12.423,180298,0
1995-04-26,12.423,12.502,12.357,12.502,113663,0
1995-04-27,12.502,12.502,12.357,12.357,643902,0
1995-04-28,12.423,12.423,12.279,12.423,639752,0
1995-05-01,12.423,12.423,12.21,12.279,104307,0
1995-05-02,12.279,12.357,12.21,12.21,95088,0
1995-05-03,12.21,12.357,12.14,12.357,225374,0
1995-05-04,12.357,12.642,12.279,12.502,496078,0
1995-05-05,12.571,12.716,12.571,12.716,516088,0
1995-05-08,12.716,12.716,12.423,12.423,246157,0
1995-05-09,12.571,12.716,12.502,12.571,209265,0
1995-05-10,12.642,12.716,12.571,12.642,333708,0
1995-05-11,12.642,13.003,12.642,13.003,1202725,0
1995-05-12,12.933,13.003,12.864,13.003,536476,0
1995-05-15,13.003,13.079,12.933,13.003,140677,0
1995-05-16,13.079,13.297,13.003,13.146,238105,0
1995-05-17,13.146,13.228,13.079,13.079,138084,0
1995-05-18,13.079,13.079,12.933,13.003,214332,0
1995-05-19,13.003,13.003,12.716,12.864,394890,0
1995-05-22,12.864,13.146,12.864,13.146,229006,0
1995-05-23,13.146,13.228,13.079,13.228,234855,0
1995-05-24,13.228,13.297,13.079,13.079,374887,0
1995-05-25,13.079,13.576,13.079,13.443,392290,0
1995-05-26,13.365,13.443,13.228,13.228,357089,0
1995-05-30,13.297,13.365,13.228,13.297,558560,0
1995-05-31,13.297,13.365,13.297,13.297,291362,0
1995-06-01,13.297,13.443,13.228,13.443,181727,0
1995-06-02,13.443,13.576,13.365,13.51,460099,0
1995-06-05,13.576,13.727,13.443,13.658,285777,0
1995-06-06,13.658,13.727,13.576,13.727,448148,0
1995-06-07,13.727,13.727,13.576,13.576,508031,0
1995-06-08,13.51,13.658,13.365,13.365,100022,0
1995-06-09,13.365,13.443,13.228,13.365,205630,0
1995-06-12,13.365,13.658,13.365,13.576,153669,0
1995-06-13,13.658,13.803,13.658,13.727,344358,0
1995-06-14,13.727,13.803,13.727,13.803,155747,0
1995-06-15,13.803,13.873,13.727,13.803,289152,0
1995-06-16,13.727,13.803,13.658,13.803,179262,0
1995-06-19,13.727,13.873,13.658,13.803,122885,0
1995-06-20,13.873,13.942,13.803,13.942,314226,0
1995-06-21,13.942,14.017,13.873,14.017,763670,0
1995-06-22,14.017,14.233,13.942,14.233,310324,0
1995-06-23,14.233,14.233,14.089,14.233,373717,0
1995-06-26,14.166,14.233,14.089,14.233,69629,0
1995-06-27,14.233,14.304,14.166,14.233,501926,0
1995-06-28,14.166,14.166,14.089,14.166,273826,0
1995-06-29,14.166,14.233,14.166,14.166,218618,0
1995-06-30,14.166,14.233,14.089,14.166,192509,0
1995-07-03,14.089,14.089,14.017,14.089,38320,0
1995-07-05,14.089,14.233,14.017,14.089,377872,0
1995-07-06,14.089,14.089,13.942,14.017,217970,0
1995-07-07,14.017,14.089,13.803,13.873,397099,0
1995-07-10,13.803,13.873,13.727,13.873,176272,0
1995-07-11,13.873,13.873,13.727,13.803,260316,0
1995-07-12,13.803,13.803,13.658,13.727,316950,0
1995-07-13,13.727,13.803,13.727,13.803,77031,0
1995-07-14,13.727,13.803,13.658,13.727,204852,0
1995-07-17,13.658,13.727,13.51,13.51,522580,0
1995-07-18,13.576,13.873,13.51,13.727,242520,0
1995-07-19,13.727,13.727,13.576,13.658,353453,0
1995-07-20,13.576,13.873,13.51,13.803,272397,0
1995-07-21,13.727,13.803,13.658,13.727,83652,0
1995-07-24,13.727,13.873,13.727,13.803,404634,0
1995-07-25,13.803,14.017,13.803,13.942,182115,0
1995-07-26,14.017,14.017,13.942,14.017,235764,0
1995-07-27,13.942,14.166,13.942,14.166,608833,0
1995-07-28,14.148,14.148,13.926,13.926,448406,0
1995-07-31,14.003,14.218,14.003,14.218,157955,0
1995-08-01,14.148,14.218,14.003,14.075,134183,0
1995-08-02,14.075,14.296,14.003,14.218,99370,0
1995-08-03,14.148,14.218,14.003,14.218,105996,0
1995-08-04,14.296,14.364,14.218,14.364,239404,0
1995-08-07,14.364,14.58,14.364,14.58,295779,0
1995-08-08,14.513,14.513,14.364,14.443,388398,0
1995-08-09,14.443,14.58,14.443,14.513,354748,0
1995-08-10,14.58,14.58,14.443,14.58,195108,0
1995-08-11,14.58,14.58,14.443,14.443,158865,0
1995-08-14,14.443,14.513,14.364,14.513,213422,0
1995-08-15,14.443,14.513,14.443,14.513,69756,0
1995-08-16,14.443,14.513,14.443,14.443,502964,0
1995-08-17,14.443,14.513,14.443,14.513,526738,0
1995-08-18,14.513,14.513,14.364,14.364,361764,0
1995-08-21,14.443,14.513,14.443,14.443,147305,0
1995-08-22,14.364,14.513,14.364,14.443,160295,0
1995-08-23,14.443,14.513,14.364,14.443,128729,0
1995-08-24,14.443,14.443,14.364,14.443,130158,0
1995-08-25,14.443,14.443,14.364,14.443,37412,0
1995-08-28,14.443,14.513,14.364,14.364,165880,0
1995-08-29,14.296,14.443,14.218,14.443,135224,0
1995-08-30,14.443,14.443,14.364,14.443,102359,0
1995-08-31,14.364,14.513,14.364,14.513,54297,0
1995-09-01,14.443,14.513,14.443,14.443,112620,0
1995-09-05,14.443,14.513,14.364,14.443,79628,0
1995-09-06,14.443,14.443,14.364,14.443,73002,0
1995-09-07,14.443,14.513,14.443,14.443,134967,0
1995-09-08,14.513,14.513,14.364,14.443,380081,0
1995-09-11,14.443,14.472,14.296,14.364,198614,0
1995-09-12,14.443,14.513,14.364,14.443,45986,0
1995-09-13,14.443,14.513,14.443,14.443,64687,0
1995-09-14,14.443,14.58,14.443,14.58,218229,0
1995-09-15,14.58,14.58,14.513,14.58,221348,0
1995-09-18,14.513,14.58,14.443,14.58,204719,0
1995-09-19,14.58,14.58,14.443,14.513,93265,0
1995-09-20,14.443,14.513,14.443,14.443,901104,0
1995-09-21,14.513,14.513,14.443,14.443,332536,0
1995-09-22,14.513,14.727,14.513,14.727,247974,0
1995-09-25,14.727,14.873,14.58,14.727,98983,0
1995-09-26,14.727,15.019,14.727,14.951,114181,0
1995-09-27,14.951,15.312,14.951,15.097,680015,0
1995-09-28,15.166,15.243,15.097,15.166,401902,0
1995-09-29,15.166,15.459,15.166,15.312,257459,0
1995-10-02,15.312,15.459,15.243,15.389,176400,0
1995-10-03,15.389,15.606,15.389,15.535,250574,0
1995-10-04,15.535,15.68,15.535,15.68,225503,0
1995-10-05,15.68,15.68,15.606,15.606,85475,0
1995-10-06,15.68,15.68,15.459,15.459,50531,0
1995-10-09,15.389,15.459,15.312,15.389,207707,0
1995-10-10,15.459,15.68,15.389,15.68,173154,0
1995-10-11,15.753,15.753,15.68,15.68,116514,0
1995-10-12,15.753,15.753,15.68,15.68,124312,0
1995-10-13,15.753,15.819,15.753,15.819,269019,0
1995-10-16,15.753,15.897,15.753,15.819,280839,0
1995-10-17,15.753,15.897,15.753,15.897,147044,0
1995-10-18,15.897,15.897,15.819,15.897,100150,0
1995-10-19,16.044,16.259,15.968,16.259,340984,0
1995-10-20,16.259,16.336,16.189,16.259,104698,0
1995-10-23,16.336,16.407,16.189,16.259,521799,0
1995-10-24,16.336,16.336,16.189,16.259,319549,0
1995-10-25,16.259,16.259,16.112,16.112,229400,0
1995-10-26,16.112,16.112,15.897,15.968,166268,0
1995-10-27,15.968,15.968,15.753,15.968,719115,0
1995-10-30,15.968,16.189,15.897,16.189,180820,0
1995-10-31,16.189,16.266,16.044,16.189,248884,0
1995-11-01,16.189,16.266,15.968,16.044,441264,0
1995-11-02,16.044,16.189,15.897,15.897,151463,0
1995-11-03,15.968,16.044,15.897,16.044,163801,0
1995-11-06,16.121,16.121,15.968,16.044,154059,0
1995-11-07,15.968,16.121,15.968,16.044,406842,0
1995-11-08,16.121,16.189,16.044,16.121,178091,0
1995-11-09,16.121,16.189,16.121,16.189,261744,0
1995-11-10,16.121,16.189,16.121,16.121,272266,0
1995-11-13,16.189,16.189,16.044,16.121,77031,0
1995-11-14,16.044,16.121,15.897,16.121,146006,0
1995-11-15,16.044,16.266,16.044,16.266,163543,0
1995-11-16,16.189,16.336,16.044,16.189,109766,0
1995-11-17,16.189,16.266,16.121,16.121,109634,0
1995-11-20,16.121,16.189,16.044,16.121,31175,0
1995-11-21,16.189,16.336,16.189,16.336,57284,0
1995-11-22,16.266,16.483,16.266,16.483,161075,0
1995-11-24,16.483,16.557,16.412,16.557,213160,0
1995-11-27,16.483,16.483,16.336,16.412,102750,0
1995-11-28,16.412,16.412,15.968,16.336,426584,0
1995-11-29,16.266,16.266,16.121,16.266,120806,0
1995-11-30,16.189,16.266,16.044,16.044,130545,0
1995-12-01,16.044,16.336,16.044,16.189,145878,0
1995-12-04,16.266,16.336,16.121,16.266,270318,0
1995-12-05,16.266,16.483,15.897,15.897,1414326,0
1995-12-06,15.968,16.375,15.897,16.189,377226,0
1995-12-07,16.121,16.121,16.044,16.121,773155,0
1995-12-08,16.044,16.189,16.044,16.121,337216,0
1995-12-11,16.121,16.266,16.044,16.189,115221,0
1995-12-12,16.121,16.266,16.121,16.189,342800,0
1995-12-13,16.189,16.412,16.189,16.336,137954,0
1995-12-14,16.336,16.412,16.121,16.121,203292,0
1995-12-15,16.121,16.266,16.121,16.189,235504,0
1995-12-18,16.121,16.336,16.121,16.189,285777,0
1995-12-19,16.189,16.412,16.189,16.412,111584,0
1995-12-20,16.483,16.483,16.266,16.266,204330,0
1995-12-21,16.189,16.412,16.189,16.412,309283,0
1995-12-22,16.412,16.483,16.412,16.483,130289,0
1995-12-26,16.412,16.783,16.412,16.783,260834,0
1995-12-27,16.783,16.783,16.63,16.783,105996,0
1995-12-28,16.783,16.851,16.63,16.706,112102,0
1995-12-29,16.783,16.998,16.706,16.929,157563,0
1996-01-02,16.851,16.998,16.783,16.998,75470,0
1996-01-03,16.929,17.219,16.929,17.219,408786,0
1996-01-04,17.145,17.443,17.145,17.443,351115,0
1996-01-05,17.3,17.443,17.219,17.443,208748,0
1996-01-08,17.443,17.443,17.3,17.3,16497,0
1996-01-09,17.367,17.514,17.3,17.443,285777,0
1996-01-10,17.367,17.443,17.219,17.219,229006,0
1996-01-11,17.219,17.3,17.219,17.219,429964,0
1996-01-12,17.145,17.3,16.998,17.074,192509,0
1996-01-15,17.074,17.3,16.998,17.074,153023,0
1996-01-16,17.145,17.3,17.145,17.3,90407,0
1996-01-17,17.367,17.514,17.3,17.514,323445,0
1996-01-18,17.514,17.591,17.443,17.514,449706,0
1996-01-19,17.661,17.736,17.443,17.736,561938,0
1996-01-22,17.661,17.736,17.514,17.661,148603,0
1996-01-23,17.591,17.661,17.443,17.661,113011,0
1996-01-24,17.591,17.807,17.591,17.661,190690,0
1996-01-25,17.591,17.661,17.367,17.514,137694,0
1996-01-26,17.514,17.591,17.145,17.514,83136,0
1996-01-29,17.443,17.514,17.3,17.514,603378,0
1996-01-30,17.591,17.661,17.514,17.591,929032,0
1996-01-31,17.591,17.591,17.443,17.514,814719,0
1996-02-01,17.514,17.661,17.367,17.443,188481,0
1996-02-02,17.367,17.514,17.219,17.219,137180,0
1996-02-05,17.145,17.293,17.066,17.145,224074,0
1996-02-06,17.145,17.219,16.998,17.066,340724,0
1996-02-07,17.219,17.367,17.145,17.367,112884,0
1996-02-08,17.293,17.367,16.922,16.922,143405,0
1996-02-09,16.998,17.219,16.998,17.145,155747,0
1996-02-12,17.219,17.367,16.998,17.293,758216,0
1996-02-13,17.367,17.591,17.293,17.514,169521,0
1996-02-14,17.514,17.514,17.293,17.293,212643,0
1996-02-15,17.293,17.443,17.293,17.443,56504,0
1996-02-16,17.443,17.443,17.293,17.443,223421,0
1996-02-20,17.293,17.367,17.066,17.145,165751,0
1996-02-21,17.145,17.293,16.998,17.145,697941,0
1996-02-22,17.145,17.367,17.145,17.293,160948,0
1996-02-23,17.367,17.514,17.219,17.219,180948,0
1996-02-26,17.145,17.145,16.698,16.998,191471,0
1996-02-27,16.998,17.219,16.922,17.219,105606,0
1996-02-28,17.145,17.219,16.998,17.066,129769,0
1996-02-29,16.998,16.998,16.698,16.775,399565,0
1996-03-01,16.845,16.998,16.775,16.922,116257,0
1996-03-04,16.998,17.219,16.922,17.066,345660,0
1996-03-05,17.066,17.145,16.922,17.066,672870,0
1996-03-06,16.998,16.998,16.845,16.998,664039,0
1996-03-07,16.998,16.998,16.845,16.845,104698,0
1996-03-08,16.775,16.775,16.329,16.407,562326,0
1996-03-11,16.407,16.407,16.104,16.104,233169,0
1996-03-12,16.104,16.104,15.589,15.883,707166,0
1996-03-13,15.883,16.18,15.736,16.18,105346,0
1996-03-14,16.027,16.104,15.805,15.805,424767,0
1996-03-15,15.805,16.104,15.736,16.104,518427,0
1996-03-18,16.104,16.622,16.104,16.622,380864,0
1996-03-19,16.622,16.622,16.474,16.549,298113,0
1996-03-20,16.549,16.622,16.474,16.622,212382,0
1996-03-21,16.549,16.698,16.474,16.622,276553,0
1996-03-22,16.622,16.998,16.549,16.998,610652,0
1996-03-25,16.922,16.998,16.922,16.922,442560,0
1996-03-26,16.845,16.922,16.845,16.922,125090,0
1996-03-27,16.922,17.066,16.845,16.922,178481,0
1996-03-28,16.775,16.998,16.775,16.922,580382,0
1996-03-29,17.066,17.145,16.998,17.145,440094,0
1996-04-01,17.066,17.145,16.775,16.775,403982,0
1996-04-02,16.845,16.998,16.698,16.698,237972,0
1996-04-03,16.698,16.922,16.622,16.922,438923,0
1996-04-04,16.922,16.998,16.845,16.998,115481,0
1996-04-08,16.845,17.293,16.549,16.549,467632,0
1996-04-09,16.698,16.775,16.622,16.775,505952,0
1996-04-10,16.698,16.775,16.329,16.549,564666,0
1996-04-11,16.622,16.622,16.329,16.329,406713,0
1996-04-12,16.474,16.474,16.329,16.474,805109,0
1996-04-15,16.474,16.549,16.329,16.407,155100,0
1996-04-16,16.407,16.407,16.253,16.407,148212,0
1996-04-17,16.329,16.407,16.18,16.329,242131,0
1996-04-18,16.474,16.622,16.027,16.253,271619,0
1996-04-19,16.253,16.253,15.883,15.959,1000605,0
1996-04-22,16.027,16.18,16.027,16.104,309154,0
1996-04-23,16.104,16.104,15.959,16.027,124181,0
1996-04-24,16.104,16.104,16.027,16.104,63128,0
1996-04-25,16.027,16.18,16.027,16.18,191861,0
1996-04-26,16.18,16.253,15.736,15.959,674687,0
1996-04-29,16.104,16.18,15.805,16.027,879925,0
1996-04-30,16.027,16.027,15.805,15.959,1130499,0
1996-05-01,15.883,16.104,15.883,16.027,463215,0
1996-05-02,15.959,15.959,15.805,15.883,174582,0
1996-05-03,15.805,15.883,15.736,15.805,92355,0
1996-05-06,15.805,15.844,15.736,15.805,242776,0
1996-05-07,15.805,15.883,15.736,15.805,218877,0
1996-05-08,15.805,16.104,15.736,16.027,402553,0
1996-05-09,16.027,16.18,16.027,16.104,308246,0
1996-05-10,16.18,16.329,16.104,16.259,315391,0
1996-05-13,16.18,16.329,16.18,16.259,45208,0
1996-05-14,16.259,16.557,16.259,16.329,203292,0
1996-05-15,16.483,16.63,16.329,16.329,274863,0
1996-05-16,16.259,16.329,16.18,16.329,38969,0
1996-05-17,16.329,16.407,16.259,16.407,284866,0
1996-05-20,16.407,16.483,16.407,16.407,288762,0
1996-05-21,16.407,16.483,16.329,16.407,158085,0
1996-05-22,16.407,16.483,16.329,16.483,438145,0
1996-05-23,16.407,16.483,16.329,16.407,114053,0
1996-05-24,16.407,16.483,16.407,16.407,167569,0
1996-05-28,16.557,16.557,16.18,16.18,116386,0
1996-05-29,16.18,16.259,16.104,16.18,111452,0
1996-05-30,16.18,16.18,15.883,16.104,192509,0
1996-05-31,16.104,16.18,15.883,15.883,121979,0
1996-06-03,15.959,16.027,15.805,15.805,62741,0
1996-06-04,15.959,16.259,15.883,16.259,269019,0
1996-06-05,16.104,16.407,16.104,16.259,466203,0
1996-06-06,16.407,16.407,16.329,16.407,404634,0
1996-06-07,16.18,16.259,16.104,16.18,382936,0
1996-06-10,16.18,16.18,16.027,16.104,43514,0
1996-06-11,16.18,16.259,16.104,16.18,506603,0
1996-06-12,16.259,16.329,16.18,16.259,146138,0
1996-06-13,16.259,16.329,16.259,16.259,66768,0
1996-06-14,16.259,16.329,16.259,16.259,84433,0
1996-06-17,16.259,16.329,16.18,16.18,266289,0
1996-06-18,16.18,16.329,16.18,16.329,673521,0
1996-06-19,16.329,16.407,16.259,16.329,296038,0
1996-06-20,16.329,16.483,16.329,16.483,620131,0
1996-06-21,16.483,16.706,16.483,16.706,301622,0
1996-06-24,16.706,16.783,16.63,16.783,266682,0
1996-06-25,16.783,16.783,16.706,16.783,194067,0
1996-06-26,16.783,17.007,16.783,16.858,509589,0
1996-06-27,16.858,17.082,16.858,17.007,226283,0
1996-06-28,17.082,18.207,17.082,18.207,491663,0
1996-07-01,17.974,17.974,17.53,17.753,523356,0
1996-07-02,17.753,17.753,17.53,17.605,79498,0
1996-07-03,17.605,17.686,17.53,17.605,84693,0
1996-07-05,17.449,17.449,17.082,17.153,83136,0
1996-07-08,17.153,17.153,16.929,17.007,404503,0
1996-07-09,17.082,17.449,17.082,17.449,226156,0
1996-07-10,17.686,17.686,17.227,17.307,234726,0
1996-07-11,17.384,17.384,17.227,17.307,212774,0
1996-07-12,16.929,17.384,16.929,17.384,298766,0
1996-07-15,17.53,17.605,17.449,17.605,226541,0
1996-07-16,17.605,17.686,17.384,17.686,233684,0
1996-07-17,17.686,17.686,17.449,17.449,86381,0
1996-07-18,17.53,17.605,17.227,17.449,249795,0
1996-07-19,17.53,17.605,17.307,17.384,50787,0
1996-07-22,17.307,17.449,17.153,17.384,332407,0
1996-07-23,17.384,17.384,17.153,17.227,144966,0
1996-07-24,17.227,17.227,16.929,17.153,380600,0
1996-07-25,17.307,17.384,17.082,17.227,249531,0
1996-07-26,17.227,17.307,17.082,17.082,567915,0
1996-07-29,17.153,17.307,17.082,17.227,204589,0
1996-07-30,17.227,17.457,17.082,17.227,429574,0
1996-07-31,17.307,17.307,17.007,17.082,367477,0
1996-08-01,17.082,17.53,16.929,17.384,263562,0
1996-08-02,17.457,17.762,17.457,17.686,99892,0
1996-08-05,17.686,17.686,17.457,17.457,94046,0
1996-08-06,17.53,17.605,17.457,17.457,131457,0
1996-08-07,17.457,17.53,17.384,17.457,71576,0
1996-08-08,17.605,17.605,17.307,17.384,38192,0
1996-08-09,17.457,17.53,17.384,17.53,55855,0
1996-08-12,17.53,17.53,17.384,17.457,58584,0
1996-08-13,17.457,17.53,17.307,17.384,141069,0
1996-08-14,17.53,17.686,17.53,17.686,87812,0
1996-08-15,17.686,17.762,17.605,17.686,166918,0
1996-08-16,17.686,17.762,17.605,17.686,117296,0
1996-08-19,17.686,17.762,17.686,17.762,191989,0
1996-08-20,17.686,17.762,17.605,17.686,47152,0
1996-08-21,17.686,17.686,17.53,17.53,226541,0
1996-08-22,17.605,17.686,17.53,17.605,36372,0
1996-08-23,17.686,17.762,17.53,17.53,160037,0
1996-08-26,17.53,17.605,17.53,17.605,94959,0
1996-08-27,17.605,17.686,17.53,17.686,356833,0
1996-08-28,17.605,17.762,17.605,17.686,194846,0
1996-08-29,17.686,17.762,17.384,17.457,315785,0
1996-08-30,17.457,17.53,17.227,17.384,92618,0
1996-09-03,17.227,17.307,16.929,17.153,156919,0
1996-09-04,17.307,17.384,17.082,17.227,211601,0
1996-09-05,17.227,17.227,17.082,17.227,152369,0
1996-09-06,17.227,17.457,17.227,17.457,57284,0
1996-09-09,17.384,17.457,17.307,17.307,88849,0
1996-09-10,17.307,17.457,17.227,17.457,94959,0
1996-09-11,17.384,17.457,17.384,17.457,53648,0
1996-09-12,17.384,17.686,17.384,17.686,97551,0
1996-09-13,17.686,17.762,17.53,17.605,83652,0
1996-09-16,17.686,17.686,17.53,17.53,36502,0
1996-09-17,17.605,17.605,17.384,17.457,61571,0
1996-09-18,17.605,17.605,17.457,17.53,40396,0
1996-09-19,17.53,17.686,17.53,17.605,231868,0
1996-09-20,17.605,17.837,17.605,17.837,431522,0
1996-09-23,17.762,17.837,17.605,17.762,79628,0
1996-09-24,17.762,17.915,17.762,17.762,593506,0
1996-09-25,17.762,17.981,17.686,17.915,188739,0
1996-09-26,17.981,17.981,17.762,17.762,248236,0
1996-09-27,17.837,17.981,17.837,17.915,123403,0
1996-09-30,17.981,18.061,17.837,17.915,422040,0
1996-10-01,17.915,17.981,17.915,17.915,492315,0
1996-10-02,17.981,18.138,17.981,18.138,480621,0
1996-10-03,18.138,18.138,17.837,17.837,258108,0
1996-10-04,17.837,18.214,17.837,18.214,171205,0
1996-10-07,18.061,18.214,17.981,18.061,172117,0
1996-10-08,17.981,18.214,17.981,18.138,215367,0
1996-10-09,18.138,18.138,17.981,18.061,36372,0
1996-10-10,18.061,18.138,17.981,18.138,145616,0
1996-10-11,18.138,18.138,17.981,18.061,263045,0
1996-10-14,18.061,18.214,17.981,18.138,144447,0
1996-10-15,18.138,18.36,18.138,18.36,220177,0
1996-10-16,18.36,18.591,18.292,18.591,247323,0
1996-10-17,18.591,18.591,18.36,18.591,249014,0
1996-10-18,18.668,18.668,18.439,18.439,131844,0
1996-10-21,18.439,18.439,18.292,18.36,112230,0
1996-10-22,18.292,18.36,18.214,18.292,258625,0
1996-10-23,18.214,18.36,18.214,18.292,39229,0
1996-10-24,18.36,18.439,18.36,18.439,97423,0
1996-10-25,18.591,18.591,18.514,18.591,121195,0
1996-10-28,18.591,18.738,18.591,18.591,248364,0
1996-10-29,18.668,18.816,18.668,18.816,625460,0
1996-10-30,18.751,18.908,18.751,18.83,274471,0
1996-10-31,18.83,18.984,18.751,18.83,376314,0
1996-11-01,18.908,18.908,18.677,18.908,554145,0
1996-11-04,18.908,19.061,18.83,18.984,511276,0
1996-11-05,18.984,19.447,18.984,19.447,361249,0
1996-11-06,19.515,19.67,19.447,19.67,404243,0
1996-11-07,19.67,19.67,19.447,19.515,316432,0
1996-11-08,19.515,19.515,19.216,19.216,151848,0
1996-11-11,19.291,19.447,19.216,19.368,841215,0
1996-11-12,19.368,19.368,19.291,19.291,136653,0
1996-11-13,19.136,19.368,19.061,19.291,432299,0
1996-11-14,19.291,19.515,19.291,19.368,259535,0
1996-11-15,19.447,19.447,19.291,19.368,169905,0
1996-11-18,19.368,19.368,19.216,19.216,239796,0
1996-11-19,19.291,19.291,19.061,19.216,78202,0
1996-11-20,19.291,19.291,19.061,19.291,104825,0
1996-11-21,19.291,19.447,19.291,19.368,63779,0
1996-11-22,19.447,19.447,19.216,19.291,502184,0
1996-11-25,19.291,19.291,19.136,19.291,112884,0
1996-11-26,19.291,19.447,18.984,19.061,465166,0
1996-11-27,19.136,19.216,19.061,19.136,239012,0
1996-11-29,19.216,19.216,18.908,18.984,340984,0
1996-12-02,19.061,19.061,18.751,18.984,170036,0
1996-12-03,19.136,19.136,18.83,18.908,384626,0
1996-12-04,18.908,19.061,18.751,19.061,403982,0
1996-12-05,19.061,19.216,18.984,19.136,468672,0
1996-12-06,18.984,18.984,18.677,18.751,249795,0
1996-12-09,18.83,19.061,18.751,18.908,478932,0
1996-12-10,18.908,18.984,18.83,18.984,140422,0
1996-12-11,18.908,18.984,18.83,18.908,163020,0
1996-12-12,19.061,19.061,18.83,18.83,116257,0
1996-12-13,18.908,18.908,18.53,18.677,272529,0
1996-12-16,18.677,18.677,18.454,18.607,194589,0
1996-12-17,18.53,18.607,18.454,18.454,364624,0
1996-12-18,18.454,18.607,18.376,18.607,182895,0
1996-12-19,18.607,18.751,18.53,18.751,315785,0
1996-12-20,18.751,18.83,18.607,18.751,144057,0
1996-12-23,18.751,18.751,18.53,18.607,120545,0
1996-12-24,18.607,18.607,18.454,18.607,61834,0
1996-12-26,18.53,18.83,18.53,18.83,85993,0
1996-12-27,18.83,19.136,18.83,19.136,57023,0
1996-12-30,19.136,19.447,19.061,19.061,178869,0
1996-12-31,19.136,19.368,18.908,19.368,159904,0
1997-01-02,19.368,19.368,18.677,18.908,189648,0
1997-01-03,18.83,18.984,18.751,18.908,159255,0
1997-01-06,18.908,18.908,18.677,18.908,233554,0
1997-01-07,18.984,19.136,18.751,19.136,248106,0
1997-01-08,19.216,19.216,18.751,18.908,477374,0
1997-01-09,18.908,18.908,18.751,18.908,385929,0
1997-01-10,18.751,18.908,18.751,18.908,92618,0
1997-01-13,18.908,18.984,18.83,18.984,310067,0
1997-01-14,19.136,19.216,19.061,19.061,121714,0
1997-01-15,18.984,19.061,18.908,18.908,235892,0
1997-01-16,18.984,19.061,18.908,18.908,101579,0
1997-01-17,18.984,19.136,18.751,19.136,388138,0
1997-01-20,19.136,19.515,19.136,19.447,294737,0
1997-01-21,19.447,19.447,19.291,19.447,152758,0
1997-01-22,19.447,19.67,19.291,19.67,295908,0
1997-01-23,19.594,20.054,19.515,19.978,372678,0
1997-01-24,19.978,19.978,19.368,19.515,527256,0
1997-01-27,19.515,19.515,19.136,19.291,255769,0
1997-01-28,19.447,19.515,19.368,19.447,103266,0
1997-01-29,19.515,19.515,19.216,19.291,410737,0
1997-01-30,19.307,19.463,19.077,19.384,1340416,0
1997-01-31,19.537,19.537,19.307,19.463,264214,0
1997-02-03,19.384,19.463,19.231,19.384,153023,0
1997-02-04,19.463,19.537,19.384,19.463,183806,0
1997-02-05,19.463,19.463,19.077,19.077,65468,0
1997-02-06,19.153,19.153,19.002,19.002,187183,0
1997-02-07,19.077,19.153,18.845,18.922,151073,0
1997-02-10,19.002,19.153,18.922,19.153,149643,0
1997-02-11,19.153,19.348,19.077,19.231,205888,0
1997-02-12,19.231,19.307,19.153,19.231,126649,0
1997-02-13,19.307,19.614,19.307,19.537,144316,0
1997-02-14,19.463,19.463,19.077,19.153,187833,0
1997-02-18,19.231,19.463,19.153,19.463,95345,0
1997-02-19,19.463,19.537,19.384,19.537,145357,0
1997-02-20,19.463,19.463,19.037,19.231,247974,0
1997-02-21,19.231,19.384,19.077,19.231,163543,0
1997-02-24,19.153,19.463,19.077,19.463,138215,0
1997-02-25,19.384,19.384,19.231,19.307,174192,0
1997-02-26,19.384,19.384,19.002,19.231,164060,0
1997-02-27,19.307,19.307,19.153,19.231,99892,0
1997-02-28,19.307,19.384,19.153,19.231,512834,0
1997-03-03,19.307,19.384,19.153,19.384,300066,0
1997-03-04,19.537,19.614,19.384,19.384,454124,0
1997-03-05,19.463,19.692,19.384,19.537,483873,0
1997-03-06,19.537,19.692,19.537,19.692,373069,0
1997-03-07,19.614,19.692,19.537,19.614,135482,0
1997-03-10,19.537,19.614,19.537,19.537,103789,0
1997-03-11,19.614,19.614,19.537,19.537,95737,0
1997-03-12,19.614,19.614,19.537,19.537,100541,0
1997-03-13,19.537,19.537,19.231,19.231,591036,0
1997-03-14,19.231,19.384,19.231,19.384,217061,0
1997-03-17,19.231,19.384,19.153,19.384,195498,0
1997-03-18,19.463,19.463,19.307,19.463,388654,0
1997-03-19,19.463,19.463,19.231,19.463,159771,0
1997-03-20,19.384,19.537,19.231,19.384,114053,0
1997-03-21,19.537,19.537,19.231,19.307,85346,0
1997-03-24,19.153,19.384,19.077,19.231,411520,0
1997-03-25,19.307,19.463,19.231,19.307,426584,0
1997-03-26,19.384,19.384,18.922,18.922,248753,0
1997-03-27,19.002,19.077,18.768,18.768,150033,0
1997-03-31,18.922,19.002,18.539,18.539,252261,0
1997-04-01,18.461,18.845,18.307,18.692,385018,0
1997-04-02,18.768,18.845,18.615,18.768,285385,0
1997-04-03,18.845,18.845,18.615,18.768,148475,0
1997-04-04,18.692,18.692,18.384,18.461,62352,0
1997-04-07,18.307,18.539,18.307,18.461,380081,0
1997-04-08,18.461,18.461,18.154,18.228,454904,0
1997-04-09,18.307,18.307,17.998,18.154,153152,0
1997-04-10,18.076,18.154,18.076,18.154,287206,0
1997-04-11,18.154,18.228,18.076,18.228,794325,0
1997-04-14,18.154,18.154,17.998,18.076,140549,0
1997-04-15,18.076,18.228,17.612,17.77,462049,0
1997-04-16,17.537,17.537,17.153,17.153,609092,0
1997-04-17,17.227,17.307,16.998,17.227,560249,0
1997-04-18,17.307,17.537,17.227,17.457,434117,0
1997-04-21,17.457,17.612,17.457,17.537,228753,0
1997-04-22,17.457,17.537,17.384,17.537,65468,0
1997-04-23,17.537,17.612,17.457,17.457,286558,0
1997-04-24,17.457,17.537,17.384,17.537,200173,0
1997-04-25,17.457,17.457,17.384,17.384,88072,0
1997-04-28,17.384,17.693,17.384,17.612,267459,0
1997-04-29,17.693,17.844,17.612,17.844,290451,0
1997-04-30,17.861,17.861,17.628,17.705,471658,0
1997-05-01,17.783,17.861,17.705,17.861,257459,0
1997-05-02,17.783,18.245,17.783,18.168,202381,0
1997-05-05,18.09,18.484,18.09,18.484,260057,0
1997-05-06,18.562,18.716,18.484,18.562,274601,0
1997-05-07,18.562,18.562,18.322,18.406,311496,0
1997-05-08,18.406,18.406,18.245,18.322,582073,0
1997-05-09,18.322,18.484,18.322,18.406,47801,0
1997-05-12,18.406,18.637,18.322,18.406,200563,0
1997-05-13,18.484,18.484,18.322,18.406,161724,0
1997-05-14,18.484,18.484,18.322,18.322,166268,0
1997-05-15,17.861,17.939,17.628,17.628,1834287,0
1997-05-16,17.705,18.014,17.705,17.939,1267415,0
1997-05-19,18.014,18.014,17.939,18.014,637795,0
1997-05-20,17.939,18.014,17.861,18.014,380211,0
1997-05-21,18.014,18.09,17.861,17.861,158734,0
1997-05-22,17.861,17.939,17.783,17.783,141328,0
1997-05-23,17.783,18.09,17.783,18.09,303182,0
1997-05-27,18.014,18.168,17.939,18.09,464646,0
1997-05-28,18.09,18.168,17.939,18.168,107297,0
1997-05-29,18.245,18.245,18.09,18.168,94826,0
1997-05-30,18.09,18.245,18.09,18.245,304481,0
1997-06-02,18.245,18.406,18.245,18.406,451265,0
1997-06-03,18.562,18.637,18.406,18.562,734314,0
1997-06-04,18.562,18.716,18.562,18.716,402032,0
1997-06-05,18.716,18.792,18.637,18.792,126778,0
1997-06-06,18.792,19.021,18.792,18.945,603508,0
1997-06-09,19.021,19.021,18.716,18.792,167310,0
1997-06-10,18.792,18.945,18.637,18.868,81182,0
1997-06-11,18.868,18.868,18.716,18.792,85732,0
1997-06-12,18.792,18.945,18.716,18.945,352411,0
1997-06-13,19.021,19.1,18.945,19.021,179650,0
1997-06-16,18.792,18.945,18.716,18.945,216410,0
1997-06-17,18.868,18.868,18.562,18.868,525958,0
1997-06-18,19.021,19.021,18.792,18.868,217317,0
1997-06-19,18.868,18.868,18.716,18.868,282659,0
1997-06-20,18.792,18.868,18.637,18.716,249014,0
1997-06-23,18.792,18.792,18.637,18.716,259925,0
1997-06-24,18.792,18.792,18.677,18.677,310198,0
1997-06-25,18.677,18.792,18.637,18.716,113921,0
1997-06-26,18.716,18.792,18.484,18.522,495951,0
1997-06-27,18.522,18.716,18.522,18.637,400607,0
1997-06-30,18.637,18.792,18.637,18.677,111842,0
1997-07-01,18.677,18.792,18.637,18.792,139382,0
1997-07-02,18.716,18.945,18.716,18.751,204071,0
1997-07-03,18.83,19.021,18.83,19.021,123145,0
1997-07-07,18.868,19.021,18.868,19.021,53910,0
1997-07-08,19.021,19.1,18.868,19.1,61313,0
1997-07-09,19.176,19.216,18.868,18.945,155488,0
1997-07-10,19.021,19.061,18.908,18.984,101190,0
1997-07-11,18.908,18.984,18.792,18.908,128984,0
1997-07-14,18.945,18.945,18.83,18.83,192640,0
1997-07-15,18.792,19.021,18.792,19.021,67806,0
1997-07-16,19.136,19.216,19.021,19.1,298245,0
1997-07-17,19.061,19.1,18.83,18.908,508163,0
1997-07-18,18.908,18.908,18.562,18.677,282789,0
1997-07-21,18.677,18.677,18.522,18.562,216930,0
1997-07-22,18.598,18.716,18.598,18.677,116126,0
1997-07-23,18.716,18.83,18.598,18.677,73002,0
1997-07-24,18.716,19.216,18.637,19.176,617665,0
1997-07-25,19.216,19.34,19.021,19.061,151592,0
1997-07-28,19.061,19.176,19.061,19.1,94438,0
1997-07-29,19.216,19.686,19.136,19.606,458022,0
1997-07-30,19.545,19.701,19.471,19.701,223945,0
1997-07-31,19.662,19.815,19.622,19.778,118596,0
1997-08-01,19.778,19.778,19.506,19.662,97811,0
1997-08-04,19.586,19.815,19.545,19.778,376701,0
1997-08-05,19.778,19.893,19.778,19.893,140677,0
1997-08-06,19.893,20.017,19.854,19.978,100150,0
1997-08-07,19.937,20.017,19.778,19.893,93784,0
1997-08-08,19.778,19.778,19.471,19.662,111452,0
1997-08-11,19.737,19.737,19.586,19.662,152241,0
1997-08-12,19.815,19.815,19.701,19.778,417491,0
1997-08-13,20.054,20.169,19.815,20.132,1118551,0
1997-08-14,20.208,20.248,20.132,20.132,544532,0
1997-08-15,20.169,20.169,19.815,19.854,386578,0
1997-08-18,20.054,20.285,19.937,20.208,789261,0
1997-08-19,20.208,20.408,20.208,20.408,150552,0
1997-08-20,20.485,20.524,20.285,20.324,257459,0
1997-08-21,20.447,20.447,20.054,20.093,337344,0
1997-08-22,20.324,20.524,20.208,20.524,550248,0
1997-08-25,20.679,20.755,20.679,20.717,402164,0
1997-08-26,20.679,20.679,20.563,20.64,117815,0
1997-08-27,20.679,20.679,20.37,20.6,161594,0
1997-08-28,20.524,20.6,20.37,20.563,125090,0
1997-08-29,20.563,20.6,20.248,20.248,104698,0
1997-09-02,20.37,20.6,20.324,20.563,437236,0
1997-09-03,20.679,20.717,20.408,20.408,269666,0
1997-09-04,20.408,20.679,20.285,20.679,211473,0
1997-09-05,20.679,20.839,20.563,20.6,144447,0
1997-09-08,20.524,20.64,20.447,20.64,54946,0
1997-09-09,20.6,20.717,20.6,20.679,93655,0
1997-09-10,20.839,21.032,20.755,20.994,163281,0
1997-09-11,21.148,21.148,20.839,21.032,585321,0
1997-09-12,20.879,21.271,20.879,21.271,174192,0
1997-09-15,21.271,21.463,21.271,21.386,133016,0
1997-09-16,21.386,21.857,21.386,21.817,354879,0
1997-09-17,21.817,21.857,21.618,21.653,205630,0
1997-09-18,21.702,21.778,21.618,21.653,86640,0
1997-09-19,21.778,21.778,21.577,21.653,164450,0
1997-09-22,21.74,21.817,21.424,21.424,108206,0
1997-09-23,21.424,21.463,21.148,21.148,213422,0
1997-09-24,21.186,21.347,20.916,20.916,190170,0
1997-09-25,20.954,21.109,20.916,20.954,161724,0
1997-09-26,20.994,21.309,20.994,21.271,169131,0
1997-09-29,21.109,21.148,21.032,21.109,115481,0
1997-09-30,21.032,21.271,21.032,21.069,186403,0
1997-10-01,21.069,21.186,21.032,21.186,119117,0
1997-10-02,21.186,21.463,21.148,21.424,125217,0
1997-10-03,21.577,21.702,21.309,21.347,133664,0
1997-10-06,21.347,21.386,21.271,21.309,89889,0
1997-10-07,21.309,21.347,21.223,21.347,108592,0
1997-10-08,21.347,21.347,21.032,21.148,67545,0
1997-10-09,21.148,21.148,20.879,20.954,174192,0
1997-10-10,20.954,21.223,20.802,21.223,110674,0
1997-10-13,21.223,21.271,21.148,21.271,40268,0
1997-10-14,21.186,21.347,21.186,21.223,55466,0
1997-10-15,21.186,21.386,21.148,21.347,123273,0
1997-10-16,21.309,21.502,21.223,21.424,49492,0
1997-10-17,21.309,21.347,21.223,21.309,365925,0
1997-10-20,21.386,21.618,21.309,21.54,59364,0
1997-10-21,21.463,21.857,21.463,21.778,128984,0
1997-10-22,21.702,21.778,21.577,21.74,104049,0
1997-10-23,21.702,21.702,21.502,21.702,428272,0
1997-10-24,21.778,21.857,21.618,21.778,219658,0
1997-10-27,21.817,21.817,21.463,21.502,85862,0
1997-10-28,21.309,21.309,20.879,21.148,209395,0
1997-10-29,21.223,21.424,21.032,21.309,600777,0
1997-10-30,21.255,21.973,21.255,21.653,497509,0
1997-10-31,21.653,22.287,21.577,22.009,726910,0
1997-11-03,22.123,22.524,22.123,22.287,169648,0
1997-11-04,22.325,22.325,22.123,22.209,190428,0
1997-11-05,22.249,22.441,22.209,22.363,476596,0
1997-11-06,22.249,22.325,22.173,22.287,217579,0
1997-11-07,22.209,22.209,21.932,22.086,278110,0
1997-11-10,22.009,22.249,21.81,22.209,155229,0
1997-11-11,22.249,22.68,22.173,22.68,312273,0
1997-11-12,22.64,23.079,22.603,23.079,401385,0
1997-11-13,23.079,23.396,23.079,23.118,488156,0
1997-11-14,23.079,23.356,23.079,23.233,187052,0
1997-11-17,23.311,23.587,23.311,23.511,289281,0
1997-11-18,23.672,23.672,23.311,23.396,199653,0
1997-11-19,23.311,23.396,23.157,23.311,257978,0
1997-11-20,23.157,23.356,23.079,23.311,824070,0
1997-11-21,23.396,23.396,23.273,23.356,110674,0
1997-11-24,23.233,23.672,23.195,23.626,501016,0
1997-11-25,23.626,24.18,23.626,23.99,525178,0
1997-11-26,24.141,24.419,24.141,24.304,279152,0
1997-11-28,24.304,24.457,24.304,24.381,85080,0
1997-12-01,24.381,24.81,24.304,24.81,615065,0
1997-12-02,24.974,24.974,24.582,24.582,285385,0
1997-12-03,24.658,24.658,24.343,24.381,69362,0
1997-12-04,24.264,24.498,24.18,24.457,130289,0
1997-12-05,24.582,24.618,24.304,24.618,183289,0
1997-12-08,24.541,24.582,24.419,24.498,143666,0
1997-12-09,24.498,24.498,24.219,24.381,233684,0
1997-12-10,24.304,24.343,24.219,24.343,190819,0
1997-12-11,24.18,24.264,24.103,24.141,63907,0
1997-12-12,24.064,24.735,24.064,24.582,432429,0
1997-12-15,24.658,25.135,24.582,25.135,445290,0
1997-12-16,25.289,25.289,24.895,25.135,195108,0
1997-12-17,25.135,25.367,24.895,25.25,431907,0
1997-12-18,25.213,25.806,25.135,25.367,264214,0
1997-12-19,25.529,25.529,25.012,25.289,318769,0
1997-12-22,25.289,25.806,25.174,25.765,263434,0
1997-12-23,25.882,26.436,25.882,26.359,337865,0
1997-12-24,26.359,26.514,26.159,26.474,268370,0
1997-12-26,26.436,26.474,26.276,26.314,32736,0
1997-12-29,26.159,27.029,26.159,26.867,285513,0
1997-12-30,26.867,26.953,26.675,26.829,504654,0
1997-12-31,26.867,26.906,26.751,26.791,207707,0
1998-01-02,26.636,26.712,26.4,26.4,199259,0
1998-01-05,26.314,26.359,25.844,26.043,1191032,0
1998-01-06,25.958,25.958,25.405,25.644,240441,0
1998-01-07,25.529,25.605,25.213,25.367,260967,0
1998-01-08,25.367,25.681,25.213,25.644,1017100,0
1998-01-09,25.565,25.681,25.25,25.405,391773,0
1998-01-12,24.974,25.529,24.895,25.489,110802,0
1998-01-13,25.451,25.529,25.25,25.367,299807,0
1998-01-14,25.451,25.489,25.289,25.405,553885,0
1998-01-15,25.328,25.565,25.328,25.451,332277,0
1998-01-16,25.405,25.405,25.289,25.289,210694,0
1998-01-20,25.289,25.367,25.051,25.135,130289,0
1998-01-21,25.174,25.451,25.012,25.451,464774,0
1998-01-22,25.529,26.198,25.529,26.043,529984,0
1998-01-23,26.043,26.159,25.728,25.922,529331,0
1998-01-26,25.958,26.553,25.922,26.08,662871,0
1998-01-27,26.198,26.234,26.043,26.043,491404,0
1998-01-28,26.043,26.198,25.681,25.681,516088,0
1998-01-29,25.597,25.998,25.435,25.559,740028,0
1998-01-30,25.473,25.597,25.36,25.473,172766,0
1998-02-02,25.521,26.074,25.521,25.798,747171,0
1998-02-03,25.756,26.074,25.721,25.998,283826,0
1998-02-04,25.837,25.998,25.636,25.798,287596,0
1998-02-05,25.837,25.873,25.521,25.597,690408,0
1998-02-06,25.559,25.798,25.559,25.673,130289,0
1998-02-09,25.721,25.756,25.435,25.756,470490,0
1998-02-10,25.837,26.234,25.837,26.074,472183,0
1998-02-11,26.036,26.074,25.798,26.036,92228,0
1998-02-12,26.074,26.114,25.837,26.114,150552,0
1998-02-13,26.114,26.114,25.914,26.114,181210,0
1998-02-17,26.276,26.276,26.036,26.198,241478,0
1998-02-18,26.074,26.114,25.958,25.998,72094,0
1998-02-19,26.074,26.074,25.798,25.958,103789,0
1998-02-20,26.036,26.036,25.798,25.998,94046,0
1998-02-23,25.837,25.958,25.798,25.837,156137,0
1998-02-24,25.756,25.837,25.559,25.756,181856,0
1998-02-25,25.873,26.114,25.837,25.873,182637,0
1998-02-26,25.756,25.998,25.673,25.914,131457,0
1998-02-27,25.914,26.114,25.914,25.998,53131,0
1998-03-02,25.837,26.151,25.798,25.998,165098,0
1998-03-03,26.074,26.314,26.036,26.114,338774,0
1998-03-04,26.036,26.114,25.756,25.837,357349,0
1998-03-05,25.798,25.958,25.673,25.756,165751,0
1998-03-06,25.837,26.514,25.756,26.436,992939,0
1998-03-09,26.276,26.751,26.151,26.35,276291,0
1998-03-10,26.514,26.914,26.514,26.675,193548,0
1998-03-11,26.712,27.155,26.675,26.791,144966,0
1998-03-12,26.953,27.029,26.712,27.029,241478,0
1998-03-13,27.029,27.068,26.712,26.867,211862,0
1998-03-16,26.829,27.102,26.675,27.068,329420,0
1998-03-17,27.068,27.39,27.068,27.306,240313,0
1998-03-18,27.269,27.591,27.269,27.545,226026,0
1998-03-19,27.545,27.63,27.467,27.63,232388,0
1998-03-20,27.706,28.661,27.467,28.309,272529,0
1998-03-23,28.143,28.346,27.946,28.223,123531,0
1998-03-24,28.143,28.259,28.023,28.107,62483,0
1998-03-25,28.661,28.661,28.223,28.346,250574,0
1998-03-26,28.346,28.346,27.983,28.107,282918,0
1998-03-27,28.143,28.184,27.545,27.667,255900,0
1998-03-30,27.667,27.831,27.591,27.831,102880,0
1998-03-31,27.983,28.346,27.946,28.309,367350,0
1998-04-01,28.383,28.383,28.068,28.223,115089,0
1998-04-02,28.107,28.499,28.068,28.422,113663,0
1998-04-03,28.461,28.622,28.422,28.499,89369,0
1998-04-06,28.346,28.499,28.107,28.184,336305,0
1998-04-07,28.184,28.184,27.744,27.983,139899,0
1998-04-08,27.907,27.907,27.506,27.591,188610,0
1998-04-09,27.667,27.983,27.591,27.667,268370,0
1998-04-13,27.706,27.831,27.506,27.744,174450,0
1998-04-14,27.667,28.223,27.591,28.143,222257,0
1998-04-15,28.309,28.422,28.068,28.309,606235,0
1998-04-16,28.309,28.309,27.63,27.946,184458,0
1998-04-17,27.867,28.499,27.783,28.461,240051,0
1998-04-20,28.309,28.346,27.946,27.983,102359,0
1998-04-21,28.068,28.068,27.667,27.744,92747,0
1998-04-22,27.831,27.831,27.39,27.467,147563,0
1998-04-23,27.43,27.43,26.953,27.068,387355,0
1998-04-24,27.228,27.591,27.102,27.43,332148,0
1998-04-27,27.39,27.39,26.751,27.029,201732,0
1998-04-28,26.99,27.545,26.99,27.39,165357,0
1998-04-29,27.659,27.983,27.583,27.659,2228009,0
1998-04-30,27.7,28.661,27.7,28.383,408401,0
1998-05-01,28.545,29.02,28.383,28.744,508551,0
1998-05-04,28.744,28.744,28.461,28.585,430742,0
1998-05-05,28.499,28.499,27.983,28.059,516605,0
1998-05-06,28.143,28.3,28.059,28.059,103266,0
1998-05-07,28.059,28.143,27.621,27.823,141199,0
1998-05-08,27.823,28.3,27.744,28.259,848880,0
1998-05-11,28.3,28.861,28.259,28.461,355012,0
1998-05-12,28.499,28.661,28.259,28.622,254600,0
1998-05-13,28.622,28.744,28.346,28.422,533100,0
1998-05-14,28.383,28.545,28.383,28.545,216930,0
1998-05-15,28.7,28.861,28.545,28.585,745485,0
1998-05-18,28.3,28.622,28.3,28.461,256422,0
1998-05-19,28.499,28.499,28.099,28.259,302012,0
1998-05-20,28.3,28.461,28.143,28.422,237195,0
1998-05-21,28.461,28.461,27.946,28.023,206538,0
1998-05-22,28.023,28.023,27.621,27.823,235634,0
1998-05-26,27.823,28.099,27.459,27.537,164711,0
1998-05-27,27.537,27.744,27.423,27.7,266549,0
1998-05-28,27.7,28.223,27.659,28.143,207969,0
1998-05-29,28.099,28.861,28.099,28.822,332148,0
1998-06-01,28.784,29.508,28.784,29.26,293438,0
1998-06-02,29.384,29.384,28.784,29.26,241221,0
1998-06-03,29.307,29.546,29.062,29.384,351895,0
1998-06-04,29.462,29.508,28.861,28.906,456983,0
1998-06-05,28.906,29.26,28.861,29.26,155358,0
1998-06-08,29.146,29.26,28.946,29.062,115740,0
1998-06-09,29.02,29.384,29.02,29.26,127690,0
1998-06-10,29.146,29.508,29.146,29.462,252005,0
1998-06-11,29.623,29.623,29.108,29.347,514007,0
1998-06-12,29.462,29.623,29.26,29.585,167569,0
1998-06-15,29.424,29.585,29.184,29.307,291491,0
1998-06-16,29.424,29.623,29.146,29.347,371899,0
1998-06-17,29.462,29.508,28.7,28.946,365144,0
1998-06-18,29.108,29.146,28.744,28.822,274993,0
1998-06-19,28.906,28.985,28.661,28.985,224074,0
1998-06-22,28.861,29.223,28.861,28.861,155488,0
1998-06-23,28.784,29.347,28.784,29.223,269537,0
1998-06-24,29.223,29.26,29.02,29.184,376965,0
1998-06-25,29.108,29.108,28.585,28.585,200173,0
1998-06-26,28.422,28.822,28.422,28.744,175881,0
1998-06-29,28.622,29.146,28.622,29.108,197574,0
1998-06-30,29.108,29.108,28.744,28.861,250315,0
1998-07-01,28.985,29.223,28.822,29.108,497639,0
1998-07-02,28.946,29.146,28.946,29.02,88978,0
1998-07-06,28.985,29.02,28.861,28.985,247974,0
1998-07-07,28.946,29.02,28.822,28.861,76771,0
1998-07-08,28.946,28.946,28.784,28.861,121195,0
1998-07-09,28.7,29.108,28.461,28.461,207579,0
1998-07-10,28.545,28.784,28.461,28.499,150033,0
1998-07-13,28.383,28.422,28.023,28.099,466074,0
1998-07-14,28.099,28.383,28.099,28.223,413207,0
1998-07-15,28.184,28.3,27.898,28.223,265122,0
1998-07-16,28.223,28.499,28.223,28.499,104178,0
1998-07-17,28.422,28.545,28.223,28.259,168091,0
1998-07-20,28.259,28.545,28.259,28.499,267330,0
1998-07-21,28.499,28.545,28.259,28.383,148475,0
1998-07-22,28.383,28.383,28.099,28.184,220048,0
1998-07-23,28.023,28.023,27.659,27.86,160816,0
1998-07-24,27.983,28.059,27.459,27.583,219790,0
1998-07-27,27.744,27.86,27.382,27.744,333447,0
1998-07-28,27.744,27.744,27.137,27.262,361506,0
1998-07-29,27.423,27.423,27.262,27.297,528033,0
1998-07-30,27.289,27.737,27.289,27.614,643124,0
1998-07-31,27.614,27.737,27.33,27.614,317729,0
1998-08-03,27.574,27.7,27.49,27.49,214853,0
1998-08-04,27.375,27.453,26.729,26.729,422426,0
1998-08-05,26.729,27.005,26.32,26.606,335786,0
1998-08-06,26.528,27.089,26.528,27.005,173023,0
1998-08-07,27.005,27.453,27.005,27.415,193417,0
1998-08-10,27.255,27.255,26.968,27.054,228490,0
1998-08-11,26.891,26.968,25.882,26.968,248753,0
1998-08-12,26.891,27.86,26.891,27.49,486989,0
1998-08-13,27.49,27.614,26.368,26.768,774453,0
1998-08-14,26.768,26.929,26.483,26.606,357871,0
1998-08-17,26.483,27.17,26.405,26.768,269150,0
1998-08-18,26.528,26.968,26.528,26.729,418400,0
1998-08-19,26.691,26.691,26.285,26.405,931626,0
1998-08-20,26.159,26.528,26.159,26.242,488416,0
1998-08-21,26.242,26.768,26.043,26.729,256551,0
1998-08-24,26.645,27.375,26.645,27.054,298506,0
1998-08-25,27.054,27.537,27.054,27.289,896943,0
1998-08-26,27.211,27.7,26.968,27.17,754059,0
1998-08-27,27.054,27.17,26.768,26.891,514266,0
1998-08-28,26.891,27.453,26.729,27.33,669496,0
1998-08-31,27.375,28.259,27.375,27.898,562977,0
1998-09-01,27.86,27.939,27.129,27.33,984626,0
1998-09-02,27.49,27.49,26.691,26.691,889797,0
1998-09-03,26.368,26.691,26.285,26.483,450614,0
1998-09-04,26.645,26.851,26.368,26.805,280192,0
1998-09-08,26.805,27.054,26.368,26.891,232908,0
1998-09-09,26.968,26.968,26.368,26.645,405413,0
1998-09-10,26.805,27.415,26.691,26.968,653255,0
1998-09-11,27.129,27.375,26.968,27.289,229267,0
1998-09-14,27.211,27.537,27.211,27.415,249795,0
1998-09-15,27.255,27.737,27.17,27.737,198872,0
1998-09-16,27.574,28.099,27.537,28.099,224592,0
1998-09-17,27.939,28.346,27.7,28.346,188219,0
1998-09-18,28.259,28.422,27.939,28.099,324356,0
1998-09-21,27.939,28.023,27.65,27.898,186922,0
1998-09-22,27.816,28.422,27.816,28.099,215499,0
1998-09-23,28.099,28.383,28.099,28.136,487637,0
1998-09-24,28.099,28.099,27.7,27.774,468800,0
1998-09-25,27.7,28.346,27.537,28.059,430485,0
1998-09-28,28.023,28.059,27.7,27.816,570768,0
1998-09-29,27.774,28.585,27.774,28.585,320847,0
1998-09-30,28.259,28.946,28.099,28.946,513096,0
1998-10-01,28.822,29.192,28.709,29.146,199131,0
1998-10-02,29.232,30.118,29.232,29.715,563756,0
1998-10-05,29.792,30.4,29.554,30.325,475298,0
1998-10-06,30.325,30.523,29.469,30.001,633254,0
1998-10-07,30.686,31.607,30.562,31.147,1424333,0
1998-10-08,30.763,31.818,30.686,31.572,525048,0
1998-10-09,31.572,31.572,30.201,30.277,956698,0
1998-10-12,29.715,29.754,28.744,29.146,1067499,0
1998-10-13,29.232,29.354,28.985,29.307,843687,0
1998-10-14,29.307,29.715,29.029,29.029,794589,0
1998-10-15,28.946,29.839,28.946,29.715,987746,0
1998-10-16,29.754,29.754,28.585,28.822,184067,0
1998-10-19,28.661,28.661,27.939,28.099,468800,0
1998-10-20,28.259,28.645,28.099,28.136,538038,0
1998-10-21,28.136,28.184,27.774,27.774,392808,0
1998-10-22,27.939,28.184,27.86,28.099,398655,0
1998-10-23,28.184,28.184,27.453,27.975,344618,0
1998-10-26,27.975,28.422,27.816,28.346,415676,0
1998-10-27,28.422,28.709,28.422,28.545,708334,0
1998-10-28,28.622,29.108,28.585,28.661,267459,0
1998-10-29,28.554,28.715,28.43,28.554,6383573,0
1998-10-30,28.594,28.676,28.346,28.505,233554,0
1998-11-02,28.346,29.162,28.346,29.038,564534,0
1998-11-03,28.878,29.485,28.878,29.248,223817,0
1998-11-04,29.283,29.608,29.283,29.485,788872,0
1998-11-05,29.693,30.216,29.608,29.693,1474209,0
1998-11-06,29.732,30.175,29.732,29.976,596880,0
1998-11-09,29.856,29.856,29.523,29.732,267199,0
1998-11-10,29.894,30.423,29.732,30.377,501794,0
1998-11-11,30.338,30.338,30.018,30.338,292530,0
1998-11-12,30.261,30.377,30.175,30.338,329944,0
1998-11-13,30.338,30.586,30.338,30.463,83395,0
1998-11-16,30.502,30.586,30.14,30.377,261872,0
1998-11-17,30.261,30.586,30.14,30.586,156006,0
1998-11-18,30.586,30.586,30.3,30.338,192250,0
1998-11-19,30.261,30.3,29.976,30.093,268500,0
1998-11-20,30.261,30.423,30.053,30.093,100022,0
1998-11-23,30.093,30.338,30.093,30.216,107163,0
1998-11-24,30.175,30.261,29.931,29.976,116648,0
1998-11-25,29.976,30.3,29.931,30.175,139770,0
1998-11-27,30.216,30.338,30.093,30.338,39877,0
1998-11-30,30.261,30.261,29.523,29.646,238753,0
1998-12-01,29.485,30.423,29.323,30.3,575187,0
1998-12-02,29.283,29.363,28.792,28.962,1127647,0
1998-12-03,28.838,29.123,28.753,28.753,675859,0
1998-12-04,28.914,29.323,28.914,29.038,1077240,0
1998-12-07,28.962,29.078,28.838,28.962,256681,0
1998-12-08,28.962,28.962,28.594,28.628,211862,0
1998-12-09,28.628,28.628,27.898,28.059,647278,0
1998-12-10,28.059,28.059,27.537,27.537,721323,0
1998-12-11,27.537,27.537,27.255,27.368,602468,0
1998-12-14,27.415,27.939,27.415,27.7,223817,0
1998-12-15,27.823,27.983,27.737,27.823,268370,0
1998-12-16,27.823,27.939,27.49,27.898,244855,0
1998-12-17,27.898,28.346,27.65,28.309,200041,0
1998-12-18,28.309,28.505,28.143,28.346,178999,0
1998-12-21,28.392,28.594,28.309,28.309,153669,0
1998-12-22,28.143,28.143,27.574,27.574,279930,0
1998-12-23,27.65,28.023,27.49,27.737,411647,0
1998-12-24,27.65,27.65,27.205,27.33,442953,0
1998-12-28,27.415,27.65,27.33,27.415,126131,0
1998-12-29,27.33,27.537,27.33,27.33,281232,0
1998-12-30,27.33,27.49,27.089,27.289,137043,0
1998-12-31,27.33,27.823,27.289,27.574,232125,0
1999-01-04,27.737,28.223,27.614,27.898,452562,0
1999-01-05,27.898,28.184,27.737,27.86,372808,0
1999-01-06,27.823,27.983,27.17,27.823,405673,0
1999-01-07,27.823,27.823,27.33,27.574,112362,0
1999-01-08,27.415,27.49,26.598,26.968,564929,0
1999-01-11,26.805,26.805,26.314,26.721,317862,0
1999-01-12,26.56,27.005,26.56,26.843,224332,0
1999-01-13,26.843,26.843,26.519,26.759,274601,0
1999-01-14,26.683,26.683,26.029,26.4,348778,0
1999-01-15,26.56,26.598,25.949,26.151,225503,0
1999-01-19,26.276,26.683,26.19,26.636,396837,0
1999-01-20,26.598,26.843,26.519,26.636,613249,0
1999-01-21,26.636,26.921,26.56,26.843,369171,0
1999-01-22,26.721,27.33,26.721,27.255,379170,0
1999-01-25,27.089,27.574,27.089,27.49,384886,0
1999-01-26,27.49,27.65,27.368,27.368,318122,0
1999-01-27,27.415,27.415,26.883,26.883,373589,0
1999-01-28,27.013,27.096,26.567,26.851,5111222,0
1999-01-29,26.851,26.851,26.114,26.234,417880,0
1999-02-01,26.074,26.114,25.336,25.336,519853,0
1999-02-02,25.413,25.745,25.289,25.657,1894174,0
1999-02-03,25.705,26.32,25.495,26.029,600777,0
1999-02-04,25.949,26.234,25.657,26.151,533881,0
1999-02-05,26.151,26.276,26.029,26.198,251739,0
1999-02-08,26.114,26.606,25.864,26.198,192250,0
1999-02-09,26.151,26.483,25.657,25.745,276941,0
1999-02-10,25.745,25.905,24.927,25.051,772241,0
1999-02-11,25.413,25.413,24.717,24.927,574926,0
1999-02-12,24.844,24.844,24.189,24.227,871876,0
1999-02-16,24.388,24.717,24.103,24.189,1074903,0
1999-02-17,24.019,25.088,23.939,24.512,1614501,0
1999-02-18,24.35,25.174,24.35,24.844,348906,0
1999-02-19,24.682,24.76,24.189,24.227,615327,0
1999-02-22,24.141,24.388,24.103,24.313,310717,0
1999-02-23,24.313,24.433,24.019,24.064,321106,0
1999-02-24,24.103,24.388,23.981,24.019,330201,0
1999-02-25,23.939,24.189,23.571,23.856,167441,0
1999-02-26,23.818,24.064,23.611,23.695,644681,0
1999-03-01,23.571,24.264,23.571,24.019,618446,0
1999-03-02,23.898,24.717,23.818,24.682,725740,0
1999-03-03,24.558,24.682,24.313,24.473,221348,0
1999-03-04,24.635,24.76,24.227,24.558,284085,0
1999-03-05,24.717,25.289,24.717,24.927,583760,0
1999-03-08,24.927,24.967,24.596,24.844,446458,0
1999-03-09,24.76,24.76,24.433,24.596,475815,0
1999-03-10,24.596,24.76,24.473,24.717,642345,0
1999-03-11,24.717,25.003,24.717,24.844,605453,0
1999-03-12,24.927,25.289,24.844,25.289,286164,0
1999-03-15,25.213,25.336,25.088,25.128,162889,0
1999-03-16,24.967,25.213,24.927,25.128,129249,0
1999-03-17,25.051,25.25,24.76,24.844,421388,0
1999-03-18,24.927,25.213,24.927,25.174,112750,0
1999-03-19,24.512,24.882,24.512,24.558,262003,0
1999-03-22,24.682,24.682,24.264,24.473,135224,0
1999-03-23,24.433,24.682,24.433,24.596,205630,0
1999-03-24,24.35,25.495,24.35,25.495,316432,0
1999-03-25,25.495,25.495,24.635,24.882,231087,0
1999-03-26,24.927,25.003,24.682,25.003,549470,0
1999-03-29,25.088,25.213,24.596,24.803,663777,0
1999-03-30,24.76,24.76,24.313,24.512,868240,0
1999-03-31,24.433,24.473,23.856,23.856,287206,0
1999-04-01,23.772,24.882,23.772,24.596,142497,0
1999-04-05,24.76,24.882,24.35,24.682,140422,0
1999-04-06,24.717,24.717,23.939,24.264,344487,0
1999-04-07,24.313,24.313,23.772,23.898,185626,0
1999-04-08,23.981,24.596,23.818,24.433,325654,0
1999-04-09,24.388,24.433,24.103,24.227,204330,0
1999-04-12,24.141,24.189,23.856,24.019,392681,0
1999-04-13,24.141,24.189,23.772,24.019,223421,0
1999-04-14,23.981,24.103,23.772,23.856,191989,0
1999-04-15,23.939,24.512,23.939,24.35,382551,0
1999-04-16,24.512,24.596,24.264,24.558,144966,0
1999-04-19,24.596,24.844,24.433,24.433,292918,0
1999-04-20,24.682,25.905,24.682,25.537,1071008,0
1999-04-21,25.745,25.745,24.927,25.174,203550,0
1999-04-22,25.25,25.413,25.174,25.413,103012,0
1999-04-23,25.289,25.373,24.76,24.803,238361,0
1999-04-26,24.927,25.25,24.76,24.803,195369,0
1999-04-27,24.682,25.003,24.473,24.882,808094,0
1999-04-28,24.882,25.003,24.682,24.882,366832,0
1999-04-29,24.852,25.22,24.726,25.18,4911048,0
1999-04-30,25.266,25.721,24.974,25.673,774453,0
1999-05-03,25.597,26.089,25.344,26.052,299807,0
1999-05-04,26.052,26.128,25.636,25.798,60275,0
1999-05-05,25.844,25.965,25.756,25.798,277982,0
1999-05-06,25.798,25.882,25.344,25.636,310588,0
1999-05-07,25.798,25.882,25.305,25.721,166918,0
1999-05-10,25.844,26.298,25.844,26.212,279018,0
1999-05-11,26.259,26.259,25.756,25.798,146266,0
1999-05-12,25.798,25.844,25.597,25.798,147823,0
1999-05-13,25.798,26.589,25.721,26.458,462049,0
1999-05-14,26.298,26.298,25.965,26.052,168220,0
1999-05-17,26.089,26.544,25.965,26.128,299414,0
1999-05-18,26.628,27.246,26.544,27.046,570382,0
1999-05-19,27.205,27.453,27.17,27.205,548557,0
1999-05-20,27.205,27.783,26.997,27.574,691834,0
1999-05-21,27.537,27.831,27.537,27.621,356181,0
1999-05-24,27.453,27.831,27.453,27.831,99631,0
1999-05-25,27.744,28.16,27.744,28.077,128984,0
1999-05-26,27.867,27.954,27.621,27.744,386707,0
1999-05-27,27.783,27.831,27.246,27.574,166527,0
1999-05-28,27.574,27.831,27.453,27.706,453083,0
1999-06-01,27.621,27.621,27.12,27.499,345919,0
1999-06-02,27.621,27.867,27.537,27.621,660402,0
1999-06-03,27.453,27.574,27.12,27.246,915911,0
1999-06-04,27.33,27.375,27.246,27.375,54816,0
1999-06-07,27.33,27.574,27.246,27.499,170685,0
1999-06-08,27.499,27.499,27.17,27.289,229531,0
1999-06-09,27.205,27.574,27.205,27.33,297856,0
1999-06-10,27.33,27.33,26.385,26.544,565445,0
1999-06-11,26.628,26.836,26.628,26.791,141456,0
1999-06-14,26.667,26.751,26.667,26.712,409957,0
1999-06-15,26.712,27.046,26.628,27.046,455811,0
1999-06-16,27.084,27.499,26.959,27.205,345268,0
1999-06-17,27.12,27.205,26.876,27.17,153152,0
1999-06-18,26.997,27.084,26.914,26.997,117558,0
1999-06-21,26.997,27.046,26.589,26.959,168999,0
1999-06-22,26.876,27.289,26.836,27.246,367218,0
1999-06-23,27.12,27.33,27.046,27.205,265384,0
1999-06-24,27.12,27.12,26.791,26.836,335005,0
1999-06-25,26.791,26.959,26.544,26.914,415804,0
1999-06-28,26.791,26.997,26.791,26.959,176791,0
1999-06-29,26.876,27.084,26.836,26.997,205109,0
1999-06-30,26.914,26.914,26.628,26.628,408786,0
1999-07-01,26.628,26.751,26.589,26.712,85475,0
1999-07-02,26.712,26.751,26.667,26.751,105606,0
1999-07-06,26.628,26.959,26.628,26.876,122622,0
1999-07-07,26.836,26.876,26.458,26.836,180168,0
1999-07-08,26.751,26.751,26.128,26.385,123796,0
1999-07-09,26.298,26.667,26.259,26.589,117687,0
1999-07-12,26.544,26.876,26.458,26.876,437498,0
1999-07-13,26.458,26.751,26.458,26.712,186534,0
1999-07-14,26.544,26.836,26.507,26.836,1164793,0
1999-07-15,26.836,27.12,26.712,27.084,422040,0
1999-07-16,26.836,27.084,26.712,26.836,152887,0
1999-07-19,26.836,27.12,26.751,27.12,164192,0
1999-07-20,26.997,27.046,26.791,26.959,249531,0
1999-07-21,27.084,27.084,26.667,27.046,534917,0
1999-07-22,27.084,27.33,26.876,27.17,213422,0
1999-07-23,27.17,27.17,26.712,26.959,80799,0
1999-07-26,26.876,27.205,26.791,27.205,104307,0
1999-07-27,27.12,27.17,26.712,26.997,175881,0
1999-07-28,26.914,26.914,26.589,26.628,68069,0
1999-07-29,26.598,26.598,26.175,26.385,985018,0
1999-07-30,26.427,26.721,26.427,26.636,109244,0
1999-08-02,26.636,26.721,26.385,26.385,230700,0
1999-08-03,26.467,26.843,26.341,26.843,173675,0
1999-08-04,26.968,26.968,26.553,26.843,313963,0
1999-08-05,26.805,26.929,26.721,26.805,184846,0
1999-08-06,26.721,26.843,26.467,26.805,165751,0
1999-08-09,26.805,26.929,26.553,26.721,178351,0
1999-08-10,26.721,26.759,26.598,26.636,260834,0
1999-08-11,26.675,26.721,26.598,26.675,227450,0
1999-08-12,26.636,26.636,26.259,26.259,56117,0
1999-08-13,26.341,26.514,26.341,26.467,304612,0
1999-08-16,26.427,26.427,26.013,26.013,80927,0
1999-08-17,26.097,26.134,25.93,26.052,79113,0
1999-08-18,25.889,25.965,25.756,25.806,213160,0
1999-08-19,25.806,26.013,25.636,25.965,234726,0
1999-08-20,25.965,26.427,25.93,26.427,204201,0
1999-08-23,26.427,26.427,26.259,26.341,89369,0
1999-08-24,26.305,26.427,26.175,26.305,233301,0
1999-08-25,26.305,26.843,26.305,26.843,245376,0
1999-08-26,26.843,26.883,26.553,26.721,94826,0
1999-08-27,26.759,26.843,26.598,26.598,133664,0
1999-08-30,25.93,26.097,25.721,25.756,318901,0
1999-08-31,25.673,25.806,25.344,25.344,399437,0
1999-09-01,25.465,25.636,25.22,25.428,615199,0
1999-09-02,25.552,25.552,25.012,25.22,239796,0
1999-09-03,25.258,25.636,25.258,25.344,233554,0
1999-09-07,25.344,25.344,25.012,25.096,226156,0
1999-09-08,25.012,25.051,24.635,24.674,96775,0
1999-09-09,24.674,24.674,24.343,24.549,457499,0
1999-09-10,24.674,24.844,24.674,24.674,149253,0
1999-09-13,24.635,24.844,24.426,24.465,143405,0
1999-09-14,24.512,24.803,23.964,24.097,1068931,0
1999-09-15,24.258,24.465,24.048,24.097,172244,0
1999-09-16,24.258,24.258,24.013,24.013,97294,0
1999-09-17,24.013,24.343,24.013,24.219,256290,0
1999-09-20,24.219,24.219,23.718,23.804,208748,0
1999-09-21,23.889,24.013,23.596,23.718,408656,0
1999-09-22,23.679,23.804,23.635,23.718,149512,0
1999-09-23,23.757,23.889,23.136,23.221,199653,0
1999-09-24,23.596,24.388,23.596,24.258,468154,0
1999-09-27,24.219,24.426,23.718,23.804,303702,0
1999-09-28,24.426,24.596,23.927,24.258,1834030,0
1999-09-29,24.097,24.674,24.097,24.343,749512,0
1999-09-30,24.512,24.596,23.927,24.258,1648661,0
1999-10-01,24.258,24.927,24.258,24.927,7060862,0
1999-10-04,24.674,25.428,24.674,25.174,604543,0
1999-10-05,25.22,25.22,24.803,25.012,506212,0
1999-10-06,24.89,24.967,24.426,24.844,1123877,0
1999-10-07,24.717,24.803,24.512,24.512,321106,0
1999-10-08,24.512,24.803,24.343,24.388,178610,0
1999-10-11,24.258,24.465,24.097,24.134,306301,0
1999-10-12,24.258,24.258,23.927,24.18,489973,0
1999-10-13,24.304,24.304,24.013,24.013,287467,0
1999-10-14,23.84,24.258,23.679,24.134,426456,0
1999-10-15,23.964,24.134,23.718,24.013,389826,0
1999-10-18,24.013,24.18,23.511,23.757,333319,0
1999-10-19,23.927,23.964,23.511,23.549,565188,0
1999-10-20,23.596,23.596,23.178,23.388,316950,0
1999-10-21,23.388,23.549,23.221,23.34,195238,0
1999-10-22,23.511,23.889,23.303,23.596,135742,0
1999-10-25,23.549,24.048,23.511,23.804,265252,0
1999-10-26,23.804,24.258,23.804,24.18,629353,0
1999-10-27,24.18,24.674,24.18,24.388,650529,0
1999-10-28,24.535,24.835,24.535,24.618,1118031,0
1999-10-29,24.618,24.959,24.618,24.835,393069,0
1999-11-01,24.874,24.874,24.618,24.702,308505,0
1999-11-02,24.789,25.166,24.752,24.874,91058,0
1999-11-03,24.835,24.835,24.535,24.667,191729,0
1999-11-04,24.667,24.874,24.204,24.281,114309,0
1999-11-05,24.582,24.667,24.157,24.325,1057370,0
1999-11-08,24.325,24.498,23.99,24.204,255121,0
1999-11-09,24.157,24.281,23.736,23.905,143928,0
1999-11-10,23.905,23.905,23.233,23.356,246938,0
1999-11-11,23.441,23.651,23.319,23.527,119638,0
1999-11-12,23.571,23.651,23.403,23.527,169777,0
1999-11-15,23.441,23.527,23.233,23.527,132498,0
1999-11-17,23.356,23.441,23.233,23.356,145230,0
1999-11-18,23.233,23.403,22.893,22.893,216410,0
1999-11-19,22.772,23.064,22.725,22.856,135613,0
1999-11-22,22.688,22.772,22.225,22.348,106520,0
1999-11-23,22.348,22.348,22.009,22.009,171598,0
1999-11-24,22.139,22.139,21.802,21.841,354363,0
1999-11-26,21.719,21.925,21.719,21.756,47413,0
1999-11-29,21.678,21.678,20.708,21.255,470357,0
1999-11-30,21.378,22.348,21.378,22.348,450359,0
1999-12-01,22.18,22.517,21.973,22.433,439703,0
1999-12-02,22.31,22.517,22.225,22.471,243432,0
1999-12-03,22.225,22.893,22.225,22.64,809781,0
1999-12-06,22.603,22.809,22.556,22.64,606621,0
1999-12-07,22.603,22.725,22.517,22.517,378653,0
1999-12-08,22.64,22.64,22.139,22.31,446588,0
1999-12-09,22.31,22.387,21.925,21.925,358777,0
1999-12-10,21.973,22.009,21.633,21.719,257068,0
1999-12-13,21.547,21.547,20.708,20.708,1843251,0
1999-12-14,20.746,21.039,20.664,20.831,683911,0
1999-12-15,20.916,21.086,20.793,21.039,519722,0
1999-12-16,20.879,21.002,20.793,20.916,203550,0
1999-12-17,20.831,21.292,20.746,20.879,467632,0
1999-12-20,20.962,20.962,20.793,20.879,134055,0
1999-12-21,20.879,21.255,20.831,21.17,544920,0
1999-12-22,21.002,21.039,20.793,20.831,370080,0
1999-12-23,20.831,21.21,20.831,21.17,215894,0
1999-12-27,21.086,21.292,20.962,20.962,220435,0
1999-12-28,20.962,21.039,20.624,20.664,457891,0
1999-12-29,20.746,20.746,20.408,20.493,331240,0
1999-12-30,20.37,20.746,20.331,20.708,248626,0
1999-12-31,20.708,20.708,20.54,20.577,110157,0
2000-01-03,20.408,20.408,19.778,20.032,319935,0
2000-01-04,19.908,20.285,19.908,20.285,451784,0
2000-01-05,20.116,21.039,20.116,20.831,588438,0
2000-01-06,20.746,21.002,20.746,20.962,180948,0
2000-01-07,20.962,21.594,20.793,21.547,393978,0
2000-01-10,21.378,21.463,21.124,21.255,232258,0
2000-01-11,21.255,21.34,20.793,21.039,195886,0
2000-01-12,20.962,21.547,20.916,21.378,186403,0
2000-01-13,21.378,21.378,20.746,20.916,1438488,0
2000-01-14,20.879,20.879,20.624,20.793,265384,0
2000-01-18,20.793,20.879,20.202,20.285,452825,0
2000-01-19,19.993,20.916,19.993,20.916,270836,0
2000-01-20,21.002,21.21,20.408,20.456,423858,0
2000-01-21,20.831,20.962,20.54,20.793,303182,0
2000-01-24,20.793,21.594,20.664,21.34,675467,0
2000-01-25,21.51,21.756,20.248,20.408,675340,0
2000-01-26,20.54,21.039,20.37,20.793,400994,0
2000-01-27,20.962,21.463,20.879,21.292,1093611,0
2000-01-28,21.025,21.063,20.3,20.383,2115258,0
2000-01-31,20.64,21.025,20.255,21.025,760292,0
2000-02-01,20.939,21.109,20.809,21.109,221609,0
2000-02-02,21.063,21.325,21.025,21.109,219658,0
2000-02-03,21.194,21.748,21.194,21.577,598567,0
2000-02-04,21.577,21.577,20.855,20.978,263045,0
2000-02-07,20.978,21.025,20.809,20.855,123145,0
2000-02-08,20.855,21.109,20.855,21.063,297075,0
2000-02-09,20.978,21.533,20.516,20.978,496602,0
2000-02-10,21.063,21.241,20.433,20.724,1041909,0
2000-02-11,20.724,20.809,20.47,20.724,208879,0
2000-02-14,20.77,20.77,20.64,20.685,445029,0
2000-02-15,20.685,20.77,20.433,20.64,136262,0
2000-02-16,20.556,20.6,20.045,20.433,326173,0
2000-02-17,20.433,20.47,20.001,20.169,307467,0
2000-02-18,20.085,20.132,19.239,19.662,369429,0
2000-02-22,19.83,20.001,19.614,19.708,341245,0
2000-02-23,19.614,19.614,18.984,19.239,241351,0
2000-02-24,19.239,19.239,18.26,18.637,176272,0
2000-02-25,18.384,18.43,17.875,17.875,327473,0
2000-02-28,18.047,18.984,17.961,18.852,316822,0
2000-02-29,18.723,18.984,18.598,18.723,291619,0
2000-03-01,18.809,19.021,18.554,18.637,882397,0
2000-03-02,18.723,18.809,18.637,18.683,412037,0
2000-03-03,18.683,18.9,18.554,18.637,462955,0
2000-03-06,18.554,18.554,17.621,17.791,394107,0
2000-03-07,17.744,18.214,17.705,17.998,441524,0
2000-03-08,18.082,18.514,17.961,18.047,426064,0
2000-03-09,18.047,18.384,17.875,18.345,228624,0
2000-03-10,18.514,18.514,17.705,17.829,1216495,0
2000-03-13,17.744,17.875,17.492,17.661,177571,0
2000-03-14,17.661,17.961,17.492,17.744,243688,0
2000-03-15,17.705,19.53,17.705,19.447,904738,0
2000-03-16,19.361,20.383,19.192,20.169,758216,0
2000-03-17,20.169,20.169,19.492,19.579,335917,0
2000-03-20,19.662,19.662,19.192,19.324,696255,0
2000-03-21,19.239,19.406,18.852,18.938,488287,0
2000-03-22,18.9,18.9,18.082,18.175,625719,0
2000-03-23,18.047,19.068,18.047,18.43,1353143,0
2000-03-24,18.384,18.554,18.175,18.175,824201,0
2000-03-27,18.3,18.598,18.214,18.26,1084649,0
2000-03-28,18.175,18.3,18.131,18.3,383845,0
2000-03-29,18.214,18.768,18.214,18.723,688719,0
2000-03-30,18.637,19.068,18.637,19.021,435547,0
2000-03-31,18.938,19.192,18.768,19.192,478802,0
2000-04-03,19.324,19.447,18.984,19.192,265769,0
2000-04-04,19.324,19.746,18.984,19.492,337216,0
2000-04-05,19.492,20.433,19.492,19.963,494393,0
2000-04-06,20.085,20.085,19.662,19.792,236801,0
2000-04-07,19.746,19.916,19.662,19.708,232388,0
2000-04-10,19.579,20.169,19.492,20.085,209265,0
2000-04-11,20.169,20.433,20.001,20.001,342668,0
2000-04-12,20.169,20.939,20.169,20.556,436198,0
2000-04-13,20.685,21.241,20.433,21.063,343318,0
2000-04-14,20.978,21.533,20.47,20.6,1038150,0
2000-04-17,20.516,20.77,20.085,20.685,608444,0
2000-04-18,20.516,20.978,20.339,20.339,614936,0
2000-04-19,20.433,20.939,20.216,20.809,1502527,0
2000-04-20,20.809,21.533,20.809,21.156,387228,0
2000-04-24,21.025,22.556,21.025,22.341,614548,0
2000-04-25,22.387,22.943,22.049,22.893,387874,0
2000-04-26,22.809,23.833,22.725,23.833,325264,0
2000-04-27,23.727,23.727,22.786,23.043,972543,0
2000-04-28,23.127,24.243,23.127,24.121,1375226,0
2000-05-01,24.072,24.419,23.939,24.157,928120,0
2000-05-02,24.204,24.589,23.34,23.427,1101664,0
2000-05-03,23.303,23.472,22.826,23.171,371638,0
2000-05-04,23.258,23.905,23.043,23.772,536476,0
2000-05-05,23.687,24.072,23.427,24.072,652088,0
2000-05-08,23.99,25.104,23.99,25.104,1542798,0
2000-05-09,25.367,25.367,24.457,25.236,952930,0
2000-05-10,25.273,25.572,25.152,25.572,380340,0
2000-05-11,25.489,26.134,25.489,25.965,395671,0
2000-05-12,25.965,25.965,25.104,25.405,337475,0
2000-05-15,25.537,26.22,25.489,25.965,740160,0
2000-05-16,25.922,25.965,25.104,25.705,280710,0
2000-05-17,25.705,25.705,24.589,24.89,282918,0
2000-05-18,25.104,25.705,25.057,25.236,390472,0
2000-05-19,25.152,25.32,24.803,25.236,209395,0
2000-05-22,25.273,25.666,25.188,25.621,487119,0
2000-05-23,25.666,25.666,24.89,25.188,469321,0
2000-05-24,25.367,25.882,25.32,25.621,1109588,0
2000-05-25,25.621,25.666,24.635,24.76,481010,0
2000-05-26,24.505,25.367,24.505,24.89,852132,0
2000-05-30,25.02,25.057,24.243,24.852,585063,0
2000-05-31,24.89,25.057,24.589,24.589,330460,0
2000-06-01,24.589,24.76,24.289,24.541,482699,0
2000-06-02,24.505,24.541,23.99,24.072,339685,0
2000-06-05,24.334,24.334,23.171,23.303,241351,0
2000-06-06,23.388,24.204,23.127,23.939,440873,0
2000-06-07,24.072,24.334,23.663,23.772,219790,0
2000-06-08,23.772,23.818,23.127,23.727,939550,0
2000-06-09,23.727,24.072,23.727,23.905,209008,0
2000-06-12,23.99,24.419,23.905,24.072,218877,0
2000-06-13,23.99,24.76,23.99,24.541,208226,0
2000-06-14,24.589,24.589,24.121,24.157,277982,0
2000-06-15,24.157,24.717,24.157,24.717,367350,0
2000-06-16,24.674,24.935,24.589,24.781,213552,0
2000-06-19,24.674,24.717,24.372,24.541,383717,0
2000-06-20,24.457,24.674,24.204,24.505,501794,0
2000-06-21,24.541,24.974,24.419,24.457,388138,0
2000-06-22,24.589,24.589,23.472,23.818,330977,0
2000-06-23,23.905,24.419,23.818,24.027,193417,0
2000-06-26,24.157,24.372,24.121,24.334,253044,0
2000-06-27,24.419,24.419,23.388,23.643,415151,0
2000-06-28,23.687,24.419,23.171,24.313,584932,0
2000-06-29,24.157,24.419,23.818,23.856,263045,0
2000-06-30,23.939,24.674,23.303,23.303,676378,0
2000-07-03,23.34,24.372,23.258,24.157,277069,0
2000-07-05,24.419,25.104,24.157,24.334,961244,0
2000-07-06,24.419,24.674,24.027,24.072,736526,0
2000-07-07,24.072,24.419,24.027,24.204,569342,0
2000-07-10,24.204,24.89,24.157,24.541,404114,0
2000-07-11,24.457,24.974,24.372,24.974,165230,0
2000-07-12,24.974,25.104,24.717,24.935,153669,0
2000-07-13,24.76,25.367,24.76,25.188,171855,0
2000-07-14,26.052,26.134,25.489,25.705,387355,0
2000-07-17,25.537,25.965,25.489,25.773,1168953,0
2000-07-18,25.705,26.134,25.32,25.367,510759,0
2000-07-19,25.405,26.134,25.367,25.837,258883,0
2000-07-20,25.882,25.965,25.666,25.79,164970,0
2000-07-21,25.882,26.953,25.882,25.922,446849,0
2000-07-24,25.922,26.4,25.489,26.305,298113,0
2000-07-25,26.305,27.211,26.305,26.483,645718,0
2000-07-26,26.4,26.736,26.4,26.567,635328,0
2000-07-27,26.567,27.17,26.519,27.038,557521,0
2000-07-28,26.974,26.974,26.675,26.936,235504,0
2000-07-31,27.068,27.583,27.068,27.453,481921,0
2000-08-01,27.63,28.453,27.499,28.453,695731,0
2000-08-02,28.368,28.753,28.192,28.753,258496,0
2000-08-03,28.628,29.323,28.537,28.723,618054,0
2000-08-04,28.753,28.753,27.675,28.453,1091531,0
2000-08-07,28.499,28.715,27.975,28.554,912792,0
2000-08-08,28.669,29.108,28.453,29.014,174582,0
2000-08-09,28.845,29.014,28.669,28.669,279412,0
2000-08-10,28.669,28.669,28.275,28.376,246938,0
2000-08-11,28.406,29.014,28.323,28.93,304744,0
2000-08-14,27.975,29.146,27.975,28.93,327084,0
2000-08-15,28.8,29.062,28.368,28.93,715604,0
2000-08-16,28.979,28.979,28.753,28.93,652606,0
2000-08-17,28.93,29.363,28.93,29.232,554145,0
2000-08-18,29.146,29.232,29.062,29.232,351372,0
2000-08-21,29.192,29.232,28.93,29.108,538557,0
2000-08-22,29.108,29.493,29.108,29.276,131716,0
2000-08-23,29.276,29.585,29.232,29.538,182895,0
2000-08-24,29.455,29.493,28.845,29.146,179518,0
2000-08-25,29.062,29.062,28.107,28.192,438795,0
2000-08-28,28.107,28.753,28.107,28.499,218877,0
2000-08-29,28.585,28.669,28.151,28.368,194195,0
2000-08-30,28.368,28.8,28.323,28.453,212514,0
2000-08-31,28.453,29.108,28.323,28.594,331369,0
2000-09-01,28.8,29.585,28.715,29.192,297598,0
2000-09-05,29.276,30.101,29.146,29.969,234079,0
2000-09-06,29.931,30.663,29.931,30.531,292785,0
2000-09-07,30.447,30.925,30.408,30.887,345531,0
2000-09-08,30.795,32.056,30.708,31.854,403721,0
2000-09-11,31.879,33.098,31.879,32.719,479324,0
2000-09-12,32.663,33.44,31.925,32.441,339294,0
2000-09-13,32.533,33.357,32.487,32.88,593375,0
2000-09-14,32.88,33.048,32.056,32.834,363065,0
2000-09-15,32.703,33.311,32.703,32.973,366832,0
2000-09-18,32.965,33.225,32.57,33.141,283175,0
2000-09-19,33.098,33.311,32.096,32.187,339685,0
2000-09-20,32.187,32.187,31.139,31.616,643124,0
2000-09-21,31.616,32.056,31.27,31.4,579735,0
2000-09-22,31.4,32.295,31.4,32.009,1000214,0
2000-09-25,32.009,32.31,31.925,32.272,171598,0
2000-09-26,32.356,34.311,32.14,34.311,765880,0
2000-09-27,34.311,34.79,33.489,34.444,647150,0
2000-09-28,34.444,35.35,34.444,34.479,488674,0
2000-09-29,34.567,35.611,34.567,35.321,287206,0
2000-10-02,35.219,36.044,34.311,35.997,449706,0
2000-10-03,35.912,36.568,35.389,35.482,434900,0
2000-10-04,35.482,36.044,34.135,34.612,450614,0
2000-10-05,34.567,35.35,33.918,33.967,417618,0
2000-10-06,34.052,34.957,34.002,34.089,245509,0
2000-10-09,34.089,34.829,34.052,34.135,259792,0
2000-10-10,34.266,35.174,34.266,34.696,253691,0
2000-10-11,34.696,35.306,34.266,34.922,228490,0
2000-10-12,35.389,35.651,34.35,34.658,486598,0
2000-10-13,35.174,35.389,34.397,34.741,299545,0
2000-10-16,34.741,35.568,34.741,34.872,663648,0
2000-10-17,34.79,35.219,34.612,35.088,307594,0
2000-10-18,35.088,35.136,33.489,33.918,708592,0
2000-10-19,32.441,32.663,31.4,32.056,1271441,0
2000-10-20,32.056,32.056,30.316,30.447,1057370,0
2000-10-23,30.578,31.01,30.101,30.277,1146089,0
2000-10-24,30.363,30.97,29.538,29.8,612080,0
2000-10-25,30.101,30.363,28.979,29.323,927212,0
2000-10-26,29.323,29.455,28.845,29.232,489326,0
2000-10-27,29.146,29.669,28.628,29.407,532973,0
2000-10-30,29.669,30.723,29.585,30.681,699111,0
2000-10-31,30.723,30.723,29.538,30.416,338514,0
2000-11-01,30.547,31.415,30.547,31.07,496985,0
2000-11-02,31.07,31.07,30.632,30.809,202769,0
2000-11-03,30.547,31.154,30.06,30.502,291881,0
2000-11-06,30.454,30.894,30.286,30.325,313182,0
2000-11-07,30.371,30.371,29.931,30.154,146915,0
2000-11-08,30.286,30.894,30.026,30.325,147174,0
2000-11-09,30.454,30.941,29.894,30.809,392549,0
2000-11-10,30.809,31.415,30.809,30.986,292918,0
2000-11-13,30.894,31.686,30.547,30.681,284734,0
2000-11-14,30.723,30.723,30.11,30.371,251612,0
2000-11-15,30.547,31.247,30.416,30.941,450614,0
2000-11-16,30.986,31.415,30.855,31.024,112102,0
2000-11-17,31.118,31.986,31.118,31.902,203550,0
2000-11-20,32.031,32.209,31.558,31.854,483351,0
2000-11-21,31.949,32.116,31.286,31.508,299674,0
2000-11-22,31.508,32.164,31.415,31.641,211601,0
2000-11-24,31.686,31.686,31.379,31.592,26762,0
2000-11-27,31.508,31.724,31.286,31.558,156270,0
2000-11-28,31.415,32.248,31.415,32.248,356700,0
2000-11-29,32.209,32.686,32.209,32.52,232258,0
2000-11-30,32.52,33.081,32.386,32.604,349557,0
2000-12-01,32.555,32.911,32.427,32.911,759644,0
2000-12-04,32.866,33.041,32.341,32.386,579995,0
2000-12-05,32.427,32.427,31.818,31.986,286295,0
2000-12-06,31.986,32.427,31.986,32.164,293568,0
2000-12-07,32.164,32.341,32.116,32.248,345010,0
2000-12-08,32.209,32.386,31.558,32.209,248106,0
2000-12-11,32.295,32.295,31.771,31.949,208226,0
2000-12-12,32.031,32.52,31.986,32.08,211344,0
2000-12-13,32.08,32.65,32.08,32.08,215236,0
2000-12-14,32.209,32.209,31.641,31.641,190558,0
2000-12-15,31.508,31.854,31.463,31.463,346825,0
2000-12-18,31.558,32.209,31.558,32.164,128337,0
2000-12-19,32.08,32.65,32.08,32.341,233684,0
2000-12-20,32.209,33.348,32.08,33.173,591168,0
2000-12-21,33.173,33.348,32.911,33.303,434637,0
2000-12-22,33.173,33.217,32.65,32.778,546222,0
2000-12-26,32.778,33.173,32.778,32.995,643902,0
2000-12-27,32.911,33.694,32.911,33.173,223033,0
2000-12-28,33.257,33.257,32.911,33.217,223554,0
2000-12-29,33.127,33.391,33.041,33.348,152369,0
2001-01-02,33.173,33.257,32.427,32.471,216537,0
2001-01-03,32.471,33.481,30.454,30.502,495172,0
2001-01-04,30.11,30.11,27.568,28.184,674171,0
2001-01-05,28.184,29.054,28.184,28.792,565056,0
2001-01-08,28.709,29.623,28.709,29.455,478024,0
2001-01-09,29.323,29.455,28.753,29.146,296557,0
2001-01-10,29.232,29.754,28.661,28.922,367477,0
2001-01-11,28.922,28.922,27.791,28.359,705607,0
2001-01-12,28.359,28.971,28.006,28.4,701579,0
2001-01-16,28.315,28.359,27.353,27.7,658190,0
2001-01-17,27.614,28.184,27.531,27.961,353063,0
2001-01-18,27.831,28.838,27.831,28.709,458540,0
2001-01-19,28.622,29.192,27.831,28.709,235115,0
2001-01-22,28.792,29.754,28.753,29.323,356438,0
2001-01-23,29.407,30.371,29.407,30.154,351504,0
2001-01-24,30.192,30.763,30.11,30.192,282396,0
2001-01-25,30.286,31.07,30.286,30.763,258367,0
2001-01-26,30.894,31.139,29.847,30.855,262133,0
2001-01-29,30.847,31.317,30.756,30.871,280581,0
2001-01-30,30.795,30.878,30.47,30.616,465166,0
2001-01-31,30.539,30.539,30.026,30.487,290714,0
2001-02-01,29.661,29.87,29.485,29.661,541288,0
2001-02-02,29.732,30.201,29.639,29.685,456589,0
2001-02-05,29.8,30.887,29.8,30.4,311234,0
2001-02-06,30.084,31.01,29.856,30.763,615327,0
2001-02-07,30.763,31.826,30.763,31.632,551805,0
2001-02-08,31.6,31.71,31.233,31.286,464774,0
2001-02-09,31.224,32.04,31.224,32.003,317469,0
2001-02-12,32.096,32.487,31.139,31.457,368651,0
2001-02-13,31.566,31.986,31.07,31.492,913444,0
2001-02-14,31.492,31.686,31.002,31.279,252261,0
2001-02-15,31.286,31.31,30.986,31.21,178610,0
2001-02-16,31.286,32.187,31.286,32.14,549598,0
2001-02-20,32.148,32.941,31.932,32.487,379563,0
2001-02-21,32.487,33.527,32.487,33.205,673390,0
2001-02-22,33.189,33.719,33.01,33.357,378782,0
2001-02-23,33.473,33.866,32.703,33.481,657413,0
2001-02-26,33.44,33.719,32.411,32.626,840435,0
2001-02-27,32.734,33.01,32.487,32.801,268631,0
2001-02-28,32.817,32.842,32.195,32.801,303702,0
2001-03-01,32.778,32.778,32.202,32.479,414118,0
2001-03-02,32.471,32.765,32.116,32.677,415804,0
2001-03-05,32.765,32.933,32.164,32.411,226156,0
2001-03-06,32.586,32.765,32.378,32.52,308898,0
2001-03-07,32.487,33.048,32.218,32.586,413466,0
2001-03-08,32.586,33.048,32.555,32.875,422297,0
2001-03-09,32.981,33.048,32.471,32.817,188481,0
2001-03-12,32.875,33.025,32.67,32.67,342025,0
2001-03-13,32.694,32.734,31.778,31.849,346956,0
2001-03-14,31.849,31.849,31.002,31.125,290584,0
2001-03-15,31.07,31.607,30.864,31.424,407619,0
2001-03-16,30.933,31.566,30.933,31.002,447762,0
2001-03-19,31.07,31.202,30.708,30.763,308898,0
2001-03-20,30.616,31.139,30.293,30.795,365403,0
2001-03-21,30.686,31.641,30.509,30.578,418788,0
2001-03-22,30.578,30.624,28.601,29.255,485168,0
2001-03-23,29.169,29.207,28.622,29.007,508812,0
2001-03-26,29.169,30.154,29.169,29.945,417099,0
2001-03-27,30.118,30.73,29.909,30.11,332929,0
2001-03-28,30.578,31.441,30.509,31.294,450097,0
2001-03-29,31.139,31.956,30.864,31.94,441003,0
2001-03-30,31.949,32.875,31.949,32.394,346442,0
2001-04-02,32.411,33.017,32.003,32.995,528291,0
2001-04-03,32.988,33.679,32.341,33.555,725611,0
2001-04-04,33.549,33.897,32.88,33.357,522192,0
2001-04-05,33.366,33.404,32.427,33.118,524526,0
2001-04-06,33.048,33.686,31.916,32.202,741846,0
2001-04-09,32.31,33.595,32.31,33.318,588307,0
2001-04-10,33.404,34.243,33.357,33.996,876424,0
2001-04-11,33.843,33.843,32.941,33.366,695215,0
2001-04-12,33.296,33.934,33.189,33.787,521671,0
2001-04-16,33.897,35.313,33.897,34.781,709371,0
2001-04-17,35.166,35.591,34.897,35.136,843949,0
2001-04-18,35.136,35.398,34.472,34.588,573893,0
2001-04-19,34.636,34.988,33.758,33.918,484652,0
2001-04-20,33.918,34.781,33.366,33.694,407619,0
2001-04-23,33.866,34.496,33.866,34.464,336176,0
2001-04-24,34.807,35.095,34.472,34.727,414118,0
2001-04-25,34.89,35.519,34.741,35.405,482959,0
2001-04-26,35.313,35.768,35.313,35.577,533100,0
2001-04-27,35.712,35.821,35.219,35.726,997745,0
2001-04-30,35.791,35.905,35.289,35.712,406842,0
2001-05-01,35.712,36.074,35.182,35.244,493222,0
2001-05-02,35.504,35.534,34.543,34.733,398006,0
2001-05-03,34.757,34.897,34.356,34.505,293700,0
2001-05-04,34.579,35.113,34.365,34.849,276684,0
2001-05-07,35.113,35.128,34.579,34.674,222645,0
2001-05-08,34.612,34.612,34.065,34.065,375925,0
2001-05-09,34.065,35.144,34.065,34.98,355658,0
2001-05-10,34.98,35.074,34.65,34.766,294606,0
2001-05-11,34.863,34.964,34.373,34.543,314612,0
2001-05-14,34.682,35.321,34.682,35.298,174582,0
2001-05-15,35.298,35.298,34.579,34.856,226541,0
2001-05-16,34.964,35.358,34.849,35.136,511409,0
2001-05-17,35.136,35.577,34.964,35.559,351761,0
2001-05-18,35.466,35.466,35.136,35.244,393200,0
2001-05-21,35.252,35.252,35.005,35.197,378523,0
2001-05-22,35.197,35.328,35.044,35.113,290320,0
2001-05-23,35.113,35.513,35.074,35.219,515433,0
2001-05-24,35.252,35.381,35.095,35.19,377353,0
2001-05-25,35.204,35.373,34.543,34.682,185102,0
2001-05-29,34.79,34.79,34.365,34.513,212643,0
2001-05-30,34.52,34.964,34.479,34.627,158734,0
2001-05-31,34.62,35.534,34.62,35.534,588176,0
2001-06-01,35.559,35.559,34.98,35.328,273826,0
2001-06-04,35.306,35.504,34.897,35.398,230958,0
2001-06-05,35.398,35.398,34.72,34.727,225243,0
2001-06-06,34.727,34.757,34.043,34.043,186534,0
2001-06-07,34.081,34.413,33.62,33.686,233169,0
2001-06-08,33.728,34.496,33.65,34.413,263823,0
2001-06-11,34.365,35.19,34.365,34.972,248884,0
2001-06-12,35.113,35.358,34.79,35.227,319158,0
2001-06-13,35.577,35.577,34.35,34.356,329420,0
2001-06-14,34.35,34.35,33.055,33.063,474777,0
2001-06-15,32.694,33.758,32.694,33.098,938383,0
2001-06-18,33.225,33.728,33.225,33.274,392421,0
2001-06-19,33.331,33.549,33.265,33.504,436847,0
2001-06-20,33.504,33.563,33.118,33.303,435162,0
2001-06-21,33.265,33.265,32.302,32.447,582333,0
2001-06-22,32.586,32.902,32.411,32.858,611818,0
2001-06-25,33.034,33.155,32.917,33.048,734314,0
2001-06-26,33.048,33.141,32.619,33.063,472959,0
2001-06-27,33.09,33.996,32.957,33.686,731974,0
2001-06-28,33.703,34.283,33.374,33.65,152369,0
2001-06-29,33.65,33.796,33.374,33.728,778741,0
2001-07-02,33.758,34.209,33.728,34.167,248106,0
2001-07-03,34.218,34.496,33.934,34.472,327996,0
2001-07-05,34.365,34.856,34.227,34.849,341245,0
2001-07-06,34.863,35.074,34.505,34.72,483741,0
2001-07-09,34.757,35.244,34.612,35.182,365274,0
2001-07-10,35.151,35.289,34.863,35.151,471788,0
2001-07-11,35.289,35.527,34.704,34.772,415804,0
2001-07-12,34.79,34.79,33.796,33.866,288762,0
2001-07-13,31.665,32.441,31.624,31.665,2921920,0
2001-07-16,31.665,31.802,31.302,31.533,802117,0
2001-07-17,31.558,31.624,31.077,31.21,516474,0
2001-07-18,31.21,31.87,31.21,31.771,1195190,0
2001-07-19,31.771,31.979,31.485,31.771,517904,0
2001-07-20,31.701,31.888,30.554,30.571,406713,0
2001-07-23,30.554,30.663,29.276,29.922,569213,0
2001-07-24,29.785,29.785,28.53,28.777,489326,0
2001-07-25,29.062,30.241,28.422,30.06,684043,0
2001-07-26,29.993,30.847,29.707,30.809,428662,0
2001-07-27,30.809,30.809,29.416,30.06,484779,0
2001-07-30,30.148,30.654,29.469,30.516,413985,0
2001-07-31,30.509,30.871,29.823,30.356,355788,0
2001-08-01,30.332,30.654,30.148,30.325,304744,0
2001-08-02,30.225,30.871,30.148,30.686,313315,0
2001-08-03,30.795,31.302,30.377,31.178,348778,0
2001-08-06,31.01,31.01,30.693,30.763,623772,0
2001-08-07,30.763,31.118,30.763,30.953,221348,0
2001-08-08,30.831,30.831,30.547,30.586,357480,0
2001-08-09,30.509,31.217,30.47,31.102,884084,0
2001-08-10,31.048,31.842,30.763,31.516,329944,0
2001-08-13,31.409,31.624,31.002,31.032,521540,0
2001-08-14,31.085,31.516,31.085,31.331,246938,0
2001-08-15,31.302,31.516,30.901,31.294,416323,0
2001-08-16,31.224,31.802,31.202,31.771,394629,0
2001-08-17,31.733,32.056,31.724,31.925,236801,0
2001-08-20,31.979,32.103,31.778,31.949,203679,0
2001-08-21,32.016,32.124,31.686,31.733,227321,0
2001-08-22,31.748,32.056,31.549,31.763,236024,0
2001-08-23,31.763,32.173,31.763,31.888,236414,0
2001-08-24,31.888,31.949,31.81,31.895,220304,0
2001-08-27,31.949,32.148,31.842,32.056,263692,0
2001-08-28,32.031,32.272,31.91,31.949,169905,0
2001-08-29,32.132,32.164,31.849,32.096,229135,0
2001-08-30,32.148,32.256,31.771,31.87,201990,0
2001-08-31,31.949,32.116,31.763,32.024,178739,0
2001-09-04,31.979,32.403,31.854,32.173,245768,0
2001-09-05,32.164,32.37,31.979,32.14,234334,0
2001-09-06,32.164,32.479,31.94,32.04,154190,0
2001-09-07,32.11,32.124,31.624,31.65,597399,0
2001-09-10,31.656,31.733,31.224,31.34,334356,0
2001-09-17,30.941,30.953,30.018,30.609,281750,0
2001-09-18,30.325,30.363,29.969,30.01,292271,0
2001-09-19,29.931,30.033,28.93,29.43,514266,0
2001-09-20,29.376,30.255,28.822,29.792,1015153,0
2001-09-21,29.146,29.715,28.784,28.784,469580,0
2001-09-24,28.999,28.999,28.445,28.445,382290,0
2001-09-25,28.606,28.971,28.323,28.352,288374,0
2001-09-26,27.816,27.915,27.228,27.353,892011,0
2001-09-27,27.205,27.923,27.029,27.783,909414,0
2001-09-28,28.136,28.914,27.997,28.499,704308,0
2001-10-01,28.499,28.676,28.029,28.521,297598,0
2001-10-02,28.352,28.715,28.3,28.499,673390,0
2001-10-03,28.352,28.999,28.218,28.753,683523,0
2001-10-04,28.606,29.407,28.3,29.138,492315,0
2001-10-05,29.138,29.493,28.822,29.354,330850,0
2001-10-08,29.248,29.469,28.861,28.993,153541,0
2001-10-09,28.993,28.993,28.537,28.569,255510,0
2001-10-10,28.577,28.753,28.107,28.438,309283,0
2001-10-11,28.438,28.461,27.997,28.068,770423,0
2001-10-12,28.052,28.121,27.715,27.961,431522,0
2001-10-15,27.997,28.006,27.531,27.63,387228,0
2001-10-16,27.63,27.89,27.531,27.783,493222,0
2001-10-17,28.136,28.275,27.706,27.854,462955,0
2001-10-18,27.854,28.023,27.276,27.368,340855,0
2001-10-19,27.997,28.922,27.537,28.886,1118940,0
2001-10-22,28.861,28.999,28.323,28.822,678590,0
2001-10-23,28.822,29.707,28.822,29.669,1078154,0
2001-10-24,29.669,29.677,28.878,28.979,493091,0
2001-10-25,28.985,29.969,28.816,29.792,397488,0
2001-10-26,29.685,29.901,29.129,29.823,341245,0
2001-10-29,29.969,30.586,29.538,30.454,626111,0
2001-10-30,30.586,30.654,30.038,30.4,982808,0
2001-10-31,30.547,30.586,30.183,30.547,586747,0
2001-11-01,30.547,30.654,30.325,30.646,572328,0
2001-11-02,30.4,30.7,29.823,30.307,620656,0
2001-11-05,30.148,30.933,30.148,30.809,786143,0
2001-11-06,30.654,31.016,30.438,30.878,381509,0
2001-11-07,31.016,31.372,30.953,31.187,600908,0
2001-11-08,31.254,31.524,31.254,31.379,825239,0
2001-11-09,31.394,31.485,31.195,31.347,352023,0
2001-11-12,31.31,31.325,30.953,31.162,413336,0
2001-11-13,31.233,31.27,30.941,31.202,473606,0
2001-11-14,31.162,31.162,30.509,30.586,309026,0
2001-11-15,30.438,30.716,30.126,30.277,437367,0
2001-11-16,30.255,30.562,30.216,30.347,384237,0
2001-11-19,30.241,30.293,29.577,29.917,224985,0
2001-11-20,29.962,30.347,29.823,30.325,349557,0
2001-11-21,30.148,30.183,29.207,29.856,194195,0
2001-11-23,29.83,30.084,29.354,29.993,51956,0
2001-11-26,29.993,30.168,29.639,29.807,281620,0
2001-11-27,29.807,30.053,29.424,29.554,666250,0
2001-11-28,29.601,29.616,29.146,29.499,492053,0
2001-11-29,29.462,29.922,29.038,29.922,471400,0
2001-11-30,30.001,30.261,29.83,30.255,608833,0
2001-12-03,30.183,30.4,29.993,30.154,473739,0
2001-12-04,30.075,30.075,29.739,29.807,769386,0
2001-12-05,29.931,29.931,29.715,29.839,332148,0
2001-12-06,29.839,29.839,29.424,29.554,397618,0
2001-12-07,29.462,29.885,29.347,29.856,370859,0
2001-12-10,29.785,29.785,29.24,29.376,385018,0
2001-12-11,29.424,29.424,28.492,28.514,390472,0
2001-12-12,28.7,28.8,28.107,28.622,1643857,0
2001-12-13,28.628,28.985,28.537,28.808,471139,0
2001-12-14,28.569,28.808,28.267,28.709,294997,0
2001-12-17,28.594,28.669,28.259,28.392,183806,0
2001-12-18,28.392,29.169,28.338,28.979,247066,0
2001-12-19,28.878,29.785,28.622,29.715,437887,0
2001-12-20,29.538,29.577,29.07,29.307,320324,0
2001-12-21,29.485,29.485,29.014,29.169,528291,0
2001-12-24,29.316,29.715,29.316,29.707,352282,0
2001-12-26,29.57,30.316,29.53,29.823,788481,0
2001-12-27,29.962,30.148,29.807,30.14,1330934,0
2001-12-28,30.255,30.438,29.715,30.356,232519,0
2001-12-31,30.332,30.609,30.084,30.332,392030,0
