Date,Open,High,Low,Close,Volume,OpenInt
1995-01-03,17.516,17.833,17.516,17.79,298287,0
1995-01-04,17.516,17.604,17.373,17.558,334954,0
1995-01-05,17.558,17.604,17.516,17.516,368679,0
1995-01-06,17.558,17.604,17.463,17.516,315260,0
1995-01-09,17.463,17.558,17.463,17.516,108410,0
1995-01-10,17.558,17.558,17.516,17.516,175174,0
1995-01-11,17.558,17.648,17.418,17.463,374558,0
1995-01-12,17.463,17.604,17.418,17.604,140317,0
1995-01-13,17.744,17.922,17.744,17.877,270678,0
1995-01-16,17.976,18.434,17.976,18.293,167703,0
1995-01-17,18.205,18.338,18.107,18.338,277243,0
1995-01-18,18.338,18.338,18.152,18.293,275205,0
1995-01-19,18.205,18.246,18.152,18.205,265929,0
1995-01-20,18.338,18.381,18.246,18.381,314811,0
1995-01-23,18.205,18.567,18.152,18.567,588206,0
1995-01-24,18.567,18.708,18.523,18.664,478896,0
1995-01-25,18.611,18.936,18.611,18.841,382933,0
1995-01-26,18.841,18.981,18.794,18.936,266833,0
1995-01-27,19.028,19.168,19.028,19.071,226546,0
1995-01-30,19.123,19.123,19.028,19.123,253478,0
1995-01-31,19.028,19.168,18.936,19.071,170418,0
1995-02-01,19.071,19.168,18.981,19.071,245782,0
1995-02-02,19.028,19.212,18.936,19.168,195316,0
1995-02-03,19.256,19.856,19.256,19.812,276338,0
1995-02-06,19.812,20.042,19.761,19.947,387688,0
1995-02-07,20.042,20.042,19.584,19.716,368451,0
1995-02-08,19.671,19.856,19.671,19.761,125834,0
1995-02-09,19.671,19.761,19.671,19.716,173363,0
1995-02-10,19.761,19.901,19.584,19.901,219752,0
1995-02-13,19.716,19.812,19.625,19.671,211610,0
1995-02-14,19.671,19.671,19.398,19.625,193733,0
1995-02-15,19.761,19.812,19.671,19.761,298742,0
1995-02-16,19.812,19.812,19.484,19.531,334501,0
1995-02-17,19.531,19.584,19.442,19.531,267736,0
1995-02-21,19.484,19.625,19.484,19.531,167476,0
1995-02-22,19.484,19.584,19.442,19.531,295122,0
1995-02-23,19.716,20.033,19.661,19.99,212287,0
1995-02-24,20.088,20.131,19.847,19.99,245782,0
1995-02-27,19.802,19.99,19.716,19.716,140090,0
1995-02-28,19.802,19.947,19.761,19.947,76044,0
1995-03-01,19.802,19.847,19.617,19.661,106822,0
1995-03-02,19.617,19.847,19.575,19.847,80569,0
1995-03-03,19.802,19.901,19.716,19.761,266380,0
1995-03-06,19.716,19.802,19.575,19.802,112933,0
1995-03-07,19.761,19.802,19.476,19.476,204368,0
1995-03-08,19.575,19.617,19.247,19.345,139638,0
1995-03-09,19.388,19.476,19.301,19.433,277467,0
1995-03-10,19.575,19.901,19.531,19.847,260268,0
1995-03-13,19.847,19.847,19.761,19.802,164985,0
1995-03-14,19.847,19.847,19.617,19.716,180378,0
1995-03-15,19.716,20.033,19.716,20.033,189883,0
1995-03-16,20.033,20.314,20.033,20.131,208441,0
1995-03-17,20.174,20.174,19.901,19.947,436121,0
1995-03-20,19.901,19.947,19.761,19.802,67669,0
1995-03-21,19.802,20.033,19.761,19.761,152088,0
1995-03-22,19.761,19.901,19.716,19.847,164308,0
1995-03-23,19.847,20.088,19.847,19.901,307570,0
1995-03-24,19.847,20.088,19.847,20.088,107275,0
1995-03-27,20.174,20.174,19.947,20.033,195085,0
1995-03-28,20.033,20.501,20.033,20.263,434085,0
1995-03-29,20.263,20.501,19.947,19.947,281091,0
1995-03-30,19.99,20.088,19.847,19.847,349212,0
1995-03-31,19.901,19.99,19.761,19.802,332241,0
1995-04-03,19.761,19.847,19.716,19.802,198030,0
1995-04-04,19.802,19.99,19.802,19.901,195767,0
1995-04-05,19.901,19.947,19.761,19.947,167703,0
1995-04-06,20.033,20.22,20.033,20.033,274754,0
1995-04-07,20.174,20.263,20.088,20.174,271357,0
1995-04-10,20.088,20.314,20.033,20.263,152540,0
1995-04-11,20.314,20.314,19.99,20.033,166346,0
1995-04-12,19.99,20.22,19.99,20.22,163404,0
1995-04-13,20.263,20.314,20.22,20.314,145524,0
1995-04-17,20.361,20.406,19.99,19.99,358264,0
1995-04-18,20.033,20.131,19.661,19.761,266380,0
1995-04-19,19.802,20.131,19.716,20.033,113839,0
1995-04-20,19.99,20.088,19.947,19.947,170649,0
1995-04-21,20.174,20.174,20.088,20.088,643878,0
1995-04-24,20.033,20.263,19.947,20.22,266380,0
1995-04-25,20.131,20.131,19.99,20.088,136018,0
1995-04-26,20.088,20.131,19.947,20.033,91208,0
1995-04-27,19.901,20.033,19.901,19.99,68122,0
1995-04-28,19.99,20.088,19.847,20.088,141905,0
1995-05-01,20.088,20.106,19.901,20.088,208669,0
1995-05-02,19.99,20.22,19.99,20.22,123346,0
1995-05-03,20.314,20.314,20.131,20.22,114970,0
1995-05-04,20.263,20.873,20.263,20.448,282901,0
1995-05-05,20.547,20.687,20.361,20.687,217948,0
1995-05-08,20.592,21.148,20.592,21.102,153898,0
1995-05-09,21.148,21.288,20.592,20.732,236958,0
1995-05-10,20.732,20.776,20.406,20.776,301688,0
1995-05-11,20.776,20.776,20.592,20.687,122436,0
1995-05-12,20.635,20.732,20.635,20.732,119042,0
1995-05-15,20.732,21.006,20.732,21.006,118138,0
1995-05-16,21.006,21.006,20.776,20.873,144617,0
1995-05-17,20.919,20.919,20.732,20.821,99583,0
1995-05-18,20.776,20.873,20.687,20.821,213875,0
1995-05-19,20.776,20.873,20.635,20.873,289465,0
1995-05-22,20.961,21.235,20.961,21.102,235149,0
1995-05-23,21.148,21.235,21.102,21.192,210250,0
1995-05-24,21.192,21.377,21.148,21.333,262080,0
1995-05-25,21.278,21.421,20.997,21.377,247593,0
1995-05-26,21.326,21.326,21.05,21.138,129910,0
1995-05-30,21.05,21.326,20.91,21.326,194408,0
1995-05-31,21.278,21.606,21.235,21.606,300098,0
1995-06-01,21.562,21.746,21.278,21.278,266602,0
1995-06-02,21.183,21.837,21.093,21.562,481157,0
1995-06-05,21.606,21.651,21.377,21.465,194634,0
1995-06-06,21.562,21.651,21.465,21.562,169739,0
1995-06-07,21.465,21.465,21.183,21.278,168156,0
1995-06-08,21.138,21.235,21.093,21.183,121536,0
1995-06-09,21.138,21.183,20.863,20.997,446531,0
1995-06-12,21.05,21.183,21.05,21.05,133079,0
1995-06-13,21.093,21.421,21.093,21.235,219302,0
1995-06-14,21.278,21.421,21.138,21.326,93019,0
1995-06-15,21.326,21.562,21.326,21.377,150730,0
1995-06-16,21.606,21.606,21.326,21.421,895550,0
1995-06-19,21.326,21.977,21.326,21.837,252348,0
1995-06-20,21.837,21.933,21.746,21.889,148015,0
1995-06-21,21.933,22.075,21.746,21.746,157747,0
1995-06-22,21.889,22.303,21.837,22.21,214101,0
1995-06-23,22.162,22.162,21.651,21.696,183544,0
1995-06-26,21.651,21.696,21.511,21.606,158424,0
1995-06-27,21.651,21.933,21.651,21.837,201201,0
1995-06-28,21.793,22.075,21.746,21.933,324545,0
1995-06-29,21.933,21.977,21.278,21.465,339480,0
1995-06-30,21.562,21.746,21.465,21.696,255515,0
1995-07-03,21.606,21.651,21.326,21.421,67218,0
1995-07-05,21.377,21.511,21.326,21.377,114970,0
1995-07-06,21.377,21.837,21.235,21.837,197126,0
1995-07-07,21.793,21.933,21.651,21.793,185357,0
1995-07-10,21.889,21.977,21.696,21.696,138052,0
1995-07-11,21.606,21.889,21.606,21.651,112480,0
1995-07-12,21.465,21.977,21.421,21.933,280863,0
1995-07-13,21.837,21.889,21.696,21.837,207537,0
1995-07-14,21.793,21.933,21.606,21.746,150954,0
1995-07-17,21.746,21.746,21.562,21.746,293085,0
1995-07-18,21.696,21.837,21.606,21.837,433404,0
1995-07-19,21.793,21.933,21.606,21.696,994680,0
1995-07-20,21.746,22.162,21.696,21.933,942395,0
1995-07-21,21.933,21.977,21.746,21.746,422993,0
1995-07-24,21.793,22.393,21.696,22.393,405337,0
1995-07-25,22.393,22.393,22.075,22.348,264569,0
1995-07-26,22.262,22.72,22.262,22.631,355774,0
1995-07-27,22.677,22.72,22.588,22.631,105692,0
1995-07-28,22.72,22.72,22.533,22.588,108635,0
1995-07-31,22.533,22.588,22.491,22.491,242164,0
1995-08-01,22.491,22.491,22.21,22.262,162044,0
1995-08-02,22.262,22.677,22.262,22.447,437475,0
1995-08-03,22.348,22.533,22.303,22.491,94601,0
1995-08-04,22.533,22.533,22.348,22.491,66536,0
1995-08-07,22.533,22.533,22.348,22.393,79213,0
1995-08-08,22.393,22.631,22.348,22.533,174266,0
1995-08-09,22.533,22.588,22.393,22.393,59974,0
1995-08-10,22.447,22.588,22.348,22.348,118369,0
1995-08-11,22.348,22.393,22.303,22.393,239221,0
1995-08-14,22.393,22.491,22.348,22.393,89848,0
1995-08-15,22.348,22.447,22.21,22.348,575303,0
1995-08-16,22.348,22.348,22.262,22.348,169061,0
1995-08-17,22.348,22.447,22.303,22.303,117461,0
1995-08-18,22.631,22.677,22.491,22.588,254837,0
1995-08-21,22.677,22.958,22.677,22.72,154805,0
1995-08-22,22.677,22.72,22.533,22.588,142130,0
1995-08-23,22.631,22.631,22.348,22.447,207761,0
1995-08-24,22.262,22.533,22.262,22.447,164308,0
1995-08-25,22.447,22.72,22.393,22.677,248274,0
1995-08-28,22.72,23.329,22.72,23.285,204819,0
1995-08-29,23.285,23.285,22.958,23.003,234016,0
1995-08-30,23.047,23.418,23.047,23.374,148240,0
1995-08-31,23.321,23.418,22.994,22.994,247142,0
1995-09-01,22.905,23.321,22.853,23.321,132172,0
1995-09-05,23.276,23.603,23.276,23.603,165667,0
1995-09-06,23.603,23.984,23.603,23.931,273169,0
1995-09-07,23.885,23.931,23.56,23.657,327258,0
1995-09-08,23.745,23.788,23.657,23.788,120858,0
1995-09-11,23.885,23.984,23.788,23.885,87131,0
1995-09-12,23.931,24.125,23.931,24.125,139188,0
1995-09-13,24.072,24.311,23.931,24.213,261627,0
1995-09-14,24.258,24.726,24.213,24.682,149827,0
1995-09-15,25.194,25.335,24.922,25.291,720378,0
1995-09-18,25.335,25.335,24.726,25.107,1215564,0
1995-09-19,25.107,25.194,24.922,25.107,219302,0
1995-09-20,25.149,25.291,25.107,25.249,107954,0
1995-09-21,25.335,25.391,24.682,24.965,125834,0
1995-09-22,24.866,25.062,24.726,25.006,121759,0
1995-09-25,25.107,25.107,24.965,25.107,114068,0
1995-09-26,25.107,25.291,24.682,24.821,191463,0
1995-09-27,24.726,24.922,24.542,24.682,444493,0
1995-09-28,24.593,24.682,24.495,24.636,299647,0
1995-09-29,24.726,25.062,24.682,24.78,344235,0
1995-10-02,24.821,24.821,24.593,24.636,234468,0
1995-10-03,24.682,24.78,24.636,24.78,247367,0
1995-10-04,24.78,24.866,24.636,24.78,205047,0
1995-10-05,24.78,24.78,24.636,24.78,117004,0
1995-10-06,24.726,24.866,24.593,24.821,185357,0
1995-10-09,24.726,24.821,24.636,24.78,198257,0
1995-10-10,24.821,24.922,24.682,24.866,298517,0
1995-10-11,24.821,24.866,24.682,24.821,220211,0
1995-10-12,24.78,24.866,24.78,24.821,327485,0
1995-10-13,24.866,25.062,24.866,25.062,312097,0
1995-10-16,25.062,25.062,24.922,24.965,137153,0
1995-10-17,24.922,25.062,24.821,25.062,1173248,0
1995-10-18,25.391,25.762,25.391,25.575,406924,0
1995-10-19,25.476,25.53,25.006,25.107,373427,0
1995-10-20,25.107,25.107,25.006,25.062,381124,0
1995-10-23,24.965,25.149,24.821,25.107,243745,0
1995-10-24,25.194,25.249,24.866,25.107,204819,0
1995-10-25,24.965,25.149,24.354,24.495,471200,0
1995-10-26,24.452,24.452,23.788,23.843,273169,0
1995-10-27,23.745,24.866,23.745,24.726,441096,0
1995-10-30,24.682,24.682,24.213,24.452,207761,0
1995-10-31,24.495,24.593,24.169,24.169,166346,0
1995-11-01,24.169,24.542,24.169,24.399,183544,0
1995-11-02,24.542,24.866,24.542,24.636,151633,0
1995-11-03,24.726,24.922,24.542,24.682,163631,0
1995-11-06,24.593,24.78,24.495,24.726,79436,0
1995-11-07,24.726,24.726,24.354,24.495,140770,0
1995-11-08,24.542,24.726,24.399,24.726,205498,0
1995-11-09,24.866,24.965,24.636,24.922,145298,0
1995-11-10,24.78,24.821,24.542,24.821,109084,0
1995-11-13,24.821,25.062,24.726,24.965,131263,0
1995-11-14,24.965,25.062,24.866,24.866,223827,0
1995-11-15,24.922,24.965,24.593,24.965,119042,0
1995-11-16,24.821,25.062,24.726,24.821,154805,0
1995-11-17,25.006,25.062,24.922,25.006,212963,0
1995-11-20,25.006,25.249,25.006,25.194,131718,0
1995-11-21,25.194,25.291,24.965,25.291,367997,0
1995-11-22,25.291,25.291,24.922,25.107,76044,0
1995-11-24,25.107,25.107,25.006,25.062,19692,0
1995-11-27,24.965,25.433,24.965,25.433,157067,0
1995-11-28,25.391,25.856,25.335,25.714,157747,0
1995-11-29,25.67,25.812,25.628,25.67,370259,0
1995-11-30,25.584,25.91,25.442,25.723,152312,0
1995-12-01,25.723,26.194,25.723,25.865,205498,0
1995-12-04,25.955,26.194,25.723,26.095,211610,0
1995-12-05,26.15,26.15,26.008,26.15,106822,0
1995-12-06,26.236,26.715,26.051,26.236,242388,0
1995-12-07,26.194,26.194,25.539,25.539,331106,0
1995-12-08,25.539,26.095,25.539,25.865,174492,0
1995-12-11,25.955,25.955,25.812,25.865,97316,0
1995-12-12,25.812,25.812,25.299,25.299,227227,0
1995-12-13,25.299,25.539,25.257,25.539,192598,0
1995-12-14,25.486,25.486,25.062,25.117,186715,0
1995-12-15,25.203,25.77,25.158,25.723,773562,0
1995-12-18,25.628,25.723,25.398,25.486,260268,0
1995-12-19,25.398,25.812,25.203,25.67,312773,0
1995-12-20,25.77,26.008,25.628,25.865,259366,0
1995-12-21,25.91,26.051,25.628,25.628,187168,0
1995-12-22,25.539,25.865,25.539,25.628,148466,0
1995-12-26,25.628,25.77,25.539,25.77,68574,0
1995-12-27,25.865,26.051,25.628,25.77,146881,0
1995-12-28,25.67,25.91,25.584,25.91,113163,0
1995-12-29,26.008,26.008,25.442,25.812,209120,0
1996-01-02,25.67,26.051,25.628,26.051,174492,0
1996-01-03,26.15,26.291,25.955,26.095,211835,0
1996-01-04,26.095,26.095,25.257,25.345,419146,0
1996-01-05,25.345,25.345,25.117,25.299,234694,0
1996-01-08,25.203,25.203,25.062,25.203,47979,0
1996-01-09,25.062,25.062,24.876,24.982,167250,0
1996-01-10,24.311,24.452,24.125,24.311,325444,0
1996-01-11,24.311,24.354,24.125,24.354,187845,0
1996-01-12,24.311,24.551,24.169,24.495,265251,0
1996-01-15,24.495,24.495,24.268,24.452,109084,0
1996-01-16,24.354,24.876,24.213,24.876,335859,0
1996-01-17,24.876,25.117,24.636,24.691,251218,0
1996-01-18,24.736,24.831,24.593,24.636,222698,0
1996-01-19,24.354,25.158,24.354,24.975,519629,0
1996-01-22,24.975,25.442,24.922,25.117,389725,0
1996-01-23,25.062,25.203,25.062,25.117,129910,0
1996-01-24,25.203,25.584,25.117,25.203,253707,0
1996-01-25,25.257,25.398,25.117,25.117,161142,0
1996-01-26,25.158,25.539,25.158,25.539,224511,0
1996-01-29,25.442,25.628,25.442,25.584,185129,0
1996-01-30,25.628,25.812,25.584,25.812,108410,0
1996-01-31,25.955,26.051,25.67,26.051,214101,0
1996-02-01,26.008,26.236,25.91,26.15,228811,0
1996-02-02,26.15,26.378,26.051,26.291,242164,0
1996-02-05,26.291,26.76,26.291,26.76,237411,0
1996-02-06,26.66,26.802,26.52,26.802,154805,0
1996-02-07,26.715,26.945,26.52,26.856,205498,0
1996-02-08,26.945,28.455,26.945,27.889,683714,0
1996-02-09,27.934,28.216,27.562,27.889,387912,0
1996-02-12,27.934,28.597,27.934,28.356,243293,0
1996-02-13,28.356,28.977,28.172,28.216,357588,0
1996-02-14,28.129,28.356,27.934,28.031,144617,0
1996-02-15,28.076,28.356,27.934,28.076,186715,0
1996-02-16,28.031,28.031,27.652,27.792,326579,0
1996-02-20,27.324,27.607,27.324,27.421,475046,0
1996-02-21,27.466,28.076,27.466,28.076,258686,0
1996-02-22,28.27,28.5,27.889,28.455,307114,0
1996-02-23,28.455,28.597,27.704,27.987,348758,0
1996-02-26,27.889,27.987,27.562,27.607,309606,0
1996-02-27,27.51,27.607,27.279,27.607,293085,0
1996-02-28,27.754,28.139,27.192,27.192,251671,0
1996-02-29,26.997,27.616,26.997,27.236,301913,0
1996-03-01,27.289,27.855,27.236,27.855,374105,0
1996-03-04,27.855,27.95,27.713,27.811,162496,0
1996-03-05,27.713,28.093,27.57,27.95,190335,0
1996-03-06,27.995,28.039,27.57,27.616,121759,0
1996-03-07,27.57,27.811,27.43,27.518,434085,0
1996-03-08,27.289,27.377,26.626,26.626,507636,0
1996-03-11,26.53,26.856,26.53,26.626,617624,0
1996-03-12,26.53,26.715,26.15,26.53,553354,0
1996-03-13,26.43,26.811,26.43,26.626,318432,0
1996-03-14,26.626,26.856,26.574,26.574,341744,0
1996-03-15,26.626,26.626,26.387,26.476,465314,0
1996-03-18,26.715,27.67,26.715,27.192,295122,0
1996-03-19,27.289,27.475,27.049,27.095,810454,0
1996-03-20,27.095,27.333,26.909,27.192,104560,0
1996-03-21,27.095,27.289,26.953,26.997,94827,0
1996-03-22,26.953,27.192,26.909,27.049,154120,0
1996-03-25,27.289,27.713,27.289,27.475,226769,0
1996-03-26,27.475,27.67,27.377,27.518,190789,0
1996-03-27,27.475,27.855,26.997,27.049,237183,0
1996-03-28,26.953,27.095,26.715,27.049,270905,0
1996-03-29,27.148,27.148,26.53,26.53,249179,0
1996-04-01,26.669,27.475,26.626,27.377,198030,0
1996-04-02,27.289,27.333,27.095,27.333,180831,0
1996-04-03,27.333,27.333,27.095,27.236,96410,0
1996-04-04,27.236,27.43,27.095,27.43,269322,0
1996-04-08,26.909,26.953,26.244,26.336,312999,0
1996-04-09,26.291,26.336,25.964,26.051,214778,0
1996-04-10,26.008,26.104,25.812,25.865,627362,0
1996-04-11,25.865,25.865,25.203,25.486,347628,0
1996-04-12,25.486,26.104,25.391,25.67,211610,0
1996-04-15,25.812,26.43,25.812,26.43,283806,0
1996-04-16,26.43,26.53,25.812,26.104,520086,0
1996-04-17,26.008,26.291,25.964,26.15,375920,0
1996-04-18,26.244,26.53,26.15,26.387,283581,0
1996-04-19,26.626,26.669,26.43,26.53,335408,0
1996-04-22,26.626,26.768,26.387,26.574,130364,0
1996-04-23,26.669,26.669,26.387,26.626,140546,0
1996-04-24,26.715,26.715,26.476,26.53,129455,0
1996-04-25,26.476,26.669,26.244,26.669,185129,0
1996-04-26,26.669,26.811,26.43,26.768,146424,0
1996-04-29,26.574,26.715,26.43,26.626,144391,0
1996-04-30,26.53,26.715,26.476,26.715,99583,0
1996-05-01,26.811,26.811,26.476,26.574,219984,0
1996-05-02,26.244,26.43,26.104,26.104,291952,0
1996-05-03,26.15,26.43,26.051,26.291,205951,0
1996-05-06,26.291,26.387,26.104,26.291,401717,0
1996-05-07,26.244,26.476,26.194,26.194,250086,0
1996-05-08,26.051,26.811,26.008,26.768,383838,0
1996-05-09,26.669,27.095,26.53,26.626,198257,0
1996-05-10,26.997,27.333,26.909,27.192,571458,0
1996-05-13,27.289,27.855,27.148,27.713,236958,0
1996-05-14,27.754,27.855,27.518,27.67,217039,0
1996-05-15,27.95,27.95,27.518,27.67,297612,0
1996-05-16,27.67,27.811,27.57,27.713,107052,0
1996-05-17,27.95,28.039,27.811,27.811,292630,0
1996-05-20,27.855,28.093,27.754,27.995,387912,0
1996-05-21,28.039,28.333,27.898,28.181,157521,0
1996-05-22,28.235,28.704,28.139,28.704,182866,0
1996-05-23,28.704,28.801,28.039,28.235,248614,0
1996-05-24,28.333,28.615,28.333,28.333,114179,0
1996-05-28,28.42,28.42,27.95,27.95,142015,0
1996-05-29,27.908,28.197,27.625,27.722,167026,0
1996-05-30,27.625,28.288,27.43,28.197,122666,0
1996-05-31,28.288,28.288,27.528,27.82,158086,0
1996-06-03,27.528,27.82,27.528,27.82,166797,0
1996-06-04,28.103,28.383,27.908,28.288,171214,0
1996-06-05,28.383,28.675,28.103,28.675,119726,0
1996-06-06,28.675,28.675,28.288,28.288,97431,0
1996-06-07,27.908,28.579,27.908,28.383,495189,0
1996-06-10,28.383,28.383,27.908,28.004,155369,0
1996-06-11,28.197,28.483,27.908,28.483,143486,0
1996-06-12,28.383,28.675,27.908,27.908,112369,0
1996-06-13,27.722,28.288,27.722,28.197,88152,0
1996-06-14,28.288,28.288,27.908,28.103,92114,0
1996-06-17,28.103,28.579,28.004,28.383,172113,0
1996-06-18,28.483,28.483,28.103,28.103,106372,0
1996-06-19,28.103,28.383,28.004,28.103,267962,0
1996-06-20,28.288,28.383,28.004,28.103,423561,0
1996-06-21,28.197,28.288,28.103,28.197,446870,0
1996-06-24,28.197,28.383,28.197,28.288,160914,0
1996-06-25,28.383,28.579,28.288,28.383,142130,0
1996-06-26,28.383,28.383,28.103,28.197,129910,0
1996-06-27,28.004,28.197,27.82,28.004,178453,0
1996-06-28,27.908,28.197,27.82,28.197,258686,0
1996-07-01,28.288,28.579,28.197,28.579,111008,0
1996-07-02,28.288,28.483,28.288,28.483,135452,0
1996-07-03,28.288,28.579,28.288,28.579,45604,0
1996-07-05,28.103,28.103,27.528,27.625,56580,0
1996-07-08,27.43,27.43,27.049,27.148,139188,0
1996-07-09,27.245,27.722,27.245,27.528,174492,0
1996-07-10,27.625,27.908,27.341,27.82,130133,0
1996-07-11,27.528,27.625,27.341,27.528,181396,0
1996-07-12,27.341,27.722,27.245,27.43,211269,0
1996-07-15,27.341,27.528,27.148,27.245,225981,0
1996-07-16,27.148,27.528,26.574,27.43,298630,0
1996-07-17,27.245,27.341,27.049,27.341,157179,0
1996-07-18,27.148,28.004,27.148,27.625,131381,0
1996-07-19,27.43,27.722,27.148,27.341,196672,0
1996-07-22,27.148,27.722,27.049,27.43,140317,0
1996-07-23,27.528,27.625,27.148,27.245,162271,0
1996-07-24,26.866,27.722,26.866,27.43,155482,0
1996-07-25,27.722,27.82,27.43,27.625,174945,0
1996-07-26,27.722,27.722,27.43,27.722,111461,0
1996-07-29,27.82,28.004,27.625,27.908,186827,0
1996-07-30,27.82,27.908,27.722,27.82,166005,0
1996-07-31,27.625,28.197,27.625,28.004,213420,0
1996-08-01,27.96,28.579,27.722,28.579,283468,0
1996-08-02,28.675,29.143,28.579,29.143,207537,0
1996-08-05,28.958,29.336,28.765,28.958,187395,0
1996-08-06,29.057,29.243,28.862,29.143,97770,0
1996-08-07,29.143,29.243,28.765,29.057,129910,0
1996-08-08,28.958,29.057,28.765,28.958,65858,0
1996-08-09,29.143,29.243,28.958,29.143,111351,0
1996-08-12,29.057,29.533,29.057,29.436,123684,0
1996-08-13,29.336,29.336,28.958,29.143,84754,0
1996-08-14,28.958,29.336,28.765,29.336,139416,0
1996-08-15,29.143,29.436,29.057,29.143,162609,0
1996-08-16,29.243,29.815,29.057,29.815,164648,0
1996-08-19,29.72,30.101,29.72,30.008,144844,0
1996-08-20,30.008,30.101,29.914,30.008,114746,0
1996-08-21,30.008,30.101,29.72,29.914,150730,0
1996-08-22,29.914,30.294,29.72,30.294,106372,0
1996-08-23,30.101,30.195,29.815,30.008,171551,0
1996-08-26,29.914,29.914,29.675,29.914,112139,0
1996-08-27,29.72,29.914,29.621,29.815,443927,0
1996-08-28,29.781,30.064,29.781,30.064,509334,0
1996-08-29,29.967,30.064,29.297,29.586,325444,0
1996-08-30,29.586,29.685,29.297,29.392,192373,0
1996-09-03,29.111,29.685,28.721,29.49,234917,0
1996-09-04,29.297,29.586,29.205,29.586,111577,0
1996-09-05,29.297,29.49,29.111,29.205,142585,0
1996-09-06,29.205,29.967,29.205,29.781,154465,0
1996-09-09,30.064,30.064,29.392,29.967,140090,0
1996-09-10,29.869,30.259,29.781,29.967,170873,0
1996-09-11,29.781,30.259,29.781,30.259,116895,0
1996-09-12,30.259,30.64,30.259,30.539,225415,0
1996-09-13,30.64,31.406,30.64,31.309,269889,0
1996-09-16,31.309,31.787,31.309,31.592,339819,0
1996-09-17,31.592,31.69,30.931,31.114,182642,0
1996-09-18,31.019,31.114,30.64,30.734,131831,0
1996-09-19,30.833,30.833,30.444,30.64,137038,0
1996-09-20,30.931,31.019,30.734,30.734,403867,0
1996-09-23,30.539,31.309,30.539,31.214,165441,0
1996-09-24,31.214,31.504,31.214,31.309,168044,0
1996-09-25,31.504,31.592,31.214,31.214,87019,0
1996-09-26,31.504,31.504,31.214,31.214,182528,0
1996-09-27,31.309,31.504,31.114,31.406,83060,0
1996-09-30,31.592,31.69,31.309,31.406,91658,0
1996-10-01,31.592,31.787,31.309,31.69,148015,0
1996-10-02,31.787,31.983,31.592,31.787,199161,0
1996-10-03,31.886,31.886,31.592,31.886,205047,0
1996-10-04,32.077,32.839,32.077,32.739,168268,0
1996-10-07,32.934,33.031,32.839,33.031,310171,0
1996-10-08,33.031,33.031,32.739,32.934,101054,0
1996-10-09,32.839,32.839,32.46,32.653,322845,0
1996-10-10,32.555,32.555,32.263,32.46,173137,0
1996-10-11,32.653,33.227,32.653,33.129,221229,0
1996-10-14,32.934,33.413,32.934,33.031,105125,0
1996-10-15,33.227,33.227,32.934,33.227,105352,0
1996-10-16,33.413,33.413,33.031,33.129,151523,0
1996-10-17,33.129,33.413,33.129,33.227,94715,0
1996-10-18,33.606,34.182,33.413,34.182,250651,0
1996-10-21,34.279,34.474,34.279,34.375,176418,0
1996-10-22,34.279,34.279,33.889,33.987,104332,0
1996-10-23,33.889,34.474,33.889,34.474,102637,0
1996-10-24,34.474,34.474,33.987,34.182,66650,0
1996-10-25,33.889,34.279,33.801,33.801,77064,0
1996-10-28,33.987,34.279,33.801,33.889,115875,0
1996-10-29,34.083,35.047,34.083,34.853,164536,0
1996-10-30,35.047,35.427,34.952,35.047,172113,0
1996-10-31,35.136,35.808,35.047,35.711,139867,0
1996-11-01,36.003,36.198,34.853,34.952,375920,0
1996-11-04,35.136,35.622,35.047,35.525,107842,0
1996-11-05,35.525,36.479,35.525,36.479,246348,0
1996-11-06,36.479,36.479,35.808,36.381,180154,0
1996-11-07,36.284,36.284,35.906,36.003,298517,0
1996-11-08,36.003,36.003,35.711,35.906,256872,0
1996-11-11,35.906,36.097,35.622,35.906,109084,0
1996-11-12,35.711,35.906,35.525,35.711,173925,0
1996-11-13,35.711,35.711,35.331,35.622,106598,0
1996-11-14,35.427,36.381,35.331,36.198,506278,0
1996-11-15,36.381,36.77,36.097,36.479,291271,0
1996-11-18,36.577,36.577,36.284,36.577,98335,0
1996-11-19,36.77,37.345,36.674,36.956,168948,0
1996-11-20,37.053,37.824,37.053,37.627,212287,0
1996-11-21,37.627,37.627,37.053,37.247,173702,0
1996-11-22,37.152,37.918,37.053,37.918,229377,0
1996-11-25,37.918,39.07,37.918,38.873,241823,0
1996-11-26,38.972,39.449,38.106,38.778,327035,0
1996-11-27,38.954,39.051,38.37,38.856,225866,0
1996-11-29,39.051,39.139,38.954,39.051,66766,0
1996-12-02,38.759,38.954,38.272,38.954,236391,0
1996-12-03,38.663,39.051,38.186,38.272,194185,0
1996-12-04,37.699,37.992,37.503,37.893,518049,0
1996-12-05,37.893,37.893,37.317,37.503,299762,0
1996-12-06,36.929,37.893,36.737,37.699,245218,0
1996-12-09,37.992,37.992,37.417,37.992,131490,0
1996-12-10,37.797,38.186,37.602,37.602,114179,0
1996-12-11,37.124,37.602,36.551,37.029,258912,0
1996-12-12,37.222,37.317,36.162,36.162,338804,0
1996-12-13,35.869,36.638,35.78,36.258,353173,0
1996-12-16,36.258,36.834,36.258,36.258,173022,0
1996-12-17,36.063,37.699,35.78,37.602,298517,0
1996-12-18,37.602,37.602,36.452,36.834,236276,0
1996-12-19,37.124,38.466,36.929,38.466,264341,0
1996-12-20,40.392,40.392,39.625,39.819,800606,0
1996-12-23,39.819,39.909,38.37,38.564,210476,0
1996-12-24,38.564,39.051,38.37,39.051,148694,0
1996-12-26,39.139,40.297,39.139,39.819,243745,0
1996-12-27,40.005,40.199,39.238,39.527,69592,0
1996-12-30,39.722,40.005,39.432,39.527,154578,0
1996-12-31,39.332,39.332,37.893,37.893,237071,0
1997-01-02,38.186,38.186,35.491,37.417,513973,0
1997-01-03,37.699,37.992,37.602,37.699,381460,0
1997-01-06,37.893,37.992,37.124,37.317,295687,0
1997-01-07,37.029,37.317,36.452,37.317,500168,0
1997-01-08,37.602,38.272,37.417,37.417,479117,0
1997-01-09,37.503,37.699,37.222,37.222,229377,0
1997-01-10,36.737,36.929,36.357,36.834,260495,0
1997-01-13,37.029,37.992,36.929,37.317,410547,0
1997-01-14,37.503,38.759,37.503,38.564,341408,0
1997-01-15,38.186,38.186,37.503,37.699,292972,0
1997-01-16,37.992,38.186,37.317,38.186,211610,0
1997-01-17,37.503,38.466,37.417,38.466,384857,0
1997-01-20,38.663,39.051,38.272,38.272,310061,0
1997-01-21,37.699,38.759,37.602,38.663,237973,0
1997-01-22,38.759,38.856,38.186,38.759,187620,0
1997-01-23,38.954,39.051,37.797,37.893,234468,0
1997-01-24,37.797,37.992,37.222,37.417,353852,0
1997-01-27,37.317,38.37,37.124,37.503,624079,0
1997-01-28,37.992,38.564,37.124,37.222,183660,0
1997-01-29,37.124,38.087,37.124,37.893,284145,0
1997-01-30,38.087,38.466,37.992,38.466,193957,0
1997-01-31,38.759,39.139,38.37,38.466,352606,0
1997-02-03,38.37,38.856,38.186,38.759,249969,0
1997-02-04,38.663,39.238,38.564,39.238,245782,0
1997-02-05,39.238,39.722,38.087,38.37,318094,0
1997-02-06,38.186,38.954,38.087,38.663,230959,0
1997-02-07,38.856,39.819,38.663,39.819,229147,0
1997-02-10,40.005,40.392,39.432,39.527,418693,0
1997-02-11,39.722,40.297,39.432,40.103,531173,0
1997-02-12,40.103,41.163,40.103,41.065,631205,0
1997-02-13,41.26,42.125,40.969,41.74,340951,0
1997-02-14,41.74,41.74,41.065,41.26,304285,0
1997-02-18,41.544,41.932,41.065,41.932,192373,0
1997-02-19,41.834,41.834,41.163,41.544,225641,0
1997-02-20,41.163,41.639,40.774,40.969,229716,0
1997-02-21,40.872,41.163,40.688,40.774,254159,0
1997-02-24,40.589,41.74,40.491,41.74,169965,0
1997-02-25,41.544,42.125,41.358,41.834,984381,0
1997-02-26,41.722,41.915,40.271,40.95,204479,0
1997-02-27,40.758,41.137,40.368,40.368,323750,0
1997-02-28,39.601,40.271,39.601,39.695,310398,0
1997-03-03,39.406,40.465,39.111,40.368,213759,0
1997-03-04,40.173,40.563,39.601,39.695,123799,0
1997-03-05,39.601,40.95,39.601,40.95,229942,0
1997-03-06,41.137,41.331,40.271,40.563,344798,0
1997-03-07,40.659,41.915,40.659,41.331,230394,0
1997-03-10,41.233,41.722,40.853,41.722,122666,0
1997-03-11,41.722,42.011,41.427,41.722,225075,0
1997-03-12,41.427,41.722,40.95,41.048,256196,0
1997-03-13,40.758,40.853,39.499,39.499,241146,0
1997-03-14,40.368,40.659,39.601,39.601,306096,0
1997-03-17,39.695,40.271,38.917,40.271,346606,0
1997-03-18,40.271,40.465,39.111,39.211,143374,0
1997-03-19,39.016,39.883,38.345,38.917,291162,0
1997-03-20,39.016,39.016,38.052,38.345,356229,0
1997-03-21,38.53,39.883,38.431,39.111,481949,0
1997-03-24,39.111,40.563,39.111,40.465,204932,0
1997-03-25,40.271,40.758,39.406,39.601,391534,0
1997-03-26,39.601,39.601,38.822,38.822,264682,0
1997-03-27,39.016,39.016,36.603,37.079,253590,0
1997-03-31,36.796,36.897,35.728,35.826,405453,0
1997-04-01,35.153,36.506,34.862,36.215,396743,0
1997-04-02,35.921,35.921,34.862,35.251,253817,0
1997-04-03,35.056,35.728,34.862,35.445,243973,0
1997-04-04,35.348,36.022,34.96,35.826,282901,0
1997-04-07,35.826,36.506,35.728,36.312,203347,0
1997-04-08,36.115,37.274,35.826,37.274,176418,0
1997-04-09,37.467,37.467,36.115,36.312,308361,0
1997-04-10,36.115,36.897,36.022,36.603,653273,0
1997-04-11,36.115,36.115,34.287,34.375,354418,0
1997-04-14,34.375,35.251,34.092,35.056,204705,0
1997-04-15,35.641,36.407,35.641,35.921,558560,0
1997-04-16,35.641,36.603,35.348,36.603,503332,0
1997-04-17,36.407,37.178,36.312,36.701,364262,0
1997-04-18,36.701,36.993,36.603,36.701,265473,0
1997-04-21,36.506,36.993,36.312,36.506,619894,0
1997-04-22,36.701,37.373,36.215,37.373,685414,0
1997-04-23,37.373,37.467,36.701,36.796,332464,0
1997-04-24,36.796,37.274,36.407,36.897,176645,0
1997-04-25,37.079,37.079,36.407,36.603,193841,0
1997-04-28,36.506,37.859,36.407,37.568,465314,0
1997-04-29,38.149,38.917,37.467,38.917,283241,0
1997-04-30,38.917,39.601,38.627,39.211,326805,0
1997-05-01,39.016,39.211,38.627,39.211,204819,0
1997-05-02,39.211,40.563,39.211,40.368,137377,0
1997-05-05,40.271,40.95,39.406,40.853,181507,0
1997-05-06,41.048,41.915,41.048,41.62,599973,0
1997-05-07,41.62,41.722,40.077,40.173,254270,0
1997-05-08,40.077,41.427,39.979,40.563,234582,0
1997-05-09,40.758,41.331,39.979,40.95,178229,0
1997-05-12,41.137,41.722,40.853,41.62,217722,0
1997-05-13,41.62,41.62,40.465,41.048,180489,0
1997-05-14,41.331,42.205,41.137,41.233,419485,0
1997-05-15,41.048,41.815,40.758,41.62,278259,0
1997-05-16,41.62,41.62,40.465,40.563,452982,0
1997-05-19,40.368,41.137,40.368,40.95,208894,0
1997-05-20,40.368,41.722,39.979,41.62,294670,0
1997-05-21,41.62,41.62,40.077,40.465,253707,0
1997-05-22,40.659,40.758,39.979,40.368,178339,0
1997-05-23,40.563,41.137,40.563,40.95,137489,0
1997-05-27,40.368,40.853,39.979,40.173,191580,0
1997-05-28,39.961,40.836,39.767,40.252,307003,0
1997-05-29,39.961,40.447,39.667,40.351,204368,0
1997-05-30,40.158,41.418,39.379,41.418,204594,0
1997-06-02,41.321,41.418,40.447,40.447,174831,0
1997-06-03,40.351,41.611,40.252,41.321,161027,0
1997-06-04,40.836,41.321,40.641,41.225,164762,0
1997-06-05,41.128,41.805,41.031,41.225,116671,0
1997-06-06,41.225,42.384,41.225,42.285,232769,0
1997-06-09,42.285,42.577,41.907,42.188,228695,0
1997-06-10,42.478,42.867,42.188,42.577,134093,0
1997-06-11,42.285,42.772,42.099,42.673,202782,0
1997-06-12,43.062,44.035,42.965,43.939,344572,0
1997-06-13,44.035,44.519,44.035,44.23,337900,0
1997-06-16,44.131,44.714,44.131,44.62,258001,0
1997-06-17,44.714,44.714,44.131,44.23,230959,0
1997-06-18,44.327,44.714,44.131,44.62,124589,0
1997-06-19,44.714,45.787,44.714,45.396,205612,0
1997-06-20,45.492,45.492,44.812,44.91,541470,0
1997-06-23,44.035,44.519,43.84,43.84,281542,0
1997-06-24,43.84,45.2,43.506,45.051,298404,0
1997-06-25,45.2,45.3,43.452,43.549,195655,0
1997-06-26,43.549,44.424,43.506,43.646,318209,0
1997-06-27,43.84,44.327,43.646,43.699,144391,0
1997-06-30,43.894,43.894,42.577,42.727,264909,0
1997-07-01,42.478,44.327,42.478,43.744,253590,0
1997-07-02,43.939,44.273,43.355,43.894,224396,0
1997-07-03,45.396,45.592,45.246,45.246,222473,0
1997-07-07,45.3,45.592,44.424,44.519,356115,0
1997-07-08,44.327,45.492,44.23,44.812,236391,0
1997-07-09,44.953,45.341,44.327,44.468,458186,0
1997-07-10,44.812,45.882,44.714,45.882,400927,0
1997-07-11,45.882,46.747,45.882,46.706,395720,0
1997-07-14,46.553,47.331,46.315,46.9,488737,0
1997-07-15,47.093,47.136,46.553,46.747,389497,0
1997-07-16,46.747,48.303,46.553,48.108,279166,0
1997-07-17,47.914,47.914,46.605,46.846,203578,0
1997-07-18,46.747,46.846,45.3,45.634,432728,0
1997-07-21,45.3,46.605,44.714,46.511,235258,0
1997-07-22,46.942,47.674,46.359,47.674,220890,0
1997-07-23,47.674,48.011,46.8,47.385,175740,0
1997-07-24,47.428,48.347,46.651,48.347,133528,0
1997-07-25,48.497,48.986,48.065,48.065,244539,0
1997-07-28,48.206,48.885,48.011,48.152,156615,0
1997-07-29,48.347,49.126,47.967,49.081,155482,0
1997-07-30,48.986,50.336,48.832,49.708,133979,0
1997-07-31,49.665,49.859,49.276,49.807,227905,0
1997-08-01,49.471,49.665,48.303,48.986,279166,0
1997-08-04,48.986,49.276,48.64,49.027,184225,0
1997-08-05,48.885,49.126,48.497,48.931,122214,0
1997-08-06,48.736,50.24,48.691,49.902,207650,0
1997-08-07,49.665,49.956,48.885,48.885,270569,0
1997-08-08,48.303,48.64,47.234,47.622,393572,0
1997-08-11,47.674,48.791,47.525,48.594,306212,0
1997-08-12,48.594,48.885,47.72,47.775,614347,0
1997-08-13,47.817,48.303,47.331,47.481,350567,0
1997-08-14,47.525,48.25,47.428,47.579,326245,0
1997-08-15,47.579,47.775,46.747,47.093,370033,0
1997-08-18,47.093,48.108,46.456,48.108,342540,0
1997-08-19,47.914,49.18,47.914,48.832,252800,0
1997-08-20,48.832,49.276,48.541,49.276,146090,0
1997-08-21,49.566,49.566,47.817,47.817,190224,0
1997-08-22,47.428,47.914,46.942,47.914,281426,0
1997-08-25,47.914,48.931,47.72,47.967,238314,0
1997-08-26,48.108,48.594,47.87,48.303,211610,0
1997-08-27,48.303,48.64,47.72,48.64,277694,0
1997-08-28,48.425,48.576,47.013,47.701,170418,0
1997-08-29,47.506,49.257,47.013,48.675,271587,0
1997-09-02,48.718,49.841,48.675,49.841,299988,0
1997-09-03,50.037,50.618,49.498,49.498,162044,0
1997-09-04,49.498,50.717,49.498,50.132,267962,0
1997-09-05,50.426,51.009,49.354,49.647,229147,0
1997-09-08,49.841,51.202,49.841,51.202,242955,0
1997-09-09,51.105,52.66,50.618,51.978,287990,0
1997-09-10,51.935,51.935,50.566,50.566,157973,0
1997-09-11,50.326,50.37,48.328,49.689,245442,0
1997-09-12,49.453,50.813,48.816,50.37,284710,0
1997-09-15,50.326,51.545,50.326,50.813,298517,0
1997-09-16,51.978,54.516,51.978,54.463,485115,0
1997-09-17,54.516,54.516,53.535,53.729,408845,0
1997-09-18,54.128,54.614,53.729,53.877,546677,0
1997-09-19,53.877,54.463,53.491,53.587,560594,0
1997-09-22,53.587,54.753,53.587,53.684,284031,0
1997-09-23,53.684,53.684,53.101,53.341,212854,0
1997-09-24,53.341,54.656,53.05,53.825,418578,0
1997-09-25,53.535,53.535,52.465,52.465,237864,0
1997-09-26,52.66,53.684,52.66,53.295,226999,0
1997-09-29,52.951,54.852,52.563,54.128,368786,0
1997-09-30,54.073,54.516,52.906,52.906,300216,0
1997-10-01,53.05,54.128,53.006,53.825,151523,0
1997-10-02,53.633,54.128,53.393,53.587,389383,0
1997-10-03,53.783,55.585,53.729,54.614,334841,0
1997-10-06,54.902,55.726,54.809,55.238,204594,0
1997-10-07,55.197,55.585,54.614,55.294,269094,0
1997-10-08,55.098,55.098,53.535,53.933,370033,0
1997-10-09,53.729,54.709,53.341,54.463,336087,0
1997-10-10,54.267,54.267,53.633,54.028,359281,0
1997-10-13,54.128,54.516,54.128,54.267,159442,0
1997-10-14,54.516,55.004,54.323,54.753,212742,0
1997-10-15,54.463,54.56,54.128,54.222,245782,0
1997-10-16,54.516,55.487,53.201,54.174,271248,0
1997-10-17,54.128,54.418,53.341,53.633,364488,0
1997-10-20,53.684,54.174,53.147,53.933,167250,0
1997-10-21,53.729,54.516,53.438,54.323,269094,0
1997-10-22,54.267,54.323,53.438,54.174,554256,0
1997-10-23,53.438,53.587,52.227,53.587,303950,0
1997-10-24,53.933,53.933,52.66,52.66,262982,0
1997-10-27,52.616,53.006,48.773,48.773,269211,0
1997-10-28,48.286,51.689,47.701,51.009,599072,0
1997-10-29,51.009,51.784,50.467,50.866,311984,0
1997-10-30,50.566,50.964,49.788,49.841,350458,0
1997-10-31,49.886,50.813,49.647,50.467,256420,0
1997-11-03,50.618,51.839,50.618,51.202,290143,0
1997-11-04,51.202,51.351,51.009,51.157,195655,0
1997-11-05,50.964,51.784,50.964,51.255,174492,0
1997-11-06,51.06,51.351,50.866,51.157,125834,0
1997-11-07,50.813,51.009,49.594,51.009,308025,0
1997-11-10,51.299,51.935,50.132,50.663,298287,0
1997-11-11,50.717,51.495,50.566,50.813,284483,0
1997-11-12,50.769,51.105,49.937,50.176,286072,0
1997-11-13,50.176,51.157,49.841,50.618,438496,0
1997-11-14,50.717,51.935,50.326,51.839,318318,0
1997-11-17,52.077,53.729,51.978,53.341,455130,0
1997-11-18,53.341,53.341,52.465,52.519,231524,0
1997-11-19,52.519,54.709,52.519,54.222,235939,0
1997-11-20,54.516,56.266,54.516,55.585,300439,0
1997-11-21,56.117,56.117,53.978,54.709,283354,0
1997-11-24,54.516,55.294,54.222,54.222,210818,0
1997-11-25,54.614,55.197,54.128,54.852,206744,0
1997-11-26,55.004,55.487,54.902,55.487,418804,0
1997-11-28,56.168,56.168,55.391,55.487,89963,0
1997-12-01,55.779,58.714,55.682,58.563,273281,0
1997-12-02,58.519,58.615,57.98,58.172,167703,0
1997-12-03,58.422,58.519,57.245,57.245,379200,0
1997-12-04,57.44,58.172,57.245,57.394,364262,0
1997-12-05,57.245,58.325,56.706,57.784,251442,0
1997-12-08,57.688,58.121,57.635,58.076,267850,0
1997-12-09,57.884,58.121,57.495,57.884,291271,0
1997-12-10,58.228,58.228,56.663,57.394,201765,0
1997-12-11,57.193,57.193,56.126,56.266,270110,0
1997-12-12,56.266,56.663,55.876,56.168,219871,0
1997-12-15,56.266,58.809,56.266,58.368,276790,0
1997-12-16,58.615,58.615,56.512,56.706,206634,0
1997-12-17,56.663,57.193,56.663,56.857,163742,0
1997-12-18,57.15,57.44,56.467,56.857,167250,0
1997-12-19,55.682,56.071,54.409,55.682,487491,0
1997-12-22,55.487,56.266,55.487,55.638,207989,0
1997-12-23,55.735,55.735,54.614,54.709,158651,0
1997-12-24,54.709,55.004,53.633,53.675,147224,0
1997-12-26,53.877,54.267,53.729,53.825,90982,0
1997-12-29,54.118,55.779,54.118,55.391,198030,0
1997-12-30,55.487,56.026,54.709,56.026,379424,0
1997-12-31,55.876,56.026,55.585,55.779,148124,0
1998-01-02,55.682,56.071,55.197,55.487,189995,0
1998-01-05,55.294,56.803,55.294,56.026,263777,0
1998-01-06,55.638,55.779,54.709,55.294,275546,0
1998-01-07,55.294,55.294,53.192,54.118,288106,0
1998-01-08,54.073,54.508,53.05,53.192,448791,0
1998-01-09,53.924,53.924,51.042,51.581,331559,0
1998-01-12,50.999,52.703,50.999,52.651,436460,0
1998-01-13,52.703,53.341,52.36,53.288,146994,0
1998-01-14,53.924,54.366,53.438,54.267,195995,0
1998-01-15,54.118,54.118,53.341,53.482,172682,0
1998-01-16,53.924,54.656,53.783,54.313,309831,0
1998-01-20,54.508,54.709,54.213,54.656,173363,0
1998-01-21,54.508,54.614,53.288,53.579,344572,0
1998-01-22,53.535,53.675,52.897,52.951,194634,0
1998-01-23,52.951,53.341,52.164,52.748,339708,0
1998-01-26,52.951,53.924,52.951,53.729,408395,0
1998-01-27,53.341,54.656,53.341,54.56,275205,0
1998-01-28,54.508,55.876,54.463,55.197,281091,0
1998-01-29,54.508,56.467,54.463,55.144,656784,0
1998-01-30,54.948,55.004,54.073,54.118,256082,0
1998-02-02,54.313,55.832,54.313,55.585,236276,0
1998-02-03,55.197,56.512,55.004,56.223,200747,0
1998-02-04,55.434,56.364,55.337,56.266,258797,0
1998-02-05,56.071,56.467,55.487,55.93,162950,0
1998-02-06,56.026,57.053,56.026,56.803,228921,0
1998-02-09,56.857,56.857,55.779,56.467,175847,0
1998-02-10,56.567,57.539,56.567,56.706,270110,0
1998-02-11,56.706,57.245,56.467,57.053,113729,0
1998-02-12,56.857,56.857,55.876,56.364,321940,0
1998-02-13,56.266,56.266,55.682,55.93,141789,0
1998-02-17,56.126,56.706,55.876,56.364,193503,0
1998-02-18,56.467,57.15,56.316,56.902,197013,0
1998-02-19,56.706,56.955,56.416,56.955,195882,0
1998-02-20,57.193,57.193,55.779,56.663,211610,0
1998-02-23,56.567,56.902,56.168,56.762,183544,0
1998-02-24,56.567,56.902,56.416,56.706,302703,0
1998-02-25,56.955,57.926,56.803,57.495,389725,0
1998-02-26,57.688,57.688,57.245,57.539,160349,0
1998-02-27,57.245,58.131,57.098,57.829,180378,0
1998-03-02,57.733,58.131,57.346,58.076,206064,0
1998-03-03,57.98,58.172,57.635,58.131,114970,0
1998-03-04,58.131,58.131,57.44,57.784,120064,0
1998-03-05,57.394,57.539,56.512,56.902,226889,0
1998-03-06,56.857,58.368,56.857,58.076,218059,0
1998-03-09,57.884,58.035,57.394,57.884,142693,0
1998-03-10,57.884,58.475,57.829,58.076,215459,0
1998-03-11,57.884,58.714,57.784,58.615,224849,0
1998-03-12,58.228,58.714,57.98,58.422,185583,0
1998-03-13,58.422,58.669,58.228,58.271,237296,0
1998-03-16,58.475,59.887,58.475,59.887,299084,0
1998-03-17,59.792,59.987,59.252,59.596,197692,0
1998-03-18,59.596,59.887,59.401,59.651,133301,0
1998-03-19,59.846,59.942,59.693,59.942,239674,0
1998-03-20,60.73,60.73,59.846,59.987,529138,0
1998-03-23,59.846,59.942,58.909,59.058,191012,0
1998-03-24,59.252,60.091,59.252,59.792,147103,0
1998-03-25,59.987,60.383,58.475,59.058,474143,0
1998-03-26,58.864,59.747,58.475,59.447,248047,0
1998-03-27,59.792,59.942,58.615,59.207,179471,0
1998-03-30,59.113,59.252,57.495,57.884,202671,0
1998-03-31,58.422,59.942,58.422,59.113,329071,0
1998-04-01,59.252,59.252,57.539,58.519,388482,0
1998-04-02,58.714,59.501,58.615,59.207,277016,0
1998-04-03,59.207,60.091,58.909,59.351,350458,0
1998-04-06,59.596,60.577,59.447,59.792,316849,0
1998-04-07,59.887,59.942,58.422,59.156,247029,0
1998-04-08,59.501,59.596,57.635,57.934,296818,0
1998-04-09,58.422,59.014,58.035,58.909,383501,0
1998-04-13,59.307,60.77,59.307,60.19,586962,0
1998-04-14,61.754,62.488,61.558,62.1,756136,0
1998-04-15,62.293,63.026,61.411,63.026,865110,0
1998-04-16,63.026,63.026,61.655,62.786,652822,0
1998-04-17,62.786,64.403,62.293,64.256,517593,0
1998-04-20,64.403,64.403,63.177,63.52,376822,0
1998-04-21,63.326,63.422,62.443,63.371,430123,0
1998-04-22,63.177,64.5,63.122,64.45,332918,0
1998-04-23,64.256,64.306,62.585,63.026,284145,0
1998-04-24,63.122,63.616,61.807,61.904,260607,0
1998-04-27,61.904,62.045,60.87,61.268,554938,0
1998-04-28,61.655,62.151,61.505,61.904,304967,0
1998-04-29,61.807,62.344,61.754,62.344,268302,0
1998-04-30,62.248,64.006,62.195,63.866,272600,0
1998-05-01,63.866,63.909,62.734,63.909,174041,0
1998-05-04,64.105,64.105,63.026,63.026,215569,0
1998-05-05,62.927,62.927,61.849,62.389,158313,0
1998-05-06,62.151,62.293,61.169,61.558,290255,0
1998-05-07,61.615,61.615,60.73,61.115,215459,0
1998-05-08,60.924,62.248,60.924,61.708,273169,0
1998-05-11,61.947,62.151,61.268,61.505,222812,0
1998-05-12,61.558,62.734,61.309,62.538,191806,0
1998-05-13,62.734,62.982,62,62.151,112139,0
1998-05-14,62.151,62.344,61.904,62,154578,0
1998-05-15,62,62.344,61.754,62.195,281542,0
1998-05-18,62.151,62.151,61.558,61.947,172004,0
1998-05-19,61.904,62.344,61.558,62.1,155707,0
1998-05-20,62.151,62.83,61.849,62.786,232433,0
1998-05-21,62.982,64.105,62.927,63.273,163855,0
1998-05-22,63.122,63.23,62.344,62.389,134433,0
1998-05-26,62.585,62.691,61.708,61.708,199840,0
1998-05-27,61.365,62,60.87,61.615,492024,0
1998-05-28,61.615,62.248,61.159,61.947,392325,0
1998-05-29,62.151,62.398,61.655,62.151,401603,0
1998-06-01,62.195,63.185,62.054,62.637,315378,0
1998-06-02,62.637,63.078,61.849,62,185921,0
1998-06-03,61.849,62.344,61.365,61.365,222250,0
1998-06-04,61.365,61.615,60.621,61.411,399116,0
1998-06-05,61.411,62.248,61.02,62.248,393572,0
1998-06-08,62.637,62.886,62.398,62.637,167589,0
1998-06-09,62.734,62.734,62.054,62.344,369924,0
1998-06-10,62.398,63.625,62.151,62.398,216930,0
1998-06-11,62.398,62.496,61.615,61.615,237748,0
1998-06-12,61.558,62.151,61.216,61.655,316172,0
1998-06-15,61.365,62.195,61.065,61.365,280637,0
1998-06-16,61.655,61.754,60.77,61.459,350911,0
1998-06-17,61.655,62.886,61.505,62.443,322279,0
1998-06-18,62.538,62.936,62.151,62.248,293879,0
1998-06-19,62.151,62.248,61.754,61.904,388592,0
1998-06-22,62.1,62.786,62.1,62.538,383049,0
1998-06-23,62.538,63.23,62.496,62.691,168722,0
1998-06-24,62.691,64.315,62.344,64.114,673415,0
1998-06-25,64.208,64.852,63.724,64.164,268415,0
1998-06-26,64.266,64.953,64.164,64.852,190446,0
1998-06-29,65.049,65.641,65.049,65.101,622155,0
1998-06-30,64.898,64.898,63.768,63.97,202216,0
1998-07-01,64.114,65.438,63.724,65.438,337220,0
1998-07-02,65.297,65.297,64.704,64.996,123116,0
1998-07-06,64.803,65.588,64.704,65.492,227340,0
1998-07-07,65.641,65.985,64.852,65.782,239785,0
1998-07-08,65.782,67.312,65.782,67.116,251556,0
1998-07-09,67.259,67.259,66.085,66.234,221568,0
1998-07-10,66.278,66.914,65.394,66.523,157521,0
1998-07-13,66.523,67.558,65.89,65.89,448791,0
1998-07-14,66.085,68.246,66.085,68.194,328391,0
1998-07-15,68.002,68.144,66.869,67.02,272828,0
1998-07-16,67.02,68.194,66.816,68.144,194863,0
1998-07-17,68.096,69.035,68.045,68.787,304402,0
1998-07-20,64.413,64.413,60.966,62.151,6849132,0
1998-07-21,64.114,64.164,60.232,60.427,3063699,0
1998-07-22,60.427,60.87,59.447,59.693,1897356,0
1998-07-23,59.738,59.738,58.112,58.456,1017761,0
1998-07-24,58.509,58.759,57.572,57.671,1041415,0
1998-07-27,57.671,57.725,56.743,57.627,813055,0
1998-07-28,57.572,58.456,56.743,57.228,927120,0
1998-07-29,57.228,57.627,56.149,56.345,1150951,0
1998-07-30,56.493,57.089,56.345,56.885,505826,0
1998-07-31,57.184,58.706,56.885,57.43,563874,0
1998-08-03,57.477,57.671,55.902,56.055,621362,0
1998-08-04,56.249,56.249,53.201,53.35,1067099,0
1998-08-05,54.136,54.48,53.544,54.082,1511930,0
1998-08-06,54.082,54.871,53.739,54.578,596353,0
1998-08-07,54.772,54.826,53.641,53.792,852322,0
1998-08-10,53.694,54.277,53.006,53.393,478327,0
1998-08-11,52.703,52.703,50.344,51.239,1094147,0
1998-08-12,51.626,52.66,51.626,52.121,517031,0
1998-08-13,52.218,52.412,51.379,51.82,506960,0
1998-08-14,52.121,52.703,51.282,51.527,430688,0
1998-08-17,51.477,51.626,50.991,51.626,718227,0
1998-08-18,51.721,52.316,51.431,51.969,1074455,0
1998-08-19,52.069,52.218,51.033,51.379,1162156,0
1998-08-20,51.379,51.721,51.13,51.13,616837,0
1998-08-21,51.033,51.033,49.266,50.203,839534,0
1998-08-24,50.548,50.89,49.762,49.859,637431,0
1998-08-25,50.249,50.689,48.976,49.116,633018,0
1998-08-26,48.383,48.631,47.692,48.189,724111,0
1998-08-27,48.135,48.135,45.925,46.614,872692,0
1998-08-28,46.412,47.058,45.527,45.527,1104441,0
1998-08-31,45.527,46.191,44.238,44.292,1208891,0
1998-09-01,44.238,44.935,42.664,44.583,1602349,0
1998-09-02,44.636,46.165,44.343,45.034,1134095,0
1998-09-03,44.538,45.133,44.044,44.388,914452,0
1998-09-04,44.583,44.83,42.904,43.452,633812,0
1998-09-08,45.627,45.971,45.034,45.917,1181842,0
1998-09-09,45.917,45.971,44.83,45.079,672398,0
1998-09-10,44.733,44.786,42.763,43.397,748781,0
1998-09-11,43.258,45.82,43.053,45.82,1313787,0
1998-09-14,47.404,48.092,46.958,47.598,862393,0
1998-09-15,47.598,48.885,47.154,48.683,711098,0
1998-09-16,49.081,49.868,48.586,49.081,489987,0
1998-09-17,48.586,48.586,47.252,47.649,487041,0
1998-09-18,47.692,47.993,47.305,47.896,546110,0
1998-09-21,47.305,48.046,46.614,47.692,445515,0
1998-09-22,48.144,48.392,47.598,47.799,394927,0
1998-09-23,48.144,50.858,48.144,50.858,659497,0
1998-09-24,50.663,50.858,48.189,48.64,728413,0
1998-09-25,48.586,48.885,47.252,48.092,535135,0
1998-09-28,49.371,50.566,49.276,49.671,1107837,0
1998-09-29,50.46,50.566,49.521,49.964,597257,0
1998-09-30,49.868,49.868,48.64,48.986,836481,0
1998-10-01,48.683,48.782,47.553,48.392,995583,0
1998-10-02,48.736,50.708,48.338,49.868,715512,0
1998-10-05,49.77,49.824,47.649,49.18,1209795,0
1998-10-06,49.575,50.46,47.598,48.338,640711,0
1998-10-07,48.338,48.586,46.015,47.058,616046,0
1998-10-08,46.015,46.315,43.506,46.219,716304,0
1998-10-09,46.909,49.331,46.412,49.229,675227,0
1998-10-12,49.868,50.909,49.77,50.417,946132,0
1998-10-13,50.566,52.439,50.211,50.909,1003502,0
1998-10-14,50.708,51.645,50.417,51.351,933118,0
1998-10-15,51.009,53.322,51.009,52.977,913543,0
1998-10-16,54.118,55.206,52.977,53.775,908221,0
1998-10-19,53.775,54.957,53.625,54.614,802872,0
1998-10-20,54.902,56.734,54.861,55.798,2653380,0
1998-10-21,55.594,55.594,54.02,54.366,1123905,0
1998-10-22,53.916,54.957,53.429,54.709,620116,0
1998-10-23,54.614,54.656,53.033,53.279,344687,0
1998-10-26,53.279,53.625,52.633,53.128,275660,0
1998-10-27,53.225,53.57,52.193,52.386,699328,0
1998-10-28,52.193,52.686,51.848,52.536,436572,0
1998-10-29,52.484,53.869,51.794,53.675,433743,0
1998-10-30,54.213,55.055,54.213,55.055,458412,0
1998-11-02,55.107,55.798,54.516,55.798,581530,0
1998-11-03,55.798,56.636,55.551,56.291,765870,0
1998-11-04,56.83,57.328,56.291,57.228,527775,0
1998-11-05,57.024,58.563,56.636,58.315,457282,0
1998-11-06,58.466,58.466,57.228,57.521,571007,0
1998-11-09,57.477,57.477,56.291,56.734,605408,0
1998-11-10,56.541,56.98,55.949,55.949,847344,0
1998-11-11,56.088,56.187,54.366,54.409,737804,0
1998-11-12,54.313,55.154,53.775,54.614,650559,0
1998-11-13,54.656,56.541,54.656,55.701,699443,0
1998-11-16,55.894,56.786,55.743,55.894,876764,0
1998-11-17,55.993,57.521,55.743,56.636,576437,0
1998-11-18,56.98,57.079,55.551,55.949,509220,0
1998-11-19,56.045,56.045,55.206,55.701,661756,0
1998-11-20,56.392,56.433,55.594,55.894,595789,0
1998-11-23,56.291,58.466,56.139,58.315,767451,0
1998-11-24,58.509,58.509,57.176,57.176,906526,0
1998-11-25,57.328,57.725,56.682,56.98,688240,0
1998-11-27,56.98,56.98,56.187,56.24,195427,0
1998-11-30,56.035,56.139,54.894,55.347,830709,0
1998-12-01,55.144,55.543,54.852,55.497,782730,0
1998-12-02,55.294,56.83,55.098,56.83,570215,0
1998-12-03,56.778,57.377,56.24,57.034,807284,0
1998-12-04,57.477,59.359,57.477,59.26,986980,0
1998-12-07,59.307,59.455,58.563,59.307,573043,0
1998-12-08,59.113,59.113,57.671,57.775,403641,0
1998-12-09,57.875,58.025,56.734,57.477,323640,0
1998-12-10,57.421,57.529,56.483,56.734,306096,0
1998-12-11,56.335,56.335,55.443,55.743,663457,0
1998-12-14,55.197,55.497,55.197,55.497,718912,0
1998-12-15,55.594,56.682,55.391,56.531,1053408,0
1998-12-16,56.778,56.778,55.497,55.993,451737,0
1998-12-17,56.778,58.918,56.734,58.864,605860,0
1998-12-18,59.852,59.852,57.725,58.271,783069,0
1998-12-21,58.069,59.307,58.069,58.315,355774,0
1998-12-22,58.368,59.014,58.368,58.669,399682,0
1998-12-23,59.852,61.445,59.359,61.445,1014480,0
1998-12-24,61.541,61.587,61.047,61.243,179471,0
1998-12-28,61.445,62.035,61.336,61.639,451961,0
1998-12-29,62.328,62.628,61.243,62.628,827314,0
1998-12-30,63.326,63.821,62.927,63.273,1120398,0
1998-12-31,63.468,63.919,60.649,60.649,3015721,0
1999-01-04,60.649,61.047,58.519,60.938,3474468,0
1999-01-05,60.746,62.972,60.746,62.479,1830254,0
1999-01-06,62.778,62.972,62.23,62.575,1747758,0
1999-01-07,61.79,62.379,61.392,62.035,1335630,0
1999-01-08,62.434,63.273,61.243,63.273,1212848,0
1999-01-11,62.628,62.778,61.639,62.575,838628,0
1999-01-12,61.047,61.541,60.798,61.188,1168154,0
1999-01-13,59.455,60.445,58.763,60.445,1590128,0
1999-01-14,59.852,60.057,57.132,57.627,769600,0
1999-01-15,57.82,59.605,57.82,59.605,806834,0
1999-01-19,59.702,59.702,56.088,57.572,803550,0
1999-01-20,57.477,57.477,56.585,56.734,795291,0
1999-01-21,56.088,56.929,55.842,56.282,639465,0
1999-01-22,55.894,55.894,54.894,55.443,693102,0
1999-01-25,55.294,55.842,54.852,55.246,864994,0
1999-01-26,55.197,55.197,54.205,54.702,983928,0
1999-01-27,54.799,55.144,53.811,54.508,883103,0
1999-01-28,54.508,55.047,54.205,54.948,755231,0
1999-01-29,55.497,55.842,54.356,55.842,808191,0
1999-02-01,56.035,56.483,54.702,55.098,479117,0
1999-02-02,54.702,54.702,53.367,54.11,1078076,0
1999-02-03,54.003,54.605,53.313,54.508,859450,0
1999-02-04,54.702,54.702,52.873,52.873,973855,0
1999-02-05,53.118,53.562,53.016,53.508,666288,0
1999-02-08,53.313,53.313,52.173,52.227,638787,0
1999-02-09,52.173,52.819,51.184,51.68,781936,0
1999-02-10,51.581,51.872,51.282,51.485,648070,0
1999-02-11,51.626,53.217,51.379,53.016,502429,0
1999-02-12,52.873,53.659,52.325,53.508,570215,0
1999-02-16,53.906,54.55,52.915,53.464,678507,0
1999-02-17,53.464,54.401,53.118,53.367,559917,0
1999-02-18,53.464,53.659,52.572,52.722,605068,0
1999-02-19,52.722,52.764,52.077,52.271,621928,0
1999-02-22,52.077,55.047,52.077,54.852,791898,0
1999-02-23,54.647,55.443,53.906,54.205,439741,0
1999-02-24,54.702,55.788,53.313,53.313,830822,0
1999-02-25,53.288,53.684,52.987,53.684,503787,0
1999-02-26,54.191,54.782,53.438,54.136,625554,0
1999-03-01,53.987,54.532,53.587,54.489,463504,0
1999-03-02,54.683,54.834,53.04,53.137,562858,0
1999-03-03,52.89,53.243,52.492,53.243,674093,0
1999-03-04,53.393,53.535,52.942,53.393,415752,0
1999-03-05,54.191,54.683,53.641,54.532,690163,0
1999-03-08,54.532,54.885,54.286,54.737,399116,0
1999-03-09,54.532,55.479,54.136,55.079,511372,0
1999-03-10,55.231,55.328,54.631,54.93,620571,0
1999-03-11,55.079,55.533,54.532,55.079,483986,0
1999-03-12,55.533,55.533,54.683,54.885,366754,0
1999-03-15,55.079,55.779,55.079,55.533,564329,0
1999-03-16,55.726,55.726,53.887,53.887,500056,0
1999-03-17,53.835,53.835,52.74,53.137,527554,0
1999-03-18,53.04,54.587,53.04,54.286,541813,0
1999-03-19,55.383,55.383,52.987,52.987,1043450,0
1999-03-22,53.393,53.393,52.544,52.793,435216,0
1999-03-23,52.89,52.89,50.699,51.095,591940,0
1999-03-24,51.299,51.397,50.301,50.6,484438,0
1999-03-25,50.999,51.342,50.301,50.398,491571,0
1999-03-26,50.503,50.6,49.902,50.301,413036,0
1999-03-29,50.301,52.439,50.301,52.342,646255,0
1999-03-30,52.095,52.095,49.85,49.956,602918,0
1999-03-31,50.151,50.352,48.161,49.603,950432,0
1999-04-01,51.794,51.794,50.259,50.699,859111,0
1999-04-05,51.299,52.394,51.051,52.297,806945,0
1999-04-06,51.892,52.394,51.6,51.943,504924,0
1999-04-07,52.696,52.89,52.193,52.641,794949,0
1999-04-08,53.091,54.683,52.793,54.683,591488,0
1999-04-09,54.885,54.986,54.082,54.885,538303,0
1999-04-12,54.631,55.585,54.587,55.479,575303,0
1999-04-13,55.682,57.477,55.682,56.876,1271924,0
1999-04-14,56.971,58.172,56.929,56.971,732034,0
1999-04-15,56.383,56.477,55.779,56.079,533665,0
1999-04-16,55.984,56.026,54.986,55.779,413036,0
1999-04-19,55.779,57.917,55.682,56.426,723434,0
1999-04-20,56.231,56.876,55.779,56.821,364601,0
1999-04-21,56.821,57.273,55.682,57.024,569647,0
1999-04-22,56.929,56.929,55.832,56.426,356569,0
1999-04-23,56.326,56.778,55.876,56.177,238993,0
1999-04-26,55.984,55.984,54.885,55.037,469390,0
1999-04-27,54.986,56.576,54.93,56.576,521559,0
1999-04-28,56.477,57.22,56.231,56.971,526649,0
1999-04-29,56.971,57.917,56.876,57.122,524047,0
1999-04-30,56.929,57.273,56.079,56.971,559804,0
1999-05-03,56.971,58.121,56.929,57.875,415073,0
1999-05-04,57.875,57.875,55.876,55.93,410999,0
1999-05-05,56.682,56.929,56.177,56.929,402849,0
1999-05-06,56.383,56.576,55.479,56.576,419485,0
1999-05-07,56.383,56.876,55.779,56.576,303606,0
1999-05-10,56.383,56.531,55.628,55.832,245558,0
1999-05-11,55.628,56.079,55.079,55.628,380442,0
1999-05-12,55.434,55.832,54.631,55.628,469953,0
1999-05-13,55.628,56.778,55.434,56.627,694461,0
1999-05-14,56.426,56.426,54.341,54.489,411337,0
1999-05-17,54.191,54.489,53.684,54.191,367769,0
1999-05-18,53.792,54.231,52.641,53.535,530832,0
1999-05-19,53.535,53.835,52.987,53.684,420728,0
1999-05-20,53.942,53.987,53.192,53.587,498921,0
1999-05-21,53.192,53.288,51.996,53.288,562745,0
1999-05-24,53.091,53.684,52.394,53.137,374901,0
1999-05-25,53.04,53.684,52.394,52.394,583680,0
1999-05-26,52.588,54.286,52.095,54.136,582549,0
1999-05-27,53.659,53.659,52.864,53.058,733732,0
1999-05-28,53.058,54.258,53.058,54.063,495419,0
1999-06-01,53.86,53.86,52.563,53.164,395720,0
1999-06-02,53.359,53.71,52.713,53.411,331445,0
1999-06-03,53.464,54.063,53.411,53.916,346044,0
1999-06-04,53.765,54.011,52.959,53.765,294898,0
1999-06-07,53.164,54.665,53.11,54.011,387912,0
1999-06-08,54.011,54.011,53.164,53.616,335973,0
1999-06-09,53.411,54.063,52.607,52.756,407944,0
1999-06-10,52.713,52.713,51.255,51.812,334273,0
1999-06-11,51.759,52.059,50.964,51.36,456372,0
1999-06-14,51.405,51.662,50.964,51.307,442345,0
1999-06-15,51.662,52.412,51.36,51.662,446301,0
1999-06-16,52.262,53.016,52.155,52.713,466445,0
1999-06-17,52.66,53.811,52.66,53.765,322620,0
1999-06-18,53.765,54.313,53.508,54.213,621818,0
1999-06-21,54.011,55.116,53.765,55.116,410659,0
1999-06-22,55.061,55.266,54.258,54.861,460677,0
1999-06-23,54.762,54.762,53.016,54.165,394251,0
1999-06-24,53.659,53.659,52.307,52.756,405791,0
1999-06-25,52.959,53.916,52.959,53.616,311531,0
1999-06-28,53.811,54.967,53.811,54.366,398664,0
1999-06-29,54.516,55.061,54.011,54.912,361771,0
1999-06-30,54.56,55.912,53.464,55.609,661423,0
1999-07-01,55.266,56.016,54.56,55.966,428537,0
1999-07-02,55.762,56.117,55.567,56.117,329750,0
1999-07-06,55.966,56.416,55.416,56.062,335067,0
1999-07-07,56.062,56.663,55.912,56.467,345027,0
1999-07-08,56.316,56.771,55.912,56.213,499038,0
1999-07-09,56.213,56.663,56.062,56.663,325444,0
1999-07-12,56.663,56.663,55.162,55.461,260153,0
1999-07-13,55.461,55.461,54.56,55.215,344003,0
1999-07-14,55.461,55.567,53.961,54.762,354303,0
1999-07-15,55.266,55.365,54.818,55.312,509786,0
1999-07-16,55.515,56.062,55.365,56.062,381014,0
1999-07-19,55.762,56.168,55.461,56.062,334501,0
1999-07-20,55.762,55.814,54.258,54.463,366642,0
1999-07-21,54.516,54.709,53.359,53.765,219421,0
1999-07-22,53.86,54.409,53.058,53.961,374334,0
1999-07-23,53.916,54.063,52.36,52.959,321603,0
1999-07-26,52.456,53.961,52.412,53.261,335408,0
1999-07-27,53.058,53.562,53.058,53.464,338349,0
1999-07-28,54.165,54.165,52.959,52.959,331673,0
1999-07-29,52.36,52.66,51.856,52.21,334728,0
1999-07-30,52.262,52.456,51.06,51.662,345137,0
1999-08-02,52.155,52.864,51.607,51.961,360642,0
1999-08-03,51.91,52.412,51.511,52.155,282109,0
1999-08-04,52.155,52.51,51.255,51.255,348422,0
1999-08-05,51.36,51.511,50.46,50.964,291727,0
1999-08-06,50.909,50.909,49.312,50.062,426838,0
1999-08-09,50.259,52.155,50.159,51.307,640826,0
1999-08-10,51.511,51.759,50.159,50.361,619326,0
1999-08-11,50.557,51.009,50.105,50.858,390967,0
1999-08-12,50.858,51.105,50.361,50.407,234468,0
1999-08-13,50.909,52.412,50.759,52.262,484552,0
1999-08-16,52.307,52.307,51.255,51.704,325562,0
1999-08-17,52.412,53.209,52.155,53.209,444948,0
1999-08-18,53.016,53.11,51.961,52.607,306435,0
1999-08-19,52.607,52.607,51.856,52.21,328164,0
1999-08-20,52.21,53.209,51.961,53.164,577342,0
1999-08-23,52.959,54.366,52.906,54.366,396064,0
1999-08-24,54.313,55.365,53.961,54.665,647392,0
1999-08-25,54.366,54.366,52.412,54.258,736563,0
1999-08-26,54.165,54.614,53.164,53.261,581302,0
1999-08-27,53.313,54.56,53.313,53.765,666966,0
1999-08-30,53.942,54.091,51.477,51.573,462824,0
1999-08-31,51.721,52.732,51.626,51.776,712456,0
1999-09-01,51.776,52.378,51.776,52.378,436008,0
1999-09-02,52.333,52.484,51.324,52.43,772656,0
1999-09-03,53.331,54.489,53.137,54.146,746968,0
1999-09-07,54.191,54.191,52.484,52.633,471764,0
1999-09-08,52.128,52.987,51.519,52.829,804453,0
1999-09-09,52.933,53.137,52.829,53.083,703968,0
1999-09-10,53.739,53.792,52.732,52.987,322620,0
1999-09-13,52.881,53.033,52.227,52.783,409526,0
1999-09-14,52.528,52.633,52.333,52.43,562858,0
1999-09-15,52.829,53.835,52.829,52.933,730450,0
1999-09-16,53.641,53.641,52.829,53.535,895211,0
1999-09-17,53.535,53.641,52.881,53.331,562293,0
1999-09-20,53.182,53.438,53.137,53.233,526308,0
1999-09-21,52.528,52.732,51.978,52.128,452077,0
1999-09-22,52.28,52.783,52.025,52.633,640599,0
1999-09-23,52.528,53.137,51.978,51.978,534115,0
1999-09-24,51.978,52.528,51.978,52.484,620908,0
1999-09-27,52.881,53.033,51.872,51.872,618192,0
1999-09-28,51.83,52.528,51.83,52.333,815886,0
1999-09-29,52.333,53.182,52.173,52.528,487266,0
1999-09-30,52.679,53.033,52.333,52.933,897470,0
1999-10-01,53.083,54.146,52.783,53.835,908560,0
1999-10-04,53.835,55.294,53.835,55.294,448454,0
1999-10-05,56.107,56.204,54.995,55.098,1143373,0
1999-10-06,55.197,56.149,55.197,56.107,750025,0
1999-10-07,56.299,56.299,55.551,55.701,586281,0
1999-10-08,55.798,57.104,55.497,57.104,596353,0
1999-10-11,56.354,56.558,56.107,56.204,339369,0
1999-10-12,55.753,55.798,54.444,55.347,952582,0
1999-10-13,54.341,55.098,53.887,54.037,472782,0
1999-10-14,53.739,54.191,52.987,53.491,667534,0
1999-10-15,53.491,53.491,51.68,51.68,629737,0
1999-10-18,51.872,53.535,51.872,53.535,658930,0
1999-10-19,55.347,56.149,54.341,54.596,896111,0
1999-10-20,54.746,55.144,54.444,55.144,725585,0
1999-10-21,54.746,55.197,54.037,55.197,512613,0
1999-10-22,55.4,56.61,55.294,56.354,997280,0
1999-10-25,56.204,56.204,55.098,55.851,533096,0
1999-10-26,55.753,56.408,55.551,55.646,429781,0
1999-10-27,55.701,57.31,55.646,56.955,807851,0
1999-10-28,58.165,60.48,58.112,60.48,1828443,0
1999-10-29,60.223,60.331,58.669,58.918,1092335,0
1999-11-01,59.526,59.526,58.572,59.076,480476,0
1999-11-02,58.969,60.427,58.918,60.223,880164,0
1999-11-03,60.278,60.278,59.419,59.57,814867,0
1999-11-04,59.774,60.356,59.729,60.029,675001,0
1999-11-05,60.534,61.188,60.223,60.331,612084,0
1999-11-08,60.685,60.685,60.029,60.278,476744,0
1999-11-09,60.278,60.278,58.572,58.819,465091,0
1999-11-10,58.466,58.819,57.917,57.961,415636,0
1999-11-11,57.917,58.112,57.607,57.662,493603,0
1999-11-12,58.165,59.474,57.758,59.419,967971,0
1999-11-15,59.376,59.729,59.076,59.226,557652,0
1999-11-17,59.474,59.474,58.262,58.262,583453,0
1999-11-18,58.368,58.763,58.069,58.368,480139,0
1999-11-19,58.466,58.572,58.016,58.368,450151,0
1999-11-22,57.758,57.866,57.413,57.459,1053633,0
1999-11-23,57.662,57.662,56.911,56.955,1730784,0
1999-11-24,57.104,57.104,56.655,56.762,613666,0
1999-11-26,56.558,57.362,56.558,56.955,372410,0
1999-11-29,56.627,56.83,56.071,56.071,915014,0
1999-11-30,56.071,57.688,56.071,56.531,881745,0
1999-12-01,56.426,56.98,56.274,56.98,665832,0
1999-12-02,56.885,57.495,56.274,56.531,1057595,0
1999-12-03,57.336,59.004,57.336,58.094,674323,0
1999-12-06,57.894,57.894,56.231,56.426,2366292,0
1999-12-07,56.426,56.531,55.321,55.469,1493036,0
1999-12-08,55.567,55.772,55.116,55.116,2336300,0
1999-12-09,54.709,55.416,54.56,55.266,1284029,0
1999-12-10,56.627,56.734,55.92,56.734,1132056,0
1999-12-13,56.426,57.236,55.92,56.512,2006215,0
1999-12-14,55.92,56.274,55.215,55.416,1540223,0
1999-12-15,55.416,55.416,54.709,54.861,711775,0
1999-12-16,54.809,55.215,54.409,54.861,1656774,0
1999-12-17,54.861,55.868,54.709,55.772,1759415,0
1999-12-20,55.772,56.682,55.772,56.274,854586,0
1999-12-21,56.231,57.44,55.868,56.778,1568399,0
1999-12-22,56.734,56.885,56.026,56.026,547922,0
1999-12-23,56.627,56.83,56.231,56.477,401268,0
1999-12-27,56.531,57.644,55.975,55.975,593864,0
1999-12-28,56.026,56.071,55.416,56.071,807851,0
1999-12-29,56.071,56.177,55.321,55.975,382256,0
1999-12-30,55.772,55.975,55.619,55.719,372292,0
1999-12-31,55.772,55.92,55.469,55.674,252237,0
2000-01-03,55.012,55.061,51.369,52.333,1019119,0
2000-01-04,50.46,51.165,49.859,50.417,890684,0
2000-01-05,50.512,50.769,49.548,49.859,1034851,0
2000-01-06,49.548,50.813,49.346,50.512,1448338,0
2000-01-07,50.259,50.46,49.698,50.417,813622,0
2000-01-10,50.566,50.566,48.037,48.135,714040,0
2000-01-11,48.135,48.135,46.967,47.834,1248725,0
2000-01-12,47.933,49.603,47.933,48.64,1118703,0
2000-01-13,49.303,50.259,49.154,49.753,732144,0
2000-01-14,50.964,51.573,50.61,50.964,670247,0
2000-01-18,50.566,50.769,49.655,49.956,855263,0
2000-01-19,49.902,51.069,48.64,48.691,1110779,0
2000-01-20,48.894,48.894,47.226,47.376,644673,0
2000-01-21,48.189,48.189,46.967,47.278,762018,0
2000-01-24,47.278,47.428,44.901,45.2,743010,0
2000-01-25,46.113,46.315,45.61,45.962,890344,0
2000-01-26,45.962,47.783,45.405,47.128,936283,0
2000-01-27,47.631,48.541,47.226,47.631,726036,0
2000-01-28,47.729,47.729,46.113,46.261,958695,0
2000-01-31,46.818,48.392,46.42,48.189,1133297,0
2000-02-01,48.135,48.241,47.172,47.783,535813,0
2000-02-02,47.684,47.684,46.42,46.722,464184,0
2000-02-03,46.669,46.924,44.998,45.61,1208776,0
2000-02-04,45.705,45.758,44.495,44.495,777635,0
2000-02-07,44.495,44.601,43.177,43.886,695369,0
2000-02-08,43.886,45.661,43.886,45.405,694015,0
2000-02-09,45.307,45.307,43.69,43.69,497113,0
2000-02-10,43.84,44.953,42.877,43.081,1411785,0
2000-02-11,43.69,44.292,42.877,43.177,545205,0
2000-02-14,43.488,43.787,42.32,42.577,729318,0
2000-02-15,42.673,43.787,42.32,43.583,542378,0
2000-02-16,43.69,44.343,42.78,42.824,658592,0
2000-02-17,43.177,43.379,42.17,42.525,762248,0
2000-02-18,42.525,42.577,41.26,41.611,948281,0
2000-02-22,41.463,42.267,41.26,42.02,722641,0
2000-02-23,41.562,41.667,40.853,40.96,623061,0
2000-02-24,41.109,41.109,39.388,40.148,790309,0
2000-02-25,40.402,41.463,40.148,40.297,570328,0
2000-02-28,40.702,42.285,40.702,41.667,647843,0
2000-02-29,41.463,41.57,40.597,41.418,1025230,0
2000-03-01,40.758,41.463,40.243,41.367,688807,0
2000-03-02,41.314,41.314,40.342,40.801,584359,0
2000-03-03,41.62,42.285,41.26,41.367,781372,0
2000-03-06,40.96,41.57,40.702,41.163,528230,0
2000-03-07,41.056,41.056,39.432,39.484,648862,0
2000-03-08,39.07,39.174,38.564,38.822,751160,0
2000-03-09,38.917,39.484,38.458,39.229,1078076,0
2000-03-10,39.12,39.379,38.564,38.618,630416,0
2000-03-13,38.203,39.891,38.158,39.379,766549,0
2000-03-14,39.229,39.936,38.768,38.768,488171,0
2000-03-15,38.822,42.234,38.618,42.234,1320013,0
2000-03-16,43.602,47.376,43.355,46.404,1641386,0
2000-03-17,46.404,47.783,45.441,45.899,1240236,0
2000-03-20,46.359,46.359,44.424,45.182,1093693,0
2000-03-21,45.237,47.933,45.237,47.119,823582,0
2000-03-22,47.023,47.985,46.05,47.783,523140,0
2000-03-23,47.481,49.665,47.226,49.461,768924,0
2000-03-24,49.257,50.282,48.392,48.959,540679,0
2000-03-27,49.053,49.107,47.27,47.834,2065960,0
2000-03-28,47.783,50.123,47.428,49.257,2091539,0
2000-03-29,49.212,49.257,47.985,48.092,632341,0
2000-03-30,48.295,48.295,46.562,46.764,606315,0
2000-03-31,46.818,47.933,45.697,47.067,1234689,0
2000-04-03,48.092,49.001,47.985,48.904,842478,0
2000-04-04,48.497,49.918,46.764,48.037,962090,0
2000-04-05,47.834,48.85,47.783,47.888,676697,0
2000-04-06,47.783,48.295,46.714,47.729,370149,0
2000-04-07,46.917,47.428,46.254,46.404,479009,0
2000-04-10,46.2,47.525,45.386,46.764,691977,0
2000-04-11,46.967,47.119,46.562,46.714,909586,0
2000-04-12,47.376,50.028,47.376,48.699,1512159,0
2000-04-13,48.85,48.85,46.818,47.27,649088,0
2000-04-14,47.067,47.067,42.842,42.993,1046844,0
2000-04-17,43.556,44.981,43.195,44.37,663803,0
2000-04-18,43.761,45.182,43.761,45.182,489191,0
2000-04-19,45.034,45.034,42.638,43.655,548826,0
2000-04-20,44.468,44.777,43.913,44.468,500509,0
2000-04-24,44.629,46.404,44.264,45.386,498697,0
2000-04-25,46.66,47.525,45.899,46.66,597144,0
2000-04-26,46.562,46.562,44.724,44.777,506960,0
2000-04-27,44.017,44.115,42.587,43.397,439966,0
2000-04-28,43.655,43.708,40.906,41.367,980420,0
2000-05-01,42.692,42.894,41.367,41.974,950206,0
2000-05-02,41.974,42.842,41.667,42.384,494624,0
2000-05-03,42.082,43.151,40.906,41.056,722188,0
2000-05-04,41.26,41.26,39.936,40.297,408507,0
2000-05-05,39.988,40.96,39.686,40.191,419485,0
2000-05-08,40.039,42.285,40.039,41.62,443134,0
2000-05-09,41.517,42.942,41.517,42.329,730562,0
2000-05-10,41.974,42.534,40.96,41.109,735542,0
2000-05-11,41.872,43.452,41.872,42.234,501979,0
2000-05-12,43.044,44.317,42.534,43.556,613555,0
2000-05-15,44.724,45.087,44.264,44.671,796423,0
2000-05-16,44.519,45.237,43.761,43.857,766771,0
2000-05-17,43.302,43.913,42.434,43.556,458979,0
2000-05-18,43.397,44.981,43.397,44.317,601220,0
2000-05-19,44.724,44.724,43.195,43.655,576096,0
2000-05-22,43.805,45.333,43.805,45.333,578703,0
2000-05-23,45.237,46.917,45.237,46.156,632568,0
2000-05-24,46.764,48.65,46.764,47.834,853114,0
2000-05-25,47.834,48.295,46.456,47.023,951223,0
2000-05-26,47.023,48.392,46.967,47.985,652141,0
2000-05-30,48.392,49.417,48.295,49.063,1349887,0
2000-05-31,48.904,49.363,48.135,49.01,507751,0
2000-06-01,48.497,51.21,48.497,50.548,1436795,0
2000-06-02,51.671,54.136,51.626,53.775,1710982,0
2000-06-05,53.625,53.625,51.114,51.882,913992,0
2000-06-06,51.06,51.06,48.594,49.725,971256,0
2000-06-07,49.778,51.467,49.778,51.157,546450,0
2000-06-08,51.06,51.114,49.725,50.24,578133,0
2000-06-09,50.344,50.858,48.241,48.594,801626,0
2000-06-12,48.699,49.322,48.65,48.877,364147,0
2000-06-13,48.808,48.904,48.084,48.444,639583,0
2000-06-14,48.241,48.755,47.622,47.729,1119947,0
2000-06-15,42.647,44.397,41.471,44.185,2911386,0
2000-06-16,42.647,43.009,39.423,40.447,3535802,0
2000-06-19,40.392,42.241,40.342,41.367,1521552,0
2000-06-20,42.348,42.393,40.243,40.447,761342,0
2000-06-21,40.809,40.809,39.315,39.527,706007,0
2000-06-22,39.732,40.906,39.527,40.906,835461,0
2000-06-23,41.012,41.579,40.191,40.297,665153,0
2000-06-26,40.342,41.321,40.191,40.501,748103,0
2000-06-27,40.809,41.109,40.392,40.597,645918,0
2000-06-28,40.809,41.834,40.392,40.641,1093126,0
2000-06-29,40.085,40.191,39.315,39.625,900978,0
2000-06-30,39.527,39.527,36.966,37.476,1848474,0
2000-07-03,37.476,40.138,37.426,40.085,802872,0
2000-07-05,39.27,40.501,39.22,39.574,838628,0
2000-07-06,39.574,39.785,38.246,39.315,717324,0
2000-07-07,40.085,40.501,39.677,40.392,861261,0
2000-07-10,40.392,40.597,39.625,39.625,459768,0
2000-07-11,39.677,39.988,39.27,39.423,593636,0
2000-07-12,39.475,40.553,39.423,39.988,945452,0
2000-07-13,39.574,39.677,38.449,39.06,831274,0
2000-07-14,38.963,39.883,38.963,39.22,918636,0
2000-07-17,39.111,39.111,37.522,38.345,2010628,0
2000-07-18,38.449,38.547,37.734,38.14,887966,0
2000-07-19,38.449,38.805,38.14,38.289,714832,0
2000-07-20,38.449,39.936,38.449,39.827,1119040,0
2000-07-21,39.785,40.243,39.574,39.625,1459085,0
2000-07-24,39.827,40.906,39.315,40.297,703517,0
2000-07-25,40.243,40.597,40.085,40.553,763830,0
2000-07-26,40.447,40.553,39.423,39.732,1509104,0
2000-07-27,39.625,40.553,39.625,39.827,1175284,0
2000-07-28,39.827,40.297,39.475,39.625,1472894,0
2000-07-31,39.785,40.243,39.06,39.27,858770,0
2000-08-01,39.315,39.988,39.315,39.827,896342,0
2000-08-02,40.039,40.243,39.475,39.677,722303,0
2000-08-03,39.677,41.269,39.574,41.109,651350,0
2000-08-04,41.526,42.958,41.526,42.807,645805,0
2000-08-07,42.807,42.859,41.321,42.807,1154345,0
2000-08-08,42.702,43.78,42.348,43.673,947040,0
2000-08-09,43.525,43.726,42.393,43.726,573498,0
2000-08-10,43.726,44.292,43.212,43.78,610158,0
2000-08-11,43.47,43.981,43.47,43.726,586618,0
2000-08-14,43.525,43.886,42.859,43.886,459998,0
2000-08-15,43.673,43.673,42.904,43.47,861484,0
2000-08-16,43.525,43.573,42.904,43.062,1374672,0
2000-08-17,43.062,43.062,41.88,42.09,778767,0
2000-08-18,41.88,41.982,41.163,41.216,782278,0
2000-08-21,41.418,41.579,41.012,41.418,639807,0
2000-08-22,40.96,42.188,40.96,42.135,969784,0
2000-08-23,41.932,42.09,41.109,41.526,516124,0
2000-08-24,41.109,41.526,40.809,41.163,463504,0
2000-08-25,41.321,41.367,40.906,41.109,379654,0
2000-08-28,41.012,41.932,41.012,41.367,482404,0
2000-08-29,41.163,41.216,40.447,40.758,313114,0
2000-08-30,40.597,41.686,40.597,40.96,399003,0
2000-08-31,40.491,41.992,40.491,40.819,1112252,0
2000-09-01,41.109,41.269,40.29,40.437,557313,0
2000-09-05,40.544,41.321,40.077,40.748,727167,0
2000-09-06,41.163,42.709,41.163,42.506,1485793,0
2000-09-07,42.506,43.125,42.452,43.125,1269768,0
2000-09-08,42.922,44.317,42.815,44.317,887402,0
2000-09-11,43.904,44.777,43.904,44.213,860809,0
2000-09-12,44.159,44.213,43.125,43.592,852550,0
2000-09-13,43.849,44.361,43.592,43.69,552446,0
2000-09-14,43.69,43.744,42.975,43.072,825052,0
2000-09-15,42.561,42.922,41.731,41.778,1130355,0
2000-09-18,42.348,42.348,40.906,41.012,700349,0
2000-09-19,40.96,41.889,40.696,41.629,681109,0
2000-09-20,41.834,41.834,40.233,41.056,633242,0
2000-09-21,41.269,41.269,40.022,41.269,1078530,0
2000-09-22,41.269,41.321,40.182,40.748,1299758,0
2000-09-25,40.853,41.109,40.233,40.906,670923,0
2000-09-26,40.748,40.853,39.979,40.182,906756,0
2000-09-27,39.979,40.491,38.999,40.437,1145410,0
2000-09-28,40.437,42.561,40.437,41.992,1125150,0
2000-09-29,41.94,42.452,41.056,41.216,1141787,0
2000-10-02,41.216,41.629,40.853,41.367,1116439,0
2000-10-03,41.471,42.61,41.367,42.144,672737,0
2000-10-04,42.039,43.23,41.471,41.834,717205,0
2000-10-05,41.686,43.017,40.696,40.696,1002034,0
2000-10-06,41.012,41.012,39.306,39.713,854021,0
2000-10-09,39.926,39.926,38.732,38.944,616046,0
2000-10-10,38.839,38.892,37.805,38.061,2074566,0
2000-10-11,38.061,38.327,36.258,37.187,1039149,0
2000-10-12,37.079,37.392,35.121,35.17,1054090,0
2000-10-13,35.482,37.444,35.427,37.238,1272937,0
2000-10-16,37.238,38.061,36.77,37.91,1135109,0
2000-10-17,37.859,38.476,36.207,36.258,951904,0
2000-10-18,35.789,36.878,34.394,36.207,1203460,0
2000-10-19,36.258,37.55,36.258,37.079,751387,0
2000-10-20,36.674,37.035,36.674,36.77,702948,0
2000-10-23,36.77,36.77,36.152,36.366,728413,0
2000-10-24,37.035,37.55,36.984,37.392,838180,0
2000-10-25,37.444,38.422,37.392,37.91,682470,0
2000-10-26,37.602,37.752,36.674,37.238,994339,0
2000-10-27,37.035,38.272,37.035,38.061,874729,0
2000-10-30,38.732,40.233,38.732,40.022,731693,0
2000-10-31,39.873,40.491,38.892,40.342,701252,0
2000-11-01,40.29,40.853,39.508,39.926,1000110,0
2000-11-02,40.022,41.109,40.022,40.182,836140,0
2000-11-03,40.544,40.597,39.767,40.437,589337,0
2000-11-06,40.342,40.906,40.29,40.906,822674,0
2000-11-07,41.109,41.418,40.853,41.367,1520873,0
2000-11-08,41.731,41.834,40.65,41.471,944888,0
2000-11-09,41.471,43.646,41.471,43.646,1708495,0
2000-11-10,43.488,43.796,42.664,42.922,1148917,0
2000-11-13,42.561,42.867,41.889,42.4,990941,0
2000-11-14,42.506,43.177,41.834,42.251,923046,0
2000-11-15,41.163,41.216,39.667,40.233,2264223,0
2000-11-16,39.565,40.182,39.565,40.022,1345247,0
2000-11-17,40.077,40.491,38.944,39.254,1174715,0
2000-11-20,39.043,39.094,37.699,38.22,1505711,0
2000-11-21,38.422,38.944,37.752,38.944,1137598,0
2000-11-22,38.476,38.636,37.654,38.37,704084,0
2000-11-24,38.581,39.043,38.581,38.999,257324,0
2000-11-27,39.36,39.873,39.148,39.565,578473,0
2000-11-28,39.565,40.906,39.36,40.182,1008485,0
2000-11-29,40.077,42.47,40.022,42.47,1069254,0
2000-11-30,42.673,43.141,40.696,42.311,1275764,0
2000-12-01,42.525,42.942,41.898,41.898,690500,0
2000-12-04,41.629,41.74,40.801,41.686,749347,0
2000-12-05,41.686,43.141,40.96,42.62,1235032,0
2000-12-06,42.568,44.547,41.535,42.099,2767558,0
2000-12-07,42.099,43.355,41.216,42.525,1281087,0
2000-12-08,43.141,43.972,42.727,43.141,800722,0
2000-12-11,43.93,45.592,43.195,45.433,1353061,0
2000-12-12,44.76,45.376,44.131,44.601,884235,0
2000-12-13,45.376,45.433,43.876,44.131,792460,0
2000-12-14,43.506,43.77,42.47,43.77,1103087,0
2000-12-15,42.257,44.443,42.257,44.081,1935946,0
2000-12-18,44.963,46.738,44.292,46.634,1765077,0
2000-12-19,46.005,48.612,45.952,47.305,2044577,0
2000-12-20,46.113,49.283,45.899,49.229,2718334,0
2000-12-21,49.135,50.435,48.347,50.435,1910258,0
2000-12-22,49.964,51.784,49.964,51.731,1403979,0
2000-12-26,51.731,53.393,51.626,53.393,947941,0
2000-12-27,53.083,53.35,52.253,52.881,1278369,0
2000-12-28,52.412,53.606,52.412,53.083,1076494,0
2000-12-29,52.456,53.5,52.456,52.456,1321485,0
2001-01-02,51.784,52.042,51.21,51.477,1113268,0
2001-01-03,51.424,53.35,49.753,53.295,1681333,0
2001-01-04,53.033,54.702,52.977,54.332,2197571,0
2001-01-05,53.552,53.659,52.042,52.412,1400920,0
2001-01-08,51.839,52.095,50.221,50.849,1362788,0
2001-01-09,50.849,51.573,49.603,50.636,1117232,0
2001-01-10,51.009,52.977,50.796,52.146,1941942,0
2001-01-11,52.616,53.243,51.626,51.892,1010070,0
2001-01-12,51.839,51.892,49.91,50.74,1228126,0
2001-01-16,50.899,53.192,50.435,51.987,1213300,0
2001-01-17,52.456,52.977,51.987,52.201,686541,0
2001-01-18,52.146,52.146,50.539,51.051,827314,0
2001-01-19,50.955,51.051,49.443,49.91,974080,0
2001-01-22,49.964,51.987,49.698,51.68,848814,0
2001-01-23,51.892,52.925,51.784,52.925,787934,0
2001-01-24,52.925,53.243,51.943,53.243,756815,0
2001-01-25,52.925,53.659,51.839,53.083,646710,0
2001-01-26,53.083,54.231,52.881,53.765,740404,0
2001-01-29,53.916,54.753,53.562,54.427,1004184,0
2001-01-30,53.835,56.126,53.641,56.126,1435323,0
2001-01-31,55.506,56.627,55.206,55.71,1451393,0
2001-02-01,55.373,55.999,55.215,55.999,1373311,0
2001-02-02,55.956,56.627,55.061,55.303,869748,0
2001-02-05,55.303,56.035,54.79,56.035,528005,0
2001-02-06,55.823,55.823,54.196,55.238,726150,0
2001-02-07,55.238,55.993,54.957,55.71,948622,0
2001-02-08,55.71,55.993,55.434,55.912,942625,0
2001-02-09,55.294,55.912,55.197,55.762,958581,0
2001-02-12,55.772,56.61,55.772,56.458,599411,0
2001-02-13,56.458,56.61,56.026,56.149,661194,0
2001-02-14,56.231,56.682,55.842,56.132,774128,0
2001-02-15,56.045,56.306,54.709,55.246,726716,0
2001-02-16,54.879,56.493,54.871,56.258,1039149,0
2001-02-20,56.416,56.416,54.463,54.665,957786,0
2001-02-21,54.541,54.842,54.073,54.118,1221109,0
2001-02-22,54.037,54.375,51.68,53.877,1468254,0
2001-02-23,53.341,54.463,52.087,54.356,1372408,0
2001-02-26,54.541,55.383,53.295,55.365,1001126,0
2001-02-27,55.037,56.778,54.596,56.177,1463726,0
2001-02-28,56.483,56.483,54.037,55.061,1389490,0
2001-03-01,54.871,55.443,54.082,55.285,1209114,0
2001-03-02,55.171,56.335,54.665,55.655,1022065,0
2001-03-05,55.71,55.999,54.727,55.356,916823,0
2001-03-06,55.373,55.779,54.48,55.012,1603026,0
2001-03-07,55.246,56.299,54.532,56.132,1845416,0
2001-03-08,55.92,56.762,55.646,56.762,1445619,0
2001-03-09,56.458,56.458,55.029,55.469,928254,0
2001-03-12,55.416,55.416,53.05,53.233,887284,0
2001-03-13,53.155,54.622,52.588,54.578,1123112,0
2001-03-14,53.322,53.516,51.943,52.846,1638900,0
2001-03-15,53.182,54.64,53.182,54.622,1090076,0
2001-03-16,53.201,54.499,53.073,54.082,1470287,0
2001-03-19,53.747,54.702,52.722,54.409,1415178,0
2001-03-20,54.073,54.532,52.607,52.67,1375687,0
2001-03-21,52.764,52.925,51.025,51.255,1359056,0
2001-03-22,51.105,51.114,47.993,49.868,1811920,0
2001-03-23,49.698,51.943,49.603,51.351,1866124,0
2001-03-26,51.607,52.465,51.449,51.943,837385,0
2001-03-27,51.978,52.756,51.13,52.722,1847907,0
2001-03-28,52.528,52.89,51.626,52.74,1005089,0
2001-03-29,52.651,52.774,51.919,52.36,1182411,0
2001-03-30,52.563,54.286,52.333,54.286,825953,0
2001-04-02,53.869,55.451,52.651,53.446,1600766,0
2001-04-03,53.825,53.869,52.412,52.881,1228582,0
2001-04-04,52.58,52.864,50.804,51.06,1145748,0
2001-04-05,51.961,53.025,51.856,52.756,773224,0
2001-04-06,52.412,53.438,50.778,51.91,1181165,0
2001-04-09,51.91,52.89,51.784,52.43,616272,0
2001-04-10,52.607,53.775,52.554,53.304,1589334,0
2001-04-11,54.382,54.578,53.402,53.508,1198482,0
2001-04-12,53.5,54.444,53.331,53.801,832182,0
2001-04-16,53.587,54.871,52.193,53.261,1293533,0
2001-04-17,52.43,53.402,52.146,53.402,1023420,0
2001-04-18,53.402,55.391,52.696,55.294,1504691,0
2001-04-19,54.871,55.609,54.532,55.497,1109989,0
2001-04-20,55.294,55.321,54.382,55.266,850964,0
2001-04-23,55.266,55.266,54.267,54.79,583113,0
2001-04-24,54.79,55.07,54.155,54.436,444380,0
2001-04-25,54.258,54.409,53.633,54.073,679076,0
2001-04-26,53.616,54.341,53.192,53.402,1024893,0
2001-04-27,54.063,54.165,53.616,54.11,736446,0
2001-04-30,54.191,54.665,53.083,53.201,695709,0
2001-05-01,53.562,53.952,52.996,53.952,585150,0
2001-05-02,53.819,54.241,53.402,54.231,614008,0
2001-05-03,54.165,54.304,53.243,54.277,602127,0
2001-05-04,54.091,54.852,53.525,54.852,776165,0
2001-05-07,54.79,54.79,53.842,54.702,481606,0
2001-05-08,54.871,54.902,53.666,53.811,787029,0
2001-05-09,53.703,54.155,53.525,54.101,473800,0
2001-05-10,54.532,54.665,54.174,54.489,354303,0
2001-05-11,54.489,54.842,54.082,54.294,726036,0
2001-05-14,49.64,51.477,49.64,50.267,8910796,0
2001-05-15,50.267,50.61,49.815,50.336,3180366,0
2001-05-16,50.618,51.519,50.159,51.511,2164528,0
2001-05-17,51.324,51.987,51.239,51.935,1506613,0
2001-05-18,52.042,52.042,51.148,51.307,1485907,0
2001-05-21,51.307,51.324,50.645,51.14,1783970,0
2001-05-22,51.229,51.901,50.999,51.803,2601100,0
2001-05-23,51.996,52.069,51.184,51.21,1676695,0
2001-05-24,51.148,51.563,50.936,51.069,1240236,0
2001-05-25,51.06,51.536,50.849,50.849,1392661,0
2001-05-29,50.849,51.06,50.475,50.592,1321371,0
2001-05-30,50.788,51.485,50.75,51.272,1593409,0
2001-05-31,51.379,51.856,51.069,51.794,1207307,0
2001-06-01,51.856,52.033,51.654,51.952,1959371,0
2001-06-04,52.245,52.456,51.864,52.368,1281315,0
2001-06-05,52.245,52.793,52.245,52.624,933229,0
2001-06-06,52.703,53.137,52.368,53.128,1355205,0
2001-06-07,53.137,53.243,52.536,53.083,1885134,0
2001-06-08,53.083,53.083,51.892,52.333,573384,0
2001-06-11,52.333,52.607,51.872,51.935,989929,0
2001-06-12,51.928,51.928,50.75,51.759,1328955,0
2001-06-13,51.731,52.67,51.527,51.996,1408280,0
2001-06-14,51.996,52.138,51.767,51.767,1211042,0
2001-06-15,51.229,52.297,51.229,51.759,1420727,0
2001-06-18,52.245,52.544,51.662,52.368,1450599,0
2001-06-19,52.881,53.128,52.58,52.836,1257325,0
2001-06-20,52.959,53.765,52.959,53.535,1624188,0
2001-06-21,53.72,55.154,53.552,55.125,2114622,0
2001-06-22,55.171,55.18,54.444,54.826,1254605,0
2001-06-25,54.79,55.506,54.587,55.303,1809203,0
2001-06-26,54.818,55.238,54.499,54.879,1067777,0
2001-06-27,54.665,55.655,54.48,54.48,1127412,0
2001-06-28,54.489,55.487,54.489,54.737,1368219,0
2001-06-29,54.938,55.029,54.02,54.631,980874,0
2001-07-02,54.818,55.619,54.799,55.451,1183316,0
2001-07-03,55.487,55.533,54.727,55.07,430912,0
2001-07-05,55.07,55.275,54.526,54.92,843722,0
2001-07-06,54.93,55.285,53.597,53.597,1408731,0
2001-07-09,53.765,54.118,53.625,53.978,744822,0
2001-07-10,53.72,53.72,52.969,53.016,690730,0
2001-07-11,53.091,53.508,52.501,53.482,1264112,0
2001-07-12,53.491,54.605,53.491,54.47,1362107,0
2001-07-13,54.47,55.238,54.182,55.197,1311077,0
2001-07-16,55.655,56.603,55.585,56.531,2314806,0
2001-07-17,56.716,58.271,56.079,57.748,3474468,0
2001-07-18,57.725,58.112,57.263,58.112,1868728,0
2001-07-19,58.236,58.271,57.098,57.336,1635050,0
2001-07-20,57.346,57.766,56.795,57.766,1230162,0
2001-07-23,57.766,58.147,57.184,57.263,1002937,0
2001-07-24,57.43,57.926,57.22,57.45,1319562,0
2001-07-25,57.598,58.103,57.184,58.103,1554367,0
2001-07-26,57.477,58.131,57.477,58.094,974080,0
2001-07-27,58.094,58.333,57.866,58.076,1152425,0
2001-07-30,58.076,58.484,57.607,58.307,611290,0
2001-07-31,58.147,58.642,57.942,58.404,899058,0
2001-08-01,58.315,58.608,58.103,58.509,726829,0
2001-08-02,58.783,58.819,58.236,58.598,660741,0
2001-08-03,58.697,59.032,57.292,58.977,1856165,0
2001-08-06,58.977,59.023,58.58,58.749,810229,0
2001-08-07,58.952,59.711,58.741,59.401,1167359,0
2001-08-08,59.014,59.792,58.952,59.18,716304,0
2001-08-09,59.18,59.41,58.864,59.289,615252,0
2001-08-10,59.279,59.332,58.412,59.138,511372,0
2001-08-13,59.032,59.428,58.741,59.298,489419,0
2001-08-14,59.332,59.58,58.608,58.985,443702,0
2001-08-15,58.985,59.19,58.484,58.642,505144,0
2001-08-16,58.359,59.455,58.359,59.401,683486,0
2001-08-17,59.289,59.351,58.632,58.935,665495,0
2001-08-20,58.864,59.623,58.864,59.596,524047,0
2001-08-21,59.623,61.011,59.623,60.313,1503559,0
2001-08-22,60.577,60.694,59.711,60.508,903471,0
2001-08-23,60.508,60.888,60.215,60.56,880837,0
2001-08-24,60.347,60.393,59.837,60.171,918068,0
2001-08-27,59.879,59.924,58.819,58.925,933800,0
2001-08-28,58.759,59.147,57.934,58.006,791438,0
2001-08-29,58.315,58.404,56.83,57.355,951448,0
2001-08-30,57.254,58.094,57.098,57.385,771979,0
2001-08-31,57.377,58.315,57.377,57.934,615703,0
2001-09-04,57.766,58.809,57.176,58.219,838969,0
2001-09-05,58.06,58.06,57.292,57.775,811249,0
2001-09-06,57.513,57.539,56.655,56.947,1012669,0
2001-09-07,56.408,57.024,55.949,56.187,1126965,0
2001-09-10,55.638,56.071,54.885,55.594,1110779,0
2001-09-17,55.134,55.134,52.51,53.906,1245894,0
2001-09-18,54.248,55.859,53.649,55.004,821092,0
2001-09-19,55.012,56.326,54.614,55.18,1682465,0
2001-09-20,55.18,55.391,53.819,53.825,1640483,0
2001-09-21,51.105,53.438,50.982,52.421,1530267,0
2001-09-24,52.801,54.709,52.679,53.72,1401376,0
2001-09-25,54.037,54.391,53.101,53.887,1012105,0
2001-09-26,54.332,54.709,53.033,54.568,1107382,0
2001-09-27,55.055,55.798,54.614,55.753,830480,0
2001-09-28,55.984,56.963,55.567,56.493,1275764,0
2001-10-01,56.493,56.541,55.497,55.949,967859,0
2001-10-02,56.374,57.132,56.007,57.024,956206,0
2001-10-03,57.024,57.627,56.876,56.988,892834,0
2001-10-04,56.963,57.043,55.814,55.966,671266,0
2001-10-05,55.814,56.055,53.261,54.091,1491678,0
2001-10-08,52.933,53.006,50.804,51.025,2039261,0
2001-10-09,50.89,52.297,50.813,51.74,1859448,0
2001-10-10,50.679,52.262,50.679,51.721,1606424,0
2001-10-11,51.74,52.394,50.725,51.317,1434984,0
2001-10-12,50.679,51.069,49.992,50.769,1156724,0
2001-10-15,50.936,50.936,49.38,50.531,1391419,0
2001-10-16,51.025,52.069,50.467,51.06,1046279,0
2001-10-17,51.527,52.042,50.176,50.37,855605,0
2001-10-18,50.008,50.636,49.283,49.283,1145522,0
2001-10-19,49.622,50.24,49.453,49.918,855829,0
2001-10-22,49.708,50.592,49.622,50.453,712573,0
2001-10-23,50.512,50.884,50.142,50.663,610158,0
2001-10-24,50.557,51.935,50.142,51.882,957562,0
2001-10-25,51.317,52.412,50.725,52.253,875861,0
2001-10-26,52.042,52.933,51.872,52.722,659045,0
2001-10-29,51.892,52.042,50.866,50.982,635959,0
2001-10-30,50.89,51.264,50.301,50.89,879708,0
2001-10-31,51.704,51.74,50.679,50.778,805134,0
2001-11-01,50.982,51.803,50.344,51.6,958804,0
2001-11-02,51.591,52.333,51.148,51.82,630638,0
2001-11-05,52.554,53.756,52.421,53.252,955411,0
2001-11-06,53.421,54.578,53.192,54.48,921123,0
2001-11-07,54.418,55.266,54.267,54.894,901997,0
2001-11-08,54.894,55.551,54.709,54.912,736106,0
2001-11-09,54.79,55.004,53.952,54.693,647502,0
2001-11-12,53.952,54.631,53.438,54.409,482969,0
2001-11-13,55.134,55.221,54.304,54.772,565575,0
2001-11-14,54.967,55.134,53.869,54.401,998185,0
2001-11-15,54.401,55.134,54.101,54.118,663573,0
2001-11-16,54.128,54.401,53.446,54.101,829690,0
2001-11-19,54.286,55.312,54.286,54.709,476063,0
2001-11-20,54.286,54.995,54.091,54.656,575875,0
2001-11-21,54.304,54.799,54.11,54.267,805815,0
2001-11-23,54.118,55.197,54.118,55.197,163404,0
2001-11-26,54.967,55.451,54.418,55.451,753759,0
2001-11-27,55.347,55.524,54.605,54.986,505486,0
2001-11-28,54.986,55.434,53.775,54.118,888304,0
2001-11-29,54.028,54.463,53.261,54.341,1180600,0
2001-11-30,54.118,54.286,53.801,53.995,721056,0
2001-12-03,53.783,53.942,52.748,53.456,732034,0
2001-12-04,53.516,54.463,53.516,54.356,474256,0
2001-12-05,54.665,55.425,54.409,54.967,528572,0
2001-12-06,54.622,55.443,54.622,55.037,454787,0
2001-12-07,55.18,55.18,54.332,54.842,763379,0
2001-12-10,54.842,54.842,53.606,53.801,982230,0
2001-12-11,54.241,54.356,53.472,53.916,685865,0
2001-12-12,53.86,54.118,53.288,53.703,644900,0
2001-12-13,53.703,53.703,52.801,52.873,624306,0
2001-12-14,52.959,53.058,52.087,52.386,856171,0
2001-12-17,52.89,53.516,52.58,52.801,751160,0
2001-12-18,53.006,53.35,52.492,52.942,708949,0
2001-12-19,52.836,53.05,52.536,52.977,993769,0
2001-12-20,53.128,53.765,52.793,53.587,956206,0
2001-12-21,53.5,53.694,52.598,52.836,1265359,0
2001-12-24,53.128,53.243,52.951,52.996,290255,0
2001-12-26,53.172,53.633,53.058,53.472,508315,0
2001-12-27,53.472,53.684,53.128,53.438,382591,0
2001-12-28,53.429,53.747,53.091,53.587,371275,0
2001-12-31,53.429,54.286,53.367,53.516,716871,0
