Date,Open,High,Low,Close,Volume,OpenInt
1995-01-03,4.1106,4.1106,4.0385,4.0745,1349118,0
1995-01-04,4.0745,4.1017,4.0565,4.1017,832263,0
1995-01-05,4.0565,4.3011,4.0565,4.2284,9838731,0
1995-01-06,4.2557,4.2647,4.2105,4.2375,4099468,0
1995-01-09,4.2105,4.2647,4.2105,4.2557,943586,0
1995-01-10,4.2647,4.3462,4.2375,4.3011,1880987,0
1995-01-11,4.3374,4.3915,4.3011,4.3374,3316685,0
1995-01-12,4.3374,4.3646,4.319,4.3462,1941067,0
1995-01-13,4.3011,4.3462,4.2375,4.2557,3733699,0
1995-01-16,4.2557,4.3011,4.2375,4.2738,4348620,0
1995-01-17,4.2738,4.4456,4.2647,4.4277,4257617,0
1995-01-18,4.4277,4.5726,4.4277,4.4728,5863839,0
1995-01-19,4.4728,4.5182,4.4456,4.4728,2586910,0
1995-01-20,4.4911,4.5635,4.4187,4.5456,2442898,0
1995-01-23,4.5182,4.5456,4.3735,4.4456,2446430,0
1995-01-24,4.4456,4.4911,4.4456,4.4728,3500456,0
1995-01-25,4.455,4.4728,4.3915,4.4277,1448953,0
1995-01-26,4.4277,4.4728,4.4277,4.455,636124,0
1995-01-27,4.455,4.4728,4.3915,4.3915,583112,0
1995-01-30,4.4187,4.4728,4.3915,4.4277,864957,0
1995-01-31,4.4277,4.5002,4.4187,4.5002,1182134,0
1995-02-01,4.4911,4.5907,4.4911,4.5002,1563807,0
1995-02-02,4.5275,4.5635,4.5002,4.5456,799575,0
1995-02-03,4.5635,4.5635,4.5182,4.5635,1086714,0
1995-02-06,4.5456,4.7175,4.5456,4.672,4019076,0
1995-02-07,4.6993,4.7447,4.672,4.7264,3507523,0
1995-02-08,4.7175,4.7536,4.6993,4.7175,1516983,0
1995-02-09,4.7175,4.7264,4.5726,4.5726,2200817,0
1995-02-10,4.5907,4.5907,4.4456,4.4911,1824445,0
1995-02-13,4.455,4.4911,4.3915,4.3915,2320088,0
1995-02-14,4.3915,4.4728,4.3462,4.4728,3779640,0
1995-02-15,4.4911,4.5002,4.3735,4.4097,1412728,0
1995-02-16,4.4097,4.636,4.3735,4.636,4343318,0
1995-02-17,4.672,4.7899,4.6088,4.763,4251435,0
1995-02-21,4.763,4.9168,4.7536,4.8715,5894759,0
1995-02-22,4.8532,4.8803,4.7809,4.8082,2728266,0
1995-02-23,4.7809,4.8803,4.763,4.8803,1994961,0
1995-02-24,4.8532,4.8803,4.8082,4.8082,1238675,0
1995-02-27,4.7899,4.8261,4.7175,4.7175,1458672,0
1995-02-28,4.7447,4.8803,4.7175,4.8715,1812958,0
1995-03-01,4.8715,4.9168,4.7899,4.7899,1775850,0
1995-03-02,4.7809,4.8356,4.7809,4.7899,1046955,0
1995-03-03,4.7899,4.8715,4.7899,4.8715,546892,0
1995-03-06,4.8082,4.8715,4.8082,4.8532,882622,0
1995-03-07,4.8532,4.8532,4.672,4.6814,2199049,0
1995-03-08,4.6993,4.763,4.5907,4.7447,3157655,0
1995-03-09,4.7536,4.8082,4.7175,4.8082,1165346,0
1995-03-10,4.7809,4.9439,4.7809,4.9439,2146038,0
1995-03-13,4.962,5.0345,4.9349,4.9889,3678041,0
1995-03-14,5.0345,5.0527,4.9439,4.9804,1874800,0
1995-03-15,4.9439,5.0162,4.9349,4.9804,2884650,0
1995-03-16,5.0076,5.0162,4.962,4.9804,1906607,0
1995-03-17,5.0076,5.0345,4.9889,5.0162,1993192,0
1995-03-20,4.9889,5.1158,4.9439,5.0888,3610009,0
1995-03-21,5.0798,5.4057,5.0798,5.2789,8706080,0
1995-03-22,5.2065,5.2789,5.2065,5.2519,4981214,0
1995-03-23,5.2426,5.3875,5.2065,5.2338,4994465,0
1995-03-24,5.2156,5.2701,5.1705,5.1884,2345710,0
1995-03-27,5.1614,5.2065,5.0979,5.1158,2722085,0
1995-03-28,5.0888,5.2789,5.0798,5.2789,5125223,0
1995-03-29,5.2426,5.3245,5.2065,5.2065,4499703,0
1995-03-30,5.2156,5.2426,5.1158,5.1432,2156641,0
1995-03-31,5.1342,5.1432,5.0617,5.1158,1990541,0
1995-04-03,5.0888,5.1158,4.9889,5.0345,1660106,0
1995-04-04,5.0345,5.2519,5.0345,5.1614,5225947,0
1995-04-05,5.1614,5.1705,5.1342,5.1614,816360,0
1995-04-06,5.1432,5.1432,4.9804,4.9804,1531118,0
1995-04-07,4.9804,5.2338,4.8082,5.1432,7184680,0
1995-04-10,5.1158,5.2973,5.1158,5.2338,5545776,0
1995-04-11,5.2338,5.2426,5.1705,5.2426,3084322,0
1995-04-12,5.2338,5.3875,5.2065,5.3695,3521658,0
1995-04-13,5.3423,5.3695,5.2973,5.2973,790735,0
1995-04-17,5.315,5.3603,5.0888,5.0888,3678924,0
1995-04-18,5.1158,5.1432,4.9439,4.962,6529117,0
1995-04-19,4.962,4.9804,4.8988,4.9531,3687757,0
1995-04-20,4.9439,5.1342,4.9349,5.0255,5180003,0
1995-04-21,5.0888,5.1884,5.0527,5.1705,4283240,0
1995-04-24,5.1705,5.2156,5.1342,5.2065,1385338,0
1995-04-25,5.1705,5.2065,5.1158,5.1614,1952550,0
1995-04-26,5.1342,5.3695,5.1342,5.2338,4695841,0
1995-04-27,5.2065,5.2519,5.1342,5.1342,1830626,0
1995-04-28,5.1158,5.1158,4.9889,5.0527,2581606,0
1995-05-01,5.0076,5.0162,4.8803,4.9439,2808669,0
1995-05-02,4.9889,5.0617,4.9168,4.962,2800716,0
1995-05-03,4.9349,4.9439,4.8532,4.9168,2286516,0
1995-05-04,4.8988,4.9075,4.7809,4.7809,1490475,0
1995-05-05,4.8082,4.8356,4.5907,4.6814,4971492,0
1995-05-08,4.672,4.7175,4.5999,4.636,2922642,0
1995-05-09,4.636,5.0162,4.5999,5.0162,9581635,0
1995-05-10,5.0345,5.1705,4.9168,4.9889,6177483,0
1995-05-11,4.9889,5.0076,4.8803,4.9349,3768157,0
1995-05-12,4.9075,5.1158,4.9075,5.0162,6092665,0
1995-05-15,5.0076,5.0162,4.9075,4.9439,1198918,0
1995-05-16,4.8988,4.9168,4.8532,4.8532,2125718,0
1995-05-17,4.8532,4.9349,4.8532,4.9168,4318581,0
1995-05-18,4.9168,4.9168,4.7809,4.7809,1649509,0
1995-05-19,4.7899,4.7899,4.6993,4.7264,3134683,0
1995-05-22,4.7264,4.763,4.5999,4.672,3321989,0
1995-05-23,4.6543,4.6814,4.5456,4.5456,3074605,0
1995-05-24,4.5726,4.7536,4.5456,4.7175,3647115,0
1995-05-25,4.7447,4.763,4.4277,4.4911,3785826,0
1995-05-26,4.5002,4.5635,4.4456,4.4643,2054155,0
1995-05-30,4.4911,4.5275,4.4187,4.4277,1749342,0
1995-05-31,4.4187,4.4456,4.2284,4.2919,4866359,0
1995-06-01,4.3011,4.3915,4.2647,4.3374,4267342,0
1995-06-02,4.3462,4.3462,4.2738,4.2919,1423329,0
1995-06-05,4.3374,4.3374,4.2919,4.3011,1533769,0
1995-06-06,4.3374,4.455,4.2919,4.3011,4690539,0
1995-06-07,4.3374,4.3374,4.1924,4.2647,3753138,0
1995-06-08,4.2738,4.3915,4.2284,4.3462,7539849,0
1995-06-09,4.3462,4.5182,4.3374,4.4911,4289427,0
1995-06-12,4.4911,4.627,4.2105,4.2375,4322999,0
1995-06-13,4.2375,4.5456,4.2284,4.4728,7361381,0
1995-06-14,4.455,4.4911,4.2738,4.2738,4647249,0
1995-06-15,4.2919,4.4187,4.2738,4.2919,4147179,0
1995-06-16,4.319,4.3462,4.2647,4.3374,3708079,0
1995-06-19,4.3374,4.3735,4.2738,4.319,8605358,0
1995-06-20,4.3011,4.4097,4.2738,4.3735,4851339,0
1995-06-21,4.3462,4.5002,4.3462,4.4097,4254087,0
1995-06-22,4.455,4.7175,4.4277,4.7175,9124859,0
1995-06-23,4.6543,4.7536,4.6088,4.6993,4020842,0
1995-06-26,4.6814,4.7899,4.672,4.6993,3550816,0
1995-06-27,4.636,4.672,4.5002,4.5182,1055793,0
1995-06-28,4.4728,4.4911,4.4187,4.4456,5547541,0
1995-06-29,4.4456,4.5002,4.3915,4.4187,3365280,0
1995-06-30,4.4187,4.4187,4.2647,4.2919,2369566,0
1995-07-03,4.2738,4.319,4.2557,4.2557,3499571,0
1995-07-05,4.3735,4.5635,4.3374,4.4911,7593741,0
1995-07-06,4.5275,4.7175,4.5002,4.6814,6070575,0
1995-07-07,4.6814,4.9075,4.6814,4.7899,5986641,0
1995-07-10,4.7809,4.8082,4.7175,4.763,1956969,0
1995-07-11,4.7447,4.8803,4.7447,4.8356,3315803,0
1995-07-12,4.8715,5.0345,4.8532,4.9804,3469532,0
1995-07-13,5.0076,5.4691,4.9804,5.0617,9437622,0
1995-07-14,5.0345,5.0617,4.962,5.0527,3020710,0
1995-07-17,5.0162,5.2701,5.0162,5.0888,4625159,0
1995-07-18,5.0888,5.1614,5.0345,5.1342,4670216,0
1995-07-19,5.0617,5.0888,4.962,4.9889,2687627,0
1995-07-20,4.9889,5.0162,4.8803,4.9075,4283240,0
1995-07-21,4.9168,4.9439,4.8803,4.8988,4997116,0
1995-07-24,4.9168,4.9168,4.8532,4.8803,3064886,0
1995-07-25,4.9075,4.9168,4.8715,4.8988,1653041,0
1995-07-26,4.9168,4.962,4.8988,4.9439,2933245,0
1995-07-27,4.9349,4.962,4.8988,4.9168,2088610,0
1995-07-28,4.8988,4.9168,4.8532,4.8532,1980826,0
1995-07-31,4.8532,4.9075,4.8532,4.8988,1187434,0
1995-08-01,4.8803,4.9075,4.8356,4.8356,1022217,0
1995-08-02,4.8356,4.8988,4.7899,4.7899,1619468,0
1995-08-03,4.7536,4.8261,4.7536,4.7536,2259127,0
1995-08-04,4.7536,4.7809,4.7264,4.7264,1065509,0
1995-08-07,4.7536,4.7899,4.6814,4.6904,1529352,0
1995-08-08,4.7264,4.7264,4.6088,4.627,2148690,0
1995-08-09,4.6543,4.7447,4.636,4.7264,3079024,0
1995-08-10,4.7264,4.7809,4.6543,4.6543,1903072,0
1995-08-11,4.672,4.6814,4.5726,4.5726,2576305,0
1995-08-14,4.5907,4.8532,4.5907,4.8082,3412990,0
1995-08-15,4.8082,4.8082,4.7175,4.7447,1663645,0
1995-08-16,4.7175,4.763,4.6543,4.763,2351897,0
1995-08-17,4.7809,4.9075,4.7536,4.9075,4284125,0
1995-08-18,4.9349,4.9439,4.8715,4.8715,1114101,0
1995-08-21,4.8715,4.8803,4.763,4.7809,471795,0
1995-08-22,4.7809,4.7809,4.6088,4.7447,2161941,0
1995-08-23,4.7536,4.8082,4.7536,4.7899,1187434,0
1995-08-24,4.7899,4.8082,4.5726,4.5726,1811190,0
1995-08-25,4.6088,4.8082,4.5999,4.6814,2860795,0
1995-08-28,4.7175,4.7264,4.672,4.672,1795288,0
1995-08-29,4.7175,4.7175,4.636,4.6993,3897148,0
1995-08-30,4.6993,4.7264,4.672,4.6993,3188573,0
1995-08-31,4.6993,4.6993,4.672,4.672,790735,0
1995-09-01,4.6993,4.9168,4.672,4.9075,2838708,0
1995-09-05,4.9168,5.0798,4.8988,4.9889,5383206,0
1995-09-06,4.9804,5.0345,4.9439,4.9439,1303172,0
1995-09-07,4.9439,4.9804,4.8261,4.8532,1021333,0
1995-09-08,4.8261,4.8356,4.7447,4.7899,1506378,0
1995-09-11,4.763,4.7899,4.763,4.763,695324,0
1995-09-12,4.763,4.8261,4.763,4.7809,1216590,0
1995-09-13,4.763,4.8261,4.7447,4.7809,2109815,0
1995-09-14,4.7809,4.8082,4.7447,4.7809,1918094,0
1995-09-15,4.7536,4.7809,4.6993,4.7175,2203464,0
1995-09-18,4.7447,4.7447,4.6814,4.6993,1932231,0
1995-09-19,4.6993,4.8261,4.6993,4.8082,2019696,0
1995-09-20,4.8356,4.8532,4.7899,4.8082,2039134,0
1995-09-21,4.9075,5.1614,4.8803,5.0617,6806539,0
1995-09-22,5.0345,5.0527,4.9439,5.0527,1621235,0
1995-09-25,5.0162,5.0798,5.0162,5.0798,500950,0
1995-09-26,5.0527,5.1342,4.9804,5.0162,1754644,0
1995-09-27,5.0162,5.0888,4.9889,5.0888,2290051,0
1995-09-28,5.0888,5.1884,5.0076,5.1884,4099468,0
1995-09-29,5.1705,5.2701,5.1705,5.2156,2192867,0
1995-10-02,5.2156,5.2519,5.0527,5.0527,1381805,0
1995-10-03,5.0888,5.2065,5.0527,5.1614,3856509,0
1995-10-04,5.1342,5.1614,5.0345,5.0617,1031054,0
1995-10-05,5.0527,5.0527,4.9439,4.9804,963024,0
1995-10-06,4.962,5.1432,4.9168,5.1158,4383077,0
1995-10-09,5.0798,5.1432,5.0076,5.0979,2741521,0
1995-10-10,5.0617,5.2065,5.0345,5.1432,2425229,0
1995-10-11,5.1884,5.2065,5.1342,5.2065,1926927,0
1995-10-12,5.2156,5.4964,5.1705,5.3695,5681830,0
1995-10-13,5.2519,5.4691,5.2338,5.315,3536678,0
1995-10-16,5.2973,5.4057,5.2789,5.315,1602679,0
1995-10-17,5.3603,5.4964,5.3245,5.4964,2472050,0
1995-10-18,5.4964,5.5415,5.3423,5.3695,3018058,0
1995-10-19,5.3695,5.424,5.2789,5.3695,1960502,0
1995-10-20,5.3967,5.5233,5.3603,5.3695,3266323,0
1995-10-23,5.3423,5.3423,5.1158,5.1158,3000393,0
1995-10-24,5.1342,5.315,5.0888,5.2519,3923654,0
1995-10-25,5.2426,5.2701,5.1342,5.1342,1425094,0
1995-10-26,5.1614,5.1614,5.0979,5.0979,1112334,0
1995-10-27,5.1158,5.1342,5.0798,5.1158,1327909,0
1995-10-30,5.1158,5.1158,5.0798,5.0979,1885404,0
1995-10-31,5.1158,5.1158,5.0076,5.0527,2259127,0
1995-11-01,5.0798,5.2519,5.0345,5.1614,3151468,0
1995-11-02,5.1705,5.2701,5.1614,5.2338,1671593,0
1995-11-03,5.2426,5.3423,5.2338,5.2789,1416261,0
1995-11-06,5.2789,5.2789,5.1342,5.1342,851702,0
1995-11-07,5.1432,5.1432,5.0888,5.0888,1163580,0
1995-11-08,5.1158,5.1342,5.0798,5.0979,998364,0
1995-11-09,5.0888,5.1158,5.0345,5.0888,1089364,0
1995-11-10,5.0798,5.4057,5.0798,5.1432,4419301,0
1995-11-13,5.1158,5.1614,5.0345,5.0617,1784682,0
1995-11-14,5.0617,5.2338,5.0076,5.0617,1826211,0
1995-11-15,5.0979,5.2519,5.0527,5.2426,2813084,0
1995-11-16,5.2156,5.315,5.1432,5.2426,2397841,0
1995-11-17,5.3245,5.433,5.2065,5.3603,3678924,0
1995-11-20,5.3245,5.3603,5.315,5.315,538056,0
1995-11-21,5.315,5.424,5.2701,5.4057,3709846,0
1995-11-22,5.4511,5.5598,5.4057,5.4964,3534029,0
1995-11-24,5.5054,5.632,5.4964,5.6051,1015151,0
1995-11-27,5.6051,5.8588,5.6051,5.8131,6904603,0
1995-11-28,5.8314,5.9127,5.7407,5.8766,3210665,0
1995-11-29,5.8494,5.967,5.8494,5.9218,1509031,0
1995-11-30,5.8946,5.9942,5.8946,5.9852,1253698,0
1995-12-01,5.9581,6.0487,5.9581,5.9942,1494009,0
1995-12-04,6.0123,6.1936,6.0123,6.1211,5862070,0
1995-12-05,6.1211,6.1664,6.1211,6.1394,1132656,0
1995-12-06,6.1394,6.5376,6.1394,6.2662,7319854,0
1995-12-07,6.2662,6.2662,6.2114,6.2114,3052519,0
1995-12-08,6.2114,6.2932,6.2114,6.2932,2647868,0
1995-12-11,6.2662,6.4015,6.2662,6.3021,2387235,0
1995-12-12,6.3021,6.5014,6.3021,6.3475,2713249,0
1995-12-13,6.3654,6.3839,6.3475,6.3746,1004546,0
1995-12-14,6.3475,6.3746,6.1936,6.1936,2233504,0
1995-12-15,6.2208,6.2208,6.0938,6.1394,2858146,0
1995-12-18,6.1211,6.1394,5.6593,5.7679,5761349,0
1995-12-19,5.7318,5.7771,5.433,5.6051,4277942,0
1995-12-20,5.5867,5.8766,5.5867,5.7047,3533148,0
1995-12-21,5.7047,6.0305,5.7047,5.9852,4080921,0
1995-12-22,5.9581,5.9852,5.6232,5.6955,3168258,0
1995-12-26,5.6503,5.8041,5.6503,5.786,2704414,0
1995-12-27,5.8041,5.904,5.8041,5.8131,2661119,0
1995-12-28,5.8131,5.8766,5.8041,5.8131,2996856,0
1995-12-29,5.8314,5.8856,5.8131,5.8766,3579971,0
1996-01-02,5.8588,5.8856,5.8314,5.8766,1909262,0
1996-01-03,5.8131,5.931,5.8131,5.8856,3516355,0
1996-01-04,5.8856,5.9218,5.7771,5.8041,1478106,0
1996-01-05,5.8041,6.0849,5.7771,5.949,4386614,0
1996-01-08,5.9852,5.9852,5.931,5.949,199673,0
1996-01-09,5.931,5.9852,5.8494,5.8766,1967569,0
1996-01-10,5.8588,5.8856,5.786,5.8131,779254,0
1996-01-11,5.8041,5.904,5.8041,5.8766,842864,0
1996-01-12,5.8766,5.9942,5.8041,5.8131,2597510,0
1996-01-15,5.8041,5.904,5.786,5.786,1896006,0
1996-01-16,5.8041,5.8131,5.7771,5.8041,2450849,0
1996-01-17,5.8041,5.8041,5.7499,5.786,763349,0
1996-01-18,5.7771,5.8494,5.7499,5.8494,2090378,0
1996-01-19,5.8131,5.8766,5.7499,5.7499,1247513,0
1996-01-22,5.7499,5.8131,5.6593,5.7047,1957852,0
1996-01-23,5.6503,5.6774,5.2878,5.4691,5772834,0
1996-01-24,5.4781,5.6774,5.4602,5.6232,3455394,0
1996-01-25,5.6503,5.6774,5.596,5.6232,1329678,0
1996-01-26,5.6232,5.9218,5.6232,5.904,4426372,0
1996-01-29,5.8766,5.904,5.786,5.8314,1311128,0
1996-01-30,5.8766,6.0849,5.8314,6.0578,1846526,0
1996-01-31,6.0305,6.2567,6.0305,6.2567,2965933,0
1996-02-01,6.2388,6.4381,6.1936,6.411,3889196,0
1996-02-02,6.3746,6.4199,6.3021,6.3475,1970220,0
1996-02-05,6.3746,6.3746,5.931,6.1211,5106672,0
1996-02-06,6.1211,6.4559,6.103,6.2932,3310499,0
1996-02-07,6.2932,6.3925,6.2388,6.3203,1523166,0
1996-02-08,6.3203,6.3925,6.2388,6.3654,1554087,0
1996-02-09,6.3384,6.5014,6.3384,6.3746,1573529,0
1996-02-12,6.3746,6.411,6.2388,6.3021,2481769,0
1996-02-13,6.2296,6.3021,6.2114,6.2296,1528468,0
1996-02-14,6.2296,6.2567,5.9581,5.9942,1696332,0
1996-02-15,5.967,6.2296,5.9218,6.1664,3361745,0
1996-02-16,6.1664,6.1664,5.931,5.931,2709716,0
1996-02-20,5.8856,5.931,5.6593,5.6955,3081672,0
1996-02-21,5.6774,5.9852,5.6774,5.9852,4548292,0
1996-02-22,5.9942,6.2567,5.9852,6.1664,3803500,0
1996-02-23,6.1394,6.1842,5.9942,6.0759,1899540,0
1996-02-26,6.0849,6.1664,5.9942,6.0305,1804122,0
1996-02-27,6.0578,6.0759,6.0305,6.0578,2207885,0
1996-02-28,6.0305,6.1481,6.0305,6.1211,1220123,0
1996-02-29,6.0759,6.1211,6.0394,6.0759,2218486,0
1996-03-01,6.0759,6.1119,6.0123,6.0394,1110567,0
1996-03-04,6.0759,6.0759,5.967,6.0123,950653,0
1996-03-05,6.0123,6.0759,5.9218,6.0759,1751113,0
1996-03-06,6.0578,6.103,5.967,6.0123,855234,0
1996-03-07,6.0578,6.0578,6.0123,6.0394,436451,0
1996-03-08,5.9581,6.0759,5.8766,5.8856,2146038,0
1996-03-11,5.8856,5.9581,5.6774,5.7318,2426109,0
1996-03-12,5.7047,5.7226,5.4602,5.5506,3905983,0
1996-03-13,5.614,5.6503,5.5415,5.614,4440506,0
1996-03-14,5.614,5.632,5.5867,5.5867,1344699,0
1996-03-15,5.596,5.614,5.5867,5.614,1280199,0
1996-03-18,5.614,5.614,5.5867,5.614,439989,0
1996-03-19,5.5867,5.632,5.5867,5.6232,1125586,0
1996-03-20,5.632,5.7679,5.5867,5.5867,1340281,0
1996-03-21,5.5688,5.6503,5.5688,5.614,872021,0
1996-03-22,5.614,5.7047,5.614,5.632,864957,0
1996-03-25,5.632,5.632,5.3245,5.3875,3426242,0
1996-03-26,5.4148,5.4148,5.2338,5.2789,2548031,0
1996-03-27,5.2789,5.4148,5.2426,5.315,4137463,0
1996-03-28,5.315,5.7679,5.2878,5.7318,4723230,0
1996-03-29,5.7318,5.7407,5.4602,5.5054,2679677,0
1996-04-01,5.5233,5.5867,5.4418,5.4781,2616063,0
1996-04-02,5.4964,5.5415,5.4418,5.4418,1138842,0
1996-04-03,5.4418,5.4691,5.3695,5.4691,1683079,0
1996-04-04,5.4691,5.4691,5.3423,5.3695,1480759,0
1996-04-08,5.2789,5.315,5.0345,5.0798,4652549,0
1996-04-09,5.0888,5.1705,4.9889,4.9889,2928827,0
1996-04-10,4.9889,5.0798,4.9889,5.0162,2957097,0
1996-04-11,5.0162,5.1071,5.0076,5.0345,3443027,0
1996-04-12,5.0345,5.1705,5.0345,5.1432,2780398,0
1996-04-15,5.1342,5.2156,5.1342,5.2065,2962401,0
1996-04-16,5.2156,5.2156,4.9258,5.0076,3254840,0
1996-04-17,5.0076,5.0798,4.9804,5.0076,1794403,0
1996-04-18,5.0527,5.0527,4.9889,5.0527,1202452,0
1996-04-19,5.0076,5.0617,4.8715,4.8803,3612663,0
1996-04-22,4.8803,4.9439,4.4456,4.6993,16971285,0
1996-04-23,4.7175,4.9531,4.6814,4.9258,13793313,0
1996-04-24,4.9889,5.1071,4.9531,5.1071,5789619,0
1996-04-25,5.2338,5.433,5.2338,5.3695,6880755,0
1996-04-26,5.3695,5.3967,5.3245,5.3603,3101111,0
1996-04-29,5.3603,5.3967,5.3423,5.3967,2400488,0
1996-04-30,5.3967,5.5054,5.3695,5.4148,2510925,0
1996-05-01,5.3875,5.4964,5.3875,5.4602,1353536,0
1996-05-02,5.4602,5.4602,5.2426,5.2789,2051502,0
1996-05-03,5.306,5.4418,5.306,5.3875,2835173,0
1996-05-06,5.3603,5.3875,5.3603,5.3603,450587,0
1996-05-07,5.3603,5.3875,5.306,5.315,3888314,0
1996-05-08,5.306,5.306,5.2426,5.2609,1031054,0
1996-05-09,5.2878,5.4691,5.2789,5.3695,8854506,0
1996-05-10,5.3967,5.4148,5.3245,5.3695,615803,0
1996-05-13,5.3423,5.4691,5.3423,5.4418,1952550,0
1996-05-14,5.4418,5.596,5.4418,5.5867,3430657,0
1996-05-15,5.5688,5.596,5.4781,5.4781,1404774,0
1996-05-16,5.5054,5.5054,5.4691,5.5054,1286386,0
1996-05-17,5.5054,5.7226,5.5054,5.6503,1612399,0
1996-05-20,5.6774,5.6774,5.5415,5.5867,933869,0
1996-05-21,5.596,5.7318,5.5867,5.6774,1151211,0
1996-05-22,5.6774,5.7226,5.5867,5.614,1348231,0
1996-05-23,5.614,5.6774,5.5867,5.6232,1336745,0
1996-05-24,5.614,5.614,5.5415,5.5688,564562,0
1996-05-28,5.5688,5.596,5.3967,5.4418,849050,0
1996-05-29,5.4418,5.4691,5.306,5.4418,1660106,0
1996-05-30,5.4691,5.7679,5.3695,5.7318,4391913,0
1996-05-31,5.7226,5.8314,5.6774,5.786,3206246,0
1996-06-03,5.7679,5.931,5.7679,5.8131,3184162,0
1996-06-04,5.8588,5.8588,5.7771,5.8314,7076890,0
1996-06-05,5.8131,5.9218,5.8131,5.8588,4459060,0
1996-06-06,5.8494,5.8766,5.786,5.8041,2624015,0
1996-06-07,5.7226,5.8766,5.632,5.8588,3033080,0
1996-06-10,5.8856,5.8856,5.7771,5.8494,2062987,0
1996-06-11,5.8494,5.9581,5.6774,5.6774,2057688,0
1996-06-12,5.6774,5.9581,5.6774,5.8131,2397393,0
1996-06-13,5.8131,5.8494,5.7047,5.786,1458672,0
1996-06-14,5.7318,5.786,5.5415,5.5415,2034714,0
1996-06-17,5.5415,5.7318,5.4781,5.6774,3180625,0
1996-06-18,5.7318,5.786,5.5688,5.596,2168126,0
1996-06-19,5.6503,5.6503,5.5415,5.5688,1586336,0
1996-06-20,5.5688,5.596,5.3423,5.3967,2859469,0
1996-06-21,5.3967,5.4781,5.3695,5.4602,2537875,0
1996-06-24,5.4781,5.5054,5.3423,5.5054,2582052,0
1996-06-25,5.5054,5.596,5.4602,5.5415,2149131,0
1996-06-26,5.5415,5.5415,5.1249,5.1432,1950784,0
1996-06-27,5.1432,5.2065,5.0888,5.1432,2979626,0
1996-06-28,5.1705,5.3423,5.0617,5.0888,4314609,0
1996-07-01,5.0888,5.315,5.0617,5.2878,2950473,0
1996-07-02,5.2609,5.2878,5.1432,5.1432,5196788,0
1996-07-03,5.2065,5.2065,4.8715,4.8715,3547722,0
1996-07-05,4.8356,4.9258,4.7536,4.7536,606967,0
1996-07-08,4.7899,5.0617,4.7536,4.8988,4249227,0
1996-07-09,4.8988,5.1705,4.8988,5.0345,3817191,0
1996-07-10,5.0345,5.2609,5.0076,5.0617,2546709,0
1996-07-11,5.0617,5.1432,4.8988,4.9258,4575241,0
1996-07-12,4.9531,4.9804,4.6451,4.6993,3462021,0
1996-07-15,4.6451,5.0617,4.5907,4.8715,7356964,0
1996-07-16,4.8356,4.9804,4.5275,4.9531,4829249,0
1996-07-17,5.0888,5.2338,5.0617,5.2065,2931474,0
1996-07-18,5.2338,5.4602,5.1705,5.4602,2397393,0
1996-07-19,5.433,5.7679,5.3695,5.596,3168697,0
1996-07-22,5.5415,5.596,5.3423,5.4781,1986567,0
1996-07-23,5.433,5.5054,5.3695,5.433,1368553,0
1996-07-24,5.3423,5.6232,5.2878,5.5054,1751553,0
1996-07-25,5.5415,5.596,5.3695,5.3967,1175946,0
1996-07-26,5.433,5.5415,5.3695,5.5054,776161,0
1996-07-29,5.4781,5.5054,5.433,5.4602,818571,0
1996-07-30,5.5054,5.5415,5.315,5.3695,784556,0
1996-07-31,5.433,5.6232,5.2609,5.5054,1603564,0
1996-08-01,5.5688,5.6503,5.3967,5.4781,1343811,0
1996-08-02,5.4602,5.5688,5.3423,5.4602,1699426,0
1996-08-05,5.433,5.5054,5.3423,5.3967,715199,0
1996-08-06,5.3967,5.4602,5.3695,5.3695,824753,0
1996-08-07,5.3695,5.433,5.2065,5.2878,867163,0
1996-08-08,5.2338,5.5688,5.0345,5.2338,2616947,0
1996-08-09,5.2338,5.3423,5.1705,5.2609,809293,0
1996-08-12,5.2065,5.4781,5.2065,5.433,1339399,0
1996-08-13,5.3695,5.3695,5.1249,5.1705,1298756,0
1996-08-14,5.1705,5.3423,5.1705,5.2609,781461,0
1996-08-15,5.2609,5.2609,5.0617,5.0617,1343374,0
1996-08-16,5.0617,5.1705,5.0076,5.0162,1043422,0
1996-08-19,5.0617,5.3967,4.9531,5.3695,1866408,0
1996-08-20,5.315,5.5415,5.2338,5.4602,1498872,0
1996-08-21,5.4602,5.5054,5.2065,5.433,1416261,0
1996-08-22,5.4602,5.4602,5.2609,5.315,435126,0
1996-08-23,5.2609,5.315,5.1705,5.1705,1001013,0
1996-08-26,5.1705,5.3967,5.0617,5.2065,1020893,0
1996-08-27,5.2065,5.3423,5.1432,5.2878,1097319,0
1996-08-28,5.2338,5.6503,5.2338,5.5688,2734456,0
1996-08-29,5.5054,5.6774,5.3695,5.4781,1657902,0
1996-08-30,5.4781,5.5415,5.3967,5.4691,700623,0
1996-09-03,5.3695,5.5415,5.2878,5.5054,950653,0
1996-09-04,5.5415,5.596,5.3423,5.4602,1231166,0
1996-09-05,5.433,5.6232,5.433,5.433,1637580,0
1996-09-06,5.4781,5.5054,5.433,5.4781,634358,0
1996-09-09,5.433,5.5415,5.433,5.5054,499180,0
1996-09-10,5.5054,5.5415,5.433,5.433,1308035,0
1996-09-11,5.3695,5.6232,5.3423,5.433,777485,0
1996-09-12,5.3423,5.5688,5.3423,5.5688,1107475,0
1996-09-13,5.596,5.7318,5.5688,5.7047,3201389,0
1996-09-16,5.6503,6.0123,5.6503,5.931,2552452,0
1996-09-17,5.931,6.3746,5.8766,6.1842,3994338,0
1996-09-18,6.103,6.2114,5.9852,5.9852,1833276,0
1996-09-19,5.9852,6.0394,5.931,5.931,1329237,0
1996-09-20,5.9581,5.9581,5.8131,5.931,1895122,0
1996-09-23,5.931,5.9852,5.8131,5.8766,891456,0
1996-09-24,5.8131,5.931,5.8131,5.8766,1157838,0
1996-09-25,5.8131,5.9581,5.8131,5.9581,1139724,0
1996-09-26,5.931,6.2388,5.904,6.2388,1763920,0
1996-09-27,6.2388,6.5197,6.1842,6.3475,1983032,0
1996-09-30,6.3475,6.7457,6.3475,6.7457,3604708,0
1996-10-01,6.4559,6.6643,6.3203,6.5468,4407377,0
1996-10-02,6.4925,6.5741,6.4559,6.5197,3295481,0
1996-10-03,6.4559,6.4925,6.4381,6.4559,3204041,0
1996-10-04,6.4925,6.5468,6.4559,6.4925,2298443,0
1996-10-07,6.4559,6.5468,6.4559,6.5468,1981264,0
1996-10-08,6.5468,6.5468,6.4559,6.4559,1157393,0
1996-10-09,6.4559,6.4925,6.4381,6.4381,1886287,0
1996-10-10,6.4925,6.4925,6.4381,6.4559,1997168,0
1996-10-11,6.4381,6.4559,6.3203,6.4559,3075047,0
1996-10-14,6.3203,6.5741,6.3203,6.5741,2129249,0
1996-10-15,6.6643,6.909,6.5741,6.7999,3567161,0
1996-10-16,6.8272,7.1353,6.7999,7.0173,6117400,0
1996-10-17,7.0538,7.1622,6.9722,7.0173,2628435,0
1996-10-18,7.0173,7.1897,6.909,6.936,1844321,0
1996-10-21,6.936,6.936,6.8816,6.8816,1725046,0
1996-10-22,6.8816,6.909,6.8544,6.8544,2065640,0
1996-10-23,6.8816,6.8816,6.8272,6.8544,2416390,0
1996-10-24,6.8544,6.9722,6.7999,6.8816,1279319,0
1996-10-25,6.8816,6.936,6.8816,6.8816,2065198,0
1996-10-28,6.8816,6.909,6.8272,6.8272,3799080,0
1996-10-29,6.7457,6.7642,6.6012,6.6643,12950445,0
1996-10-30,6.6285,6.6643,6.411,6.4925,2844893,0
1996-10-31,6.4925,6.7185,6.4559,6.6643,2261334,0
1996-11-01,6.6823,6.6823,6.4559,6.4925,1396383,0
1996-11-04,6.4559,6.4559,6.2388,6.4471,2414183,0
1996-11-05,6.4381,6.7185,6.4381,6.6285,1916327,0
1996-11-06,6.5741,6.7457,6.5741,6.6823,1933552,0
1996-11-07,6.6285,6.6823,6.4381,6.4471,1789546,0
1996-11-08,6.4381,6.4925,6.3203,6.411,1459554,0
1996-11-11,6.4559,6.4559,6.1842,6.2114,886598,0
1996-11-12,6.1842,6.3203,6.0759,6.2388,1718422,0
1996-11-13,6.2388,6.2932,6.1842,6.2388,966557,0
1996-11-14,6.1842,6.2932,6.1842,6.2662,1155184,0
1996-11-15,6.2114,6.411,6.2114,6.2932,2101420,0
1996-11-18,6.2932,6.3475,6.2114,6.2662,856560,0
1996-11-19,6.2114,6.2662,6.1842,6.2662,455004,0
1996-11-20,6.2114,6.3203,6.1842,6.1842,572955,0
1996-11-21,6.1842,6.3746,6.103,6.3475,2385909,0
1996-11-22,6.411,6.411,6.2388,6.3203,1209521,0
1996-11-25,6.2662,6.411,6.2662,6.3475,1143700,0
1996-11-26,6.3475,6.4925,6.3203,6.4925,1782477,0
1996-11-27,6.4925,6.5197,6.4559,6.5197,1198036,0
1996-11-29,6.4925,6.5468,6.4925,6.4925,485930,0
1996-12-02,6.4925,6.5197,6.3203,6.3654,763793,0
1996-12-03,6.3203,6.5468,6.3203,6.411,827406,0
1996-12-04,6.3746,6.4559,6.2114,6.2662,860536,0
1996-12-05,6.2662,6.3746,6.2662,6.2932,1162692,0
1996-12-06,6.1842,6.2932,6.0394,6.2388,2550684,0
1996-12-09,6.2932,6.3475,6.2388,6.3475,1252812,0
1996-12-10,6.3475,6.3475,6.2114,6.2388,1119844,0
1996-12-11,6.2662,6.3203,6.2388,6.2388,1572202,0
1996-12-12,6.2932,6.5741,6.2388,6.3746,3074605,0
1996-12-13,6.3203,6.5197,6.3203,6.5197,1515216,0
1996-12-16,6.5197,6.5741,6.411,6.411,735520,0
1996-12-17,6.411,6.4925,6.3746,6.4925,1742716,0
1996-12-18,6.4925,6.6012,6.4559,6.5468,1880546,0
1996-12-19,6.5197,6.5741,6.4559,6.5197,785880,0
1996-12-20,6.5197,6.6012,6.4381,6.5197,1291687,0
1996-12-23,6.6012,6.936,6.5197,6.7999,2125275,0
1996-12-24,6.7999,6.9722,6.7642,6.9722,998364,0
1996-12-26,6.936,7.0538,6.8185,6.8544,854793,0
1996-12-27,6.8636,6.8906,6.6914,6.7457,643635,0
1996-12-30,6.7457,6.909,6.6643,6.8272,1130889,0
1996-12-31,6.8272,6.8906,6.6914,6.6914,719173,0
1997-01-02,6.7185,6.7185,6.6012,6.637,546892,0
1997-01-03,6.6823,6.782,6.637,6.782,847729,0
1997-01-06,6.7457,7.1987,6.6914,7.1534,1871708,0
1997-01-07,7.1715,7.2529,6.8272,6.9722,2283421,0
1997-01-08,6.909,7.0538,6.8906,6.909,1401685,0
1997-01-09,6.909,6.9997,6.909,6.909,934750,0
1997-01-10,6.9451,6.9722,6.909,6.9451,1808096,0
1997-01-13,6.909,7.1169,6.6914,6.782,5698621,0
1997-01-14,6.782,6.8906,6.6914,6.8636,3236285,0
1997-01-15,6.8906,6.8906,6.7185,6.7457,1297873,0
1997-01-16,6.7999,6.909,6.7457,6.8906,1156066,0
1997-01-17,6.8906,6.909,6.7457,6.8272,1396383,0
1997-01-20,6.7457,7.1715,6.6914,7.0267,1904402,0
1997-01-21,7.0267,7.1987,7.0267,7.09,701948,0
1997-01-22,7.09,7.2259,7.09,7.1715,1717098,0
1997-01-23,7.1169,7.1987,6.9722,6.9722,1263856,0
1997-01-24,6.9722,6.9722,6.6914,6.6914,1179483,0
1997-01-27,6.7185,6.7999,6.7185,6.782,1687500,0
1997-01-28,6.782,6.7999,6.4925,6.5554,1339399,0
1997-01-29,6.5284,6.5741,6.3021,6.3293,1256789,0
1997-01-30,6.3839,6.6914,6.3293,6.6643,1725930,0
1997-01-31,6.637,6.6643,6.4654,6.4925,1247513,0
1997-02-03,6.5284,6.5554,6.4381,6.5284,1210847,0
1997-02-04,6.4925,6.5554,6.4381,6.4381,1702517,0
1997-02-05,6.4925,6.4925,6.3293,6.4654,1178598,0
1997-02-06,6.4654,6.637,6.411,6.6012,591510,0
1997-02-07,6.6643,6.909,6.5554,6.5554,1159165,0
1997-02-10,6.5554,6.5741,6.3746,6.411,1212610,0
1997-02-11,6.411,6.4381,6.2208,6.2662,1071694,0
1997-02-12,6.3021,6.5741,6.2388,6.5741,1729907,0
1997-02-13,6.5284,6.9997,6.5284,6.8999,4133927,0
1997-02-14,6.909,6.9722,6.7999,6.8636,1558065,0
1997-02-18,6.7457,6.7999,6.5741,6.6012,1376945,0
1997-02-19,6.6012,6.6914,6.3567,6.3839,3129381,0
1997-02-20,6.3567,6.3839,6.103,6.13,2493703,0
1997-02-21,6.103,6.157,5.8856,5.8856,2674377,0
1997-02-24,5.9127,6.2662,5.8856,6.157,4332275,0
1997-02-25,6.1842,6.3021,6.0487,6.103,1611516,0
1997-02-26,6.157,6.3021,6.103,6.3021,2670841,0
1997-02-27,6.2662,6.5554,6.2208,6.4925,5654885,0
1997-02-28,6.4381,6.637,6.4381,6.4925,5104904,0
1997-03-03,6.4654,6.5284,6.2208,6.3567,1680871,0
1997-03-04,6.3839,6.4654,6.3293,6.3567,2518879,0
1997-03-05,6.3839,6.5284,6.3567,6.4654,1094667,0
1997-03-06,6.411,6.411,6.0487,6.13,1818699,0
1997-03-07,6.157,6.2208,6.0215,6.0487,2212302,0
1997-03-10,6.0215,6.0759,5.931,6.0215,2274149,0
1997-03-11,5.9942,6.0487,5.931,5.9942,845957,0
1997-03-12,6.0215,6.0487,5.8856,5.8856,964789,0
1997-03-13,5.8856,5.8856,5.6864,5.7679,2042226,0
1997-03-14,5.931,6.0487,5.8856,5.9218,1536419,0
1997-03-17,5.7951,5.931,5.7135,5.8856,1095989,0
1997-03-18,5.9942,6.13,5.9581,5.9581,1132214,0
1997-03-19,6.0215,6.0215,5.8224,5.9942,690017,0
1997-03-20,5.9127,6.0215,5.8856,5.9127,1379152,0
1997-03-21,6.0487,6.0487,5.8224,5.8224,936961,0
1997-03-24,5.8856,5.9581,5.7407,5.7951,4119792,0
1997-03-25,5.7679,5.8494,5.596,5.7679,9610788,0
1997-03-26,5.7679,5.931,5.7135,5.931,1120727,0
1997-03-27,5.931,5.9942,5.7407,5.7407,2012187,0
1997-03-31,5.7679,5.7951,5.5415,5.5778,3678924,0
1997-04-01,5.5415,5.6593,5.433,5.5778,3291948,0
1997-04-02,5.6232,5.6232,5.5143,5.5598,2010863,0
1997-04-03,5.5778,5.6864,5.5143,5.6593,1601354,0
1997-04-04,5.5778,6.0487,5.5415,5.931,2283421,0
1997-04-07,6.0487,6.157,5.8224,5.9127,1326146,0
1997-04-08,5.931,6.411,5.8856,6.411,2422577,0
1997-04-09,6.411,6.592,6.2208,6.592,2329366,0
1997-04-10,6.4654,6.5741,6.3567,6.4654,2858585,0
1997-04-11,6.3839,6.411,6.13,6.13,1740064,0
1997-04-14,6.13,6.4925,6.0215,6.3111,4793028,0
1997-04-15,6.411,6.7185,6.3293,6.6012,3778760,0
1997-04-16,6.5741,6.8456,6.5741,6.7278,2377076,0
1997-04-17,6.6914,6.909,6.6914,6.7999,2108488,0
1997-04-18,6.8636,6.909,6.637,6.6643,1968454,0
1997-04-21,6.637,6.7457,6.6012,6.6914,2397393,0
1997-04-22,6.6914,6.8272,6.637,6.7999,898969,0
1997-04-23,6.7999,6.8906,6.6643,6.6914,2433621,0
1997-04-24,6.8272,6.8272,6.6643,6.6914,722265,0
1997-04-25,6.6914,6.782,6.6643,6.6914,1221892,0
1997-04-28,6.7185,6.909,6.6914,6.909,1072138,0
1997-04-29,6.9722,6.9997,6.7999,6.9722,1561599,0
1997-04-30,6.8906,7.4792,6.8906,7.3619,2815296,0
1997-05-01,7.3523,7.3619,6.9451,7.3072,1576620,0
1997-05-02,7.2259,7.5881,7.1353,7.5881,1826211,0
1997-05-05,7.4792,7.5608,7.28,7.389,3259256,0
1997-05-06,7.389,7.389,7.1987,7.2259,1778057,0
1997-05-07,7.1169,7.1715,6.909,6.9451,2000703,0
1997-05-08,6.8906,7.09,6.8636,6.9451,782787,0
1997-05-09,6.909,7.3072,6.909,7.1715,2019696,0
1997-05-12,7.1715,7.5335,7.1715,7.389,1226749,0
1997-05-13,7.389,7.4792,7.2259,7.244,942260,0
1997-05-14,7.2259,7.28,7.1353,7.1715,768651,0
1997-05-15,7.1715,7.2529,7.1169,7.1987,481512,0
1997-05-16,7.1715,7.1987,6.8906,6.8906,1634930,0
1997-05-19,6.9451,7.389,6.909,7.28,2027648,0
1997-05-20,7.2529,7.5063,7.1169,7.5063,958604,0
1997-05-21,7.5335,7.5881,7.2259,7.3072,1596052,0
1997-05-22,7.2529,7.425,7.2529,7.28,949329,0
1997-05-23,7.28,7.5881,7.28,7.5881,1268716,0
1997-05-27,7.5608,7.8415,7.5608,7.7508,1933114,0
1997-05-28,7.6695,7.7057,7.5881,7.6695,1902191,0
1997-05-29,7.6423,7.7329,7.6423,7.6423,481953,0
1997-05-30,7.6153,7.9503,7.5608,7.8053,1433490,0
1997-06-02,7.8053,7.8958,7.6423,7.787,1414936,0
1997-06-03,7.7057,7.7329,7.6153,7.6695,903387,0
1997-06-04,7.6153,7.787,7.6153,7.6876,792946,0
1997-06-05,7.6423,7.7508,7.6153,7.7057,263728,0
1997-06-06,7.7057,7.7508,7.6695,7.7508,400232,0
1997-06-09,7.7057,7.9503,7.7057,7.8958,1336745,0
1997-06-10,7.9503,8.1493,7.8053,8.0408,3132915,0
1997-06-11,8.0951,8.2308,7.8958,7.9503,980690,0
1997-06-12,8.0137,8.1129,7.941,8.0587,1175505,0
1997-06-13,8.0951,8.3214,8.0137,8.2038,1458232,0
1997-06-16,8.0587,8.4845,7.8415,8.4574,1989658,0
1997-06-17,8.421,8.4574,8.2038,8.412,1033263,0
1997-06-18,8.3214,8.421,8.1767,8.2308,1758622,0
1997-06-19,8.1493,8.2579,8.1493,8.2579,662626,0
1997-06-20,8.2579,8.285,8.2038,8.2308,1860663,0
1997-06-23,8.1767,8.2579,7.9503,8.0137,844193,0
1997-06-24,8.0137,8.2308,7.8958,8.1855,717407,0
1997-06-25,8.2038,8.2038,8.0587,8.1129,745238,0
1997-06-26,8.2038,8.2308,8.0408,8.0951,871135,0
1997-06-27,8.0408,8.285,8.0408,8.1767,1078764,0
1997-06-30,8.1767,8.3395,7.8053,7.8053,1591194,0
1997-07-01,7.8687,8.0587,7.8415,7.9775,839772,0
1997-07-02,7.9503,8.2579,7.9503,8.2579,681626,0
1997-07-03,8.285,8.3214,8.1129,8.1129,425850,0
1997-07-07,8.1129,8.2038,8.0587,8.1313,649820,0
1997-07-08,8.0587,8.1493,8.0137,8.1129,461187,0
1997-07-09,8.0587,8.3214,8.0137,8.2308,807082,0
1997-07-10,8.2579,8.2579,8.1767,8.2038,275653,0
1997-07-11,8.2579,8.7287,8.1767,8.5932,1102617,0
1997-07-14,8.7108,8.9915,8.5932,8.9553,2215393,0
1997-07-15,9.1004,9.334,8.9915,9.2182,2814412,0
1997-07-16,9.2453,9.625,9.2182,9.59,3558327,0
1997-07-17,9.572,9.625,9.2992,9.2992,2778631,0
1997-07-18,9.2453,9.688,9.2453,9.4354,1218798,0
1997-07-21,9.318,9.4617,9.0728,9.1811,456773,0
1997-07-22,9.1811,9.4896,9.127,9.4896,692670,0
1997-07-23,9.4617,9.879,9.3796,9.3796,2676142,0
1997-07-24,9.3796,9.3972,9.127,9.1811,285371,0
1997-07-25,9.1811,9.2548,9.164,9.2268,322037,0
1997-07-28,9.2268,9.2268,8.9915,8.9915,113089,0
1997-07-29,8.9915,8.9915,8.7922,8.9099,276096,0
1997-07-30,8.9464,9.0274,8.8647,9.0274,443521,0
1997-07-31,9.0728,9.164,8.7287,8.7287,416133,0
1997-08-01,8.7287,8.7834,8.421,8.7653,475768,0
1997-08-04,8.7469,8.9464,8.7469,8.8828,205856,0
1997-08-05,8.8647,8.9099,8.7653,8.8465,269909,0
1997-08-06,8.8647,8.9553,8.8465,8.937,172727,0
1997-08-07,8.937,8.9915,8.9193,8.937,134294,0
1997-08-08,8.9099,8.9099,8.7653,8.7834,188190,0
1997-08-11,8.7834,8.7834,8.611,8.7197,262844,0
1997-08-12,8.7197,8.7197,8.5564,8.611,136945,0
1997-08-13,8.6383,8.6657,8.5115,8.5207,99836,0
1997-08-14,8.421,8.611,8.421,8.611,749212,0
1997-08-15,8.611,8.6293,8.5564,8.611,197027,0
1997-08-18,8.611,8.611,8.5115,8.5564,450587,0
1997-08-19,8.611,8.6836,8.566,8.6836,360028,0
1997-08-20,8.7287,8.8465,8.6473,8.8465,86583,0
1997-08-21,8.8465,8.8828,8.7469,8.8012,171401,0
1997-08-22,8.7469,8.8465,8.7287,8.8465,208066,0
1997-08-25,8.9099,9.1004,8.8647,9.0004,448822,0
1997-08-26,9.0274,9.0728,8.9193,9.0189,993944,0
1997-08-27,8.937,9.0908,8.9099,9.0369,411270,0
1997-08-28,9.0631,9.0631,8.7834,8.9099,230595,0
1997-08-29,8.8465,8.9553,8.8465,8.9464,121482,0
1997-09-02,8.9464,9.127,8.9193,9.1004,260196,0
1997-09-03,9.0189,9.0631,8.9193,8.9734,211161,0
1997-09-04,8.9734,9.2635,8.9734,9.1811,220434,0
1997-09-05,9.164,9.2453,9.0908,9.109,1161369,0
1997-09-08,9.127,9.2831,9.127,9.2831,501832,0
1997-09-09,9.2831,9.334,9.2453,9.2635,839772,0
1997-09-10,9.2635,9.2635,9.2182,9.2182,313646,0
1997-09-11,9.1811,9.1811,9.0728,9.0728,181121,0
1997-09-12,9.0189,9.1452,9.0189,9.1452,155937,0
1997-09-15,9.1452,9.2635,9.1452,9.1995,100720,0
1997-09-16,9.2182,9.2268,9.1553,9.1553,198346,0
1997-09-17,9.2182,9.3523,9.1811,9.3523,738612,0
1997-09-18,9.3523,9.572,9.3523,9.508,446614,0
1997-09-19,9.625,9.625,9.527,9.572,432918,0
1997-09-22,9.59,9.969,9.59,9.969,273002,0
1997-09-23,9.969,10.151,9.969,9.995,421878,0
1997-09-24,9.995,9.995,9.915,9.925,440871,0
1997-09-25,9.879,9.879,9.835,9.879,187746,0
1997-09-26,9.87,9.934,9.87,9.925,221320,0
1997-09-29,9.952,9.952,9.897,9.915,261080,0
1997-09-30,9.897,9.915,9.778,9.778,238547,0
1997-10-01,9.725,9.76,9.625,9.688,404202,0
1997-10-02,9.625,9.625,9.3523,9.3796,849050,0
1997-10-03,9.3523,9.3523,9.1811,9.1995,821218,0
1997-10-06,9.2268,9.2831,9.127,9.1452,212926,0
1997-10-07,9.109,9.109,8.8828,8.9099,376818,0
1997-10-08,8.9553,8.9915,8.7197,8.7197,968766,0
1997-10-09,8.7197,8.7197,8.2038,8.285,1124263,0
1997-10-10,8.285,8.8195,8.2308,8.8012,1867736,0
1997-10-13,8.7922,8.8465,8.6836,8.8375,1291244,0
1997-10-14,8.8375,9.0728,8.8195,8.9915,564120,0
1997-10-15,8.9464,8.9464,8.7469,8.7834,329109,0
1997-10-16,8.7287,8.8737,8.6925,8.8465,520381,0
1997-10-17,8.8195,8.8195,8.5388,8.6836,296418,0
1997-10-20,8.7108,8.8737,8.5388,8.8647,367096,0
1997-10-21,8.9099,8.9553,8.8375,8.937,286698,0
1997-10-22,8.937,8.9915,8.8195,8.9915,278746,0
1997-10-23,8.8737,8.9099,8.6293,8.7922,333084,0
1997-10-24,8.6836,8.7108,8.4934,8.4934,377256,0
1997-10-27,8.4574,8.4845,7.8415,8.0408,442636,0
1997-10-28,7.8958,8.285,7.8864,8.1221,839332,0
1997-10-29,8.4031,8.5932,8.1855,8.4574,474887,0
1997-10-30,8.4031,8.4031,8.2038,8.3667,352519,0
1997-10-31,8.2579,8.3577,8.2579,8.3305,658212,0
1997-11-03,8.4574,8.5932,8.412,8.5932,280512,0
1997-11-04,8.566,8.566,8.285,8.4392,323365,0
1997-11-05,8.4392,8.4392,8.3667,8.421,217785,0
1997-11-06,8.4845,8.566,8.3214,8.4934,274771,0
1997-11-07,8.4751,8.5388,8.4031,8.4934,333523,0
1997-11-10,8.566,8.6657,8.5115,8.6383,137384,0
1997-11-11,8.5752,8.5932,8.4392,8.5388,208950,0
1997-11-12,8.5564,8.5752,8.4031,8.421,395812,0
1997-11-13,8.3847,8.5388,8.3847,8.5115,204091,0
1997-11-14,8.5388,8.6657,8.4845,8.566,371071,0
1997-11-17,8.6293,8.8465,8.5388,8.7287,408180,0
1997-11-18,8.7287,8.7922,8.6836,8.7922,386533,0
1997-11-19,8.7287,8.7469,8.6657,8.7287,257540,0
1997-11-20,8.6836,8.937,8.6836,8.8556,841098,0
1997-11-21,8.937,8.937,8.7287,8.7287,370188,0
1997-11-24,8.7653,8.8195,8.5115,8.5115,290230,0
1997-11-25,8.566,8.6836,8.4574,8.6836,397579,0
1997-11-26,8.6473,8.8465,8.6473,8.8465,250472,0
1997-11-28,8.8465,8.8647,8.7922,8.8195,121924,0
1997-12-01,8.7653,8.8012,8.421,8.421,218226,0
1997-12-02,8.5388,8.7653,8.5388,8.6836,327782,0
1997-12-03,8.7108,8.7834,8.6383,8.7469,151080,0
1997-12-04,8.7108,8.8195,8.6836,8.6836,287583,0
1997-12-05,8.6293,8.8828,8.5932,8.8465,309669,0
1997-12-08,8.7922,8.8647,8.6836,8.8647,448377,0
1997-12-09,8.8012,8.9464,8.8012,8.8647,162565,0
1997-12-10,8.8012,8.8647,8.7197,8.7197,238989,0
1997-12-11,8.6836,8.7653,8.6293,8.6836,192607,0
1997-12-12,8.6836,8.7469,8.6473,8.6836,243406,0
1997-12-15,8.566,8.5752,8.4031,8.4031,580905,0
1997-12-16,8.421,8.6473,8.3395,8.5207,306577,0
1997-12-17,8.5207,8.611,8.4751,8.5388,376818,0
1997-12-18,8.566,8.566,8.3395,8.3395,329109,0
1997-12-19,8.2038,8.2579,8.2038,8.249,504481,0
1997-12-22,8.2579,8.3214,8.2308,8.2671,439546,0
1997-12-23,8.285,8.3577,8.2308,8.2671,482393,0
1997-12-24,8.2671,8.3847,8.2038,8.3395,406855,0
1997-12-26,8.3214,8.3305,8.249,8.2579,88350,0
1997-12-29,8.285,8.4031,8.2671,8.4031,486373,0
1997-12-30,8.412,8.5932,8.412,8.5932,794714,0
1997-12-31,8.5932,8.6203,8.3667,8.3667,411713,0
1998-01-02,8.4031,8.421,8.3305,8.3667,489464,0
1998-01-05,8.3667,8.4845,8.3395,8.4392,409947,0
1998-01-06,8.3847,8.421,8.3486,8.412,198346,0
1998-01-07,8.4031,8.4031,8.0858,8.3123,866720,0
1998-01-08,8.3395,8.3667,8.1767,8.3123,873347,0
1998-01-09,8.2942,8.2942,7.8687,8.068,1248395,0
1998-01-12,7.9138,8.1767,7.8053,8.1313,1853154,0
1998-01-13,8.2399,8.3123,8.1767,8.1855,835797,0
1998-01-14,8.2399,8.566,8.2399,8.566,1665411,0
1998-01-15,8.5932,8.7197,8.4663,8.4663,1228516,0
1998-01-16,8.4845,8.4845,8.412,8.4392,1902191,0
1998-01-20,8.4392,8.4574,8.4031,8.4574,937842,0
1998-01-21,8.4392,8.4392,8.2126,8.285,767325,0
1998-01-22,8.2308,8.2579,8.1767,8.2308,259312,0
1998-01-23,8.2308,8.3123,8.1583,8.1767,1672038,0
1998-01-26,8.1583,8.1945,7.9138,8.0858,405971,0
1998-01-27,8.1404,8.285,8.0858,8.1583,797364,0
1998-01-28,8.1855,8.285,8.1767,8.285,223970,0
1998-01-29,8.3123,8.4663,8.2579,8.3123,1031054,0
1998-01-30,8.3305,8.4031,8.285,8.2942,499180,0
1998-02-02,8.2399,8.6925,8.2399,8.6925,815039,0
1998-02-03,8.6657,8.7287,8.5932,8.6836,254453,0
1998-02-04,8.6657,8.7922,8.6657,8.7287,366656,0
1998-02-05,8.7108,8.8647,8.6473,8.6925,231919,0
1998-02-06,8.7287,8.8828,8.6473,8.8737,429826,0
1998-02-09,8.8195,8.901,8.6836,8.8195,365328,0
1998-02-10,8.8737,9.109,8.8737,9.0369,370188,0
1998-02-11,9.0369,9.1452,9.0189,9.109,529221,0
1998-02-12,9.1004,9.1004,8.8737,9.0274,900735,0
1998-02-13,8.9915,9.1553,8.9915,9.0908,693555,0
1998-02-17,9.0908,9.1004,9.0004,9.0189,580905,0
1998-02-18,9.0189,9.1811,9.0189,9.1452,639659,0
1998-02-19,9.0908,9.109,8.9915,9.0189,372399,0
1998-02-20,9.0189,9.0369,8.9193,9.0369,380350,0
1998-02-23,9.0369,9.1909,9.0369,9.109,659095,0
1998-02-24,9.0728,9.1452,8.8828,8.9553,636124,0
1998-02-25,8.9915,9.318,8.9915,9.2091,467378,0
1998-02-26,9.1004,9.3081,9.1004,9.2548,481512,0
1998-02-27,9.2268,9.3081,9.164,9.1909,338822,0
1998-03-02,9.1909,9.3429,9.164,9.2992,477092,0
1998-03-03,9.2635,9.4528,9.2635,9.3796,453238,0
1998-03-04,9.318,9.616,9.2992,9.3429,279192,0
1998-03-05,9.2992,9.4072,9.2453,9.4072,806644,0
1998-03-06,9.544,9.816,9.527,9.76,686486,0
1998-03-09,9.716,10.303,9.716,10.303,1033263,0
1998-03-10,10.303,10.53,10.217,10.232,715199,0
1998-03-11,10.198,10.217,9.816,9.995,432918,0
1998-03-12,9.995,10.223,9.995,10.078,515967,0
1998-03-13,10.141,10.232,10.124,10.232,705037,0
1998-03-16,10.367,10.506,10.276,10.294,424522,0
1998-03-17,10.451,10.539,10.367,10.478,322037,0
1998-03-18,10.451,10.785,10.422,10.693,693995,0
1998-03-19,10.712,11.037,10.712,10.75,999687,0
1998-03-20,10.804,10.804,10.46,10.611,667930,0
1998-03-23,10.506,10.522,10.078,10.141,977160,0
1998-03-24,10.16,10.422,10.096,10.141,561026,0
1998-03-25,10.105,10.311,10.105,10.268,348100,0
1998-03-26,10.311,10.478,10.16,10.478,706806,0
1998-03-27,10.478,10.478,10.367,10.386,1155184,0
1998-03-30,10.331,10.46,10.303,10.422,470469,0
1998-03-31,10.478,10.674,10.478,10.53,562796,0
1998-04-01,10.556,10.731,10.46,10.731,830937,0
1998-04-02,10.731,10.883,10.731,10.731,333523,0
1998-04-03,10.759,10.785,10.674,10.712,153732,0
1998-04-06,10.785,10.785,10.602,10.602,720500,0
1998-04-07,10.611,10.611,10.506,10.611,581789,0
1998-04-08,10.556,10.63,10.522,10.522,137384,0
1998-04-09,10.574,10.75,10.432,10.451,438217,0
1998-04-13,10.451,10.658,10.451,10.658,216461,0
1998-04-14,10.785,10.912,10.649,10.785,1074346,0
1998-04-15,10.837,10.939,10.768,10.939,689581,0
1998-04-16,10.883,10.883,10.367,10.376,645404,0
1998-04-17,10.367,10.478,10.223,10.276,794274,0
1998-04-20,10.276,10.276,10.023,10.096,595040,0
1998-04-21,10.105,10.198,9.969,9.986,1158716,0
1998-04-22,10.041,10.16,9.952,10.105,580022,0
1998-04-23,10.223,10.249,10.078,10.151,645842,0
1998-04-24,10.141,10.367,10.141,10.141,440871,0
1998-04-27,10.096,10.096,9.76,9.76,358260,0
1998-04-28,9.853,10.16,9.853,10.16,367096,0
1998-04-29,10.141,10.217,10.068,10.096,322481,0
1998-04-30,10.105,10.331,10.068,10.105,574280,0
1998-05-01,10.249,10.249,9.995,10.023,611386,0
1998-05-04,10.041,10.058,9.915,9.952,244293,0
1998-05-05,9.835,9.843,9.716,9.77,281843,0
1998-05-06,9.797,9.835,9.4717,9.536,357819,0
1998-05-07,9.544,9.544,9.3796,9.3796,339706,0
1998-05-08,9.3796,9.633,9.318,9.3709,265494,0
1998-05-11,9.3081,9.633,9.2992,9.3796,369303,0
1998-05-12,9.318,9.4072,9.3081,9.3081,467378,0
1998-05-13,9.318,9.318,9.1004,9.164,370188,0
1998-05-14,9.1811,9.2548,9.1004,9.2091,534964,0
1998-05-15,9.2091,9.2091,9.109,9.109,314087,0
1998-05-18,9.0546,9.0728,8.6836,8.7287,781461,0
1998-05-19,8.7922,8.9734,8.7739,8.8828,821218,0
1998-05-20,8.9281,8.9553,8.8737,8.9281,261959,0
1998-05-21,8.9281,9.127,8.8647,9.109,3783177,0
1998-05-22,9.109,9.2268,8.9734,9.127,618011,0
1998-05-26,9.127,9.2635,9.127,9.1811,796040,0
1998-05-27,9.0728,9.2091,8.9915,9.1811,778810,0
1998-05-28,9.1909,9.3709,9.1909,9.3709,506247,0
1998-05-29,9.334,9.3429,9.127,9.1553,766003,0
1998-06-01,9.1811,9.2268,9.0369,9.0369,677651,0
1998-06-02,9.1553,9.1553,8.8737,8.9193,411270,0
1998-06-03,8.9193,9.0908,8.901,8.901,631706,0
1998-06-04,8.8828,9.1004,8.8737,9.0274,416133,0
1998-06-05,9.0369,9.0908,8.9915,9.0274,241200,0
1998-06-08,9.0274,9.164,9.0274,9.0546,283606,0
1998-06-09,9.0189,9.0369,8.7287,8.8737,580465,0
1998-06-10,8.901,8.901,8.7108,8.7287,312322,0
1998-06-11,8.7197,8.8465,8.6383,8.7469,771301,0
1998-06-12,8.7469,8.7469,8.5932,8.6925,440871,0
1998-06-15,8.6383,8.6383,8.4934,8.4934,202766,0
1998-06-16,8.5564,8.7108,8.5564,8.6473,924149,0
1998-06-17,8.6473,8.901,8.6473,8.7653,503599,0
1998-06-18,8.7922,8.8195,8.5388,8.6657,1875687,0
1998-06-19,8.5932,8.8465,8.566,8.7739,521713,0
1998-06-22,8.7653,8.8195,8.7108,8.7287,307019,0
1998-06-23,8.7287,8.7922,8.5025,8.6836,1204661,0
1998-06-24,8.6836,8.7653,8.5388,8.5388,1259437,0
1998-06-25,8.5388,8.5388,8.285,8.3395,1380478,0
1998-06-26,8.3847,8.4574,8.3667,8.412,554842,0
1998-06-29,8.421,8.6836,8.421,8.566,637010,0
1998-06-30,8.5564,8.7469,8.5207,8.6203,945354,0
1998-07-01,8.6836,8.9281,8.6657,8.8465,981575,0
1998-07-02,9.0369,9.2453,8.9281,9.1553,786762,0
1998-07-06,9.1452,9.4354,9.1452,9.4167,844193,0
1998-07-07,9.4617,9.4717,9.318,9.3972,503599,0
1998-07-08,9.334,9.633,9.334,9.562,481069,0
1998-07-09,9.633,9.661,9.4072,9.527,747887,0
1998-07-10,9.508,9.633,9.4717,9.616,340593,0
1998-07-13,9.642,9.661,9.334,9.562,1085828,0
1998-07-14,9.607,9.943,9.607,9.77,954627,0
1998-07-15,9.788,9.853,9.788,9.835,1308035,0
1998-07-16,9.835,9.879,9.744,9.879,541146,0
1998-07-17,9.879,10.023,9.879,9.995,2374425,0
1998-07-20,9.995,10.096,9.969,10.096,1823999,0
1998-07-21,10.105,10.141,9.943,9.943,1379152,0
1998-07-22,9.879,9.969,9.797,9.853,899409,0
1998-07-23,9.853,9.879,9.688,9.688,789417,0
1998-07-24,9.688,9.879,9.661,9.77,449705,0
1998-07-27,9.744,9.77,9.661,9.725,487254,0
1998-07-28,9.744,9.77,9.572,9.607,521267,0
1998-07-29,9.661,9.725,9.633,9.642,629497,0
1998-07-30,9.697,9.853,9.633,9.76,857447,0
1998-07-31,9.76,9.87,9.76,9.76,635686,0
1998-08-03,9.633,9.661,9.544,9.562,737728,0
1998-08-04,9.562,9.697,9.544,9.562,507132,0
1998-08-05,9.616,9.76,9.2831,9.2992,515528,0
1998-08-06,9.2453,9.527,9.2453,9.4354,169192,0
1998-08-07,9.4072,9.87,9.4072,9.87,634358,0
1998-08-10,9.816,9.816,9.3429,9.4167,397579,0
1998-08-11,9.4167,9.4167,8.901,9.0189,379907,0
1998-08-12,9.0369,9.3709,9.0369,9.2453,671024,0
1998-08-13,9.2548,9.4072,9.2091,9.3796,348986,0
1998-08-14,9.607,9.633,8.0858,8.0858,7662213,0
1998-08-17,8.2308,8.2308,7.8687,7.8864,3656838,0
1998-08-18,8.0587,8.2399,8.0317,8.0408,1671155,0
1998-08-19,8.0587,8.0858,7.7781,7.7781,1426863,0
1998-08-20,7.8324,7.8324,7.5608,7.5698,1918975,0
1998-08-21,7.5968,7.624,7.244,7.5698,2241015,0
1998-08-24,7.6966,7.7145,7.4159,7.5063,1314659,0
1998-08-25,7.5698,7.6423,7.3977,7.4341,1984357,0
1998-08-26,7.3977,7.5246,7.3977,7.5063,1528023,0
1998-08-27,7.5063,7.5063,7.244,7.2982,2650961,0
1998-08-28,7.3977,7.5608,7.2891,7.5335,856560,0
1998-08-31,7.4432,7.5246,7.1622,7.2166,1444534,0
1998-09-01,7.244,7.4975,7.1897,7.4432,1933552,0
1998-09-02,7.5881,7.6423,7.4706,7.624,719173,0
1998-09-03,7.6061,7.76,7.4975,7.6785,642753,0
1998-09-04,7.7238,7.8864,7.6966,7.8864,462957,0
1998-09-08,8.1945,8.1945,7.8864,7.959,1225425,0
1998-09-09,7.8324,7.9775,7.6966,7.7329,1077437,0
1998-09-10,7.6423,7.6423,7.4975,7.624,483280,0
1998-09-11,7.624,7.8505,7.4975,7.7961,462074,0
1998-09-14,7.8864,7.9775,7.8687,7.8864,271234,0
1998-09-15,7.9318,7.9503,7.7238,7.8053,822547,0
1998-09-16,7.8324,7.8864,7.7508,7.8142,564120,0
1998-09-17,7.7238,7.7508,7.5608,7.6966,817245,0
1998-09-18,7.6603,7.9503,7.6603,7.8864,1201127,0
1998-09-21,7.8324,7.8324,7.6966,7.7961,359587,0
1998-09-22,7.8053,8.0858,7.7508,8.0858,432035,0
1998-09-23,8.068,8.285,8.068,8.1767,955956,0
1998-09-24,8.0858,8.1767,8.0317,8.068,598577,0
1998-09-25,8.0226,8.0317,7.8779,7.9049,398021,0
1998-09-28,7.8687,8.412,7.8687,8.285,700178,0
1998-09-29,8.2671,8.3395,8.1041,8.2579,532757,0
1998-09-30,8.3123,8.3395,7.6423,7.6423,954627,0
1998-10-01,7.7238,7.8779,7.5881,7.5881,1542164,0
1998-10-02,7.5881,7.6966,7.452,7.5246,747446,0
1998-10-05,7.4159,7.6423,7.3796,7.5881,553076,0
1998-10-06,7.6061,7.7238,7.3796,7.4159,779692,0
1998-10-07,7.4975,7.5968,7.3163,7.4159,612268,0
1998-10-08,7.4159,7.4159,7.1715,7.244,382116,0
1998-10-09,7.244,7.2982,6.963,7.0629,817685,0
1998-10-12,7.0357,7.2982,7.0357,7.1622,1182134,0
1998-10-13,7.2166,7.4159,7.1353,7.4159,910896,0
1998-10-14,7.4432,7.6603,7.4432,7.6061,492554,0
1998-10-15,8.1404,8.1404,7.8053,8.0317,1717538,0
1998-10-16,8.068,8.3847,8.0587,8.3847,697531,0
1998-10-19,8.412,8.611,8.3305,8.566,798689,0
1998-10-20,8.5564,8.6836,8.5564,8.5752,785438,0
1998-10-21,8.6203,8.6836,8.5025,8.566,385648,0
1998-10-22,8.6836,8.6836,8.4392,8.4392,481953,0
1998-10-23,8.4934,8.7287,8.4845,8.6836,512875,0
1998-10-26,8.7108,8.9915,8.7108,8.901,571186,0
1998-10-27,8.9553,8.9734,8.6925,8.6925,614038,0
1998-10-28,8.7197,8.9281,8.7197,8.9281,405971,0
1998-10-29,8.9734,9.2091,8.9464,9.1452,1585010,0
1998-10-30,9.1553,9.4167,9.127,9.4167,599461,0
1998-11-02,9.4167,9.616,9.2453,9.572,2355871,0
1998-11-03,9.572,9.572,9.334,9.4072,1932231,0
1998-11-04,9.4072,9.4072,9.1004,9.1909,1131331,0
1998-11-05,9.1909,9.3081,9.1004,9.2831,1786451,0
1998-11-06,9.2992,9.3429,9.2091,9.318,332199,0
1998-11-09,9.318,9.3709,9.164,9.3429,663512,0
1998-11-10,9.3429,9.4617,9.2831,9.4617,566329,0
1998-11-11,9.4354,9.572,9.4072,9.4528,504481,0
1998-11-12,9.4072,9.4354,9.1553,9.4072,637894,0
1998-11-13,9.3796,9.4896,9.3429,9.4167,903387,0
1998-11-16,9.3796,9.4617,9.1811,9.2453,490347,0
1998-11-17,9.2992,9.3796,9.0369,9.164,531870,0
1998-11-18,8.9281,9.2091,8.9281,9.2091,465170,0
1998-11-19,9.1553,9.2831,9.127,9.2831,1037236,0
1998-11-20,9.2635,9.3429,9.2635,9.318,552195,0
1998-11-23,9.318,9.527,9.2831,9.2831,568094,0
1998-11-24,9.3081,9.4354,9.2635,9.3709,482836,0
1998-11-25,9.3972,9.544,9.3796,9.544,721383,0
1998-11-27,9.544,9.544,9.4354,9.527,517735,0
1998-11-30,9.527,9.544,9.4717,9.4896,475327,0
1998-12-01,9.4617,9.915,9.4072,9.915,1166230,0
1998-12-02,9.879,9.879,9.744,9.853,1045631,0
1998-12-03,9.879,9.952,9.725,9.76,719173,0
1998-12-04,9.76,10.179,9.76,10.179,522596,0
1998-12-07,10.179,10.179,9.897,10.023,367539,0
1998-12-08,10.023,10.179,9.995,10.105,560142,0
1998-12-09,10.105,10.223,10.005,10.068,337941,0
1998-12-10,10.041,10.078,9.853,9.897,353844,0
1998-12-11,9.943,10.105,9.925,10.068,338822,0
1998-12-14,10.058,10.223,10.023,10.105,1202893,0
1998-12-15,10.105,10.303,10.078,10.276,707246,0
1998-12-16,10.249,10.268,10.078,10.151,209392,0
1998-12-17,10.096,10.403,10.096,10.403,417900,0
1998-12-18,10.349,11.345,10.141,10.837,2163707,0
1998-12-21,10.865,10.965,10.804,10.902,1663645,0
1998-12-22,10.785,10.883,10.674,10.768,518618,0
1998-12-23,10.804,11.128,10.684,11.074,758047,0
1998-12-24,11.074,11.128,11.056,11.066,43294,0
1998-12-28,11.118,11.381,11.118,11.283,239430,0
1998-12-29,11.291,11.589,11.202,11.336,720500,0
1998-12-30,11.354,12.133,11.354,12.116,1179920,0
1998-12-31,12.051,12.533,12.051,12.378,1789988,0
1999-01-04,12.133,12.224,11.961,12.133,1885404,0
1999-01-05,11.999,12.116,11.827,12.116,1312008,0
1999-01-06,12.089,12.133,11.97,12.033,1170648,0
1999-01-07,11.915,12.033,11.915,11.999,370188,0
1999-01-08,11.999,12.089,11.942,11.961,1518307,0
1999-01-11,11.863,11.961,11.634,11.717,860536,0
1999-01-12,11.717,11.717,11.555,11.634,781018,0
1999-01-13,11.202,11.464,11.184,11.4,1320404,0
1999-01-14,11.283,11.291,11.174,11.184,882622,0
1999-01-15,11.218,11.445,11.218,11.428,607854,0
1999-01-19,11.445,11.49,11.327,11.354,544237,0
1999-01-20,11.364,11.428,11.283,11.428,466051,0
1999-01-21,11.445,11.565,11.237,11.237,453238,0
1999-01-22,11.211,11.211,10.931,11.136,754517,0
1999-01-25,11.03,11.717,10.902,11.689,977598,0
1999-01-26,11.689,12.024,11.689,11.736,1300523,0
1999-01-27,11.745,11.827,11.4,11.581,1395502,0
1999-01-28,11.565,14.054,11.011,11.155,15414549,0
1999-01-29,11.011,11.101,10.403,10.432,3858716,0
1999-02-01,10.441,10.902,10.441,10.819,3696153,0
1999-02-02,10.819,10.856,10.565,10.759,3486319,0
1999-02-03,10.703,10.703,10.53,10.53,687369,0
1999-02-04,10.34,10.62,10.115,10.593,2743731,0
1999-02-05,10.593,10.75,10.593,10.703,1768781,0
1999-02-08,10.703,10.703,10.63,10.693,1701636,0
1999-02-09,10.693,10.775,10.62,10.703,1794403,0
1999-02-10,10.703,10.703,10.522,10.565,1268716,0
1999-02-11,10.62,10.668,10.565,10.62,955513,0
1999-02-12,10.649,10.649,10.249,10.268,1258998,0
1999-02-16,10.268,10.584,10.223,10.303,1532000,0
1999-02-17,10.311,10.396,10.032,10.058,772627,0
1999-02-18,10.058,10.17,9.986,10.087,805757,0
1999-02-19,10.087,10.223,10.068,10.17,1137514,0
1999-02-22,10.17,10.396,10.16,10.358,819893,0
1999-02-23,10.53,10.759,10.478,10.53,940935,0
1999-02-24,10.565,10.775,10.565,10.674,797364,0
1999-02-25,10.62,10.62,10.478,10.547,862741,0
1999-02-26,10.602,10.75,10.522,10.593,1662317,0
1999-03-01,10.62,10.75,10.62,10.693,1332771,0
1999-03-02,10.703,10.947,10.703,10.856,668816,0
1999-03-03,10.856,10.974,10.775,10.785,1967569,0
1999-03-04,10.775,10.947,10.775,10.947,804873,0
1999-03-05,11.002,11.464,11.002,11.364,726246,0
1999-03-08,11.308,11.509,11.184,11.436,1855804,0
1999-03-09,11.409,11.436,11.327,11.364,1071255,0
1999-03-10,11.308,11.634,11.237,11.483,1267390,0
1999-03-11,11.483,11.736,11.464,11.671,429383,0
1999-03-12,11.736,11.961,11.671,11.827,745680,0
1999-03-15,11.818,11.88,11.616,11.662,775277,0
1999-03-16,11.599,11.827,11.581,11.827,352519,0
1999-03-17,11.827,11.872,11.753,11.845,906921,0
1999-03-18,11.942,12.033,11.872,12.024,894991,0
1999-03-19,12.07,12.304,12.07,12.169,1638907,0
1999-03-22,12.224,12.224,11.662,11.689,1661433,0
1999-03-23,11.717,11.717,11.237,11.237,824753,0
1999-03-24,11.237,11.291,11.066,11.273,1515216,0
1999-03-25,11.273,11.483,11.273,11.428,546892,0
1999-03-26,11.4,11.409,11.211,11.237,504040,0
1999-03-29,11.237,11.518,11.184,11.436,683391,0
1999-03-30,11.381,11.464,11.273,11.4,963466,0
1999-03-31,11.464,11.565,11.256,11.336,866277,0
1999-04-01,11.354,11.381,11.237,11.237,248264,0
1999-04-05,11.184,11.237,11.101,11.155,311879,0
1999-04-06,11.211,11.237,10.955,10.974,628616,0
1999-04-07,10.974,11.002,10.75,10.804,848611,0
1999-04-08,10.856,11.101,10.775,10.912,516853,0
1999-04-09,10.829,11.083,10.829,11.083,320713,0
1999-04-12,11.03,11.273,11.002,11.211,436451,0
1999-04-13,11.218,11.256,11.083,11.184,398459,0
1999-04-14,11.211,11.581,11.136,11.354,1151211,0
1999-04-15,11.364,11.464,11.174,11.291,505368,0
1999-04-16,11.291,11.336,11.211,11.327,280512,0
1999-04-19,11.327,11.509,11.211,11.218,747006,0
1999-04-20,11.202,11.202,10.74,10.912,1144141,0
1999-04-21,12.983,14.108,12.868,13.881,8474157,0
1999-04-22,13.772,13.772,13.401,13.518,5703036,0
1999-04-23,13.499,13.828,13.482,13.699,887485,0
1999-04-26,13.654,13.691,13.547,13.6,542919,0
1999-04-27,13.6,13.828,13.6,13.617,418341,0
1999-04-28,13.6,14.777,13.518,14.586,1682197,0
1999-04-29,14.586,14.796,14.206,14.388,701503,0
1999-04-30,14.397,14.725,13.627,13.755,868047,0
1999-05-03,13.755,14.696,13.755,14.454,1033263,0
1999-05-04,14.416,14.495,13.98,13.998,743912,0
1999-05-05,13.998,14.008,13.465,13.592,939167,0
1999-05-06,13.592,13.772,13.255,13.709,906035,0
1999-05-07,13.709,14.135,13.709,13.828,1188758,0
1999-05-10,13.828,13.828,13.447,13.518,1559389,0
1999-05-11,13.482,13.898,13.465,13.79,382558,0
1999-05-12,13.746,13.772,13.374,13.547,1177274,0
1999-05-13,13.6,13.755,13.499,13.654,554842,0
1999-05-14,13.6,13.6,13.438,13.482,946234,0
1999-05-17,13.438,13.547,13.292,13.499,652469,0
1999-05-18,13.482,13.592,13.438,13.475,387860,0
1999-05-19,13.419,14.054,13.419,14.054,406855,0
1999-05-20,13.998,14.054,13.746,13.933,337941,0
1999-05-21,13.924,13.971,13.709,13.709,866720,0
1999-05-24,13.728,13.78,13.157,13.518,1229402,0
1999-05-25,12.946,13.311,12.946,13.237,2452615,0
1999-05-26,13.175,13.212,12.815,13.096,1239120,0
1999-05-27,13.067,13.292,12.929,13.212,1926043,0
1999-05-28,13.212,13.627,13.212,13.374,960815,0
1999-06-01,13.392,13.392,13.157,13.255,326895,0
1999-06-02,13.212,13.574,13.212,13.499,469583,0
1999-06-03,13.518,13.691,13.365,13.499,669697,0
1999-06-04,13.482,13.856,13.482,13.755,421433,0
1999-06-07,13.728,13.898,13.672,13.828,454120,0
1999-06-08,13.856,13.908,13.828,13.908,474442,0
1999-06-09,13.908,14.054,13.908,14.054,549098,0
1999-06-10,13.943,14.063,13.865,14.054,529221,0
1999-06-11,13.933,14.054,13.547,13.728,563676,0
1999-06-14,13.809,13.865,13.637,13.637,344567,0
1999-06-15,13.637,13.828,13.627,13.746,362681,0
1999-06-16,13.709,14.063,13.709,14.063,383883,0
1999-06-17,14.008,14.008,13.924,13.933,229710,0
1999-06-18,13.881,13.924,13.79,13.856,1465738,0
1999-06-21,13.846,13.943,13.691,13.728,877322,0
1999-06-22,13.728,13.943,13.728,13.828,503599,0
1999-06-23,13.856,14.135,13.828,14.016,532314,0
1999-06-24,13.971,13.998,13.828,13.933,700623,0
1999-06-25,13.933,14.073,13.755,13.772,906921,0
1999-06-28,13.709,13.709,13.348,13.528,2542291,0
1999-06-29,13.499,13.654,13.447,13.592,1402570,0
1999-06-30,13.6,13.691,13.518,13.518,1695447,0
1999-07-01,13.574,13.79,13.555,13.617,1441442,0
1999-07-02,13.617,13.691,13.6,13.617,317179,0
1999-07-06,13.637,13.637,13.465,13.475,1245301,0
1999-07-07,13.475,13.518,13.465,13.475,601229,0
1999-07-08,13.482,13.482,13.374,13.438,1084504,0
1999-07-09,13.401,13.518,13.401,13.499,343686,0
1999-07-12,13.518,13.709,13.518,13.654,771742,0
1999-07-13,13.654,13.654,13.574,13.627,380793,0
1999-07-14,13.617,13.998,13.617,13.98,1572643,0
1999-07-15,14.008,14.614,14.008,14.595,1343811,0
1999-07-16,14.595,14.614,14.145,14.388,1209964,0
1999-07-19,14.388,14.397,14.108,14.135,607412,0
1999-07-20,14.073,14.343,14.073,14.174,331757,0
1999-07-21,14.232,15.457,14.188,15.457,1369878,0
1999-07-22,14.586,14.586,13.709,13.772,6416472,0
1999-07-23,13.772,13.856,13.292,13.846,3410780,0
1999-07-26,13.709,13.865,13.574,13.746,965233,0
1999-07-27,13.79,13.908,13.709,13.828,465607,0
1999-07-28,13.772,13.772,13.627,13.709,521267,0
1999-07-29,13.6,13.6,13.518,13.574,422757,0
1999-07-30,13.772,13.772,13.691,13.709,652912,0
1999-08-02,13.78,14.38,13.78,14.145,1161811,0
1999-08-03,14.145,14.297,14.135,14.206,551752,0
1999-08-04,14.206,14.324,14.188,14.188,804435,0
1999-08-05,14.135,14.145,14.016,14.054,333967,0
1999-08-06,14.054,14.089,13.933,13.933,305694,0
1999-08-09,13.908,14.016,13.828,13.98,182884,0
1999-08-10,13.943,13.998,13.518,13.728,405529,0
1999-08-11,13.728,14.145,13.637,14.054,401551,0
1999-08-12,14.054,14.054,13.898,14.035,366656,0
1999-08-13,14.016,14.135,13.881,14.135,515528,0
1999-08-16,14.016,14.108,13.943,13.98,240313,0
1999-08-17,13.998,13.998,13.6,13.856,709457,0
1999-08-18,13.79,13.846,13.672,13.755,357377,0
1999-08-19,13.699,13.898,13.401,13.856,486813,0
1999-08-20,13.79,14.016,13.79,13.98,320270,0
1999-08-23,13.998,14.054,13.828,13.828,381232,0
1999-08-24,13.6,13.627,12.683,13.096,4691864,0
1999-08-25,13.255,13.627,13.165,13.627,1782918,0
1999-08-26,13.627,13.709,13.392,13.528,891456,0
1999-08-27,13.499,13.499,12.868,12.939,2093470,0
1999-08-30,13.011,13.374,13.011,13.165,1116754,0
1999-08-31,13.175,13.237,12.946,12.946,1247952,0
1999-09-01,13.157,13.438,13.04,13.04,659540,0
1999-09-02,12.983,12.983,12.632,12.702,984228,0
1999-09-03,12.786,13.011,12.683,13.011,909128,0
1999-09-07,13.049,13.12,12.841,12.983,803550,0
1999-09-08,12.993,13.212,12.824,12.841,465170,0
1999-09-09,12.868,12.993,12.777,12.777,1455576,0
1999-09-10,12.824,12.859,12.702,12.74,406855,0
1999-09-13,12.712,12.712,12.351,12.36,1623443,0
1999-09-14,12.133,12.441,11.845,12.404,2525061,0
1999-09-15,12.441,12.859,12.441,12.815,1708264,0
1999-09-16,12.841,12.929,12.412,12.603,1386222,0
1999-09-17,12.622,12.786,12.622,12.658,963024,0
1999-09-20,12.64,12.666,12.479,12.488,998364,0
1999-09-21,12.431,12.469,12.033,12.125,1229842,0
1999-09-22,12.125,12.125,11.77,11.872,1566459,0
1999-09-23,11.872,11.88,11.565,11.717,2038692,0
1999-09-24,11.689,11.808,11.555,11.599,1098640,0
1999-09-27,11.599,11.827,11.565,11.565,1670713,0
1999-09-28,11.581,11.581,11.211,11.436,1274461,0
1999-09-29,11.409,11.634,11.327,11.581,771301,0
1999-09-30,11.555,11.581,11.464,11.49,625525,0
1999-10-01,11.49,11.49,11.118,11.256,1152977,0
1999-10-04,11.202,11.237,11.066,11.184,1126033,0
1999-10-05,11.184,11.202,10.931,11.155,738612,0
1999-10-06,11.184,11.662,11.184,11.555,1011616,0
1999-10-07,11.518,11.518,11.273,11.354,436890,0
1999-10-08,11.4,12.333,11.4,12.024,1026636,0
1999-10-11,12.441,13.255,12.412,13.14,2191538,0
1999-10-12,13.14,13.14,12.64,12.786,2020581,0
1999-10-13,12.666,12.666,12.479,12.561,1046955,0
1999-10-14,12.479,12.479,12.024,12.351,2735341,0
1999-10-15,12.36,12.786,12.198,12.404,1383571,0
1999-10-18,12.36,12.759,12.333,12.479,1897773,0
1999-10-19,12.412,13.12,12.412,13.02,1038121,0
1999-10-20,13.011,13.772,12.824,13.772,1760389,0
1999-10-21,13.691,13.998,13.6,13.908,1321727,0
1999-10-22,13.908,14.008,13.518,13.654,1123378,0
1999-10-25,13.654,13.943,13.555,13.746,507132,0
1999-10-26,13.809,13.828,13.175,13.311,693995,0
1999-10-27,13.311,13.518,13.273,13.482,370188,0
1999-10-28,13.482,13.755,13.482,13.709,512437,0
1999-10-29,13.78,13.971,13.746,13.881,411270,0
1999-11-01,13.856,14.035,13.78,14.035,1006757,0
1999-11-02,13.933,14.533,13.933,14.388,1232494,0
1999-11-03,14.533,14.749,14.47,14.732,1748018,0
1999-11-04,15.158,15.158,14.923,15.085,1251044,0
1999-11-05,15.085,15.23,14.858,14.858,1457343,0
1999-11-08,14.858,14.96,14.749,14.749,1418027,0
1999-11-09,14.749,14.749,14.495,14.551,659540,0
1999-11-10,14.279,14.288,13.79,13.933,1934882,0
1999-11-11,13.933,14.063,13.856,13.898,571186,0
1999-11-12,13.933,13.998,13.772,13.898,1008080,0
1999-11-15,13.908,14.108,13.592,14.108,1088922,0
1999-11-17,14.054,14.642,13.998,14.454,1432610,0
1999-11-18,14.47,14.715,14.444,14.715,700623,0
1999-11-19,14.67,14.841,14.388,14.777,833592,0
1999-11-22,14.725,14.725,14.073,14.164,1358834,0
1999-11-23,14.164,14.164,13.374,13.654,1723723,0
1999-11-24,13.627,14.362,13.6,14.008,425850,0
1999-11-26,13.943,13.971,13.709,13.728,241200,0
1999-11-29,13.691,13.691,13.255,13.33,957280,0
1999-11-30,13.311,13.311,12.786,12.796,1928256,0
1999-12-01,12.815,13.086,12.712,13.086,4084455,0
1999-12-02,13.067,13.374,12.983,13.311,1563368,0
1999-12-03,13.392,13.746,13.392,13.555,823431,0
1999-12-06,13.98,14.241,13.691,13.691,871582,0
1999-12-07,13.691,13.691,13.212,13.32,726684,0
1999-12-08,13.392,13.555,13.14,13.547,1259880,0
1999-12-09,13.518,13.6,13.292,13.374,758490,0
1999-12-10,13.348,13.547,13.33,13.465,1004989,0
1999-12-13,13.419,13.672,13.392,13.475,802225,0
1999-12-14,13.465,13.574,13.237,13.237,457216,0
1999-12-15,13.237,13.79,13.237,13.709,838006,0
1999-12-16,13.627,14.016,13.627,13.98,724472,0
1999-12-17,14.054,14.894,14.054,14.841,1701195,0
1999-12-20,14.894,15.204,14.858,14.942,882181,0
1999-12-21,14.942,15.168,14.822,15.004,911337,0
1999-12-22,15.048,15.737,15.048,15.619,1166673,0
1999-12-23,15.619,16.462,15.619,16.119,2081099,0
1999-12-27,16.119,16.119,15.737,15.944,991734,0
1999-12-28,15.944,16.008,15.793,15.944,993065,0
1999-12-29,15.883,15.883,15.512,15.692,876881,0
1999-12-30,15.692,15.803,15.655,15.784,766003,0
1999-12-31,15.784,15.784,15.663,15.683,255336,0
2000-01-03,15.655,15.655,15.121,15.393,1190526,0
2000-01-04,15.347,15.375,15.158,15.23,1259880,0
2000-01-05,15.23,15.765,15.168,15.692,1368553,0
2000-01-06,15.655,16.154,15.538,16.026,1588546,0
2000-01-07,16.017,17.678,16.017,17.511,3440377,0
2000-01-10,17.511,18.317,17.221,17.312,2457916,0
2000-01-11,17.221,18.009,17.058,17.476,797364,0
2000-01-12,17.476,17.476,17.003,17.116,900735,0
2000-01-13,17.116,17.159,16.977,17.106,1009850,0
2000-01-14,17.213,17.449,17.058,17.387,988644,0
2000-01-18,17.331,18.193,17.116,17.7,1332325,0
2000-01-19,17.719,18.009,17.7,17.929,780139,0
2000-01-20,17.903,18.009,17.566,17.678,1267390,0
2000-01-21,17.668,17.7,17.493,17.659,736403,0
2000-01-24,17.659,18.075,17.574,17.7,2664214,0
2000-01-25,17.7,17.793,17.221,17.339,1516537,0
2000-01-26,17.331,17.331,17.116,17.265,1046073,0
2000-01-27,17.221,17.221,17.106,17.205,649820,0
2000-01-28,16.552,16.552,13.691,14.188,9060363,0
2000-01-31,14.27,14.47,13.14,14.241,6664734,0
2000-02-01,14.206,14.732,13.98,14.524,2739755,0
2000-02-02,15.085,15.085,14.397,14.696,2832967,0
2000-02-03,14.633,14.813,14.188,14.595,2027648,0
2000-02-04,14.633,15.13,14.633,14.822,1610192,0
2000-02-07,14.813,15.004,14.224,15.004,1749342,0
2000-02-08,15.429,15.683,15.31,15.485,1805888,0
2000-02-09,15.429,15.737,15.429,15.692,1935322,0
2000-02-10,15.692,15.71,14.749,14.904,1294781,0
2000-02-11,14.904,14.96,14.297,14.297,893225,0
2000-02-14,14.362,14.858,14.362,14.614,1995401,0
2000-02-15,14.858,15.13,14.586,14.987,1479874,0
2000-02-16,14.96,15.149,14.923,15.067,1036795,0
2000-02-17,15.085,15.31,14.894,15.204,767770,0
2000-02-18,15.204,15.204,14.135,14.224,1215265,0
2000-02-22,14.224,14.224,13.6,13.672,1550998,0
2000-02-23,13.691,13.738,13.03,13.273,2445547,0
2000-02-24,13.292,13.738,13.227,13.582,4599978,0
2000-02-25,13.564,13.718,13.482,13.582,919731,0
2000-02-28,13.292,13.457,12.974,13.067,2345710,0
2000-02-29,13.175,13.401,13.175,13.175,2248525,0
2000-03-01,12.841,13.112,12.16,12.387,3601174,0
2000-03-02,12.421,13.03,12.404,13.02,3066211,0
2000-03-03,13.02,13.255,12.786,13.077,2472937,0
2000-03-06,13.112,13.33,12.693,12.693,2558198,0
2000-03-07,12.693,12.693,11.68,11.853,3478812,0
2000-03-08,11.989,12.098,11.002,11.49,4948964,0
2000-03-09,11.88,12.469,11.761,12.179,2040018,0
2000-03-10,12.043,12.143,11.961,12.007,1049603,0
2000-03-13,11.989,12.215,11.625,12.133,1586781,0
2000-03-14,12.333,12.497,12.179,12.387,1734324,0
2000-03-15,12.412,13.49,12.412,13.292,3114364,0
2000-03-16,13.457,14.495,13.429,14.495,3435958,0
2000-03-17,14.551,14.586,13.828,13.98,2345271,0
2000-03-20,14.241,14.38,14.063,14.27,1335421,0
2000-03-21,14.27,14.841,14.27,14.732,1558065,0
2000-03-22,14.696,15.13,14.533,15.029,1267390,0
2000-03-23,14.978,14.978,14.67,14.841,901620,0
2000-03-24,14.777,15.085,14.732,14.822,687369,0
2000-03-27,14.904,14.942,14.633,14.732,983785,0
2000-03-28,14.796,15.249,14.759,15.085,990852,0
2000-03-29,14.894,15.186,14.595,14.614,1099965,0
2000-03-30,14.67,14.951,14.444,14.841,1272694,0
2000-03-31,14.858,15.883,14.85,15.71,2244109,0
2000-04-03,15.429,15.765,15.186,15.765,1062857,0
2000-04-04,15.71,15.71,14.923,15.538,1039007,0
2000-04-05,15.538,15.663,15.347,15.475,522151,0
2000-04-06,15.522,15.564,14.978,15.347,969647,0
2000-04-07,15.347,15.347,15.039,15.284,633476,0
2000-04-10,15.266,15.31,15.149,15.31,730660,0
2000-04-11,15.375,15.746,14.987,15.149,927682,0
2000-04-12,15.149,15.564,15.029,15.249,977160,0
2000-04-13,15.249,15.908,15.249,15.746,1406544,0
2000-04-14,15.485,15.485,14.47,14.595,1190082,0
2000-04-17,14.297,14.725,14.016,14.725,1552324,0
2000-04-18,14.777,15.429,14.505,15.356,2367354,0
2000-04-19,16.109,16.688,16.017,16.652,3434636,0
2000-04-20,16.608,16.897,16.524,16.797,1608866,0
2000-04-24,16.768,16.768,16.217,16.242,2244993,0
2000-04-25,16.444,16.652,16.234,16.462,1367225,0
2000-04-26,16.444,16.453,16.2,16.251,1331888,0
2000-04-27,16.2,16.381,15.99,16.171,1029286,0
2000-04-28,16.171,16.524,16.146,16.2,684720,0
2000-05-01,16.146,16.48,15.99,16.251,992618,0
2000-05-02,16.217,16.768,16.026,16.444,1233378,0
2000-05-03,16.381,16.496,15.944,15.944,919290,0
2000-05-04,15.99,16.138,15.883,15.99,1099526,0
2000-05-05,16.217,16.381,16.119,16.217,900294,0
2000-05-08,16.242,16.326,16.19,16.217,1401685,0
2000-05-09,16.27,16.362,15.99,16.2,1325261,0
2000-05-10,16.146,16.834,15.908,16.778,2373985,0
2000-05-11,16.778,16.897,16.425,16.496,1889820,0
2000-05-12,16.552,16.642,16.318,16.409,886598,0
2000-05-15,16.671,16.941,16.138,16.915,746123,0
2000-05-16,16.915,17.169,16.671,16.834,633253,0
2000-05-17,16.715,16.715,16.242,16.242,396693,0
2000-05-18,16.552,16.608,16.19,16.362,474442,0
2000-05-19,15.99,16.326,15.71,15.99,682949,0
2000-05-22,15.908,16.154,15.564,15.846,591510,0
2000-05-23,15.846,16.138,15.512,15.538,659095,0
2000-05-24,15.429,16.778,15.429,16.715,1272249,0
2000-05-25,16.778,17.256,16.778,17.087,1694126,0
2000-05-26,17.116,17.312,17.003,17.031,850820,0
2000-05-30,16.834,17.82,16.834,17.221,1212835,0
2000-05-31,17.116,17.449,16.977,17.031,1212610,0
2000-06-01,17.058,17.284,16.861,16.977,2011966,0
2000-06-02,17.116,17.169,16.27,16.462,1473247,0
2000-06-05,16.897,17.566,16.861,16.977,778368,0
2000-06-06,16.778,16.834,16.642,16.671,572734,0
2000-06-07,16.608,16.642,16.017,16.326,936519,0
2000-06-08,16.671,16.671,16.154,16.444,368866,0
2000-06-09,16.326,16.778,16.326,16.552,288244,0
2000-06-12,16.524,16.608,16.074,16.362,383001,0
2000-06-13,16.217,16.977,16.217,16.897,482613,0
2000-06-14,16.897,18.046,16.897,18.046,1497103,0
2000-06-15,18.075,18.771,17.903,18.771,1995180,0
2000-06-16,18.771,19.224,18.236,19.224,2079110,0
2000-06-19,19.224,19.224,18.745,19.033,1037457,0
2000-06-20,19.033,19.983,19.033,19.74,1813179,0
2000-06-21,19.648,19.677,18.806,18.861,1664968,0
2000-06-22,18.89,18.916,18.155,18.552,682729,0
2000-06-23,18.636,18.636,17.678,17.846,750097,0
2000-06-26,17.846,18.437,17.511,18.128,665724,0
2000-06-27,18.009,18.384,17.738,18.155,822326,0
2000-06-28,18.155,19.087,18.102,18.89,821882,0
2000-06-29,18.745,20.275,18.636,19.821,1818699,0
2000-06-30,19.594,19.929,19.423,19.702,2195076,0
2000-07-03,19.702,19.929,19.568,19.83,903829,0
2000-07-05,19.849,20.128,19.821,20.002,711447,0
2000-07-06,20.021,21.361,19.849,21.198,1473912,0
2000-07-07,22.52,22.52,21.361,21.443,2671286,0
2000-07-10,21.585,21.812,21.277,21.549,1547018,0
2000-07-11,21.504,21.706,21.315,21.549,932540,0
2000-07-12,21.277,21.453,20.383,20.463,1084943,0
2000-07-13,20.463,20.463,19.702,20.211,1539733,0
2000-07-14,20.275,20.328,20.021,20.275,451914,0
2000-07-17,20.275,20.599,20.155,20.354,601004,0
2000-07-18,20.247,20.581,20.155,20.501,531870,0
2000-07-19,20.211,20.383,19.485,20.101,1033045,0
2000-07-20,20.067,20.275,19.821,19.821,1325484,0
2000-07-21,19.757,21.089,19.594,20.998,966114,0
2000-07-24,20.998,21.958,20.519,21.154,1747579,0
2000-07-25,21.453,21.504,20.155,20.354,1224979,0
2000-07-26,20.463,21.734,20.408,21.677,1602243,0
2000-07-27,21.504,21.504,20.663,21.198,957945,0
2000-07-28,21.172,21.172,20.275,20.408,1088258,0
2000-07-31,20.519,20.519,19.26,19.341,1296767,0
2000-08-01,18.89,19.821,18.009,19.821,1785568,0
2000-08-02,19.757,20.067,19.449,19.957,1216366,0
2000-08-03,19.903,20.941,19.849,20.717,1004769,0
2000-08-04,20.717,21.277,20.275,20.688,808850,0
2000-08-07,20.328,20.827,20.328,20.827,403546,0
2000-08-08,20.663,20.941,20.558,20.782,487030,0
2000-08-09,20.89,21.198,20.155,20.328,443960,0
2000-08-10,20.354,20.969,20.293,20.762,267705,0
2000-08-11,20.941,21.25,20.688,20.941,374166,0
2000-08-14,21.089,21.089,20.581,20.717,278523,0
2000-08-15,20.827,21.117,20.635,20.635,433801,0
2000-08-16,20.663,21.089,20.635,20.827,502936,0
2000-08-17,20.941,21.054,20.155,20.408,815253,0
2000-08-18,20.408,20.581,20.247,20.247,292660,0
2000-08-21,20.155,20.663,20.155,20.519,380571,0
2000-08-22,20.519,20.558,20.048,20.101,466714,0
2000-08-23,20.101,20.519,19.983,20.101,409728,0
2000-08-24,20.155,20.182,19.485,19.513,2072044,0
2000-08-25,19.532,20.021,19.141,19.757,657109,0
2000-08-28,19.875,20.247,19.648,20.155,365991,0
2000-08-29,19.929,20.021,19.485,19.485,386093,0
2000-08-30,19.485,20.128,19.485,20.048,404202,0
2000-08-31,19.821,20.688,19.821,20.182,562796,0
2000-09-01,20.328,20.663,20.155,20.383,786983,0
2000-09-05,20.435,20.519,19.875,19.983,805097,0
2000-09-06,20.101,20.155,19.532,19.63,723371,0
2000-09-07,19.757,20.463,19.757,20.257,347879,0
2000-09-08,20.211,20.941,20.211,20.644,720500,0
2000-09-11,20.581,20.744,20.155,20.192,473782,0
2000-09-12,20.275,20.519,19.957,20.257,561911,0
2000-09-13,20.101,20.211,19.903,19.929,440649,0
2000-09-14,19.903,20.101,19.033,19.26,1247070,0
2000-09-15,18.075,19.033,18.075,18.745,1986567,0
2000-09-18,18.998,19.113,18.462,18.516,583112,0
2000-09-19,18.516,18.516,18.27,18.327,575604,0
2000-09-20,18.27,18.41,18.128,18.155,795158,0
2000-09-21,18.128,18.128,17.875,17.903,1503288,0
2000-09-22,17.621,17.981,17.397,17.964,1187878,0
2000-09-25,17.981,18.155,17.903,18.102,748110,0
2000-09-26,18.102,18.102,17.592,17.668,1133540,0
2000-09-27,17.678,18.69,17.678,18.561,895215,0
2000-09-28,18.462,19.26,18.462,19.215,893667,0
2000-09-29,19.033,19.368,18.745,19.341,728451,0
2000-10-02,19.26,19.26,18.102,18.236,655561,0
2000-10-03,18.327,18.69,18.327,18.462,525023,0
2000-10-04,18.355,18.355,17.339,17.659,904491,0
2000-10-05,17.566,18.516,17.566,18.236,1544369,0
2000-10-06,18.41,19.532,18.41,19.06,1900202,0
2000-10-09,19.368,19.532,19.197,19.341,670140,0
2000-10-10,19.423,20.101,19.423,19.821,932099,0
2000-10-11,19.821,19.821,18.806,19.033,1210627,0
2000-10-12,19.087,19.287,18.916,19.033,915756,0
2000-10-13,18.745,18.916,18.663,18.916,542919,0
2000-10-16,18.916,18.916,18.608,18.663,612492,0
2000-10-17,18.663,18.663,17.368,17.397,1700309,0
2000-10-18,17.368,21.838,17.368,20.915,4279265,0
2000-10-19,20.89,20.89,20.211,20.435,1421783,0
2000-10-20,20.328,20.915,19.983,20.275,880192,0
2000-10-23,20.048,20.048,19.821,19.929,1161591,0
2000-10-24,19.821,20.048,19.702,19.957,588413,0
2000-10-25,19.74,20.463,19.594,20.275,646287,0
2000-10-26,20.275,20.89,20.128,20.293,881964,0
2000-10-27,20.293,20.688,20.182,20.354,530987,0
2000-10-30,20.463,20.915,20.048,20.89,464504,0
2000-10-31,20.941,21.222,20.744,21.222,1261206,0
2000-11-01,21.277,21.623,21.054,21.361,963683,0
2000-11-02,21.453,22.038,21.117,21.958,683613,0
2000-11-03,22.24,22.41,22.074,22.329,976940,0
2000-11-06,22.24,23.87,22.015,23.09,2106944,0
2000-11-07,23.189,23.189,22.148,22.52,1672478,0
2000-11-08,22.292,22.863,22.292,22.466,1194502,0
2000-11-09,22.185,22.24,21.453,22.212,698634,0
2000-11-10,22.038,22.329,21.758,21.987,401334,0
2000-11-13,21.734,21.838,20.998,21.397,458318,0
2000-11-14,21.453,22.074,21.397,21.931,718074,0
2000-11-15,22.038,22.148,21.758,21.931,569201,0
2000-11-16,21.931,21.958,21.277,21.277,736185,0
2000-11-17,21.277,22.185,21.117,22.015,913547,0
2000-11-20,21.895,22.185,21.652,22.119,613373,0
2000-11-21,22.148,23.642,21.895,22.973,2259127,0
2000-11-22,22.908,23.667,22.863,23.536,1387989,0
2000-11-24,23.507,23.703,22.908,23.395,390292,0
2000-11-27,23.336,23.87,23.226,23.703,1028404,0
2000-11-28,22.863,23.627,22.655,23.189,1323494,0
2000-11-29,23.134,23.87,22.973,23.87,1219459,0
2000-11-30,23.76,24.321,23.226,24.012,971636,0
2000-12-01,23.896,23.931,23.255,23.589,2059457,0
2000-12-04,23.307,23.545,22.79,23.414,1061533,0
2000-12-05,23.642,23.806,23.386,23.386,1057118,0
2000-12-06,24.998,26.015,24.202,24.321,6647505,0
2000-12-07,24.202,24.259,22.964,22.973,4389261,0
2000-12-08,23.236,23.731,23.236,23.649,3783619,0
2000-12-11,23.87,24.839,23.336,23.536,41278332,0
2000-12-12,23.607,23.667,22.973,23.189,2974105,0
2000-12-13,23.027,23.731,23.018,23.442,1691914,0
2000-12-14,23.189,23.344,23.152,23.189,2002688,0
2000-12-15,23.377,23.377,22.745,23.09,2117542,0
2000-12-18,23.09,23.607,23.09,23.58,733755,0
2000-12-19,23.236,23.461,23.099,23.152,648052,0
2000-12-20,23.377,23.461,22.203,22.32,1913014,0
2000-12-21,22.32,22.538,21.776,21.776,1633165,0
2000-12-22,22.022,22.292,21.94,22.275,918626,0
2000-12-26,22.166,22.185,21.958,22.047,955067,0
2000-12-27,22.047,23.395,22.047,22.673,875998,0
2000-12-28,22.899,22.918,22.437,22.557,1456682,0
2000-12-29,22.673,23.144,22.673,22.819,846621,0
2001-01-02,22.329,22.655,21.922,21.922,1141933,0
2001-01-03,22.056,22.456,22.056,22.221,2966154,0
2001-01-04,22.221,22.31,20.663,20.934,2515789,0
2001-01-05,20.934,20.934,20.418,20.617,1757956,0
2001-01-08,20.257,20.8,20.257,20.408,1688824,0
2001-01-09,20.68,21.258,20.574,20.726,1107254,0
2001-01-10,20.89,21.487,20.663,21.222,814591,0
2001-01-11,21.117,22.022,21.071,21.352,1237793,0
2001-01-12,21.352,21.424,20.644,20.644,1073904,0
2001-01-16,20.644,20.978,20.029,20.581,1170426,0
2001-01-17,20.68,20.855,20.663,20.782,896538,0
2001-01-18,20.934,20.934,19.939,19.939,1511460,0
2001-01-19,19.939,20.021,19.74,19.903,1212610,0
2001-01-22,19.849,20.762,19.532,20.663,1277774,0
2001-01-23,20.753,20.791,20.328,20.717,793829,0
2001-01-24,20.345,21.434,20.301,21.241,1527584,0
2001-01-25,21.241,21.677,21.098,21.633,713873,0
2001-01-26,21.424,21.803,21.098,21.776,1052256,0
2001-01-29,21.996,22.038,21.172,21.182,731321,0
2001-01-30,20.644,21.296,20.644,20.978,3204041,0
2001-01-31,20.978,21.034,20.257,20.392,1359939,0
2001-02-01,20.529,20.529,20.293,20.301,1363695,0
2001-02-02,20.301,20.529,20.275,20.408,3024907,0
2001-02-05,20.345,20.978,20.309,20.924,1118303,0
2001-02-06,20.753,21.079,20.717,20.827,1378710,0
2001-02-07,20.782,21.558,20.782,21.424,1871045,0
2001-02-08,21.424,21.521,21.163,21.48,1080971,0
2001-02-09,21.424,21.652,21.296,21.521,1030389,0
2001-02-12,21.697,22.573,21.687,22.538,1347126,0
2001-02-13,22.466,22.538,21.905,22.42,1152093,0
2001-02-14,22.492,22.51,22.25,22.447,1080530,0
2001-02-15,22.557,22.6,22.203,22.42,1057776,0
2001-02-16,22.329,22.557,22.221,22.557,797585,0
2001-02-20,22.447,22.683,22.166,22.655,507576,0
2001-02-21,22.618,23.598,22.618,23.377,1575955,0
2001-02-22,23.377,24.33,23.377,24.159,2985150,0
2001-02-23,23.976,24.367,23.949,24.338,2382819,0
2001-02-26,24.338,25.172,24.338,24.927,2153770,0
2001-02-27,24.927,25.642,24.673,24.902,2759636,0
2001-02-28,25.036,25.335,24.918,25.335,1154965,0
2001-03-01,25.335,25.715,24.963,25.715,1803898,0
2001-03-02,25.715,25.715,24.981,25.227,2220033,0
2001-03-05,25.128,25.715,25.128,25.263,1687500,0
2001-03-06,25.146,25.354,24.595,24.793,1285723,0
2001-03-07,24.595,24.737,24.021,24.312,951758,0
2001-03-08,24.358,25.317,24.338,25.092,1109022,0
2001-03-09,24.981,25.137,24.566,25.101,457656,0
2001-03-12,24.774,24.774,23.806,23.815,1224322,0
2001-03-13,23.815,24.096,23.327,23.815,1930021,0
2001-03-14,23.642,23.703,23.17,23.58,1322612,0
2001-03-15,23.627,23.931,23.361,23.914,1006536,0
2001-03-16,23.58,24.141,23.58,23.806,2193088,0
2001-03-19,23.806,23.931,23.125,23.627,1274236,0
2001-03-20,23.995,23.995,23.226,23.327,876221,0
2001-03-21,23.052,23.461,22.899,23.189,838448,0
2001-03-22,22.845,22.845,21.198,21.652,2325167,0
2001-03-23,21.66,22.42,21.549,22.42,1712679,0
2001-03-26,22.42,23.461,22.25,23.442,1420458,0
2001-03-27,23.442,24.402,23.317,23.914,1962711,0
2001-03-28,22.329,23.57,22.25,23.433,1943274,0
2001-03-29,23.442,24.63,23.218,23.553,1420458,0
2001-03-30,23.642,23.87,23.009,23.58,1182134,0
2001-04-02,23.815,23.976,23.052,23.106,1117636,0
2001-04-03,23.052,23.189,22.356,22.474,1427527,0
2001-04-04,22.51,22.872,22.119,22.618,1405659,0
2001-04-05,22.647,23.395,22.647,23.298,1458672,0
2001-04-06,23.189,23.37,22.881,23.199,1234258,0
2001-04-09,23.255,23.914,23.236,23.642,1230948,0
2001-04-10,24.141,24.221,23.189,23.526,1694344,0
2001-04-11,23.414,23.414,22.683,22.763,1331666,0
2001-04-12,22.753,23.553,22.753,23.461,1021995,0
2001-04-16,23.798,24.068,23.236,23.479,725356,0
2001-04-17,23.144,24.303,23.144,24.267,1413389,0
2001-04-18,25.036,25.263,24.63,24.839,2210316,0
2001-04-19,25.308,25.897,25.128,25.642,2527717,0
2001-04-20,25.651,25.651,25.146,25.534,1137514,0
2001-04-23,25.217,25.617,24.991,25.111,1751553,0
2001-04-24,25.217,25.852,25.172,25.688,2113348,0
2001-04-25,25.987,26.385,25.968,26.278,1896667,0
2001-04-26,26.278,26.595,26.159,26.269,1920745,0
2001-04-27,26.531,26.721,26.214,26.685,1513670,0
2001-04-30,26.795,27.048,26.342,26.748,2275696,0
2001-05-01,26.748,26.748,26.122,26.357,1719966,0
2001-05-02,26.357,26.541,26.131,26.486,1797935,0
2001-05-03,26.486,26.486,26.015,26.169,2019034,0
2001-05-04,25.398,26.141,25.398,26.095,1187434,0
2001-05-07,25.987,26.169,25.715,26.032,1103722,0
2001-05-08,25.941,26.159,25.581,26.015,639439,0
2001-05-09,25.669,26.122,25.444,25.678,746123,0
2001-05-10,25.852,25.852,25.128,25.407,887039,0
2001-05-11,25.398,25.534,25.036,25.335,1205324,0
2001-05-14,25.263,25.335,25.217,25.271,713211,0
2001-05-15,25.308,25.806,25.271,25.696,1814942,0
2001-05-16,25.642,26.232,25.581,26.095,1706054,0
2001-05-17,26.169,26.531,26.078,26.466,938508,0
2001-05-18,26.795,26.795,26.032,26.178,1336529,0
2001-05-21,26.214,26.486,26.195,26.412,1012054,0
2001-05-22,26.486,26.486,25.968,25.968,870475,0
2001-05-23,25.987,26.214,25.669,25.861,606967,0
2001-05-24,25.897,26.149,25.789,25.968,689581,0
2001-05-25,26.051,26.149,25.798,25.852,644739,0
2001-05-29,25.852,26.149,25.661,25.706,728010,0
2001-05-30,25.669,25.916,25.669,25.789,1097319,0
2001-05-31,25.852,25.987,25.715,25.916,916860,0
2001-06-01,25.852,26.169,25.762,26.159,604318,0
2001-06-04,26.342,26.531,25.959,26.095,740819,0
2001-06-05,26.095,26.095,25.888,25.987,991298,0
2001-06-06,25.941,26.032,25.789,25.87,591288,0
2001-06-07,25.833,26.078,25.806,25.888,585545,0
2001-06-08,25.599,25.626,25.472,25.534,354948,0
2001-06-11,25.534,25.562,24.839,24.935,942704,0
2001-06-12,24.774,24.858,24.474,24.56,1361484,0
2001-06-13,24.474,24.673,24.367,24.464,1151874,0
2001-06-14,24.464,24.7,24.464,24.493,1019566,0
2001-06-15,24.493,24.802,24.483,24.692,1499090,0
2001-06-18,24.7,24.82,24.56,24.611,621325,0
2001-06-19,24.601,24.883,24.595,24.7,411713,0
2001-06-20,24.82,25.744,24.82,25.498,1213055,0
2001-06-21,25.669,25.762,25.254,25.254,1094888,0
2001-06-22,25.263,25.263,24.793,24.893,787427,0
2001-06-25,24.998,25.172,24.521,24.71,597031,0
2001-06-26,24.55,24.927,24.55,24.839,699517,0
2001-06-27,24.719,24.991,24.71,24.839,567874,0
2001-06-28,25.263,25.49,25.008,25.317,1020011,0
2001-06-29,25.354,25.354,24.745,24.745,1215482,0
2001-07-02,24.945,24.945,24.367,24.611,686044,0
2001-07-03,24.719,24.839,24.601,24.638,545788,0
2001-07-05,24.63,24.793,24.595,24.611,550864,0
2001-07-06,24.63,24.63,24.367,24.402,478861,0
2001-07-09,24.421,24.793,24.384,24.755,573174,0
2001-07-10,24.82,24.902,24.447,24.483,610280,0
2001-07-11,24.483,24.935,24.447,24.82,1175946,0
2001-07-12,24.963,25.146,24.719,25.111,717187,0
2001-07-13,25.111,25.599,24.998,25.508,500064,0
2001-07-16,25.508,25.87,25.381,25.825,699294,0
2001-07-17,25.941,26.304,25.941,26.304,909571,0
2001-07-18,26.304,26.587,25.715,26.195,3699904,0
2001-07-19,26.366,26.385,26.149,26.26,890134,0
2001-07-20,26.205,26.505,26.015,26.295,943586,0
2001-07-23,26.567,26.567,26.26,26.278,1199358,0
2001-07-24,26.278,26.505,26.195,26.385,1337630,0
2001-07-25,26.342,26.786,26.122,26.776,1255244,0
2001-07-26,26.838,27.798,26.812,27.519,3171132,0
2001-07-27,27.743,28.514,27.5,27.743,2148690,0
2001-07-30,27.537,27.546,26.955,27.425,992400,0
2001-07-31,27.519,27.617,27.02,27.068,1016696,0
2001-08-01,27.163,27.273,26.385,26.476,1044527,0
2001-08-02,26.531,26.531,25.806,26.032,913103,0
2001-08-03,26.149,26.159,25.581,25.888,802667,0
2001-08-06,25.806,26.159,25.744,26.032,1028624,0
2001-08-07,26.122,26.342,25.806,26.032,660422,0
2001-08-08,25.916,25.916,25.335,25.463,767102,0
2001-08-09,25.444,25.49,25.163,25.444,820998,0
2001-08-10,25.49,25.49,25.036,25.137,943365,0
2001-08-13,25.137,25.29,24.945,25.128,1265182,0
2001-08-14,25.128,25.191,24.902,25.128,850598,0
2001-08-15,25.008,25.245,24.774,24.902,938064,0
2001-08-16,24.902,24.981,24.483,24.927,1385561,0
2001-08-17,24.82,24.902,24.655,24.848,760919,0
2001-08-20,24.848,24.918,24.7,24.858,465607,0
2001-08-21,24.858,25.434,24.82,24.981,1005872,0
2001-08-22,24.998,25.254,24.902,24.918,1451379,0
2001-08-23,24.927,24.991,24.673,24.918,1919199,0
2001-08-24,24.945,25.008,24.793,24.893,1246409,0
2001-08-27,24.918,25.036,24.764,24.802,752305,0
2001-08-28,24.719,24.902,24.682,24.866,1050930,0
2001-08-29,24.83,24.918,24.737,24.774,1414713,0
2001-08-30,24.802,24.981,24.595,24.883,1589208,0
2001-08-31,24.82,24.945,24.63,24.737,924590,0
2001-09-04,24.858,25.354,24.63,24.918,730660,0
2001-09-05,24.883,25.12,24.755,25.027,735077,0
2001-09-06,25.036,25.172,24.096,24.141,1167999,0
2001-09-07,24.041,24.041,23.281,23.442,1637802,0
2001-09-10,23.099,23.667,23.099,23.281,904269,0
2001-09-17,22.102,22.845,22.102,22.673,1657020,0
2001-09-18,22.673,22.738,22.447,22.538,1459774,0
2001-09-19,22.781,22.845,21.48,22.006,1784242,0
2001-09-20,21.549,22.022,20.827,21.016,1616818,0
2001-09-21,20.301,21.38,20.202,21.034,2102087,0
2001-09-24,21.752,22.203,21.652,21.895,1461320,0
2001-09-25,21.876,22.329,21.876,22.267,909351,0
2001-09-26,22.267,22.673,22.038,22.365,1516100,0
2001-09-27,22.373,23.627,22.373,23.498,981794,0
2001-09-28,23.589,23.87,23.052,23.87,955067,0
2001-10-01,23.75,23.87,23.189,23.825,1202230,0
2001-10-02,23.722,24.193,23.598,24.184,834476,0
2001-10-03,24.021,24.267,23.914,24.041,776161,0
2001-10-04,23.995,24.267,23.87,24.202,659759,0
2001-10-05,24.159,24.159,23.09,23.642,1475458,0
2001-10-08,23.642,24.267,23.642,23.995,601229,0
2001-10-09,23.995,24.123,23.667,24.068,520165,0
2001-10-10,24.031,24.521,24.031,24.259,453459,0
2001-10-11,24.141,24.55,24.012,24.429,948665,0
2001-10-12,24.367,24.82,24.25,24.474,871135,0
2001-10-15,24.521,24.55,24.096,24.367,515749,0
2001-10-16,24.294,24.595,23.949,24.595,1349556,0
2001-10-17,24.82,25.146,24.673,24.981,1778500,0
2001-10-18,24.902,25.806,24.367,25.617,2549360,0
2001-10-19,25.617,26.032,25.517,26.032,1469715,0
2001-10-22,25.916,26.702,25.897,26.551,1049166,0
2001-10-23,26.551,26.646,26.006,26.149,1371647,0
2001-10-24,26.122,26.169,25.815,26.078,1021555,0
2001-10-25,26.032,26.637,25.842,26.523,874672,0
2001-10-26,26.523,26.666,26.269,26.666,635460,0
2001-10-29,26.595,26.637,26.195,26.242,1056674,0
2001-10-30,26.024,26.032,25.498,25.833,1998491,0
2001-10-31,25.789,25.789,25.045,25.373,1779381,0
2001-11-01,25.263,25.599,24.945,25.599,1226310,0
2001-11-02,25.715,25.852,25.082,25.498,1207975,0
2001-11-05,25.581,25.581,24.793,25.092,1562041,0
2001-11-06,25.082,25.146,24.82,25.146,1242872,0
2001-11-07,24.902,24.991,24.745,24.793,1282854,0
2001-11-08,24.883,24.945,24.447,24.611,1488707,0
2001-11-09,24.727,24.727,24.068,24.141,1348673,0
2001-11-12,24.159,24.367,23.442,24.177,828289,0
2001-11-13,24.221,24.55,24.141,24.25,831820,0
2001-11-14,24.367,24.521,24.177,24.367,957945,0
2001-11-15,24.367,24.611,24.141,24.483,597912,0
2001-11-16,24.483,24.638,24.303,24.638,623977,0
2001-11-19,24.611,24.63,23.58,24.012,1984357,0
2001-11-20,23.815,24.737,23.815,24.483,1346686,0
2001-11-21,24.55,25.236,24.447,24.839,1232494,0
2001-11-23,24.673,25.263,24.673,25.082,431592,0
2001-11-26,24.991,25.642,24.963,25.49,1143920,0
2001-11-27,25.373,25.725,25.172,25.254,920393,0
2001-11-28,25.263,25.626,25.111,25.163,594821,0
2001-11-29,25.045,25.172,24.774,24.839,847505,0
2001-11-30,24.945,24.991,24.71,24.774,909571,0
2001-12-03,24.7,24.774,24.595,24.692,604540,0
2001-12-04,24.692,24.755,24.321,24.611,648934,0
2001-12-05,24.521,25.008,24.474,24.991,658435,0
2001-12-06,24.963,24.981,24.802,24.883,1355520,0
2001-12-07,24.839,24.839,23.779,24.367,929228,0
2001-12-10,24.294,24.303,23.562,23.731,905817,0
2001-12-11,23.685,24.367,23.479,24.267,821442,0
2001-12-12,24.177,24.321,23.598,23.888,1389315,0
2001-12-13,23.659,24.133,23.562,23.667,876221,0
2001-12-14,23.685,24.086,23.607,23.931,974288,0
2001-12-17,23.995,24.402,23.75,24.285,709013,0
2001-12-18,24.285,25.172,24.285,25.082,1540172,0
2001-12-19,25.146,25.373,25.064,25.263,1260765,0
2001-12-20,25.263,25.678,25.217,25.398,677429,0
2001-12-21,25.642,26.795,25.415,26.531,2259567,0
2001-12-24,26.531,26.587,26.078,26.531,481069,0
2001-12-26,26.551,26.551,25.968,26.078,703936,0
2001-12-27,25.933,26.587,25.933,26.141,904047,0
2001-12-28,26.095,26.486,26.095,26.26,805097,0
2001-12-31,26.449,26.711,26.214,26.375,802225,0
