Date,Open,High,Low,Close,Volume,OpenInt
1995-01-03,7.4061,7.4975,7.4061,7.4518,5162214,0
1995-01-04,7.3645,7.457,7.3645,7.4107,7972238,0
1995-01-05,7.4095,7.5263,7.3632,7.5263,10148157,0
1995-01-06,7.5263,7.665,7.5263,7.5263,8078360,0
1995-01-09,7.5013,7.6183,7.5013,7.5013,4821306,0
1995-01-10,7.5263,7.5483,7.4799,7.5263,6785953,0
1995-01-11,7.498,7.5221,7.4297,7.4518,4888163,0
1995-01-12,7.4766,7.5228,7.4304,7.4766,4313083,0
1995-01-13,7.5228,7.5228,7.4525,7.4766,6475566,0
1995-01-16,7.5242,7.6169,7.5001,7.6169,5205506,0
1995-01-17,7.5458,7.6161,7.4995,7.5922,8001191,0
1995-01-18,7.5483,7.5725,7.4799,7.5263,6814023,0
1995-01-19,7.4995,7.5922,7.4773,7.5922,9103945,0
1995-01-20,7.575,7.6212,7.5285,7.551,8105906,0
1995-01-23,7.4513,7.7069,7.4513,7.6828,6606298,0
1995-01-24,7.6877,7.7119,7.6193,7.6415,4706096,0
1995-01-25,7.6867,7.8716,7.6403,7.7568,5456272,0
1995-01-26,7.7545,7.8468,7.7545,7.8228,4147835,0
1995-01-27,7.8519,8.0364,7.8274,8.0125,7904582,0
1995-01-30,7.9915,8.0382,7.8065,7.8065,7760681,0
1995-01-31,7.851,7.9432,7.851,7.8969,9946730,0
1995-02-01,7.8961,7.9188,7.826,7.8721,9811503,0
1995-02-02,7.8987,7.9208,7.7596,7.7816,5867947,0
1995-02-03,7.8707,8.0092,7.8482,7.9631,8569743,0
1995-02-06,7.938,8.0067,7.8921,7.938,4938207,0
1995-02-07,8.0067,8.0308,7.9143,7.938,6314550,0
1995-02-08,7.9425,8.1279,7.9425,8.1279,7351947,0
1995-02-09,8.0796,8.1026,7.9631,7.9631,4688247,0
1995-02-10,7.9639,8.0101,7.9178,7.9875,3530206,0
1995-02-13,7.9867,8.0334,7.9169,7.9631,3455976,0
1995-02-14,8.0117,8.036,7.826,7.8721,4237938,0
1995-02-15,7.8683,8.0067,7.8217,7.938,4870144,0
1995-02-16,7.9674,7.9674,7.713,7.7816,8739311,0
1995-02-17,7.7804,7.7804,7.6193,7.6415,8011911,0
1995-02-21,7.6441,7.6682,7.5756,7.5756,7717765,0
1995-02-22,7.5922,7.7088,7.5235,7.5922,12627151,0
1995-02-23,7.6415,7.6877,7.6193,7.6415,7113663,0
1995-02-24,7.6846,7.6846,7.5458,7.5922,6772067,0
1995-02-27,7.5978,7.6441,7.5516,7.5756,7091797,0
1995-02-28,7.5907,7.7297,7.5907,7.7076,11063920,0
1995-03-01,7.729,7.7753,7.6605,7.6828,11781139,0
1995-03-02,7.6884,7.7125,7.62,7.6663,8003679,0
1995-03-03,7.5698,7.5922,7.5235,7.5922,5601267,0
1995-03-06,7.551,7.551,7.4821,7.551,5300682,0
1995-03-07,7.4787,7.4787,7.3397,7.3861,8547270,0
1995-03-08,7.4812,7.4812,7.3884,7.4107,5918995,0
1995-03-09,7.3834,7.498,7.3834,7.4518,6480459,0
1995-03-10,7.454,7.639,7.3614,7.6169,14960978,0
1995-03-13,7.6422,7.7125,7.62,7.6663,6751417,0
1995-03-14,7.8491,7.8491,7.6867,7.7568,8571517,0
1995-03-15,7.8001,7.8001,7.6611,7.7076,6182270,0
1995-03-16,7.6675,7.8527,7.6675,7.8065,6918771,0
1995-03-17,7.8267,7.9195,7.7803,7.8969,16277743,0
1995-03-20,7.8977,8.0364,7.8977,8.0125,10619692,0
1995-03-21,7.9639,8.0101,7.7098,7.7322,8674829,0
1995-03-22,7.7545,7.8468,7.7081,7.8228,7142046,0
1995-03-23,7.8005,7.8468,7.7545,7.8228,7807429,0
1995-03-24,7.8267,7.9432,7.8044,7.8969,6342889,0
1995-03-27,7.9674,8.0373,7.9202,8.0373,4230481,0
1995-03-28,8.0125,8.0364,7.9202,8.0125,5471242,0
1995-03-29,8.0082,8.1246,8.0082,8.078,10525090,0
1995-03-30,8.0823,8.105,7.8969,7.8969,6827648,0
1995-03-31,7.8519,7.874,7.713,7.7816,7160064,0
1995-04-03,7.754,7.8224,7.7076,7.7076,6129339,0
1995-04-04,7.8361,7.9052,7.7893,7.9052,7101778,0
1995-04-05,7.8805,7.9277,7.8336,7.8805,4459677,0
1995-04-06,7.9243,7.9934,7.8773,7.9463,3923475,0
1995-04-07,7.9705,8.0864,7.9243,8.0864,5402864,0
1995-04-10,8.0924,8.1641,8.0459,8.0704,5320853,0
1995-04-11,8.1145,8.1373,7.9742,8.0207,5007206,0
1995-04-12,8.04,8.1109,7.9934,8.0864,4842357,0
1995-04-13,8.1341,8.1572,8.04,8.0864,3231449,0
1995-04-17,8.1581,8.2053,8.0873,8.1109,8727986,0
1995-04-18,8.1373,8.1373,7.9965,8.0207,6957485,0
1995-04-19,8.0408,8.1341,8.0408,8.1109,4922328,0
1995-04-20,8.0644,8.1341,8.04,8.0864,7064048,0
1995-04-21,8.1169,8.1641,8.0704,8.0704,6539367,0
1995-04-24,8.0924,8.2325,8.045,8.2103,6007215,0
1995-04-25,8.1572,8.2266,8.1341,8.2266,5144063,0
1995-04-26,8.2325,8.2575,8.1863,8.2103,4526788,0
1995-04-27,8.2266,8.2736,8.1795,8.2266,5264936,0
1995-04-28,8.2275,8.2989,8.2053,8.2515,5214396,0
1995-05-01,8.2989,8.4148,8.2736,8.392,10385061,0
1995-05-02,8.4377,8.4377,8.345,8.392,6481973,0
1995-05-03,8.4165,8.5087,8.3944,8.4165,7813674,0
1995-05-04,8.4227,8.6099,8.3529,8.5152,7056378,0
1995-05-05,8.5348,8.5814,8.3685,8.4165,5888860,0
1995-05-08,8.3747,8.5606,8.3747,8.5152,4246864,0
1995-05-09,8.5565,8.6498,8.4871,8.5565,4721217,0
1995-05-10,8.5582,8.6082,8.4429,8.4894,3190813,0
1995-05-11,8.4919,8.4919,8.3286,8.3747,4185837,0
1995-05-12,8.3694,8.488,8.3235,8.4404,5249136,0
1995-05-15,8.5348,8.6045,8.4642,8.5814,2991920,0
1995-05-16,8.6099,8.6099,8.3286,8.3747,8022233,0
1995-05-17,8.3235,8.3478,8.0671,8.1364,12002949,0
1995-05-18,8.1169,8.2334,8.0704,8.0704,4901849,0
1995-05-19,8.0184,8.0644,7.9714,7.9714,9935444,0
1995-05-22,8.0184,8.2736,7.9934,8.2515,4434641,0
1995-05-23,8.2275,8.2736,8.0644,8.1109,7681911,0
1995-05-24,8.1364,8.2292,8.089,8.1364,7883983,0
1995-05-25,8.1364,8.3009,8.0899,8.3009,8820407,0
1995-05-26,8.2774,8.2774,8.1136,8.1606,13980450,0
1995-05-30,8.2103,8.2325,8.1169,8.2103,6800335,0
1995-05-31,8.2999,8.4165,8.2292,8.4165,9831518,0
1995-06-01,8.3668,8.5535,8.2989,8.392,7817942,0
1995-06-02,8.3981,8.4676,8.3266,8.3501,9379807,0
1995-06-05,8.3998,8.5411,8.3529,8.5152,4994927,0
1995-06-06,8.5152,8.5606,8.4919,8.5152,4943633,0
1995-06-07,8.488,8.5097,8.4404,8.4404,6797468,0
1995-06-08,8.4669,8.4894,8.4429,8.4669,4080371,0
1995-06-09,8.4676,8.5127,8.372,8.4894,8718341,0
1995-06-12,8.4919,8.6326,8.4693,8.5152,7581091,0
1995-06-13,8.5573,8.6299,8.5573,8.6072,4214087,0
1995-06-14,8.6072,8.6072,8.5375,8.6072,3974626,0
1995-06-15,8.5786,8.6724,8.5331,8.5331,5234839,0
1995-06-16,8.6506,8.743,8.6045,8.7223,17342292,0
1995-06-19,8.743,8.8839,8.7214,8.8366,5782197,0
1995-06-20,8.7917,8.8137,8.6968,8.7223,6602004,0
1995-06-21,8.7485,8.7962,8.657,8.6796,5641355,0
1995-06-22,8.743,8.908,8.743,8.8366,7481459,0
1995-06-23,8.843,8.843,8.7962,8.8201,2446181,0
1995-06-26,8.7944,8.8645,8.6299,8.6299,4884132,0
1995-06-27,8.6778,8.8403,8.6299,8.7706,6668387,0
1995-06-28,8.8137,8.9552,8.7679,8.8366,10560235,0
1995-06-29,8.8403,8.8403,8.6769,8.7449,5412570,0
1995-06-30,8.7937,8.9119,8.7937,8.9119,9745150,0
1995-07-03,8.8867,8.8867,8.8166,8.8867,1959597,0
1995-07-05,8.8672,8.8905,8.6796,8.6796,6955783,0
1995-07-06,8.706,8.8942,8.6805,8.8942,7807214,0
1995-07-07,8.8681,8.8923,8.7981,8.8458,6576413,0
1995-07-10,8.7723,8.9148,8.6299,8.6561,3565254,0
1995-07-11,8.6651,8.7337,8.5928,8.6388,5665416,0
1995-07-12,8.6597,8.8942,8.6334,8.8691,5794866,0
1995-07-13,8.8266,8.8513,8.7567,8.8026,4773258,0
1995-07-14,8.7779,8.7779,8.6815,8.754,3528418,0
1995-07-17,8.7771,8.7771,8.6815,8.7311,3735118,0
1995-07-18,8.7752,8.7752,8.6099,8.6796,4865935,0
1995-07-19,8.7277,8.8458,8.7277,8.8458,11508722,0
1995-07-20,8.8672,9.2226,8.7972,9.1754,13178913,0
1995-07-21,9.1764,9.1764,8.9627,9.0352,9582734,0
1995-07-24,9.0333,9.1956,9.0078,9.1509,5098036,0
1995-07-25,9.1985,9.2467,9.107,9.1985,4407871,0
1995-07-26,9.2023,9.2273,9.11,9.11,4852103,0
1995-07-27,9.1338,9.2042,8.9467,8.9928,5414720,0
1995-07-28,9.0352,9.0566,8.9872,9.0098,6765621,0
1995-07-31,8.99,9.0852,8.942,9.0852,5139317,0
1995-08-01,9.0604,9.0604,8.9439,8.9439,6346315,0
1995-08-02,9.1561,9.3901,9.1561,9.2495,13946158,0
1995-08-03,9.2015,9.4632,9.1308,9.4385,15318007,0
1995-08-04,9.4345,9.4345,9.3181,9.3639,9967999,0
1995-08-07,9.3881,9.4138,9.1985,9.1985,8411941,0
1995-08-08,9.2273,9.321,9.2015,9.2732,4162993,0
1995-08-09,9.2732,9.2957,9.2015,9.2732,5282943,0
1995-08-10,9.2732,9.321,9.2015,9.2732,3729636,0
1995-08-11,9.2938,9.2938,9.1532,9.2246,3935099,0
1995-08-14,9.2447,9.2674,9.1509,9.1754,5041742,0
1995-08-15,9.1965,9.1965,9.1043,9.1754,3137836,0
1995-08-16,9.1571,9.1571,9.0881,9.11,4177255,0
1995-08-17,9.0852,9.109,9.0585,9.0852,4932685,0
1995-08-18,9.1043,9.1754,9.0805,9.1509,4928420,0
1995-08-21,9.1509,9.2674,9.1509,9.1754,5295099,0
1995-08-22,9.1774,9.2246,9.1281,9.2246,3694518,0
1995-08-23,9.2005,9.2005,9.0585,9.0585,5094922,0
1995-08-24,9.0805,9.1956,9.0805,9.1509,4819230,0
1995-08-25,9.1821,9.324,9.1821,9.324,5744571,0
1995-08-28,9.3415,9.3639,9.2694,9.3639,3425837,0
1995-08-29,9.3201,9.4148,9.2938,9.3891,5953611,0
1995-08-30,9.4167,9.51,9.3688,9.4632,6015624,0
1995-08-31,9.4829,9.598,9.4592,9.555,5938471,0
1995-09-01,9.4375,9.509,9.3425,9.4148,4625664,0
1995-09-05,9.4898,9.513,9.3707,9.4898,4511260,0
1995-09-06,9.4395,9.63,9.4395,9.63,6898762,0
1995-09-07,9.675,9.721,9.604,9.653,7034228,0
1995-09-08,9.65,9.718,9.65,9.718,4854933,0
1995-09-11,9.765,9.79,9.698,9.718,4323974,0
1995-09-12,9.744,9.744,9.599,9.718,2895367,0
1995-09-13,9.652,9.818,9.652,9.792,4904560,0
1995-09-14,9.887,10.074,9.836,10.074,7950859,0
1995-09-15,10.218,10.312,10.125,10.288,26207359,0
1995-09-18,10.264,10.333,10.216,10.237,10957921,0
1995-09-19,10.213,10.261,10.189,10.213,9732702,0
1995-09-20,10.219,10.334,10.219,10.312,5135424,0
1995-09-21,10.31,10.31,10.167,10.264,8198149,0
1995-09-22,10.145,10.286,10.122,10.237,7977876,0
1995-09-25,10.189,10.261,10.119,10.189,6190384,0
1995-09-26,10.189,10.355,10.166,10.213,8489350,0
1995-09-27,10.15,10.363,10.126,10.336,5072952,0
1995-09-28,10.336,10.408,10.197,10.336,4611103,0
1995-09-29,10.308,10.378,10.214,10.378,6280987,0
1995-10-02,10.31,10.31,10.192,10.264,5430109,0
1995-10-03,10.312,10.36,10.266,10.312,6599661,0
1995-10-04,10.315,10.386,10.269,10.363,5639576,0
1995-10-05,10.298,10.368,10.249,10.346,5641250,0
1995-10-06,10.32,10.463,10.274,10.32,3579664,0
1995-10-09,10.267,10.575,10.267,10.551,5684963,0
1995-10-10,10.482,10.625,10.387,10.575,7647970,0
1995-10-11,10.631,10.631,10.462,10.536,6765501,0
1995-10-12,10.557,10.557,10.273,10.296,7497123,0
1995-10-13,10.387,10.458,10.292,10.363,5680475,0
1995-10-16,10.409,10.409,10.125,10.169,5198413,0
1995-10-17,10.151,10.363,10.125,10.363,5771990,0
1995-10-18,10.319,10.344,10.246,10.296,4705417,0
1995-10-19,10.316,10.627,10.221,10.627,5491445,0
1995-10-20,10.631,10.631,10.487,10.509,5121173,0
1995-10-23,10.462,10.631,10.44,10.536,3526263,0
1995-10-24,10.574,10.765,10.528,10.741,6686786,0
1995-10-25,10.748,10.842,10.651,10.725,4659904,0
1995-10-26,10.534,10.629,10.392,10.462,10384071,0
1995-10-27,10.363,10.435,10.27,10.435,7253874,0
1995-10-30,10.435,10.505,10.411,10.435,5446980,0
1995-10-31,10.483,10.627,10.459,10.627,16931866,0
1995-11-01,10.606,10.748,10.606,10.7,6768007,0
1995-11-02,10.72,10.885,10.673,10.815,6106010,0
1995-11-03,10.771,10.771,10.651,10.7,4786074,0
1995-11-06,10.649,10.695,10.553,10.627,3302651,0
1995-11-07,10.603,10.651,10.485,10.651,3408270,0
1995-11-08,10.695,10.695,10.553,10.627,6846160,0
1995-11-09,10.678,10.678,10.44,10.536,5090684,0
1995-11-10,10.484,10.554,10.341,10.411,3891454,0
1995-11-13,10.387,10.409,10.314,10.387,6074940,0
1995-11-14,10.365,10.392,10.273,10.296,6296319,0
1995-11-15,10.246,10.273,10.103,10.273,9085925,0
1995-11-16,10.246,10.296,10.203,10.273,6817863,0
1995-11-17,10.273,10.319,10.128,10.273,8511813,0
1995-11-20,10.221,10.242,10.151,10.199,5842158,0
1995-11-21,10.154,10.296,10.154,10.273,5541351,0
1995-11-22,10.221,10.242,10.199,10.199,3733135,0
1995-11-24,10.201,10.244,10.201,10.222,1010670,0
1995-11-27,10.271,10.341,10.222,10.244,7547946,0
1995-11-28,10.224,10.414,10.203,10.296,5675944,0
1995-11-29,10.274,10.368,10.274,10.32,5743229,0
1995-11-30,10.365,10.438,10.273,10.296,6988203,0
1995-12-01,10.317,10.46,10.294,10.411,4931632,0
1995-12-04,10.459,10.627,10.435,10.601,6540096,0
1995-12-05,10.601,10.695,10.577,10.601,8199836,0
1995-12-06,10.649,10.674,10.483,10.627,8167221,0
1995-12-07,10.528,10.625,10.503,10.575,6976801,0
1995-12-08,10.6,10.6,10.458,10.469,5969361,0
1995-12-11,10.505,10.627,10.41,10.627,5444114,0
1995-12-12,10.628,10.723,10.628,10.651,2953975,0
1995-12-13,10.722,10.866,10.722,10.866,5009088,0
1995-12-14,10.816,10.936,10.816,10.839,6544528,0
1995-12-15,10.938,10.938,10.796,10.888,19422988,0
1995-12-18,10.864,10.981,10.791,10.815,7005342,0
1995-12-19,10.818,10.962,10.796,10.913,10096332,0
1995-12-20,10.962,10.985,10.7,10.7,6261220,0
1995-12-21,10.743,10.909,10.673,10.791,11465216,0
1995-12-22,10.815,10.885,10.791,10.791,5162504,0
1995-12-26,10.962,11.033,10.888,10.913,4245885,0
1995-12-27,10.933,11.053,10.933,11.004,3395550,0
1995-12-28,11.029,11.123,10.957,11.004,2995827,0
1995-12-29,11.008,11.008,10.868,10.888,5022933,0
1996-01-02,10.938,11.105,10.912,11.105,4028450,0
1996-01-03,11.148,11.365,11.148,11.268,10608509,0
1996-01-04,11.313,11.458,11.148,11.243,15808182,0
1996-01-05,11.125,11.293,11.125,11.219,13471152,0
1996-01-08,11.149,11.296,11.079,11.105,1765534,0
1996-01-09,11.135,11.135,10.943,11.038,8837346,0
1996-01-10,10.816,10.939,10.555,10.627,10740015,0
1996-01-11,10.7,10.748,10.508,10.7,7764862,0
1996-01-12,10.77,10.842,10.532,10.675,6841414,0
1996-01-15,10.68,10.729,10.562,10.61,5105201,0
1996-01-16,10.679,11.086,10.655,11.086,9973096,0
1996-01-17,11.034,11.057,10.816,10.888,10866835,0
1996-01-18,10.918,10.918,10.801,10.847,9248169,0
1996-01-19,10.797,10.797,10.579,10.675,10875238,0
1996-01-22,10.703,10.727,10.511,10.56,8906710,0
1996-01-23,10.534,10.58,10.462,10.509,6136420,0
1996-01-24,10.628,10.77,10.557,10.7,9167632,0
1996-01-25,10.748,10.748,10.651,10.675,5842882,0
1996-01-26,10.536,10.799,10.536,10.773,7909682,0
1996-01-29,10.773,10.871,10.703,10.773,4408539,0
1996-01-30,10.771,10.798,10.677,10.75,5419143,0
1996-01-31,10.775,10.873,10.68,10.847,8839947,0
1996-02-01,10.941,10.988,10.843,10.988,5773348,0
1996-02-02,11.109,11.109,10.966,11.038,12189333,0
1996-02-05,11.057,11.13,10.96,11.105,6414431,0
1996-02-06,11.136,11.303,11.086,11.303,7425673,0
1996-02-07,11.3,11.49,11.3,11.467,8918485,0
1996-02-08,11.375,11.397,11.157,11.326,13281212,0
1996-02-09,11.376,11.471,11.255,11.376,10551467,0
1996-02-12,11.302,11.516,11.302,11.491,8815830,0
1996-02-13,11.488,11.536,11.369,11.392,8713819,0
1996-02-14,11.348,11.374,10.989,11.012,8795443,0
1996-02-15,10.962,11.009,10.7,10.7,9047514,0
1996-02-16,10.748,10.748,10.579,10.675,11792299,0
1996-02-20,10.536,10.631,10.392,10.536,9459966,0
1996-02-21,10.53,10.674,10.53,10.627,12678878,0
1996-02-22,10.816,10.96,10.795,10.888,9867072,0
1996-02-23,10.988,11.083,10.702,10.725,8869544,0
1996-02-26,10.68,10.823,10.583,10.583,8477206,0
1996-02-27,10.627,10.698,10.434,10.627,9619109,0
1996-02-28,10.723,10.869,10.435,10.462,10138740,0
1996-02-29,10.462,10.607,10.391,10.509,9215075,0
1996-03-01,10.584,10.584,10.298,10.346,7954896,0
1996-03-04,10.369,10.417,10.248,10.346,9748400,0
1996-03-05,10.316,10.627,10.269,10.627,7085840,0
1996-03-06,10.631,10.773,10.536,10.56,5486032,0
1996-03-07,10.508,10.508,10.34,10.435,5153372,0
1996-03-08,10.367,10.367,9.864,10.008,8537643,0
1996-03-11,9.962,10.102,9.893,10.081,9491786,0
1996-03-12,9.986,10.035,9.529,9.82,18201558,0
1996-03-13,9.792,9.892,9.768,9.792,9975359,0
1996-03-14,9.766,9.862,9.718,9.744,10923183,0
1996-03-15,9.746,9.937,9.746,9.792,21950387,0
1996-03-18,9.89,10.052,9.862,9.981,13479219,0
1996-03-19,10.098,10.167,10.002,10.098,9537598,0
1996-03-20,10.102,10.244,10.102,10.244,6660345,0
1996-03-21,10.296,10.464,10.296,10.32,6481929,0
1996-03-22,10.34,10.389,10.1,10.199,5193951,0
1996-03-25,10.224,10.294,10.201,10.273,9352620,0
1996-03-26,10.246,10.344,10.226,10.32,7030096,0
1996-03-27,10.318,10.34,10.199,10.222,6033769,0
1996-03-28,10.222,10.318,10.199,10.222,6624926,0
1996-03-29,10.296,10.321,10.034,10.081,12353627,0
1996-04-01,9.626,9.72,9.3162,9.555,51007853,0
1996-04-02,9.573,9.646,9.573,9.621,42644955,0
1996-04-03,9.595,9.646,9.549,9.646,28234722,0
1996-04-04,9.65,9.65,9.507,9.528,17882188,0
1996-04-08,9.3688,9.3688,9.1764,9.2246,21343027,0
1996-04-09,9.2246,9.321,9.2246,9.2246,15299893,0
1996-04-10,9.1754,9.2947,9.1252,9.1985,12326470,0
1996-04-11,9.1792,9.2033,8.9361,9.0585,10879394,0
1996-04-12,9.0766,9.1734,9.0766,9.1509,10782904,0
1996-04-15,9.2273,9.324,9.1561,9.324,7498987,0
1996-04-16,9.3891,9.4888,9.3649,9.4385,12761483,0
1996-04-17,9.537,9.587,9.4918,9.587,13171927,0
1996-04-18,9.565,9.636,9.514,9.565,8581810,0
1996-04-19,9.4928,9.638,9.4928,9.611,11368559,0
1996-04-22,9.679,9.777,9.679,9.753,18262588,0
1996-04-23,9.759,9.759,9.613,9.736,9548852,0
1996-04-24,9.808,9.808,9.64,9.712,11357564,0
1996-04-25,9.612,9.735,9.566,9.686,10979482,0
1996-04-26,9.685,9.733,9.637,9.637,6319108,0
1996-04-29,9.638,9.686,9.59,9.686,5177655,0
1996-04-30,9.686,9.686,9.659,9.686,4629043,0
1996-05-01,9.659,9.71,9.659,9.686,5620683,0
1996-05-02,9.658,9.658,9.565,9.565,10875055,0
1996-05-03,9.565,9.658,9.565,9.587,10232526,0
1996-05-06,9.608,9.635,9.513,9.537,10196500,0
1996-05-07,9.565,9.658,9.514,9.565,9955685,0
1996-05-08,9.516,9.659,9.4671,9.659,7674047,0
1996-05-09,9.659,9.686,9.638,9.686,12601510,0
1996-05-10,9.759,9.783,9.712,9.736,8585275,0
1996-05-13,9.758,9.758,9.638,9.686,8958934,0
1996-05-14,9.71,9.758,9.659,9.686,8186737,0
1996-05-15,9.686,9.71,9.659,9.686,7056390,0
1996-05-16,9.658,9.683,9.587,9.587,7795274,0
1996-05-17,9.589,9.638,9.565,9.611,7301261,0
1996-05-20,9.636,9.658,9.4642,9.513,5603864,0
1996-05-21,9.516,9.611,9.4671,9.611,6524861,0
1996-05-22,9.59,9.736,9.59,9.736,9133820,0
1996-05-23,9.732,9.755,9.514,9.565,9704101,0
1996-05-24,9.612,9.711,9.59,9.659,10010210,0
1996-05-28,9.684,9.708,9.565,9.565,5231495,0
1996-05-29,9.562,9.607,9.4632,9.4632,6826543,0
1996-05-30,9.4612,9.4612,9.3425,9.4385,12377219,0
1996-05-31,9.4414,9.537,9.3921,9.537,12518077,0
1996-06-03,9.4898,9.536,9.4395,9.4898,13190705,0
1996-06-04,9.537,9.563,9.513,9.537,9370176,0
1996-06-05,9.516,9.659,9.516,9.611,11578704,0
1996-06-06,9.685,9.709,9.589,9.611,12933782,0
1996-06-07,9.514,9.588,9.4918,9.565,8780590,0
1996-06-10,9.608,9.608,9.513,9.537,8144152,0
1996-06-11,9.586,9.608,9.4918,9.513,9039494,0
1996-06-12,9.562,9.562,9.4898,9.4898,10803598,0
1996-06-13,9.513,9.563,9.476,9.537,9522395,0
1996-06-14,9.536,9.536,9.4632,9.4632,8541464,0
1996-06-17,9.4622,9.51,9.3901,9.4148,8174856,0
1996-06-18,9.3707,9.397,9.2986,9.3464,10149155,0
1996-06-19,9.3454,9.3454,9.2732,9.2976,17160983,0
1996-06-20,9.3445,9.4908,9.3191,9.4632,15271697,0
1996-06-21,9.4918,9.564,9.4642,9.513,13018733,0
1996-06-24,9.562,9.562,9.4513,9.4898,6510950,0
1996-06-25,9.534,9.56,9.3891,9.4385,9134284,0
1996-06-26,9.4958,9.541,9.3483,9.3717,16831055,0
1996-06-27,9.3911,9.4898,9.3435,9.4898,7594208,0
1996-06-28,9.4918,9.564,9.393,9.513,10070804,0
1996-07-01,9.537,9.586,9.4908,9.537,7209103,0
1996-07-02,9.562,9.562,9.4405,9.4632,7086473,0
1996-07-03,9.4434,9.637,9.4286,9.637,8079018,0
1996-07-05,9.512,9.562,9.4632,9.4632,5637697,0
1996-07-08,9.4286,9.478,9.2092,9.3064,12545653,0
1996-07-09,9.3347,9.503,9.3084,9.48,9555912,0
1996-07-10,9.48,9.503,9.3822,9.48,10548025,0
1996-07-11,9.503,9.503,9.3064,9.3805,7715482,0
1996-07-12,9.3767,9.645,9.3513,9.594,9174332,0
1996-07-15,9.597,9.65,9.4296,9.4296,7206988,0
1996-07-16,9.4316,9.579,9.2601,9.4533,13471177,0
1996-07-17,9.478,9.503,9.283,9.3805,10238742,0
1996-07-18,9.3822,9.503,9.3822,9.48,11728921,0
1996-07-19,9.521,9.621,9.4484,9.621,11567953,0
1996-07-22,9.621,9.669,9.522,9.669,10274636,0
1996-07-23,9.621,9.693,9.573,9.621,11701415,0
1996-07-24,9.4493,9.594,9.4493,9.594,9114791,0
1996-07-25,9.644,9.644,9.474,9.545,6650558,0
1996-07-26,9.58,9.629,9.529,9.58,8285528,0
1996-07-29,9.578,9.578,9.4069,9.4069,6023559,0
1996-07-30,9.4533,9.4533,9.3337,9.3552,7497456,0
1996-07-31,9.3571,9.553,9.3094,9.528,8189716,0
1996-08-01,9.476,9.718,9.476,9.718,6065354,0
1996-08-02,9.792,9.914,9.792,9.868,11433190,0
1996-08-05,9.868,9.941,9.821,9.868,7144589,0
1996-08-06,9.82,9.84,9.744,9.82,7597726,0
1996-08-07,9.767,9.818,9.718,9.718,9111886,0
1996-08-08,9.718,9.742,9.622,9.646,6612557,0
1996-08-09,9.695,9.695,9.622,9.646,4830596,0
1996-08-12,9.622,9.718,9.574,9.718,5541857,0
1996-08-13,9.67,9.767,9.646,9.718,9487570,0
1996-08-14,9.669,9.741,9.669,9.669,8515143,0
1996-08-15,9.668,9.693,9.573,9.621,12208563,0
1996-08-16,9.621,9.669,9.594,9.594,9304703,0
1996-08-19,9.594,9.668,9.594,9.621,11160385,0
1996-08-20,9.594,9.621,9.522,9.594,8584062,0
1996-08-21,9.554,9.58,9.505,9.505,11220512,0
1996-08-22,9.522,9.621,9.522,9.594,5532111,0
1996-08-23,9.545,9.594,9.521,9.545,4504882,0
1996-08-26,9.552,9.552,9.4296,9.4296,6685754,0
1996-08-27,9.4523,9.4523,9.3064,9.3318,7872075,0
1996-08-28,9.3289,9.3289,9.1841,9.1841,10032613,0
1996-08-29,9.1831,9.2042,9.109,9.1318,6422054,0
1996-08-30,9.1308,9.1571,9.0362,9.0852,8989159,0
1996-09-03,9.0427,9.0928,8.9684,9.0427,8462673,0
1996-09-04,9.0614,9.282,9.0389,9.282,8840495,0
1996-09-05,9.2303,9.2782,9.0362,9.0852,10360736,0
1996-09-06,9.109,9.1308,8.9609,9.0098,7695745,0
1996-09-09,9.0595,9.11,9.0117,9.11,7740657,0
1996-09-10,9.1571,9.1571,9.0098,9.0852,7735645,0
1996-09-11,9.0872,9.159,9.0595,9.11,10427968,0
1996-09-12,9.16,9.2554,9.1338,9.2323,11041752,0
1996-09-13,9.3337,9.4533,9.3074,9.4296,19425211,0
1996-09-16,9.48,9.503,9.4069,9.48,10812729,0
1996-09-17,9.4306,9.552,9.3561,9.4069,9465739,0
1996-09-18,9.4069,9.4306,9.3561,9.4069,6364188,0
1996-09-19,9.3815,9.4533,9.3815,9.4296,6395382,0
1996-09-20,9.4977,9.594,9.3269,9.545,13250804,0
1996-09-23,9.553,9.579,9.4809,9.528,7782436,0
1996-09-24,9.4809,9.528,9.4069,9.4533,7033613,0
1996-09-25,9.503,9.503,9.3542,9.3805,8884248,0
1996-09-26,9.3795,9.3795,9.2564,9.282,10673454,0
1996-09-27,9.2564,9.282,9.2072,9.282,5637431,0
1996-09-30,9.283,9.3805,9.2582,9.3805,7603636,0
1996-10-01,9.3561,9.4306,9.3561,9.4069,7545095,0
1996-10-02,9.4039,9.769,9.3795,9.744,11502974,0
1996-10-03,9.741,9.741,9.621,9.669,8178442,0
1996-10-04,9.743,9.743,9.67,9.696,7841671,0
1996-10-07,9.622,9.695,9.622,9.646,5372574,0
1996-10-08,9.612,9.66,9.565,9.587,6510884,0
1996-10-09,9.636,9.636,9.4375,9.513,8216622,0
1996-10-10,9.4888,9.536,9.3891,9.3891,11214944,0
1996-10-11,9.4148,9.535,9.3881,9.4632,5734932,0
1996-10-14,9.4158,9.565,9.4158,9.4898,7218157,0
1996-10-15,9.4642,9.4888,9.2418,9.3891,8444266,0
1996-10-16,9.4918,9.762,9.4661,9.736,17191967,0
1996-10-17,9.735,9.735,9.612,9.712,10768349,0
1996-10-18,9.705,9.876,9.705,9.828,15360268,0
1996-10-21,9.849,9.901,9.828,9.876,6339091,0
1996-10-22,9.885,9.907,9.783,9.858,8015531,0
1996-10-23,9.828,9.849,9.802,9.828,8204763,0
1996-10-24,9.812,9.858,9.736,9.736,4384940,0
1996-10-25,9.713,9.783,9.66,9.686,7430825,0
1996-10-28,9.659,9.783,9.659,9.712,7521981,0
1996-10-29,9.713,9.736,9.66,9.686,7918957,0
1996-10-30,9.712,9.712,9.565,9.587,8916113,0
1996-10-31,9.536,9.611,9.536,9.565,7618290,0
1996-11-01,9.587,9.612,9.537,9.537,12167860,0
1996-11-04,9.586,9.586,9.3659,9.4385,12340518,0
1996-11-05,9.515,9.735,9.4908,9.587,11829836,0
1996-11-06,9.587,9.637,9.537,9.637,13146459,0
1996-11-07,9.565,9.659,9.565,9.611,13812166,0
1996-11-08,9.587,9.587,9.537,9.587,9885319,0
1996-11-11,9.587,9.66,9.565,9.587,7071256,0
1996-11-12,9.637,9.761,9.587,9.637,12075579,0
1996-11-13,9.586,9.611,9.536,9.565,8555064,0
1996-11-14,9.565,9.611,9.514,9.611,7592625,0
1996-11-15,9.636,9.783,9.586,9.659,13035719,0
1996-11-18,9.636,9.735,9.636,9.712,8192204,0
1996-11-19,9.713,9.783,9.686,9.686,12382334,0
1996-11-20,9.678,9.901,9.678,9.876,14358365,0
1996-11-21,9.903,10.074,9.851,10.074,17014312,0
1996-11-22,10.099,10.124,10.025,10.124,15332846,0
1996-11-25,10.1,10.222,10.075,10.222,10406433,0
1996-11-26,10.245,10.297,10.169,10.222,11990594,0
1996-11-27,10.246,10.347,10.223,10.32,8117698,0
1996-11-29,10.32,10.346,10.32,10.346,1754106,0
1996-12-02,10.297,10.444,10.201,10.444,8832069,0
1996-12-03,10.395,10.516,10.169,10.169,11550399,0
1996-12-04,10.123,10.199,10.025,10.199,8832416,0
1996-12-05,10.149,10.199,10.074,10.199,5540611,0
1996-12-06,9.953,10.098,9.901,10.048,7751495,0
1996-12-09,10.048,10.098,10.048,10.048,9754242,0
1996-12-10,10.074,10.099,10.025,10.025,5529496,0
1996-12-11,9.959,9.959,9.735,9.811,6614385,0
1996-12-12,9.828,9.875,9.753,9.777,9528103,0
1996-12-13,9.726,9.802,9.655,9.777,8318009,0
1996-12-16,9.834,9.959,9.762,9.858,14283960,0
1996-12-17,9.783,9.833,9.659,9.659,11788799,0
1996-12-18,9.712,9.746,9.537,9.537,9708661,0
1996-12-19,9.677,9.777,9.591,9.777,4773212,0
1996-12-20,10.22,10.22,9.973,9.998,22811533,0
1996-12-23,10.049,10.124,10.025,10.074,5131462,0
1996-12-24,10.076,10.32,10.076,10.273,5410606,0
1996-12-26,10.321,10.545,10.298,10.545,7832514,0
1996-12-27,10.594,10.865,10.546,10.839,9580683,0
1996-12-30,10.814,10.863,10.518,10.518,8828811,0
1996-12-31,10.515,10.565,10.168,10.199,8441673,0
1997-01-02,10.2,10.368,9.925,10.346,12193290,0
1997-01-03,10.395,10.419,10.32,10.369,10429895,0
1997-01-06,10.418,10.493,10.223,10.32,9724146,0
1997-01-07,10.295,10.319,10.025,10.199,17448088,0
1997-01-08,10.254,10.282,10.008,10.104,9285323,0
1997-01-09,10.155,10.155,10.033,10.056,11050454,0
1997-01-10,9.907,10.008,9.835,10.008,16235931,0
1997-01-13,10.09,10.141,9.966,9.99,16973410,0
1997-01-14,10.082,10.206,10.008,10.104,17683492,0
1997-01-15,10.162,10.435,10.038,10.387,14151842,0
1997-01-16,10.389,10.411,10.163,10.264,8787959,0
1997-01-17,10.288,10.461,10.263,10.387,8246417,0
1997-01-20,10.411,10.585,10.337,10.462,6934674,0
1997-01-21,10.289,10.509,10.163,10.411,11553628,0
1997-01-22,10.41,10.61,10.41,10.61,13962599,0
1997-01-23,10.733,10.857,10.634,10.708,16877721,0
1997-01-24,10.686,10.708,10.509,10.56,13829317,0
1997-01-27,10.462,10.56,10.411,10.56,13191909,0
1997-01-28,10.584,10.657,10.486,10.509,14846786,0
1997-01-29,10.537,10.634,10.537,10.61,9554153,0
1997-01-30,10.634,10.708,10.584,10.708,6950186,0
1997-01-31,10.757,10.955,10.733,10.905,12113658,0
1997-02-03,10.883,10.905,10.733,10.782,11697864,0
1997-02-04,10.831,10.931,10.782,10.931,9421517,0
1997-02-05,10.981,11.151,10.633,10.733,14402038,0
1997-02-06,10.782,10.807,10.508,10.633,10617222,0
1997-02-07,10.684,10.782,10.486,10.684,11850945,0
1997-02-10,10.558,10.954,10.558,10.931,13762069,0
1997-02-11,10.932,11.055,10.831,11.055,8484864,0
1997-02-12,11.003,11.178,11.003,11.178,9268637,0
1997-02-13,11.203,11.427,11.179,11.4,13383836,0
1997-02-14,11.376,11.399,11.13,11.226,10066671,0
1997-02-18,11.278,11.303,11.054,11.303,7226407,0
1997-02-19,11.302,11.35,11.178,11.277,7271393,0
1997-02-20,11.151,11.327,11.151,11.303,11108937,0
1997-02-21,11.303,11.303,11.179,11.252,7340321,0
1997-02-24,11.151,11.179,11.078,11.151,17921249,0
1997-02-25,11.13,11.202,11.077,11.178,10117016,0
1997-02-26,11.151,11.179,10.981,11.105,7530743,0
1997-02-27,11.054,11.202,10.953,11.178,11395137,0
1997-02-28,11.131,11.427,11.077,11.4,16448359,0
1997-03-03,11.326,11.376,11.226,11.376,9998350,0
1997-03-04,11.327,11.377,11.227,11.252,11857286,0
1997-03-05,11.203,11.327,11.151,11.303,17354875,0
1997-03-06,11.278,11.351,11.278,11.303,21646942,0
1997-03-07,11.302,11.449,11.25,11.426,13744201,0
1997-03-10,11.45,11.499,11.377,11.499,6558888,0
1997-03-11,11.499,11.549,11.427,11.45,7625064,0
1997-03-12,11.451,11.451,11.078,11.105,10496238,0
1997-03-13,11.005,11.005,10.685,10.708,14815159,0
1997-03-14,10.807,11.03,10.755,11.03,11564278,0
1997-03-17,10.857,11.031,10.831,11.004,9741556,0
1997-03-18,10.98,11.077,10.954,11.03,7168158,0
1997-03-19,10.956,11.032,10.657,10.708,11242736,0
1997-03-20,10.685,10.708,10.56,10.657,8948101,0
1997-03-21,10.757,10.955,10.708,10.808,12684277,0
1997-03-24,10.883,11.179,10.856,11.151,12511686,0
1997-03-25,11.138,11.163,10.865,10.913,7457112,0
1997-03-26,10.915,10.915,10.74,10.839,6627150,0
1997-03-27,10.843,10.873,10.222,10.346,15354932,0
1997-03-31,10.369,10.545,10.242,10.493,16550919,0
1997-04-01,10.441,10.569,10.269,10.569,11587878,0
1997-04-02,10.569,10.569,10.32,10.419,15836846,0
1997-04-03,10.288,10.437,10.213,10.288,11958366,0
1997-04-04,10.221,10.295,10.073,10.273,13405341,0
1997-04-07,10.319,10.569,10.271,10.545,19358537,0
1997-04-08,10.591,10.641,10.544,10.569,14177863,0
1997-04-09,10.539,10.563,10.236,10.288,8198850,0
1997-04-10,10.345,10.494,10.221,10.395,11255642,0
1997-04-11,10.337,10.363,10.14,10.163,15771636,0
1997-04-14,10.039,10.039,9.839,9.966,12608466,0
1997-04-15,10.095,10.445,10.073,10.273,11057232,0
1997-04-16,10.221,10.419,10.145,10.419,12042488,0
1997-04-17,10.388,10.388,10.236,10.288,8426123,0
1997-04-18,10.265,10.289,10.164,10.189,10467591,0
1997-04-21,10.237,10.237,10.038,10.141,5531859,0
1997-04-22,10.167,10.493,10.043,10.493,10743438,0
1997-04-23,10.495,10.52,10.273,10.346,9029074,0
1997-04-24,10.265,10.337,10.038,10.114,11455991,0
1997-04-25,10.021,10.42,10.021,10.369,16823634,0
1997-04-28,10.392,10.618,10.367,10.618,14102472,0
1997-04-29,10.789,11.114,10.789,11.038,20303481,0
1997-04-30,10.964,11.086,10.938,11.086,16140578,0
1997-05-01,10.988,11.065,10.913,10.988,16880947,0
1997-05-02,11.045,11.171,10.946,11.121,19056941,0
1997-05-05,11.168,11.368,11.066,11.368,13845351,0
1997-05-06,11.369,11.479,11.268,11.316,15079602,0
1997-05-07,11.312,11.312,11.038,11.038,14845437,0
1997-05-08,11.193,11.568,11.143,11.294,27732425,0
1997-05-09,11.392,11.443,11.242,11.268,12307102,0
1997-05-12,11.241,11.468,11.168,11.392,13881467,0
1997-05-13,11.417,11.417,11.24,11.368,15061259,0
1997-05-14,11.417,11.468,11.241,11.316,7578329,0
1997-05-15,11.268,11.491,11.192,11.442,12775278,0
1997-05-16,11.415,11.49,11.34,11.467,14524132,0
1997-05-19,11.416,11.543,11.391,11.491,7708936,0
1997-05-20,11.439,11.615,11.315,11.564,8998293,0
1997-05-21,11.543,11.593,11.219,11.368,10507855,0
1997-05-22,11.419,11.419,11.068,11.17,11255388,0
1997-05-23,11.118,11.417,11.118,11.368,8151095,0
1997-05-27,11.415,11.591,11.389,11.516,14632854,0
1997-05-28,11.516,11.666,11.49,11.591,18376740,0
1997-05-29,11.591,11.616,11.415,11.467,11239387,0
1997-05-30,11.415,11.765,11.388,11.688,12426700,0
1997-06-02,11.687,11.79,11.564,11.665,8550602,0
1997-06-03,11.615,11.738,11.516,11.64,8092278,0
1997-06-04,11.543,11.543,11.368,11.442,8060854,0
1997-06-05,11.419,11.443,11.22,11.243,7693207,0
1997-06-06,11.239,11.812,11.216,11.79,13274607,0
1997-06-09,11.765,11.765,11.515,11.564,11064192,0
1997-06-10,11.615,11.64,11.49,11.564,26681581,0
1997-06-11,11.592,11.642,11.467,11.491,9373218,0
1997-06-12,11.514,11.839,11.488,11.79,11149428,0
1997-06-13,11.869,12.142,11.843,12.118,16939687,0
1997-06-16,12.064,12.142,12.018,12.118,13337198,0
1997-06-17,12.093,12.267,11.99,12.191,19828287,0
1997-06-18,12.095,12.144,12.02,12.045,9380103,0
1997-06-19,11.794,12.142,11.769,12.118,13747481,0
1997-06-20,12.192,12.221,12.066,12.094,20928272,0
1997-06-23,12.045,12.094,11.971,11.971,11273348,0
1997-06-24,11.97,12.143,11.844,12.143,13426437,0
1997-06-25,12.066,12.106,11.593,11.753,13006818,0
1997-06-26,11.706,12.019,11.669,12.019,13932438,0
1997-06-27,12.015,12.042,11.89,11.978,12548991,0
1997-06-30,11.978,12.366,11.917,12.366,11840588,0
1997-07-01,12.305,12.305,12.168,12.168,9128675,0
1997-07-02,12.187,12.226,12.101,12.176,10028418,0
1997-07-03,12.249,12.39,12.249,12.314,6397464,0
1997-07-07,12.376,12.437,12.3,12.396,16722988,0
1997-07-08,12.353,12.441,12.324,12.441,8711651,0
1997-07-09,12.468,12.477,11.965,12.075,12346376,0
1997-07-10,12.228,12.456,12.179,12.456,10027498,0
1997-07-11,12.382,12.458,12.18,12.191,8893388,0
1997-07-14,12.106,12.18,11.875,11.904,13598104,0
1997-07-15,11.868,11.928,11.78,11.828,13746437,0
1997-07-16,11.82,11.948,11.734,11.772,10829895,0
1997-07-17,11.713,11.725,11.271,11.384,16743454,0
1997-07-18,11.36,11.498,11.183,11.36,22983919,0
1997-07-21,11.422,11.524,11.334,11.384,16137313,0
1997-07-22,11.427,11.828,11.427,11.828,14601678,0
1997-07-23,11.952,11.987,11.824,11.838,14769367,0
1997-07-24,11.828,11.828,11.528,11.64,15153394,0
1997-07-25,11.638,11.79,11.625,11.715,9985040,0
1997-07-28,11.684,11.901,11.684,11.887,7080150,0
1997-07-29,11.89,11.927,11.791,11.904,7990762,0
1997-07-30,11.877,12.108,11.842,12.065,10937847,0
1997-07-31,12.051,12.051,11.798,11.912,9656997,0
1997-08-01,11.906,11.956,11.69,11.753,13686479,0
1997-08-04,11.78,11.878,11.655,11.828,12465064,0
1997-08-05,11.836,11.851,11.648,11.672,8537643,0
1997-08-06,11.683,11.872,11.671,11.723,10580647,0
1997-08-07,11.734,11.788,11.61,11.672,11024100,0
1997-08-08,11.666,11.717,11.477,11.615,10615348,0
1997-08-11,11.81,11.822,11.61,11.672,13314785,0
1997-08-12,11.768,11.941,11.655,11.753,11648257,0
1997-08-13,11.812,11.824,11.462,11.573,10179868,0
1997-08-14,11.697,11.734,11.431,11.533,9563293,0
1997-08-15,11.339,11.439,11.224,11.326,11563595,0
1997-08-18,11.402,11.427,11.035,11.376,11477075,0
1997-08-19,11.337,11.4,11.022,11.235,8005213,0
1997-08-20,11.219,11.295,11.154,11.243,10777573,0
1997-08-21,11.272,11.335,11.159,11.261,10834949,0
1997-08-22,11.208,11.208,10.842,11.144,12702948,0
1997-08-25,11.21,11.308,10.958,11.047,8727334,0
1997-08-26,11.004,11.107,10.943,11.004,10506842,0
1997-08-27,11.05,11.2,10.998,11.161,9826936,0
1997-08-28,11.159,11.159,10.933,10.996,12385032,0
1997-08-29,10.92,11.009,10.782,10.948,10151646,0
1997-09-02,10.921,11.235,10.897,11.235,14255000,0
1997-09-03,11.36,11.535,11.32,11.36,16943048,0
1997-09-04,11.362,11.55,11.348,11.499,9134331,0
1997-09-05,11.727,11.727,11.475,11.475,11505649,0
1997-09-08,11.563,11.665,11.451,11.475,8947405,0
1997-09-09,11.487,11.602,11.451,11.475,8846068,0
1997-09-10,11.497,11.549,11.41,11.433,9684108,0
1997-09-11,11.464,11.526,11.311,11.4,12359730,0
1997-09-12,11.452,11.615,11.376,11.615,10699787,0
1997-09-15,11.557,11.711,11.533,11.582,7670479,0
1997-09-16,11.671,12.214,11.66,12.15,19464744,0
1997-09-17,12.092,12.092,11.841,11.855,11528782,0
1997-09-18,11.954,12.064,11.916,11.978,11770345,0
1997-09-19,11.999,12.15,11.923,12.15,18209495,0
1997-09-22,12.139,12.306,12.075,12.075,10736628,0
1997-09-23,12.101,12.226,11.998,12.199,8646186,0
1997-09-24,12.252,12.306,11.937,12.075,16935152,0
1997-09-25,12.118,12.17,11.752,11.804,11189199,0
1997-09-26,11.747,11.936,11.747,11.887,8819135,0
1997-09-29,11.835,12.2,11.773,12.15,11628158,0
1997-09-30,12.151,12.379,12.125,12.366,28067272,0
1997-10-01,12.468,12.53,12.368,12.53,24578460,0
1997-10-02,12.479,12.506,12.357,12.405,11669121,0
1997-10-03,12.533,12.658,12.407,12.57,21014303,0
1997-10-06,12.608,12.772,12.543,12.744,9960399,0
1997-10-07,12.77,13.056,12.742,13.031,12943402,0
1997-10-08,13.01,13.02,12.717,12.818,9332824,0
1997-10-09,12.769,12.918,12.64,12.844,11935712,0
1997-10-10,12.793,13.011,12.728,12.983,10851021,0
1997-10-13,12.98,12.992,12.866,12.917,10166651,0
1997-10-14,12.971,12.995,12.846,12.959,8081285,0
1997-10-15,12.898,13.353,12.851,13.353,20561855,0
1997-10-16,13.38,13.402,13.087,13.098,17750219,0
1997-10-17,13.011,13.136,12.758,12.983,11599028,0
1997-10-20,13.011,13.011,12.857,12.983,11055290,0
1997-10-21,12.932,13.197,12.919,13.173,7984875,0
1997-10-22,13.163,13.264,13.034,13.239,9903017,0
1997-10-23,13.162,13.186,12.998,13.075,10449175,0
1997-10-24,13.217,13.43,12.962,13.188,15467289,0
1997-10-27,13.135,13.348,12.792,12.792,18398791,0
1997-10-28,12.418,12.951,12.165,12.899,22451702,0
1997-10-29,12.885,13.063,12.708,12.885,21834123,0
1997-10-30,12.85,13,12.748,12.949,14613734,0
1997-10-31,12.951,12.963,12.732,12.899,15617547,0
1997-11-03,12.962,13.164,12.949,13.164,13031868,0
1997-11-04,13.16,13.212,13.046,13.197,11623155,0
1997-11-05,13.176,13.276,12.922,13.075,10180791,0
1997-11-06,13.022,13.063,12.795,12.859,15775724,0
1997-11-07,12.771,12.972,12.707,12.935,12382386,0
1997-11-10,12.97,13.235,12.97,13.173,11995574,0
1997-11-11,13.161,13.618,13.096,13.618,19780174,0
1997-11-12,13.57,13.743,13.503,13.618,23702657,0
1997-11-13,13.565,13.893,13.462,13.65,16056214,0
1997-11-14,13.506,13.835,13.506,13.824,15867596,0
1997-11-17,13.818,13.983,13.818,13.957,9964418,0
1997-11-18,13.908,14.314,13.873,14.159,15643570,0
1997-11-19,13.961,14.29,13.922,14.278,11105713,0
1997-11-20,14.379,14.646,14.352,14.631,14557557,0
1997-11-21,14.451,14.613,14.26,14.426,16546797,0
1997-11-24,14.286,14.387,14.107,14.144,9491267,0
1997-11-25,14.188,14.364,13.996,14.048,11981474,0
1997-11-26,14.074,14.849,14.074,14.797,20993162,0
1997-11-28,14.799,14.799,14.712,14.724,4902000,0
1997-12-01,14.794,15.147,14.743,15.085,18715083,0
1997-12-02,15.136,15.188,14.567,14.68,15533748,0
1997-12-03,14.712,15.229,14.684,15.193,20341613,0
1997-12-04,15.152,15.203,14.757,14.821,13706947,0
1997-12-05,14.708,14.858,14.492,14.492,10936387,0
1997-12-08,14.554,14.694,14.505,14.659,9811003,0
1997-12-09,14.614,14.665,14.529,14.614,10912236,0
1997-12-10,14.568,14.664,14.444,14.584,9739422,0
1997-12-11,14.465,14.568,14.098,14.159,15632715,0
1997-12-12,14.395,14.724,14.294,14.724,18666859,0
1997-12-15,14.809,15.049,14.796,14.985,16977343,0
1997-12-16,14.981,15.045,14.881,15.019,11747255,0
1997-12-17,15.058,15.391,15.049,15.201,14989514,0
1997-12-18,15.211,15.39,14.996,15.39,13150899,0
1997-12-19,15.174,15.392,14.948,15.365,19411475,0
1997-12-22,15.317,15.408,15.205,15.408,14265996,0
1997-12-23,15.402,15.424,14.995,15.019,13698553,0
1997-12-24,15.075,15.09,14.913,14.913,5477496,0
1997-12-26,14.908,14.908,14.593,14.614,4557538,0
1997-12-29,14.669,14.937,14.669,14.888,9328372,0
1997-12-30,15.001,15.105,14.799,15.001,7944151,0
1997-12-31,14.985,15.059,14.833,14.847,7298278,0
1998-01-02,15,15.243,14.951,15.193,21522510,0
1998-01-05,14.996,14.996,14.515,14.753,29134879,0
1998-01-06,14.712,14.747,14.608,14.697,28687689,0
1998-01-07,14.727,14.879,14.624,14.879,19798866,0
1998-01-08,14.687,14.739,14.533,14.739,18107841,0
1998-01-09,14.706,14.858,14.426,14.592,16063282,0
1998-01-12,14.483,14.813,14.469,14.813,15717053,0
1998-01-13,14.891,14.954,14.799,14.954,12947734,0
1998-01-14,14.962,15.01,14.91,15.01,11868633,0
1998-01-15,15.011,15.139,14.745,15.076,13313830,0
1998-01-16,15.141,15.285,15.092,15.141,14447026,0
1998-01-20,15.241,15.42,15.114,15.408,13703755,0
1998-01-21,15.335,15.335,15.054,15.306,8983985,0
1998-01-22,15.261,15.695,15.185,15.695,12347481,0
1998-01-23,15.512,15.568,15.296,15.422,14264805,0
1998-01-26,15.401,15.489,15.169,15.489,10490006,0
1998-01-27,15.589,16.112,15.589,15.869,19307931,0
1998-01-28,15.895,15.907,15.641,15.705,16978431,0
1998-01-29,15.706,15.984,15.691,15.959,19978526,0
1998-01-30,15.974,15.987,15.835,15.861,14254738,0
1998-02-02,15.894,16.112,15.894,16.035,16221029,0
1998-02-03,15.962,16.089,15.82,16.025,13857972,0
1998-02-04,15.982,16.058,15.894,16.008,9988744,0
1998-02-05,15.974,16.038,15.567,15.695,12727885,0
1998-02-06,15.739,15.88,15.716,15.843,10000314,0
1998-02-09,15.856,15.878,15.561,15.753,8161967,0
1998-02-10,15.727,15.856,15.652,15.779,11807298,0
1998-02-11,15.751,15.776,15.469,15.571,9956034,0
1998-02-12,15.524,15.69,15.283,15.612,13520403,0
1998-02-13,15.552,15.604,15.402,15.604,9709727,0
1998-02-17,15.662,15.877,15.61,15.662,9256090,0
1998-02-18,15.624,15.827,15.599,15.827,10078216,0
1998-02-19,15.82,15.82,15.629,15.695,8160083,0
1998-02-20,15.692,15.707,15.501,15.677,10643041,0
1998-02-23,15.704,15.728,15.398,15.612,7896872,0
1998-02-24,15.504,15.516,15.161,15.325,13187433,0
1998-02-25,15.408,15.586,15.395,15.571,7822596,0
1998-02-26,15.576,15.642,15.488,15.563,7821574,0
1998-02-27,15.5,15.5,15.258,15.422,6964228,0
1998-03-02,15.375,15.732,15.325,15.695,11274895,0
1998-03-03,15.601,15.64,15.486,15.612,12440617,0
1998-03-04,15.612,15.612,15.347,15.472,8045645,0
1998-03-05,15.375,15.402,15.21,15.325,8270699,0
1998-03-06,15.333,15.854,15.317,15.827,10770695,0
1998-03-09,15.797,15.924,15.731,15.885,8708204,0
1998-03-10,15.86,15.934,15.668,15.77,7282218,0
1998-03-11,15.816,16.085,15.766,16.008,9822021,0
1998-03-12,15.973,16.331,15.962,16.19,10544221,0
1998-03-13,16.188,16.392,16.188,16.24,8767412,0
1998-03-16,16.342,16.571,16.329,16.543,8132455,0
1998-03-17,16.443,16.494,16.288,16.355,10574201,0
1998-03-18,16.303,16.709,16.276,16.686,12393777,0
1998-03-19,16.723,17.08,16.696,17.08,12773274,0
1998-03-20,17.183,18.023,16.948,17.896,11189579,0
1998-03-23,17.973,18.485,17.95,18.356,10917971,0
1998-03-24,18.534,18.864,18.409,18.762,7646180,0
1998-03-25,18.76,18.988,18.149,18.225,7085551,0
1998-03-26,18.171,18.199,17.614,17.714,7946298,0
1998-03-27,17.869,17.869,17.285,17.639,5064775,0
1998-03-30,17.639,18,17.616,17.639,4305229,0
1998-03-31,17.596,18.029,17.596,17.69,5847318,0
1998-04-01,17.595,17.619,17.338,17.542,4435872,0
1998-04-02,17.512,17.946,17.41,17.896,4592688,0
1998-04-03,17.951,18.106,17.748,18.052,5618507,0
1998-04-06,18.252,18.33,17.82,17.946,6039641,0
1998-04-07,17.915,17.994,17.45,17.634,5071748,0
1998-04-08,17.63,17.653,16.862,16.992,5521050,0
1998-04-09,17.037,17.17,16.913,17.037,4620437,0
1998-04-13,16.785,16.811,16.22,16.453,6673292,0
1998-04-14,16.528,16.606,16.297,16.453,5696967,0
1998-04-15,16.507,16.507,16.175,16.379,3882461,0
1998-04-16,16.302,16.71,16.2,16.405,5824868,0
1998-04-17,16.555,17.297,16.555,17.037,5728047,0
1998-04-20,16.943,16.971,16.533,16.767,5069389,0
1998-04-21,16.731,17.013,16.501,16.834,6203349,0
1998-04-22,16.914,17.376,16.863,17.246,5161600,0
1998-04-23,17.142,17.194,16.731,17.014,6551304,0
1998-04-24,17.119,17.173,16.63,16.707,6264016,0
1998-04-27,16.457,16.508,16.15,16.429,4595633,0
1998-04-28,16.457,16.559,16.302,16.379,6940492,0
1998-04-29,16.607,16.629,16.376,16.528,3563021,0
1998-04-30,16.81,17.219,16.705,16.992,7122117,0
1998-05-01,17.093,17.273,16.938,17.22,6641863,0
1998-05-04,17.833,17.912,17.652,17.683,8445325,0
1998-05-05,17.661,17.661,17.382,17.483,5455043,0
1998-05-06,17.483,17.533,17.406,17.533,4299508,0
1998-05-07,17.528,17.528,17.347,17.377,5488933,0
1998-05-08,17.274,17.632,17.221,17.377,4289497,0
1998-05-11,16.869,16.921,15.793,15.918,25175870,0
1998-05-12,16.148,16.222,16.046,16.174,17300762,0
1998-05-13,16.195,16.249,15.58,15.604,15656392,0
1998-05-14,15.736,15.807,15.401,15.532,9949063,0
1998-05-15,15.531,15.531,15.222,15.325,10175889,0
1998-05-18,15.327,15.604,15.248,15.58,9389380,0
1998-05-19,15.579,15.68,15.326,15.4,9136771,0
1998-05-20,15.584,16.276,15.534,16.222,10236036,0
1998-05-21,16.296,16.399,16.171,16.296,6813874,0
1998-05-22,16.299,16.479,15.943,15.992,7889754,0
1998-05-26,16.02,16.072,15.638,15.638,7123445,0
1998-05-27,15.58,15.709,15.272,15.58,7758140,0
1998-05-28,15.606,16.071,15.557,15.992,8821102,0
1998-05-29,16.017,16.197,15.71,15.943,5469409,0
1998-06-01,15.839,16.045,15.839,15.992,4778190,0
1998-06-02,16.072,16.429,16.072,16.429,7083034,0
1998-06-03,16.328,16.357,15.766,15.892,4085397,0
1998-06-04,15.939,16.272,15.863,16.092,4987813,0
1998-06-05,16.12,16.889,16.096,16.889,9550724,0
1998-06-08,16.785,16.785,16.426,16.453,5704525,0
1998-06-09,16.457,16.61,16.327,16.405,4855359,0
1998-06-10,16.351,16.556,16.119,16.504,5370059,0
1998-06-11,16.399,16.399,16.146,16.248,3903845,0
1998-06-12,16.017,16.66,15.943,16.66,7115748,0
1998-06-15,16.608,16.608,15.992,15.992,6786232,0
1998-06-16,16.066,16.193,15.734,16.041,6722974,0
1998-06-17,16.117,16.452,16.117,16.296,6953636,0
1998-06-18,16.199,16.354,15.945,16.222,5624988,0
1998-06-19,15.99,16.606,15.99,16.477,8037348,0
1998-06-22,16.401,16.528,16.25,16.504,6582459,0
1998-06-23,16.813,16.917,16.687,16.917,6387991,0
1998-06-24,16.503,16.503,15.913,16.296,13319448,0
1998-06-25,16.4,16.606,16.351,16.453,9580799,0
1998-06-26,16.659,16.707,16.426,16.528,4767847,0
1998-06-29,16.658,16.811,16.273,16.321,7988241,0
1998-06-30,16.097,16.405,15.764,16.405,11098902,0
1998-07-01,16.092,16.321,15.99,16.248,8760662,0
1998-07-02,16.175,16.405,16.149,16.355,4577204,0
1998-07-06,16.302,16.585,16.277,16.429,3675383,0
1998-07-07,16.4,16.452,16.273,16.321,7452617,0
1998-07-08,16.24,16.343,16.209,16.287,5494540,0
1998-07-09,16.265,16.343,16.209,16.265,4733572,0
1998-07-10,16.269,16.603,16.244,16.552,6050585,0
1998-07-13,16.499,16.524,16.244,16.421,5661434,0
1998-07-14,16.499,16.552,16.317,16.395,7152423,0
1998-07-15,16.421,16.449,16.061,16.345,9863108,0
1998-07-16,16.395,16.884,16.37,16.809,10051207,0
1998-07-17,16.912,17.092,16.703,16.809,8062690,0
1998-07-20,16.829,16.907,16.699,16.881,3923456,0
1998-07-21,16.912,17.22,16.861,17.195,6864404,0
1998-07-22,17.121,17.636,17.073,17.483,7490908,0
1998-07-23,17.524,17.524,17.033,17.066,8011132,0
1998-07-24,17.014,17.634,17.014,17.402,5259935,0
1998-07-27,17.529,17.761,17.117,17.171,7134970,0
1998-07-28,17.066,17.372,16.651,16.857,5771811,0
1998-07-29,17.113,17.167,16.907,17.113,4039158,0
1998-07-30,17.22,17.402,17.143,17.195,3711137,0
1998-07-31,17.191,17.191,16.804,16.881,4535293,0
1998-08-03,16.679,17.066,16.62,17.066,4878704,0
1998-08-04,17.243,17.243,16.313,16.445,8380558,0
1998-08-05,16.083,16.313,15.875,16.24,7516966,0
1998-08-06,16.313,16.881,16.313,16.496,7536668,0
1998-08-07,16.391,16.496,16.057,16.108,5485533,0
1998-08-10,16.213,16.244,15.984,16.008,5374768,0
1998-08-11,16.083,16.161,15.67,15.901,6197706,0
1998-08-12,15.802,16.087,15.728,16.008,4850623,0
1998-08-13,15.875,16.313,15.875,16.287,4100898,0
1998-08-14,16.136,16.287,15.853,16.035,5340993,0
1998-08-17,15.831,16.603,15.831,16.603,5269210,0
1998-08-18,16.391,16.699,16.313,16.52,4030358,0
1998-08-19,16.599,16.62,16.343,16.496,4590532,0
1998-08-20,16.499,16.834,16.499,16.577,3065663,0
1998-08-21,16.345,16.625,15.984,16.552,5740017,0
1998-08-24,16.651,17.011,16.651,16.699,4325021,0
1998-08-25,16.907,17.167,16.367,16.496,6129683,0
1998-08-26,16.395,16.682,16.317,16.625,6565548,0
1998-08-27,16.391,16.726,15.827,15.875,6718826,0
1998-08-28,15.832,16.655,15.779,16.345,8781350,0
1998-08-31,16.446,16.621,15.621,15.695,8124767,0
1998-09-01,15.67,16.108,14.433,16.057,9490364,0
1998-09-02,15.985,16.009,15.263,15.341,6295077,0
1998-09-03,15.161,15.365,14.851,15.315,6965377,0
1998-09-04,15.284,15.646,15.156,15.489,5579265,0
1998-09-08,15.468,16.038,14.977,15.984,5341790,0
1998-09-09,16.14,16.395,15.88,15.959,4309259,0
1998-09-10,15.67,15.875,15.439,15.646,4370708,0
1998-09-11,15.257,16.496,15.105,16.496,5471293,0
1998-09-14,16.547,16.777,16.47,16.651,5810822,0
1998-09-15,16.699,16.857,16.573,16.651,4787948,0
1998-09-16,16.496,16.725,16.186,16.679,5226638,0
1998-09-17,16.449,16.499,16.087,16.165,3923101,0
1998-09-18,16.47,17.088,16.119,17.088,8516032,0
1998-09-21,16.881,16.987,16.699,16.907,5569331,0
1998-09-22,16.907,17.011,16.699,16.881,4828962,0
1998-09-23,16.967,17.533,16.939,17.533,5765571,0
1998-09-24,17.423,17.706,17.011,17.32,6198457,0
1998-09-25,17.195,17.79,17.117,17.22,6032818,0
1998-09-28,16.962,17.996,16.935,17.789,7939606,0
1998-09-29,17.818,18.255,17.69,18.177,8940493,0
1998-09-30,17.969,18.515,17.922,18.308,9985313,0
1998-10-01,18.2,18.717,17.995,18.688,13477196,0
1998-10-02,18.721,19.412,18.563,19.182,11958964,0
1998-10-05,19.074,20.056,19.048,19.9,11713280,0
1998-10-06,19.591,20.264,19.36,19.514,11012163,0
1998-10-07,19.484,19.874,19.331,19.874,9724974,0
1998-10-08,19.532,19.789,19.245,19.709,15096362,0
1998-10-09,19.59,19.615,18.368,18.4,10590016,0
1998-10-12,18.087,18.55,17.051,17.229,10495614,0
1998-10-13,17.773,17.821,17.225,17.773,11978873,0
1998-10-14,17.797,18.131,17.615,17.978,8003000,0
1998-10-15,17.8,18.812,17.749,18.475,8824099,0
1998-10-16,18.523,18.547,17.407,17.773,10590841,0
1998-10-19,17.614,17.77,17.253,17.483,5431559,0
1998-10-20,17.877,18.054,17.615,17.773,8332783,0
1998-10-21,18.005,18.054,17.535,17.821,6318508,0
1998-10-22,17.825,17.93,17.641,17.93,5702610,0
1998-10-23,17.951,18.264,17.462,17.591,7860647,0
1998-10-26,17.927,18.809,17.9,18.523,18716427,0
1998-10-27,18.622,19.015,18.442,18.91,13895235,0
1998-10-28,18.938,19.04,18.523,18.547,8661483,0
1998-10-29,18.546,18.753,18.418,18.753,7378361,0
1998-10-30,18.966,19.2,18.917,19.2,8414553,0
1998-11-02,19.274,19.328,18.913,19.093,7293283,0
1998-11-03,19.406,19.874,19.227,19.874,8853473,0
1998-11-04,19.872,20.001,19.198,19.56,8367697,0
1998-11-05,19.614,20.082,19.405,19.923,8893402,0
1998-11-06,19.899,20.16,19.792,20.056,5994938,0
1998-11-09,20.025,20.078,19.744,19.744,5236902,0
1998-11-10,19.641,20.082,19.59,19.923,5391667,0
1998-11-11,19.919,20.051,19.742,19.998,5059704,0
1998-11-12,20.073,20.073,19.503,19.709,7590892,0
1998-11-13,19.687,19.894,19.43,19.477,6074880,0
1998-11-16,19.512,19.9,19.512,19.849,5498405,0
1998-11-17,19.947,20.462,19.916,20.411,8322876,0
1998-11-18,20.21,20.21,19.899,20.056,7939214,0
1998-11-19,20.049,20.435,20.021,20.435,4885125,0
1998-11-20,20.625,20.649,20.368,20.649,5841077,0
1998-11-23,20.697,20.882,20.413,20.882,7223218,0
1998-11-24,20.882,20.904,20.689,20.882,6960705,0
1998-11-25,20.826,21.137,20.723,20.882,6050111,0
1998-11-27,20.675,20.802,20.644,20.724,2215585,0
1998-11-30,20.575,20.68,19.771,19.874,4762023,0
1998-12-01,19.998,20.181,19.663,19.974,5787822,0
1998-12-02,19.849,19.954,19.59,19.874,4747309,0
1998-12-03,19.87,20.26,19.817,20.024,7033353,0
1998-12-04,20.106,20.934,20.106,20.78,6401417,0
1998-12-07,20.674,20.904,20.492,20.882,4834059,0
1998-12-08,20.75,20.852,20.415,20.516,6616228,0
1998-12-09,20.517,20.573,19.952,20.31,4158549,0
1998-12-10,20.369,20.857,20.369,20.575,4906497,0
1998-12-11,20.754,20.887,20.312,20.649,5605165,0
1998-12-14,20.494,20.62,19.688,19.949,5169171,0
1998-12-15,19.996,20.515,19.868,20.411,4773856,0
1998-12-16,20.471,20.702,20.266,20.575,4631998,0
1998-12-17,20.801,21.135,20.363,20.383,8446606,0
1998-12-18,20.364,20.775,20.231,20.724,8041063,0
1998-12-21,20.545,22.076,20.545,22.076,6076023,0
1998-12-22,21.972,21.972,21.301,21.506,6167442,0
1998-12-23,21.423,21.861,21.135,21.861,4769437,0
1998-12-24,21.814,22.125,21.785,21.919,1918443,0
1998-12-28,21.867,22.234,21.788,22.234,4042968,0
1998-12-29,22.127,22.59,22.023,22.438,4216151,0
1998-12-30,22.54,22.746,22.045,22.174,4828030,0
1998-12-31,21.972,22.309,21.715,22.234,4653994,0
1999-01-04,21.915,22.538,21.423,21.81,8277523,0
1999-01-05,21.709,21.99,21.678,21.81,6784651,0
1999-01-06,21.831,22.48,21.778,22.48,7701435,0
1999-01-07,23.832,23.832,23.13,23.262,10512497,0
1999-01-08,23.373,24.02,23.238,24.02,7716513,0
1999-01-11,23.961,23.992,22.325,22.95,8771814,0
1999-01-12,22.9,23.085,22.382,22.382,6902073,0
1999-01-13,22.067,23.339,22.041,22.585,7763790,0
1999-01-14,22.329,22.795,22.272,22.585,7717672,0
1999-01-15,22.791,23.288,22.582,23.288,6549033,0
1999-01-19,23.524,24.667,23.316,24.566,9542074,0
1999-01-20,24.959,24.959,24.28,24.359,8740567,0
1999-01-21,24.561,24.561,23.367,23.807,9854126,0
1999-01-22,23.417,23.731,23.184,23.576,11383501,0
1999-01-25,23.578,23.706,22.585,22.611,11828598,0
1999-01-26,22.504,22.895,21.285,22.48,14549608,0
1999-01-27,22.582,22.661,22.377,22.429,9430805,0
1999-01-28,22.325,22.766,22.325,22.504,7904746,0
1999-01-29,22.48,22.871,21.935,22.48,6837124,0
1999-02-01,22.511,22.511,21.782,21.885,6034596,0
1999-02-02,21.778,21.805,21.102,21.622,7036186,0
1999-02-03,21.598,21.78,21.259,21.417,6763848,0
1999-02-04,21.338,21.417,20.84,21.128,6407300,0
1999-02-05,21.13,21.341,21.081,21.211,7569917,0
1999-02-08,21.52,21.52,21.105,21.39,8105716,0
1999-02-09,21.34,21.938,21.312,21.705,8532385,0
1999-02-10,21.778,21.911,21.543,21.648,8089629,0
1999-02-11,21.625,21.912,21.498,21.753,5015068,0
1999-02-12,21.779,21.911,20.973,21.152,3961554,0
1999-02-16,21.156,21.313,20.948,21.185,6572173,0
1999-02-17,21.26,21.939,21.184,21.234,8743010,0
1999-02-18,21.436,21.878,21.254,21.803,4897704,0
1999-02-19,21.443,21.86,21.156,21.523,7075806,0
1999-02-22,21.548,22.877,21.548,22.719,6275533,0
1999-02-23,22.898,22.898,21.625,21.729,7864534,0
1999-02-24,21.879,22.581,21.856,22.48,6835682,0
1999-02-25,22.249,22.249,21.417,21.912,7207042,0
1999-02-26,21.883,22.094,21.468,22.018,5824339,0
1999-03-01,21.959,21.959,21.359,21.622,5435384,0
1999-03-02,21.672,21.702,20.663,21.597,6386088,0
1999-03-03,20.741,20.897,20.322,20.429,7384385,0
1999-03-04,20.505,20.921,20.427,20.559,8616079,0
1999-03-05,21.131,21.652,21.026,21.574,8338039,0
1999-03-08,21.75,21.75,21.179,21.357,5972453,0
1999-03-09,21.389,22.063,21.256,21.648,6948345,0
1999-03-10,21.602,21.626,21.131,21.523,4139863,0
1999-03-11,21.463,22.189,21.463,22.189,4951685,0
1999-03-12,22.484,22.508,21.754,22.093,5764493,0
1999-03-15,22.089,22.4,22.013,22.142,5078177,0
1999-03-16,22.041,22.38,21.859,22.226,4772370,0
1999-03-17,22.041,22.041,21.339,21.39,5945202,0
1999-03-18,21.498,21.807,21.441,21.705,5396358,0
1999-03-19,21.676,21.859,21.051,21.234,9359294,0
1999-03-22,21.254,21.492,20.917,20.996,4574655,0
1999-03-23,21.108,21.108,19.963,20.22,6765715,0
1999-03-24,20.455,20.715,19.938,20.667,8529539,0
1999-03-25,20.632,20.632,20.245,20.245,6400403,0
1999-03-26,20.271,20.271,19.724,19.776,6604146,0
1999-03-29,20.01,20.192,19.959,20.113,7264169,0
1999-03-30,19.827,19.93,19.172,19.356,10359123,0
1999-03-31,19.669,20.213,19.621,19.643,11234548,0
1999-04-01,20.145,20.714,19.985,20.714,10148427,0
1999-04-05,20.607,21.232,20.398,21.152,9034556,0
1999-04-06,21.153,21.208,20.792,21.078,7630258,0
1999-04-07,21.155,21.838,21.05,21.838,8483201,0
1999-04-08,21.756,22.305,21.676,22.174,9116229,0
1999-04-09,22.069,22.094,21.65,21.729,8272420,0
1999-04-12,21.541,22.717,21.541,22.564,7317153,0
1999-04-13,22.488,22.545,21.708,21.838,5300625,0
1999-04-14,21.91,21.91,21.331,21.54,9322483,0
1999-04-15,21.437,21.648,21.179,21.335,5595658,0
1999-04-16,21.34,21.915,21.34,21.838,7108927,0
1999-04-19,21.94,22.802,21.861,22.151,9466223,0
1999-04-20,22.171,22.85,22.171,22.85,12727491,0
1999-04-21,22.856,23.823,22.722,23.823,14619625,0
1999-04-22,23.821,23.821,23.063,23.715,10152401,0
1999-04-23,23.64,23.64,23.142,23.246,7715179,0
1999-04-26,23.214,23.422,22.899,22.923,5211406,0
1999-04-27,23.032,23.216,22.851,23.032,6868231,0
1999-04-28,23.057,23.342,22.923,23.214,6020024,0
1999-04-29,23.399,23.842,23.165,23.32,7413565,0
1999-04-30,23.375,23.764,22.902,23.32,9464721,0
1999-05-03,23.318,23.343,22.795,22.899,7270080,0
1999-05-04,22.984,23.009,22.511,22.825,7633395,0
1999-05-05,22.85,23.085,22.693,22.876,5452474,0
1999-05-06,22.54,22.774,21.938,22.382,5531070,0
1999-05-07,22.46,22.72,22.382,22.668,5832062,0
1999-05-10,22.647,22.647,21.809,22.151,4057193,0
1999-05-11,22.173,22.195,21.65,22.068,6146000,0
1999-05-12,21.804,22.612,21.541,22.299,7744954,0
1999-05-13,22.272,22.458,22.118,22.249,5558159,0
1999-05-14,21.706,22.198,21.546,22.198,5790925,0
1999-05-17,22.254,22.254,21.522,21.861,5264626,0
1999-05-18,21.75,21.777,20.913,21.201,7506048,0
1999-05-19,21.417,21.675,21.361,21.44,5408060,0
1999-05-20,21.466,21.938,21.466,21.753,5249948,0
1999-05-21,21.755,21.755,21.023,21.103,4228267,0
1999-05-24,21.358,21.648,21.23,21.309,5494442,0
1999-05-25,21.498,22.174,21.128,21.128,6812194,0
1999-05-26,21.39,22.197,21.361,21.705,6686565,0
1999-05-27,21.543,21.78,21.019,21.019,6219458,0
1999-05-28,20.973,21.6,20.973,21.39,5445162,0
1999-06-01,21.497,21.705,20.919,21.705,5682172,0
1999-06-02,21.751,21.986,21.568,21.648,5233840,0
1999-06-03,21.778,21.805,21.228,21.671,4291519,0
1999-06-04,21.781,22.464,21.706,22.464,6886519,0
1999-06-07,22.457,22.585,22.271,22.585,4091851,0
1999-06-08,22.587,23.007,22.587,23.007,7127737,0
1999-06-09,23.032,23.19,22.926,23.032,5032957,0
1999-06-10,22.902,23.007,22.509,23.007,6800228,0
1999-06-11,22.956,22.956,22.352,22.585,6380797,0
1999-06-14,22.665,22.9,22.585,22.85,9583871,0
1999-06-15,22.795,22.979,22.795,22.923,7331641,0
1999-06-16,22.957,22.982,22.825,22.957,4845540,0
1999-06-17,22.851,23.032,22.719,23.007,7033786,0
1999-06-18,23.01,23.14,22.881,23.089,11184308,0
1999-06-21,23.007,23.032,22.614,23.032,4824020,0
1999-06-22,23.008,23.062,22.54,22.668,5347752,0
1999-06-23,22.745,22.822,22.171,22.272,5936702,0
1999-06-24,22.272,22.272,21.334,21.648,9971618,0
1999-06-25,21.648,21.96,21.648,21.936,5967081,0
1999-06-28,22.253,22.512,22.197,22.512,6983789,0
1999-06-29,22.512,22.8,22.094,22.8,11385253,0
1999-06-30,23.005,24.26,22.877,24.26,15892623,0
1999-07-01,24.05,24.05,23.214,23.477,9053477,0
1999-07-02,23.449,23.477,23.084,23.477,5927186,0
1999-07-06,23.32,23.739,23.32,23.32,6374841,0
1999-07-07,23.377,23.872,23.347,23.872,5083795,0
1999-07-08,23.742,24.113,23.637,23.691,5772410,0
1999-07-09,23.715,23.715,23.19,23.715,7715657,0
1999-07-12,23.637,23.637,23.218,23.452,5468162,0
1999-07-13,23.34,23.446,23.054,23.132,3797910,0
1999-07-14,23.293,23.293,22.976,23.055,7179286,0
1999-07-15,23.266,23.946,23.213,23.946,7063243,0
1999-07-16,24.055,24.998,23.95,24.869,7854395,0
1999-07-19,24.841,24.841,23.841,23.971,8912186,0
1999-07-20,24.08,24.66,24.005,24.424,10716447,0
1999-07-21,24.424,24.765,24.322,24.424,11347372,0
1999-07-22,24.365,24.365,23.63,24.209,9353894,0
1999-07-23,24.132,24.212,23.869,24.078,5797966,0
1999-07-26,24.004,24.394,23.9,24.03,7843124,0
1999-07-27,24.214,24.635,24.055,24.45,6742061,0
1999-07-28,24.347,24.372,24.081,24.135,6233447,0
1999-07-29,23.976,23.976,23.425,23.715,7660208,0
1999-07-30,23.714,24.08,23.45,24.005,8407736,0
1999-08-02,24.053,25.079,24.053,24.738,8230500,0
1999-08-03,24.74,25.16,24.264,24.424,8616379,0
1999-08-04,24.319,24.526,23.922,23.946,7473605,0
1999-08-05,23.896,24.285,23.656,24.209,8435073,0
1999-08-06,24.156,24.26,23.944,24.26,7148763,0
1999-08-09,24.075,24.445,24.075,24.235,5176211,0
1999-08-10,24.183,24.342,23.186,23.477,7116597,0
1999-08-11,23.53,23.741,23.189,23.32,5763890,0
1999-08-12,23.372,23.396,23.132,23.132,5559161,0
1999-08-13,23.213,23.686,23.161,23.526,6739609,0
1999-08-16,23.476,23.476,22.92,23.106,5480734,0
1999-08-17,23.374,23.61,23.345,23.583,5958563,0
1999-08-18,23.558,23.558,22.878,22.982,5882517,0
1999-08-19,22.262,22.578,22.006,22.291,7740525,0
1999-08-20,22.424,22.5,21.69,21.796,6919870,0
1999-08-23,21.739,21.869,21.164,21.424,11738589,0
1999-08-24,21.24,21.659,21.214,21.424,6832196,0
1999-08-25,21.534,22.084,21.534,21.904,8380817,0
1999-08-26,21.823,22.033,21.588,21.639,7970390,0
1999-08-27,21.66,21.716,21.165,21.374,9179173,0
1999-08-30,21.242,21.453,21.018,21.062,5171613,0
1999-08-31,21.065,21.065,19.961,20.196,8106354,0
1999-09-01,20.17,21.01,20.09,20.904,6110652,0
1999-09-02,20.853,20.853,19.983,20.089,8611272,0
1999-09-03,20.192,20.64,20.192,20.375,8951029,0
1999-09-07,20.614,20.671,20.247,20.354,6685098,0
1999-09-08,20.115,20.167,19.429,19.694,9976336,0
1999-09-09,19.659,20.056,19.16,20.056,9032754,0
1999-09-10,20.267,20.267,19.74,20.056,6457383,0
1999-09-13,20.057,20.533,19.978,20.533,4169565,0
1999-09-14,20.322,20.746,20.164,20.69,4620871,0
1999-09-15,20.96,21.065,20.272,20.375,9508921,0
1999-09-16,20.292,20.477,19.791,20.45,6155782,0
1999-09-17,20.531,21.217,20.396,21.111,9891731,0
1999-09-20,20.961,21.277,20.961,21.038,4422952,0
1999-09-21,20.744,20.955,20.395,20.45,5511543,0
1999-09-22,20.479,21.348,20.372,20.714,6698939,0
1999-09-23,20.905,21.249,20.485,20.51,6672668,0
1999-09-24,20.48,20.798,19.978,20.69,8214404,0
1999-09-27,20.96,21.593,20.881,21.432,9234785,0
1999-09-28,21.51,22.462,21.301,22.354,12535830,0
1999-09-29,22.403,22.696,21.085,21.111,9379913,0
1999-09-30,21.489,21.75,21.46,21.564,9004691,0
1999-10-01,21.588,21.72,21.322,21.639,8800917,0
1999-10-04,21.539,21.986,21.511,21.96,3935497,0
1999-10-05,21.963,22.018,21.093,21.514,5002375,0
1999-10-06,21.537,21.933,21.485,21.877,8376678,0
1999-10-07,21.802,21.828,21.245,21.35,6586025,0
1999-10-08,21.511,22.228,21.458,21.96,6264590,0
1999-10-11,22.069,22.386,21.832,22.198,7484394,0
1999-10-12,22.174,22.174,20.882,21.038,10530792,0
1999-10-13,20.93,22.066,20.824,21.96,18597709,0
1999-10-14,21.958,21.958,21.324,21.697,11273066,0
1999-10-15,21.535,21.559,20.451,20.559,12033027,0
1999-10-18,20.795,20.795,19.583,20.45,18485815,0
1999-10-19,21.034,21.034,19.452,19.634,13239422,0
1999-10-20,19.848,19.979,19.531,19.611,12462281,0
1999-10-21,19.235,19.503,18.633,19.026,10623214,0
1999-10-22,19.395,19.631,18.843,19.395,10564812,0
1999-10-25,19.796,19.796,18.608,18.688,15792392,0
1999-10-26,19.848,19.848,19.238,19.238,25376470,0
1999-10-27,19.746,20.564,19.59,20.354,19684502,0
1999-10-28,21.434,22.198,21.066,22.042,21481840,0
1999-10-29,22.353,22.8,21.483,22.272,21204330,0
1999-11-01,21.958,22.382,21.667,22.382,14174438,0
1999-11-02,22.385,22.385,21.327,21.432,16710459,0
1999-11-03,21.429,21.591,20.958,21.35,18109376,0
1999-11-04,21.243,21.589,20.9,21.589,12890037,0
1999-11-05,21.534,21.72,21.322,21.639,11408108,0
1999-11-08,21.383,21.832,21.383,21.54,8264762,0
1999-11-09,21.619,21.668,21.431,21.458,8874407,0
1999-11-10,21.426,21.693,21.297,21.482,13740103,0
1999-11-11,21.559,21.695,21.404,21.589,11306343,0
1999-11-12,21.724,21.88,21.433,21.564,8933658,0
1999-11-15,21.514,21.671,21.223,21.514,8424817,0
1999-11-16,21.512,21.564,21.065,21.409,14663947,0
1999-11-17,21.351,22.146,21.326,21.803,12205929,0
1999-11-18,21.91,21.958,21.38,21.679,12583361,0
1999-11-19,21.113,21.931,21.113,21.745,12498564,0
1999-11-22,21.722,22.091,21.274,21.697,14393565,0
1999-11-23,21.669,21.832,21.433,21.564,11153456,0
1999-11-24,21.963,21.963,21.435,21.514,10807148,0
1999-11-26,21.539,22.332,21.511,21.96,6313607,0
1999-11-29,21.96,22.066,21.723,21.96,12288365,0
1999-11-30,21.987,22.756,21.857,22.234,17715919,0
1999-12-01,21.979,22.27,21.77,22.009,12055498,0
1999-12-02,21.907,22.224,21.535,21.772,9216396,0
1999-12-03,22.332,22.781,22.121,22.593,12395646,0
1999-12-06,22.752,22.802,22.193,22.405,8433850,0
1999-12-07,22.379,23.434,22.036,23.196,19542306,0
1999-12-08,22.825,23.036,22.615,22.825,10868525,0
1999-12-09,22.882,23.198,22.645,22.8,11154330,0
1999-12-10,22.888,22.937,22.409,22.593,7509701,0
1999-12-13,22.355,22.512,21.803,22.512,10417658,0
1999-12-14,22.384,22.966,22.091,22.487,12967906,0
1999-12-15,22.592,22.619,21.911,21.985,12178595,0
1999-12-16,21.876,21.956,21.428,21.745,18238549,0
1999-12-17,21.591,21.828,21.51,21.697,20487029,0
1999-12-20,21.537,21.643,21.114,21.35,13152629,0
1999-12-21,21.14,21.562,21.14,21.325,10729483,0
1999-12-22,21.428,21.641,21.138,21.218,10306138,0
1999-12-23,21.431,21.592,21.275,21.458,6910891,0
1999-12-27,21.456,21.537,20.481,20.667,11276656,0
1999-12-28,20.983,21.09,20.668,20.799,6965343,0
1999-12-29,20.849,20.956,20.006,20.056,8433081,0
1999-12-30,20.27,20.481,20.059,20.138,7405105,0
1999-12-31,20.293,20.689,20.267,20.584,4788439,0
2000-01-03,20.509,20.694,19.694,19.849,13713930,0
2000-01-04,19.874,20.166,18.369,18.688,16986282,0
2000-01-05,19.001,19.106,18.766,18.976,21527377,0
2000-01-06,18.916,19.104,18.309,18.572,16851589,0
2000-01-07,18.92,18.999,18.419,18.735,13861961,0
2000-01-10,19,19.106,18.789,19,16765721,0
2000-01-11,18.974,19.081,18.602,18.735,15244956,0
2000-01-12,18.475,18.498,17.625,17.755,21003844,0
2000-01-13,17.995,18.231,17.302,17.327,19430646,0
2000-01-14,17.511,17.83,16.982,17.83,23292379,0
2000-01-18,17.884,18.277,17.352,17.458,23144227,0
2000-01-19,17.406,17.406,16.984,17.22,24053736,0
2000-01-20,17.329,17.647,17.012,17.409,23739257,0
2000-01-21,18.207,18.421,17.834,18.26,37563473,0
2000-01-24,18.442,18.468,17.381,17.83,23509324,0
2000-01-25,17.405,17.46,16.369,16.982,37554760,0
2000-01-26,17.193,17.193,16.849,16.982,18048456,0
2000-01-27,17.012,17.117,16.56,16.56,16296582,0
2000-01-28,16.694,17.174,16.561,16.669,20370618,0
2000-01-31,16.773,18.474,16.588,18.209,26504255,0
2000-02-01,18.259,18.259,17.728,17.996,21077074,0
2000-02-02,18.258,18.313,18.044,18.044,15721733,0
2000-02-03,18.255,18.337,17.537,17.83,18146679,0
2000-02-04,17.83,17.993,17.641,17.83,15954137,0
2000-02-07,17.569,17.963,17.433,17.781,13671646,0
2000-02-08,18.041,18.255,17.829,17.857,13356049,0
2000-02-09,17.965,18.18,17.834,18.103,16036058,0
2000-02-10,17.995,18.02,17.807,17.887,12132200,0
2000-02-11,17.833,17.86,16.877,17.171,13131692,0
2000-02-14,16.773,17.624,16.751,17.361,19919393,0
2000-02-15,16.987,17.409,16.798,17.277,19292144,0
2000-02-16,17.146,17.277,16.453,16.586,19959448,0
2000-02-17,16.531,16.982,16.131,16.982,21844424,0
2000-02-18,16.159,16.24,15.285,16.24,32792820,0
2000-02-22,15.814,15.84,15.1,15.496,33105199,0
2000-02-23,15.283,15.494,14.778,15.175,30332822,0
2000-02-24,15.045,15.23,14.777,15.067,30362470,0
2000-02-25,15.282,15.575,14.831,15.045,26755262,0
2000-02-28,15.18,15.924,15.18,15.712,26528069,0
2000-02-29,15.79,16.186,15.761,16.025,20209559,0
2000-03-01,17.008,17.83,16.875,17.83,35977720,0
2000-03-02,18.261,19.534,18.18,19.216,35270076,0
2000-03-03,19.321,19.535,18.766,19.348,20936593,0
2000-03-06,18.917,18.917,18.149,18.416,15156550,0
2000-03-07,18.493,18.893,17.781,17.781,16131576,0
2000-03-08,17.78,17.858,17.567,17.674,16021094,0
2000-03-09,17.572,17.679,17.254,17.647,14059942,0
2000-03-10,17.641,18.042,17.593,17.83,17454386,0
2000-03-13,17.51,18.679,17.432,18.547,15259016,0
2000-03-14,18.575,18.575,17.833,17.887,15627581,0
2000-03-15,18.1,18.258,17.963,18.044,16570811,0
2000-03-16,18.66,19.323,18.236,19.165,22396108,0
2000-03-17,19.266,19.872,19.158,19.422,21361726,0
2000-03-20,19.161,19.427,18.763,18.868,10914937,0
2000-03-21,18.922,19.272,18.604,19.216,10355750,0
2000-03-22,18.845,19.084,18.26,18.392,11885138,0
2000-03-23,18.023,18.685,17.997,18.497,13023063,0
2000-03-24,18.284,18.551,18.073,18.26,12080769,0
2000-03-27,18.316,18.528,18.024,18.343,13843354,0
2000-03-28,18.123,18.418,18.019,18.044,14754890,0
2000-03-29,18.23,18.629,17.805,17.939,16060155,0
2000-03-30,18.256,18.417,17.642,17.674,20897425,0
2000-03-31,18.045,18.258,17.833,17.887,17988921,0
2000-04-03,18.045,19.056,18.02,19,18163044,0
2000-04-04,19.104,20.034,18.998,19.529,25410960,0
2000-04-05,19.529,20.008,19.476,19.66,20120572,0
2000-04-06,19.664,20.199,19.637,19.9,13588812,0
2000-04-07,20.065,20.146,19.345,19.799,12102371,0
2000-04-10,19.635,19.824,19.45,19.744,9892503,0
2000-04-11,19.77,20.598,19.663,20.172,15279461,0
2000-04-12,20.464,20.919,20.064,20.064,18242332,0
2000-04-13,20.197,20.197,19.636,20.064,13459917,0
2000-04-14,19.481,19.909,17.934,18.2,17535719,0
2000-04-17,18.572,18.597,17.451,17.879,17583108,0
2000-04-18,17.558,17.902,17.262,17.714,15805058,0
2000-04-19,17.691,18.197,17.558,17.903,16794811,0
2000-04-20,17.93,18.091,17.478,17.583,9079730,0
2000-04-24,17.584,18.116,17.504,18.035,11493221,0
2000-04-25,18.274,19.394,18.115,19.182,21854621,0
2000-04-26,19.214,19.294,18.573,18.786,17442416,0
2000-04-27,18.678,18.892,18.357,18.466,16775360,0
2000-04-28,18.572,18.918,18.466,18.704,16973309,0
2000-05-01,18.838,19.265,18.649,19.049,16725611,0
2000-05-02,18.998,18.998,17.825,18.094,16870941,0
2000-05-03,18.062,18.224,17.798,17.903,11115569,0
2000-05-04,17.937,17.937,17.428,17.533,10599484,0
2000-05-05,17.529,18.438,17.529,18.356,10938903,0
2000-05-08,18.201,18.335,17.881,18.308,9366765,0
2000-05-09,18.091,18.569,17.878,18.061,11277093,0
2000-05-10,18.142,19.635,18.034,19.266,19439956,0
2000-05-11,19.349,19.618,19.296,19.454,12087326,0
2000-05-12,19.076,19.21,18.863,19.141,8151868,0
2000-05-15,18.944,19.955,18.78,19.634,11289440,0
2000-05-16,19.849,20.037,19.342,19.504,10445371,0
2000-05-17,19.296,19.401,19.134,19.348,7874855,0
2000-05-18,19.238,19.454,18.761,18.894,8603795,0
2000-05-19,18.307,18.653,18.094,18.225,13464068,0
2000-05-22,18.624,18.624,17.823,18.144,10524110,0
2000-05-23,18.033,18.115,17.821,17.847,10558204,0
2000-05-24,17.957,18.491,17.957,18.416,11625691,0
2000-05-25,18.142,18.435,17.741,17.952,10465874,0
2000-05-26,17.957,18.385,17.957,18.2,7880418,0
2000-05-30,18.468,18.894,18.254,18.894,9803632,0
2000-05-31,18.787,18.92,18.468,18.654,10347195,0
2000-06-01,18.842,19.162,18.786,18.786,9708760,0
2000-06-02,19.216,19.402,19.108,19.216,12367845,0
2000-06-05,19.347,19.347,18.919,18.919,7762186,0
2000-06-06,19.083,19.803,19.057,19.348,12388760,0
2000-06-07,19.318,19.958,19.235,19.799,10881523,0
2000-06-08,19.798,20.197,19.77,20.064,10583112,0
2000-06-09,20.174,20.55,20.124,20.55,11912518,0
2000-06-12,20.224,20.36,19.905,19.981,9122239,0
2000-06-13,19.852,20.517,19.852,20.495,9818857,0
2000-06-14,20.872,21.482,20.737,21.35,19374597,0
2000-06-15,21.084,21.324,20.55,20.79,14590203,0
2000-06-16,20.761,20.866,20.146,20.172,19191323,0
2000-06-19,20.173,20.786,20.173,20.28,11917341,0
2000-06-20,20.44,20.465,20.065,20.146,8968783,0
2000-06-21,20.174,20.84,20.124,20.55,10789276,0
2000-06-22,20.49,20.971,20.437,20.971,10146525,0
2000-06-23,20.814,20.974,20.599,20.734,6486964,0
2000-06-26,20.735,21.053,20.093,20.229,10161539,0
2000-06-27,20.491,20.917,19.744,19.874,19743039,0
2000-06-28,19.873,20.011,18.838,19.173,16254366,0
2000-06-29,18.843,19.749,18.788,19.454,16907457,0
2000-06-30,19.162,19.639,18.458,18.786,35476917,0
2000-07-03,18.839,19.905,18.807,19.874,7604143,0
2000-07-05,19.955,19.98,19.314,19.529,12122077,0
2000-07-06,19.556,19.614,18.673,18.73,9748097,0
2000-07-07,18.86,19.505,18.86,19.182,10192985,0
2000-07-10,19.454,19.67,19.081,19.238,7800126,0
2000-07-11,19.075,19.372,18.943,19.049,9264469,0
2000-07-12,19.101,19.423,19.101,19.289,5980101,0
2000-07-13,19.402,19.699,19.378,19.643,9341322,0
2000-07-14,19.637,19.694,19.157,19.477,9776823,0
2000-07-17,19.268,19.268,18.567,18.58,12525325,0
2000-07-18,18.647,18.912,18.406,18.671,13165990,0
2000-07-19,19.076,19.076,18.566,18.73,9700575,0
2000-07-20,18.944,19.556,18.459,18.515,13776869,0
2000-07-21,18.564,18.887,18.216,18.457,9967706,0
2000-07-24,18.351,18.753,18.325,18.539,10012659,0
2000-07-25,18.653,19.027,18.626,18.894,9739393,0
2000-07-26,18.862,18.944,18.515,18.515,13527839,0
2000-07-27,18.678,18.76,18.305,18.383,11538708,0
2000-07-28,18.135,18.539,18.109,18.242,10993100,0
2000-07-31,18.276,18.653,18.168,18.276,9793143,0
2000-08-01,18.297,18.887,18.27,18.753,10290753,0
2000-08-02,18.893,19.215,18.81,19.026,13775905,0
2000-08-03,19.057,19.108,18.786,18.894,13499052,0
2000-08-04,18.887,18.942,18.672,18.86,13146369,0
2000-08-07,18.619,19.128,18.619,19.049,9738083,0
2000-08-08,18.728,18.836,18.028,18.242,20120312,0
2000-08-09,18.326,18.409,17.733,17.896,14597641,0
2000-08-10,17.952,18.25,17.952,18.168,10592049,0
2000-08-11,18.306,18.679,18.033,18.276,9311776,0
2000-08-14,18.056,18.3,17.84,17.978,8792917,0
2000-08-15,18.192,18.324,18.028,18.028,7590396,0
2000-08-16,18.242,18.296,17.599,17.731,9720991,0
2000-08-17,17.494,17.55,16.633,16.954,29200484,0
2000-08-18,16.982,17.145,16.501,16.875,19781482,0
2000-08-21,17.252,17.276,16.931,17.195,15039940,0
2000-08-22,17.307,17.336,17.014,17.014,13806558,0
2000-08-23,17.146,17.443,17.12,17.254,10413218,0
2000-08-24,17.442,17.655,17.333,17.385,11827983,0
2000-08-25,17.494,17.683,17.305,17.683,9632744,0
2000-08-28,17.79,18.299,17.734,18.086,15849144,0
2000-08-29,18.011,18.49,17.952,18.168,11989557,0
2000-08-30,18.029,18.163,17.763,18.086,8795791,0
2000-08-31,18.085,18.43,17.922,17.93,11802153,0
2000-09-01,18.375,18.515,17.922,18.431,11949447,0
2000-09-05,18.484,18.592,18.27,18.539,8471588,0
2000-09-06,18.567,18.888,18.352,18.409,11052153,0
2000-09-07,18.374,18.514,18.297,18.35,8114074,0
2000-09-08,18.331,19.512,18.303,19.348,21362915,0
2000-09-11,19.431,19.753,19.403,19.725,18533956,0
2000-09-12,19.556,19.694,19.424,19.588,12126652,0
2000-09-13,19.694,19.694,19.342,19.477,9695286,0
2000-09-14,19.371,19.396,19.049,19.266,11614081,0
2000-09-15,19.217,19.272,19,19,16614492,0
2000-09-18,19.272,19.322,18.974,19.216,9538928,0
2000-09-19,19.133,19.724,19.133,19.537,8470899,0
2000-09-20,19.612,19.746,18.967,19.074,15184875,0
2000-09-21,19.106,20.101,19.026,20.046,16460769,0
2000-09-22,19.99,20.584,19.884,20.584,14331811,0
2000-09-25,20.607,21.038,20.421,20.823,14713359,0
2000-09-26,20.823,21.144,20.714,20.742,16370104,0
2000-09-27,20.667,20.904,20.288,20.369,11992539,0
2000-09-28,20.474,21.417,20.234,21.335,15994521,0
2000-09-29,21.359,21.549,21.063,21.417,19540621,0
2000-10-02,21.438,21.52,21.169,21.491,12538379,0
2000-10-03,21.467,21.951,21.417,21.44,13635397,0
2000-10-04,21.705,22.702,21.653,22.216,20989164,0
2000-10-05,22.244,23.214,22.244,23.106,20055266,0
2000-10-06,23.188,23.215,22.648,22.999,16146371,0
2000-10-09,23.033,23.249,22.494,22.63,21749971,0
2000-10-10,22.865,22.865,21.868,21.977,17515820,0
2000-10-11,21.918,21.974,20.922,21.194,17328508,0
2000-10-12,21.198,21.815,21.062,21.523,13904515,0
2000-10-13,21.143,21.764,20.983,21.63,17367424,0
2000-10-16,21.626,22.136,21.572,21.894,11845741,0
2000-10-17,22.032,22.711,21.954,22.63,13092717,0
2000-10-18,22.464,23.249,22.194,22.734,17457116,0
2000-10-19,22.734,23.141,22.276,22.464,17763191,0
2000-10-20,22.245,22.383,21.811,21.894,15452270,0
2000-10-23,21.786,23.379,21.706,23.353,20354460,0
2000-10-24,23.246,23.514,22.866,23.246,20081974,0
2000-10-25,23.357,23.681,23.192,23.651,14889087,0
2000-10-26,23.567,23.727,23.429,23.486,18554931,0
2000-10-27,23.702,24.431,23.676,24.293,26354909,0
2000-10-30,24.536,25.211,24.455,25.076,27444749,0
2000-10-31,25.02,25.452,24.696,24.886,30301143,0
2000-11-01,24.754,25.079,23.919,24.187,23994311,0
2000-11-02,24.135,24.486,23.54,24.161,16377182,0
2000-11-03,24.05,24.697,23.861,24.671,17524521,0
2000-11-06,24.565,24.697,24.266,24.4,14661013,0
2000-11-07,24.564,24.669,24.398,24.613,9009023,0
2000-11-08,24.509,24.862,24.483,24.754,10924747,0
2000-11-09,24.753,25.238,24.615,24.861,20286827,0
2000-11-10,24.889,25.131,24.484,24.649,13670441,0
2000-11-13,24.296,25.242,24.296,25.026,16483212,0
2000-11-14,25.019,25.046,24.347,24.724,16173248,0
2000-11-15,24.752,24.783,24.105,24.724,12003706,0
2000-11-16,24.865,25.406,24.727,25.051,11066958,0
2000-11-17,24.161,24.378,23.622,24.161,26447921,0
2000-11-20,24.185,24.697,24.132,24.59,17116644,0
2000-11-21,24.376,24.914,24.326,24.566,11829333,0
2000-11-22,24.594,25.241,24.512,25.241,12444688,0
2000-11-24,25.078,25.13,24.375,24.483,5882095,0
2000-11-27,24.271,24.57,23.789,23.923,10756350,0
2000-11-28,23.921,24.404,23.813,24.054,9476189,0
2000-11-29,23.674,24.049,23.565,23.807,13458674,0
2000-11-30,23.889,24.131,23.079,23.7,18231691,0
2000-12-01,23.589,23.589,21.999,22.512,27160915,0
2000-12-04,22.385,23.299,22.138,22.867,17429805,0
2000-12-05,22.974,23.189,22.649,23.055,15219283,0
2000-12-06,22.891,23.485,22.782,23.402,14326144,0
2000-12-07,23.295,23.727,23.269,23.402,11374032,0
2000-12-08,23.35,23.402,21.892,22.299,17650741,0
2000-12-11,22.406,22.406,21.703,21.919,12682503,0
2000-12-12,22.062,22.762,22.007,22.547,11250993,0
2000-12-13,22.84,23.164,22.76,23.055,11215768,0
2000-12-14,22.757,23.675,22.757,23.568,11969772,0
2000-12-15,23.594,23.73,23.163,23.163,28332549,0
2000-12-18,23.188,23.46,22.758,22.999,12133306,0
2000-12-19,20.171,20.709,19.765,20.089,54231589,0
2000-12-20,19.872,19.954,18.686,19.009,34782993,0
2000-12-21,19.01,19.39,18.393,19.364,24952355,0
2000-12-22,19.361,19.79,19.253,19.79,17305713,0
2000-12-26,19.657,20.226,19.657,20.196,9435443,0
2000-12-27,20.224,20.6,20.194,20.6,10554383,0
2000-12-28,20.795,20.795,20.228,20.337,9759635,0
2000-12-29,20.548,20.79,20.224,20.6,10926183,0
2001-01-02,20.52,21.763,20.498,21.737,18843405,0
2001-01-03,21.733,22.892,21.652,22.002,26201278,0
2001-01-04,22.056,22.754,21.974,22.323,22791689,0
2001-01-05,22.328,22.462,21.332,21.574,16899607,0
2001-01-08,21.655,21.98,21.166,21.737,14530340,0
2001-01-09,21.679,22.654,21.572,22.519,12630366,0
2001-01-10,22.11,22.763,21.951,22.711,10521547,0
2001-01-11,22.735,22.735,22.248,22.711,8707065,0
2001-01-12,22.687,22.741,21.632,22.093,13099309,0
2001-01-16,21.895,22.059,20.975,21.705,13883299,0
2001-01-17,21.651,22.109,21.543,21.81,10930075,0
2001-01-18,21.874,22.199,21.658,21.927,11168687,0
2001-01-19,21.681,21.815,21.383,21.548,12147877,0
2001-01-22,21.489,21.572,20.678,21.194,14502672,0
2001-01-23,21.222,21.548,21.167,21.383,12684995,0
2001-01-24,21.027,21.027,20.242,20.542,21727342,0
2001-01-25,20.785,20.894,20.052,20.542,16807887,0
2001-01-26,20.407,20.571,19.622,20.245,12390695,0
2001-01-29,20.275,20.969,20.243,20.77,13035534,0
2001-01-30,20.39,20.882,20.363,20.78,9509828,0
2001-01-31,20.812,20.984,20.473,20.963,12594071,0
2001-02-01,21.16,22.007,21.096,21.919,16419193,0
2001-02-02,22.111,22.224,21.368,21.597,19434926,0
2001-02-05,21.287,21.548,20.812,21.548,15349183,0
2001-02-06,21.507,21.593,21.119,21.574,10202204,0
2001-02-07,21.658,21.658,20.856,21.095,10561609,0
2001-02-08,21.013,21.113,20.733,20.913,10559956,0
2001-02-09,20.838,20.867,19.949,20.196,16061022,0
2001-02-12,20.216,20.954,20.21,20.714,12927062,0
2001-02-13,20.712,21.04,20.489,21.013,11205089,0
2001-02-14,21.006,21.027,20.292,20.375,8921679,0
2001-02-15,20.55,20.941,20.311,20.375,8538803,0
2001-02-16,20.376,20.921,20.108,20.69,12246746,0
2001-02-20,20.798,21.253,20.55,21.144,11199733,0
2001-02-21,20.926,21.063,20.469,20.6,11166659,0
2001-02-22,20.598,21.218,20.273,21.218,13184991,0
2001-02-23,20.92,21.677,20.594,21.556,14791308,0
2001-02-26,21.56,21.81,21.336,21.81,11676921,0
2001-02-27,21.813,22.027,21.67,21.936,14556680,0
2001-02-28,21.936,22.047,20.682,20.682,18754659,0
2001-03-01,20.919,20.919,19.725,19.725,20081299,0
2001-03-02,18.475,20.2,18.475,20.196,47525426,0
2001-03-05,19.992,19.992,19.471,19.694,14136826,0
2001-03-06,19.902,20.293,19.791,19.949,14461414,0
2001-03-07,19.622,19.813,18.906,19.067,17726156,0
2001-03-08,19.25,19.82,19.186,19.709,10700673,0
2001-03-09,19.604,20.028,19.316,19.514,13905310,0
2001-03-12,19.294,20.247,19.268,19.462,14930654,0
2001-03-13,19.355,19.551,19.054,19.477,13237574,0
2001-03-14,18.427,19.057,17.777,18.26,23781147,0
2001-03-15,18.644,18.664,18.144,18.564,19880833,0
2001-03-16,18.259,18.479,18.086,18.276,25116773,0
2001-03-19,18.19,18.992,18.094,18.671,12538360,0
2001-03-20,18.622,18.697,17.722,17.731,12781398,0
2001-03-21,17.429,17.705,17.125,17.394,16429894,0
2001-03-22,17.398,17.693,17.223,17.566,22724316,0
2001-03-23,17.388,18.153,17.251,18.153,17811755,0
2001-03-26,18.235,18.299,17.562,17.887,19940183,0
2001-03-27,17.97,19.207,17.88,19.033,18420757,0
2001-03-28,18.752,18.859,18.113,18.289,15921473,0
2001-03-29,17.995,19.16,17.925,18.853,14414839,0
2001-03-30,18.921,19.356,18.661,19.356,13514958,0
2001-04-02,19.355,19.536,18.703,18.976,13420371,0
2001-04-03,19.232,19.232,18.491,18.695,15312901,0
2001-04-04,18.644,19.085,18.554,19.067,13819748,0
2001-04-05,19.212,19.402,18.778,19.273,19476272,0
2001-04-06,19.365,19.365,18.278,18.886,16356000,0
2001-04-09,18.692,19.054,18.499,18.91,13208035,0
2001-04-10,18.976,19.138,18.579,18.753,15575304,0
2001-04-11,18.408,18.493,17.839,17.969,20748599,0
2001-04-12,17.904,18.094,17.512,17.961,17626897,0
2001-04-16,18.234,18.405,18.02,18.317,12162175,0
2001-04-17,18.23,18.906,18.208,18.828,12934030,0
2001-04-18,18.533,19.008,18.006,18.2,23303853,0
2001-04-19,18.146,18.255,17.859,18.035,16859529,0
2001-04-20,18.029,18.114,17.378,17.444,21701789,0
2001-04-23,17.231,17.471,16.744,17.121,26090079,0
2001-04-24,17.093,17.516,17.093,17.312,13242273,0
2001-04-25,17.227,17.929,17.227,17.789,17875900,0
2001-04-26,17.817,18.12,17.639,17.847,14801087,0
2001-04-27,18.016,18.354,17.862,18.276,14448614,0
2001-04-30,18.272,18.369,17.923,17.987,15951563,0
2001-05-01,18.255,18.639,18.058,18.639,17122191,0
2001-05-02,18.64,18.64,18.211,18.482,18011103,0
2001-05-03,18.212,18.277,17.824,18.234,16673549,0
2001-05-04,18.013,18.414,17.995,18.383,11824217,0
2001-05-07,18.379,18.745,18.23,18.735,10876318,0
2001-05-08,18.732,18.967,18.468,18.515,14193978,0
2001-05-09,18.533,18.533,18.196,18.422,16147589,0
2001-05-10,18.647,18.657,18.364,18.597,11095380,0
2001-05-11,18.628,18.721,18.077,18.422,9764596,0
2001-05-14,18.356,18.663,18.258,18.663,8478217,0
2001-05-15,18.671,18.91,18.439,18.91,11355527,0
2001-05-16,18.801,19.628,18.649,19.588,15440777,0
2001-05-17,19.647,19.922,19.021,19.058,15969651,0
2001-05-18,19.087,19.444,19.055,19.412,10150670,0
2001-05-21,19.492,19.531,19.143,19.191,9188483,0
2001-05-22,19.342,19.347,18.848,18.919,12926626,0
2001-05-23,18.797,18.992,18.646,18.688,13480153,0
2001-05-24,18.623,18.917,18.558,18.795,14102886,0
2001-05-25,18.953,19.074,18.443,18.475,13830705,0
2001-05-29,18.475,18.837,18.392,18.837,13578745,0
2001-05-30,18.732,18.834,18.398,18.431,9877637,0
2001-05-31,18.517,18.778,18.429,18.778,10678699,0
2001-06-01,18.623,18.647,18.324,18.343,12207608,0
2001-06-04,18.469,18.555,18.206,18.334,10334876,0
2001-06-05,18.316,18.581,18.291,18.489,13016483,0
2001-06-06,18.387,18.457,18.217,18.234,14020096,0
2001-06-07,18.228,18.343,18.107,18.186,12162798,0
2001-06-08,18.192,18.192,17.907,18.079,8255435,0
2001-06-11,17.97,18.4,17.941,18.4,8618476,0
2001-06-12,18.404,18.437,18.142,18.334,12204003,0
2001-06-13,18.339,18.399,18.255,18.334,7715440,0
2001-06-14,18.19,18.32,18.028,18.193,11338749,0
2001-06-15,17.788,18.04,17.47,17.583,26415375,0
2001-06-18,17.668,17.754,17.3,17.343,13071786,0
2001-06-19,17.558,17.723,17.448,17.634,12369405,0
2001-06-20,17.553,17.875,17.29,17.444,18230559,0
2001-06-21,17.354,17.36,16.98,17.154,34805022,0
2001-06-22,17.266,17.367,16.857,16.94,13718394,0
2001-06-25,17.058,17.122,16.809,16.881,12085943,0
2001-06-26,16.668,17.447,16.664,17.203,15022451,0
2001-06-27,16.968,17.457,16.958,17.187,12333089,0
2001-06-28,17.225,17.591,17.225,17.361,11940225,0
2001-06-29,17.223,17.833,17.158,17.468,17033066,0
2001-07-02,17.471,17.79,17.448,17.706,11942739,0
2001-07-03,17.685,17.789,17.558,17.714,6993861,0
2001-07-05,17.728,18.143,17.685,18.013,12751656,0
2001-07-06,17.998,18.138,17.558,17.558,14160898,0
2001-07-09,17.533,17.836,17.443,17.667,8760714,0
2001-07-10,17.667,17.84,17.569,17.667,8353096,0
2001-07-11,17.774,18.669,17.69,18.44,19431036,0
2001-07-12,18.364,18.497,18.104,18.431,18872888,0
2001-07-13,18.296,18.429,18.255,18.409,9888087,0
2001-07-16,18.41,18.987,18.348,18.86,12429589,0
2001-07-17,18.865,19.445,18.865,19.339,23524175,0
2001-07-18,19.224,19.444,19.047,19.356,20127166,0
2001-07-19,19.376,19.525,19.003,19.238,17257474,0
2001-07-20,18.96,19.178,18.629,18.828,15021869,0
2001-07-23,18.891,18.891,18.434,18.457,8592611,0
2001-07-24,18.41,18.41,17.777,17.903,14065456,0
2001-07-25,18.428,19.083,18.165,19.033,23235515,0
2001-07-26,18.65,19.251,18.614,19.2,18162110,0
2001-07-27,19.203,19.508,19.169,19.257,12785784,0
2001-07-30,19.298,19.448,19.22,19.371,10629925,0
2001-07-31,19.22,19.854,19.071,19.76,21745441,0
2001-08-01,19.872,19.964,19.657,19.709,15700584,0
2001-08-02,19.835,19.835,19.303,19.404,13741110,0
2001-08-03,19.417,19.435,18.876,19.084,7870408,0
2001-08-06,19.043,19.206,19.009,19.084,11231883,0
2001-08-07,19.197,19.31,18.938,19.231,8802918,0
2001-08-08,18.999,19.224,18.719,18.81,9894118,0
2001-08-09,18.794,19.094,18.621,18.943,10906724,0
2001-08-10,18.979,19.594,18.647,19.537,12167653,0
2001-08-13,19.43,19.605,19.337,19.495,8270002,0
2001-08-14,19.415,19.525,19.152,19.304,8839983,0
2001-08-15,19.416,19.416,19.008,19.026,10485433,0
2001-08-16,18.891,19.228,18.873,19.133,12259161,0
2001-08-17,19.089,19.089,18.539,18.671,11326276,0
2001-08-20,18.713,19.21,18.713,19.173,10936003,0
2001-08-21,19.288,19.301,18.827,18.91,8757636,0
2001-08-22,18.801,18.847,18.509,18.539,11329848,0
2001-08-23,18.654,18.896,18.457,18.457,11485378,0
2001-08-24,18.559,18.71,18.459,18.695,11094090,0
2001-08-27,18.519,18.668,18.313,18.317,10376102,0
2001-08-28,18.276,18.319,18.079,18.153,7194505,0
2001-08-29,18.26,18.28,17.917,18.193,10373128,0
2001-08-30,18.193,18.41,17.863,17.987,11869874,0
2001-08-31,18.017,18.108,17.818,17.952,9098968,0
2001-09-04,17.957,18.87,17.924,18.431,16297334,0
2001-09-05,18.433,18.566,18.046,18.539,14356556,0
2001-09-06,18.367,18.434,18.215,18.392,16293146,0
2001-09-07,18.193,18.196,17.868,17.996,11931742,0
2001-09-10,17.993,19.134,17.993,19.058,18241821,0
2001-09-17,18.866,19.504,18.671,19.438,28886871,0
2001-09-18,19.444,20.099,19.306,20.032,23836402,0
2001-09-19,20.011,20.274,19.703,19.874,32628189,0
2001-09-20,19.753,20.298,19.621,20.146,28100782,0
2001-09-21,19.817,20.14,19.269,19.422,30956698,0
2001-09-24,19.574,20.057,19.455,19.776,21269901,0
2001-09-25,20.12,20.843,19.993,20.69,31045773,0
2001-09-26,20.624,20.775,20.33,20.77,23354954,0
2001-09-27,20.776,20.823,20.032,20.294,24456123,0
2001-09-28,20.519,20.772,20.386,20.682,23241712,0
2001-10-01,20.468,20.612,20.258,20.392,17931380,0
2001-10-02,20.429,20.625,20.209,20.625,13492664,0
2001-10-03,20.63,20.63,20.096,20.27,17802434,0
2001-10-04,20.267,20.296,19.879,20.064,16715779,0
2001-10-05,20.127,20.189,19.597,19.809,14642861,0
2001-10-08,19.81,20.4,19.794,20.237,12814128,0
2001-10-09,20.456,20.647,20.26,20.607,11459637,0
2001-10-10,20.501,20.74,20.423,20.705,13936551,0
2001-10-11,20.745,20.855,19.863,20.106,18273120,0
2001-10-12,20.145,20.316,19.364,19.487,15558987,0
2001-10-15,19.465,19.552,19.177,19.364,12543745,0
2001-10-16,19.596,19.596,18.955,19.15,15806889,0
2001-10-17,19.151,19.288,18.851,19.058,17039558,0
2001-10-18,19.059,19.223,18.852,19.107,14721090,0
2001-10-19,19.106,19.38,18.886,19.257,12340512,0
2001-10-22,18.644,18.73,18.134,18.269,28543065,0
2001-10-23,17.716,17.851,16.878,17.113,51713859,0
2001-10-24,17.209,17.64,17.033,17.303,24081885,0
2001-10-25,17.127,17.304,17.062,17.171,17646938,0
2001-10-26,17.062,17.48,16.996,17.303,15490448,0
2001-10-29,17.431,17.589,17.275,17.493,17279129,0
2001-10-30,17.237,17.479,16.768,16.817,23360742,0
2001-10-31,16.7,16.965,16.657,16.817,14991256,0
2001-11-01,16.816,17.335,16.727,17.268,19874954,0
2001-11-02,17.272,17.409,16.917,17.037,17532223,0
2001-11-05,17.121,17.233,16.878,17,16842354,0
2001-11-06,17.013,17.034,16.696,16.898,15142669,0
2001-11-07,16.906,16.906,16.683,16.791,15541016,0
2001-11-08,16.703,16.935,16.688,16.767,15037078,0
2001-11-09,16.859,17.1,16.777,16.963,8831506,0
2001-11-12,16.992,16.992,16.57,16.744,10928236,0
2001-11-13,16.855,16.86,16.459,16.504,15005037,0
2001-11-14,16.479,16.612,16.105,16.52,17338907,0
2001-11-15,16.661,17.211,16.617,17.211,20008928,0
2001-11-16,17.211,17.544,17.039,17.268,19302289,0
2001-11-19,17.476,17.67,17.325,17.608,15606114,0
2001-11-20,17.606,17.699,17.191,17.254,13622091,0
2001-11-21,17.207,17.261,17.03,17.203,9493584,0
2001-11-23,17.416,17.416,17.031,17.32,4062983,0
2001-11-26,17.277,17.387,16.993,17.22,11549944,0
2001-11-27,17.014,17.213,16.803,16.875,14458466,0
2001-11-28,16.687,16.837,16.558,16.603,14983529,0
2001-11-29,16.503,16.699,16.116,16.699,18980861,0
2001-11-30,16.504,16.658,16.416,16.496,15776594,0
2001-12-03,16.593,16.966,16.476,16.799,14436158,0
2001-12-04,16.827,16.962,16.572,16.725,17808645,0
2001-12-05,16.748,17.012,16.635,16.933,13964540,0
2001-12-06,16.896,16.992,16.71,16.866,11895874,0
2001-12-07,16.88,16.888,16.418,16.528,13968471,0
2001-12-10,16.55,16.732,16.441,16.634,12888040,0
2001-12-11,16.591,16.99,16.503,16.767,25991943,0
2001-12-12,16.877,16.991,16.769,16.875,17156092,0
2001-12-13,16.881,17.081,16.708,17.073,21596593,0
2001-12-14,17.07,17.274,16.905,17.187,17946827,0
2001-12-17,17.302,17.683,17.279,17.625,19798075,0
2001-12-18,17.655,17.779,17.303,17.303,15732639,0
2001-12-19,17.297,17.482,17.099,17.377,16778735,0
2001-12-20,17.342,17.595,17.141,17.542,16436623,0
2001-12-21,17.642,17.781,17.3,17.343,37376042,0
2001-12-24,17.209,17.331,17.12,17.254,6480554,0
2001-12-26,17.246,17.486,17.246,17.261,8748909,0
2001-12-27,17.301,17.521,17.216,17.517,10443073,0
2001-12-28,17.616,17.678,17.298,17.427,8937777,0
2001-12-31,17.387,17.452,17.239,17.285,11300629,0
