Date,Open,High,Low,Close,Volume,OpenInt
1995-01-03,4.1114,4.1114,4.0851,4.1114,499915,0
1995-01-04,4.1114,4.217,4.1114,4.1906,1688236,0
1995-01-05,3.7253,3.7778,3.5056,3.5757,8560457,0
1995-01-06,3.5757,3.5757,3.5319,3.5495,1338568,0
1995-01-09,3.523,3.5319,3.4965,3.4965,640145,0
1995-01-10,3.5056,3.5056,3.1363,3.1801,8724367,0
1995-01-11,3.2945,3.2945,3.1894,3.2069,3918271,0
1995-01-12,3.2154,3.2418,3.1894,3.2069,845027,0
1995-01-13,3.2069,3.2069,3.1801,3.1801,458027,0
1995-01-16,3.1801,3.2069,3.1801,3.1801,626487,0
1995-01-17,3.1801,3.1801,3.1363,3.1363,423423,0
1995-01-18,3.1363,3.1894,3.1363,3.1628,449833,0
1995-01-19,3.1628,3.2069,3.1628,3.1894,129305,0
1995-01-20,3.1894,3.2418,3.1801,3.1894,275909,0
1995-01-23,3.1628,3.1801,3.1363,3.1363,631037,0
1995-01-24,3.1363,3.1363,3.0571,3.0748,1088156,0
1995-01-25,3.0748,3.11,3.0571,3.0839,849581,0
1995-01-26,3.11,3.1628,3.1013,3.1542,1587161,0
1995-01-27,3.1628,3.1801,3.1013,3.11,162086,0
1995-01-30,3.11,3.1276,3.0839,3.0839,89241,0
1995-01-31,3.1363,3.1363,3.0397,3.0486,648338,0
1995-02-01,3.0486,3.0486,3.0397,3.0486,438906,0
1995-02-02,3.0397,3.0571,3.0397,3.0486,659267,0
1995-02-03,3.0571,3.1363,3.0571,3.1363,1159183,0
1995-02-06,3.1276,3.1801,3.1276,3.1628,872344,0
1995-02-07,3.1894,3.1894,3.1542,3.1801,217631,0
1995-02-08,3.1801,3.2069,3.1628,3.1801,590973,0
1995-02-09,3.1894,3.2682,3.1894,3.2418,520858,0
1995-02-10,3.2418,3.3124,3.2331,3.2331,519037,0
1995-02-13,3.2594,3.2858,3.2418,3.2594,389733,0
1995-02-14,3.2682,3.2858,3.2594,3.2858,454385,0
1995-02-15,3.2682,3.2945,3.2682,3.2945,342379,0
1995-02-16,3.3209,3.3471,3.2945,3.3124,1170109,0
1995-02-17,3.2945,3.2945,3.2858,3.2858,173922,0
1995-02-21,3.2945,3.2945,3.2154,3.2154,1203800,0
1995-02-22,3.2331,3.2418,3.2154,3.2154,493542,0
1995-02-23,3.2418,3.2682,3.2154,3.2154,636502,0
1995-02-24,3.2154,3.2331,3.2154,3.2331,106539,0
1995-02-27,3.2154,3.2418,3.2154,3.2154,979796,0
1995-02-28,3.2154,3.2945,3.2154,3.2945,106539,0
1995-03-01,3.2682,3.2682,3.2331,3.2331,123840,0
1995-03-02,3.2418,3.2594,3.2154,3.2594,302315,0
1995-03-03,3.2418,3.2682,3.2331,3.2418,45530,0
1995-03-06,3.2682,3.2945,3.2682,3.2682,81954,0
1995-03-07,3.2858,3.3124,3.2154,3.2331,943371,0
1995-03-08,3.2154,3.2154,3.2069,3.2069,2733595,0
1995-03-09,3.1894,3.2069,3.1894,3.2069,30959,0
1995-03-10,3.1894,3.2331,3.1894,3.2331,361503,0
1995-03-13,3.2331,3.2418,3.2331,3.2418,278643,0
1995-03-14,3.2418,3.2418,3.2154,3.2331,233112,0
1995-03-15,3.2243,3.2418,3.2243,3.2418,1128222,0
1995-03-16,3.2418,3.2508,3.2418,3.2508,87419,0
1995-03-17,3.2418,3.2508,3.2418,3.2418,119290,0
1995-03-20,3.2418,3.2418,3.2154,3.2154,3010413,0
1995-03-21,3.2154,3.2154,3.1452,3.1452,543622,0
1995-03-22,3.1452,3.1894,3.1452,3.1452,162086,0
1995-03-23,3.1452,3.1452,3.11,3.11,688406,0
1995-03-24,3.11,3.1363,3.0925,3.1363,733025,0
1995-03-27,3.1363,3.1628,3.0839,3.1452,3182514,0
1995-03-28,3.1716,3.2769,3.1452,3.2243,553640,0
1995-03-29,3.2154,3.2418,3.1452,3.1716,2109839,0
1995-03-30,3.1716,3.3564,3.1716,3.2945,434353,0
1995-03-31,3.2769,3.2769,3.2243,3.2508,154801,0
1995-04-03,3.2769,3.2769,3.2243,3.2418,137497,0
1995-04-04,3.3035,3.3209,3.2769,3.2769,250412,0
1995-04-05,3.3035,3.3298,3.2769,3.3035,306870,0
1995-04-06,3.3298,3.3298,3.2945,3.3035,328724,0
1995-04-07,3.3209,3.3209,3.3035,3.3035,167548,0
1995-04-10,3.3209,3.3298,3.3209,3.3298,110181,0
1995-04-11,3.3209,3.3564,3.3209,3.3471,115644,0
1995-04-12,3.3825,3.6196,3.3825,3.5672,936086,0
1995-04-13,3.5672,3.5672,3.4526,3.4789,267714,0
1995-04-17,3.4526,3.4789,3.4349,3.4526,347848,0
1995-04-18,3.4349,3.4349,3.3298,3.3471,473508,0
1995-04-19,3.3564,3.3825,3.2418,3.2508,913323,0
1995-04-20,3.2508,3.2682,3.2418,3.2508,163905,0
1995-04-21,3.2682,3.2682,3.2418,3.2418,365145,0
1995-04-24,3.2418,3.2769,3.2418,3.2769,206703,0
1995-04-25,3.3471,3.3736,3.3209,3.3298,878717,0
1995-04-26,3.3209,3.3298,3.3035,3.3209,83775,0
1995-04-27,3.3209,3.3564,3.3209,3.3564,272266,0
1995-04-28,3.3298,3.3736,3.3298,3.3736,585511,0
1995-05-01,3.3825,3.4789,3.3825,3.4615,549087,0
1995-05-02,3.4615,3.4789,3.3998,3.4091,1492458,0
1995-05-03,3.4266,3.4615,3.4266,3.4349,120197,0
1995-05-04,3.4526,3.4526,3.3998,3.4091,893289,0
1995-05-05,3.4091,3.4349,3.3825,3.3825,152979,0
1995-05-08,3.3998,3.3998,3.3564,3.3825,144783,0
1995-05-09,3.3998,3.3998,3.3736,3.3736,17301,0
1995-05-10,3.3825,3.3998,3.3736,3.3736,80131,0
1995-05-11,3.3998,3.5056,3.3736,3.4879,756703,0
1995-05-12,3.4879,3.5142,3.4615,3.4879,986168,0
1995-05-15,3.5056,3.6022,3.5056,3.6022,917876,0
1995-05-16,3.5757,3.5757,3.4879,3.5056,753966,0
1995-05-17,3.5056,3.5056,3.4349,3.4349,128392,0
1995-05-18,3.4526,3.4526,3.4349,3.4526,174833,0
1995-05-19,3.4266,3.4266,3.4091,3.4091,40066,0
1995-05-22,3.3998,3.3998,3.3298,3.3564,1086335,0
1995-05-23,3.3736,3.3736,3.3298,3.3471,1109099,0
1995-05-24,3.3471,3.3564,3.3298,3.3298,285016,0
1995-05-25,3.3298,3.3471,3.2945,3.3035,785842,0
1995-05-26,3.3209,3.3298,3.3035,3.3209,25496,0
1995-05-30,3.3035,3.3298,3.3035,3.3209,315063,0
1995-05-31,3.3035,3.3825,3.3035,3.3825,187582,0
1995-06-01,3.3825,3.4091,3.3736,3.3998,197600,0
1995-06-02,3.3825,3.4266,3.3564,3.4091,341471,0
1995-06-05,3.4091,3.4091,3.3736,3.4091,70119,0
1995-06-06,3.4266,3.4789,3.4091,3.4789,261341,0
1995-06-07,3.4879,3.5405,3.4789,3.5056,322349,0
1995-06-08,3.4789,3.5405,3.4789,3.5319,353308,0
1995-06-09,3.5319,3.5757,3.5319,3.5672,464401,0
1995-06-12,3.5672,3.6196,3.5672,3.6022,2058847,0
1995-06-13,3.6022,3.7338,3.6022,3.7338,1620852,0
1995-06-14,3.7253,3.7603,3.7253,3.7603,401567,0
1995-06-15,3.7603,3.7603,3.7514,3.7603,174833,0
1995-06-16,3.769,3.769,3.7162,3.7338,70119,0
1995-06-19,3.7338,3.7338,3.7075,3.7162,116553,0
1995-06-20,3.7162,3.7162,3.5757,3.5757,336007,0
1995-06-21,3.5757,3.5845,3.523,3.5845,610093,0
1995-06-22,3.5845,3.6549,3.5845,3.6549,183030,0
1995-06-23,3.6549,3.6814,3.6549,3.6549,95606,0
1995-06-26,3.6636,3.6814,3.6022,3.6814,388821,0
1995-06-27,3.6898,3.7075,3.5319,3.5583,433442,0
1995-06-28,3.5319,3.5757,3.523,3.5757,734848,0
1995-06-29,3.5757,3.5845,3.5583,3.5583,164819,0
1995-06-30,3.5757,3.5757,3.5495,3.5757,259517,0
1995-07-03,3.5319,3.5319,3.4965,3.5319,173013,0
1995-07-05,3.5495,3.5583,3.5319,3.5495,216718,0
1995-07-06,3.5583,3.5757,3.5319,3.5757,238573,0
1995-07-07,3.5757,3.6109,3.5583,3.6109,308690,0
1995-07-10,3.6636,3.7429,3.6636,3.7338,259517,0
1995-07-11,3.7338,3.769,3.7338,3.7603,234933,0
1995-07-12,3.769,3.8919,3.7603,3.8393,306870,0
1995-07-13,3.8128,3.8481,3.7338,3.7429,353308,0
1995-07-14,3.7338,3.7429,3.6898,3.7162,203063,0
1995-07-17,3.7338,3.7338,3.6814,3.7075,325992,0
1995-07-18,3.6898,3.8128,3.6814,3.7951,693870,0
1995-07-19,3.7866,3.8658,3.7603,3.769,619201,0
1995-07-20,3.769,3.8919,3.769,3.8919,204884,0
1995-07-21,3.9184,3.9973,3.9184,3.9184,1055374,0
1995-07-24,3.9184,3.9448,3.8919,3.8919,951570,0
1995-07-25,3.8919,3.8919,3.8217,3.8743,211257,0
1995-07-26,4.05,4.0851,3.9973,4.0851,1585339,0
1995-07-27,4.0851,4.0851,4.024,4.059,598258,0
1995-07-28,4.0766,4.0766,4.0323,4.05,669283,0
1995-07-31,4.05,4.05,4.024,4.024,160263,0
1995-08-01,4.05,4.0766,4.024,4.0323,1013487,0
1995-08-02,4.0323,4.1645,4.0323,4.1645,586419,0
1995-08-03,4.1292,4.1292,4.024,4.024,834099,0
1995-08-04,4.0323,4.059,4.0323,4.059,640145,0
1995-08-07,4.0323,4.05,4.024,4.0323,578223,0
1995-08-08,4.0323,4.1379,4.0323,4.1379,707529,0
1995-08-09,4.1379,4.182,4.1029,4.1645,573675,0
1995-08-10,4.1379,4.2346,4.1292,4.2082,626487,0
1995-08-11,4.1906,4.2082,4.1292,4.1379,199421,0
1995-08-14,4.1552,4.2082,4.1552,4.1552,362417,0
1995-08-15,4.3137,4.4629,4.2609,4.2609,2831027,0
1995-08-16,4.2963,4.3137,4.217,4.2346,1043538,0
1995-08-17,4.2436,4.2609,4.2082,4.2436,339650,0
1995-08-18,4.2436,4.4193,4.2436,4.3487,486255,0
1995-08-21,4.3662,4.4278,4.3403,4.4193,705711,0
1995-08-22,4.4193,4.4193,4.3137,4.3662,442545,0
1995-08-23,4.3662,4.4193,4.3403,4.4016,621023,0
1995-08-24,4.4016,4.5599,4.4016,4.5599,1114563,0
1995-08-25,4.5683,4.5683,4.5334,4.5334,1962322,0
1995-08-28,4.5157,4.5157,4.4369,4.4546,576403,0
1995-08-29,4.4546,4.4546,4.4193,4.4193,500827,0
1995-08-30,4.4193,4.4806,4.4193,4.4546,406124,0
1995-08-31,4.4629,4.5157,4.4369,4.4894,311420,0
1995-09-01,4.4629,4.4894,4.4369,4.4629,162997,0
1995-09-05,4.4806,4.5157,4.4806,4.507,89241,0
1995-09-06,4.5157,4.5157,4.4894,4.507,1241136,0
1995-09-07,4.4894,4.5157,4.4894,4.507,552729,0
1995-09-08,4.5157,4.5157,4.4894,4.507,437085,0
1995-09-11,4.507,4.5421,4.4806,4.5334,695692,0
1995-09-12,4.5421,4.6211,4.5157,4.6125,489897,0
1995-09-13,4.5949,4.8321,4.5949,4.7794,1099082,0
1995-09-14,4.7705,4.7705,4.6652,4.6739,1140059,0
1995-09-15,4.6916,4.6916,4.5683,4.5949,572759,0
1995-09-18,4.5509,4.5509,4.4983,4.4983,1006203,0
1995-09-19,4.4719,4.4894,4.4629,4.4719,541802,0
1995-09-20,4.4719,4.4983,4.4193,4.4894,650161,0
1995-09-21,4.4719,4.6035,4.4719,4.5683,1651812,0
1995-09-22,4.5774,4.5949,4.5683,4.5949,1718282,0
1995-09-25,4.5949,4.5949,4.5509,4.5509,543622,0
1995-09-26,4.5421,4.5421,4.4894,4.4894,822260,0
1995-09-27,4.5157,4.5157,4.4369,4.4369,405212,0
1995-09-28,4.4369,4.4719,4.3839,4.3928,1012578,0
1995-09-29,4.3928,4.4104,4.3137,4.4104,376073,0
1995-10-02,4.3839,4.3928,4.3403,4.3578,624664,0
1995-10-03,4.3578,4.3578,4.226,4.2609,496272,0
1995-10-04,4.2871,4.3311,4.2523,4.2523,3519430,0
1995-10-05,4.2523,4.2523,4.1029,4.1552,1029879,0
1995-10-06,4.1468,4.2346,4.1468,4.2346,687498,0
1995-10-09,4.2346,4.2609,4.2346,4.2609,260430,0
1995-10-10,4.2523,4.2871,4.2346,4.2871,337827,0
1995-10-11,4.2871,4.3137,4.2609,4.3137,156622,0
1995-10-12,4.3137,4.3662,4.3137,4.3662,176654,0
1995-10-13,4.4452,4.6299,4.4452,4.6035,1090887,0
1995-10-16,4.6035,4.6739,4.6035,4.6564,566388,0
1995-10-17,4.6474,4.7001,4.6299,4.6564,394286,0
1995-10-18,4.6826,4.7879,4.6564,4.7794,438906,0
1995-10-19,4.7879,4.8407,4.7265,4.7265,919696,0
1995-10-20,4.7354,4.7354,4.5949,4.6035,854134,0
1995-10-23,4.5774,4.5774,4.5244,4.5421,321441,0
1995-10-24,4.5421,4.7001,4.5421,4.6826,378806,0
1995-10-25,4.7001,4.7001,4.6299,4.6299,508111,0
1995-10-26,4.6211,4.6474,4.6035,4.6211,784928,0
1995-10-27,4.6211,4.6299,4.4983,4.5157,509930,0
1995-10-30,4.5244,4.6035,4.5244,4.5949,666551,0
1995-10-31,4.6035,4.6035,4.5774,4.5949,509930,0
1995-11-01,4.6211,4.7265,4.6211,4.7265,366058,0
1995-11-02,4.7265,4.8407,4.709,4.8321,460756,0
1995-11-03,4.8581,4.8937,4.8581,4.8673,440722,0
1995-11-06,4.8407,4.8846,4.7879,4.8846,731201,0
1995-11-07,4.8937,4.9461,4.8673,4.9199,766718,0
1995-11-08,4.9376,4.9376,4.8846,4.8846,285927,0
1995-11-09,4.8937,4.8937,4.8581,4.8673,287744,0
1995-11-10,4.8673,4.8846,4.8407,4.8407,182119,0
1995-11-13,4.8581,4.8937,4.8407,4.8407,426157,0
1995-11-14,4.8581,4.8581,4.7617,4.8144,414318,0
1995-11-15,4.8937,5.0516,4.8937,5.0516,4544757,0
1995-11-16,5.0516,5.1571,5.0429,5.1571,774004,0
1995-11-17,5.1571,5.2364,5.0692,5.1484,1476064,0
1995-11-20,5.1484,5.1745,5.1044,5.1571,494451,0
1995-11-21,5.1571,5.1571,5.1044,5.1219,259517,0
1995-11-22,5.1484,5.2101,5.1484,5.1836,1388648,0
1995-11-24,5.1836,5.2009,5.1745,5.2009,79224,0
1995-11-27,5.1836,5.2009,5.1571,5.1745,390642,0
1995-11-28,5.1571,5.2274,5.1308,5.2101,822260,0
1995-11-29,5.2101,5.2799,5.2009,5.2625,717547,0
1995-11-30,5.4731,5.526,5.3856,5.4383,2270102,0
1995-12-01,5.4469,5.5174,5.4383,5.4646,742133,0
1995-12-04,5.4646,5.526,5.4646,5.4999,416139,0
1995-12-05,5.4731,5.5787,5.4731,5.5524,1012578,0
1995-12-06,5.5787,5.6054,5.4999,5.5174,1072680,0
1995-12-07,5.5174,5.5524,5.4907,5.5435,296853,0
1995-12-08,5.57,5.7019,5.57,5.6316,1080871,0
1995-12-11,5.6228,5.6316,5.5787,5.6228,136591,0
1995-12-12,5.6316,5.658,5.6228,5.658,629218,0
1995-12-13,5.6488,5.658,5.6488,5.658,427979,0
1995-12-14,5.7633,5.7809,5.7278,5.7546,579134,0
1995-12-15,5.7546,5.7809,5.6316,5.6488,916965,0
1995-12-18,5.5878,5.5878,5.3768,5.4031,1168287,0
1995-12-19,5.4293,5.4559,5.3768,5.4383,936086,0
1995-12-20,5.4383,5.4907,5.4383,5.4383,265888,0
1995-12-21,5.4383,5.4907,5.4293,5.4293,161177,0
1995-12-22,5.4383,5.4383,5.4031,5.4293,154801,0
1995-12-26,5.4559,5.4822,5.4031,5.4822,681118,0
1995-12-27,5.4646,5.4822,5.4293,5.4293,366969,0
1995-12-28,5.4293,5.4383,5.3768,5.3856,399749,0
1995-12-29,5.3768,5.3768,5.2713,5.3066,319617,0
1996-01-02,5.2799,5.2799,5.2009,5.2186,492630,0
1996-01-03,5.2449,5.4031,5.2449,5.3503,827726,0
1996-01-04,5.4293,5.7546,5.4293,5.5878,3156103,0
1996-01-05,5.5878,5.6228,5.57,5.6228,1028056,0
1996-01-08,5.6228,5.6488,5.6228,5.6228,700245,0
1996-01-09,5.6228,5.6228,5.5351,5.5435,1622674,0
1996-01-10,5.5174,5.5613,5.4559,5.5435,1373172,0
1996-01-11,5.5613,5.6756,5.5435,5.6403,1755617,0
1996-01-12,5.6488,5.6756,5.6228,5.6488,1008935,0
1996-01-15,5.6403,5.7458,5.6403,5.7194,679303,0
1996-01-16,5.7194,5.772,5.7194,5.772,590061,0
1996-01-17,5.772,5.7809,5.7458,5.7458,743041,0
1996-01-18,5.772,5.8249,5.772,5.7809,471684,0
1996-01-19,5.772,5.8512,5.772,5.8512,1804793,0
1996-01-22,5.86,5.86,5.7458,5.7458,1258437,0
1996-01-23,5.7546,5.8778,5.7458,5.86,657446,0
1996-01-24,5.86,5.8778,5.8249,5.8512,885093,0
1996-01-25,5.8249,5.8249,5.772,5.772,161177,0
1996-01-26,5.7458,5.7809,5.6756,5.7278,433442,0
1996-01-29,5.7458,5.86,5.7458,5.8335,524499,0
1996-01-30,5.8335,5.8335,5.7546,5.7809,410677,0
1996-01-31,5.7809,5.8512,5.7458,5.8335,511750,0
1996-02-01,5.8512,5.86,5.8249,5.8512,1370440,0
1996-02-02,5.86,5.86,5.8335,5.8335,235842,0
1996-02-05,5.8335,5.8335,5.7984,5.7984,772180,0
1996-02-06,5.7984,5.9039,5.7984,5.8778,482611,0
1996-02-07,5.8778,5.886,5.8512,5.886,538163,0
1996-02-08,5.86,5.9391,5.8512,5.9301,775825,0
1996-02-09,5.9039,5.9391,5.9039,5.9391,256788,0
1996-02-12,5.9123,5.9828,5.8512,5.9565,452562,0
1996-02-13,5.8778,6.0353,5.8335,5.9916,717547,0
1996-02-14,5.9653,5.9828,5.886,5.9828,337827,0
1996-02-15,5.9565,5.9565,5.8778,5.886,268625,0
1996-02-16,5.9039,5.9039,5.5878,5.6665,2153548,0
1996-02-20,5.6403,5.6488,5.5083,5.5174,1305788,0
1996-02-21,5.5083,5.5083,5.3241,5.3593,1511580,0
1996-02-22,5.4559,5.7809,5.4559,5.7278,1979624,0
1996-02-23,5.7194,5.772,5.6488,5.6756,527232,0
1996-02-26,5.6488,5.772,5.6403,5.693,1001650,0
1996-02-27,5.7194,5.7194,5.6403,5.6488,661998,0
1996-02-28,5.6228,5.6756,5.5962,5.6228,961585,0
1996-02-29,5.5878,5.6665,5.5878,5.6665,448922,0
1996-03-01,5.693,5.7019,5.6665,5.6665,323258,0
1996-03-04,5.6756,6.0093,5.6756,6.0093,1204710,0
1996-03-05,6.0181,6.2024,5.9123,5.9828,2182683,0
1996-03-06,5.8249,5.86,5.7984,5.7984,2414884,0
1996-03-07,5.86,5.86,5.6756,5.7546,2450400,0
1996-03-08,5.7546,5.7546,5.6228,5.7458,916965,0
1996-03-11,5.7194,5.772,5.7194,5.7458,437996,0
1996-03-12,5.7194,5.7194,5.4822,5.6137,4924472,0
1996-03-13,5.6228,5.7278,5.5962,5.7019,515395,0
1996-03-14,5.7019,5.7458,5.7019,5.7019,597343,0
1996-03-15,5.6756,5.693,5.6488,5.6665,431621,0
1996-03-18,5.6665,5.7019,5.658,5.6756,294118,0
1996-03-19,5.6842,5.6842,5.5524,5.6316,1048091,0
1996-03-20,5.6316,5.6842,5.6228,5.6316,568209,0
1996-03-21,5.6488,5.6842,5.5435,5.5435,2072507,0
1996-03-22,5.526,5.7019,5.526,5.6756,925159,0
1996-03-25,5.7019,5.7897,5.6228,5.7019,351485,0
1996-03-26,5.7019,5.8158,5.7019,5.8158,590973,0
1996-03-27,5.8158,6.027,5.8158,6.0181,1294860,0
1996-03-28,6.0181,6.0445,5.9916,5.9916,558193,0
1996-03-29,5.9653,6.0445,5.9391,5.9916,295942,0
1996-04-01,5.9653,6.027,5.9653,5.9653,326902,0
1996-04-02,5.9653,5.9742,5.9478,5.9742,134766,0
1996-04-03,5.9742,6.0008,5.9653,5.9916,124752,0
1996-04-04,5.9916,5.9916,5.9478,5.9478,71026,0
1996-04-08,5.895,5.895,5.7809,5.8158,480789,0
1996-04-09,5.895,5.9478,5.895,5.9478,1786580,0
1996-04-10,5.9478,5.9478,5.895,5.9217,747596,0
1996-04-11,5.9123,6.0181,5.9123,6.0181,1663651,0
1996-04-12,6.0181,6.2024,6.0181,6.1848,1380457,0
1996-04-15,6.2114,6.361,6.2114,6.2641,1282114,0
1996-04-16,6.2378,6.4136,6.2378,6.3433,1208356,0
1996-04-17,6.3694,6.3694,6.3346,6.3694,1558929,0
1996-04-18,6.396,6.6507,6.396,6.5453,1836661,0
1996-04-19,6.5716,6.6064,6.5716,6.5802,1377722,0
1996-04-22,6.5716,6.6242,6.5716,6.5802,251320,0
1996-04-23,6.5716,6.6859,6.5453,6.6507,377894,0
1996-04-24,6.6334,6.6507,6.5453,6.5716,1131864,0
1996-04-25,6.554,6.7033,6.554,6.6771,1337659,0
1996-04-26,6.7123,6.888,6.6859,6.8351,1028968,0
1996-04-29,6.8613,6.9933,6.8613,6.9229,1788398,0
1996-04-30,6.9404,6.9755,6.8704,6.888,260430,0
1996-05-01,6.888,7.0197,6.8613,7.0197,554550,0
1996-05-02,6.9933,7.0021,6.8351,6.888,662909,0
1996-05-03,6.9143,6.9668,6.8613,6.8613,980706,0
1996-05-06,6.888,6.8964,6.756,6.7649,224915,0
1996-05-07,6.756,6.756,6.6507,6.6507,1257527,0
1996-05-08,6.5802,6.5802,6.4222,6.5716,1943200,0
1996-05-09,6.5802,6.9668,6.5802,6.9495,1307609,0
1996-05-10,6.9755,7.0021,6.888,6.9755,907859,0
1996-05-13,7.0459,7.1077,6.9755,7.1077,1137328,0
1996-05-14,7.5206,7.9948,7.5206,7.8631,7152686,0
1996-05-15,7.7577,7.8631,7.705,7.784,1626313,0
1996-05-16,7.7312,8.1705,7.7312,8.0741,3738886,0
1996-05-17,8.0741,8.1441,7.9859,8.1265,2476811,0
1996-05-20,8.153,8.153,7.9685,8.0916,768536,0
1996-05-21,8.1178,8.2583,8.1002,8.2495,1049910,0
1996-05-22,8.2583,8.2583,8.021,8.1002,1224745,0
1996-05-23,8.1178,8.1178,7.9333,7.9859,733025,0
1996-05-24,8.0387,8.1794,7.9948,8.1705,803141,0
1996-05-28,8.1265,8.1705,8.0916,8.1265,1024413,0
1996-05-29,8.1002,8.1178,7.9156,7.9333,1201982,0
1996-05-30,7.9685,7.9859,7.8542,7.942,1051733,0
1996-05-31,7.942,8.0476,7.7486,8.0126,570938,0
1996-06-03,7.9859,7.9859,7.9069,7.9333,603723,0
1996-06-04,7.9333,8.0126,7.8894,7.9156,1123670,0
1996-06-05,7.9156,7.9156,7.8017,7.8017,283194,0
1996-06-06,7.8017,7.8017,7.6785,7.705,547265,0
1996-06-07,7.7312,7.7312,7.5993,7.6962,737580,0
1996-06-10,7.6962,7.6962,7.6258,7.6524,640145,0
1996-06-11,7.6434,7.8894,7.6434,7.705,1372260,0
1996-06-12,7.7225,7.7312,7.6524,7.7225,924248,0
1996-06-13,7.6962,7.7312,7.3621,7.4416,2122586,0
1996-06-14,7.5467,7.6434,7.5116,7.5731,847759,0
1996-06-17,7.5993,7.5993,7.3361,7.459,633771,0
1996-06-18,7.459,7.4676,7.3799,7.3887,254054,0
1996-06-19,7.3799,7.4149,7.3537,7.4149,692048,0
1996-06-20,7.4062,7.4149,7.3621,7.3799,712080,0
1996-06-21,7.3799,7.4149,7.3621,7.3799,599166,0
1996-06-24,7.3887,7.5206,7.3887,7.4852,911501,0
1996-06-25,7.5206,7.5907,7.459,7.4676,646520,0
1996-06-26,7.4416,7.4766,7.3361,7.3361,777645,0
1996-06-27,7.3448,7.4498,7.3448,7.3974,560921,0
1996-06-28,7.4238,7.8191,7.4238,7.7137,1880369,0
1996-07-01,7.705,7.8983,7.6785,7.8454,707529,0
1996-07-02,7.8454,7.8983,7.8454,7.8894,580047,0
1996-07-03,7.9156,7.9156,7.7926,7.8103,225827,0
1996-07-05,7.7662,7.7926,7.6785,7.7137,349665,0
1996-07-08,7.6346,7.6524,7.5027,7.5467,962496,0
1996-07-09,7.5554,7.705,7.5554,7.6785,360593,0
1996-07-10,7.705,7.7662,7.371,7.4942,1515223,0
1996-07-11,7.3974,7.3974,7.0286,7.2391,1361330,0
1996-07-12,7.2391,7.4498,7.2391,7.3887,1629955,0
1996-07-15,7.3887,7.3974,6.9229,6.9755,1243869,0
1996-07-16,6.9755,6.9755,6.396,6.8438,3859080,0
1996-07-17,6.9143,7.0988,6.7123,7.0988,1757439,0
1996-07-18,7.1513,7.3621,7.0197,7.3185,1611743,0
1996-07-19,7.2919,7.2919,6.9495,7.1513,961585,0
1996-07-22,7.0812,7.0812,6.8964,6.9668,1806615,0
1996-07-23,7.0197,7.0812,6.6859,6.756,1425075,0
1996-07-24,6.6334,6.8704,6.5277,6.7649,711627,0
1996-07-25,6.8704,6.9229,6.6334,6.7123,148882,0
1996-07-26,6.6859,6.8438,6.6859,6.7913,164362,0
1996-07-29,6.8438,7.0812,6.8438,6.9755,539980,0
1996-07-30,7.0286,7.2391,7.0286,7.2391,343748,0
1996-07-31,7.2391,7.4498,6.9495,6.9495,575493,0
1996-08-01,6.9755,7.3448,6.9755,7.3185,580959,0
1996-08-02,7.5554,7.7137,7.5554,7.6871,843205,0
1996-08-05,7.6871,7.9511,7.6608,7.8454,674745,0
1996-08-06,7.7926,7.8191,7.6871,7.7926,330088,0
1996-08-07,7.7662,7.8719,7.7662,7.7926,600081,0
1996-08-08,7.7403,7.9245,7.7403,7.7662,488534,0
1996-08-09,7.7926,7.8454,7.6871,7.6871,151612,0
1996-08-12,7.7137,7.7403,7.5292,7.608,264983,0
1996-08-13,7.5554,7.5554,7.2655,7.2919,325082,0
1996-08-14,7.3448,7.8191,7.3448,7.7403,964773,0
1996-08-15,7.9245,8.0302,7.6871,7.8719,2653461,0
1996-08-16,7.9772,8.1354,7.8983,8.0826,1358600,0
1996-08-19,7.9245,8.0564,7.9245,7.9772,312788,0
1996-08-20,7.9245,7.9772,7.6871,7.6871,403391,0
1996-08-21,7.7403,7.7926,7.6871,7.7926,347848,0
1996-08-22,7.6346,7.705,7.5554,7.608,275454,0
1996-08-23,7.5554,7.7403,7.4498,7.608,351032,0
1996-08-26,7.6608,7.7137,7.4498,7.5027,165727,0
1996-08-27,7.5027,7.608,7.4498,7.5554,241310,0
1996-08-28,7.608,7.608,7.3448,7.371,346934,0
1996-08-29,7.3974,7.4238,7.3448,7.4238,427520,0
1996-08-30,7.4238,7.4498,7.0286,7.371,635136,0
1996-09-03,7.371,7.3974,7.1336,7.1868,1187409,0
1996-09-04,7.1868,7.3974,7.1868,7.3185,842296,0
1996-09-05,7.3185,7.3185,7.1602,7.2919,634225,0
1996-09-06,7.1868,7.5819,7.1868,7.5819,2938933,0
1996-09-09,7.8983,8.0033,7.8454,7.9511,1234306,0
1996-09-10,7.9772,8.1882,7.9772,8.1354,977060,0
1996-09-11,8.1354,8.4605,8.0302,8.4077,1270275,0
1996-09-12,8.4077,8.5659,8.3549,8.4605,1189685,0
1996-09-13,8.4077,8.5659,8.4077,8.4077,584601,0
1996-09-16,8.4342,8.4866,8.2937,8.4866,621023,0
1996-09-17,8.3287,8.4077,8.2408,8.4077,496272,0
1996-09-18,8.311,8.4959,8.311,8.3636,503556,0
1996-09-19,8.311,8.9436,8.2318,8.838,1214276,0
1996-09-20,8.7856,8.891,8.7328,8.7856,1209266,0
1996-09-23,8.759,8.759,8.5745,8.6539,574128,0
1996-09-24,8.6797,8.7856,8.6008,8.6797,755789,0
1996-09-25,8.6539,8.759,8.5745,8.6273,438449,0
1996-09-26,8.7066,8.759,8.6273,8.7066,280009,0
1996-09-27,8.759,8.891,8.7328,8.891,229468,0
1996-09-30,8.8646,8.891,8.4692,8.4692,585965,0
1996-10-01,8.4692,8.6273,8.4692,8.6008,300950,0
1996-10-02,8.7066,8.838,8.6539,8.838,444368,0
1996-10-03,8.9436,8.9436,8.6797,8.7856,505378,0
1996-10-04,8.8646,8.8646,8.6797,8.7066,392010,0
1996-10-07,8.759,8.759,8.5218,8.5218,359682,0
1996-10-08,8.6273,8.6539,8.311,8.3636,920603,0
1996-10-09,8.3636,8.3903,7.9948,8.1265,826361,0
1996-10-10,8.2056,8.4959,8.2056,8.4959,638779,0
1996-10-11,8.4692,8.6273,8.2056,8.2318,409313,0
1996-10-14,8.2847,8.3903,8.2847,8.3636,104716,0
1996-10-15,8.4165,8.4429,8.1794,8.1794,277273,0
1996-10-16,8.2056,8.2583,8.1265,8.2583,357405,0
1996-10-17,8.311,8.3375,8.1002,8.1265,343293,0
1996-10-18,8.153,8.153,7.9685,7.9948,317338,0
1996-10-21,8.021,8.021,7.6169,7.828,490807,0
1996-10-22,7.828,7.9156,7.7225,7.7754,430255,0
1996-10-23,7.7486,7.9948,7.7486,7.9948,396108,0
1996-10-24,7.9685,8.1794,7.942,8.153,609185,0
1996-10-25,8.1265,8.2318,8.021,8.021,461668,0
1996-10-28,7.9948,8.021,7.4062,7.5907,852767,0
1996-10-29,7.6962,7.8807,7.6698,7.7754,1109550,0
1996-10-30,7.828,7.8807,7.5907,7.7754,596436,0
1996-10-31,7.828,7.942,7.7486,7.828,547719,0
1996-11-01,7.942,8.0476,7.9156,7.9685,406124,0
1996-11-04,7.942,7.9685,7.6169,7.6962,592340,0
1996-11-05,7.7754,7.8017,7.5116,7.5644,309599,0
1996-11-06,7.6434,7.8017,7.5907,7.8017,644240,0
1996-11-07,7.8017,7.9948,7.7225,7.8807,926527,0
1996-11-08,7.8807,7.9156,7.6169,7.7225,608730,0
1996-11-11,7.7754,7.7754,7.5644,7.6169,372888,0
1996-11-12,7.7486,7.828,7.5116,7.8017,854589,0
1996-11-13,7.828,8.153,7.828,8.0741,1954583,0
1996-11-14,7.8807,7.9948,7.2745,7.5116,5860561,0
1996-11-15,7.6169,7.7754,7.5644,7.6698,3559496,0
1996-11-18,7.6698,7.6698,7.459,7.5907,794491,0
1996-11-19,7.6169,8.0741,7.6169,7.8807,1660461,0
1996-11-20,7.9685,8.1265,7.9685,8.1002,1098628,0
1996-11-21,8.1002,8.1002,7.8017,7.828,613737,0
1996-11-22,7.8807,7.8807,7.828,7.8542,268625,0
1996-11-25,7.8807,7.9685,7.7754,7.8542,905126,0
1996-11-26,7.8542,7.8542,7.7486,7.7754,677935,0
1996-11-27,7.8017,7.8542,7.6962,7.7225,359231,0
1996-11-29,7.8017,7.8017,7.7486,7.8017,115644,0
1996-12-02,7.8017,7.942,7.6698,7.7486,1415056,0
1996-12-03,7.828,7.8542,7.5644,7.6434,1894030,0
1996-12-04,7.6434,7.828,7.6434,7.7754,1870807,0
1996-12-05,7.8017,8.0476,7.7754,8.0476,1181947,0
1996-12-06,7.8807,7.942,7.6962,7.6962,1224745,0
1996-12-09,7.8017,7.828,7.6434,7.7225,407489,0
1996-12-10,7.8807,7.8807,7.6434,7.6962,336007,0
1996-12-11,7.5907,7.5907,7.459,7.5116,746685,0
1996-12-12,7.5907,7.6962,7.5907,7.6169,1577145,0
1996-12-13,7.6169,7.6434,7.459,7.4852,904672,0
1996-12-16,7.4325,7.4325,7.1428,7.1952,1479705,0
1996-12-17,7.1161,7.2481,7.0899,7.2216,1114106,0
1996-12-18,7.2832,7.3361,7.1777,7.2042,1580787,0
1996-12-19,7.2042,7.5292,7.2042,7.5292,1683682,0
1996-12-20,7.608,7.9511,7.5027,7.8454,1601274,0
1996-12-23,7.8454,8.0302,7.7403,8.0033,997098,0
1996-12-24,7.9511,7.9511,7.8454,7.8719,245860,0
1996-12-26,7.9245,7.9245,7.8454,7.8719,167097,0
1996-12-27,7.8191,7.9511,7.8191,7.8983,183940,0
1996-12-30,7.8983,8.1354,7.8983,7.9772,391095,0
1996-12-31,7.8983,7.8983,7.6346,7.7662,422059,0
1997-01-02,7.8191,7.8191,7.4498,7.5027,316432,0
1997-01-03,7.5554,7.6871,7.5027,7.5027,736210,0
1997-01-06,7.5292,7.5292,7.1777,7.2306,1174206,0
1997-01-07,7.1777,7.4238,7.1777,7.3621,1509305,0
1997-01-08,7.3621,7.6346,7.3621,7.5027,1187409,0
1997-01-09,7.8454,7.9245,7.7926,7.8983,1414602,0
1997-01-10,7.8454,7.9245,7.8191,7.9245,648795,0
1997-01-13,7.8983,8.0826,7.8983,8.0826,870069,0
1997-01-14,8.0826,8.1091,8.0302,8.0826,1408682,0
1997-01-15,8.0564,8.0826,7.9511,8.0564,630130,0
1997-01-16,8.1091,8.2144,8.0826,8.1882,354219,0
1997-01-17,8.1616,8.1616,8.0033,8.0564,494906,0
1997-01-20,8.0564,8.1091,7.9245,7.9245,361503,0
1997-01-21,7.8454,7.8983,7.7403,7.8983,1104548,0
1997-01-22,7.8454,7.8719,7.6871,7.8454,904672,0
1997-01-23,7.8191,7.8719,7.7137,7.7662,468956,0
1997-01-24,7.7137,7.7137,7.4238,7.4766,1009843,0
1997-01-27,7.3974,7.5554,7.3621,7.5554,380175,0
1997-01-28,7.608,7.8983,7.608,7.8454,1003013,0
1997-01-29,7.8191,7.9511,7.7403,7.8983,748502,0
1997-01-30,7.8983,8.2408,7.8983,8.2408,932898,0
1997-01-31,8.2144,8.2672,7.8719,7.9245,996642,0
1997-02-03,7.9245,7.9511,7.6871,7.7926,753060,0
1997-02-04,7.7926,7.8983,7.7137,7.8983,928804,0
1997-02-05,7.8983,7.8983,7.6871,7.7137,465765,0
1997-02-06,7.7137,7.8983,7.7137,7.7662,487166,0
1997-02-07,7.8454,7.8454,7.6871,7.7137,570938,0
1997-02-10,7.7137,7.7137,7.5292,7.5292,777188,0
1997-02-11,7.5554,7.5819,7.3974,7.4238,820899,0
1997-02-12,7.5292,7.7137,7.4498,7.5554,1364519,0
1997-02-13,7.608,7.6346,7.3621,7.5292,1553011,0
1997-02-14,7.5554,7.6346,7.5027,7.5292,453021,0
1997-02-18,7.5554,7.5554,7.4498,7.5027,251320,0
1997-02-19,7.5027,7.5027,7.2568,7.4238,861418,0
1997-02-20,7.3974,7.4766,7.3621,7.3974,437538,0
1997-02-21,7.4498,7.4498,7.3621,7.3974,383359,0
1997-02-24,7.3621,7.4238,7.2568,7.3621,913778,0
1997-02-25,7.4238,7.6871,7.4238,7.6346,584601,0
1997-02-26,7.608,7.7137,7.4766,7.5819,296398,0
1997-02-27,7.608,7.608,7.4498,7.5027,679303,0
1997-02-28,7.4766,7.4766,7.3096,7.3621,609641,0
1997-03-03,7.4498,7.6346,7.3974,7.5819,500367,0
1997-03-04,7.6346,7.8983,7.608,7.8719,1275283,0
1997-03-05,7.9511,8.0564,7.6608,7.9772,1869896,0
1997-03-06,8.1616,8.5041,8.1354,8.2937,2492740,0
1997-03-07,8.2408,8.4518,8.1882,8.4253,3085081,0
1997-03-10,8.3989,8.9519,8.3989,8.9268,3530360,0
1997-03-11,8.6362,8.847,8.61,8.7415,1574411,0
1997-03-12,8.6889,8.7415,8.6362,8.7151,497184,0
1997-03-13,8.6889,8.8205,8.5571,8.7681,1195149,0
1997-03-14,8.7415,8.847,8.6889,8.8205,597806,0
1997-03-17,8.7681,8.7681,8.5306,8.6362,802686,0
1997-03-18,8.5925,8.7328,8.5396,8.7066,799495,0
1997-03-19,8.6449,8.759,8.6183,8.759,767627,0
1997-03-20,8.759,8.9174,8.6713,8.9174,558646,0
1997-03-21,8.9436,9.0491,8.759,9.0491,1395479,0
1997-03-24,9.0491,9.0491,8.7328,8.8123,974332,0
1997-03-25,8.8123,8.838,8.7328,8.838,301862,0
1997-03-26,8.8123,8.9174,8.7328,8.7328,314610,0
1997-03-27,8.8646,8.8646,8.4077,8.4342,725284,0
1997-03-31,8.4342,8.4342,8.065,8.065,738944,0
1997-04-01,8.0916,8.4605,8.0916,8.381,661998,0
1997-04-02,8.381,8.4077,8.302,8.3287,324171,0
1997-04-03,8.302,8.3287,8.1705,8.2495,653804,0
1997-04-04,8.2495,8.4605,8.2231,8.4342,520858,0
1997-04-07,8.4342,8.5925,8.4077,8.5925,703885,0
1997-04-08,8.5659,8.5925,8.4077,8.5925,226281,0
1997-04-09,8.5659,8.5925,8.5133,8.5659,110636,0
1997-04-10,8.5396,8.7328,8.5396,8.6713,257240,0
1997-04-11,8.6183,8.6183,8.2759,8.4605,306870,0
1997-04-14,8.4605,8.4605,8.0916,8.1705,572305,0
1997-04-15,8.2231,8.3549,8.1705,8.2759,350123,0
1997-04-16,8.2759,8.302,8.1969,8.2495,239483,0
1997-04-17,8.302,8.381,8.2231,8.2231,344661,0
1997-04-18,8.1969,8.1969,8.0126,8.065,1207443,0
1997-04-21,8.0916,8.0916,7.6698,7.7225,812247,0
1997-04-22,7.7754,8.065,7.7486,8.0387,1008935,0
1997-04-23,7.9859,8.1441,7.9069,8.0916,1167832,0
1997-04-24,8.0916,8.0916,7.8807,7.9069,738032,0
1997-04-25,7.9333,8.0126,7.828,7.8807,271810,0
1997-04-28,7.8807,7.9069,7.7754,7.828,620107,0
1997-04-29,7.8807,8.1178,7.828,8.065,895565,0
1997-04-30,8.065,8.4605,8.0126,8.4077,1018950,0
1997-05-01,8.4342,8.5925,8.3549,8.4605,849124,0
1997-05-02,8.5659,8.7066,8.4866,8.5925,935176,0
1997-05-05,8.6449,8.8646,8.6183,8.6449,542255,0
1997-05-06,8.6183,8.6449,8.1705,8.2495,2717656,0
1997-05-07,8.2495,8.6449,8.2231,8.5133,1221101,0
1997-05-08,8.4866,8.8123,8.4342,8.5925,904672,0
1997-05-09,8.6449,8.6449,8.5396,8.5925,564115,0
1997-05-12,8.8123,9.129,8.8123,8.8646,1839392,0
1997-05-13,8.9174,9.2064,8.891,9.2064,1272098,0
1997-05-14,9.708,9.708,9.2332,9.313,2856980,0
1997-05-15,9.3394,9.4168,9.2332,9.2865,1009388,0
1997-05-16,9.3394,9.655,9.3394,9.577,1901311,0
1997-05-19,9.55,9.55,9.3905,9.4966,641055,0
1997-05-20,9.4698,9.577,9.4168,9.577,529507,0
1997-05-21,9.577,9.63,9.4966,9.63,321441,0
1997-05-22,9.602,9.602,9.3661,9.4698,349210,0
1997-05-23,9.524,9.524,9.4434,9.4698,410219,0
1997-05-27,9.4966,9.761,9.4966,9.761,1002563,0
1997-05-28,9.681,9.839,9.655,9.839,658353,0
1997-05-29,9.839,9.947,9.708,9.813,610551,0
1997-05-30,9.788,9.893,9.681,9.839,509022,0
1997-06-02,9.972,10.058,9.866,9.919,950655,0
1997-06-03,9.919,10.086,9.893,9.919,406124,0
1997-06-04,9.866,9.893,9.761,9.761,215355,0
1997-06-05,9.788,9.839,9.63,9.788,291391,0
1997-06-06,9.788,10.19,9.761,9.996,820899,0
1997-06-09,9.996,10.115,9.972,10.115,249955,0
1997-06-10,10.14,10.216,10.14,10.216,548172,0
1997-06-11,10.216,10.269,10.19,10.242,815893,0
1997-06-12,10.242,10.269,10.19,10.242,1086335,0
1997-06-13,10.19,10.324,10.165,10.19,703433,0
1997-06-16,10.297,10.324,10.115,10.14,257695,0
1997-06-17,10.086,10.19,9.972,10.19,603267,0
1997-06-18,10.174,10.199,9.99,10.124,466678,0
1997-06-19,10.149,10.174,10.124,10.174,586876,0
1997-06-20,10.174,10.174,10.124,10.174,146607,0
1997-06-23,10.124,10.124,9.883,9.883,692959,0
1997-06-24,9.883,10.04,9.761,9.956,468956,0
1997-06-25,9.956,9.99,9.91,9.956,503102,0
1997-06-26,9.938,9.938,9.726,9.752,1099993,0
1997-06-27,9.698,9.788,9.647,9.779,1000741,0
1997-06-30,9.788,9.813,9.672,9.813,406577,0
1997-07-01,9.875,9.875,9.62,9.681,274544,0
1997-07-02,9.788,9.813,9.672,9.708,584142,0
1997-07-03,9.708,9.726,9.4628,9.647,880084,0
1997-07-07,9.515,9.602,9.4887,9.569,775369,0
1997-07-08,9.602,9.981,9.595,9.956,869613,0
1997-07-09,9.99,9.99,9.681,9.752,458483,0
1997-07-10,9.735,9.761,9.647,9.735,276821,0
1997-07-11,9.761,9.928,9.761,9.883,737580,0
1997-07-14,9.938,10.032,9.938,9.99,433442,0
1997-07-15,9.964,9.99,9.788,9.788,475782,0
1997-07-16,9.761,9.804,9.647,9.804,1033062,0
1997-07-17,9.779,9.779,9.4168,9.4346,916965,0
1997-07-18,9.4628,9.83,9.4434,9.655,553640,0
1997-07-21,9.672,9.726,9.4628,9.55,237664,0
1997-07-22,9.55,9.55,9.2593,9.4168,741677,0
1997-07-23,9.55,9.577,9.3828,9.524,475329,0
1997-07-24,9.524,9.524,9.1111,9.1365,1089067,0
1997-07-25,9.1365,9.2427,8.9519,9.1023,1390018,0
1997-07-28,9.0851,9.1365,9.0757,9.129,1195607,0
1997-07-29,9.129,9.129,9.0491,9.129,526776,0
1997-07-30,9.1365,9.2865,9.129,9.2689,1318537,0
1997-07-31,9.4628,9.698,9.4088,9.602,1096350,0
1997-08-01,9.569,9.62,9.3661,9.4346,394286,0
1997-08-04,9.4346,9.4346,9.189,9.189,604175,0
1997-08-05,9.2064,9.4346,9.189,9.3661,615559,0
1997-08-06,9.3828,9.4168,9.3571,9.3828,506288,0
1997-08-07,9.3661,9.3905,9.3316,9.3661,1072680,0
1997-08-08,9.3394,9.4088,9.1023,9.2064,915141,0
1997-08-11,9.1634,9.1634,8.9519,9.031,803141,0
1997-08-12,9.0851,9.2332,9.0224,9.0224,784473,0
1997-08-13,9.0045,9.0577,8.6449,8.8205,1186498,0
1997-08-14,8.9268,9.031,8.7151,8.9004,1215184,0
1997-08-15,8.9004,8.9004,8.5041,8.5041,1058106,0
1997-08-18,8.61,8.8205,8.0741,8.6625,3222580,0
1997-08-19,9.1365,9.2427,9.031,9.189,3330939,0
1997-08-20,9.4887,9.55,9.3316,9.3661,1728300,0
1997-08-21,9.3052,9.3394,9.0757,9.2865,1048547,0
1997-08-22,9.031,9.647,9.031,9.55,1202890,0
1997-08-25,9.647,9.761,9.602,9.602,799956,0
1997-08-26,9.655,9.788,9.602,9.681,835009,0
1997-08-27,9.752,9.761,9.54,9.681,1040806,0
1997-08-28,9.672,9.708,9.569,9.602,421604,0
1997-08-29,9.62,9.752,9.515,9.62,795401,0
1997-09-02,9.63,9.858,9.63,9.761,419325,0
1997-09-03,9.813,9.83,9.779,9.788,269987,0
1997-09-04,9.813,9.875,9.779,9.875,362868,0
1997-09-05,9.883,10.058,9.858,9.902,488986,0
1997-09-08,9.91,9.99,9.883,9.938,455296,0
1997-09-09,9.938,9.99,9.883,9.99,147061,0
1997-09-10,9.883,10.04,9.839,9.964,1226112,0
1997-09-11,9.964,9.981,9.804,9.839,635593,0
1997-09-12,9.839,9.981,9.83,9.981,1108191,0
1997-09-15,9.99,10.058,9.91,9.91,708895,0
1997-09-16,9.99,10.003,9.858,9.875,1284842,0
1997-09-17,9.875,9.938,9.795,9.83,618291,0
1997-09-18,9.858,9.875,9.83,9.875,584142,0
1997-09-19,9.956,10.013,9.928,9.981,550908,0
1997-09-22,10.003,10.04,9.99,10.003,366969,0
1997-09-23,10.003,10.058,9.83,9.902,702068,0
1997-09-24,9.681,9.743,9.4966,9.647,2511408,0
1997-09-25,9.54,9.602,9.3905,9.4168,829095,0
1997-09-26,9.4346,9.524,9.2777,9.2777,2574696,0
1997-09-29,9.2865,9.313,8.9436,9.0491,1341751,0
1997-09-30,9.1547,9.1811,8.9519,9.0491,1985087,0
1997-10-01,9.1023,9.3394,9.1023,9.2777,1161912,0
1997-10-02,9.3316,9.3316,9.2332,9.3052,1407773,0
1997-10-03,9.313,9.4168,9.1023,9.129,1273462,0
1997-10-06,8.9519,9.2593,8.9519,9.2064,857777,0
1997-10-07,9.2865,9.3905,9.2593,9.3661,428432,0
1997-10-08,9.3571,9.3661,9.1547,9.1547,1001650,0
1997-10-09,9.1547,9.4887,9.0577,9.4434,849581,0
1997-10-10,9.3394,9.4434,9.2593,9.4434,1212452,0
1997-10-13,9.4698,9.4698,9.3571,9.4628,423880,0
1997-10-14,9.4434,9.515,9.3905,9.4168,555920,0
1997-10-15,9.3661,9.4434,9.3661,9.4346,695233,0
1997-10-16,9.524,9.54,9.4168,9.4887,1152353,0
1997-10-17,9.4698,9.63,9.4434,9.602,1521143,0
1997-10-20,9.602,10.086,9.577,9.99,2837399,0
1997-10-21,10.14,10.351,10.096,10.343,1419155,0
1997-10-22,10.315,10.324,9.956,10.067,2500026,0
1997-10-23,9.981,9.981,9.602,9.63,3905068,0
1997-10-24,9.672,9.717,9.3316,9.4628,1637697,0
1997-10-27,9.3905,9.3905,8.1969,8.2759,2497294,0
1997-10-28,8.2759,8.9436,8.1705,8.7415,2581978,0
1997-10-29,8.7415,8.9174,8.4077,8.5041,2186326,0
1997-10-30,8.0916,8.3726,7.8365,8.2759,3096919,0
1997-10-31,8.3726,8.4781,8.2847,8.4077,760799,0
1997-11-03,8.5396,8.6713,8.4866,8.6449,1721016,0
1997-11-04,8.6973,8.7856,8.6713,8.7415,1292585,0
1997-11-05,8.7415,8.7681,8.3549,8.3989,1816173,0
1997-11-06,7.9859,8.4342,7.9685,8.4253,3332307,0
1997-11-07,8.2318,8.2847,8.0916,8.1705,1690965,0
1997-11-10,8.1178,8.3287,8.0741,8.1441,928804,0
1997-11-11,8.1441,8.1794,7.8807,8.0387,1455579,0
1997-11-12,7.8807,7.8894,7.6608,7.6871,2413064,0
1997-11-13,7.6608,7.784,7.2655,7.5554,4010697,0
1997-11-14,7.6346,8.0476,7.6346,8.0476,2510955,0
1997-11-17,8.4866,8.5041,7.9598,7.9685,3542652,0
1997-11-18,8.021,8.1794,7.784,7.784,1114106,0
1997-11-19,7.784,7.942,7.5554,7.8807,2805530,0
1997-11-20,7.8191,8.2759,7.8191,8.2231,3197084,0
1997-11-21,8.3463,8.5396,8.1969,8.3198,3492114,0
1997-11-24,8.3198,8.3287,8.1441,8.2231,2593361,0
1997-11-25,8.2231,8.2231,8.153,8.1969,595525,0
1997-11-26,8.2495,8.5041,7.9333,8.065,1565761,0
1997-11-28,8.0126,8.1794,8.0126,8.1178,132489,0
1997-12-01,8.1705,8.1794,7.9333,7.9333,880996,0
1997-12-02,7.9333,8.1441,7.8807,8.1178,1766090,0
1997-12-03,8.153,8.1969,7.9859,8.0916,1257527,0
1997-12-04,8.065,8.2759,8.065,8.1969,677935,0
1997-12-05,8.3287,8.5133,8.3198,8.4253,1313070,0
1997-12-08,8.4253,8.7151,8.4253,8.5925,2363437,0
1997-12-09,8.5925,8.6973,8.5571,8.6889,925614,0
1997-12-10,8.5834,8.5925,8.4077,8.5041,1989187,0
1997-12-11,8.5041,8.5041,8.2847,8.302,3323656,0
1997-12-12,8.3463,8.381,8.0476,8.1002,1848045,0
1997-12-15,8.1265,8.1441,7.6608,7.8894,1209716,0
1997-12-16,7.8807,7.9859,7.8807,7.942,2259176,0
1997-12-17,7.9948,8.3726,7.9948,8.2056,3814008,0
1997-12-18,8.1969,8.3549,7.9069,7.9069,940637,0
1997-12-19,7.8542,7.8542,7.5731,7.705,1123670,0
1997-12-22,7.7577,7.8542,7.6346,7.6524,830003,0
1997-12-23,7.6608,7.6608,7.1952,7.5027,1460587,0
1997-12-24,7.5027,7.5027,7.4498,7.4498,366510,0
1997-12-26,7.4676,7.5027,7.3887,7.4416,396563,0
1997-12-29,7.4498,7.5027,7.371,7.371,708436,0
1997-12-30,7.4766,7.784,7.4766,7.705,789026,0
1997-12-31,7.7403,7.8542,7.6524,7.6871,1052645,0
1998-01-02,7.7403,7.7577,7.6785,7.7577,692959,0
1998-01-05,7.7754,7.9859,7.7754,7.8631,1117750,0
1998-01-06,7.9948,8.1441,7.8365,8.0476,1251154,0
1998-01-07,8.065,8.3198,8.065,8.1882,1962776,0
1998-01-08,8.2672,8.4866,7.942,8.1616,2977179,0
1998-01-09,8.0476,8.0476,7.8017,7.8017,1674578,0
1998-01-12,7.4149,7.9859,7.3537,7.8807,1641792,0
1998-01-13,7.9069,8.0387,7.9069,8.021,1188774,0
1998-01-14,8.021,8.1882,7.9948,8.1441,2238229,0
1998-01-15,8.1178,8.3287,8.1002,8.1002,1007112,0
1998-01-16,8.2231,8.2672,8.1002,8.1178,910588,0
1998-01-20,8.2672,8.2672,8.1969,8.2231,1138239,0
1998-01-21,8.2231,8.2231,8.0387,8.1265,745317,0
1998-01-22,8.1002,8.1265,7.8631,7.9598,1916794,0
1998-01-23,7.942,7.9685,7.784,7.8542,847759,0
1998-01-26,7.8894,7.9156,7.7577,7.8017,784018,0
1998-01-27,7.7577,8.0387,7.7577,8.021,871890,0
1998-01-28,8.021,8.3463,8.021,8.2144,688406,0
1998-01-29,8.5041,8.61,8.4077,8.5041,1420975,0
1998-01-30,8.5133,8.847,8.2144,8.2672,972966,0
1998-02-02,8.4781,8.6889,8.4781,8.5745,1195149,0
1998-02-03,8.6273,8.7066,8.5745,8.6625,322803,0
1998-02-04,8.6362,8.7066,8.5483,8.6362,500367,0
1998-02-05,8.6362,8.847,8.61,8.7943,867793,0
1998-02-06,8.7943,9.2504,8.7943,9.2504,1476978,0
1998-02-09,9.2504,9.3828,9.1547,9.313,1045812,0
1998-02-10,9.3571,9.647,9.2777,9.531,1537077,0
1998-02-11,9.531,9.559,9.4346,9.4346,703433,0
1998-02-12,9.3828,9.4529,9.2865,9.3571,474874,0
1998-02-13,9.3738,9.4088,9.3316,9.3571,422512,0
1998-02-17,9.4088,9.4346,9.1964,9.2246,593704,0
1998-02-18,9.2504,9.313,9.2332,9.2865,345114,0
1998-02-19,9.2593,9.4887,9.1964,9.3738,1371350,0
1998-02-20,9.3571,9.3738,9.2246,9.3571,246315,0
1998-02-23,9.3052,9.54,9.2504,9.4887,1578965,0
1998-02-24,9.559,9.761,9.559,9.62,1225200,0
1998-02-25,9.62,9.996,9.62,9.981,874165,0
1998-02-26,9.919,10.077,9.839,9.919,1191508,0
1998-02-27,9.893,10.105,9.893,10.022,702522,0
1998-03-02,10.022,10.022,9.662,9.717,3539009,0
1998-03-03,9.735,9.761,9.506,9.611,2018323,0
1998-03-04,9.638,9.947,9.3828,9.866,1135050,0
1998-03-05,9.761,9.839,9.647,9.813,496272,0
1998-03-06,9.691,9.996,9.662,9.956,1161003,0
1998-03-09,9.981,10.131,9.947,10.086,472596,0
1998-03-10,10.077,10.613,10.077,10.517,1762446,0
1998-03-11,10.368,11.086,10.368,10.613,2634792,0
1998-03-12,10.587,10.753,10.56,10.674,1403679,0
1998-03-13,10.674,10.954,10.622,10.753,1018950,0
1998-03-16,10.806,10.859,10.718,10.718,753966,0
1998-03-17,10.692,10.692,10.569,10.595,1135050,0
1998-03-18,10.543,10.543,10.435,10.508,809059,0
1998-03-19,10.401,10.508,10.343,10.386,703885,0
1998-03-20,10.386,10.587,10.343,10.569,571396,0
1998-03-23,10.463,10.481,10.279,10.279,425245,0
1998-03-24,10.279,10.401,10.199,10.306,956573,0
1998-03-25,10.333,10.788,10.333,10.702,1060382,0
1998-03-26,10.622,10.762,10.587,10.762,488534,0
1998-03-27,10.788,10.788,10.56,10.56,545444,0
1998-03-30,10.543,10.692,10.435,10.517,645610,0
1998-03-31,10.543,10.587,10.315,10.401,424336,0
1998-04-01,10.426,10.543,10.409,10.508,269987,0
1998-04-02,10.543,10.762,10.306,10.543,926068,0
1998-04-03,10.569,10.622,10.463,10.543,503102,0
1998-04-06,10.508,10.517,10.131,10.233,1235214,0
1998-04-07,10.207,10.207,9.761,9.996,935633,0
1998-04-08,10.04,10.131,9.77,9.875,1109550,0
1998-04-09,9.821,10.003,9.795,9.839,1014396,0
1998-04-13,9.866,9.866,9.77,9.839,596892,0
1998-04-14,9.849,9.849,9.691,9.708,1089067,0
1998-04-15,9.708,9.735,9.595,9.717,607363,0
1998-04-16,9.638,9.681,9.4529,9.4887,564115,0
1998-04-17,9.506,9.691,9.399,9.647,822260,0
1998-04-20,9.647,9.77,9.586,9.708,606002,0
1998-04-21,9.708,9.795,9.708,9.735,616014,0
1998-04-22,9.735,9.849,9.735,9.788,240852,0
1998-04-23,9.77,9.77,9.681,9.735,581868,0
1998-04-24,9.691,9.717,9.3828,9.4529,172558,0
1998-04-27,9.399,9.4266,9.129,9.3482,430708,0
1998-04-28,9.506,9.611,9.3482,9.3571,580959,0
1998-04-29,9.399,9.849,9.399,9.595,1495641,0
1998-04-30,9.595,9.875,9.595,9.717,600984,0
1998-05-01,9.77,9.77,9.4787,9.77,397930,0
1998-05-04,9.77,9.928,9.761,9.902,248136,0
1998-05-05,9.902,10.225,9.875,10.149,1494277,0
1998-05-06,10.149,10.183,10.077,10.096,314610,0
1998-05-07,10.077,10.157,9.875,9.956,852767,0
1998-05-08,9.928,9.947,9.717,9.839,602357,0
1998-05-11,9.849,9.902,9.821,9.839,1343121,0
1998-05-12,9.821,9.821,9.662,9.662,289114,0
1998-05-13,9.691,9.972,9.681,9.813,949746,0
1998-05-14,9.717,9.821,9.717,9.761,154343,0
1998-05-15,9.795,9.813,9.531,9.638,1037164,0
1998-05-18,9.821,9.928,9.4787,9.77,2657557,0
1998-05-19,9.902,10.096,9.866,10.067,1654541,0
1998-05-20,10.174,10.233,9.996,10.049,441180,0
1998-05-21,10.049,10.279,10.049,10.252,443913,0
1998-05-22,10.174,10.279,10.04,10.077,640145,0
1998-05-26,10.022,10.333,10.022,10.149,416595,0
1998-05-27,9.821,10.225,9.821,10.096,952022,0
1998-05-28,10.049,10.207,9.996,10.207,392010,0
1998-05-29,10.233,10.409,10.207,10.225,571396,0
1998-06-01,10.174,10.279,10.04,10.067,552729,0
1998-06-02,10.096,10.149,9.981,9.996,264070,0
1998-06-03,9.996,10.207,9.919,10.04,247683,0
1998-06-04,10.067,10.067,9.919,10.04,331454,0
1998-06-05,10.096,10.306,10.096,10.261,317796,0
1998-06-08,10.252,10.377,10.252,10.343,140687,0
1998-06-09,10.333,10.343,10.207,10.333,170283,0
1998-06-10,10.333,10.333,9.569,9.662,3485740,0
1998-06-11,9.691,9.717,9.531,9.611,605087,0
1998-06-12,9.611,9.691,9.4346,9.559,1550733,0
1998-06-15,9.506,9.515,9.0128,9.0491,720732,0
1998-06-16,9.0396,9.1724,8.5834,9.0396,4006598,0
1998-06-17,9.0671,9.3738,9.0128,9.12,1498378,0
1998-06-18,9.12,9.2865,9.12,9.2064,1339933,0
1998-06-19,9.1724,9.2332,8.9613,9.0671,1379546,0
1998-06-22,9.031,9.735,9.031,9.63,698878,0
1998-06-23,10.058,10.067,9.569,9.569,1528883,0
1998-06-24,9.4168,9.849,9.4168,9.647,893289,0
1998-06-25,9.569,9.708,9.55,9.647,587789,0
1998-06-26,9.63,9.698,9.595,9.595,1101359,0
1998-06-29,9.647,9.875,9.595,9.708,287744,0
1998-06-30,9.708,10.351,9.708,10.269,2034716,0
1998-07-01,10.409,10.463,10.19,10.377,1374991,0
1998-07-02,10.324,10.343,10.131,10.131,442091,0
1998-07-06,9.981,10.14,9.956,10.032,601900,0
1998-07-07,10.04,10.067,9.902,9.964,411133,0
1998-07-08,10.003,10.013,9.883,9.883,142507,0
1998-07-09,9.849,9.849,9.735,9.804,347388,0
1998-07-10,9.83,9.849,9.63,9.708,511750,0
1998-07-13,9.708,9.83,9.655,9.672,226281,0
1998-07-14,9.647,9.698,9.55,9.62,824542,0
1998-07-15,9.63,10.115,9.62,9.981,1181491,0
1998-07-16,9.956,10.115,9.956,10.032,572759,0
1998-07-17,10.086,10.086,9.795,9.821,289567,0
1998-07-20,9.83,9.849,9.804,9.804,226740,0
1998-07-21,9.779,9.83,9.752,9.752,237208,0
1998-07-22,9.761,9.821,9.681,9.795,527688,0
1998-07-23,9.735,9.795,9.569,9.595,870069,0
1998-07-24,9.577,9.655,9.2865,9.313,465309,0
1998-07-27,9.2332,9.3394,9.2064,9.2064,631037,0
1998-07-28,9.2148,9.2689,9.1724,9.1724,331454,0
1998-07-29,9.189,9.4168,9.189,9.2427,326902,0
1998-07-30,9.3394,9.602,9.3228,9.595,395652,0
1998-07-31,9.595,9.595,9.189,9.189,226281,0
1998-08-03,9.12,9.12,8.9792,9.0045,1971885,0
1998-08-04,8.9874,9.0128,8.7766,8.7766,1425530,0
1998-08-05,8.7856,9.031,8.7766,8.9613,1545726,0
1998-08-06,8.8297,9.1111,8.8297,9.0929,707984,0
1998-08-07,9.0851,9.4168,9.0851,9.399,1144611,0
1998-08-10,9.399,9.399,8.9792,9.1634,756703,0
1998-08-11,9.0577,9.0577,8.7766,8.8826,716637,0
1998-08-12,8.891,8.9342,8.7503,8.8646,1375903,0
1998-08-13,8.9342,8.9874,8.6183,8.8297,1271640,0
1998-08-14,8.8826,8.9874,8.6273,8.6797,1561209,0
1998-08-17,8.7503,9.4168,8.7066,9.12,2342495,0
1998-08-18,9.1462,9.577,9.1462,9.524,1271640,0
1998-08-19,9.3905,9.655,9.3228,9.515,678845,0
1998-08-20,9.4966,9.515,9.399,9.4966,1171930,0
1998-08-21,9.4434,9.4698,9.0396,9.3228,1111829,0
1998-08-24,9.3394,9.698,9.3394,9.4434,563199,0
1998-08-25,9.4698,9.735,9.4698,9.602,447553,0
1998-08-26,9.55,9.55,9.12,9.1634,783108,0
1998-08-27,8.9613,8.9613,8.6713,8.6713,1430084,0
1998-08-28,8.6713,8.6713,8.3989,8.5571,2098911,0
1998-08-31,8.6183,8.6713,7.8017,7.9598,2991290,0
1998-09-01,7.9598,8.2231,7.5819,8.1969,4473277,0
1998-09-02,8.2144,8.3375,7.9069,7.9685,1243411,0
1998-09-03,7.784,8.1616,7.7486,8.1091,1382729,0
1998-09-04,8.1969,8.2937,7.8631,8.0387,1321720,0
1998-09-08,8.6713,8.6973,8.3636,8.4518,854589,0
1998-09-09,8.4692,8.9613,8.2759,8.4253,1326729,0
1998-09-10,8.3198,8.4518,8.1705,8.3198,1007567,0
1998-09-11,8.2759,8.7766,8.1969,8.759,598713,0
1998-09-14,8.7066,8.891,8.7066,8.838,1073132,0
1998-09-15,8.8646,8.8646,8.5306,8.6973,514029,0
1998-09-16,8.6973,8.6973,7.8894,8.1091,2928911,0
1998-09-17,7.8542,7.9948,7.7403,7.8983,2068407,0
1998-09-18,7.8983,7.9333,7.7403,7.7926,1295315,0
1998-09-21,7.7926,7.8017,7.5993,7.7137,1201524,0
1998-09-22,7.7225,7.7926,7.5644,7.7137,1928181,0
1998-09-23,7.6871,7.9333,7.0899,7.6258,5013711,0
1998-09-24,7.4852,7.6169,7.2042,7.2832,2993112,0
1998-09-25,7.2832,7.3974,7.1336,7.1428,2232766,0
1998-09-28,7.2042,7.3887,6.8088,7.2127,2368447,0
1998-09-29,7.0635,7.2306,6.7824,7.1777,1694609,0
1998-09-30,7.0548,7.0548,6.598,6.7296,2021054,0
1998-10-01,6.598,6.7998,6.4929,6.5802,2206816,0
1998-10-02,6.598,6.7472,6.2904,6.3518,6433775,0
1998-10-05,6.1938,6.2378,5.7897,5.9301,2588808,0
1998-10-06,6.3433,6.3433,5.9301,6.2378,2865628,0
1998-10-07,6.1848,6.3694,6.0445,6.1234,1041713,0
1998-10-08,5.9565,6.0882,5.8335,6.0882,2659834,0
1998-10-09,5.9916,6.22,5.9301,6.0093,1904046,0
1998-10-12,6.0882,6.1589,5.9565,5.9565,1449662,0
1998-10-13,5.9123,5.9828,5.886,5.9565,740764,0
1998-10-14,5.9039,6.1411,5.9039,6.1148,1062204,0
1998-10-15,6.1411,7.3974,6.1234,7.3185,2966247,0
1998-10-16,7.1602,7.1602,6.7824,6.9755,2400774,0
1998-10-19,6.8613,7.3448,6.8613,7.0812,1800691,0
1998-10-20,7.2655,7.6871,6.9229,6.9495,2633429,0
1998-10-21,6.9755,7.1602,6.598,6.756,1511580,0
1998-10-22,6.7824,7.5116,6.756,7.2655,1354957,0
1998-10-23,7.2042,7.371,7.1428,7.3448,1178761,0
1998-10-26,7.2919,7.3887,7.2042,7.371,1163279,0
1998-10-27,7.0812,7.2391,7.0021,7.0899,2842407,0
1998-10-28,7.0635,7.0635,6.8613,6.9054,1941380,0
1998-10-29,6.9846,6.9846,6.8088,6.8613,1313985,0
1998-10-30,6.8613,7.0021,6.8613,6.9495,2281028,0
1998-11-02,7.2391,7.9245,7.1868,7.9245,2853336,0
1998-11-03,7.8983,8.1354,7.7662,7.9685,829545,0
1998-11-04,8.0741,8.8123,8.0741,8.311,2181775,0
1998-11-05,8.4781,8.7328,8.3636,8.5041,1150077,0
1998-11-06,8.4605,8.7856,8.4165,8.4165,791302,0
1998-11-09,8.4781,8.7681,8.381,8.5041,845941,0
1998-11-10,8.5041,8.5041,8.1091,8.2847,908769,0
1998-11-11,8.302,8.3549,7.9948,8.153,366058,0
1998-11-12,8.2056,8.2056,8.1265,8.1354,138411,0
1998-11-13,8.1616,8.61,8.1616,8.5659,944737,0
1998-11-16,8.5659,8.7681,8.1091,8.6183,2052472,0
1998-11-17,8.7415,9.2777,8.7415,9.0757,1552101,0
1998-11-18,9.1724,9.1724,8.8729,9.12,707529,0
1998-11-19,9.0671,9.0929,8.8646,8.9958,325992,0
1998-11-20,9.0491,9.12,9.0396,9.0757,377438,0
1998-11-23,9.4346,9.4346,9.129,9.2777,679757,0
1998-11-24,9.2504,9.4966,9.1964,9.2246,575493,0
1998-11-25,9.2504,9.3052,9.1964,9.2246,185761,0
1998-11-27,9.3052,9.399,9.2064,9.399,329632,0
1998-11-30,9.399,9.4529,9.3316,9.3738,965225,0
1998-12-01,9.3228,9.3571,9.0128,9.2427,764441,0
1998-12-02,9.2427,9.2427,8.9436,9.1023,774914,0
1998-12-03,9.1023,9.1023,8.8729,8.9268,1108191,0
1998-12-04,8.9268,9.0224,8.9004,9.0128,247683,0
1998-12-07,8.9519,9.3738,8.891,9.3316,457117,0
1998-12-08,9.3316,9.3571,8.847,9.2427,1246599,0
1998-12-09,9.2504,9.2504,8.9874,8.9958,617382,0
1998-12-10,9.0128,9.2064,8.61,8.6362,975242,0
1998-12-11,8.6362,8.6362,8.2583,8.5306,1874906,0
1998-12-14,8.4781,8.5133,8.1794,8.4866,969327,0
1998-12-15,8.6889,9.0929,8.5925,9.0757,1109099,0
1998-12-16,9.0929,9.129,8.9004,8.9174,896933,0
1998-12-17,8.9088,8.9613,8.8123,8.9088,777188,0
1998-12-18,8.803,9.4434,8.7066,9.2332,1354506,0
1998-12-21,9.3394,10.096,9.3394,9.956,1533434,0
1998-12-22,9.902,10.174,9.595,10.149,921061,0
1998-12-23,10.096,10.279,10.022,10.252,712992,0
1998-12-24,10.252,10.279,10.174,10.279,188947,0
1998-12-28,10.269,10.426,9.981,10.225,1069032,0
1998-12-29,10.252,10.56,10.199,10.534,610551,0
1998-12-30,10.534,10.71,10.453,10.508,834557,0
1998-12-31,10.508,11.186,10.508,11.149,1985544,0
1999-01-04,11.149,11.623,11.122,11.271,3003127,0
1999-01-05,11.186,11.186,10.859,11.168,1304874,0
1999-01-06,11.289,12.362,11.289,12.211,2953955,0
1999-01-07,12.035,12.738,12,12.431,3148366,0
1999-01-08,13.169,13.549,13.125,13.466,3273572,0
1999-01-11,13.466,13.652,12.844,12.975,2705366,0
1999-01-12,13.012,13.012,12.738,12.898,1611743,0
1999-01-13,12.634,12.975,12.264,12.942,1043538,0
1999-01-14,12.898,13.224,12.696,12.844,1050820,0
1999-01-15,13.012,13.153,12.378,12.413,1206988,0
1999-01-19,12.688,13.652,12.606,13.549,1013941,0
1999-01-20,13.434,13.977,13.143,13.205,1800239,0
1999-01-21,13.205,13.241,12.554,12.836,786292,0
1999-01-22,12.844,13.039,12.688,12.914,712992,0
1999-01-25,12.951,13.125,12.836,12.889,1114563,0
1999-01-26,12.872,12.872,12.634,12.765,1695521,0
1999-01-27,12.781,12.781,12.484,12.536,1113652,0
1999-01-28,12.581,12.59,12.035,12.203,4852532,0
1999-01-29,12.386,12.458,12.035,12.386,15716791,0
1999-02-01,12.431,12.458,12.124,12.283,1718740,0
1999-02-02,12.291,12.554,12.124,12.493,2125776,0
1999-02-03,12.581,12.643,12.238,12.291,1142789,0
1999-02-04,12.378,12.378,11.879,12.081,1128222,0
1999-02-05,12.133,12.255,12.026,12.255,1174206,0
1999-02-08,12.31,12.66,12.31,12.606,1860336,0
1999-02-09,12.606,12.863,12.328,12.378,1192870,0
1999-02-10,12.203,12.255,11.754,11.983,1181037,0
1999-02-11,12.035,12.52,12.035,12.291,654713,0
1999-02-12,12.238,12.238,11.526,11.668,1008026,0
1999-02-16,11.799,12.152,11.606,11.835,691139,0
1999-02-17,11.835,12.099,11.499,11.597,470321,0
1999-02-18,11.623,11.641,11.342,11.422,680212,0
1999-02-19,11.44,11.725,11.422,11.517,504922,0
1999-02-22,11.474,12.238,11.413,12.055,649708,0
1999-02-23,12.026,12.335,11.983,12.255,707984,0
1999-02-24,12.255,12.335,12.124,12.152,625119,0
1999-02-25,12.228,12.378,12.108,12.176,819073,0
1999-02-26,12.176,12.404,12.152,12.291,381994,0
1999-03-01,12.328,12.431,12.108,12.264,502646,0
1999-03-02,12.386,12.791,12.386,12.66,1222013,0
1999-03-03,13.065,13.503,12.923,13.116,3584994,0
1999-03-04,13.549,13.75,13.273,13.75,2169029,0
1999-03-05,13.759,13.961,13.549,13.961,2049738,0
1999-03-08,13.961,15.251,13.853,14.998,1935461,0
1999-03-09,14.778,15.269,14.565,15.05,2492287,0
1999-03-10,15.05,15.05,14.409,14.409,606002,0
1999-03-11,14.417,15.033,14.409,14.849,964318,0
1999-03-12,14.917,15.033,14.49,14.778,713446,0
1999-03-15,14.891,15.209,14.619,14.795,560012,0
1999-03-16,14.769,14.972,14.514,14.972,1278015,0
1999-03-17,14.972,15.074,14.778,14.899,466678,0
1999-03-18,14.909,15.498,14.786,15.498,1384555,0
1999-03-19,15.47,15.647,14.99,15.182,1303964,0
1999-03-22,15.12,15.147,14.882,15.006,477153,0
1999-03-23,14.856,14.935,14.548,14.68,1010299,0
1999-03-24,14.655,14.715,14.425,14.48,499004,0
1999-03-25,14.532,15.498,14.532,15.498,930169,0
1999-03-26,15.443,15.978,15.261,15.719,1790223,0
1999-03-29,15.877,16.78,15.776,16.153,2140797,0
1999-03-30,15.978,16.181,15.969,16.025,1306696,0
1999-03-31,16.053,16.281,16.053,16.097,1488816,0
1999-04-01,16.356,16.439,16.181,16.298,691595,0
1999-04-05,16.411,17.475,16.411,17.159,2199078,0
1999-04-06,17.116,17.167,16.885,17.042,569574,0
1999-04-07,17.008,17.209,16.816,16.868,918785,0
1999-04-08,17.061,17.29,17.061,17.218,1278468,0
1999-04-09,17.209,17.65,17.07,17.385,714355,0
1999-04-12,17.335,17.493,17.192,17.369,1328553,0
1999-04-13,17.466,18.081,17.411,17.826,887826,0
1999-04-14,17.844,18.283,17.792,17.817,673838,0
1999-04-15,17.817,17.817,16.913,17.108,1269362,0
1999-04-16,17.159,17.729,17.141,17.597,963855,0
1999-04-19,17.668,17.872,16.632,16.632,832279,0
1999-04-20,16.64,17.159,16.525,17.132,646978,0
1999-04-21,17.116,17.369,16.842,17.264,1120484,0
1999-04-22,17.29,17.317,17.008,17.132,714355,0
1999-04-23,17.132,17.132,16.842,17.008,589605,0
1999-04-26,17.132,17.535,17.132,17.3,507654,0
1999-04-27,17.385,18.335,17.385,18.257,1035796,0
1999-04-28,18.231,18.828,18.081,18.556,728015,0
1999-04-29,18.527,18.537,17.931,18.057,685678,0
1999-04-30,18.38,18.527,17.992,18.081,1123216,0
1999-05-03,18.132,18.862,18.132,18.537,1929086,0
1999-05-04,18.508,18.993,18.407,18.537,822719,0
1999-05-05,18.537,18.537,17.466,18.353,1350862,0
1999-05-06,18.257,18.626,18.019,18.5,849124,0
1999-05-07,18.5,18.713,18.222,18.677,519488,0
1999-05-10,18.686,18.739,18.222,18.275,457573,0
1999-05-11,18.299,18.325,17.921,18.158,486710,0
1999-05-12,18.149,18.299,17.844,18.247,264526,0
1999-05-13,18.247,18.398,18.073,18.247,486255,0
1999-05-14,18.098,18.098,17.493,17.65,1031699,0
1999-05-17,17.597,18.325,17.535,18.247,685221,0
1999-05-18,18.508,18.713,18.098,18.107,2415341,0
1999-05-19,17.975,18.081,17.448,17.895,1003472,0
1999-05-20,17.921,18.057,17.132,17.132,2364804,0
1999-05-21,17.07,17.792,16.761,17.729,2198166,0
1999-05-24,17.704,17.872,17.616,17.65,1313070,0
1999-05-25,17.64,17.704,17.245,17.385,1837571,0
1999-05-26,17.335,17.704,17.218,17.668,861874,0
1999-05-27,17.668,17.844,17.544,17.719,482611,0
1999-05-28,17.704,18.048,17.438,17.844,602810,0
1999-06-01,17.88,18.123,17.764,18.098,422512,0
1999-06-02,18.048,18.081,17.588,17.826,1873539,0
1999-06-03,17.746,17.975,17.704,17.872,895112,0
1999-06-04,17.904,17.975,17.792,17.872,737122,0
1999-06-07,17.921,18.283,17.904,17.992,802686,0
1999-06-08,18.132,18.299,18.029,18.098,615559,0
1999-06-09,18.081,18.098,17.544,17.773,844575,0
1999-06-10,17.773,17.773,17.544,17.746,937451,0
1999-06-11,17.695,17.966,17.562,17.817,631949,0
1999-06-14,17.817,17.88,17.518,17.625,504468,0
1999-06-15,17.677,17.817,17.448,17.466,761254,0
1999-06-16,17.475,18.283,17.466,18.283,960215,0
1999-06-17,18.231,18.474,17.872,17.966,491263,0
1999-06-18,17.764,18.677,17.764,18.677,660176,0
1999-06-21,18.73,19.443,18.704,19.056,1136420,0
1999-06-22,18.993,19.011,18.739,18.943,697968,0
1999-06-23,18.836,18.862,18.584,18.854,452110,0
1999-06-24,18.967,18.967,18.5,18.592,619655,0
1999-06-25,18.651,18.81,18.651,18.713,240852,0
1999-06-28,18.677,19.318,18.677,19.318,606002,0
1999-06-29,19.398,20.127,19.398,20.031,2185416,0
1999-06-30,20.373,21.013,20.323,20.805,2514141,0
1999-07-01,20.805,21.392,20.531,21.34,1115018,0
1999-07-02,21.286,21.542,20.856,20.963,931535,0
1999-07-06,20.963,21.013,20.707,20.955,1341297,0
1999-07-07,21.004,21.261,21.004,21.217,862783,0
1999-07-08,21.315,21.333,21.13,21.189,381994,0
1999-07-09,21.244,21.534,21.13,21.534,1531613,0
1999-07-12,21.534,21.938,21.534,21.709,1437366,0
1999-07-13,21.719,22.067,21.682,21.973,883727,0
1999-07-14,22.025,22.394,21.867,22.315,947013,0
1999-07-15,22.472,22.851,21.885,22.851,1572132,0
1999-07-16,22.851,22.851,21.992,22.149,2098911,0
1999-07-19,22.315,22.578,22.192,22.422,1094983,0
1999-07-20,22.202,22.349,21.745,22,1378634,0
1999-07-21,21.911,22.578,21.885,22.578,1177848,0
1999-07-22,22.578,22.578,21.13,21.938,1054918,0
1999-07-23,21.507,21.561,20.936,21.077,2917535,0
1999-07-26,21.104,21.18,20.268,20.558,1155312,0
1999-07-27,20.988,22.095,20.586,21.664,2473622,0
1999-07-28,21.859,21.938,21.315,21.612,705480,0
1999-07-29,21.612,21.612,20.91,20.91,761710,0
1999-07-30,21.077,21.859,21.042,21.692,1052186,0
1999-08-02,21.612,22.422,21.612,21.911,1232030,0
1999-08-03,22.422,22.632,20.856,21.366,1785440,0
1999-08-04,21.366,21.366,19.97,20.127,722098,0
1999-08-05,20.156,20.268,19.241,19.593,1390474,0
1999-08-06,19.398,20.18,18.862,19.619,1426440,0
1999-08-09,19.721,19.721,18.967,19.083,1359511,0
1999-08-10,19.083,19.083,18.029,18.758,1450797,0
1999-08-11,19.241,19.293,18.836,19.083,1033062,0
1999-08-12,19.083,19.891,18.889,19.373,1536392,0
1999-08-13,19.565,20.698,19.565,20.504,722781,0
1999-08-16,20.504,20.504,19.829,20.127,464173,0
1999-08-17,21.771,22.851,21.392,22.851,2049284,0
1999-08-18,22.746,22.746,21.992,22.289,926754,0
1999-08-19,21.992,22.957,21.771,22.606,1227248,0
1999-08-20,22.501,23.441,22.422,23.23,901483,0
1999-08-23,23.503,23.931,22.501,22.93,986394,0
1999-08-24,22.501,22.632,22.202,22.422,833190,0
1999-08-25,22.422,22.903,22.095,22.578,963855,0
1999-08-26,22.957,23.818,22.691,23.309,1701894,0
1999-08-27,23.413,24.013,22.826,22.983,605543,0
1999-08-30,23.098,23.334,22.368,22.632,520403,0
1999-08-31,23.07,23.441,22.552,23.07,920603,0
1999-09-01,22.851,23.283,22.446,22.718,839110,0
1999-09-02,22.718,22.718,21.771,21.992,715725,0
1999-09-03,22.472,22.903,22.422,22.746,656537,0
1999-09-07,22.957,23.23,22.773,23.036,655399,0
1999-09-08,23.036,23.036,22.666,22.8,413408,0
1999-09-09,22.903,24.142,22.851,24.089,1046042,0
1999-09-10,24.793,26.516,24.651,25.732,1855326,0
1999-09-13,25.759,26.008,24.598,25.926,1480168,0
1999-09-14,25.981,26.191,25.328,25.953,1124807,0
1999-09-15,26.433,27.138,26.408,27.05,1976209,0
1999-09-16,26.919,26.999,26.008,26.268,1188547,0
1999-09-17,26.268,27.515,26.216,27.401,1864204,0
1999-09-20,27.483,27.595,27.102,27.455,632407,0
1999-09-21,27.569,27.569,26.595,27.192,978430,0
1999-09-22,27.27,27.322,26.138,26.567,1007797,0
1999-09-23,26.567,26.618,25.38,25.462,1468100,0
1999-09-24,25.462,26.056,24.897,25.224,1134367,0
1999-09-27,25.356,25.462,24.678,25.056,1703942,0
1999-09-28,25.056,26.268,24.821,26.008,881908,0
1999-09-29,26.433,26.489,25.356,25.601,540207,0
1999-09-30,25.601,25.864,25.539,25.864,1023958,0
1999-10-01,25.601,25.759,25.198,25.653,510160,0
1999-10-04,25.68,26.812,25.68,26.673,1321948,0
1999-10-05,26.673,27.165,26.542,26.812,915370,0
1999-10-06,26.839,28.026,26.839,27.92,871210,0
1999-10-07,28.051,28.402,27.674,27.806,670424,0
1999-10-08,27.92,28.561,27.455,28.509,728698,0
1999-10-11,28.457,28.915,28.184,28.704,461668,0
1999-10-12,28.209,28.209,27.515,27.833,1191960,0
1999-10-13,27.728,27.778,26.567,26.762,736439,0
1999-10-14,26.866,27.621,26.358,27.428,926299,0
1999-10-15,26.542,26.644,25.031,25.462,1252519,0
1999-10-18,25.407,25.435,22.657,23.309,2172441,0
1999-10-19,23.845,23.896,22.606,23.309,2940068,0
1999-10-20,23.359,23.818,22.867,23.468,1498603,0
1999-10-21,23.089,23.334,22.035,23.309,1321720,0
1999-10-22,23.413,24.925,22.983,24.598,1435545,0
1999-10-25,24.598,24.757,24.353,24.494,523361,0
1999-10-26,24.494,24.574,23.089,23.283,1688236,0
1999-10-27,23.036,23.413,22.685,23.036,1472879,0
1999-10-28,23.115,24.651,23.115,24.651,704796,0
1999-10-29,25.435,26.542,25.302,25.68,1932499,0
1999-11-01,25.787,26.542,25.787,25.836,1232712,0
1999-11-02,25.889,25.981,25.198,25.198,1127536,0
1999-11-03,25.889,26.008,25.68,25.864,755333,0
1999-11-04,26.433,26.972,26.216,26.673,1276648,0
1999-11-05,27.025,28.026,27.025,27.859,1179441,0
1999-11-08,27.859,28.781,27.728,27.728,2086162,0
1999-11-09,27.674,27.674,26.595,26.999,1217914,0
1999-11-10,26.946,27.401,26.866,27.165,1066986,0
1999-11-11,27.165,27.895,27.165,27.621,731886,0
1999-11-12,27.947,28.483,26.972,28.026,1159637,0
1999-11-15,28.483,29.482,28.402,29.212,2324739,0
1999-11-17,30.32,31.715,30.153,30.909,3570653,0
1999-11-18,30.934,31.127,29.968,29.968,2210230,0
1999-11-19,29.915,30.214,28.94,29.968,1403679,0
1999-11-22,30.153,31.452,30.073,30.934,961812,0
1999-11-23,30.88,31.503,30.32,30.32,2250524,0
1999-11-24,30.32,32.585,29.968,32.04,1692335,0
1999-11-26,31.937,33.527,31.777,32.85,433896,0
1999-11-29,33.174,33.956,32.91,33.068,2029477,0
1999-11-30,33.199,33.553,32.69,33.444,738716,0
1999-12-01,33.225,33.771,32.69,33.604,1387741,0
1999-12-02,33.878,34.202,33.342,34.045,1908141,0
1999-12-03,34.149,34.827,33.225,34.386,2466562,0
1999-12-06,34.413,34.413,33.929,34.413,799045,0
1999-12-07,34.957,35.165,34.684,35.064,1255704,0
1999-12-08,35.011,35.064,34.413,34.983,740764,0
1999-12-09,35.064,35.819,33.225,33.63,1285072,0
1999-12-10,33.444,33.444,32.69,33.199,897389,0
1999-12-13,33.016,34.334,33.016,34.334,1307150,0
1999-12-14,34.632,34.632,33.041,34.149,970916,0
1999-12-15,34.202,35.362,33.956,34.475,1116609,0
1999-12-16,34.609,35.607,34.609,35.284,670424,0
1999-12-17,35.362,35.738,35.037,35.037,1019179,0
1999-12-20,35.142,35.31,34.173,34.93,1073132,0
1999-12-21,34.854,35.819,34.854,35.634,512888,0
1999-12-22,35.468,36.249,35.31,35.766,588014,0
1999-12-23,35.896,36.469,35.738,35.949,508792,0
1999-12-27,35.949,36.276,35.547,36.066,757609,0
1999-12-28,35.949,38.437,35.793,38.201,901714,0
1999-12-29,38.083,38.083,36.795,37.251,818167,0
1999-12-30,37.093,38.252,37.057,37.788,411360,0
1999-12-31,37.812,38.866,37.788,38.541,166638,0
2000-01-03,38.437,38.437,35.846,36.68,977519,0
2000-01-04,36.221,36.496,34.386,35.519,1198335,0
2000-01-05,35.572,35.572,34.36,34.657,788571,0
2000-01-06,35.949,36.276,32.612,33.253,3252854,0
2000-01-07,35.413,36.013,34.657,35.607,4216717,0
2000-01-10,36.066,38.384,35.872,38.007,1441237,0
2000-01-11,38.033,38.033,36.872,37.654,2045184,0
2000-01-12,37.9,37.9,36.496,37.031,884866,0
2000-01-13,36.923,37.9,36.655,37.278,534062,0
2000-01-14,37.576,38.007,37.33,37.848,527915,0
2000-01-18,37.408,38.059,36.979,37.654,705023,0
2000-01-19,37.469,37.734,37.224,37.356,488986,0
2000-01-20,37.469,37.496,35.194,35.819,1299640,0
2000-01-21,35.819,35.819,33.473,34.334,1787488,0
2000-01-24,34.334,34.764,30.662,32.171,2813495,0
2000-01-25,32.171,32.928,31.419,32.392,1318306,0
2000-01-26,32.717,33.63,32.717,33.123,1197655,0
2000-01-27,33.123,33.577,31.986,32.392,728015,0
2000-01-28,31.688,31.715,31.04,31.259,944054,0
2000-01-31,31.311,32.12,30.364,31.96,841385,0
2000-02-01,31.259,31.688,30.857,31.181,2462464,0
2000-02-02,31.065,31.311,29.854,29.854,1806156,0
2000-02-03,30.179,31.206,30.018,30.986,1890386,0
2000-02-04,31.795,31.96,30.662,30.934,863240,0
2000-02-07,30.637,30.637,29.177,30.205,1033974,0
2000-02-08,30.555,30.714,29.343,29.695,1120934,0
2000-02-09,29.906,29.96,28.535,28.641,737350,0
2000-02-10,28.722,29.642,28.667,29.124,1280062,0
2000-02-11,29.426,29.555,27.667,28.016,1581243,0
2000-02-14,28.288,29.264,27.313,28.823,1013487,0
2000-02-15,28.823,28.823,28.07,28.42,437765,0
2000-02-16,28.42,28.42,25.882,26.754,1286438,0
2000-02-17,27.21,27.428,26.321,26.452,1333107,0
2000-02-18,26.586,26.779,23.783,24.372,2429683,0
2000-02-22,25.047,25.371,23.536,24.504,1991232,0
2000-02-23,26.073,26.129,25.099,25.62,1864662,0
2000-02-24,26.073,26.349,24.642,25.398,2471115,0
2000-02-25,25.452,26.102,25.452,25.592,1051504,0
2000-02-28,25.565,27.718,25.023,27.428,2190654,0
2000-02-29,28.123,28.288,27.05,27.639,2476811,0
2000-03-01,28.07,29.8,27.21,29.67,2921403,0
2000-03-02,29.67,29.67,28.722,29.097,1547546,0
2000-03-03,29.316,29.774,29.045,29.582,893059,0
2000-03-06,29.582,29.582,27.859,28.262,849806,0
2000-03-07,28.501,28.915,26.182,26.754,1690284,0
2000-03-08,26.754,27.401,26.534,27.025,901483,0
2000-03-09,27.21,28.475,26.99,28.184,1179441,0
2000-03-10,28.614,29.343,28.288,28.999,1741958,0
2000-03-13,27.21,28.394,26.99,28.016,869843,0
2000-03-14,28.369,28.394,27.744,27.806,486710,0
2000-03-15,27.992,30.425,27.401,30.125,1659549,0
2000-03-16,31.233,34.684,31.206,34.395,2573101,0
2000-03-17,34.309,34.449,32.639,33.799,1214953,0
2000-03-20,33.444,33.693,32.524,32.85,531787,0
2000-03-21,32.472,32.85,31.769,32.548,954525,0
2000-03-22,31.127,31.531,30.581,31.065,4230374,0
2000-03-23,31.127,32.12,30.555,32.014,1077455,0
2000-03-24,32.068,33.72,32.068,33.72,836148,0
2000-03-27,34.367,35.449,34.072,34.904,1517270,0
2000-03-28,34.475,36.741,34.422,35.686,1346080,0
2000-03-29,35.711,36.038,33.5,34.282,1698022,0
2000-03-30,34.711,35.881,34.045,35.582,1598088,0
2000-03-31,35.582,36.961,35.011,36.143,1340616,0
2000-04-03,36.362,36.741,35.881,35.881,993229,0
2000-04-04,36.741,36.741,32.989,35.011,1958228,0
2000-04-05,34.526,34.526,32.068,32.796,1550506,0
2000-04-06,32.796,33.444,31.181,33.368,1701894,0
2000-04-07,33.068,33.253,31.769,33.149,1091797,0
2000-04-10,33.253,33.665,32.548,33.342,736210,0
2000-04-11,33.095,33.123,31.986,32.717,491719,0
2000-04-12,32.743,33.771,32.472,33.368,1273916,0
2000-04-13,33.473,33.473,31.365,31.558,835468,0
2000-04-14,28.097,29.045,27.043,27.474,1505433,0
2000-04-17,26.795,28.528,26.182,28.317,2606566,0
2000-04-18,29.934,31.584,29.827,30.69,2626370,0
2000-04-19,30.909,31.233,29.96,30.282,1020997,0
2000-04-20,30.282,31.013,30.153,30.986,549542,0
2000-04-24,30.74,31.715,30.529,31.259,647430,0
2000-04-25,32.04,32.639,31.558,31.986,954525,0
2000-04-26,32.262,33.29,32.207,32.262,643789,0
2000-04-27,31.558,31.986,30.829,31.795,659042,0
2000-04-28,32.207,32.207,31.337,31.419,356498,0
2000-05-01,31.503,33.123,31.503,32.445,1011211,0
2000-05-02,32.445,32.445,31.558,31.558,613054,0
2000-05-03,30.256,30.282,28.746,29.633,1658185,0
2000-05-04,29.934,30.037,28.852,29.23,1978030,0
2000-05-05,29.23,29.695,28.262,29.203,1236126,0
2000-05-08,29.607,30.477,28.227,30.364,1899038,0
2000-05-09,30.337,30.96,29.45,30.69,1685730,0
2000-05-10,30.256,30.69,30.037,30.31,1125033,0
2000-05-11,30.388,31.558,29.426,30.96,676799,0
2000-05-12,31.181,32.207,31.181,32.12,1414602,0
2000-05-15,32.419,33.041,31.688,32.499,1551420,0
2000-05-16,32.901,33.149,31.181,31.531,2156735,0
2000-05-17,31.531,31.531,30.153,30.451,918329,0
2000-05-18,30.555,31.284,29.097,29.343,2163793,0
2000-05-19,28.852,29.426,28.746,29.282,936086,0
2000-05-22,29.23,29.23,27.667,28.097,932446,0
2000-05-23,27.667,27.965,26.368,26.586,1767454,0
2000-05-24,25.829,25.829,23.422,25.425,3719535,0
2000-05-25,25.935,26.182,24.449,24.607,2403735,0
2000-05-26,24.723,24.723,23.552,23.799,1132317,0
2000-05-30,24.557,24.802,23.799,24.151,1304189,0
2000-05-31,24.802,26.34,24.802,26.34,2119171,0
2000-06-01,26.452,27.121,25.53,26.99,1274827,0
2000-06-02,28.641,28.746,28.097,28.369,989583,0
2000-06-05,28.369,28.746,27.146,27.183,782654,0
2000-06-06,27.21,27.21,25.715,26.34,926980,0
2000-06-07,26.155,27.121,25.53,27.121,715039,0
2000-06-08,26.507,26.744,24.959,25.479,806783,0
2000-06-09,25.855,26.61,25.805,26.209,576629,0
2000-06-12,25.505,25.53,24.344,24.854,1392977,0
2000-06-13,24.802,26.209,24.802,26.209,884866,0
2000-06-14,27.639,27.718,26.479,26.636,2833074,0
2000-06-15,26.691,27.418,26.155,27.341,1371803,0
2000-06-16,26.83,27.21,26.754,26.857,915599,0
2000-06-19,26.754,27.428,26.507,27.428,917876,0
2000-06-20,27.859,28.236,27.129,27.92,19070494,0
2000-06-21,28.026,28.133,27.401,28.026,1753570,0
2000-06-22,28.298,28.298,27.428,27.859,1327413,0
2000-06-23,27.806,27.806,27.322,27.533,623756,0
2000-06-26,27.533,27.947,26.452,26.452,1297136,0
2000-06-27,26.83,28.184,26.727,28.106,1249332,0
2000-06-28,28.209,28.402,27.806,28.079,732113,0
2000-06-29,27.92,28.861,27.295,28.729,1323544,0
2000-06-30,28.833,30.161,28.729,29.212,1313985,0
2000-07-03,29.212,29.434,28.948,29.434,338284,0
2000-07-05,29.862,29.862,28.326,28.561,1141199,0
2000-07-06,28.729,28.754,28.133,28.586,1254112,0
2000-07-07,28.729,32.464,28.586,31.436,2174262,0
2000-07-10,31.643,32.673,31.031,31.513,1351090,0
2000-07-11,31.734,32.188,31.356,32.031,972966,0
2000-07-12,32.673,33.377,32.297,33.271,1886514,0
2000-07-13,32.895,32.895,32.243,32.464,1082920,0
2000-07-14,32.567,32.648,32.188,32.41,644925,0
2000-07-17,32.673,33.49,32.541,33.352,831824,0
2000-07-18,33.352,33.544,32.699,32.895,777645,0
2000-07-19,32.895,33.463,31.995,32.137,621932,0
2000-07-20,32.788,32.895,32.216,32.41,1015763,0
2000-07-21,31.92,32.031,31.163,31.54,725284,0
2000-07-24,30.291,31.436,30.081,30.943,929257,0
2000-07-25,30.513,31.109,30.513,30.838,663479,0
2000-07-26,30.838,30.838,30.081,30.513,1160777,0
2000-07-27,30.564,33.544,30.513,32.736,1160094,0
2000-07-28,32.736,32.84,31.485,31.969,900348,0
2000-07-31,32.621,32.621,29.651,29.651,959192,0
2000-08-01,30.513,32.736,30.188,32.673,820326,0
2000-08-02,32.464,32.567,31.594,32.464,711742,0
2000-08-03,32.464,33.701,32.464,33.595,828864,0
2000-08-04,32.945,33.762,32.945,33.762,691709,0
2000-08-07,33.868,36.461,33.868,36.249,1114106,0
2000-08-08,37.224,39.28,36.733,39.28,1503045,0
2000-08-09,38.516,38.734,35.922,36.785,1184452,0
2000-08-10,36.785,36.785,35.276,35.976,966706,0
2000-08-11,35.703,37.654,35.378,37.278,973193,0
2000-08-14,37.278,38.464,36.848,37.762,579477,0
2000-08-15,37.812,37.874,34.192,34.948,1007000,0
2000-08-16,34.844,34.895,33.114,33.377,2066128,0
2000-08-17,33.377,35.922,33.377,35.056,1739911,0
2000-08-18,35.276,35.976,35.165,35.703,1223151,0
2000-08-21,35.495,35.495,33.868,35.056,842866,0
2000-08-22,35.056,36.143,34.844,35.872,1175342,0
2000-08-23,35.922,38.304,35.872,37.224,951796,0
2000-08-24,37.33,37.98,36.461,37.109,720392,0
2000-08-25,37.172,37.549,35.922,36.406,586760,0
2000-08-28,36.628,36.628,35.43,35.495,823401,0
2000-08-29,35.872,36.785,35.495,36.406,357180,0
2000-08-30,36.573,36.785,34.844,35.276,486480,0
2000-08-31,35.165,36.848,35.056,36.031,2221611,0
2000-09-01,36.573,36.733,36.031,36.628,730408,0
2000-09-05,36.353,37.812,36.353,37.654,1383868,0
2000-09-06,37.874,38.578,37.812,37.812,1560980,0
2000-09-07,38.304,38.304,35.922,36.785,899434,0
2000-09-08,37.005,38.083,36.628,37.224,1190483,0
2000-09-11,36.785,38.033,36.757,37.005,908996,0
2000-09-12,37.172,37.383,36.249,36.406,779467,0
2000-09-13,36.406,37.602,36.196,37.224,777645,0
2000-09-14,37.33,38.464,36.951,37.224,852996,0
2000-09-15,36.785,36.785,35.757,36.082,923567,0
2000-09-18,36.17,36.17,34.063,34.334,860394,0
2000-09-19,34.334,34.491,32.813,34.229,1010984,0
2000-09-20,34.164,34.164,33.463,33.519,1150191,0
2000-09-21,33.737,35.528,33.737,35.468,1066869,0
2000-09-22,35.634,35.686,33.956,34.711,725284,0
2000-09-25,35.528,35.528,33.904,34.334,786292,0
2000-09-26,34.334,34.818,33.361,33.519,553754,0
2000-09-27,33.519,34.983,33.19,33.361,999146,0
2000-09-28,33.577,34.115,33.361,34.063,357860,0
2000-09-29,34.229,34.491,32.928,33.408,561719,0
2000-10-02,33.035,33.519,32.059,32.113,683855,0
2000-10-03,32.28,33.086,32.163,32.49,675888,0
2000-10-04,32.28,34.008,32.28,32.602,778784,0
2000-10-05,32.709,33.253,32.541,32.709,402142,0
2000-10-06,32.541,32.813,30.486,31.136,1554719,0
2000-10-09,31.189,31.189,30.274,30.486,482043,0
2000-10-10,30.486,31.25,29.889,30.758,997210,0
2000-10-11,30.758,32.928,29.625,31.083,1893915,0
2000-10-12,31.189,31.189,28.806,28.924,1968240,0
2000-10-13,28.861,29.458,27.728,28.704,2337712,0
2000-10-16,28.704,32.33,28.65,32.163,1743553,0
2000-10-17,32.163,32.163,29.952,30.381,1571222,0
2000-10-18,30.161,32.383,29.026,32.163,1512381,0
2000-10-19,32.059,34.657,32.059,34.229,1288143,0
2000-10-20,34.229,34.282,32.813,33.307,534401,0
2000-10-23,33.141,34.386,32.602,34.008,622844,0
2000-10-24,34.439,34.491,33.683,34.115,551817,0
2000-10-25,34.164,34.164,32.33,32.49,517102,0
2000-10-26,32.709,33.307,31.031,32.059,1179099,0
2000-10-27,31.838,33.79,31.734,33.141,673381,0
2000-10-30,33.253,35.362,33.141,35.142,599852,0
2000-10-31,35.142,37.585,35.142,36.987,964201,0
2000-11-01,37.041,37.743,35.906,36.231,826589,0
2000-11-02,34.657,37.206,34.229,37.144,1291331,0
2000-11-03,36.389,36.987,34.983,36.496,720732,0
2000-11-06,36.284,36.557,35.092,36.496,662456,0
2000-11-07,36.557,36.557,34.764,35.413,825449,0
2000-11-08,35.528,35.846,34.878,35.092,746685,0
2000-11-09,34.657,34.657,32.656,33.463,893747,0
2000-11-10,33.253,33.253,31.356,31.513,920037,0
2000-11-13,31.513,31.513,29.729,30.81,1562916,0
2000-11-14,32.541,33.035,29.952,30.539,1508960,0
2000-11-15,31.838,35.31,31.786,34.115,2416136,0
2000-11-16,34.008,34.063,32.76,32.928,1072448,0
2000-11-17,33.361,33.683,32.541,32.76,570938,0
2000-11-20,32.76,32.813,30.977,31.356,982415,0
2000-11-21,29.081,30.704,29.081,30.704,2761822,0
2000-11-22,30.704,30.704,29.026,30.108,1277220,0
2000-11-24,30.108,31.411,30.108,31.031,420694,0
2000-11-27,31.628,32.867,31.25,32.602,1082236,0
2000-11-28,31.786,32.163,30.654,31.083,808604,0
2000-11-29,31.302,32.059,31.083,31.838,1041713,0
2000-11-30,31.838,31.838,28.704,29.625,2696485,0
2000-12-01,29.625,30.539,29.458,29.564,1116383,0
2000-12-04,29.782,29.782,27.506,28.65,2493310,0
2000-12-05,28.051,30.001,26.424,29.352,4550790,0
2000-12-06,29.782,30.758,28.595,29.132,1882648,0
2000-12-07,28.595,28.754,27.833,28.704,1050593,0
2000-12-08,30.329,30.329,28.483,29.081,809059,0
2000-12-11,27.401,29.678,27.401,29.352,1222468,0
2000-12-12,29.352,30.925,29.352,30.539,1093163,0
2000-12-13,30.6,30.81,28.106,28.595,895565,0
2000-12-14,28.65,28.754,27.947,28.704,1483011,0
2000-12-15,28.595,28.65,26.209,28.483,2781740,0
2000-12-18,28.359,28.623,26.021,26.567,1483693,0
2000-12-19,26.021,26.727,24.669,26.021,2740079,0
2000-12-20,24.723,25.592,24.023,25.592,2758521,0
2000-12-21,25.268,25.488,24.723,25.268,1911672,0
2000-12-22,27.322,29.282,26.349,27.76,2308460,0
2000-12-26,27.76,27.76,25.697,26.401,765921,0
2000-12-27,26.191,27.76,25.864,27.76,1507141,0
2000-12-28,27.974,27.974,27.386,27.71,736439,0
2000-12-29,27.76,27.92,27.111,27.437,768764,0
2001-01-02,27.649,27.76,26.073,26.191,1849635,0
2001-01-03,27.111,32.207,26.46,32.207,3143925,0
2001-01-04,27.76,28.738,25.916,26.618,10275444,0
2001-01-05,26.673,26.839,24.942,25.047,4365485,0
2001-01-08,25.162,25.539,23.202,23.854,2220930,0
2001-01-09,23.641,25.162,23.641,25.162,2762615,0
2001-01-10,24.723,26.191,24.239,26.021,1652833,0
2001-01-11,26.021,27.322,25.864,27.322,1936370,0
2001-01-12,27.322,28.14,27.06,27.815,2141935,0
2001-01-16,27.815,28.192,27.71,27.974,1840987,0
2001-01-17,28.842,28.958,28.359,28.359,1379428,0
2001-01-18,28.192,28.465,27.869,28.192,1110010,0
2001-01-19,28.245,28.245,27.543,27.92,1744805,0
2001-01-22,27.92,30.256,27.92,29.607,2082975,0
2001-01-23,31.443,31.503,30.416,30.69,2735417,0
2001-01-24,30.364,31.181,30.144,30.31,1579416,0
2001-01-25,29.607,31.284,29.607,31.013,1621194,0
2001-01-26,30.581,31.013,29.983,30.364,1448295,0
2001-01-29,30.055,31.436,30.055,31.013,980706,0
2001-01-30,31.225,31.706,30.69,31.031,809289,0
2001-01-31,31.503,32.788,31.233,32.515,1630409,0
2001-02-01,32.095,32.234,31.233,32.225,1058674,0
2001-02-02,32.105,32.163,31.1,31.1,926527,0
2001-02-05,29.633,30.704,29.633,30.247,1122414,0
2001-02-06,30.791,31.055,29.983,30.188,1125948,0
2001-02-07,30.1,31.05,30.1,30.681,659381,0
2001-02-08,30.671,30.704,30.055,30.282,1446018,0
2001-02-09,30.282,30.521,28.87,28.989,835468,0
2001-02-12,29.212,30.045,28.307,29.889,1227931,0
2001-02-13,29.45,29.67,28.623,29.186,1343577,0
2001-02-14,29.615,29.688,28.842,29.169,672814,0
2001-02-15,29.491,29.67,28.677,29.472,1634509,0
2001-02-16,30.037,30.037,28.42,28.57,1241816,0
2001-02-20,28.57,29.472,28.42,28.528,729385,0
2001-02-21,28.528,28.528,27.447,27.489,1521252,0
2001-02-22,27.428,27.586,26.91,26.928,1008364,0
2001-02-23,26.551,27.322,25.548,27.146,1738773,0
2001-02-26,27.455,28.623,27.428,28.465,761138,0
2001-02-27,27.869,28.369,27.586,27.833,780262,0
2001-02-28,27.778,27.886,26.848,26.99,1785212,0
2001-03-01,27.586,27.999,26.663,27.111,1985656,0
2001-03-02,27.111,29.195,26.46,29.151,1592166,0
2001-03-05,28.931,28.973,28.271,28.271,847079,0
2001-03-06,28.889,29.361,28.87,29.316,592910,0
2001-03-07,29.361,30.153,29.151,29.934,523023,0
2001-03-08,29.889,29.889,29.151,29.465,710372,0
2001-03-09,29.582,29.582,28.343,28.677,964998,0
2001-03-12,28.667,28.667,27.077,27.085,1116153,0
2001-03-13,26.893,26.981,26.507,26.786,1032722,0
2001-03-14,25.371,26.014,25.179,25.644,1467302,0
2001-03-15,26.021,26.433,25.787,25.821,912982,0
2001-03-16,25.759,25.759,24.494,24.925,1591712,0
2001-03-19,24.757,24.925,24.494,24.757,1513629,0
2001-03-20,25.17,27.146,24.802,24.925,1622674,0
2001-03-21,24.934,25.056,23.765,23.783,1316487,0
2001-03-22,23.87,23.87,22.588,23.193,1602184,0
2001-03-23,23.459,24.151,23.459,24.013,1168969,0
2001-03-26,24.013,24.317,23.773,24.114,911159,0
2001-03-27,24.106,24.309,23.72,24.266,1087701,0
2001-03-28,23.669,24.106,23.221,23.494,1133230,0
2001-03-29,23.477,24.284,22.844,23.634,1194126,0
2001-03-30,23.625,23.976,23.459,23.669,1114224,0
2001-04-02,23.669,23.696,23.036,23.132,1011095,0
2001-04-03,23.132,23.132,21.822,21.946,938249,0
2001-04-04,22.543,22.709,22.067,22.332,1022027,0
2001-04-05,22.578,23.845,22.543,23.477,1095102,0
2001-04-06,22.8,22.967,21.85,22.315,805190,0
2001-04-09,22.675,23.212,22.324,22.666,729494,0
2001-04-10,22.875,24.475,22.844,24.449,1061178,0
2001-04-11,24.449,25.277,22.912,23.616,773317,0
2001-04-12,23.616,23.616,22.534,23.459,1039555,0
2001-04-16,23.579,23.757,22.8,22.844,631381,0
2001-04-17,22.8,23.51,22.543,23.359,696371,0
2001-04-18,24.539,25.889,24.326,25.759,2191791,0
2001-04-19,24.844,26.014,24.844,25.452,1433727,0
2001-04-20,25.627,26.056,25.388,25.627,1657842,0
2001-04-23,25.759,26.216,25.452,25.846,798134,0
2001-04-24,25.584,25.601,24.326,24.793,1410163,0
2001-04-25,24.977,25.277,24.934,25.188,844002,0
2001-04-26,25.407,25.584,25.188,25.188,1739683,0
2001-04-27,25.627,26.498,25.38,26.498,1875590,0
2001-04-30,27.016,28.429,26.866,28.168,2034032,0
2001-05-01,28.168,28.754,27.85,28.738,1310115,0
2001-05-02,28.738,29.582,28.704,29.509,1512605,0
2001-05-03,29.509,29.509,28.852,29.064,1011777,0
2001-05-04,28.227,29.536,27.833,29.536,1012122,0
2001-05-07,29.186,29.307,28.475,28.842,636618,0
2001-05-08,28.842,28.966,27.842,28.007,772523,0
2001-05-09,27.999,27.999,27.409,27.701,1014170,0
2001-05-10,27.701,28.931,27.701,28.509,1313415,0
2001-05-11,28.509,28.509,27.796,28.06,938478,0
2001-05-14,29.361,29.713,28.898,29.67,1912812,0
2001-05-15,29.738,29.968,29.107,29.264,1145979,0
2001-05-16,29.272,29.862,28.586,29.607,2139206,0
2001-05-17,29.748,32.188,29.748,32.129,1885604,0
2001-05-18,31.945,31.945,30.69,30.986,1395707,0
2001-05-21,30.986,32.313,30.88,32.014,1183765,0
2001-05-22,32.313,32.49,31.883,32.356,661091,0
2001-05-23,32.179,32.179,30.848,31.419,1304993,0
2001-05-24,31.636,31.883,31.206,31.838,752378,0
2001-05-25,31.477,32.137,31.215,31.25,705251,0
2001-05-29,31.189,31.276,30.529,30.572,914801,0
2001-05-30,30.416,30.95,29.536,29.546,1371690,0
2001-05-31,29.748,30.406,29.748,30.037,1269707,0
2001-06-01,30.144,31.268,30.037,30.995,1032150,0
2001-06-04,30.775,30.995,30.329,30.748,676341,0
2001-06-05,30.662,32.313,30.618,31.91,940868,0
2001-06-06,31.902,31.902,31.276,31.393,541005,0
2001-06-07,31.05,31.96,30.88,31.96,794265,0
2001-06-08,31.743,31.752,31.163,31.584,463491,0
2001-06-11,31.513,31.513,29.835,30.32,1596380,0
2001-06-12,29.88,30.838,29.203,30.671,1208466,0
2001-06-13,30.354,30.354,28.842,28.88,1363269,0
2001-06-14,28.87,28.915,28.317,28.641,1043765,0
2001-06-15,28.492,28.492,28.06,28.184,915258,0
2001-06-18,28.184,29.509,28.115,29.16,988445,0
2001-06-19,29.442,29.555,28.704,28.713,899322,0
2001-06-20,28.343,29.924,28.343,29.835,1395707,0
2001-06-21,29.615,30.618,29.442,30.618,1572820,0
2001-06-22,30.618,30.654,30.214,30.654,1221443,0
2001-06-25,30.513,30.909,30.354,30.909,1270387,0
2001-06-26,30.873,30.88,30.205,30.74,725402,0
2001-06-27,30.766,31.292,30.354,30.6,958053,0
2001-06-28,30.81,32.095,30.81,31.743,1088382,0
2001-06-29,31.743,31.995,31.197,31.503,1060723,0
2001-07-02,31.786,32.49,31.374,32.27,1358486,0
2001-07-03,32.137,32.137,31.477,31.945,434121,0
2001-07-05,31.259,31.477,30.714,30.74,1526493,0
2001-07-06,30.74,30.783,30.265,30.301,1247508,0
2001-07-09,30.32,30.783,30.222,30.618,1297023,0
2001-07-10,30.618,30.69,30.169,30.205,1192987,0
2001-07-11,29.482,30.627,29.307,30.539,3146317,0
2001-07-12,31.146,31.92,30.829,31.769,971258,0
2001-07-13,31.259,32.095,31.092,32.049,818848,0
2001-07-16,31.828,33.271,31.828,32.69,1800465,0
2001-07-17,32.656,32.699,32.113,32.179,896133,0
2001-07-18,31.91,32.804,31.828,32.445,531787,0
2001-07-19,32.612,33.225,32.27,32.612,804851,0
2001-07-20,32.612,32.85,32.225,32.426,541118,0
2001-07-23,32.445,32.831,32.004,32.304,498319,0
2001-07-24,32.225,32.234,31.05,31.197,922427,0
2001-07-25,31.653,31.96,30.96,31.91,659724,0
2001-07-26,31.68,32.347,31.68,32.347,1005747,0
2001-07-27,32.347,32.612,31.356,31.567,692503,0
2001-07-30,31.311,31.945,30.96,30.96,1054918,0
2001-07-31,31.004,31.302,30.662,30.704,1140856,0
2001-08-01,30.783,31.127,29.66,30.345,761710,0
2001-08-02,30.783,31.621,30.704,31.411,875872,0
2001-08-03,31.443,31.828,30.723,31.065,429568,0
2001-08-06,31.004,31.065,29.88,30.442,658814,0
2001-08-07,30.442,30.451,30.081,30.442,1071882,0
2001-08-08,30.354,31.155,29.924,29.952,614532,0
2001-08-09,29.96,30.529,29.379,29.592,1013146,0
2001-08-10,29.66,29.705,28.722,28.924,1087928,0
2001-08-13,29.09,29.09,28.351,28.677,1044790,0
2001-08-14,28.789,29.026,28.351,28.604,1306471,0
2001-08-15,28.704,28.789,28.307,28.713,1430991,0
2001-08-16,26.699,29.203,26.61,29.203,1373172,0
2001-08-17,29.307,29.397,28.236,28.359,976493,0
2001-08-20,28.351,28.738,27.658,28.604,624436,0
2001-08-21,28.604,28.604,27.455,27.474,638437,0
2001-08-22,27.833,28.483,27.437,28.447,709007,0
2001-08-23,28.438,28.438,27.295,27.524,546813,0
2001-08-24,27.524,29.574,27.465,29.574,683057,0
2001-08-27,29.203,29.397,28.754,29.151,330202,0
2001-08-28,28.772,29.264,27.658,27.823,1031130,0
2001-08-29,28.218,28.218,27.409,27.631,520176,0
2001-08-30,27.497,28.097,26.83,27.006,718571,0
2001-08-31,27.05,27.823,26.875,27.094,732570,0
2001-09-04,27.094,27.833,26.875,27.111,963855,0
2001-09-05,27.102,27.386,26.61,27.286,617724,0
2001-09-06,26.61,26.919,25.371,25.435,1237037,0
2001-09-07,25.435,25.435,23.912,24.132,2006374,0
2001-09-10,23.701,24.335,23.701,24.123,1549028,0
2001-09-17,19.134,20.523,18.695,19.101,9867500,0
2001-09-18,19.169,20.039,19.152,19.39,3244207,0
2001-09-19,19.398,19.777,17.631,18.508,3008135,0
2001-09-20,17.948,18.774,17.872,18.37,2785269,0
2001-09-21,18.299,18.739,17.607,18.299,3615954,0
2001-09-24,18.546,19.997,18.546,19.204,2832163,0
2001-09-25,19.347,20.021,18.819,19.478,1969265,0
2001-09-26,19.285,19.364,18.168,18.299,861081,0
2001-09-27,18.081,18.474,17.345,18.299,2311651,0
2001-09-28,18.299,19.478,18.057,18.862,2113823,0
2001-10-01,18.87,18.897,17.895,18.468,2015476,0
2001-10-02,18.459,18.667,17.509,18.09,1984516,0
2001-10-03,18.09,20.567,17.429,20.549,3384094,0
2001-10-04,20.409,20.419,19.347,19.899,2544190,0
2001-10-05,19.821,19.864,19.187,19.864,1521937,0
2001-10-08,19.777,19.951,19.11,19.161,1015991,0
2001-10-09,19.398,19.47,18.907,19.213,927664,0
2001-10-10,19.213,20.586,18.95,20.586,2141480,0
2001-10-11,20.655,22.104,20.655,21.762,2483180,0
2001-10-12,21.35,21.7,19.593,21.13,2010697,0
2001-10-15,21.086,21.333,20.698,20.883,864379,0
2001-10-16,21.086,21.78,20.917,21.392,583462,0
2001-10-17,21.57,21.804,20.75,20.75,1531272,0
2001-10-18,20.955,21.524,20.715,21.13,855953,0
2001-10-19,21.086,21.867,20.917,21.673,1331171,0
2001-10-22,21.754,21.859,21.35,21.682,1117977,0
2001-10-23,21.762,22.657,21.673,21.788,1131067,0
2001-10-24,21.955,22.085,21.524,21.639,846736,0
2001-10-25,21.261,22.095,20.927,22.009,851859,0
2001-10-26,21.955,22.666,21.955,22.236,990950,0
2001-10-29,22.131,22.22,21.78,21.822,964428,0
2001-10-30,21.822,21.822,20.732,20.778,1601843,0
2001-10-31,20.69,21.042,20.382,20.382,1429395,0
2001-11-01,20.478,20.567,19.917,20.567,1520575,0
2001-11-02,20.611,21.315,20.603,21.305,1759034,0
2001-11-05,21.315,21.797,21.305,21.737,829206,0
2001-11-06,21.771,22.543,21.489,22.526,737350,0
2001-11-07,22.307,22.657,21.973,22.482,847304,0
2001-11-08,22.615,23.301,22.104,22.183,875644,0
2001-11-09,21.964,22.641,21.964,22.394,728589,0
2001-11-12,22.349,22.349,20.91,21.788,1331056,0
2001-11-13,22.307,23.359,22.202,23.265,1271068,0
2001-11-14,25.004,26.138,23.976,24.705,2429571,0
2001-11-15,24.705,25.004,24.485,24.793,1742532,0
2001-11-16,24.532,24.539,23.441,23.588,1677647,0
2001-11-19,24.66,25.268,24.089,25.268,1537191,0
2001-11-20,25.224,25.662,24.767,25.099,1542541,0
2001-11-21,25.099,25.099,24.398,24.741,578223,0
2001-11-23,24.812,25.417,24.776,25.417,417733,0
2001-11-26,25.417,25.707,25.023,25.521,913205,0
2001-11-27,25.179,25.796,24.705,25.268,1046042,0
2001-11-28,25.268,25.268,24.353,24.431,852087,0
2001-11-29,24.431,25.179,24.188,25.179,643789,0
2001-11-30,25.091,25.162,24.642,25.091,638324,0
2001-12-03,24.66,24.793,24.032,24.626,841385,0
2001-12-04,24.634,25.398,24.574,25.153,749982,0
2001-12-05,25.091,26.401,24.959,25.926,924479,0
2001-12-06,25.872,26.349,25.715,26.209,951796,0
2001-12-07,26.209,26.209,25.099,25.821,507994,0
2001-12-10,25.356,25.443,24.705,24.776,718682,0
2001-12-11,24.767,24.821,24.248,24.424,930508,0
2001-12-12,24.642,24.723,24.178,24.398,1333446,0
2001-12-13,24.39,24.39,23.606,23.904,870069,0
2001-12-14,23.904,24.616,23.625,24.431,731774,0
2001-12-17,24.223,24.574,24.132,24.38,935290,0
2001-12-18,24.598,24.812,24.169,24.431,862899,0
2001-12-19,24.3,24.959,24.151,24.959,872233,0
2001-12-20,26.138,26.147,24.793,25.398,1247622,0
2001-12-21,25.407,26.424,25.224,26.232,1211767,0
2001-12-24,26.182,26.567,26.083,26.524,264867,0
2001-12-26,27.094,28.051,27.077,27.386,1495986,0
2001-12-27,27.395,27.876,27.295,27.658,927552,0
2001-12-28,27.876,28.184,27.833,28.041,809970,0
2001-12-31,28.041,28.115,27.447,27.465,789251,0
