Date,Open,High,Low,Close,Volume,OpenInt
1995-01-03,5.4542,5.4918,5.3919,5.4918,251415,0
1995-01-04,5.5128,5.5708,5.4712,5.5708,494177,0
1995-01-05,5.5708,5.6082,5.55,5.5916,572536,0
1995-01-06,5.5916,5.5916,5.5292,5.55,517734,0
1995-01-09,5.5292,5.55,5.4918,5.5128,328330,0
1995-01-10,5.5292,5.6292,5.5128,5.5128,714828,0
1995-01-11,5.5708,5.5708,5.5128,5.55,664353,0
1995-01-12,5.5292,5.6497,5.5292,5.6292,579747,0
1995-01-13,5.6292,5.8078,5.6292,5.7497,1433985,0
1995-01-16,5.7663,5.9246,5.7497,5.9037,876828,0
1995-01-17,5.9453,6.0036,5.9453,5.9453,1214774,0
1995-01-18,5.9453,5.9453,5.8246,5.9453,661465,0
1995-01-19,5.9246,5.9246,5.7872,5.8246,654259,0
1995-01-20,5.8078,5.8659,5.7872,5.8659,449952,0
1995-01-23,5.7872,5.9037,5.7872,5.9037,456686,0
1995-01-24,5.9037,5.9661,5.8659,5.9661,338906,0
1995-01-25,5.9661,6.1034,5.9661,6.0824,676853,0
1995-01-26,6.0617,6.1407,6.0617,6.12,1107096,0
1995-01-27,6.12,6.1827,6.12,6.1613,342273,0
1995-01-30,6.1827,6.1989,6.1407,6.1827,382653,0
1995-01-31,6.1613,6.1613,6.1034,6.1407,235555,0
1995-02-01,6.1827,6.2988,6.1613,6.2779,1066234,0
1995-02-02,6.2779,6.478,6.1613,6.478,1398408,0
1995-02-03,6.436,6.478,6.3362,6.4152,1217177,0
1995-02-06,6.4152,6.5362,6.3784,6.478,1207565,0
1995-02-07,6.4152,6.5157,6.4152,6.4947,1172472,0
1995-02-08,6.5157,6.5157,6.436,6.4566,841252,0
1995-02-09,6.4152,6.5526,6.3983,6.5526,705692,0
1995-02-10,6.5526,6.5732,6.4152,6.436,1889704,0
1995-02-13,6.4152,6.5157,6.4152,6.5157,324965,0
1995-02-14,6.5526,6.5732,6.5157,6.5526,203824,0
1995-02-15,6.5526,6.5732,6.5362,6.5732,195650,0
1995-02-16,6.5732,6.5732,6.4947,6.5526,246608,0
1995-02-17,6.5526,6.6527,6.5362,6.5942,1065268,0
1995-02-21,6.5732,6.5942,6.5526,6.5732,594170,0
1995-02-22,6.5526,6.623,6.5526,6.6152,856157,0
1995-02-23,6.6737,6.7317,6.6315,6.6737,612914,0
1995-02-24,6.6942,6.7112,6.6527,6.6527,255743,0
1995-02-27,6.6527,6.7112,6.6315,6.7112,703773,0
1995-02-28,6.7112,6.7112,6.5526,6.5942,206228,0
1995-03-01,6.6152,6.6152,6.5362,6.5526,472546,0
1995-03-02,6.478,6.5526,6.4566,6.5526,498505,0
1995-03-03,6.4566,6.5157,6.4566,6.4947,272089,0
1995-03-06,6.478,6.5157,6.436,6.4947,455721,0
1995-03-07,6.4947,6.4947,6.3983,6.478,338423,0
1995-03-08,6.478,6.4947,6.3362,6.3362,284107,0
1995-03-09,6.3784,6.4566,6.3576,6.436,534079,0
1995-03-10,6.436,6.6315,6.4152,6.6315,1000375,0
1995-03-13,6.6315,6.6315,6.5526,6.5942,476396,0
1995-03-14,6.5942,6.6315,6.5732,6.5732,605223,0
1995-03-15,6.5942,6.5942,6.478,6.478,582150,0
1995-03-16,6.478,6.5157,6.3983,6.3983,652810,0
1995-03-17,6.4152,6.4152,6.32,6.3576,1244103,0
1995-03-20,6.436,6.5942,6.3983,6.5942,537926,0
1995-03-21,6.6152,6.6527,6.5732,6.5942,405249,0
1995-03-22,6.5942,6.5942,6.436,6.478,223534,0
1995-03-23,6.478,6.4947,6.436,6.4566,347082,0
1995-03-24,6.5362,6.6152,6.5157,6.5732,327371,0
1995-03-27,6.5732,6.5732,6.5362,6.5732,160565,0
1995-03-28,6.6152,6.6152,6.5362,6.5362,256229,0
1995-03-29,6.5526,6.6152,6.5526,6.5942,611475,0
1995-03-30,6.6152,6.6315,6.5942,6.5942,299007,0
1995-03-31,6.5942,6.5942,6.478,6.5362,685022,0
1995-04-03,6.5195,6.5986,6.4986,6.5769,382653,0
1995-04-04,6.561,6.5986,6.5401,6.5986,336025,0
1995-04-05,6.5986,6.6192,6.561,6.561,224016,0
1995-04-06,6.4986,6.5986,6.4405,6.5986,725408,0
1995-04-07,6.6401,6.6566,6.6192,6.6401,715791,0
1995-04-10,6.5986,6.5986,6.5195,6.5769,337466,0
1995-04-11,6.6192,6.6192,6.482,6.482,596089,0
1995-04-12,6.4405,6.482,6.4191,6.4612,295159,0
1995-04-13,6.482,6.5401,6.4405,6.5195,166809,0
1995-04-17,6.5401,6.5769,6.4986,6.4986,949900,0
1995-04-18,6.5195,6.5195,6.482,6.4986,316792,0
1995-04-19,6.4986,6.4986,6.4405,6.4986,413898,0
1995-04-20,6.4986,6.4986,6.4612,6.4612,193251,0
1995-04-21,6.482,6.482,6.4029,6.4029,448034,0
1995-04-24,6.4029,6.4191,6.2618,6.3824,617240,0
1995-04-25,6.3034,6.3238,6.2409,6.2618,816258,0
1995-04-26,6.2618,6.2817,6.1827,6.1827,1047969,0
1995-04-27,6.2035,6.2035,6.066,6.1613,1308515,0
1995-04-28,6.2035,6.2035,6.1034,6.1827,217283,0
1995-05-01,6.2035,6.2035,6.0824,6.1241,454280,0
1995-05-02,6.1452,6.1827,6.0244,6.0452,472546,0
1995-05-03,6.0824,6.1827,6.066,6.1613,483120,0
1995-05-04,6.1827,6.2817,6.1452,6.1452,320635,0
1995-05-05,6.1827,6.1827,6.1034,6.1241,465816,0
1995-05-08,6.0824,6.1452,6.066,6.1241,260071,0
1995-05-09,6.1241,6.1613,6.066,6.1241,516291,0
1995-05-10,6.1613,6.2242,6.1613,6.2035,680217,0
1995-05-11,6.1827,6.2035,6.1241,6.1827,278816,0
1995-05-12,6.2035,6.2409,6.1613,6.2242,692235,0
1995-05-15,6.2035,6.3238,6.2035,6.3034,879712,0
1995-05-16,6.3409,6.3409,6.2618,6.2817,430720,0
1995-05-17,6.3034,6.3034,6.2618,6.2817,301411,0
1995-05-18,6.2618,6.2618,6.2035,6.2409,489850,0
1995-05-19,6.2035,6.2242,6.1827,6.2242,488411,0
1995-05-22,6.2242,6.3409,6.2242,6.3409,685022,0
1995-05-23,6.3614,6.4405,6.3614,6.4405,829236,0
1995-05-24,6.4191,6.4612,6.3034,6.3238,617721,0
1995-05-25,6.3034,6.3238,6.1827,6.2242,817223,0
1995-05-26,6.2409,6.2409,6.1613,6.2035,455242,0
1995-05-30,6.2242,6.2817,6.2035,6.2618,265836,0
1995-05-31,6.3034,6.3238,6.1827,6.3238,413898,0
1995-06-01,6.3238,6.3409,6.2409,6.2817,425918,0
1995-06-02,6.2817,6.3614,6.2409,6.3614,922978,0
1995-06-05,6.3409,6.4029,6.3409,6.3824,643681,0
1995-06-06,6.3034,6.3824,6.3034,6.3409,405724,0
1995-06-07,6.3238,6.3409,6.2817,6.3238,870580,0
1995-06-08,6.2817,6.3034,6.2242,6.2242,359578,0
1995-06-09,6.2035,6.2242,6.1452,6.1827,442263,0
1995-06-12,6.2242,6.2817,6.2242,6.2409,304298,0
1995-06-13,6.2409,6.3238,6.2242,6.2817,159603,0
1995-06-14,6.2618,6.3034,6.2242,6.3034,147584,0
1995-06-15,6.3034,6.3034,6.2035,6.2242,982590,0
1995-06-16,6.2618,6.3034,6.2242,6.2618,702810,0
1995-06-19,6.2618,6.3238,6.2618,6.3034,285069,0
1995-06-20,6.3034,6.3034,6.2409,6.2618,423033,0
1995-06-21,6.2817,6.3238,6.2409,6.3034,205266,0
1995-06-22,6.3238,6.3238,6.2409,6.3034,718191,0
1995-06-23,6.2817,6.2817,6.1827,6.2035,1155644,0
1995-06-26,6.1241,6.2618,6.0824,6.1034,1783947,0
1995-06-27,6.0824,6.1034,5.9661,5.9661,1153722,0
1995-06-28,5.987,6.0452,5.987,6.0244,1580600,0
1995-06-29,5.987,6.0036,5.9453,6.0036,724922,0
1995-06-30,5.9246,6.0036,5.9246,5.987,466294,0
1995-07-03,5.9453,5.987,5.9246,5.987,162483,0
1995-07-05,5.9494,5.9703,5.8703,5.9703,991719,0
1995-07-06,6.0908,6.0908,5.9909,6.0493,686944,0
1995-07-07,6.0701,6.1697,6.0493,6.1697,511963,0
1995-07-10,6.1492,6.228,6.1284,6.2075,952780,0
1995-07-11,6.1697,6.1911,6.1076,6.1697,524942,0
1995-07-12,6.1697,6.2075,6.1697,6.1911,620129,0
1995-07-13,6.2075,6.27,6.1911,6.2494,625896,0
1995-07-14,6.2494,6.27,6.1911,6.228,625896,0
1995-07-17,6.228,6.27,6.2075,6.2494,551386,0
1995-07-18,6.27,6.27,6.1284,6.1492,612914,0
1995-07-19,6.1284,6.1492,6.1076,6.1284,486485,0
1995-07-20,6.1076,6.1697,6.1076,6.1697,386979,0
1995-07-21,6.1492,6.1697,6.1076,6.1284,620605,0
1995-07-24,6.1076,6.1284,6.0701,6.0701,667718,0
1995-07-25,6.1076,6.1911,6.1076,6.1284,310547,0
1995-07-26,6.1492,6.228,6.1492,6.1911,715310,0
1995-07-27,6.1911,6.2075,6.1697,6.2075,225939,0
1995-07-28,6.2075,6.228,6.1284,6.2075,546578,0
1995-07-31,6.1697,6.1697,6.1284,6.1492,167287,0
1995-08-01,6.1697,6.1697,6.1492,6.1697,319198,0
1995-08-02,6.1697,6.2902,6.1492,6.1911,1046522,0
1995-08-03,6.1911,6.2075,6.1492,6.2075,406688,0
1995-08-04,6.228,6.228,6.1911,6.1911,707615,0
1995-08-07,6.228,6.228,6.1076,6.1076,493222,0
1995-08-08,6.1284,6.1697,6.1284,6.1492,573495,0
1995-08-09,6.1076,6.1492,6.1076,6.1284,426394,0
1995-08-10,6.1284,6.228,6.1284,6.1492,397071,0
1995-08-11,6.1492,6.1697,6.1076,6.1492,280737,0
1995-08-14,6.1492,6.2075,6.1284,6.2075,312944,0
1995-08-15,6.1911,6.2902,6.1492,6.2902,301411,0
1995-08-16,6.2494,6.3492,6.228,6.2902,551866,0
1995-08-17,6.3277,6.3277,6.1911,6.1911,216321,0
1995-08-18,6.2075,6.228,6.1911,6.1911,593691,0
1995-08-21,6.2075,6.228,6.1911,6.1911,514849,0
1995-08-22,6.2494,6.3277,6.2075,6.27,702810,0
1995-08-23,6.27,6.27,6.1697,6.1697,589840,0
1995-08-24,6.1911,6.2075,6.1492,6.1697,588879,0
1995-08-25,6.1911,6.27,6.1911,6.27,374960,0
1995-08-28,6.2902,6.3492,6.27,6.3492,225457,0
1995-08-29,6.3492,6.3907,6.3277,6.3907,548017,0
1995-08-30,6.3697,6.3907,6.3492,6.3907,250937,0
1995-08-31,6.4068,6.5278,6.3907,6.3907,550905,0
1995-09-01,6.3907,6.4481,6.3907,6.4481,134603,0
1995-09-05,6.4481,6.4903,6.3907,6.4903,435046,0
1995-09-06,6.4903,6.5278,6.4903,6.5072,260551,0
1995-09-07,6.5479,6.5479,6.4903,6.5479,353325,0
1995-09-08,6.5479,6.669,6.5278,6.669,1210448,0
1995-09-11,6.669,6.669,6.5479,6.6067,825875,0
1995-09-12,6.6276,6.669,6.5278,6.669,800876,0
1995-09-13,6.669,6.6903,6.6276,6.6903,664353,0
1995-09-14,6.6903,6.7073,6.6482,6.669,588401,0
1995-09-15,6.7073,6.7487,6.6482,6.7073,996045,0
1995-09-18,6.6903,6.7073,6.669,6.7073,154310,0
1995-09-19,6.669,6.7279,6.6482,6.7073,444665,0
1995-09-20,6.7279,6.7487,6.7073,6.7279,598016,0
1995-09-21,6.7487,6.7487,6.6067,6.6067,280737,0
1995-09-22,6.6276,6.6482,6.5692,6.5692,513407,0
1995-09-25,6.5692,6.6067,6.4698,6.6067,655698,0
1995-09-26,6.6276,6.7073,6.6067,6.6903,640798,0
1995-09-27,6.669,6.7487,6.6482,6.7487,406209,0
1995-09-28,6.7279,6.7279,6.669,6.7279,394189,0
1995-09-29,6.7073,6.7487,6.6903,6.7279,811453,0
1995-10-02,6.7279,6.8264,6.7279,6.7487,383135,0
1995-10-03,6.7902,6.8475,6.7902,6.8264,696078,0
1995-10-04,6.7948,6.8139,6.7527,6.7948,278816,0
1995-10-05,6.835,6.835,6.7527,6.8139,245649,0
1995-10-06,6.7737,6.8139,6.7737,6.7948,1159972,0
1995-10-09,6.7948,6.9352,6.7527,6.9352,750399,0
1995-10-10,6.9352,7.0356,6.9352,7.0148,1935851,0
1995-10-11,7.0148,7.1353,7.0148,7.1353,973451,0
1995-10-12,7.1353,7.1559,7.0356,7.077,666758,0
1995-10-13,7.0977,7.0977,7.0356,7.077,615802,0
1995-10-16,7.077,7.1982,7.0562,7.1982,405724,0
1995-10-17,7.1982,7.1982,7.0977,7.1147,480239,0
1995-10-18,7.1147,7.1147,7.0148,7.0356,576383,0
1995-10-19,7.0356,7.0977,6.9771,7.0977,250937,0
1995-10-20,7.0148,7.077,6.9147,7.0148,777323,0
1995-10-23,6.9771,7.0148,6.9147,6.9936,292276,0
1995-10-24,6.9771,6.9771,6.8936,6.9352,266319,0
1995-10-25,6.856,6.9771,6.856,6.9567,413417,0
1995-10-26,6.9147,6.9147,6.6527,6.6942,1198431,0
1995-10-27,6.6737,6.7356,6.6527,6.7356,1092195,0
1995-10-30,6.7151,6.7527,6.6942,6.6942,782614,0
1995-10-31,6.7151,6.7356,6.6737,6.6737,440815,0
1995-11-01,6.6527,6.7151,6.6315,6.7151,534560,0
1995-11-02,6.7356,6.7527,6.7151,6.7527,553306,0
1995-11-03,6.7527,6.7527,6.7151,6.7527,231227,0
1995-11-06,6.7151,6.7151,6.6315,6.7151,238915,0
1995-11-07,6.7356,6.7356,6.5942,6.6315,216321,0
1995-11-08,6.6737,6.7527,6.6527,6.7527,416304,0
1995-11-09,6.7527,6.7527,6.6152,6.7151,976820,0
1995-11-10,6.6942,6.7151,6.6527,6.6737,179789,0
1995-11-13,6.6737,6.7356,6.6737,6.6942,236033,0
1995-11-14,6.6942,6.7151,6.6315,6.6315,1648864,0
1995-11-15,6.6315,6.6942,6.6152,6.6737,680697,0
1995-11-16,6.6737,6.6737,6.6152,6.6527,851836,0
1995-11-17,6.6737,6.6737,6.5732,6.6315,1134010,0
1995-11-20,6.6152,6.6315,6.5732,6.5942,1379178,0
1995-11-21,6.5942,6.6315,6.5732,6.5732,992682,0
1995-11-22,6.5942,6.6315,6.5942,6.5942,1475324,0
1995-11-24,6.6315,6.6942,6.6315,6.6737,71151,0
1995-11-27,6.6737,6.7356,6.6315,6.7151,636469,0
1995-11-28,6.6942,6.7527,6.6737,6.7356,1634921,0
1995-11-29,6.7737,6.8139,6.7527,6.8139,1122477,0
1995-11-30,6.7948,6.8731,6.7948,6.835,470139,0
1995-12-01,6.8731,6.8936,6.8139,6.856,294197,0
1995-12-04,6.8731,6.9771,6.8731,6.9147,453797,0
1995-12-05,6.9771,6.9936,6.8936,6.9771,604744,0
1995-12-06,6.9771,7.0356,6.9771,7.0356,697041,0
1995-12-07,7.0562,7.0977,7.0356,7.0562,824428,0
1995-12-08,7.0562,7.077,7.0148,7.077,589840,0
1995-12-11,7.077,7.1147,7.0562,7.077,444665,0
1995-12-12,7.0977,7.1559,7.0977,7.1353,423998,0
1995-12-13,7.1559,7.1768,7.0977,7.1768,225939,0
1995-12-14,7.1559,7.1768,7.0148,7.0562,261032,0
1995-12-15,7.0562,7.077,6.9567,7.0356,1334953,0
1995-12-18,6.9771,7.1147,6.9771,7.077,292761,0
1995-12-19,7.0356,7.1147,6.9936,7.077,523982,0
1995-12-20,7.0562,7.1147,6.9771,6.9771,530230,0
1995-12-21,6.9771,7.1768,6.9771,7.1559,672522,0
1995-12-22,7.1559,7.235,7.0977,7.1982,1197946,0
1995-12-26,7.235,7.2557,7.1768,7.1982,201421,0
1995-12-27,7.2189,7.2763,7.1982,7.1982,281703,0
1995-12-28,7.1982,7.1982,7.1147,7.1768,494177,0
1995-12-29,7.2189,7.2763,7.1559,7.2763,519177,0
1996-01-02,7.235,7.2557,7.1353,7.235,489850,0
1996-01-03,7.2641,7.3848,7.2435,7.3848,630704,0
1996-01-04,7.3848,7.4468,7.3225,7.3225,953746,0
1996-01-05,7.3638,7.3848,7.3225,7.3638,892211,0
1996-01-08,7.3848,7.426,7.3848,7.426,294197,0
1996-01-09,7.3848,7.4052,7.2641,7.2641,865296,0
1996-01-10,7.2227,7.2227,6.877,6.877,1061428,0
1996-01-11,6.9396,7.1224,6.9186,7.0402,596089,0
1996-01-12,7.0402,7.081,6.981,7.0025,768190,0
1996-01-15,7.0025,7.0025,6.9396,6.9606,452838,0
1996-01-16,6.9606,7.0025,6.9396,6.981,1470995,0
1996-01-17,6.981,7.1437,6.9606,7.081,444184,0
1996-01-18,7.1645,7.2435,7.1014,7.2227,1976713,0
1996-01-19,7.2021,7.285,7.2021,7.2641,655698,0
1996-01-22,7.2641,7.3055,7.2641,7.285,869141,0
1996-01-23,7.285,7.3055,7.2435,7.285,911441,0
1996-01-24,7.3055,7.3434,7.2641,7.3055,635992,0
1996-01-25,7.285,7.3055,7.285,7.3055,423998,0
1996-01-26,7.285,7.3225,7.285,7.3055,399957,0
1996-01-29,7.285,7.3638,7.285,7.3055,1001336,0
1996-01-30,7.3434,7.3638,7.285,7.3434,299007,0
1996-01-31,7.3638,7.6677,7.3434,7.6261,792701,0
1996-02-01,7.8506,8.0709,7.5263,7.7091,1770486,0
1996-02-02,7.7295,7.7295,7.5893,7.6099,488892,0
1996-02-05,7.5893,7.5893,7.4637,7.5473,332175,0
1996-02-06,7.5893,7.7512,7.5893,7.7091,583113,0
1996-02-07,7.7512,7.7512,7.5684,7.6462,462929,0
1996-02-08,7.6677,7.788,7.6261,7.7295,682621,0
1996-02-09,7.7512,7.7673,7.6677,7.7673,554268,0
1996-02-12,7.7673,7.8506,7.7512,7.8506,502832,0
1996-02-13,7.8302,7.8724,7.788,7.8092,500912,0
1996-02-14,7.8092,7.8506,7.6261,7.7295,370152,0
1996-02-15,7.7512,7.788,7.7091,7.7295,205743,0
1996-02-16,7.7295,7.7512,7.5893,7.6261,507639,0
1996-02-20,7.6261,7.6261,7.4848,7.5058,196610,0
1996-02-21,7.4637,7.6261,7.4637,7.6261,241323,0
1996-02-22,7.7091,7.7091,7.5684,7.6099,398034,0
1996-02-23,7.6882,7.7091,7.6099,7.6882,467741,0
1996-02-26,7.7512,7.7512,7.6099,7.6261,329291,0
1996-02-27,7.6099,7.6099,7.5263,7.5893,350930,0
1996-02-28,7.5893,7.6261,7.5893,7.5893,362463,0
1996-02-29,7.5684,7.5893,7.5058,7.5058,545134,0
1996-03-01,7.5473,7.6677,7.4637,7.6677,565806,0
1996-03-04,7.6882,7.7512,7.6261,7.7295,514849,0
1996-03-05,7.7091,7.7091,7.6099,7.7091,374481,0
1996-03-06,7.6882,7.7512,7.6261,7.7512,611475,0
1996-03-07,7.7295,7.7673,7.6462,7.7512,461010,0
1996-03-08,7.7512,7.7512,7.3225,7.3638,790780,0
1996-03-11,7.3225,7.4848,7.285,7.426,863847,0
1996-03-12,7.4052,7.426,7.2021,7.3055,850871,0
1996-03-13,7.3434,7.3434,7.2021,7.2641,659067,0
1996-03-14,7.3055,7.3434,7.2021,7.2021,922978,0
1996-03-15,7.2435,7.2435,7.1224,7.1224,957592,0
1996-03-18,7.2021,7.3848,7.1812,7.3638,739826,0
1996-03-19,7.3638,7.3848,7.3434,7.3848,344197,0
1996-03-20,7.3848,7.4052,7.3434,7.3848,598016,0
1996-03-21,7.3848,7.4052,7.3055,7.3225,728290,0
1996-03-22,7.3638,7.3638,7.3055,7.3434,986432,0
1996-03-25,7.3225,7.3434,7.2227,7.3055,506193,0
1996-03-26,7.3055,7.3055,7.2435,7.2641,361021,0
1996-03-27,7.2435,7.2641,7.2021,7.2641,604744,0
1996-03-28,7.2227,7.2641,7.2227,7.2227,1302745,0
1996-03-29,7.2641,7.285,7.2021,7.285,1006622,0
1996-04-01,7.2641,7.3225,7.2227,7.3225,328812,0
1996-04-02,7.3099,7.3508,7.3099,7.3308,442743,0
1996-04-03,7.3308,7.3308,7.1896,7.268,649930,0
1996-04-04,7.1896,7.2304,7.1268,7.1896,875866,0
1996-04-08,7.1896,7.1896,6.9645,7.0441,491297,0
1996-04-09,7.0441,7.106,6.9435,6.9856,2030073,0
1996-04-10,6.9856,7.0063,6.7197,6.7817,555230,0
1996-04-11,6.7817,6.8033,6.7197,6.7612,669638,0
1996-04-12,6.7197,6.881,6.7197,6.7612,600897,0
1996-04-15,6.7817,6.8435,6.7612,6.7817,792701,0
1996-04-16,6.7817,6.8224,6.6988,6.7817,589361,0
1996-04-17,6.8033,6.902,6.7817,6.881,746557,0
1996-04-18,6.902,7.0272,6.8435,6.8435,931149,0
1996-04-19,6.881,6.9856,6.86,6.9229,601378,0
1996-04-22,7.0441,7.0855,7.0063,7.0272,570134,0
1996-04-23,7.0272,7.0272,6.9435,7.0063,594648,0
1996-04-24,7.0441,7.0441,6.9645,7.0063,680217,0
1996-04-25,7.0063,7.106,6.9856,7.0855,685022,0
1996-04-26,7.0646,7.106,7.0441,7.0646,433127,0
1996-04-29,7.0646,7.0855,7.0063,7.0063,413898,0
1996-04-30,7.0063,7.0441,6.9856,7.0063,308621,0
1996-05-01,6.9856,7.0646,6.9856,7.0441,317753,0
1996-05-02,7.0063,7.0063,6.902,6.9229,291315,0
1996-05-03,6.902,6.902,6.7612,6.8033,405724,0
1996-05-06,6.8435,6.86,6.7197,6.8435,472546,0
1996-05-07,6.8224,6.881,6.7197,6.7197,287473,0
1996-05-08,6.6777,6.9856,6.6777,6.9645,712424,0
1996-05-09,6.902,6.9645,6.86,6.9435,377841,0
1996-05-10,7.0855,7.1268,7.0063,7.0272,557635,0
1996-05-13,7.0441,7.0441,6.9435,6.9856,365347,0
1996-05-14,6.9856,7.0063,6.9229,7.0063,808090,0
1996-05-15,6.9856,6.9856,6.902,6.9645,488892,0
1996-05-16,6.9645,6.9645,6.86,6.9229,543694,0
1996-05-17,6.9435,6.9856,6.9229,6.9229,303815,0
1996-05-20,6.9645,7.0855,6.9435,7.0441,419670,0
1996-05-21,7.0855,7.0855,7.0272,7.0441,220169,0
1996-05-22,7.1268,7.1476,6.9229,7.0063,433611,0
1996-05-23,6.9856,7.0646,6.9645,7.0646,558594,0
1996-05-24,7.0646,7.1476,7.0441,7.106,352365,0
1996-05-28,7.106,7.1476,6.86,6.9435,371595,0
1996-05-29,6.9856,7.0272,6.881,6.9229,282185,0
1996-05-30,6.9435,7.0063,6.9229,6.9856,296122,0
1996-05-31,7.0063,7.0063,6.9435,6.9435,212960,0
1996-06-03,6.9645,6.9645,6.881,6.902,224977,0
1996-06-04,6.902,6.9645,6.902,6.9435,238437,0
1996-06-05,6.9645,7.0063,6.9435,7.0063,442263,0
1996-06-06,7.0063,7.0063,6.9229,6.9645,368230,0
1996-06-07,6.881,6.9229,6.7402,6.86,314870,0
1996-06-10,6.902,6.902,6.7817,6.8435,622045,0
1996-06-11,6.8435,6.881,6.8033,6.8435,700405,0
1996-06-12,6.8435,6.86,6.8033,6.8224,349964,0
1996-06-13,6.8224,6.86,6.8033,6.8033,373037,0
1996-06-14,6.8033,6.8435,6.8033,6.8435,194691,0
1996-06-17,6.8435,6.86,6.8224,6.8224,497546,0
1996-06-18,6.8435,6.86,6.8224,6.8435,498027,0
1996-06-19,6.881,6.9229,6.8435,6.9229,453319,0
1996-06-20,6.9229,6.9645,6.881,6.902,557158,0
1996-06-21,6.9645,6.9645,6.881,6.902,716749,0
1996-06-24,6.9435,7.0063,6.9229,6.9856,481202,0
1996-06-25,6.9435,6.9645,6.9229,6.9229,443224,0
1996-06-26,6.9645,6.9856,6.9645,6.9856,350930,0
1996-06-27,6.9645,7.0272,6.9229,7.0272,398995,0
1996-06-28,7.0063,7.1268,7.0063,7.1268,745591,0
1996-07-01,7.1476,7.1476,7.0855,7.1268,207188,0
1996-07-02,7.1728,7.1935,7.1728,7.1935,500430,0
1996-07-03,7.1935,7.1935,7.1559,7.1935,551866,0
1996-07-05,7.1353,7.1353,6.7863,6.8069,404766,0
1996-07-08,6.8475,6.9896,6.8069,6.8264,353325,0
1996-07-09,6.8475,6.8892,6.8069,6.8264,592244,0
1996-07-10,6.8684,6.8684,6.7235,6.8475,655220,0
1996-07-11,6.8892,6.906,6.7655,6.7863,376883,0
1996-07-12,6.7449,6.8264,6.7235,6.7449,612914,0
1996-07-15,6.7863,6.8475,6.682,6.682,382653,0
1996-07-16,6.6613,6.7449,6.6023,6.682,415339,0
1996-07-17,6.7863,6.8069,6.6192,6.6613,320635,0
1996-07-18,6.7028,6.7655,6.6613,6.7655,369188,0
1996-07-19,6.7235,6.7235,6.6401,6.682,481202,0
1996-07-22,6.6613,6.7449,6.6401,6.7235,311985,0
1996-07-23,6.7655,6.7655,6.7235,6.7235,342273,0
1996-07-24,6.7235,6.8069,6.7028,6.8069,535521,0
1996-07-25,6.8069,6.8264,6.7235,6.7235,288430,0
1996-07-26,6.7235,6.7863,6.7235,6.7863,404766,0
1996-07-29,6.7863,6.9475,6.7655,6.9475,655220,0
1996-07-30,6.9267,6.9475,6.6401,6.8684,1124397,0
1996-07-31,6.8684,6.9896,6.8684,6.9896,942686,0
1996-08-01,7.0103,7.1147,6.9896,7.0103,1599346,0
1996-08-02,7.0524,7.1147,7.031,7.0731,1978635,0
1996-08-05,7.1559,7.1935,7.1353,7.1728,349480,0
1996-08-06,7.1353,7.1935,7.0933,7.0933,942686,0
1996-08-07,7.1353,7.1728,7.0731,7.1728,412936,0
1996-08-08,7.1728,7.1728,7.0731,7.1147,1112862,0
1996-08-09,7.1353,7.1559,7.1147,7.1559,2335325,0
1996-08-12,7.1559,7.1559,7.0731,7.0933,364383,0
1996-08-13,7.0731,7.1728,7.0731,7.1559,328812,0
1996-08-14,7.1147,7.1353,7.0731,7.1353,345633,0
1996-08-15,7.1353,7.1353,7.0524,7.0933,289875,0
1996-08-16,7.0933,7.1935,7.0933,7.1353,274973,0
1996-08-19,7.1559,7.1559,7.1147,7.1353,280737,0
1996-08-20,7.1147,7.1728,7.0933,7.1559,260071,0
1996-08-21,7.1559,7.1935,7.0731,7.0933,479753,0
1996-08-22,7.0933,7.0933,7.0731,7.0933,356212,0
1996-08-23,7.0731,7.1353,6.9896,7.0103,519657,0
1996-08-26,6.9896,7.0103,6.969,7.0103,159603,0
1996-08-27,7.031,7.0524,7.0103,7.031,352847,0
1996-08-28,7.031,7.0524,6.9896,6.9896,255743,0
1996-08-29,6.9896,7.0524,6.9267,6.969,798471,0
1996-08-30,6.9896,7.0103,6.969,6.969,521576,0
1996-09-03,6.9267,7.031,6.8069,7.0103,502351,0
1996-09-04,7.031,7.0524,6.9475,6.969,239400,0
1996-09-05,6.969,7.031,6.9267,6.9267,151425,0
1996-09-06,6.9267,7.1147,6.9267,7.0933,648005,0
1996-09-09,7.1353,7.2763,7.1147,7.2763,785011,0
1996-09-10,7.2763,7.2763,7.1728,7.2557,925863,0
1996-09-11,7.235,7.3394,7.1935,7.2763,438897,0
1996-09-12,7.3185,7.3593,7.2973,7.2973,144218,0
1996-09-13,7.3593,7.3593,7.3185,7.3593,321600,0
1996-09-16,7.3593,7.3593,7.3185,7.3394,222093,0
1996-09-17,7.3394,7.3802,7.2763,7.3185,354772,0
1996-09-18,7.3394,7.3593,7.3185,7.3185,206709,0
1996-09-19,7.3185,7.3802,7.3185,7.3593,435531,0
1996-09-20,7.3802,7.3802,7.3185,7.3593,526868,0
1996-09-23,7.3185,7.4015,7.3185,7.3802,416784,0
1996-09-24,7.3802,7.4015,7.3593,7.4015,508603,0
1996-09-25,7.4015,7.4223,7.3802,7.4223,559558,0
1996-09-26,7.4429,7.5847,7.4429,7.564,1634438,0
1996-09-27,7.5847,7.5847,7.4429,7.5225,343712,0
1996-09-30,7.5225,7.5807,7.5019,7.5225,340350,0
1996-10-01,7.5019,7.5225,7.4598,7.5225,554748,0
1996-10-02,7.5518,7.5722,7.5307,7.5722,502832,0
1996-10-03,7.5307,7.5931,7.5307,7.5518,792232,0
1996-10-04,7.5518,7.6423,7.5518,7.6346,636948,0
1996-10-07,7.6755,7.692,7.6346,7.6547,382653,0
1996-10-08,7.6755,7.7137,7.6346,7.692,339870,0
1996-10-09,7.7137,7.7137,7.6547,7.6755,330253,0
1996-10-10,7.692,7.7972,7.6755,7.7756,909038,0
1996-10-11,7.7756,7.859,7.7756,7.859,784046,0
1996-10-14,7.8387,7.9005,7.8387,7.8804,334098,0
1996-10-15,7.9005,7.9419,7.8804,7.9217,564843,0
1996-10-16,7.9217,7.9217,7.8804,7.9005,698964,0
1996-10-17,7.8804,7.9631,7.8387,7.859,677814,0
1996-10-18,7.859,7.9841,7.8387,7.9419,587920,0
1996-10-21,7.9841,8.0256,7.9005,7.9841,531191,0
1996-10-22,8.005,8.005,7.9419,7.9419,650416,0
1996-10-23,7.9005,7.9631,7.8387,7.9419,282662,0
1996-10-24,7.9005,7.9005,7.8387,7.8804,942686,0
1996-10-25,7.8387,7.8804,7.8387,7.8804,787897,0
1996-10-28,7.8804,7.9505,7.8177,7.8177,318714,0
1996-10-29,7.8177,7.9631,7.8177,7.9419,476875,0
1996-10-30,7.9631,7.9631,7.859,7.9217,567251,0
1996-10-31,7.8804,8.005,7.8804,7.9841,506678,0
1996-11-01,7.9631,8.005,7.8804,7.9005,489850,0
1996-11-04,7.8804,8.088,7.8804,8.005,389863,0
1996-11-05,8.067,8.1294,8.067,8.1086,851353,0
1996-11-06,8.067,8.1707,8.0464,8.1707,577820,0
1996-11-07,8.1501,8.229,8.1501,8.229,378325,0
1996-11-08,8.229,8.2505,8.088,8.1501,588401,0
1996-11-11,8.1501,8.1707,8.0464,8.088,303331,0
1996-11-12,8.067,8.2083,8.0256,8.1707,679253,0
1996-11-13,8.1294,8.2083,8.1294,8.2083,829236,0
1996-11-14,8.229,8.229,8.1707,8.229,505237,0
1996-11-15,8.2505,8.3124,8.2083,8.2919,1029695,0
1996-11-18,8.271,8.2919,8.2505,8.2919,390345,0
1996-11-19,8.2919,8.4168,8.2919,8.3546,862893,0
1996-11-20,8.3754,8.3754,8.271,8.334,509083,0
1996-11-21,8.334,8.4783,8.3124,8.4168,942208,0
1996-11-22,8.4168,8.4376,8.3546,8.3754,796070,0
1996-11-25,8.396,8.396,8.3124,8.3754,639839,0
1996-11-26,8.3754,8.4783,8.3546,8.4783,1276786,0
1996-11-27,8.4783,8.604,8.4783,8.5204,788382,0
1996-11-29,8.5627,8.604,8.5411,8.5831,131715,0
1996-12-02,8.5831,8.5831,8.3546,8.396,301894,0
1996-12-03,8.396,8.4584,8.3754,8.3754,533596,0
1996-12-04,8.3754,8.4584,8.334,8.3754,710022,0
1996-12-05,8.3754,8.4168,8.229,8.396,1495035,0
1996-12-06,8.2919,8.3754,8.2083,8.334,367752,0
1996-12-09,8.3546,8.4376,8.3124,8.4168,485047,0
1996-12-10,8.4168,8.5204,8.396,8.5204,529269,0
1996-12-11,8.4376,8.4998,8.3754,8.4783,748476,0
1996-12-12,8.4783,8.5204,8.4168,8.4376,587439,0
1996-12-13,8.3546,8.3754,8.2919,8.334,5707083,0
1996-12-16,8.2919,8.334,8.2083,8.2083,368711,0
1996-12-17,8.1294,8.2505,8.1086,8.229,621082,0
1996-12-18,8.271,8.271,8.1707,8.1875,630226,0
1996-12-19,8.271,8.4168,8.2083,8.4168,778765,0
1996-12-20,8.4998,8.4998,8.334,8.4168,996528,0
1996-12-23,8.4376,8.4783,8.396,8.4783,319678,0
1996-12-24,8.4584,8.4783,8.4376,8.4783,123064,0
1996-12-26,8.4783,8.5204,8.4168,8.5204,322082,0
1996-12-27,8.5411,8.5411,8.4998,8.4998,120178,0
1996-12-30,8.5411,8.5411,8.4584,8.4783,338423,0
1996-12-31,8.4866,8.5036,8.3837,8.3837,349964,0
1997-01-02,8.4252,8.4252,8.3002,8.3423,1094113,0
1997-01-03,8.4252,8.4866,8.3209,8.4659,915770,0
1997-01-06,8.5448,8.5663,8.5036,8.5448,835007,0
1997-01-07,8.5036,8.5242,8.3837,8.4659,532635,0
1997-01-08,8.5242,8.5448,8.4252,8.4458,509083,0
1997-01-09,8.4659,8.587,8.4458,8.5663,548501,0
1997-01-10,8.4252,8.4659,8.3002,8.4659,478794,0
1997-01-13,8.4252,8.4659,8.4045,8.4659,368711,0
1997-01-14,8.5036,8.6291,8.4866,8.5663,942686,0
1997-01-15,8.5448,8.587,8.4458,8.5448,213925,0
1997-01-16,8.5448,8.587,8.4659,8.5448,337466,0
1997-01-17,8.5448,8.6079,8.5448,8.6079,387461,0
1997-01-20,8.6079,8.6908,8.5663,8.6079,678293,0
1997-01-21,8.5242,8.712,8.4458,8.6499,646084,0
1997-01-22,8.6908,8.7742,8.6908,8.7534,751363,0
1997-01-23,8.7954,8.8577,8.6079,8.6499,1127285,0
1997-01-24,8.6908,8.7534,8.6079,8.6079,640798,0
1997-01-27,8.6291,8.6291,8.5036,8.5242,459085,0
1997-01-28,8.5663,8.6706,8.4458,8.4458,517257,0
1997-01-29,8.4866,8.5448,8.4659,8.5036,266795,0
1997-01-30,8.5036,8.5663,8.4866,8.5036,984993,0
1997-01-31,8.5448,8.7534,8.5448,8.587,948454,0
1997-02-03,8.6706,8.7534,8.6499,8.6908,669160,0
1997-02-04,8.712,8.7534,8.6908,8.6908,810976,0
1997-02-05,8.712,8.7954,8.6079,8.6291,959996,0
1997-02-06,8.6291,8.7329,8.6079,8.7329,916245,0
1997-02-07,8.7534,8.837,8.6908,8.7954,1089786,0
1997-02-10,8.7954,8.8991,8.7329,8.7954,1225351,0
1997-02-11,8.8577,8.8786,8.7954,8.8577,625896,0
1997-02-12,8.8577,8.9407,8.837,8.9199,848948,0
1997-02-13,8.9821,9.1698,8.9407,9.1071,1393600,0
1997-02-14,9.2949,9.3362,9.1492,9.1492,988839,0
1997-02-18,9.2325,9.2732,9.1698,9.2119,599458,0
1997-02-19,9.2119,9.3787,9.1908,9.3155,1821922,0
1997-02-20,9.3362,9.543,9.3155,9.522,1686355,0
1997-02-21,9.522,9.522,9.4194,9.4194,666275,0
1997-02-24,9.439,9.855,9.439,9.794,2543960,0
1997-02-25,9.815,9.815,9.712,9.794,1286400,0
1997-02-26,9.794,9.815,9.712,9.815,1357069,0
1997-02-27,9.774,9.774,9.692,9.752,1359466,0
1997-02-28,9.752,9.794,9.752,9.774,1461381,0
1997-03-03,9.732,9.774,9.692,9.712,968168,0
1997-03-04,9.692,9.794,9.672,9.692,1705108,0
1997-03-05,9.692,9.815,9.692,9.774,785970,0
1997-03-06,9.794,9.938,9.732,9.774,1399367,0
1997-03-07,9.794,9.938,9.794,9.895,1299866,0
1997-03-10,9.916,10.061,9.855,10.061,1508970,0
1997-03-11,10.061,10.267,10.061,10.226,953264,0
1997-03-12,10.226,10.226,10.083,10.124,909519,0
1997-03-13,10.023,10.044,9.835,9.835,967206,0
1997-03-14,9.835,9.938,9.794,9.794,673484,0
1997-03-17,9.794,9.876,9.672,9.876,861928,0
1997-03-18,9.876,9.98,9.835,9.855,824912,0
1997-03-19,9.815,9.815,9.692,9.712,603782,0
1997-03-20,9.712,9.732,9.65,9.692,433127,0
1997-03-21,9.712,9.815,9.672,9.712,1010948,0
1997-03-24,9.752,9.774,9.629,9.692,452838,0
1997-03-25,9.672,9.774,9.629,9.692,885964,0
1997-03-26,9.692,9.774,9.672,9.732,348519,0
1997-03-27,9.752,9.752,9.3787,9.3989,743674,0
1997-03-31,9.3155,9.3787,9.1698,9.1908,725408,0
1997-04-01,9.1071,9.2325,9.0863,9.1698,532152,0
1997-04-02,9.1361,9.365,9.1361,9.1576,652335,0
1997-04-03,9.1361,9.1576,8.9691,8.9905,990760,0
1997-04-04,8.949,9.1576,8.949,9.0111,1293130,0
1997-04-07,9.0111,9.1991,9.0111,9.1361,1826246,0
1997-04-08,9.1576,9.2615,9.1155,9.2615,582629,0
1997-04-09,9.282,9.3245,9.074,9.0946,716271,0
1997-04-10,9.032,9.1991,9.032,9.1576,641280,0
1997-04-11,9.1361,9.1361,8.8417,8.8623,634552,0
1997-04-14,8.8417,8.8823,8.7581,8.8823,508121,0
1997-04-15,9.0946,9.1991,9.032,9.1576,971046,0
1997-04-16,9.1781,9.1781,9.0946,9.0946,852795,0
1997-04-17,9.1155,9.1576,8.9905,9.0111,442743,0
1997-04-18,8.9905,9.0946,8.9691,9.074,409572,0
1997-04-21,9.1576,9.282,9.1576,9.2404,1159490,0
1997-04-22,9.2615,9.4281,9.1576,9.3859,1384947,0
1997-04-23,9.3859,9.4882,9.3859,9.4882,2298313,0
1997-04-24,9.509,9.781,9.509,9.594,2308404,0
1997-04-25,9.594,9.884,9.53,9.761,1511858,0
1997-04-28,9.781,10.137,9.781,10.031,1054208,0
1997-04-29,10.053,10.322,10.053,10.3,2152174,0
1997-04-30,10.259,10.425,10.237,10.405,1045559,0
1997-05-01,10.384,10.384,10.218,10.322,1172472,0
1997-05-02,10.322,10.679,10.28,10.657,1449847,0
1997-05-05,10.7,10.785,10.535,10.679,1057581,0
1997-05-06,10.679,10.826,10.637,10.679,668203,0
1997-05-07,10.7,10.785,10.576,10.657,727324,0
1997-05-08,10.617,10.909,10.597,10.7,710504,0
1997-05-09,10.657,10.826,10.657,10.763,454280,0
1997-05-12,10.763,11.053,10.763,11.032,727802,0
1997-05-13,10.951,10.951,10.679,10.805,809050,0
1997-05-14,10.763,11.053,10.763,11.012,623010,0
1997-05-15,11.012,11.012,10.889,10.931,883561,0
1997-05-16,10.889,10.889,10.597,10.763,797032,0
1997-05-19,10.742,10.951,10.721,10.868,481684,0
1997-05-20,10.826,10.826,10.617,10.679,847508,0
1997-05-21,10.721,10.868,10.468,10.535,1175358,0
1997-05-22,10.555,10.7,10.51,10.555,1011909,0
1997-05-23,10.555,10.805,10.555,10.763,375443,0
1997-05-27,10.721,10.721,10.555,10.657,414859,0
1997-05-28,10.657,10.742,10.617,10.742,270166,0
1997-05-29,10.7,10.742,10.637,10.657,506678,0
1997-05-30,10.637,10.991,10.637,10.991,653297,0
1997-06-02,10.971,11.094,10.951,11.074,1151801,0
1997-06-03,11.074,11.327,11.053,11.306,1026337,0
1997-06-04,11.285,11.368,11.243,11.264,1087387,0
1997-06-05,11.306,11.348,11.264,11.306,2061322,0
1997-06-06,11.306,11.491,11.243,11.386,985469,0
1997-06-09,11.407,11.447,11.368,11.407,1300345,0
1997-06-10,11.386,11.679,11.386,11.616,826356,0
1997-06-11,11.595,11.616,11.428,11.552,607147,0
1997-06-12,11.595,12.053,11.595,12.011,688870,0
1997-06-13,11.969,12.011,11.824,11.865,571575,0
1997-06-16,11.845,11.907,11.743,11.845,274011,0
1997-06-17,11.802,11.824,11.722,11.764,586478,0
1997-06-18,12.011,12.074,11.927,12.031,1470995,0
1997-06-19,12.011,12.053,11.99,12.053,667235,0
1997-06-20,12.053,12.138,12.031,12.116,1024888,0
1997-06-23,12.074,12.074,11.845,11.845,675407,0
1997-06-24,11.857,12.053,11.802,11.961,1390719,0
1997-06-25,12.002,12.17,11.94,12.011,869141,0
1997-06-26,11.969,12.095,11.877,11.918,485047,0
1997-06-27,11.914,12.303,11.914,12.104,1463788,0
1997-06-30,12.082,12.145,11.853,11.936,404766,0
1997-07-01,11.893,12.185,11.833,11.893,1190741,0
1997-07-02,11.893,12.145,11.893,12.145,1109017,0
1997-07-03,12.248,12.427,12.248,12.365,525906,0
1997-07-07,12.399,12.576,12.336,12.365,1304186,0
1997-07-08,12.336,12.584,12.303,12.357,1243140,0
1997-07-09,12.386,12.511,12.06,12.104,821548,0
1997-07-10,12.116,12.49,12.116,12.427,619166,0
1997-07-11,12.399,12.545,12.399,12.419,628300,0
1997-07-14,12.461,12.524,12.303,12.336,543694,0
1997-07-15,12.315,12.646,12.315,12.646,783575,0
1997-07-16,12.618,12.786,12.439,12.743,959515,0
1997-07-17,12.743,12.858,12.626,12.701,961437,0
1997-07-18,12.639,12.646,12.481,12.584,1556565,0
1997-07-21,12.584,12.786,12.576,12.743,767227,0
1997-07-22,12.743,13.004,12.743,12.992,798951,0
1997-07-23,13.4,13.4,13.194,13.278,1135453,0
1997-07-24,13.235,13.248,13.096,13.235,626854,0
1997-07-25,13.235,13.257,13.15,13.15,1038350,0
1997-07-28,13.15,13.214,13.026,13.033,889330,0
1997-07-29,13.026,13.088,12.964,13.088,1229673,0
1997-07-30,13.046,13.235,13.046,13.214,862413,0
1997-07-31,13.226,13.361,13.194,13.34,841252,0
1997-08-01,13.332,13.352,12.964,13.075,773476,0
1997-08-04,13.004,13.066,12.923,13.026,389624,0
1997-08-05,13.026,13.066,12.752,12.858,633825,0
1997-08-06,12.879,13.088,12.816,13.066,797511,0
1997-08-07,13.066,13.129,12.879,12.879,435292,0
1997-08-08,12.794,12.858,12.419,12.461,650416,0
1997-08-11,12.481,12.794,12.481,12.794,380971,0
1997-08-12,12.879,12.879,12.336,12.357,716749,0
1997-08-13,12.336,12.502,12.336,12.461,672764,0
1997-08-14,12.502,12.689,12.248,12.248,601621,0
1997-08-15,12.082,12.248,11.976,11.976,514610,0
1997-08-18,11.976,11.976,11.667,11.936,608351,0
1997-08-19,12.02,12.524,12.02,12.419,680454,0
1997-08-20,12.399,12.605,12.378,12.605,362944,0
1997-08-21,12.545,12.584,11.914,12.248,978979,0
1997-08-22,12.166,12.399,11.893,11.976,502832,0
1997-08-25,12.06,12.104,11.709,11.914,834529,0
1997-08-26,12.104,12.605,12.06,12.524,1102286,0
1997-08-27,12.439,12.545,12.227,12.439,850389,0
1997-08-28,12.419,12.943,12.419,12.794,851836,0
1997-08-29,12.752,12.983,12.545,12.689,657621,0
1997-09-02,12.605,13.361,12.584,13.34,508121,0
1997-09-03,13.34,13.34,12.902,12.943,504272,0
1997-09-04,12.964,13.379,12.964,13.109,301653,0
1997-09-05,13.109,13.361,13.066,13.172,446830,0
1997-09-08,13.361,13.379,13.109,13.235,372074,0
1997-09-09,13.194,13.278,13.066,13.129,413417,0
1997-09-10,13.004,13.109,12.879,12.879,611713,0
1997-09-11,12.794,12.943,12.709,12.858,488892,0
1997-09-12,12.902,13.214,12.858,13.214,413417,0
1997-09-15,13.172,13.361,13.129,13.257,328571,0
1997-09-16,13.379,13.943,13.361,13.943,1035468,0
1997-09-17,13.862,13.862,13.483,13.655,719397,0
1997-09-18,13.571,13.634,13.441,13.55,641517,0
1997-09-19,13.461,13.55,13.278,13.421,697041,0
1997-09-22,13.421,13.78,13.4,13.78,500912,0
1997-09-23,13.862,13.862,13.461,13.503,246849,0
1997-09-24,13.503,13.821,13.129,13.32,549219,0
1997-09-25,13.214,13.299,12.943,13.109,420866,0
1997-09-26,13.109,13.278,13.066,13.214,8106585,0
1997-09-29,13.278,13.676,13.278,13.592,496106,0
1997-09-30,13.614,13.614,13.15,13.15,412213,0
1997-10-01,13.287,13.748,13.201,13.685,602342,0
1997-10-02,13.536,13.748,13.452,13.748,345158,0
1997-10-03,13.813,13.937,13.601,13.705,616042,0
1997-10-06,13.813,13.937,13.768,13.813,585996,0
1997-10-07,13.748,13.937,13.642,13.833,546093,0
1997-10-08,13.748,13.833,13.18,13.516,473507,0
1997-10-09,13.452,13.452,13.075,13.413,802560,0
1997-10-10,13.413,13.536,13.307,13.536,535521,0
1997-10-13,13.516,13.685,13.474,13.642,568691,0
1997-10-14,13.664,13.705,13.392,13.558,421590,0
1997-10-15,13.433,13.474,13.159,13.243,311985,0
1997-10-16,13.287,13.601,13.201,13.201,665311,0
1997-10-17,13.116,13.307,12.739,13.013,555707,0
1997-10-20,13.096,13.369,13.033,13.369,266558,0
1997-10-21,13.495,13.621,13.433,13.621,625416,0
1997-10-22,13.621,13.727,13.474,13.621,461973,0
1997-10-23,13.474,13.536,13.369,13.392,844618,0
1997-10-24,13.413,13.705,13.243,13.685,953984,0
1997-10-27,13.601,13.685,12.655,12.655,699929,0
1997-10-28,12.044,13.474,11.837,13.433,1189055,0
1997-10-29,13.392,14.041,13.392,13.642,1378695,0
1997-10-30,13.536,13.536,13.327,13.452,1253713,0
1997-10-31,13.452,13.495,13.201,13.495,865532,0
1997-11-03,13.413,13.748,13.413,13.748,862413,0
1997-11-04,13.664,13.748,13.536,13.705,796309,0
1997-11-05,13.664,13.875,13.642,13.791,714350,0
1997-11-06,13.705,13.727,13.369,13.664,379767,0
1997-11-07,13.201,13.433,13.201,13.413,413417,0
1997-11-10,13.369,13.495,13.287,13.413,392512,0
1997-11-11,13.413,13.536,13.392,13.536,224738,0
1997-11-12,13.413,13.495,13.201,13.327,342035,0
1997-11-13,13.18,13.558,13.159,13.452,349003,0
1997-11-14,13.516,13.536,13.369,13.452,417021,0
1997-11-17,13.536,13.833,13.474,13.748,1458016,0
1997-11-18,13.768,13.768,13.287,13.413,377841,0
1997-11-19,13.327,13.474,13.287,13.392,658585,0
1997-11-20,13.452,13.768,13.413,13.433,1246016,0
1997-11-21,13.558,13.937,13.536,13.791,1019843,0
1997-11-24,13.813,13.875,13.516,13.516,565090,0
1997-11-25,13.558,13.621,13.413,13.474,407650,0
1997-11-26,13.558,13.791,13.536,13.621,378325,0
1997-11-28,13.621,13.791,13.621,13.791,343472,0
1997-12-01,13.875,14.083,13.369,13.791,1689481,0
1997-12-02,13.875,14.4,13.791,13.937,560998,0
1997-12-03,13.937,14.021,13.727,13.937,570373,0
1997-12-04,13.957,14.021,13.768,13.791,687907,0
1997-12-05,13.791,14.021,13.791,13.937,292761,0
1997-12-08,13.854,14.041,13.833,13.915,188440,0
1997-12-09,13.833,13.915,13.748,13.813,491055,0
1997-12-10,13.895,14.041,13.768,13.937,501389,0
1997-12-11,14.062,14.168,13.685,13.727,426878,0
1997-12-12,13.791,13.999,13.748,13.833,582150,0
1997-12-15,13.957,14.253,13.957,13.999,626132,0
1997-12-16,13.957,14.083,13.875,13.957,621811,0
1997-12-17,13.999,14.212,13.833,14.147,227383,0
1997-12-18,14.147,14.147,13.685,13.685,520379,0
1997-12-19,13.327,13.58,13.138,13.495,762661,0
1997-12-22,13.474,13.957,13.474,13.748,522541,0
1997-12-23,13.833,13.833,13.307,13.327,434811,0
1997-12-24,13.265,13.369,13.075,13.075,384332,0
1997-12-26,13.159,13.369,13.159,13.287,125947,0
1997-12-29,13.369,13.895,13.287,13.768,336025,0
1997-12-30,13.883,14.411,13.862,14.324,979462,0
1997-12-31,14.324,14.346,14.008,14.241,264395,0
1998-01-02,14.261,14.392,14.16,14.241,362463,0
1998-01-05,14.221,14.454,14.05,14.324,475911,0
1998-01-06,14.16,14.392,13.987,14.179,559558,0
1998-01-07,14.139,14.2,14.008,14.16,543936,0
1998-01-08,14.139,14.392,13.965,13.987,584073,0
1998-01-09,13.943,14.008,13.21,13.231,615079,0
1998-01-12,12.915,13.503,12.915,13.478,780449,0
1998-01-13,13.478,13.736,13.437,13.736,423033,0
1998-01-14,14.096,14.096,13.756,13.987,542973,0
1998-01-15,13.943,14.433,13.842,14.302,825156,0
1998-01-16,14.008,14.282,13.943,14.16,431926,0
1998-01-20,14.075,14.473,14.05,14.433,406929,0
1998-01-21,14.433,14.936,14.366,14.516,574459,0
1998-01-22,14.473,14.494,14.096,14.241,272567,0
1998-01-23,14.16,14.179,13.821,14.05,415820,0
1998-01-26,14.05,14.302,14.029,14.029,350443,0
1998-01-27,14.029,14.599,13.965,14.324,564127,0
1998-01-28,14.302,14.473,14.16,14.179,356454,0
1998-01-29,14.221,14.537,14.075,14.302,1567140,0
1998-01-30,14.641,14.641,14.029,14.096,602823,0
1998-02-02,14.16,14.346,14.096,14.346,1113826,0
1998-02-03,14.302,14.392,14.008,14.392,551625,0
1998-02-04,14.302,14.392,14.2,14.366,529750,0
1998-02-05,14.392,14.433,14.008,14.16,746557,0
1998-02-06,14.346,14.473,13.842,14.2,902793,0
1998-02-09,14.282,14.494,14.16,14.454,1334953,0
1998-02-10,14.392,14.537,14.221,14.346,1422926,0
1998-02-11,14.346,14.346,13.903,14.179,961199,0
1998-02-12,14.139,14.16,13.924,14.008,506678,0
1998-02-13,13.924,14.117,13.842,14.05,960478,0
1998-02-17,14.008,14.096,13.8,13.842,877308,0
1998-02-18,13.883,13.965,13.672,13.8,1967582,0
1998-02-19,13.842,14.096,13.821,14.096,1761593,0
1998-02-20,14.008,14.579,13.965,14.537,1736113,0
1998-02-23,14.494,14.832,14.346,14.661,812896,0
1998-02-24,14.579,15.19,14.579,14.982,1567381,0
1998-02-25,15.19,15.951,15.147,15.593,1739238,0
1998-02-26,15.633,15.824,15.382,15.781,926585,0
1998-02-27,15.781,15.868,15.633,15.781,1306108,0
1998-03-02,15.655,16.053,15.655,15.89,724445,0
1998-03-03,15.845,16.053,15.593,15.718,1450085,0
1998-03-04,15.633,15.633,15.363,15.525,787897,0
1998-03-05,15.444,15.444,15.105,15.363,1138341,0
1998-03-06,15.382,15.525,15.363,15.505,1157327,0
1998-03-09,15.505,15.525,15.462,15.505,832846,0
1998-03-10,15.425,15.525,15.319,15.525,717952,0
1998-03-11,15.505,15.655,15.319,15.505,907353,0
1998-03-12,15.425,15.676,15.404,15.462,355487,0
1998-03-13,15.462,15.505,15.147,15.211,633350,0
1998-03-16,15.169,15.363,15.105,15.278,936444,0
1998-03-17,15.252,16.033,15.19,15.824,1129689,0
1998-03-18,15.824,16.033,15.698,16.033,294921,0
1998-03-19,16.033,16.033,15.824,15.951,566526,0
1998-03-20,15.951,16.138,15.868,16.075,734774,0
1998-03-23,15.781,15.91,15.547,15.613,807369,0
1998-03-24,15.613,15.845,15.382,15.505,785970,0
1998-03-25,15.698,16.138,15.698,15.802,700887,0
1998-03-26,15.593,15.718,15.19,15.547,845818,0
1998-03-27,16.033,16.033,15.363,15.613,670362,0
1998-03-30,15.613,15.951,15.319,15.444,568928,0
1998-03-31,15.505,15.868,15.298,15.462,646084,0
1998-04-01,15.462,15.655,15.232,15.462,679976,0
1998-04-02,15.425,15.718,15.252,15.633,1830815,0
1998-04-03,15.698,16.268,15.698,16.096,1015277,0
1998-04-06,16.184,16.562,16.164,16.434,696802,0
1998-04-07,16.38,16.401,15.789,16,1233761,0
1998-04-08,15.914,16.188,15.914,15.96,907353,0
1998-04-09,15.934,16.188,15.749,16,645606,0
1998-04-13,15.914,16.257,15.833,16.188,590080,0
1998-04-14,16.127,16.507,16.083,16.339,698480,0
1998-04-15,16.297,16.467,16,16.423,849910,0
1998-04-16,16.488,16.57,16.297,16.423,819865,0
1998-04-17,16.423,16.867,16.359,16.846,655459,0
1998-04-20,16.634,16.783,16.127,16.277,2068289,0
1998-04-21,16.297,16.634,16.127,16.634,2367534,0
1998-04-22,16.634,16.656,16.277,16.488,881156,0
1998-04-23,16.488,16.591,15.727,16.147,1000130,0
1998-04-24,16.147,16.339,15.749,15.833,852073,0
1998-04-27,15.492,15.68,15.239,15.408,912888,0
1998-04-28,15.366,15.366,14.9,14.961,1360190,0
1998-04-29,15.027,15.131,14.878,14.878,2301680,0
1998-04-30,14.9,15.239,14.9,15.089,1757264,0
1998-05-01,15.151,15.408,15.089,15.366,959515,0
1998-05-04,15.492,15.768,15.429,15.429,499703,0
1998-05-05,15.702,15.702,15.173,15.26,1094595,0
1998-05-06,15.26,15.26,14.878,15.11,1109734,0
1998-05-07,15.027,15.048,14.794,14.837,654980,0
1998-05-08,14.645,14.94,14.645,14.816,840052,0
1998-05-11,14.727,14.753,14.499,14.499,827316,0
1998-05-12,14.583,14.604,14.075,14.499,1183772,0
1998-05-13,14.473,14.837,14.473,14.562,1087387,0
1998-05-14,14.986,15.282,14.816,15.194,1371007,0
1998-05-15,15.194,15.26,14.94,14.961,865296,0
1998-05-18,15.027,15.11,14.753,14.794,302130,0
1998-05-19,14.857,15.324,14.816,15.239,1383990,0
1998-05-20,15.26,15.282,15.089,15.282,599692,0
1998-05-21,15.324,15.366,15.089,15.151,455480,0
1998-05-22,15.239,15.282,15.11,15.26,682375,0
1998-05-26,15.282,15.448,15.007,15.027,760980,0
1998-05-27,14.961,15.007,14.542,14.562,573736,0
1998-05-28,14.473,14.604,14.433,14.562,772751,0
1998-05-29,14.562,14.878,14.52,14.52,323761,0
1998-06-01,14.35,14.454,13.588,14.371,1824566,0
1998-06-02,14.096,14.9,13.924,14.753,1918785,0
1998-06-03,14.753,14.816,14.645,14.687,1169589,0
1998-06-04,14.433,14.624,14.075,14.583,1150116,0
1998-06-05,14.583,14.645,14.241,14.562,593691,0
1998-06-08,14.562,14.645,14.221,14.604,1244822,0
1998-06-09,14.542,14.794,14.542,14.687,582629,0
1998-06-10,14.645,15.048,14.645,14.816,746557,0
1998-06-11,14.727,14.794,14.286,14.473,631189,0
1998-06-12,14.392,14.473,14.139,14.2,1308752,0
1998-06-15,14.075,14.16,13.8,13.862,501865,0
1998-06-16,13.883,14.013,13.588,13.756,550662,0
1998-06-17,13.672,13.987,13.567,13.842,1592861,0
1998-06-18,13.862,14.241,13.842,14.054,2565829,0
1998-06-19,14.054,14.307,14.013,14.241,997727,0
1998-06-22,14.411,14.433,14.221,14.35,718913,0
1998-06-23,14.562,14.666,14.454,14.645,852315,0
1998-06-24,14.583,14.774,14.583,14.687,573978,0
1998-06-25,14.774,15.239,14.774,14.94,1490226,0
1998-06-26,15.007,15.215,14.961,15.11,463655,0
1998-06-29,15.068,15.514,15.068,15.215,469904,0
1998-06-30,15.302,15.659,15.089,15.492,949418,0
1998-07-01,15.448,15.893,15.386,15.872,779004,0
1998-07-02,15.659,15.659,15.386,15.638,864809,0
1998-07-06,15.598,15.598,15.366,15.492,940765,0
1998-07-07,15.448,15.471,15.302,15.408,764342,0
1998-07-08,15.437,15.585,15.311,15.479,323044,0
1998-07-09,15.626,15.861,15.457,15.457,567727,0
1998-07-10,15.374,15.521,14.886,15.395,632867,0
1998-07-13,15.374,15.437,15.118,15.202,436734,0
1998-07-14,14.907,15.374,14.907,15.354,762178,0
1998-07-15,15.311,15.333,15.118,15.243,749679,0
1998-07-16,15.243,15.735,15.243,15.735,496585,0
1998-07-17,15.967,16.028,15.564,15.606,496818,0
1998-07-20,15.521,15.564,15.097,15.333,249732,0
1998-07-21,15.243,15.29,14.968,15.031,652810,0
1998-07-22,14.949,15.181,14.949,15.031,351645,0
1998-07-23,14.949,14.949,14.694,14.694,591768,0
1998-07-24,14.694,15.202,14.694,15.056,817946,0
1998-07-27,14.968,15.16,14.907,15.118,500187,0
1998-07-28,15.056,15.097,14.654,14.907,1011430,0
1998-07-29,14.82,15.077,14.778,15.031,1019604,0
1998-07-30,15.031,15.202,14.907,15.056,995086,0
1998-07-31,14.99,15.29,14.735,14.949,670601,0
1998-08-03,14.82,15.012,14.441,14.735,1342649,0
1998-08-04,14.799,14.799,13.929,13.969,1371007,0
1998-08-05,13.969,14.204,13.545,14.013,1092432,0
1998-08-06,14.013,14.013,13.697,13.8,1015995,0
1998-08-07,13.655,13.991,13.567,13.847,710741,0
1998-08-10,13.8,14.1,13.676,13.719,851591,0
1998-08-11,13.588,13.655,13.142,13.567,715310,0
1998-08-12,13.525,13.78,13.503,13.567,975617,0
1998-08-13,13.567,13.907,13.421,13.588,1032584,0
1998-08-14,13.676,13.78,13.335,13.421,349964,0
1998-08-17,13.335,13.697,13.12,13.676,1850522,0
1998-08-18,13.634,13.929,13.634,13.78,696802,0
1998-08-19,13.697,14.013,13.697,13.907,490815,0
1998-08-20,13.929,14.27,13.697,13.697,803519,0
1998-08-21,13.545,13.588,13.08,13.357,698964,0
1998-08-24,13.441,13.676,13.21,13.21,518217,0
1998-08-25,13.21,13.697,13.21,13.545,633104,0
1998-08-26,13.396,13.461,13.316,13.396,732612,0
1998-08-27,13.252,13.357,12.403,12.761,483598,0
1998-08-28,12.718,12.89,12.614,12.739,721798,0
1998-08-31,12.761,12.761,12.145,12.145,931631,0
1998-09-01,12.06,12.403,12.04,12.336,983067,0
1998-09-02,12.336,12.89,12.315,12.549,648489,0
1998-09-03,12.315,12.549,12.232,12.443,793665,0
1998-09-04,12.485,12.568,12.378,12.528,946292,0
1998-09-08,12.549,12.782,12.528,12.635,1021047,0
1998-09-09,13.12,13.12,12.568,12.614,521576,0
1998-09-10,12.403,12.614,12.273,12.588,1116945,0
1998-09-11,12.568,12.807,12.528,12.718,518934,0
1998-09-14,12.807,12.93,12.568,12.696,1528921,0
1998-09-15,12.614,12.782,12.588,12.718,1506569,0
1998-09-16,12.718,12.992,12.588,12.871,1024175,0
1998-09-17,12.696,12.807,12.568,12.696,478072,0
1998-09-18,12.718,12.871,12.718,12.761,654015,0
1998-09-21,12.782,12.782,12.568,12.676,412936,0
1998-09-22,12.655,12.89,12.635,12.718,492013,0
1998-09-23,12.635,12.971,12.635,12.952,728768,0
1998-09-24,12.91,13.058,12.423,12.588,641280,0
1998-09-25,12.507,12.718,12.443,12.588,332418,0
1998-09-28,12.568,12.588,12.423,12.568,675407,0
1998-09-29,12.528,12.568,12.232,12.294,401402,0
1998-09-30,12.232,12.252,12.02,12.21,950380,0
1998-10-01,12.02,12.125,11.573,11.658,586478,0
1998-10-02,11.658,12.02,11.658,11.973,524942,0
1998-10-05,11.973,12.125,11.548,11.828,608591,0
1998-10-06,11.889,12.294,11.849,11.973,644881,0
1998-10-07,11.911,11.952,11.595,11.658,648971,0
1998-10-08,11.573,11.573,10.81,11.297,672044,0
1998-10-09,11.34,11.828,11.234,11.764,487690,0
1998-10-12,11.679,12.082,11.679,11.952,545374,0
1998-10-13,11.998,12.04,11.849,11.911,359820,0
1998-10-14,11.998,12.336,11.828,12.104,471348,0
1998-10-15,12.02,12.761,11.952,12.676,481202,0
1998-10-16,12.89,13.21,12.614,12.89,740545,0
1998-10-19,12.93,13.421,12.828,13.273,448512,0
1998-10-20,13.252,14.143,13.252,13.929,1038109,0
1998-10-21,13.886,13.929,13.634,13.655,490815,0
1998-10-22,13.614,13.614,13.335,13.461,445145,0
1998-10-23,13.503,13.634,13.421,13.634,1076087,0
1998-10-26,13.461,13.461,13.205,13.205,719155,0
1998-10-27,13.295,13.825,13.295,13.825,870337,0
1998-10-28,13.825,13.847,13.58,13.76,590323,0
1998-10-29,13.634,14.147,13.503,14.126,582870,0
1998-10-30,14.208,14.953,14.126,14.911,1365239,0
1998-11-02,14.911,15.06,14.678,14.994,579024,0
1998-11-03,14.994,14.994,14.657,14.761,342996,0
1998-11-04,14.761,15.252,14.761,15.102,449229,0
1998-11-05,15.019,15.505,14.698,15.337,740307,0
1998-11-06,15.165,15.232,14.761,14.953,966484,0
1998-11-09,15.036,15.881,15.036,15.234,841013,0
1998-11-10,15.337,15.386,14.641,14.765,782848,0
1998-11-11,14.765,14.816,14.415,14.49,672044,0
1998-11-12,14.464,14.567,14.147,14.464,686709,0
1998-11-13,14.464,14.464,14.316,14.415,584073,0
1998-11-16,14.49,15.036,14.49,15.036,557393,0
1998-11-17,14.94,15.135,14.841,15.036,1140264,0
1998-11-18,14.94,15.186,14.841,15.11,537204,0
1998-11-19,15.211,15.286,15.11,15.186,319198,0
1998-11-20,15.286,15.609,15.234,15.483,990279,0
1998-11-23,15.559,15.881,15.534,15.833,970563,0
1998-11-24,15.881,15.98,15.483,15.706,1152759,0
1998-11-25,15.609,15.659,15.234,15.386,1140506,0
1998-11-27,15.412,15.412,15.186,15.286,315107,0
1998-11-30,15.211,15.459,15.085,15.085,723724,0
1998-12-01,14.99,15.16,14.79,15.06,599692,0
1998-12-02,15.036,15.16,14.891,14.915,1247945,0
1998-12-03,14.816,15.036,14.765,14.915,447308,0
1998-12-04,14.965,15.459,14.94,15.211,834529,0
1998-12-07,15.012,15.234,15.012,15.16,512685,0
1998-12-08,15.286,15.286,14.99,14.99,574937,0
1998-12-09,15.012,15.085,14.891,14.915,380488,0
1998-12-10,14.816,15.012,14.591,14.591,916968,0
1998-12-11,14.29,14.441,14.147,14.441,851353,0
1998-12-14,14.392,14.415,13.55,13.943,1572909,0
1998-12-15,13.995,13.995,13.4,13.499,1499841,0
1998-12-16,13.499,13.499,13.1,13.278,2243267,0
1998-12-17,13.376,13.847,13.352,13.847,1367160,0
1998-12-18,13.895,13.895,13.499,13.646,569650,0
1998-12-21,13.55,13.847,13.499,13.525,1473161,0
1998-12-22,13.55,13.773,13.376,13.773,568451,0
1998-12-23,13.748,13.995,13.621,13.92,781648,0
1998-12-24,13.92,13.92,13.55,13.723,420625,0
1998-12-28,13.748,13.773,13.597,13.646,752084,0
1998-12-29,13.723,13.943,13.672,13.895,342513,0
1998-12-30,13.895,13.995,13.723,13.795,544654,0
1998-12-31,13.821,14.341,13.821,14.021,864809,0
1999-01-04,13.995,14.542,13.995,14.49,906392,0
1999-01-05,14.392,14.441,14.147,14.245,1296020,0
1999-01-06,14.204,14.302,14.079,14.229,725886,0
1999-01-07,14.079,14.13,13.76,13.978,767948,0
1999-01-08,14.253,14.253,13.785,13.978,1194583,0
1999-01-11,13.903,13.929,13.335,13.507,1889944,0
1999-01-12,13.335,13.634,13.335,13.634,1921193,0
1999-01-13,13.384,13.634,13.384,13.584,1430375,0
1999-01-14,13.558,13.685,13.532,13.532,703529,0
1999-01-15,13.532,13.736,13.532,13.71,587920,0
1999-01-19,13.483,13.736,13.483,13.532,840052,0
1999-01-20,13.532,13.809,13.457,13.483,1063348,0
1999-01-21,13.483,13.659,13.235,13.235,1082819,0
1999-01-22,13.185,13.457,13.134,13.159,1087387,0
1999-01-25,13.008,13.261,13.008,13.261,581912,0
1999-01-26,13.235,13.261,13.008,13.058,613394,0
1999-01-27,13.084,13.134,12.862,12.862,493222,0
1999-01-28,12.96,13.134,12.886,13.008,474471,0
1999-01-29,13.033,13.384,12.786,13.058,587439,0
1999-02-01,12.96,12.96,12.54,12.614,438418,0
1999-02-02,12.664,12.664,12.214,12.515,694157,0
1999-02-03,13.21,13.483,12.934,13.335,2105302,0
1999-02-04,13.235,13.659,13.21,13.312,1353705,0
1999-02-05,13.21,13.235,12.735,12.761,1086184,0
1999-02-08,12.837,13.532,12.837,13.361,1044121,0
1999-02-09,13.134,13.134,12.761,12.862,1657516,0
1999-02-10,12.761,12.812,12.54,12.709,1354423,0
1999-02-11,12.735,13.483,12.735,13.134,1628194,0
1999-02-12,13.058,13.084,12.709,12.761,650171,0
1999-02-16,12.862,13.261,12.862,13.058,383135,0
1999-02-17,13.058,13.058,12.735,12.886,686944,0
1999-02-18,13.335,13.697,13.235,13.261,1381823,0
1999-02-19,13.361,13.558,13.084,13.558,1170551,0
1999-02-22,13.532,13.929,13.507,13.883,818185,0
1999-02-23,13.785,13.883,13.433,13.736,669881,0
1999-02-24,13.532,13.809,13.335,13.335,677334,0
1999-02-25,12.837,13.261,12.735,13.261,1056621,0
1999-02-26,13.361,13.408,13.058,13.185,498505,0
1999-03-01,13.384,13.483,13.084,13.21,853275,0
1999-03-02,13.335,13.736,13.235,13.483,927782,0
1999-03-03,13.584,13.634,13.433,13.507,783575,0
1999-03-04,13.483,13.532,13.084,13.408,328571,0
1999-03-05,13.507,13.61,13.235,13.483,539607,0
1999-03-08,13.584,13.71,13.433,13.61,448270,0
1999-03-09,13.507,13.785,13.507,13.507,770355,0
1999-03-10,13.457,13.736,13.312,13.634,562681,0
1999-03-11,13.634,13.833,13.558,13.736,833325,0
1999-03-12,13.736,13.833,13.433,13.483,901346,0
1999-03-15,13.384,13.785,13.312,13.785,997971,0
1999-03-16,13.785,13.785,13.507,13.532,351401,0
1999-03-17,13.507,13.532,13.235,13.457,891014,0
1999-03-18,13.483,13.483,13.261,13.408,813857,0
1999-03-19,13.532,13.584,13.457,13.457,807850,0
1999-03-22,13.457,13.558,13.361,13.532,521576,0
1999-03-23,13.433,13.457,13.109,13.21,987393,0
1999-03-24,13.287,13.457,13.287,13.408,689107,0
1999-03-25,13.312,13.408,13.261,13.312,326408,0
1999-03-26,13.235,13.335,13.134,13.134,409332,0
1999-03-29,13.134,13.21,12.983,13.033,416304,0
1999-03-30,12.934,12.934,12.24,12.515,3614517,0
1999-03-31,12.515,12.689,12.341,12.588,999895,0
1999-04-01,12.564,12.983,12.54,12.886,619166,0
1999-04-05,12.96,13.185,12.689,12.91,466294,0
1999-04-06,12.96,13.084,12.49,12.54,724202,0
1999-04-07,12.597,12.824,12.549,12.798,451872,0
1999-04-08,12.748,12.824,12.597,12.748,628300,0
1999-04-09,12.473,12.646,12.374,12.473,1063830,0
1999-04-12,12.374,12.824,12.374,12.722,497783,0
1999-04-13,12.824,13.022,12.573,12.672,783090,0
1999-04-14,12.646,12.748,12.374,12.621,723481,0
1999-04-15,12.573,13.571,12.573,13.198,983551,0
1999-04-16,13.545,13.821,12.947,13.697,1714717,0
1999-04-19,13.621,13.943,13.146,13.521,1499121,0
1999-04-20,13.723,13.748,12.273,13.521,1393362,0
1999-04-21,13.773,13.87,13.571,13.621,685263,0
1999-04-22,13.597,14.071,13.571,14.045,876349,0
1999-04-23,14.045,14.445,13.969,14.396,1098441,0
1999-04-26,14.171,14.171,13.87,14.045,874429,0
1999-04-27,14.021,14.171,13.469,13.847,1035705,0
1999-04-28,13.773,14.196,13.672,13.821,745353,0
1999-04-29,13.92,14.096,13.895,14.071,824671,0
1999-04-30,14.196,14.196,13.521,13.646,891975,0
1999-05-03,13.748,14.445,13.545,14.32,687427,0
1999-05-04,14.221,14.42,14.096,14.171,1388554,0
1999-05-05,14.171,14.371,13.92,14.371,1514022,0
1999-05-06,14.294,14.294,13.995,14.045,730450,0
1999-05-07,14.021,14.445,13.92,14.396,1186892,0
1999-05-10,14.32,14.32,13.995,14.021,734774,0
1999-05-11,13.995,14.546,13.995,14.42,1460419,0
1999-05-12,14.32,15.169,14.294,14.846,1146274,0
1999-05-13,14.744,14.744,14.52,14.57,624932,0
1999-05-14,14.468,14.494,14.071,14.096,954707,0
1999-05-17,14.096,14.221,13.773,13.773,971773,0
1999-05-18,13.571,14.071,13.571,13.795,3342188,0
1999-05-19,13.748,13.821,13.672,13.723,575419,0
1999-05-20,13.621,14.096,13.621,13.723,2349990,0
1999-05-21,13.773,14.121,13.597,13.895,745112,0
1999-05-24,13.795,13.821,13.223,13.421,1279914,0
1999-05-25,13.172,13.621,13.146,13.373,786216,0
1999-05-26,13.445,13.545,13.198,13.396,748718,0
1999-05-27,13.396,13.421,13.198,13.198,259348,0
1999-05-28,13.12,13.421,13.071,13.324,376640,0
1999-06-01,13.223,13.348,13.12,13.248,456686,0
1999-06-02,13.146,13.521,13.146,13.324,433127,0
1999-06-03,13.348,13.348,12.971,13.223,477835,0
1999-06-04,12.971,13.273,12.923,13.248,1156370,0
1999-06-07,13.198,13.299,13.071,13.248,656659,0
1999-06-08,13.198,13.324,13.172,13.273,379767,0
1999-06-09,13.223,13.248,13.146,13.248,604985,0
1999-06-10,13.146,13.421,13.146,13.373,820343,0
1999-06-11,13.421,13.421,13.223,13.373,556194,0
1999-06-14,13.421,13.495,13.071,13.396,351889,0
1999-06-15,13.495,13.723,13.373,13.571,681658,0
1999-06-16,13.672,13.821,13.621,13.723,636469,0
1999-06-17,13.697,13.821,13.495,13.773,840052,0
1999-06-18,13.672,13.87,13.571,13.87,936199,0
1999-06-21,13.87,13.943,13.597,13.646,542488,0
1999-06-22,13.571,13.672,13.469,13.597,370636,0
1999-06-23,13.495,13.795,13.373,13.571,767227,0
1999-06-24,13.571,13.571,13.172,13.324,393466,0
1999-06-25,13.348,13.348,13.12,13.198,774194,0
1999-06-28,13.273,13.571,13.198,13.348,697041,0
1999-06-29,13.396,13.646,13.373,13.521,634068,0
1999-06-30,13.521,13.773,13.495,13.621,994363,0
1999-07-01,13.697,13.895,13.672,13.748,1128969,0
1999-07-02,13.748,14.221,13.748,14.021,1769286,0
1999-07-06,14.071,14.221,13.795,13.821,814097,0
1999-07-07,13.858,14.033,13.76,14.008,484322,0
1999-07-08,13.907,14.208,13.858,13.933,1215014,0
1999-07-09,13.957,14.135,13.809,14.109,776600,0
1999-07-12,14.208,14.559,13.943,14.457,788855,0
1999-07-13,14.433,14.782,14.433,14.457,961675,0
1999-07-14,14.457,14.608,14.408,14.408,814336,0
1999-07-15,14.433,14.583,14.183,14.257,412936,0
1999-07-16,14.358,14.383,13.685,13.957,972253,0
1999-07-19,13.933,14.109,13.883,13.982,375679,0
1999-07-20,13.933,13.982,13.61,13.907,583595,0
1999-07-21,13.907,14.033,13.76,13.76,649690,0
1999-07-22,13.76,14.083,13.659,13.933,743674,0
1999-07-23,13.933,14.008,13.61,13.736,690312,0
1999-07-26,13.76,13.883,13.634,13.809,479038,0
1999-07-27,13.785,13.957,13.659,13.659,384096,0
1999-07-28,13.558,13.685,13.507,13.507,535037,0
1999-07-29,13.457,13.507,13.129,13.18,673008,0
1999-07-30,13.332,13.507,13.105,13.155,633586,0
1999-08-02,13.257,13.61,13.231,13.307,397554,0
1999-08-03,13.231,13.408,13.155,13.231,678054,0
1999-08-04,13.231,13.408,13.004,13.054,529991,0
1999-08-05,13.054,13.332,13.054,13.18,318238,0
1999-08-06,13.18,13.18,12.956,13.054,433127,0
1999-08-09,12.956,13.282,12.956,13.129,852795,0
1999-08-10,13.03,13.054,12.833,12.833,637193,0
1999-08-11,12.833,13.004,12.705,12.906,328571,0
1999-08-12,12.882,13.054,12.858,12.882,321841,0
1999-08-13,12.956,13.18,12.882,12.956,437933,0
1999-08-16,12.956,13.18,12.906,13.18,321117,0
1999-08-17,13.105,13.205,13.004,13.205,296844,0
1999-08-18,13.205,13.231,12.93,12.979,333377,0
1999-08-19,12.407,12.705,12.307,12.63,1173673,0
1999-08-20,12.655,12.782,12.456,12.58,744633,0
1999-08-23,12.605,12.807,12.507,12.556,740788,0
1999-08-24,12.605,12.705,12.407,12.605,748239,0
1999-08-25,12.58,12.882,12.58,12.655,610996,0
1999-08-26,12.407,12.63,12.357,12.357,661228,0
1999-08-27,12.332,12.456,12.157,12.157,650171,0
1999-08-30,12.157,12.381,12.082,12.181,743190,0
1999-08-31,12.082,12.332,11.407,11.407,1166942,0
1999-09-01,11.456,12.206,11.456,11.981,1380140,0
1999-09-02,11.931,12.056,11.76,11.833,755448,0
1999-09-03,11.931,12.357,11.931,12.307,541287,0
1999-09-07,12.332,12.332,11.931,12.082,366791,0
1999-09-08,11.981,12.056,11.76,11.881,319198,0
1999-09-09,11.857,11.857,11.658,11.857,435046,0
1999-09-10,11.833,11.943,11.632,11.709,482160,0
1999-09-13,11.658,11.683,11.407,11.658,782127,0
1999-09-14,11.582,11.582,11.407,11.432,264155,0
1999-09-15,11.481,11.658,11.407,11.407,387216,0
1999-09-16,11.407,11.456,11.205,11.256,301411,0
1999-09-17,11.256,11.456,11.23,11.336,1186172,0
1999-09-20,11.36,11.36,11.003,11.053,286269,0
1999-09-21,10.955,11.003,10.405,10.506,1044594,0
1999-09-22,10.506,10.506,10.108,10.28,1395525,0
1999-09-23,10.28,10.506,10.255,10.43,671083,0
1999-09-24,10.405,10.481,10.031,10.157,778039,0
1999-09-27,10.157,10.206,9.954,9.98,826595,0
1999-09-28,9.98,10.206,9.832,9.855,864332,0
1999-09-29,10.108,10.356,9.832,10.304,1240014,0
1999-09-30,10.606,10.628,10.304,10.356,1335912,0
1999-10-01,10.356,10.455,10.206,10.23,806645,0
1999-10-04,10.304,10.653,10.304,10.481,741028,0
1999-10-05,10.405,10.781,10.352,10.531,474708,0
1999-10-06,10.519,10.943,10.519,10.943,1376297,0
1999-10-07,10.991,11.04,10.606,10.717,633586,0
1999-10-08,10.818,11.066,10.767,11.066,771311,0
1999-10-11,10.967,11.145,10.918,11.119,557635,0
1999-10-12,11.094,11.372,10.918,11.094,984268,0
1999-10-13,10.868,10.868,10.494,10.593,530476,0
1999-10-14,10.544,11.197,10.544,11.094,1023449,0
1999-10-15,11.171,11.171,10.343,10.593,1013598,0
1999-10-18,10.691,10.843,10.343,10.792,763383,0
1999-10-19,10.894,11.145,10.593,10.818,641517,0
1999-10-20,10.818,10.818,10.568,10.593,548017,0
1999-10-21,10.494,10.593,10.343,10.494,1162616,0
1999-10-22,11.645,12.621,11.62,12.323,3833723,0
1999-10-25,11.998,12.024,11.444,11.722,1207323,0
1999-10-26,11.444,11.747,11.444,11.595,671083,0
1999-10-27,11.794,12.099,11.595,11.923,648971,0
1999-10-28,12.149,12.549,12.074,12.524,1431340,0
1999-10-29,12.423,12.752,12.174,12.524,622045,0
1999-11-01,12.498,12.879,12.498,12.676,1219339,0
1999-11-02,12.676,13.1,12.676,12.879,611229,0
1999-11-03,12.952,12.952,12.65,12.65,843899,0
1999-11-04,12.676,13.352,12.65,12.952,972490,0
1999-11-05,13.655,13.854,13.606,13.756,1449365,0
1999-11-08,13.804,13.978,13.756,13.804,1267173,0
1999-11-09,13.804,13.829,13.452,13.58,1249865,0
1999-11-10,13.606,13.606,13.352,13.452,704973,0
1999-11-11,13.554,13.756,13.528,13.681,856157,0
1999-11-12,13.681,14.029,13.554,13.804,1332070,0
1999-11-15,13.829,13.952,13.681,13.854,654015,0
1999-11-17,14.383,14.433,14.029,14.183,775397,0
1999-11-18,14.183,14.183,13.655,13.78,479519,0
1999-11-19,13.681,13.903,13.655,13.731,510520,0
1999-11-22,13.655,13.756,13.554,13.606,656178,0
1999-11-23,13.606,13.606,13.404,13.503,740307,0
1999-11-24,13.352,13.404,13.176,13.176,762902,0
1999-11-26,13.226,13.226,12.926,12.952,189643,0
1999-11-29,13.026,13.026,12.701,12.778,1076807,0
1999-11-30,12.676,12.926,12.676,12.752,709060,0
1999-12-01,12.65,12.752,12.473,12.473,1993053,0
1999-12-02,12.524,12.802,12.473,12.524,1382548,0
1999-12-03,12.802,13.201,12.701,12.802,740307,0
1999-12-06,12.701,12.701,12.597,12.65,655220,0
1999-12-07,12.573,12.65,12.349,12.349,1068396,0
1999-12-08,12.423,12.423,12.074,12.074,388900,0
1999-12-09,11.973,12.149,11.845,12.125,1750053,0
1999-12-10,12.125,12.349,11.947,12.099,306939,0
1999-12-13,12.099,12.298,11.898,11.998,539607,0
1999-12-14,11.947,11.973,11.747,11.82,615802,0
1999-12-15,11.923,11.923,11.543,11.595,907837,0
1999-12-16,11.494,11.645,11.348,11.419,710262,0
1999-12-17,10.666,11.372,10.666,11.247,2776624,0
1999-12-20,11.322,11.444,11.145,11.221,460286,0
1999-12-21,11.197,11.372,10.894,11.171,823469,0
1999-12-22,11.119,11.348,11.066,11.197,465336,0
1999-12-23,11.297,11.82,11.197,11.671,793665,0
1999-12-27,11.569,12.049,11.543,11.595,672522,0
1999-12-28,11.569,11.722,11.494,11.569,304537,0
1999-12-29,11.671,11.671,11.469,11.569,225697,0
1999-12-30,11.569,11.697,11.494,11.62,431926,0
1999-12-31,11.697,11.747,11.62,11.671,124269,0
2000-01-03,11.569,11.62,11.247,11.372,579507,0
2000-01-04,11.197,11.272,11.094,11.145,689588,0
2000-01-05,11.336,11.336,11.179,11.179,427601,0
2000-01-06,11.078,11.336,10.881,11.153,349480,0
2000-01-07,11.179,11.506,11.179,11.382,398034,0
2000-01-10,11.481,11.506,11.153,11.23,461973,0
2000-01-11,11.128,11.281,11.003,11.205,1125360,0
2000-01-12,11.205,11.281,11.028,11.153,635747,0
2000-01-13,11.128,11.382,11.053,11.256,753286,0
2000-01-14,11.281,11.382,10.955,11.028,1452969,0
2000-01-18,10.978,10.978,10.376,10.376,2109629,0
2000-01-19,10.451,10.477,9.819,9.819,1826008,0
2000-01-20,9.921,9.945,9.4194,9.517,1765680,0
2000-01-21,9.62,9.62,9.2896,9.3949,1632280,0
2000-01-24,9.4922,9.568,9.3155,9.4676,1019604,0
2000-01-25,9.594,9.672,9.2896,9.3949,1053979,0
2000-01-26,9.4922,9.77,9.1155,9.543,1873360,0
2000-01-27,9.672,9.794,9.62,9.62,975859,0
2000-01-28,9.62,9.62,9.2655,9.2655,830924,0
2000-01-31,9.568,10.149,9.4194,10.149,1069598,0
2000-02-01,10.074,10.074,8.8623,9.0656,2006518,0
2000-02-02,9.1659,9.517,9.015,9.3409,1600554,0
2000-02-03,9.517,9.517,9.1908,9.365,703773,0
2000-02-04,9.3409,9.443,9.0656,9.2896,1793798,0
2000-02-07,9.2896,9.4676,9.2404,9.2896,1308033,0
2000-02-08,9.2404,9.365,8.9161,8.9653,1230640,0
2000-02-09,8.8623,8.9653,8.6369,8.6369,2806426,0
2000-02-10,8.587,8.6123,8.2834,8.4376,998204,0
2000-02-11,8.4376,8.6369,8.3837,8.4621,1266934,0
2000-02-14,8.4866,8.4866,8.1831,8.258,888849,0
2000-02-15,8.3585,8.512,8.2834,8.4129,772999,0
2000-02-16,8.4129,8.5372,8.334,8.3585,1218855,0
2000-02-17,8.3585,8.512,8.0586,8.1583,1237849,0
2000-02-18,7.9591,8.4376,7.9591,8.0088,1072962,0
2000-02-22,8.1086,8.1831,7.9335,8.1086,569167,0
2000-02-23,7.8047,8.1086,7.8047,7.9045,924902,0
2000-02-24,7.8804,7.9591,7.7801,7.8302,871062,0
2000-02-25,7.8552,8.1338,7.7552,7.8047,1144588,0
2000-02-28,7.8302,8.0088,7.7801,7.7801,1287358,0
2000-02-29,7.8804,8.0586,7.8302,7.9841,1487099,0
2000-03-01,7.9591,8.2083,7.8804,8.1583,922978,0
2000-03-02,8.0586,8.2337,7.8552,7.9335,1464026,0
2000-03-03,7.9591,8.1583,7.9045,8.0841,792701,0
2000-03-06,8.1583,8.1583,7.9045,7.9045,600897,0
2000-03-07,7.9045,7.9335,7.6547,7.6547,1331587,0
2000-03-08,7.63,7.8302,7.6061,7.7295,875147,0
2000-03-09,7.7295,7.9841,7.6547,7.8047,768426,0
2000-03-10,7.8552,7.8552,7.7053,7.7053,504994,0
2000-03-13,7.7552,7.7552,7.5555,7.6797,579507,0
2000-03-14,7.6797,7.8302,7.6547,7.6797,1091949,0
2000-03-15,7.7053,8.5372,7.7053,8.0586,2661254,0
2000-03-16,8.1338,9.4676,8.1338,9.1155,1865664,0
2000-03-17,8.9407,9.1659,8.8623,9.0403,1344324,0
2000-03-20,8.9905,9.1155,8.8119,9.0908,644646,0
2000-03-21,9.1408,9.4922,9.1155,9.4676,963599,0
2000-03-22,9.365,9.568,9.1659,9.3409,934994,0
2000-03-23,9.3949,9.72,9.3409,9.568,901827,0
2000-03-24,9.62,9.848,9.4676,9.62,2098572,0
2000-03-27,9.646,9.672,9.1659,9.2655,978260,0
2000-03-28,9.1659,9.443,9.0908,9.1155,1328223,0
2000-03-29,9.0656,9.443,9.0656,9.1659,969130,0
2000-03-30,9.365,9.594,9.2404,9.443,1130890,0
2000-03-31,9.672,9.794,9.3155,9.3155,1721213,0
2000-04-03,9.4194,9.72,9.365,9.543,1258758,0
2000-04-04,9.77,9.997,9.365,9.3949,1575793,0
2000-04-05,9.451,9.732,9.451,9.53,902548,0
2000-04-06,9.633,9.908,9.505,9.582,1066473,0
2000-04-07,9.582,9.757,9.4281,9.53,920335,0
2000-04-10,9.3787,9.708,9.3787,9.659,1011194,0
2000-04-11,9.659,9.732,9.3535,9.659,1178239,0
2000-04-12,9.659,9.806,9.582,9.708,944609,0
2000-04-13,9.781,9.781,9.4766,9.659,873706,0
2000-04-14,9.53,9.607,8.949,9.0487,1086661,0
2000-04-17,9.0487,9.0992,8.8493,9.0487,1047482,0
2000-04-18,9.074,9.2781,8.949,9.2781,1022004,0
2000-04-19,9.2526,9.2526,8.7449,8.9735,607147,0
2000-04-20,8.9735,9.2285,8.949,9.1492,1236409,0
2000-04-24,8.9989,9.708,8.9989,9.659,1358507,0
2000-04-25,9.505,10.19,9.4028,10.112,1990653,0
2000-04-26,10.166,10.593,9.684,9.757,824912,0
2000-04-27,9.732,9.781,9.2033,9.4766,799912,0
2000-04-28,9.4281,10.413,9.0487,10.137,3090296,0
2000-05-01,10.767,10.767,10.339,10.363,2026951,0
2000-05-02,10.263,10.263,9.858,10.01,913123,0
2000-05-03,9.908,10.112,9.684,9.781,633586,0
2000-05-04,9.934,9.934,9.659,9.684,1059981,0
2000-05-05,9.582,9.659,9.505,9.582,990279,0
2000-05-08,9.708,9.908,9.684,9.835,763137,0
2000-05-09,9.633,9.806,9.582,9.781,648250,0
2000-05-10,9.835,9.858,9.3284,9.4766,800876,0
2000-05-11,9.451,9.633,9.4028,9.4281,1387111,0
2000-05-12,9.451,9.985,9.3026,9.781,2324988,0
2000-05-15,9.835,10.166,9.806,10.061,943410,0
2000-05-16,10.166,10.339,10.166,10.166,547542,0
2000-05-17,10.166,10.214,9.959,10.166,483847,0
2000-05-18,10.237,10.519,10.237,10.363,592485,0
2000-05-19,10.263,10.313,10.035,10.112,454523,0
2000-05-22,10.137,10.49,10.137,10.49,849671,0
2000-05-23,10.544,10.617,10.388,10.568,565564,0
2000-05-24,10.818,11.119,10.767,10.995,1113582,0
2000-05-25,11.044,11.175,10.438,10.641,577100,0
2000-05-26,10.742,11.044,10.339,10.617,978260,0
2000-05-30,10.666,10.767,10.544,10.666,419670,0
2000-05-31,10.742,11.226,10.717,10.995,812651,0
2000-06-01,11.119,11.473,10.995,11.447,1032339,0
2000-06-02,11.526,11.629,11.119,11.201,547299,0
2000-06-05,11.302,11.302,11.021,11.044,596813,0
2000-06-06,11.327,11.327,11.044,11.094,970816,0
2000-06-07,11.145,11.526,11.145,11.327,777561,0
2000-06-08,11.226,11.226,10.848,10.898,313669,0
2000-06-09,10.971,11.094,10.922,10.995,297561,0
2000-06-12,11.201,11.276,10.742,10.872,576138,0
2000-06-13,10.848,11.175,10.848,11.07,451872,0
2000-06-14,11.044,11.145,10.922,10.971,975859,0
2000-06-15,10.971,10.995,10.519,10.617,1386872,0
2000-06-16,10.519,10.568,10.464,10.464,1048203,0
2000-06-19,10.49,10.49,10.166,10.413,1049405,0
2000-06-20,10.313,10.339,9.858,9.934,951341,0
2000-06-21,9.884,10.086,9.806,10.01,1607278,0
2000-06-22,10.112,10.112,9.708,9.884,719155,0
2000-06-23,9.985,10.313,9.985,10.112,1435663,0
2000-06-26,10.214,10.263,10.01,10.137,523744,0
2000-06-27,10.237,10.464,10.19,10.313,959752,0
2000-06-28,10.363,10.519,10.313,10.348,647046,0
2000-06-29,10.263,10.464,10.214,10.413,707132,0
2000-06-30,10.519,10.519,9.884,9.985,870337,0
2000-07-03,10.061,10.363,9.959,10.339,358855,0
2000-07-05,10.149,10.552,10.099,10.174,587920,0
2000-07-06,10.197,10.451,10.174,10.425,546820,0
2000-07-07,10.527,10.704,10.401,10.58,958553,0
2000-07-10,10.58,10.58,10.221,10.352,460530,0
2000-07-11,10.401,10.606,10.197,10.477,648005,0
2000-07-12,10.501,10.885,10.501,10.679,1119836,0
2000-07-13,10.755,10.755,10.352,10.552,694882,0
2000-07-14,10.501,10.834,10.501,10.805,387939,0
2000-07-17,10.86,10.86,10.197,10.3,1088104,0
2000-07-18,10.221,10.271,9.891,10.174,1114782,0
2000-07-19,10.099,10.149,9.916,9.916,1021047,0
2000-07-20,9.916,10.048,9.843,9.941,1985605,0
2000-07-21,9.941,10.197,9.916,10.048,896300,0
2000-07-24,10.048,10.124,9.916,9.941,710982,0
2000-07-25,9.993,10.3,9.766,10.197,930187,0
2000-07-26,10.246,10.606,10.149,10.376,1615209,0
2000-07-27,10.401,10.628,10.376,10.477,752561,0
2000-07-28,10.552,10.58,10.124,10.174,757367,0
2000-07-31,10.074,10.477,10.074,10.099,1212370,0
2000-08-01,10.197,10.552,10.197,10.501,740065,0
2000-08-02,10.477,10.552,10.174,10.352,626378,0
2000-08-03,10.352,10.552,10.099,10.099,1050849,0
2000-08-04,10.099,10.935,9.993,10.805,1448407,0
2000-08-07,10.805,10.805,10.552,10.704,655698,0
2000-08-08,10.935,10.959,10.58,10.935,968168,0
2000-08-09,10.885,10.935,10.425,10.58,773718,0
2000-08-10,10.653,10.805,10.425,10.451,938837,0
2000-08-11,10.834,11.136,10.628,11.007,1208044,0
2000-08-14,11.111,11.722,11.057,11.491,1697898,0
2000-08-15,11.39,11.441,11.111,11.39,1169349,0
2000-08-16,11.212,11.315,10.805,10.983,583595,0
2000-08-17,11.086,11.086,10.755,10.935,671320,0
2000-08-18,10.983,10.983,10.73,10.959,655698,0
2000-08-21,11.057,11.136,10.959,11.136,570134,0
2000-08-22,11.162,11.289,11.057,11.238,667957,0
2000-08-23,11.162,11.238,11.057,11.162,918171,0
2000-08-24,11.162,11.264,10.959,10.983,468700,0
2000-08-25,11.007,11.007,10.86,10.935,585274,0
2000-08-28,10.935,11.007,10.885,10.885,475430,0
2000-08-29,10.805,10.909,10.679,10.909,447789,0
2000-08-30,10.935,11.39,10.935,11.238,1109500,0
2000-08-31,11.238,11.82,11.086,11.394,825156,0
2000-09-01,11.289,11.315,10.935,11.162,633350,0
2000-09-05,10.959,11.212,10.885,11.162,753286,0
2000-09-06,11.264,11.441,11.212,11.39,572055,0
2000-09-07,11.315,11.344,11.032,11.238,487929,0
2000-09-08,11.136,11.645,11.032,11.645,689588,0
2000-09-11,11.62,11.645,11.465,11.565,621811,0
2000-09-12,11.515,11.722,11.515,11.59,446346,0
2000-09-13,11.697,11.998,11.671,11.923,1118872,0
2000-09-14,11.874,11.898,11.515,11.671,942927,0
2000-09-15,11.565,11.59,11.368,11.39,854477,0
2000-09-18,11.289,11.289,10.959,10.983,615559,0
2000-09-19,11.007,11.289,10.935,11.188,499703,0
2000-09-20,11.111,11.212,11.007,11.162,381929,0
2000-09-21,11.086,11.289,11.032,11.086,332898,0
2000-09-22,10.983,11.441,10.935,11.368,392512,0
2000-09-25,11.465,11.515,11.188,11.212,607627,0
2000-09-26,11.264,11.539,11.188,11.264,757367,0
2000-09-27,11.368,11.539,11.264,11.515,731414,0
2000-09-28,11.441,11.771,11.415,11.645,868657,0
2000-09-29,11.697,11.82,11.289,11.289,1104689,0
2000-10-02,11.39,12.153,11.162,12.024,810730,0
2000-10-03,11.947,12.099,11.465,11.62,826356,0
2000-10-04,11.62,11.973,11.59,11.59,635031,0
2000-10-05,11.671,12.074,11.671,11.722,989801,0
2000-10-06,11.734,11.985,11.578,11.629,922016,0
2000-10-09,11.629,11.679,11.376,11.473,524942,0
2000-10-10,11.578,11.985,11.526,11.526,1006622,0
2000-10-11,11.578,11.76,11.502,11.552,555953,0
2000-10-12,11.473,11.526,11.016,11.044,643681,0
2000-10-13,11.352,11.578,11.221,11.447,844863,0
2000-10-16,11.552,11.679,11.352,11.629,945333,0
2000-10-17,11.653,11.709,11.376,11.423,551386,0
2000-10-18,11.423,11.473,11.07,11.276,708818,0
2000-10-19,11.197,11.783,11.197,11.709,545857,0
2000-10-20,11.604,11.907,11.604,11.833,522782,0
2000-10-23,11.679,11.833,11.447,11.578,467016,0
2000-10-24,11.629,12.315,11.629,12.29,1028496,0
2000-10-25,12.394,13.03,12.37,12.828,1383267,0
2000-10-26,12.828,13.03,12.341,12.828,1462585,0
2000-10-27,12.879,13.287,12.696,12.828,961437,0
2000-10-30,12.828,13.791,12.828,13.768,1280156,0
2000-10-31,13.744,14.045,13.461,13.562,902066,0
2000-11-01,13.638,13.866,13.487,13.768,691031,0
2000-11-02,14.045,14.071,13.791,13.817,877787,0
2000-11-03,13.817,13.817,13.205,13.361,1138582,0
2000-11-06,13.361,13.433,13.261,13.312,793425,0
2000-11-07,13.361,13.433,13.261,13.361,928985,0
2000-11-08,13.433,13.562,13.384,13.433,461973,0
2000-11-09,13.361,14.045,13.312,13.943,1094356,0
2000-11-10,13.943,14.021,13.693,13.817,903988,0
2000-11-13,13.817,13.866,13.461,13.668,560037,0
2000-11-14,13.969,13.969,13.744,13.943,578303,0
2000-11-15,14.152,14.152,13.744,13.92,687667,0
2000-11-16,13.995,14.911,13.995,14.786,2202409,0
2000-11-17,15.448,15.777,15.165,15.676,3031652,0
2000-11-20,15.521,15.521,14.633,15.243,1451765,0
2000-11-21,15.165,15.37,15.065,15.319,3376562,0
2000-11-22,15.219,15.319,14.812,14.886,1800290,0
2000-11-24,14.99,15.319,14.961,15.089,453075,0
2000-11-27,15.089,15.319,15.065,15.165,1973347,0
2000-11-28,15.089,15.621,15.04,15.114,1306353,0
2000-11-29,15.219,15.37,14.936,15.295,1675060,0
2000-11-30,15.295,15.573,15.165,15.471,1724097,0
2000-12-01,15.37,15.547,15.243,15.471,1098920,0
2000-12-04,15.425,15.676,15.37,15.573,578067,0
2000-12-05,15.598,15.857,15.319,15.802,746799,0
2000-12-06,15.828,16.004,15.395,15.98,1198912,0
2000-12-07,15.906,16.516,15.906,16.363,1506808,0
2000-12-08,16.288,16.667,16.21,16.591,813137,0
2000-12-11,16.617,16.77,16.488,16.643,965042,0
2000-12-12,16.591,16.617,16.21,16.389,761703,0
2000-12-13,16.389,16.438,16.109,16.21,1088104,0
2000-12-14,15.243,15.753,14.911,15.65,1569785,0
2000-12-15,15.496,15.65,15.37,15.496,1589976,0
2000-12-18,15.573,15.93,15.547,15.93,1307072,0
2000-12-19,15.93,15.955,15.425,15.425,1111179,0
2000-12-20,15.243,15.521,15.015,15.219,2243267,0
2000-12-21,15.471,15.676,14.99,15.65,1015035,0
2000-12-22,15.598,15.676,15.319,15.471,564360,0
2000-12-26,15.448,15.448,15.065,15.165,922978,0
2000-12-27,15.165,15.269,15.065,15.165,942686,0
2000-12-28,15.165,15.828,15.114,15.676,943169,0
2000-12-29,15.777,16.16,15.621,15.65,555473,0
2001-01-02,15.471,15.621,14.861,14.961,572536,0
2001-01-03,14.786,15.521,14.786,15.319,858802,0
2001-01-04,15.219,15.243,13.92,14.225,1877926,0
2001-01-05,14.188,14.261,13.879,13.879,893410,0
2001-01-08,13.804,14.261,13.804,14.083,1458980,0
2001-01-09,14.058,14.542,14.008,14.237,942450,0
2001-01-10,14.337,14.567,14.212,14.362,594884,0
2001-01-11,14.286,14.362,13.776,13.829,935716,0
2001-01-12,13.929,13.952,13.295,13.626,1230879,0
2001-01-16,13.752,13.952,13.727,13.929,1381103,0
2001-01-17,14.033,14.135,13.804,13.879,1222703,0
2001-01-18,13.952,13.952,13.65,13.829,696802,0
2001-01-19,13.854,13.854,13.369,13.571,942686,0
2001-01-22,13.521,14.083,13.521,13.978,1770242,0
2001-01-23,14.008,14.362,13.903,14.237,821071,0
2001-01-24,14.237,14.595,14.135,14.49,605463,0
2001-01-25,14.595,14.825,14.362,14.516,509563,0
2001-01-26,14.415,14.595,14.311,14.595,507397,0
2001-01-29,14.533,14.654,14.371,14.429,660991,0
2001-01-30,14.49,14.537,14.171,14.516,845341,0
2001-01-31,14.52,14.52,14.147,14.164,1060462,0
2001-02-01,14.261,14.49,13.776,14.041,1231118,0
2001-02-02,14.05,14.383,13.898,14.168,947493,0
2001-02-05,14.168,14.449,14.105,14.316,684541,0
2001-02-06,14.512,14.512,13.697,13.788,1730581,0
2001-02-07,13.879,14.083,13.879,13.969,2141840,0
2001-02-08,14.062,14.188,13.895,13.969,1628673,0
2001-02-09,14.041,14.041,13.697,13.875,776841,0
2001-02-12,13.961,14.524,13.961,14.468,3496982,0
2001-02-13,14.694,14.9,14.445,14.477,1419320,0
2001-02-14,14.477,14.608,14.286,14.358,717232,0
2001-02-15,14.286,14.316,13.883,14.083,1170785,0
2001-02-16,14.225,14.404,14.083,14.286,611950,0
2001-02-20,14.449,14.449,13.776,13.911,1053497,0
2001-02-21,14.117,14.245,13.697,13.76,860728,0
2001-02-22,13.817,13.898,13.614,13.821,782127,0
2001-02-23,13.838,13.866,13.655,13.74,1659682,0
2001-02-26,13.727,14.017,13.685,14.013,879474,0
2001-02-27,14.286,14.674,14.265,14.524,2841765,0
2001-02-28,14.694,14.799,14.062,14.196,1154930,0
2001-03-01,14.328,14.674,14.328,14.477,1436145,0
2001-03-02,14.575,15.06,14.567,14.812,1420038,0
2001-03-05,14.825,14.94,14.604,14.774,966966,0
2001-03-06,14.512,14.92,14.512,14.866,1006139,0
2001-03-07,14.866,14.977,14.765,14.828,1261402,0
2001-03-08,14.828,14.973,14.723,14.82,828272,0
2001-03-09,14.82,14.961,14.714,14.778,771552,0
2001-03-12,14.82,15.093,14.612,14.687,2165153,0
2001-03-13,14.735,14.857,14.49,14.682,1702703,0
2001-03-14,14.49,14.674,14.366,14.449,1352260,0
2001-03-15,14.554,14.857,14.449,14.674,1056856,0
2001-03-16,14.608,14.765,14.516,14.533,1983925,0
2001-03-19,14.533,14.694,14.494,14.641,1272221,0
2001-03-20,14.694,14.828,14.57,14.591,958553,0
2001-03-21,14.674,14.735,14.567,14.619,2063004,0
2001-03-22,14.533,14.654,14.221,14.546,1884894,0
2001-03-23,14.633,14.961,14.503,14.727,2285331,0
2001-03-26,15.023,15.295,14.82,15.007,1442632,0
2001-03-27,15.081,15.269,14.9,15.247,811211,0
2001-03-28,15.307,15.408,14.982,15.302,1105171,0
2001-03-29,15.307,15.559,15.286,15.453,571815,0
2001-03-30,15.529,15.955,15.488,15.853,1576518,0
2001-04-02,15.861,16.122,15.664,15.828,1565695,0
2001-04-03,15.918,15.921,15.307,15.363,1549836,0
2001-04-04,15.59,15.59,15.354,15.547,1370287,0
2001-04-05,15.757,15.938,15.715,15.926,1003019,0
2001-04-06,15.715,15.749,15.4,15.525,1432056,0
2001-04-09,15.525,15.655,15.386,15.629,835967,0
2001-04-10,15.547,15.938,15.534,15.886,1106135,0
2001-04-11,15.781,15.781,15.5,15.664,1152039,0
2001-04-12,15.757,16.004,15.676,15.765,929228,0
2001-04-16,15.934,16.037,15.609,15.824,1073449,0
2001-04-17,15.857,16.346,15.772,16.346,855917,0
2001-04-18,16.346,16.368,16.057,16.308,1501764,0
2001-04-19,16.21,16.21,15.14,15.386,4929282,0
2001-04-20,15.324,15.467,15.089,15.286,1315246,0
2001-04-23,15.097,15.181,14.977,15.068,1836342,0
2001-04-24,15.131,15.14,15.003,15.081,1004943,0
2001-04-25,14.936,15.505,14.575,15.462,2018289,0
2001-04-26,15.448,15.65,15.26,15.538,1122477,0
2001-04-27,15.439,15.646,15.295,15.629,1675783,0
2001-04-30,15.646,15.646,15.256,15.505,1347452,0
2001-05-01,15.59,15.621,15.345,15.568,1396006,0
2001-05-02,15.568,15.568,15.131,15.256,1545750,0
2001-05-03,14.999,15.198,14.812,15.135,1361390,0
2001-05-04,15.068,15.311,15.015,15.232,767708,0
2001-05-07,15.14,15.181,14.936,15.085,1324140,0
2001-05-08,15.14,15.302,15.015,15.194,935476,0
2001-05-09,15.036,15.156,15.007,15.065,834046,0
2001-05-10,15.105,15.202,15.003,15.114,550662,0
2001-05-11,15.015,15.363,15.015,15.085,378804,0
2001-05-14,14.986,15.143,14.949,14.965,825875,0
2001-05-15,14.965,15.224,14.957,15.198,521339,0
2001-05-16,15.114,15.302,15.015,15.181,1587810,0
2001-05-17,15.097,15.243,14.853,15.102,1774569,0
2001-05-18,15.102,15.181,14.982,15.04,814336,0
2001-05-21,15.14,15.345,15.097,15.264,1348896,0
2001-05-22,15.37,15.408,15.243,15.319,899422,0
2001-05-23,15.448,15.496,15.224,15.256,1639732,0
2001-05-24,15.302,15.488,15.298,15.363,847989,0
2001-05-25,15.345,15.488,15.311,15.345,555473,0
2001-05-29,15.345,15.672,15.345,15.547,1069356,0
2001-05-30,15.609,15.65,15.416,15.448,677573,0
2001-05-31,15.448,15.547,15.4,15.514,525423,0
2001-06-01,15.59,15.59,15.4,15.505,973695,0
2001-06-04,15.525,15.877,15.525,15.659,794868,0
2001-06-05,15.765,15.877,15.715,15.837,501632,0
2001-06-06,15.815,15.946,15.727,15.761,640315,0
2001-06-07,15.857,15.886,15.715,15.772,464376,0
2001-06-08,15.777,15.93,15.772,15.802,500430,0
2001-06-11,15.802,15.926,15.735,15.772,511248,0
2001-06-12,15.815,15.853,15.621,15.798,1055175,0
2001-06-13,15.735,15.955,15.735,15.794,538165,0
2001-06-14,15.798,15.857,15.694,15.757,1009748,0
2001-06-15,15.694,15.918,15.694,15.768,918171,0
2001-06-18,15.772,16.075,15.772,15.926,608830,0
2001-06-19,16.164,16.164,15.942,16.045,867937,0
2001-06-20,16.079,16.346,16.079,16.175,1209727,0
2001-06-21,16.285,16.354,16.16,16.354,1198191,0
2001-06-22,16.354,16.434,16,16.105,1029460,0
2001-06-25,16.142,16.263,15.996,16.057,648005,0
2001-06-26,16.057,16.339,16.057,16.227,1010948,0
2001-06-27,16.227,16.55,16.179,16.325,1094838,0
2001-06-28,16.325,16.45,16.288,16.38,784292,0
2001-06-29,16.492,16.492,16.325,16.454,970090,0
2001-07-02,16.528,16.712,16.409,16.647,782127,0
2001-07-03,16.63,16.672,16.565,16.621,548258,0
2001-07-05,16.608,16.712,16.608,16.672,611950,0
2001-07-06,16.63,16.684,16.325,16.405,677814,0
2001-07-09,16.504,16.587,16.261,16.499,852315,0
2001-07-10,16.499,16.511,16.384,16.409,529991,0
2001-07-11,16.405,16.499,16.288,16.401,634304,0
2001-07-12,16.445,16.66,16.343,16.578,403081,0
2001-07-13,16.578,16.808,16.578,16.775,573978,0
2001-07-16,16.77,16.905,16.733,16.834,581429,0
2001-07-17,16.813,16.918,16.712,16.775,607389,0
2001-07-18,16.775,16.834,16.578,16.804,769147,0
2001-07-19,16.755,16.918,16.608,16.766,1798125,0
2001-07-20,16.733,16.791,16.359,16.445,901346,0
2001-07-23,16.363,16.405,16.122,16.249,677573,0
2001-07-24,16.249,16.504,16.197,16.308,997248,0
2001-07-25,16.308,16.52,16.308,16.495,876592,0
2001-07-26,16.405,16.553,16.343,16.553,567251,0
2001-07-27,16.553,16.692,16.405,16.626,905432,0
2001-07-30,16.667,16.77,16.565,16.617,922978,0
2001-07-31,16.692,17.144,16.647,17.024,985231,0
2001-08-01,17.041,17.181,16.959,17.062,649454,0
2001-08-02,17.14,17.162,16.897,16.99,532152,0
2001-08-03,17.09,17.202,16.914,16.93,877308,0
2001-08-06,16.97,17.112,16.667,16.729,601861,0
2001-08-07,16.918,16.918,16.804,16.85,603546,0
2001-08-08,16.8,17.078,16.8,17.003,751363,0
2001-08-09,17.057,17.057,16.897,16.923,713867,0
2001-08-10,16.939,17.194,16.897,17.107,9534558,0
2001-08-13,17.107,17.407,17.107,17.228,512685,0
2001-08-14,17.266,17.339,17.224,17.262,409090,0
2001-08-15,17.224,17.483,17.224,17.384,489366,0
2001-08-16,17.325,17.527,17.287,17.483,351163,0
2001-08-17,17.396,17.523,17.347,17.429,395151,0
2001-08-20,17.429,17.532,17.429,17.483,307177,0
2001-08-21,17.511,17.673,17.466,17.532,561478,0
2001-08-22,17.571,17.613,17.347,17.388,509083,0
2001-08-23,17.45,17.601,17.407,17.486,612678,0
2001-08-24,17.631,17.737,17.502,17.652,711468,0
2001-08-27,17.656,17.682,17.371,17.384,1221986,0
2001-08-28,17.384,17.552,17.202,17.274,1127771,0
2001-08-29,17.245,17.33,17.12,17.181,852552,0
2001-08-30,17.181,17.532,17.181,17.375,687907,0
2001-08-31,17.375,17.407,17.291,17.325,1834177,0
2001-09-04,17.364,17.396,17.14,17.172,979462,0
2001-09-05,17.14,17.14,16.939,16.99,1249865,0
2001-09-06,16.986,16.986,16.68,16.688,1059023,0
2001-09-07,16.608,16.608,15.976,16.188,1867110,0
2001-09-10,15.992,16.426,15.706,16.376,1047005,0
2001-09-17,15.749,15.893,15.311,15.664,1212370,0
2001-09-18,15.668,15.668,15.333,15.433,826113,0
2001-09-19,15.416,15.525,14.803,14.999,1055896,0
2001-09-20,14.701,14.825,14.486,14.641,2148809,0
2001-09-21,13.842,14.619,13.842,14.599,1519549,0
2001-09-24,14.803,15.282,14.689,15.282,1586850,0
2001-09-25,14.861,15.386,14.861,15.328,1254196,0
2001-09-26,15.378,15.538,15.256,15.333,773231,0
2001-09-27,15.333,15.685,15.215,15.629,952299,0
2001-09-28,15.542,16.066,15.42,15.992,1394559,0
2001-10-01,16.012,16.033,15.568,15.861,590803,0
2001-10-02,15.768,16.16,15.768,16.147,404045,0
2001-10-03,16.066,16.608,15.992,16.384,1128969,0
2001-10-04,16.467,16.574,16.244,16.354,646808,0
2001-10-05,16.321,16.35,15.668,16.075,597293,0
2001-10-08,15.833,15.833,15.453,15.621,445145,0
2001-10-09,15.606,15.841,15.42,15.811,774919,0
2001-10-10,15.901,16.197,15.768,16.113,1097959,0
2001-10-11,16.012,16.24,15.91,16.004,989801,0
2001-10-12,15.901,16.024,15.753,15.964,772270,0
2001-10-15,15.893,16.075,15.893,15.976,471584,0
2001-10-16,15.98,16.197,15.893,16.045,318957,0
2001-10-17,16.131,16.131,15.789,15.91,1184729,0
2001-10-18,15.93,16.045,15.521,15.685,813137,0
2001-10-19,15.585,15.749,15.169,15.638,735977,0
2001-10-22,15.585,16.092,15.585,16.037,492497,0
2001-10-23,15.872,16.219,15.664,15.789,2101219,0
2001-10-24,15.173,15.475,15.068,15.194,3032610,0
2001-10-25,15.194,15.542,15.11,15.479,892453,0
2001-10-26,15.337,15.777,15.319,15.706,990760,0
2001-10-29,15.642,15.642,15.4,15.496,589361,0
2001-10-30,15.298,15.521,15.234,15.354,1140746,0
2001-10-31,15.354,15.354,15.068,15.186,1034745,0
2001-11-01,15.089,15.525,14.968,15.453,1640927,0
2001-11-02,15.358,15.96,15.311,15.819,766745,0
2001-11-05,15.819,16.321,15.819,16.184,663871,0
2001-11-06,16.188,16.35,16.075,16.244,925383,0
2001-11-07,16.346,16.384,16.075,16.131,627096,0
2001-11-08,16.062,16.293,16.033,16.205,706656,0
2001-11-09,16.197,16.197,15.881,16.004,668682,0
2001-11-12,15.992,16.008,15.794,15.988,482884,0
2001-11-13,16.071,16.261,15.971,16.205,354772,0
2001-11-14,16.281,16.321,16.053,16.188,468220,0
2001-11-15,16.16,16.483,16.131,16.184,573736,0
2001-11-16,16.179,16.405,16.138,16.164,414382,0
2001-11-19,16.219,16.301,16.024,16.219,383135,0
2001-11-20,16.201,16.343,16.066,16.24,329291,0
2001-11-21,16.24,16.24,15.951,16.118,397795,0
2001-11-23,16.053,16.249,16.045,16.21,225697,0
2001-11-26,16.235,16.235,15.996,16.164,891488,0
2001-11-27,16.127,16.261,16.062,16.167,1297935,0
2001-11-28,16.16,16.301,16.105,16.142,661948,0
2001-11-29,16.118,16.293,16.083,16.288,1971904,0
2001-11-30,16.363,16.397,16.16,16.179,807369,0
2001-12-03,16.179,16.184,16.004,16.075,876828,0
2001-12-04,16.096,16.197,15.807,16.164,1366200,0
2001-12-05,16.205,16.249,15.91,16.062,2227165,0
2001-12-06,16.127,16.197,15.872,15.91,1895952,0
2001-12-07,15.91,16.096,15.857,16.033,1727942,0
2001-12-10,16.012,16.049,15.685,15.715,1284237,0
2001-12-11,15.613,15.765,15.151,15.694,1844756,0
2001-12-12,15.593,15.777,15.577,15.74,754971,0
2001-12-13,15.768,15.785,15.509,15.664,1253951,0
2001-12-14,15.564,15.781,15.509,15.723,673008,0
2001-12-17,15.618,15.886,15.542,15.781,646566,0
2001-12-18,15.749,15.951,15.711,15.901,662428,0
2001-12-19,15.93,16.053,15.789,15.93,506436,0
2001-12-20,15.93,16.147,15.93,16.042,618205,0
2001-12-21,16.197,16.197,15.946,15.946,1226308,0
2001-12-24,16.049,16.088,15.886,15.921,210313,0
2001-12-26,15.91,16.028,15.841,15.897,368471,0
2001-12-27,15.872,15.992,15.706,15.864,545618,0
2001-12-28,15.901,16.045,15.735,15.955,434811,0
2001-12-31,15.951,16.219,15.872,16.131,940765,0
