Date,Open,High,Low,Close,Volume,OpenInt
1995-01-03,343.75,368.75,343.75,343.75,700,0
1995-01-04,343.75,356.25,343.75,343.75,352,0
1995-01-05,343.75,350,337.5,343.75,216,0
1995-01-06,346.9,362.4,343.65,346.9,288,0
1995-01-09,359.4,359.4,343.65,359.4,288,0
1995-01-10,351.6,359.6,350.1,351.6,640,0
1995-01-11,356.25,359.5,350,356.25,156,0
1995-01-12,350,362.5,350,350,720,0
1995-01-13,350,362.5,350,350,504,0
1995-01-16,343.75,359.5,337.5,343.75,392,0
1995-01-17,334.4,343.65,324.9,334.4,560,0
1995-01-18,343.75,343.75,325,343.75,176,0
1995-01-19,343.75,350,331.25,343.75,240,0
1995-01-20,350,350,337.5,350,340,0
1995-01-23,325,343.75,325,325,72,0
1995-01-24,343.75,350,331.25,343.75,312,0
1995-01-25,337.5,350,337.5,337.5,288,0
1995-01-26,350,350,337.5,350,76,0
1995-01-27,356.25,356.25,337.5,356.25,268,0
1995-01-30,353.15,356.15,343.65,353.15,316,0
1995-01-31,356.25,362.5,343.75,356.25,260,0
1995-02-01,356.25,368.75,350,356.25,548,0
1995-02-02,356.25,359.5,347,356.25,112,0
1995-02-03,340.65,359.39,340.65,340.65,364,0
1995-02-06,354.7,362.45,345.2,354.7,564,0
1995-02-07,356.25,362.5,353.25,356.25,328,0
1995-02-08,393.75,393.75,356.25,393.75,1468,0
1995-02-09,384.4,406.14,381.15,384.4,2321,0
1995-02-10,387.5,390.75,375,387.5,1032,0
1995-02-13,375,387.5,375,375,512,0
1995-02-14,375,384.5,375,375,240,0
1995-02-15,384.4,387.4,374.9,384.4,528,0
1995-02-16,400,400,381.25,400,1264,0
1995-02-17,418.75,425,390.75,418.75,2556,0
1995-02-21,415.65,431.15,406.15,415.65,980,0
1995-02-22,418.75,422,409.5,418.75,780,0
1995-02-23,421.9,437.4,412.4,421.9,3309,0
1995-02-24,418.75,431.25,412.5,418.75,652,0
1995-02-27,418.75,431.25,400,418.75,688,0
1995-02-28,421.9,421.9,403.15,421.9,1116,0
1995-03-01,425,425,400,425,1116,0
1995-03-02,428.15,431.15,412.4,428.15,1708,0
1995-03-03,462.5,462.5,422,462.5,4644,0
1995-03-06,428.15,468.64,418.65,428.15,4249,0
1995-03-07,415.65,434.4,412.4,415.65,1220,0
1995-03-08,437.5,440.75,412.5,437.5,1744,0
1995-03-09,428.15,440.65,418.65,428.15,664,0
1995-03-10,415.65,431.15,406.15,415.65,760,0
1995-03-13,393.75,425,387.5,393.75,228,0
1995-03-14,403.15,412.4,387.4,403.15,852,0
1995-03-15,403.15,409.4,403.15,403.15,284,0
1995-03-16,401.6,409.6,400.1,401.6,1336,0
1995-03-17,400,406.25,400,400,744,0
1995-03-20,406.25,406.25,393.75,406.25,136,0
1995-03-21,371.9,399.89,359.4,371.9,1328,0
1995-03-22,393.75,397,353.25,393.75,1376,0
1995-03-23,384.4,399.9,381.15,384.4,508,0
1995-03-24,390.65,399.9,381.15,390.65,404,0
1995-03-27,387.5,400,384.5,387.5,188,0
1995-03-28,400,404.75,387.5,400,516,0
1995-03-29,409.4,418.65,390.65,409.4,676,0
1995-03-30,400,415.75,400,400,456,0
1995-03-31,406.25,406.25,393.75,406.25,352,0
1995-04-03,387.5,400,387.5,387.5,180,0
1995-04-04,406.25,406.25,387.5,406.25,492,0
1995-04-05,393.75,406.25,390.75,393.75,524,0
1995-04-06,403.15,406.15,393.65,403.15,224,0
1995-04-07,390.65,403.15,387.4,390.65,172,0
1995-04-10,390.65,399.9,387.4,390.65,320,0
1995-04-11,410.95,415.7,390.7,410.95,880,0
1995-04-12,453.15,453.15,399.91,453.15,1680,0
1995-04-13,431.25,456.25,425,431.25,1240,0
1995-04-17,440.65,449.9,431.15,440.65,448,0
1995-04-18,428.15,443.65,418.65,428.15,820,0
1995-04-19,431.25,431.25,412.5,431.25,504,0
1995-04-20,421.9,434.4,412.4,421.9,400,0
1995-04-21,412.5,425,409.5,412.5,292,0
1995-04-24,443.75,459.5,417.25,443.75,1652,0
1995-04-25,443.75,450,434.5,443.75,1368,0
1995-04-26,443.75,447,434.5,443.75,436,0
1995-04-27,439.1,443.85,434.6,439.1,280,0
1995-04-28,440.65,443.65,434.4,440.65,520,0
1995-05-01,440.65,440.65,434.4,440.65,388,0
1995-05-02,465.65,474.9,434.41,465.65,1848,0
1995-05-03,471.9,474.9,449.9,471.9,1048,0
1995-05-04,456.25,475,450,456.25,704,0
1995-05-05,465.65,478.15,453.15,465.65,1004,0
1995-05-08,459.4,474.9,456.15,459.4,476,0
1995-05-09,478.15,487.4,456.15,478.15,2629,0
1995-05-10,493.75,493.75,472,493.75,2520,0
1995-05-11,474.25,497,462.5,474.25,612,0
1995-05-12,471.9,478.15,459.4,471.9,340,0
1995-05-15,475,484.5,465.75,475,460,0
1995-05-16,475,484.5,468.75,475,548,0
1995-05-17,457.85,472.1,453.35,457.85,1084,0
1995-05-18,470.35,472.1,456.35,470.35,652,0
1995-05-19,468.75,472,459.5,468.75,452,0
1995-05-22,462.5,468.75,425,462.5,4064,0
1995-05-23,456.25,465.75,450,456.25,2392,0
1995-05-24,453.15,462.4,446.9,453.15,1724,0
1995-05-25,453.15,453.15,446.9,453.15,1228,0
1995-05-26,459.4,459.4,446.9,459.4,960,0
1995-05-30,471.9,471.9,453.15,471.9,1404,0
1995-05-31,490.65,499.9,468.65,490.65,1448,0
1995-06-01,490.65,493.65,484.4,490.65,540,0
1995-06-02,487.5,493.75,472,487.5,752,0
1995-06-05,490.65,490.65,481.15,490.65,444,0
1995-06-06,515.65,531.15,481.16,515.65,1212,0
1995-06-07,534.4,534.4,512.4,534.4,1616,0
1995-06-08,562.5,565.75,525,562.5,1192,0
1995-06-09,550,562.5,522,550,1428,0
1995-06-12,550,556.25,534.5,550,324,0
1995-06-13,562.5,587.5,543.75,562.5,1204,0
1995-06-14,575,581.25,556.25,575,712,0
1995-06-15,575,587.5,572,575,460,0
1995-06-16,573.45,587.45,571.95,573.45,616,0
1995-06-19,565.65,581.15,565.65,565.65,492,0
1995-06-20,631.25,637.5,568.75,631.25,3236,0
1995-06-21,706.25,725,631.25,706.25,4688,0
1995-06-22,700,768.75,700,700,4244,0
1995-06-23,693.75,706.25,668.75,693.75,1764,0
1995-06-26,693.75,725,690.75,693.75,1124,0
1995-06-27,665.65,699.9,659.4,665.65,1644,0
1995-06-28,646.9,674.9,628.15,646.9,1076,0
1995-06-29,631.25,650,587.5,631.25,1900,0
1995-06-30,637.5,656.25,631.25,637.5,860,0
1995-07-03,637.5,650,631.25,637.5,248,0
1995-07-05,693.75,703.25,643.75,693.75,1504,0
1995-07-06,712.5,718.75,681.25,712.5,1304,0
1995-07-07,734.4,737.4,706.15,734.4,1404,0
1995-07-10,731.25,743.75,703.25,731.25,1236,0
1995-07-11,725,743.75,725,725,700,0
1995-07-12,737.5,737.5,709.5,737.5,816,0
1995-07-13,718.75,737.5,718.75,718.75,152,0
1995-07-14,706.25,731.25,700,706.25,392,0
1995-07-17,700,712.5,668.75,700,1348,0
1995-07-18,693.75,718.75,693.75,693.75,296,0
1995-07-19,668.75,693.75,637.5,668.75,1276,0
1995-07-20,696.9,696.9,668.65,696.9,396,0
1995-07-21,700,700,681.25,700,288,0
1995-07-24,687.5,700,681.25,687.5,208,0
1995-07-25,690.65,706.15,690.65,690.65,456,0
1995-07-26,693.75,697,664,693.75,952,0
1995-07-27,706.25,712.5,681.25,706.25,1336,0
1995-07-28,693.75,712.5,693.75,693.75,420,0
1995-07-31,687.5,693.75,662.5,687.5,1012,0
1995-08-01,675,687.5,662.5,675,556,0
1995-08-02,687.5,693.75,675,687.5,324,0
1995-08-03,681.25,693.75,675,681.25,532,0
1995-08-04,665.65,693.65,656.15,665.65,604,0
1995-08-07,662.5,668.75,656.25,662.5,372,0
1995-08-08,706.25,712.5,659.5,706.25,1136,0
1995-08-09,753.15,762.4,699.91,753.15,1968,0
1995-08-10,768.75,775,737.5,768.75,1312,0
1995-08-11,750,768.75,750,750,728,0
1995-08-14,746.9,762.4,746.9,746.9,692,0
1995-08-15,718.75,753.25,706.25,718.75,544,0
1995-08-16,718.75,725,706.25,718.75,108,0
1995-08-17,700,725,687.5,700,1096,0
1995-08-18,687.5,700,675,687.5,592,0
1995-08-21,700,706.25,687.5,700,412,0
1995-08-22,675,700,662.5,675,308,0
1995-08-23,625,675,600,625,2628,0
1995-08-24,587.5,625,550,587.5,2976,0
1995-08-25,600,606.25,587.5,600,368,0
1995-08-28,606.25,612.5,593.75,606.25,488,0
1995-08-29,596.9,599.9,581.15,596.9,536,0
1995-08-30,628.15,631.15,587.41,628.15,504,0
1995-08-31,656.25,659.5,628.25,656.25,708,0
1995-09-01,687.5,693.75,650,687.5,936,0
1995-09-05,668.75,690.75,668.75,668.75,164,0
1995-09-06,675,693.75,668.75,675,108,0
1995-09-07,643.75,681.25,625,643.75,796,0
1995-09-08,643.75,643.75,625,643.75,344,0
1995-09-11,556.25,581.25,543.75,556.25,3036,0
1995-09-12,525,556.25,481.25,525,3276,0
1995-09-13,556.25,556.25,525,556.25,1668,0
1995-09-14,556.25,568.75,556.25,556.25,1400,0
1995-09-15,534.4,568.64,531.15,534.4,920,0
1995-09-18,500,543.75,481.75,500,1620,0
1995-09-19,537.5,537.5,493.75,537.5,1640,0
1995-09-20,534.4,543.65,524.9,534.4,1760,0
1995-09-21,543.75,543.75,525,543.75,1436,0
1995-09-22,540.65,543.65,528.15,540.65,184,0
1995-09-25,524.25,543.75,518.75,524.25,488,0
1995-09-26,528.15,543.65,521.9,528.15,1164,0
1995-09-27,521.9,531.15,515.65,521.9,1236,0
1995-09-28,546.9,546.9,518.66,546.9,1168,0
1995-09-29,565.65,568.65,540.65,565.65,1292,0
1995-10-02,518.75,568.75,518.75,518.75,460,0
1995-10-03,512.5,531.25,512.5,512.5,136,0
1995-10-04,506.25,525,506.25,506.25,244,0
1995-10-05,493.75,518.75,481.25,493.75,828,0
1995-10-06,475,506.25,468.75,475,744,0
1995-10-09,425,475,400,425,1396,0
1995-10-10,425,425,375,425,1256,0
1995-10-11,453.15,456.15,431.16,453.15,1192,0
1995-10-12,456.25,475,453.25,456.25,436,0
1995-10-13,450,472,431.25,450,448,0
1995-10-16,450,450,437.5,450,420,0
1995-10-17,468.75,468.75,437.5,468.75,496,0
1995-10-18,475,487.5,456.25,475,584,0
1995-10-19,468.75,481.25,450,468.75,824,0
1995-10-20,450,468.75,450,450,212,0
1995-10-23,450,456.25,437.5,450,68,0
1995-10-24,440.65,456.15,437.4,440.65,268,0
1995-10-25,443.75,453.25,431.25,443.75,352,0
1995-10-26,425,450,418.75,425,284,0
1995-10-27,421.9,431.15,399.9,421.9,728,0
1995-10-30,428.15,431.15,412.4,428.15,344,0
1995-10-31,425,437.5,400,425,1268,0
1995-11-01,415.65,424.9,406.15,415.65,516,0
1995-11-02,450,450,400,450,568,0
1995-11-03,431.25,450,425,431.25,300,0
1995-11-06,443.75,443.75,425,443.75,196,0
1995-11-07,437.5,443.75,409.5,437.5,572,0
1995-11-08,462.5,487.5,434.5,462.5,1268,0
1995-11-09,500,503.25,462.5,500,956,0
1995-11-10,476.6,500.1,475.1,476.6,408,0
1995-11-13,475,481.25,462.5,475,96,0
1995-11-14,415.65,468.64,412.4,415.65,1084,0
1995-11-15,425,450,412.5,425,1120,0
1995-11-16,439.1,456.35,418.85,439.1,1044,0
1995-11-17,431.25,450,425,431.25,500,0
1995-11-20,418.75,437.5,418.75,418.75,488,0
1995-11-21,437.5,443.75,418.75,437.5,576,0
1995-11-22,437.5,462.5,428.25,437.5,436,0
1995-11-24,526.6,531.35,439.08,526.6,1964,0
1995-11-27,556.25,575,525,556.25,2668,0
1995-11-28,562.5,568.75,531.25,562.5,1056,0
1995-11-29,543.75,572,534.5,543.75,888,0
1995-11-30,545.35,556.35,537.6,545.35,664,0
1995-12-01,550,550,537.5,550,680,0
1995-12-04,575,593.75,543.75,575,680,0
1995-12-05,575,612.5,575,575,1376,0
1995-12-06,550,593.75,531.25,550,1380,0
1995-12-07,550,562.5,493.75,550,1736,0
1995-12-08,550,581.25,531.25,550,792,0
1995-12-11,515.65,556.14,512.4,515.65,1240,0
1995-12-12,518.75,525,500,518.75,612,0
1995-12-13,512.5,518.75,500,512.5,288,0
1995-12-14,512.5,512.5,462.5,512.5,2832,0
1995-12-15,550,562.5,500,550,2592,0
1995-12-18,500,556.25,487.5,500,1036,0
1995-12-19,518.75,537.5,493.75,518.75,1032,0
1995-12-20,528.15,534.4,512.4,528.15,836,0
1995-12-21,525,547,525,525,1424,0
1995-12-22,543.75,568.75,525,543.75,856,0
1995-12-26,550,572,543.75,550,328,0
1995-12-27,550,550,531.25,550,896,0
1995-12-28,550,550,531.25,550,92,0
1995-12-29,581.25,581.25,531.25,581.25,1248,0
1996-01-02,612.5,631.25,568.75,612.5,1276,0
1996-01-03,612.5,637.5,603.25,612.5,1108,0
1996-01-04,625,643.75,606.25,625,2824,0
1996-01-05,606.25,612.5,581.25,606.25,932,0
1996-01-08,625,625,600,625,360,0
1996-01-09,606.25,656.25,593.75,606.25,1556,0
1996-01-10,593.75,606.25,587.5,593.75,624,0
1996-01-11,589.1,600.1,587.6,589.1,436,0
1996-01-12,575,593.75,568.75,575,640,0
1996-01-15,550,593.75,543.75,550,672,0
1996-01-16,559.4,562.4,528.16,559.4,1044,0
1996-01-17,587.5,600,550,587.5,1016,0
1996-01-18,581.25,631.25,570.25,581.25,2324,0
1996-01-19,568.75,587.5,562.5,568.75,440,0
1996-01-22,593.75,612.5,562.5,593.75,2248,0
1996-01-23,603.15,631.15,581.15,603.15,2120,0
1996-01-24,625,656.25,612.5,625,2696,0
1996-01-25,625,631.25,606.25,625,1788,0
1996-01-26,631.25,637.5,618.75,631.25,1388,0
1996-01-29,675,690.75,631.25,675,3140,0
1996-01-30,681.25,718.75,668.75,681.25,2316,0
1996-01-31,668.75,687.5,637.5,668.75,1892,0
1996-02-01,681.25,681.25,662.5,681.25,1900,0
1996-02-02,675,681.25,662.5,675,904,0
1996-02-05,653.15,681.15,643.65,653.15,1184,0
1996-02-06,650,662.5,625,650,1232,0
1996-02-07,643.75,662.5,637.5,643.75,268,0
1996-02-08,681.25,681.25,631.25,681.25,908,0
1996-02-09,693.75,700,668.75,693.75,1588,0
1996-02-12,712.5,712.5,681.25,712.5,672,0
1996-02-13,675,693.75,675,675,344,0
1996-02-14,706.25,706.25,656.25,706.25,2100,0
1996-02-15,718.75,743.75,693.75,718.75,2704,0
1996-02-16,712.5,718.75,693.75,712.5,1260,0
1996-02-20,693.75,737.5,687.5,693.75,1700,0
1996-02-21,690.65,699.9,681.15,690.65,1024,0
1996-02-22,684.4,712.4,681.15,684.4,1112,0
1996-02-23,690.65,699.9,681.15,690.65,1400,0
1996-02-26,706.25,706.25,681.25,706.25,1340,0
1996-02-27,725,728.25,687.5,725,1320,0
1996-02-28,700,731.25,700,700,932,0
1996-02-29,687.5,706.25,681.25,687.5,1456,0
1996-03-01,690.65,706.15,687.4,690.65,604,0
1996-03-05,737.5,737.5,693.75,737.5,1076,0
1996-03-06,712.5,762.5,687.5,712.5,4288,0
1996-03-07,700,718.75,687.5,700,1224,0
1996-03-08,675,697,656.25,675,2512,0
1996-03-11,681.25,681.25,662.5,681.25,540,0
1996-03-12,668.75,681.25,650,668.75,1056,0
1996-03-13,662.5,681.25,662.5,662.5,316,0
1996-03-14,681.25,681.25,656.25,681.25,968,0
1996-03-15,712.5,712.5,675,712.5,1168,0
1996-03-18,731.25,731.25,712.5,731.25,856,0
1996-03-19,718.75,743.75,718.75,718.75,720,0
1996-03-20,700,725,697,700,588,0
1996-03-21,687.5,712.5,687.5,687.5,276,0
1996-03-22,703.15,712.4,687.4,703.15,416,0
1996-03-25,718.75,731.25,695.25,718.75,2548,0
1996-03-26,709.4,731.15,699.9,709.4,2028,0
1996-03-27,706.25,712.5,700,706.25,1784,0
1996-03-28,703.15,718.65,699.9,703.15,2616,0
1996-03-29,700,712.5,700,700,1792,0
1996-04-01,731.25,737.5,693.75,731.25,1648,0
1996-04-02,734.4,737.4,715.65,734.4,1388,0
1996-04-03,734.4,749.9,731.15,734.4,1124,0
1996-04-04,751.6,756.35,725.1,751.6,1704,0
1996-04-08,718.75,737.5,712.5,718.75,948,0
1996-04-09,731.25,737.5,718.75,731.25,452,0
1996-04-10,712.5,737.5,712.5,712.5,248,0
1996-04-11,709.4,712.4,693.65,709.4,476,0
1996-04-12,706.25,712.5,700,706.25,404,0
1996-04-15,712.5,718.75,693.75,712.5,548,0
1996-04-16,700,712.5,700,700,232,0
1996-04-17,675,712.5,675,675,1168,0
1996-04-18,695.35,706.35,675.1,695.35,376,0
1996-04-19,687.5,706.25,687.5,687.5,556,0
1996-04-22,684.4,693.65,681.15,684.4,432,0
1996-04-23,690.65,693.65,681.15,690.65,728,0
1996-04-24,687.5,706.25,687.5,687.5,288,0
1996-04-25,700,706.25,681.25,700,320,0
1996-04-26,693.75,706.25,693.75,693.75,248,0
1996-04-29,720.35,737.6,693.85,720.35,1760,0
1996-04-30,715.65,724.9,693.65,715.65,872,0
1996-05-01,718.75,725,703.25,718.75,328,0
1996-05-02,718.75,725,712.5,718.75,1052,0
1996-05-03,718.75,725,718.75,718.75,172,0
1996-05-06,737.5,743.75,718.75,737.5,484,0
1996-05-07,806.25,818.75,731.25,806.25,3300,0
1996-05-08,793.75,806.25,762.5,793.75,1700,0
1996-05-09,825,831.25,781.25,825,2316,0
1996-05-10,837.5,850,812.5,837.5,2712,0
1996-05-13,834.4,849.9,824.9,834.4,3440,0
1996-05-14,881.25,912.5,831.25,881.25,2860,0
1996-05-15,896.9,912.4,862.4,896.9,2660,0
1996-05-16,931.25,968.75,887.5,931.25,2844,0
1996-05-17,931.25,937.5,906.25,931.25,780,0
1996-05-20,918.75,943.75,912.5,918.75,916,0
1996-05-21,912.5,931.25,881.25,912.5,692,0
1996-05-22,893.75,912.5,893.75,893.75,360,0
1996-05-23,884.4,906.15,874.9,884.4,936,0
1996-05-24,943.75,981.25,875,943.75,4252,0
1996-05-28,912.5,956.25,906.25,912.5,1052,0
1996-05-29,875,912.5,856.25,875,1152,0
1996-05-30,867.2,887.45,856.2,867.2,836,0
1996-05-31,867.2,881.2,862.45,867.2,608,0
1996-06-03,943.75,950,862.5,943.75,1516,0
1996-06-04,981.25,1000,931.25,981.25,2840,0
1996-06-05,993.75,1000,956.25,993.75,1324,0
1996-06-06,962.5,1000,943.75,962.5,2448,0
1996-06-07,943.75,950,912.5,943.75,1260,0
1996-06-10,971.9,974.9,949.9,971.9,176,0
1996-06-11,987.5,1006.25,956.25,987.5,940,0
1996-06-12,981.25,1000,981.25,981.25,224,0
1996-06-13,962.5,1006.25,956.25,962.5,1192,0
1996-06-14,918.75,968.75,912.5,918.75,1260,0
1996-06-17,943.75,950,925,943.75,680,0
1996-06-18,925,950,906.25,925,856,0
1996-06-19,900,943.75,900,900,360,0
1996-06-20,887.5,918.75,868.75,887.5,520,0
1996-06-21,909.4,912.4,874.9,909.4,728,0
1996-06-24,914.1,925.1,900.1,914.1,460,0
1996-06-25,912.5,925,906.25,912.5,692,0
1996-06-26,882.85,925.1,881.35,882.85,1000,0
1996-06-27,887.5,900,881.25,887.5,308,0
1996-06-28,881.25,937.23,874.75,881.25,284,0
1996-07-01,912.5,912.5,875,912.5,318,0
1996-07-02,875,937.5,875,875,170,0
1996-07-03,825,900,800,825,438,0
1996-07-05,831.25,849.74,799.76,831.25,74,0
1996-07-08,800,850,762.5,800,184,0
1996-07-09,825,850,787.5,825,196,0
1996-07-10,775,850,762.5,775,362,0
1996-07-11,737.5,787.5,712.5,737.5,580,0
1996-07-12,768.75,787.24,712.27,768.75,356,0
1996-07-15,693.75,799.71,687.25,693.75,596,0
1996-07-16,750,775,562.5,750,836,0
1996-07-17,712.5,812.5,687.5,712.5,302,0
1996-07-18,650,725,637.5,650,1244,0
1996-07-19,737.5,800,712.5,737.5,1214,0
1996-07-22,725,737.5,675,725,168,0
1996-07-24,650,681.5,600,650,352,0
1996-07-25,675,687.5,662.5,675,160,0
1996-07-26,712.5,737.5,662.5,712.5,172,0
1996-07-29,681.25,749.72,674.75,681.25,180,0
1996-07-30,731.25,743.75,674.77,731.25,228,0
1996-07-31,750,750,712.5,750,82,0
1996-08-01,750,750,725,750,92,0
1996-08-02,762.5,762.5,737.5,762.5,352,0
1996-08-05,762.5,775,737.5,762.5,74,0
1996-08-06,784.4,787.4,737.41,784.4,270,0
1996-08-07,775,800,769,775,294,0
1996-08-08,787.5,787.5,762.5,787.5,288,0
1996-08-09,787.5,787.5,762.5,787.5,584,0
1996-08-12,737.5,787.5,737.5,737.5,56,0
1996-08-13,750,775,737.5,750,198,0
1996-08-14,737.5,775,737.5,737.5,118,0
1996-08-15,700,750,700,700,418,0
1996-08-16,712.5,737.5,687.5,712.5,196,0
1996-08-19,712.5,725,681.5,712.5,202,0
1996-08-20,725,737.5,687.5,725,264,0
1996-08-21,701.55,737.55,700.05,701.55,60,0
1996-08-22,737.5,737.5,700,737.5,208,0
1996-08-23,775,787.5,725,775,284,0
1996-08-26,753.15,787.66,750.15,753.15,228,0
1996-08-27,750,775,731.5,750,158,0
1996-08-28,793.75,806.25,749.76,793.75,1364,0
1996-08-29,850,875,787.5,850,762,0
1996-08-30,881.25,887.25,837.26,881.25,342,0
1996-09-03,900,925,825,900,454,0
1996-09-04,906.25,962.23,899.75,906.25,420,0
1996-09-05,893.75,931.24,887.25,893.75,300,0
1996-09-06,893.75,912.24,874.76,893.75,286,0
1996-09-09,912.5,925,887.5,912.5,1054,0
1996-09-10,912.5,937.5,900,912.5,234,0
1996-09-11,915.65,925.15,900.15,915.65,772,0
1996-09-12,906.25,918.75,899.75,906.25,194,0
1996-09-13,968.75,999.74,906.27,968.75,796,0
1996-09-16,937.5,981.5,937.5,937.5,156,0
1996-09-17,950,956.5,925,950,212,0
1996-09-18,925,950,906.5,925,264,0
1996-09-19,906.25,931.24,906.25,906.25,346,0
1996-09-20,887.5,900,862.5,887.5,628,0
1996-09-23,900,900,875,900,44,0
1996-09-24,887.5,912.5,875,887.5,686,0
1996-09-25,962.5,962.5,887.5,962.5,502,0
1996-09-26,993.75,999.75,949.76,993.75,1260,0
1996-09-27,1037.5,1062.5,987.5,1037.5,1068,0
1996-09-30,987.5,1050,975,987.5,644,0
1996-10-01,975,1000,950,975,348,0
1996-10-02,1000,1000,962.5,1000,298,0
1996-10-03,962.5,1000,962.5,962.5,140,0
1996-10-04,968.75,999.74,949.75,968.75,392,0
1996-10-07,1043.75,1049.75,962.27,1043.75,900,0
1996-10-08,1025,1062.5,987.5,1025,536,0
1996-10-09,1056.25,1056.25,1012.26,1056.25,1738,0
1996-10-10,1025,1056.5,987.5,1025,498,0
1996-10-11,1000,1025,987.5,1000,142,0
1996-10-14,1000,1025,987.5,1000,262,0
1996-10-15,981.25,1024.74,974.75,981.25,470,0
1996-10-16,1012.5,1050,969,1012.5,666,0
1996-10-17,987.5,1037.5,981.5,987.5,512,0
1996-10-18,1012.5,1012.5,975,1012.5,168,0
1996-10-21,1012.5,1037.5,987.5,1012.5,260,0
1996-10-22,987.5,1025,987.5,987.5,338,0
1996-10-23,950,1000,950,950,314,0
1996-10-24,943.75,974.74,912.26,943.75,482,0
1996-10-25,912.5,962.5,894,912.5,734,0
1996-10-28,881.25,912.24,862.26,881.25,552,0
1996-10-29,831.25,874.74,799.76,831.25,1276,0
1996-10-30,828.15,850.15,825.15,828.15,1116,0
1996-10-31,806.25,837.24,793.75,806.25,688,0
1996-11-01,931.25,974.74,806.28,931.25,2091,0
1996-11-04,975,1012.5,950,975,744,0
1996-11-05,1018.75,1043.74,949.77,1018.75,1134,0
1996-11-06,1068.75,1106.24,1012.26,1068.75,1582,0
1996-11-07,1006.25,1068.73,999.75,1006.25,456,0
1996-11-08,987.5,1025,962.5,987.5,254,0
1996-11-11,993.75,1018.74,974.75,993.75,302,0
1996-11-12,975,1075,937.5,975,1982,0
1996-11-13,906.25,974.73,906.25,906.25,536,0
1996-11-14,925,950,900,925,262,0
1996-11-15,975,975,944,975,462,0
1996-11-18,925,975,925,925,180,0
1996-11-19,912.5,962.5,875,912.5,460,0
1996-11-20,875,925,875,875,238,0
1996-11-21,893.75,912.24,868.76,893.75,308,0
1996-11-22,900,919,887.5,900,150,0
1996-11-25,856.25,906.24,843.75,856.25,524,0
1996-11-26,825,887.5,825,825,834,0
1996-11-27,825,837.5,812.5,825,654,0
1996-11-29,825,837.5,800,825,314,0
1996-12-02,881.25,899.74,818.77,881.25,930,0
1996-12-03,856.25,899.74,849.75,856.25,1084,0
1996-12-04,846.9,868.9,843.9,846.9,974,0
1996-12-05,875,912.5,812.5,875,1012,0
1996-12-06,918.75,943.74,824.78,918.75,1044,0
1996-12-09,912.5,937.5,906.5,912.5,428,0
1996-12-10,925,925,906.5,925,264,0
1996-12-11,931.25,931.25,881.26,931.25,502,0
1996-12-12,915.65,975.16,906.65,915.65,556,0
1996-12-13,906.25,937.24,899.75,906.25,462,0
1996-12-16,850,887.5,837.5,850,1114,0
1996-12-17,850,900,825,850,470,0
1996-12-18,918.75,924.75,849.77,918.75,918,0
1996-12-19,950,962.5,900,950,502,0
1996-12-20,1000,1000,937.5,1000,688,0
1996-12-23,956.25,999.74,949.75,956.25,536,0
1996-12-24,956.25,962.25,949.75,956.25,92,0
1996-12-26,987.5,987.5,950,987.5,280,0
1996-12-27,987.5,1000,962.5,987.5,302,0
1996-12-30,975,1000,975,975,146,0
1996-12-31,1000,1000,975,1000,336,0
1997-01-02,950,975,912.5,950,378,0
1997-01-03,968.75,981.25,949.75,968.75,306,0
1997-01-06,937.5,975,912.5,937.5,520,0
1997-01-07,875,912.5,862.5,875,302,0
1997-01-08,862.5,887.5,850,862.5,548,0
1997-01-09,843.75,868.74,824.76,843.75,558,0
1997-01-10,881.25,881.25,812.27,881.25,824,0
1997-01-13,868.75,899.74,849.76,868.75,144,0
1997-01-14,878.15,900.15,862.65,878.15,304,0
1997-01-15,821.9,874.89,806.4,821.9,566,0
1997-01-16,850,875,837.5,850,262,0
1997-01-17,850,862.5,844,850,452,0
1997-01-20,850,862.5,825,850,462,0
1997-01-21,862.5,869,825,862.5,464,0
1997-01-22,831.25,874.74,831.25,831.25,500,0
1997-01-23,812.5,850,769,812.5,1874,0
1997-01-24,787.5,825,787.5,787.5,268,0
1997-01-27,793.75,824.74,762.26,793.75,306,0
1997-01-28,637.5,787.5,606.5,637.5,2358,0
1997-01-29,600,669,575,600,2162,0
1997-01-30,675,675,606.5,675,1590,0
1997-01-31,687.5,700,662.5,687.5,390,0
1997-02-03,662.5,700,662.5,662.5,464,0
1997-02-04,637.5,694,625,637.5,378,0
1997-02-05,562.5,650,562.5,562.5,1092,0
1997-02-06,571.9,606.39,556.4,571.9,1392,0
1997-02-07,587.5,594,569,587.5,488,0
1997-02-10,525,625,512.5,525,960,0
1997-02-11,568.75,574.75,524.77,568.75,1405,0
1997-02-12,568.75,599.74,549.76,568.75,864,0
1997-02-13,571.9,637.39,537.41,571.9,2776,0
1997-02-14,575,587.5,556.5,575,440,0
1997-02-18,556.25,574.74,549.75,556.25,510,0
1997-02-19,581.25,581.25,556.26,581.25,342,0
1997-02-20,568.75,587.24,568.75,568.75,454,0
1997-02-21,562.5,575,556.5,562.5,592,0
1997-02-24,562.5,562.5,562.5,562.5,2,0
1997-02-25,562.5,562.5,562.5,562.5,2,0
1997-02-26,550,562.5,550,550,444,0
1997-02-27,543.75,562.24,524.76,543.75,1813,0
1997-02-28,525,544,525,525,242,0
1997-03-03,525,542,519,525,534,0
1997-03-04,537.5,544,525,537.5,314,0
1997-03-05,537.5,544,525,537.5,204,0
1997-03-06,537.5,537.5,525,537.5,94,0
1997-03-07,534.4,543.9,524.9,534.4,610,0
1997-03-10,551.55,575.05,531.55,551.55,352,0
1997-03-11,575,575,550,575,462,0
1997-03-12,575,594,569,575,492,0
1997-03-13,518.75,574.72,512.25,518.75,256,0
1997-03-14,537.5,537.5,525,537.5,140,0
1997-03-17,512.5,537.5,512.5,512.5,240,0
1997-03-18,518.75,537.24,512.25,518.75,448,0
1997-03-19,462.5,519,456.5,462.5,626,0
1997-03-20,484.4,499.9,474.9,484.4,816,0
1997-03-21,543.75,543.75,484.28,543.75,672,0
1997-03-24,556.25,562.25,537.26,556.25,320,0
1997-03-25,550,562.5,537.5,550,210,0
1997-03-26,550,550,537.5,550,42,0
1997-03-27,525,544,519,525,202,0
1997-03-31,453.15,531.68,444.15,453.15,778,0
1997-04-01,440.65,469.16,440.65,440.65,594,0
1997-04-02,487.5,506.5,462.5,487.5,1934,0
1997-04-03,506.25,518.74,474.77,506.25,1451,0
1997-04-07,556.25,568.74,531.26,556.25,572,0
1997-04-08,568.75,574.75,556.26,568.75,344,0
1997-04-09,568.75,581.24,562.25,568.75,166,0
1997-04-11,606.25,643.73,593.76,606.25,804,0
1997-04-14,587.5,631.5,587.5,587.5,320,0
1997-04-15,600,612.5,575,600,590,0
1997-04-16,650,650,594,650,682,0
1997-04-17,675,706.5,656.5,675,1644,0
1997-04-21,681.25,687.25,674.75,681.25,1387,0
1997-04-22,693.75,706.25,674.76,693.75,1645,0
1997-04-23,693.75,712.24,693.75,693.75,736,0
1997-04-24,700,706.5,694,700,460,0
1997-04-25,687.5,700,687.5,687.5,452,0
1997-04-28,687.5,694,681.5,687.5,316,0
1997-04-29,700,706.5,681.5,700,882,0
1997-04-30,725,756.5,700,725,772,0
1997-05-02,725,756.5,719,725,656,0
1997-05-05,737.5,750,719,737.5,564,0
1997-05-06,737.5,744,719,737.5,330,0
1997-05-07,725,737.5,712.5,725,306,0
1997-05-08,700,712.5,694,700,598,0
1997-05-09,693.75,712.24,693.75,693.75,198,0
1997-05-12,700,706.5,694,700,404,0
1997-05-13,646.9,699.89,637.4,646.9,460,0
1997-05-14,637.5,656.5,631.5,637.5,308,0
1997-05-15,631.25,643.74,631.25,631.25,338,0
1997-05-16,631.25,637.25,618.76,631.25,1082,0
1997-05-19,643.75,668.74,631.26,643.75,516,0
1997-05-20,637.5,650,631.5,637.5,122,0
1997-05-21,637.5,650,637.5,637.5,308,0
1997-05-22,646.9,649.9,637.4,646.9,508,0
1997-05-23,681.25,687.25,637.27,681.25,938,0
1997-05-27,700,712.5,675,700,422,0
1997-05-28,678.15,706.66,675.15,678.15,164,0
1997-05-29,693.75,699.75,674.76,693.75,262,0
1997-05-30,681.25,699.74,681.25,681.25,136,0
1997-06-02,706.25,706.25,693.75,706.25,776,0
1997-06-03,668.75,699.74,668.75,668.75,298,0
1997-06-04,662.5,694,662.5,662.5,130,0
1997-06-05,668.75,681.25,662.25,668.75,50,0
1997-06-10,625,644,625,625,180,0
1997-06-11,593.75,637.23,593.75,593.75,344,0
1997-06-12,562.5,606.5,544,562.5,1106,0
1997-06-13,562.5,569,550,562.5,724,0
1997-06-16,587.5,587.5,544,587.5,496,0
1997-06-17,578.15,587.65,562.65,578.15,332,0
1997-06-18,578.15,594.15,562.65,578.15,246,0
1997-06-19,593.75,593.75,574.76,593.75,730,0
1997-06-20,543.75,593.73,537.25,543.75,706,0
1997-06-23,525,556.5,506.5,525,2258,0
1997-06-24,537.5,544,525,537.5,1530,0
1997-06-25,518.75,543.74,512.25,518.75,1181,0
1997-06-26,506.25,531.24,506.25,506.25,520,0
1997-06-27,512.5,525,500,512.5,160,0
1997-06-30,456.25,512.22,443.76,456.25,2910,0
1997-07-01,293.75,337.21,274.77,293.75,7318,0
1997-07-02,301.55,319.05,294.05,301.55,7891,0
1997-07-03,310.95,318.95,302.95,310.95,1606,0
1997-07-07,328.15,328.15,312.64,328.15,2921,0
1997-07-08,315.65,331.66,306.65,315.65,1501,0
1997-07-09,312.5,325,306.5,312.5,798,0
1997-07-10,293.75,312.23,293.75,293.75,1169,0
1997-07-11,311.7,319.2,294.19,311.7,969,0
1997-07-14,309.4,321.9,306.4,309.4,508,0
1997-07-15,304.7,315.71,300.2,304.7,464,0
1997-07-16,296.9,312.4,296.9,296.9,940,0
1997-07-17,281.25,299.73,274.76,281.25,1209,0
1997-07-18,275,284.5,273.5,275,506,0
1997-07-21,278.15,281.65,269.14,278.15,800,0
1997-07-23,290.65,294.15,278.14,290.65,830,0
1997-07-24,306.25,318.74,287.27,306.25,1165,0
1997-07-25,306.25,318.74,299.76,306.25,590,0
1997-07-28,306.25,318.74,299.76,306.25,442,0
1997-07-29,292.2,312.71,287.7,292.2,606,0
1997-07-30,296.9,299.9,287.4,296.9,908,0
1997-07-31,200,256.5,200,200,10316,0
1997-08-01,189.05,212.56,187.55,189.05,5265,0
1997-08-04,200,206.5,178,200,4178,0
1997-08-05,209.4,212.4,206.4,209.4,1195,0
1997-08-06,231.25,234.25,212.27,231.25,1660,0
1997-08-07,237.5,247,237.5,237.5,1556,0
1997-08-08,234.4,243.9,231.4,234.4,752,0
1997-08-11,234.4,243.9,227.9,234.4,588,0
1997-08-12,228.15,237.66,228.15,228.15,1217,0
1997-08-13,228.15,237.66,228.15,228.15,440,0
1997-08-14,225,237.5,222,225,580,0
1997-08-15,200,225,195.5,200,2446,0
1997-08-18,206.25,209.25,199.76,206.25,709,0
1997-08-19,221.9,231.4,212.4,221.9,1379,0
1997-08-20,215.65,231.66,209.65,215.65,933,0
1997-08-21,209.4,218.9,202.9,209.4,548,0
1997-08-22,206.25,212.24,202.75,206.25,453,0
1997-08-25,214.05,219.05,209.55,214.05,590,0
1997-08-26,234.4,234.4,207.91,234.4,942,0
1997-08-27,237.5,244,233,237.5,1394,0
1997-08-28,243.75,246.75,231.26,243.75,759,0
1997-08-29,262.5,264,240.5,262.5,1278,0
1997-09-02,284.4,293.9,268.91,284.4,1957,0
1997-09-03,275,290.5,265.5,275,918,0
1997-09-04,284.4,287.4,262.41,284.4,756,0
1997-09-05,275,294,275,275,924,0
1997-09-08,281.25,287.24,277.75,281.25,368,0
1997-09-10,281.25,285.75,276.25,281.25,342,0
1997-09-11,262.5,278,250,262.5,594,0
1997-09-12,270.3,274.8,268.8,270.3,348,0
1997-09-15,273.45,277.95,270.45,273.45,200,0
1997-09-16,273.45,281.45,259.45,273.45,600,0
1997-09-17,268.75,274.74,262.26,268.75,432,0
1997-09-18,290.65,294.15,269.14,290.65,1293,0
1997-09-19,328.15,337.65,287.63,328.15,2341,0
1997-09-22,310.95,346.94,306.45,310.95,1310,0
1997-09-23,300,314,292,300,592,0
1997-09-24,284.4,299.89,284.4,284.4,406,0
1997-09-25,281.25,290.24,274.76,281.25,288,0
1997-09-26,296.9,309.4,281.4,296.9,492,0
1997-09-29,303.15,319.16,303.15,303.15,608,0
1997-09-30,290.65,304.66,287.65,290.65,300,0
1997-10-01,281.25,315.22,277.75,281.25,865,0
1997-10-02,281.25,293.74,281.25,281.25,220,0
1997-10-03,284.4,291.9,281.4,284.4,248,0
1997-10-06,284.4,290.4,281.4,284.4,276,0
1997-10-07,253.15,269.16,237.64,253.15,1439,0
1997-10-08,278.15,281.65,253.14,278.15,931,0
1997-10-09,289.05,290.55,278.05,289.05,428,0
1997-10-10,278.15,289.16,269.14,278.15,234,0
1997-10-13,262.5,281.5,250,262.5,292,0
1997-10-14,256.25,263.74,249.76,256.25,290,0
1997-10-15,253.15,259.65,247.15,253.15,330,0
1997-10-16,246.9,259.4,240.4,246.9,444,0
1997-10-17,246.9,249.9,237.4,246.9,362,0
1997-10-20,253.15,253.15,244.14,253.15,330,0
1997-10-21,251.55,259.55,250.05,251.55,320,0
1997-10-22,251.55,256.55,247.05,251.55,218,0
1997-10-23,242.2,250.21,237.7,242.2,192,0
1997-10-24,246.9,248.4,237.4,246.9,326,0
1997-10-27,206.25,240.21,199.76,206.25,398,0
1997-10-28,250,250,181.5,250,934,0
1997-10-29,231.25,256.22,231.25,231.25,260,0
1997-10-30,237.5,247,225,237.5,238,0
1997-10-31,248.45,249.95,240.45,248.45,258,0
1997-11-03,246.9,251.4,243.9,246.9,188,0
1997-11-04,226.55,256.56,226.55,226.55,568,0
1997-11-05,232.8,237.3,231.3,232.8,172,0
1997-11-06,221.9,232.9,220.4,221.9,278,0
1997-11-07,220.3,234.29,215.3,220.3,809,0
1997-11-10,206.25,229.22,202.75,206.25,270,0
1997-11-11,206.25,212.24,201.26,206.25,336,0
1997-11-12,187.5,206.5,187.5,187.5,256,0
1997-11-13,196.9,199.9,187.4,196.9,438,0
1997-11-14,187.5,197,187.5,187.5,310,0
1997-11-17,187.5,197,186,187.5,328,0
1997-11-18,187.5,195.5,178,187.5,494,0
1997-11-19,178.15,189.16,178.15,178.15,356,0
1997-11-20,182.8,191.79,177.81,182.8,649,0
1997-11-21,165.65,190.67,162.65,165.65,362,0
1997-11-24,148.45,166.94,145.45,148.45,478,0
1997-11-25,137.5,154.5,136,137.5,412,0
1997-11-26,121.9,140.38,112.41,121.9,877,0
1997-11-28,137.5,145.5,125,137.5,200,0
1997-12-01,154.7,165.71,140.68,154.7,711,0
1997-12-02,145.3,162.28,145.3,145.3,284,0
1997-12-03,148.45,151.45,141.95,148.45,278,0
1997-12-04,137.5,150,134.5,137.5,230,0
1997-12-05,128.15,139.16,125.15,128.15,330,0
1997-12-08,134.4,134.4,126.41,134.4,322,0
1997-12-09,128.15,134.66,125.15,128.15,465,0
1997-12-10,128.15,129.65,125.15,128.15,412,0
1997-12-11,129.7,129.7,125.19,129.7,339,0
1997-12-12,118.75,129.23,118.75,118.75,263,0
1997-12-15,112.5,128,100,112.5,462,0
1997-12-16,109.4,118.89,96.912,109.4,709,0
1997-12-17,100,115.5,98.5,100,656,0
1997-12-18,96.9,106.39,87.41,96.9,709,0
1997-12-19,95.3,102.78,84.323,95.3,810,0
1997-12-22,81.25,104.18,81.25,81.25,1097,0
1997-12-23,78.15,89.171,75.144,78.15,497,0
1997-12-26,79.7,84.712,75.188,79.7,565,0
1997-12-29,87.5,87.5,72,87.5,2706,0
1997-12-30,128.15,128.15,86.101,128.15,3450,0
1997-12-31,159.4,171.89,124.92,159.4,1759,0
1998-01-02,153.15,169.17,128.13,153.15,613,0
1998-01-05,143.75,156.23,138.76,143.75,309,0
1998-01-06,121.9,146.88,118.9,121.9,398,0
1998-01-07,118.75,121.74,115.26,118.75,206,0
1998-01-08,126.55,128.05,114.04,126.55,80,0
1998-01-09,115.65,128.17,115.65,115.65,66,0
1998-01-12,117.2,119.2,106.68,117.2,228,0
1998-01-13,121.9,124.9,115.41,121.9,106,0
1998-01-15,128.15,134.66,128.15,128.15,172,0
1998-01-16,125,134.5,122,125,88,0
1998-01-20,126.55,131.55,125.05,126.55,212,0
1998-01-21,125,128,122,125,156,0
1998-01-22,128.15,133.16,123.64,128.15,302,0
1998-01-23,125,144,122,125,270,0
1998-01-26,125,129.5,123.5,125,248,0
1998-01-27,129.7,134.71,125.19,129.7,228,0
1998-01-28,121.9,132.89,116.9,121.9,344,0
1998-01-29,118.75,121.74,112.26,118.75,212,0
1998-01-30,115.65,120.66,112.65,115.65,64,0
1998-02-02,117.2,125.21,117.2,117.2,92,0
1998-02-03,112.5,122,106.5,112.5,332,0
1998-02-04,100,109.5,100,100,358,0
1998-02-05,100,106.5,100,100,172,0
1998-02-06,107.8,113.79,101.31,107.8,379,0
1998-02-09,106.25,110.74,104.25,106.25,198,0
1998-02-10,107.8,112.29,102.81,107.8,174,0
1998-02-11,112.5,119,109.5,112.5,714,0
1998-02-12,106.25,115.23,101.26,106.25,287,0
1998-02-13,107.8,107.8,101.31,107.8,76,0
1998-02-17,103.15,115.67,103.15,103.15,158,0
1998-02-18,106.25,109.24,101.26,106.25,52,0
1998-02-19,100,106.5,100,100,252,0
1998-02-20,93.75,102.73,88.764,93.75,706,0
1998-02-23,101.55,103.05,94.046,101.55,408,0
1998-02-24,101.55,106.55,100.05,101.55,596,0
1998-02-25,104.7,106.7,101.69,104.7,297,0
1998-02-26,104.7,109.71,103.2,104.7,305,0
1998-02-27,109.4,109.4,106.4,109.4,300,0
1998-03-02,129.7,140.72,108.17,129.7,1260,0
1998-03-03,123.45,143.94,120.45,123.45,1635,0
1998-03-04,118.75,127.73,115.26,118.75,1551,0
1998-03-05,106.25,115.23,99.77,106.25,529,0
1998-03-06,101.55,108.05,98.548,101.55,728,0
1998-03-09,100,108,100,100,372,0
1998-03-10,98.45,102.95,96.951,98.45,450,0
1998-03-11,96.9,99.9,96.9,96.9,264,0
1998-03-12,89.05,97.054,84.548,89.05,596,0
1998-03-13,90.65,92.152,87.645,90.65,309,0
1998-03-16,92.2,97.211,90.696,92.2,365,0
1998-03-17,95.3,99.79,93.803,95.3,802,0
1998-03-18,89.05,97.054,89.05,89.05,342,0
1998-03-19,89.05,94.053,87.549,89.05,364,0
1998-03-20,90.65,92.152,89.148,90.65,202,0
1998-03-23,90.65,98.664,90.65,90.65,501,0
1998-03-24,89.05,97.054,89.05,89.05,314,0
1998-03-25,92.2,97.211,90.696,92.2,477,0
1998-03-26,92.2,94.204,90.696,92.2,162,0
1998-03-27,87.5,94,84.5,87.5,368,0
1998-03-30,87.5,90.5,84.5,87.5,272,0
1998-03-31,78.15,89.171,72.138,78.15,1232,0
1998-04-01,79.7,86.216,78.196,79.7,289,0
1998-04-02,93.75,98.238,90.259,93.75,211,0
1998-04-03,92.2,98.714,90.696,92.2,259,0
1998-04-06,90.65,100.17,90.65,90.65,407,0
1998-04-07,95.3,98.792,91.807,95.3,545,0
1998-04-08,100,103,95.5,100,156,0
1998-04-09,90.65,104.67,90.65,90.65,329,0
1998-04-13,96.9,96.9,90.406,96.9,100,0
1998-04-14,96.9,102.89,96.9,96.9,154,0
1998-04-15,93.75,99.73,90.259,93.75,102,0
1998-04-16,90.65,98.664,90.65,90.65,70,0
1998-04-17,90.65,97.161,84.64,90.65,124,0
1998-04-20,96.9,99.9,95.402,96.9,162,0
1998-04-21,95.3,99.79,90.31,95.3,357,0
1998-04-22,96.9,98.398,93.903,96.9,142,0
1998-04-23,95.3,99.79,95.3,95.3,110,0
1998-04-24,96.9,96.9,93.903,96.9,204,0
1998-04-27,96.9,98.398,87.41,96.9,110,0
1998-04-28,90.65,97.161,90.65,90.65,481,0
1998-04-29,93.75,93.75,90.259,93.75,114,0
1998-04-30,90.65,94.156,84.64,90.65,284,0
1998-05-01,90.65,90.65,87.645,90.65,190,0
1998-05-04,89.05,92.051,84.548,89.05,44,0
1998-05-05,84.4,90.393,84.4,84.4,96,0
1998-05-06,81.25,87.232,81.25,81.25,102,0
1998-05-07,81.25,84.241,81.25,81.25,134,0
1998-05-08,81.25,85.736,77.76,81.25,273,0
1998-05-11,78.15,86.166,76.647,78.15,256,0
1998-05-12,75,81.5,72,75,356,0
1998-05-13,71.9,76.394,70.402,71.9,214,0
1998-05-14,71.9,77.892,70.402,71.9,126,0
1998-05-15,68.75,74.728,65.262,68.75,291,0
1998-05-18,53.15,70.7,50.141,53.15,758,0
1998-05-19,57.8,62.284,52.817,57.8,333,0
1998-05-20,62.5,65.5,59.5,62.5,194,0
1998-05-21,68.75,74.728,62.274,68.75,227,0
1998-05-22,68.75,74.728,66.757,68.75,104,0
1998-05-26,54.7,72.264,40.648,54.7,785,0
1998-05-27,46.9,52.887,46.9,46.9,371,0
1998-05-28,50,53,49,50,334,0
1998-05-29,50,53,50,50,150,0
1998-06-01,48.45,52.945,48.45,48.45,62,0
1998-06-02,34.4,48.36,31.408,34.4,660,0
1998-06-03,37.5,42,36,37.5,448,0
1998-06-04,35.95,40.444,34.452,35.95,278,0
1998-06-05,39.05,40.552,34.544,39.05,597,0
1998-06-08,37.5,40.5,36,37.5,256,0
1998-06-09,35.95,37.448,35.95,35.95,399,0
1998-06-10,35.95,37.448,34.452,35.95,379,0
1998-06-11,34.4,37.392,30.412,34.4,505,0
1998-06-12,35.95,35.95,34.452,35.95,222,0
1998-06-15,37.5,37.5,33,37.5,200,0
1998-06-16,34.4,37.392,34.4,34.4,80,0
1998-06-17,31.25,37.202,24.802,31.25,286,0
1998-06-18,32.8,35.782,32.8,32.8,117,0
1998-06-19,31.25,35.714,27.778,31.25,375,0
1998-06-22,28.15,31.669,25.134,28.15,764,0
1998-06-23,26.55,28.053,25.047,26.55,267,0
1998-06-24,26.55,26.55,20.538,26.55,1200,0
1998-06-25,23.45,26.444,21.953,23.45,411,0
1998-06-26,25,26.5,22,25,426,0
1998-06-29,26.55,26.55,23.544,26.55,391,0
1998-06-30,23.45,27.94,21.953,23.45,575,0
1998-07-01,28.15,28.15,25.134,28.15,495,0
1998-07-02,31.25,31.25,27.778,31.25,298,0
1998-07-06,42.2,44.21,34.664,42.2,633,0
1998-07-07,62.5,67,54.5,62.5,1288,0
1998-07-08,60.95,62.449,56.453,60.95,1039,0
1998-07-09,63.3,63.798,62.303,63.3,317,0
1998-07-10,53.9,65.378,49.908,53.9,311,0
1998-07-13,51.55,62.56,50.048,51.55,480,0
1998-07-14,45.3,51.274,37.335,45.3,354,0
1998-07-15,40.65,42.156,39.144,40.65,128,0
1998-07-16,37.5,40.5,37.5,37.5,194,0
1998-07-17,48.45,49.948,40.458,48.45,152,0
1998-07-20,50,53,47,50,364,0
1998-07-21,48.45,52.945,48.45,48.45,66,0
1998-07-22,45.3,51.274,43.806,45.3,410,0
1998-07-23,40.65,50.185,39.144,40.65,197,0
1998-07-24,45.3,46.794,41.815,45.3,221,0
1998-07-27,48.45,48.45,43.954,48.45,68,0
1998-07-28,42.2,44.21,37.678,42.2,111,0
1998-07-29,42.2,44.21,39.186,42.2,181,0
1998-07-30,40.65,44.163,37.639,40.65,122,0
1998-07-31,40.65,44.163,40.65,40.65,50,0
1998-08-03,40.65,44.163,40.65,40.65,46,0
1998-08-04,38.3,43.772,37.305,38.3,151,0
1998-08-05,37.5,40.5,37.5,37.5,158,0
1998-08-06,37.5,40.5,34.5,37.5,94,0
1998-08-07,37.5,40.5,37.5,37.5,44,0
1998-08-10,37.5,44,37.5,37.5,158,0
1998-08-11,34.4,40.382,31.408,34.4,148,0
1998-08-12,34.4,37.392,34.4,34.4,98,0
1998-08-13,34.4,37.392,32.904,34.4,96,0
1998-08-14,29.7,34.734,28.19,29.7,157,0
1998-08-17,29.7,31.713,26.679,29.7,107,0
1998-08-18,28.15,31.669,26.642,28.15,103,0
1998-08-19,26.55,31.559,26.55,26.55,170,0
1998-08-20,26.55,29.556,26.55,26.55,80,0
1998-08-21,26.55,28.053,26.55,26.55,60,0
1998-08-24,25,31.5,23.5,25,232,0
1998-08-25,25,26.5,23.5,25,208,0
1998-08-26,26.55,26.55,25.047,26.55,230,0
1998-08-27,23.45,26.444,21.953,23.45,467,0
1998-08-28,25,25,23.5,25,266,0
1998-08-31,15.65,25.242,14.136,15.65,446,0
1998-09-01,17.2,20.741,14.164,17.2,433,0
1998-09-02,25,29.5,20.5,25,648,0
1998-09-03,21.9,27.872,21.9,21.9,472,0
1998-09-04,20.3,24.756,18.814,20.3,129,0
1998-09-08,21.9,23.393,20.407,21.9,382,0
1998-09-09,20.3,21.786,18.814,20.3,145,0
1998-09-10,18.75,21.71,16.776,18.75,103,0
1998-09-11,18.75,20.23,16.776,18.75,124,0
1998-09-14,20.3,21.786,18.814,20.3,158,0
1998-09-15,18.75,20.23,16.776,18.75,249,0
1998-09-16,18.75,20.23,18.75,18.75,174,0
1998-09-17,18.75,20.23,16.776,18.75,95,0
1998-09-18,18.75,20.23,16.776,18.75,338,0
1998-09-21,20.3,20.3,16.834,20.3,69,0
1998-09-22,18.75,20.23,18.75,18.75,446,0
1998-09-23,21.9,21.9,16.922,21.9,121,0
1998-09-24,23.45,24.947,18.96,23.45,32,0
1998-09-25,18.75,21.71,18.75,18.75,14,0
1998-09-28,23.45,23.45,20.457,23.45,60,0
1998-09-29,20.3,23.27,20.3,20.3,93,0
1998-09-30,23.45,23.45,20.457,23.45,166,0
1998-10-01,21.9,23.393,20.407,21.9,84,0
1998-10-02,25,25,20.5,25,56,0
1998-10-05,20.3,24.756,20.3,20.3,57,0
1998-10-06,18.75,24.671,18.75,18.75,247,0
1998-10-07,17.2,22.259,17.2,17.2,297,0
1998-10-08,15.65,20.698,15.65,15.65,226,0
1998-10-09,17.2,19.223,15.682,17.2,73,0
1998-10-12,17.2,19.223,15.682,17.2,71,0
1998-10-13,15.65,19.184,15.65,15.65,149,0
1998-10-14,17.2,19.223,15.682,17.2,61,0
1998-10-15,17.2,19.223,15.682,17.2,101,0
1998-10-16,15.65,19.184,14.136,15.65,127,0
1998-10-19,15.65,19.184,15.65,15.65,180,0
1998-10-20,15.65,17.164,15.65,15.65,115,0
1998-10-21,15.65,19.184,15.65,15.65,172,0
1998-10-22,18.75,18.75,15.296,18.75,170,0
1998-10-23,17.2,19.223,15.682,17.2,136,0
1998-10-26,18.75,21.71,16.776,18.75,790,0
1998-10-27,18.75,21.71,16.776,18.75,268,0
1998-10-28,18.75,20.23,16.776,18.75,294,0
1998-10-29,17.2,20.741,17.2,17.2,346,0
1998-10-30,18.75,20.23,16.776,18.75,322,0
1998-11-02,21.9,23.393,18.914,21.9,557,0
1998-11-03,23.45,23.45,21.953,23.45,182,0
1998-11-04,40.65,44.163,23.587,40.65,952,0
1998-11-05,29.7,44.298,25.17,29.7,419,0
1998-11-06,32.8,40.254,29.321,32.8,195,0
1998-11-09,35.95,38.946,35.95,35.95,58,0
1998-11-10,32.8,37.272,32.8,32.8,38,0
1998-11-11,34.4,37.392,31.408,34.4,191,0
1998-11-12,32.8,37.272,32.8,32.8,38,0
1998-11-13,31.25,34.226,31.25,31.25,111,0
1998-11-16,28.15,33.177,25.134,28.15,245,0
1998-11-17,23.45,26.444,21.953,23.45,249,0
1998-11-18,28.15,31.669,23.626,28.15,245,0
1998-11-19,26.55,28.053,25.047,26.55,122,0
1998-11-20,25,28,23.5,25,180,0
1998-11-23,25,28,23.5,25,484,0
1998-11-24,31.25,31.25,24.802,31.25,450,0
1998-11-27,28.15,31.669,26.642,28.15,52,0
1998-11-30,28.15,28.15,25.134,28.15,456,0
1998-12-01,26.55,28.053,25.047,26.55,265,0
1998-12-02,23.45,26.444,21.953,23.45,453,0
1998-12-03,26.55,26.55,22.041,26.55,289,0
1998-12-04,23.45,26.444,23.45,23.45,204,0
1998-12-07,21.9,26.38,21.9,21.9,189,0
1998-12-08,21.9,26.38,21.9,21.9,113,0
1998-12-09,20.3,23.27,18.814,20.3,386,0
1998-12-10,20.3,21.786,18.814,20.3,299,0
1998-12-11,20.3,21.786,18.814,20.3,149,0
1998-12-14,20.3,23.27,18.814,20.3,335,0
1998-12-15,21.9,21.9,18.914,21.9,315,0
1998-12-16,18.75,21.71,18.75,18.75,75,0
1998-12-17,17.2,20.741,17.2,17.2,385,0
1998-12-18,20.3,23.27,16.834,20.3,313,0
1998-12-21,20.3,23.27,16.834,20.3,588,0
1998-12-22,18.75,21.71,16.776,18.75,310,0
1998-12-23,18.75,20.23,16.776,18.75,286,0
1998-12-24,17.2,19.223,17.2,17.2,142,0
1998-12-28,20.3,20.3,15.349,20.3,856,0
1998-12-29,17.2,22.259,17.2,17.2,261,0
1998-12-30,18.75,20.23,16.776,18.75,280,0
1998-12-31,17.2,19.223,17.2,17.2,510,0
1999-01-04,18.75,20.23,16.776,18.75,73,0
1999-01-05,13.75,17.5,13.75,13.75,1580,0
1999-01-06,14.4,15,13.75,14.4,2220,0
1999-01-07,10.95,15,10.95,10.95,5260,0
1999-01-08,11.25,12.5,10.95,11.25,2060,0
1999-01-11,12.5,12.5,11.25,12.5,2700,0
1999-01-12,15,18.6,12.8,15,12100,0
1999-01-13,17.5,17.5,16.1,17.5,3780,0
1999-01-14,17.8,18.1,16.25,17.8,1520,0
1999-01-15,16.9,18.45,16.9,16.9,2580,0
1999-01-19,19.4,19.4,17.5,19.4,4380,0
1999-01-20,20,21.25,19.05,20,6100,0
1999-01-21,20.6,21.9,20.6,20.6,4120,0
1999-01-22,21.25,21.9,20.6,21.25,840,0
1999-01-25,20.3,21.25,20.3,20.3,1480,0
1999-01-26,20.3,20.8,20.3,20.3,3640,0
1999-01-27,20.3,21.9,20.3,20.3,760,0
1999-01-28,20.3,20.95,20.3,20.3,1740,0
1999-01-29,20.3,20.6,20.3,20.3,1040,0
1999-02-01,19.7,21.25,19.7,19.7,5500,0
1999-02-02,16.9,19.7,16.9,16.9,2160,0
1999-02-03,15,18.45,15,15,1540,0
1999-02-04,13.1,15.6,12.5,13.1,6060,0
1999-02-05,10.6,12.8,10,10.6,8560,0
1999-02-08,11.9,12.5,10.6,11.9,1900,0
1999-02-09,13.1,13.75,11.9,13.1,3340,0
1999-02-10,13.6,13.6,13.1,13.6,800,0
1999-02-11,13.3,13.75,13.3,13.3,180,0
1999-02-12,13.3,13.75,13.3,13.3,300,0
1999-02-16,13.1,14.4,13.1,13.1,580,0
1999-02-17,13.3,14.4,13.3,13.3,1580,0
1999-02-18,13.3,14.05,13.3,13.3,360,0
1999-02-19,13.3,14.05,13.3,13.3,440,0
1999-02-22,14.4,14.4,13.75,14.4,1020,0
1999-02-23,13.1,14.7,13.1,13.1,1280,0
1999-02-24,13.3,13.3,13.1,13.3,220,0
1999-02-25,12.5,13.3,12.5,12.5,360,0
1999-02-26,14.4,14.4,12.5,14.4,60,0
1999-03-01,13.1,14.4,11.9,13.1,1460,0
1999-03-02,12.95,14.4,12.95,12.95,2500,0
1999-03-03,12.5,12.5,12.5,12.5,20,0
1999-03-04,12.8,14.05,12.5,12.8,980,0
1999-03-05,11.9,12.8,11.55,11.9,1140,0
1999-03-08,11.9,11.9,11.25,11.9,1200,0
1999-03-09,11.25,11.9,11.25,11.25,500,0
1999-03-10,10.95,11.25,10.95,10.95,480,0
1999-03-11,10.3,11.55,10.15,10.3,2880,0
1999-03-12,12.5,12.5,10.3,12.5,6440,0
1999-03-15,13.1,13.1,12.5,13.1,800,0
1999-03-16,11.55,12.5,11.55,11.55,900,0
1999-03-17,11.9,12.5,11.9,11.9,120,0
1999-03-18,11.4,11.9,11.4,11.4,900,0
1999-03-19,11.4,11.9,11.4,11.4,1160,0
1999-03-22,10.15,11.55,10.15,10.15,580,0
1999-03-23,11.55,11.55,10.6,11.55,660,0
1999-03-24,10.6,12.5,10.6,10.6,1260,0
1999-03-25,10.6,10.6,10.6,10.6,180,0
1999-03-26,10.6,11.25,10,10.6,1620,0
1999-03-29,9.4,10,9.4,9.4,380,0
1999-03-30,9.7,9.7,9.7,9.7,100,0
1999-03-31,11.25,11.25,10,11.25,240,0
1999-04-01,10.6,10.6,10,10.6,460,0
1999-04-05,10.3,10.6,10,10.3,260,0
1999-04-06,10,10.6,10,10,280,0
1999-04-07,10,10,10,10,2080,0
1999-04-08,9.4,10,9.4,9.4,1360,0
1999-04-09,10.3,10.3,9.4,10.3,460,0
1999-04-12,10.6,10.6,10,10.6,1060,0
1999-04-13,10,10,9.4,10,2840,0
1999-04-14,9.4,10.95,9.4,9.4,1340,0
1999-04-15,10,10.6,9.4,10,2340,0
1999-04-16,9.4,9.4,9.4,9.4,1740,0
1999-04-19,9.55,9.55,9.55,9.55,700,0
1999-04-20,9.05,10.3,9.05,9.05,3540,0
1999-04-21,10.95,10.95,9.7,10.95,620,0
1999-04-22,10.6,10.95,9.7,10.6,1500,0
1999-04-23,10,10.6,8.75,10,2440,0
1999-04-26,19.4,19.55,9.05,19.4,34240,0
1999-04-27,41.25,60,22.5,41.25,459580,0
1999-04-28,33.1,40,31.25,33.1,119220,0
1999-04-29,30.6,34.05,28.1,30.6,45040,0
1999-04-30,31.55,32.5,30.3,31.55,17280,0
1999-05-03,28.75,31.9,28.1,28.75,16260,0
1999-05-04,30.6,30.6,29.4,30.6,4300,0
1999-05-05,26.25,30.45,23.1,26.25,8680,0
1999-05-06,24.05,26.9,23.1,24.05,10580,0
1999-05-07,23.1,25.6,22.5,23.1,5740,0
1999-05-10,22.8,24.05,22.5,22.8,4840,0
1999-05-11,22.8,22.8,22.5,22.8,2260,0
1999-05-12,21.25,22.8,21.25,21.25,5940,0
1999-05-13,22.5,25,21.55,22.5,10240,0
1999-05-14,20.6,22.8,20.6,20.6,2700,0
1999-05-17,20.3,21.9,20.3,20.3,3060,0
1999-05-18,22.5,22.5,21.25,22.5,1280,0
1999-05-19,22.8,22.8,20.95,22.8,3320,0
1999-05-20,20.95,24.05,20.15,20.95,3140,0
1999-05-21,20.6,22.5,20.6,20.6,860,0
1999-05-24,20.3,21.55,20.3,20.3,2680,0
1999-05-25,20,20.95,20,20,2920,0
1999-05-26,18.75,21.25,18.75,18.75,2700,0
1999-05-27,17.5,19.05,17.5,17.5,2640,0
1999-05-28,17.05,18.75,16.9,17.05,2160,0
1999-06-01,15,17.2,14.4,15,5500,0
1999-06-02,14.4,15.6,14.4,14.4,3940,0
1999-06-03,19.7,20.6,14.4,19.7,20560,0
1999-06-04,17.2,22.5,16.55,17.2,14420,0
1999-06-07,16.25,20.3,16.25,16.25,11800,0
1999-06-08,16.25,16.9,15.6,16.25,2340,0
1999-06-09,15.95,16.25,15.6,15.95,4180,0
1999-06-10,16.55,16.55,16.25,16.55,1700,0
1999-06-11,16.55,16.55,16.25,16.55,1260,0
1999-06-14,16.55,16.55,16.25,16.55,1200,0
1999-06-15,16.25,16.9,16.25,16.25,2120,0
1999-06-16,17.2,17.2,15.95,17.2,2320,0
1999-06-17,16.9,16.9,16.55,16.9,2680,0
1999-06-18,16.9,17.2,16.9,16.9,940,0
1999-06-21,17.5,17.5,16.55,17.5,8840,0
1999-06-22,18.1,18.75,17.5,18.1,3320,0
1999-06-23,17.5,18.1,17.2,17.5,860,0
1999-06-24,17.5,17.8,17.2,17.5,3060,0
1999-06-25,17.8,18.1,17.5,17.8,1400,0
1999-06-28,17.8,18.1,17.8,17.8,780,0
1999-06-29,17.8,17.8,17.8,17.8,220,0
1999-06-30,17.2,18.1,17.2,17.2,640,0
1999-07-01,17.8,18.1,17.5,17.8,1220,0
1999-07-02,19.7,20,17.8,19.7,3140,0
1999-07-06,19.7,20.3,19.7,19.7,2840,0
1999-07-07,20,20,19.7,20,1020,0
1999-07-08,19.7,20,19.4,19.7,2160,0
1999-07-09,18.45,19.55,18.45,18.45,1400,0
1999-07-12,18.75,18.75,18.1,18.75,560,0
1999-07-13,18.75,18.9,17.8,18.75,860,0
1999-07-14,18.75,18.75,18.45,18.75,1940,0
1999-07-15,17.2,18.9,16.25,17.2,7940,0
1999-07-16,17.5,18.1,16.9,17.5,900,0
1999-07-19,22.2,22.5,16.9,22.2,14440,0
1999-07-20,27.8,31.25,22.5,27.8,41700,0
1999-07-21,26.9,31.25,24.4,26.9,42860,0
1999-07-22,27.5,28.1,25.3,27.5,8760,0
1999-07-23,26.55,27.2,26.25,26.55,3280,0
1999-07-26,25.3,26.9,25.3,25.3,6720,0
1999-07-27,22.8,26.55,21.55,22.8,6100,0
1999-07-28,19.05,22.5,18.6,19.05,3520,0
1999-07-29,18.75,19.7,18.75,18.75,1520,0
1999-07-30,19.05,19.7,18.1,19.05,4040,0
1999-08-02,20.45,20.45,19.2,20.45,1140,0
1999-08-03,19.4,20.3,19.4,19.4,1780,0
1999-08-04,18.1,19.2,18.1,18.1,1300,0
1999-08-05,20.3,22.5,18.75,20.3,9640,0
1999-08-06,18.75,20.6,18.75,18.75,700,0
1999-08-09,18.75,19.4,18.75,18.75,880,0
1999-08-10,20,20,19.4,20,220,0
1999-08-11,18.75,18.75,18.75,18.75,220,0
1999-08-12,18.75,18.75,18.75,18.75,480,0
1999-08-13,19.4,19.85,18.75,19.4,280,0
1999-08-16,18.75,19.2,18.75,18.75,260,0
1999-08-17,18.75,19.4,18.75,18.75,620,0
1999-08-18,18.45,19.05,18.45,18.45,1680,0
1999-08-19,18.45,19.05,18.45,18.45,660,0
1999-08-20,18.1,19.05,18.1,18.1,680,0
1999-08-23,18.75,19.05,18.6,18.75,340,0
1999-08-24,18.75,19.05,18.75,18.75,700,0
1999-08-25,18.45,18.9,18.1,18.45,1280,0
1999-08-26,18.1,19.05,18.1,18.1,480,0
1999-08-27,18.1,18.1,18.1,18.1,260,0
1999-08-30,18.1,18.45,18.1,18.1,360,0
1999-08-31,18.1,18.45,18.1,18.1,2440,0
1999-09-01,18.1,18.9,18.1,18.1,1220,0
1999-09-02,18.1,18.1,18.1,18.1,440,0
1999-09-03,18.1,18.1,18.1,18.1,460,0
1999-09-07,18.1,18.1,18.1,18.1,500,0
1999-09-08,17.2,17.5,17.2,17.2,740,0
1999-09-09,17.2,17.2,17.2,17.2,100,0
1999-09-10,17.5,17.5,17.2,17.5,1660,0
1999-09-13,16.9,19.7,16.9,16.9,1420,0
1999-09-14,16.55,16.9,16.55,16.55,420,0
1999-09-15,18.1,18.1,16.55,18.1,160,0
1999-09-16,16.55,18.1,16.55,16.55,340,0
1999-09-17,17.5,17.5,17.5,17.5,260,0
1999-09-20,17.5,17.5,17.2,17.5,320,0
1999-09-21,18.1,18.1,17.65,18.1,640,0
1999-09-22,19.2,19.4,18.75,19.2,1960,0
1999-09-23,18.75,19.2,18.75,18.75,60,0
1999-09-24,18.75,19.55,18.75,18.75,440,0
1999-09-27,17.2,18.75,16.9,17.2,1480,0
1999-09-28,17.5,17.5,17.5,17.5,80,0
1999-09-29,18.75,18.75,17.8,18.75,240,0
1999-09-30,18.1,18.1,18.1,18.1,60,0
1999-10-01,17.8,18.1,17.8,17.8,2840,0
1999-10-04,17.8,17.8,17.8,17.8,60,0
1999-10-05,18.1,18.75,17.8,18.1,2740,0
1999-10-06,17.65,17.65,17.65,17.65,420,0
1999-10-07,18.45,19.4,17.8,18.45,1620,0
1999-10-08,18.1,18.1,18.1,18.1,140,0
1999-10-11,18.75,18.75,18.75,18.75,120,0
1999-10-12,18.75,18.75,17.8,18.75,2460,0
1999-10-13,17.8,18.75,17.8,17.8,1000,0
1999-10-14,17.5,18.1,17.5,17.5,740,0
1999-10-15,16.25,17.5,16.25,16.25,2040,0
1999-10-18,18.75,18.75,16.25,18.75,2220,0
1999-10-19,19.7,20,18.75,19.7,1980,0
1999-10-20,18.75,20,18.1,18.75,1620,0
1999-10-21,18.45,20,18.1,18.45,2400,0
1999-10-22,19.4,19.7,18.75,19.4,740,0
1999-10-25,19.4,19.4,18.9,19.4,520,0
1999-10-26,19.4,19.4,19.05,19.4,520,0
1999-10-27,18.75,19.4,18.75,18.75,960,0
1999-10-28,21.9,25,18.75,21.9,34540,0
1999-10-29,21.1,21.9,20,21.1,11600,0
1999-11-01,20.3,21.25,20.3,20.3,4420,0
1999-11-02,20.3,20.8,20.3,20.3,360,0
1999-11-03,19.7,20.3,19.7,19.7,2940,0
1999-11-04,18.75,19.7,18.1,18.75,2200,0
1999-11-05,16.9,18.1,16.9,16.9,3060,0
1999-11-08,16.4,17.05,16.25,16.4,2520,0
1999-11-09,16.25,16.55,16.25,16.25,2120,0
1999-11-10,17.2,17.2,16.25,17.2,820,0
1999-11-11,18.75,18.75,15.95,18.75,4440,0
1999-11-12,20.6,20.6,18.1,20.6,3600,0
1999-11-15,21.1,21.7,19.4,21.1,15080,0
1999-11-16,18.1,21.7,17.5,18.1,11640,0
1999-11-17,18.1,18.1,17.05,18.1,2620,0
1999-11-18,20,20.6,18.1,20,7380,0
1999-11-19,19.4,20.6,18.45,19.4,5260,0
1999-11-22,19.05,20,18.75,19.05,7420,0
1999-11-23,26.9,28.45,18.1,26.9,44080,0
1999-11-24,36.25,47.2,28.75,36.25,231200,0
1999-11-26,43.75,45,40,43.75,78320,0
1999-11-29,58.75,67.5,49.4,58.75,147920,0
1999-11-30,50.6,58.75,47.5,50.6,63200,0
1999-12-01,43.75,50,40.6,43.75,48960,0
1999-12-02,43.75,46.25,41.9,43.75,15680,0
1999-12-03,43.75,50.6,43.1,43.75,20640,0
1999-12-06,43.1,47.5,41.55,43.1,14540,0
1999-12-07,38.45,42.8,36.55,38.45,20580,0
1999-12-08,36.55,40,35.6,36.55,14200,0
1999-12-09,36.9,37.5,35,36.9,17380,0
1999-12-10,34.4,36.55,32.5,34.4,11160,0
1999-12-13,31.9,33.6,31.25,31.9,15740,0
1999-12-14,39.4,42.8,28.75,39.4,21840,0
1999-12-15,42.5,42.5,36.9,42.5,9500,0
1999-12-16,37.5,42.5,37.5,37.5,6620,0
1999-12-17,40.6,41.9,36.9,40.6,4360,0
1999-12-20,36.9,40.3,36.25,36.9,4300,0
1999-12-21,33.75,38.75,33.1,33.75,4940,0
1999-12-22,33.75,35,32.5,33.75,20400,0
1999-12-23,38.75,38.75,35.15,38.75,2120,0
1999-12-27,33.75,37.2,31.25,33.75,7180,0
1999-12-28,33.1,34.7,31.25,33.1,7020,0
1999-12-29,33.1,34.4,32.8,33.1,4480,0
1999-12-30,31.9,34.2,30,31.9,14900,0
1999-12-31,38.75,39.7,32.5,38.75,12280,0
2000-01-03,43.45,45,38.75,43.45,20940,0
2000-01-04,40.6,46.9,40,40.6,17800,0
2000-01-05,46.9,47.5,41.55,46.9,15780,0
2000-01-06,45.95,51.25,45,45.95,13060,0
2000-01-07,47.5,50,45.6,47.5,5860,0
2000-01-10,51.9,53.75,48.75,51.9,11300,0
2000-01-11,45,53.1,42.65,45,14560,0
2000-01-12,41.55,43.9,37.8,41.55,7820,0
2000-01-13,41.9,44.4,41.55,41.9,3040,0
2000-01-14,50,51.55,42.8,50,24700,0
2000-01-18,51.25,53.75,45,51.25,14720,0
2000-01-19,54.7,55,49.4,54.7,4880,0
2000-01-20,51.55,54.7,45.3,51.55,10960,0
2000-01-21,47.8,53.75,44.4,47.8,6600,0
2000-01-24,72.5,80.6,47.5,72.5,107740,0
2000-01-25,65.3,75,55,65.3,69680,0
2000-01-26,64.4,70,62.5,64.4,13680,0
2000-01-27,72.5,75.95,67.2,72.5,27800,0
2000-01-28,77.5,77.5,69.4,77.5,30100,0
2000-01-31,70,77.5,63.45,70,14600,0
2000-02-01,72.2,75,70,72.2,4880,0
2000-02-02,88.75,90,71.9,88.75,37660,0
2000-02-03,85,92.8,77.2,85,28720,0
2000-02-04,85,85.95,80.95,85,5900,0
2000-02-07,82.5,88.45,77.5,82.5,9580,0
2000-02-08,71.9,80,67.5,71.9,30420,0
2000-02-09,75.3,80.6,70.95,75.3,18920,0
2000-02-10,75,77.5,68.1,75,13300,0
2000-02-11,73.1,77.5,71.25,73.1,8360,0
2000-02-14,57.5,73.1,55,57.5,22700,0
2000-02-15,64.4,64.4,58.45,64.4,12020,0
2000-02-16,61.25,65.3,60.6,61.25,8200,0
2000-02-17,70.6,75,63.1,70.6,23340,0
2000-02-18,70.6,76.25,70.6,70.6,6640,0
2000-02-22,60.6,71.9,57.5,60.6,24520,0
2000-02-23,60,64.4,56.9,60,7920,0
2000-02-24,58.75,61.1,52.8,58.75,24860,0
2000-02-25,57.5,60,51.9,57.5,10140,0
2000-02-28,73.75,80,57.5,73.75,30320,0
2000-02-29,68.75,78.45,68.75,68.75,11920,0
2000-03-01,71.55,75,68.75,71.55,11880,0
2000-03-02,67.5,71.25,66.25,67.5,4980,0
2000-03-03,69.7,70,66.25,69.7,10780,0
2000-03-06,70,72.5,57.5,70,13160,0
2000-03-07,62.5,70.3,62.5,62.5,4620,0
2000-03-08,62.5,68.75,62.5,62.5,6760,0
2000-03-09,65,67.8,63.75,65,7940,0
2000-03-10,67.5,75,64.4,67.5,16060,0
2000-03-13,66.9,69.7,61.25,66.9,11800,0
2000-03-14,65.6,69.4,64.4,65.6,4100,0
2000-03-15,64.7,67.8,62.5,64.7,5260,0
2000-03-16,60.95,65,57.5,60.95,14300,0
2000-03-17,60.6,65,60,60.6,3900,0
2000-03-20,60.6,65,60.6,60.6,3560,0
2000-03-21,56.25,62.5,55,56.25,11420,0
2000-03-22,55.95,58.45,55,55.95,5280,0
2000-03-23,62.5,63.1,55.6,62.5,6560,0
2000-03-24,56.25,62.5,55.3,56.25,5260,0
2000-03-27,57.5,58.75,56.9,57.5,1940,0
2000-03-28,55.6,59.05,55,55.6,3660,0
2000-03-29,55.6,57.5,55.3,55.6,4680,0
2000-03-30,56.1,59.05,53.75,56.1,10800,0
2000-03-31,55.6,59.7,54.7,55.6,3900,0
2000-04-03,52.5,59.7,52.5,52.5,3900,0
2000-04-04,51.25,55,45,51.25,14040,0
2000-04-05,49.4,51.55,45,49.4,8260,0
2000-04-06,51.25,55.6,49.4,51.25,4300,0
2000-04-07,51.55,55,50.95,51.55,1840,0
2000-04-10,63.1,65,51.55,63.1,29280,0
2000-04-11,66.55,72.2,62.5,66.55,53000,0
2000-04-12,68.75,81.9,66.25,68.75,47700,0
2000-04-13,69.4,72.5,66.25,69.4,16060,0
2000-04-14,51.25,71.9,51.25,51.25,18020,0
2000-04-17,56.25,57.8,51.25,56.25,13960,0
2000-04-18,59.4,60.6,56.9,59.4,6240,0
2000-04-19,58.75,62.5,57.5,58.75,5200,0
2000-04-20,58.75,63.1,56.25,58.75,7560,0
2000-04-24,53.1,57.5,53.1,53.1,2420,0
2000-04-25,53.75,56.25,53.75,53.75,1920,0
2000-04-26,53.1,55.6,50.6,53.1,3020,0
2000-04-27,52.5,55.6,50.3,52.5,2300,0
2000-04-28,50.6,52.2,50,50.6,2180,0
2000-05-01,57.5,59.4,50.3,57.5,4200,0
2000-05-02,61.25,61.25,56.55,61.25,3500,0
2000-05-03,54.05,60,52.5,54.05,3860,0
2000-05-04,55.3,58.75,54.05,55.3,1320,0
2000-05-05,54.05,56.9,54.05,54.05,380,0
2000-05-08,53.1,56.25,51.9,53.1,1900,0
2000-05-09,48.75,52.5,48.75,48.75,4760,0
2000-05-10,49.55,49.7,47.5,49.55,2360,0
2000-05-11,45,49.4,45,45,2120,0
2000-05-12,50.6,52.5,45,50.6,3280,0
2000-05-15,46.9,50,46.9,46.9,740,0
2000-05-16,50.6,51.25,46.55,50.6,1740,0
2000-05-17,50.95,51.25,50.95,50.95,1300,0
2000-05-18,48.1,55.3,46.25,48.1,4180,0
2000-05-19,45,48.1,45,45,1320,0
2000-05-22,43.75,47.95,42.5,43.75,4840,0
2000-05-23,43.75,46.25,43.1,43.75,1740,0
2000-05-24,39.7,45.3,38.1,39.7,6360,0
2000-05-25,45,45,38.45,45,5880,0
2000-05-26,36.9,43.9,35,36.9,8280,0
2000-05-30,36.9,39.05,36.55,36.9,8440,0
2000-05-31,35.95,37.5,33.75,35.95,6380,0
2000-06-01,37.5,39.4,36.25,37.5,2560,0
2000-06-02,38.1,40,38.1,38.1,1760,0
2000-06-05,38.75,38.75,37.5,38.75,900,0
2000-06-06,38.75,40,37.5,38.75,3780,0
2000-06-07,44.05,48.45,39.7,44.05,7280,0
2000-06-08,50,53.1,45.95,50,14580,0
2000-06-09,50.3,51.1,49.7,50.3,1940,0
2000-06-12,53.1,53.1,49.7,53.1,4580,0
2000-06-13,47.65,53.1,45.3,47.65,2360,0
2000-06-14,45.95,47.35,40.3,45.95,5280,0
2000-06-15,44.7,45.6,44.7,44.7,500,0
2000-06-16,43.1,44.7,41.9,43.1,2640,0
2000-06-19,41.25,43.45,41.25,41.25,1960,0
2000-06-20,40.6,41.9,38.75,40.6,3920,0
2000-06-21,41.25,41.25,38.75,41.25,4900,0
2000-06-22,41.25,43.1,41.25,41.25,280,0
2000-06-23,40,41.25,35,40,4760,0
2000-06-26,40.6,42.5,40,40.6,1200,0
2000-06-27,40,42.5,38.75,40,2220,0
2000-06-28,40,40,38.75,40,2240,0
2000-06-29,38.45,40,37.5,38.45,4240,0
2000-06-30,40.6,40.6,37.5,40.6,3700,0
2000-07-03,38.45,38.45,38.45,38.45,1400,0
2000-07-05,41.9,41.9,39.05,41.9,620,0
2000-07-06,43.75,45,40,43.75,4100,0
2000-07-07,45,46.25,41.9,45,6480,0
2000-07-10,44.4,45.6,41.25,44.4,4920,0
2000-07-11,41.25,43.1,39.4,41.25,1980,0
2000-07-12,44.4,44.4,38.75,44.4,4220,0
2000-07-13,46.25,46.9,42.2,46.25,2360,0
2000-07-14,45.6,46.9,45.6,45.6,1740,0
2000-07-17,44.05,47.5,44.05,44.05,1780,0
2000-07-18,41.25,43.75,41.25,41.25,1700,0
2000-07-19,40.3,42.5,38.45,40.3,8560,0
2000-07-20,45,49.05,40.6,45,8240,0
2000-07-21,44.05,44.05,43.45,44.05,480,0
2000-07-24,47.5,52.2,43.3,47.5,5260,0
2000-07-25,44.55,47.5,43.75,44.55,3380,0
2000-07-26,45.3,50,44.4,45.3,8680,0
2000-07-27,42.65,45,42.5,42.65,3320,0
2000-07-28,41.55,44.4,37.5,41.55,6660,0
2000-07-31,39.85,40,39.2,39.85,1440,0
2000-08-01,45,50.6,38.45,45,10320,0
2000-08-02,43.75,45.6,42.5,43.75,1680,0
2000-08-03,44.7,44.7,42.5,44.7,2940,0
2000-08-04,41.25,44.7,40.6,41.25,3760,0
2000-08-07,41.9,43.75,39.7,41.9,5500,0
2000-08-08,40.95,42.5,40.6,40.95,700,0
2000-08-09,40.6,42.2,40.3,40.6,2720,0
2000-08-10,41.25,42.5,40.8,41.25,1260,0
2000-08-11,40.6,41.25,38.1,40.6,6920,0
2000-08-14,40,40.6,40,40,1040,0
2000-08-15,38.1,39.7,38.1,38.1,720,0
2000-08-16,37.5,39.4,37.5,37.5,780,0
2000-08-17,38.75,39.4,38.1,38.75,700,0
2000-08-18,37.8,40.6,37.5,37.8,980,0
2000-08-21,39.7,42.2,37.5,39.7,1800,0
2000-08-22,36.25,39.7,35.3,36.25,1800,0
2000-08-23,39.7,40.3,35.6,39.7,8040,0
2000-08-24,42.5,43.45,40,42.5,5680,0
2000-08-25,42.35,42.8,40.6,42.35,4020,0
2000-08-28,47.5,50,44.2,47.5,12900,0
2000-08-29,43.1,46.9,41.55,43.1,6120,0
2000-08-30,44.05,46.25,41.55,44.05,5300,0
2000-08-31,45.3,48.1,44.05,45.3,3020,0
2000-09-01,44.4,47.5,44.05,44.4,2440,0
2000-09-05,48.75,50,43.1,48.75,11820,0
2000-09-06,54.05,55,48.75,54.05,7340,0
2000-09-07,55,56.9,53.1,55,4820,0
2000-09-08,49.05,55,47.5,49.05,6060,0
2000-09-11,49.4,50,49.05,49.4,1560,0
2000-09-12,47.8,51.25,47.5,47.8,4100,0
2000-09-13,47.8,47.8,43.75,47.8,2560,0
2000-09-14,45.3,47.5,45,45.3,2080,0
2000-09-15,46.25,46.25,45.3,46.25,920,0
2000-09-18,44.7,45.6,41.25,44.7,3140,0
2000-09-19,46.25,46.9,42.5,46.25,1120,0
2000-09-20,44.4,47.5,42.5,44.4,1520,0
2000-09-21,45.95,46.25,45,45.95,1780,0
2000-09-22,46.9,46.9,41.9,46.9,4080,0
2000-09-25,45,45.95,45,45,460,0
2000-09-26,42.5,46.9,42.5,42.5,1920,0
2000-09-27,42.5,44.4,41.55,42.5,1040,0
2000-09-28,43.1,43.75,41.4,43.1,3560,0
2000-09-29,41.25,42.5,40.6,41.25,2400,0
2000-10-02,36.9,40,36.9,36.9,7960,0
2000-10-03,36.9,38.1,36.9,36.9,1400,0
2000-10-04,37.05,37.5,36.55,37.05,3380,0
2000-10-05,38.45,38.75,36.55,38.45,3580,0
2000-10-06,38.1,42.5,37.5,38.1,4760,0
2000-10-09,37.5,40,37.5,37.5,640,0
2000-10-10,37.5,37.5,37.5,37.5,720,0
2000-10-11,36.9,37.5,36.55,36.9,820,0
2000-10-12,32.2,36.55,29.05,32.2,7280,0
2000-10-13,35.45,35.45,30,35.45,6740,0
2000-10-16,30.8,33.3,28.75,30.8,7020,0
2000-10-17,28.1,30.8,28.1,28.1,1700,0
2000-10-18,26.9,30,26.9,26.9,4060,0
2000-10-19,30.3,30.3,28.75,30.3,3720,0
2000-10-20,30.6,30.6,29.4,30.6,1420,0
2000-10-23,32.2,32.5,30,32.2,3940,0
2000-10-24,30.3,31.9,30.3,30.3,380,0
2000-10-25,30.3,31.25,30,30.3,1940,0
2000-10-26,30.6,30.6,30.3,30.6,520,0
2000-10-27,27.5,30.8,26.25,27.5,3940,0
2000-10-30,25.6,26.55,25.6,25.6,440,0
2000-10-31,29.7,29.7,25.3,29.7,540,0
2000-11-01,30.6,31.25,29.4,30.6,2580,0
2000-11-02,27.5,31.25,27.5,27.5,3260,0
2000-11-03,30,31.9,28.75,30,2580,0
2000-11-06,30,30.8,30,30,1220,0
2000-11-07,28.6,30.6,28.45,28.6,3160,0
2000-11-08,28.45,30.95,28.45,28.45,1380,0
2000-11-09,28.45,30.45,28.45,28.45,520,0
2000-11-10,27.5,28.1,27.5,27.5,920,0
2000-11-13,27.2,27.5,26.55,27.2,1000,0
2000-11-14,28.1,28.75,24.05,28.1,4180,0
2000-11-15,27.05,27.8,24.7,27.05,3120,0
2000-11-16,25.3,25.3,25.3,25.3,120,0
2000-11-17,25,26.9,25,25,2240,0
2000-11-20,23.75,25.15,19.7,23.75,7360,0
2000-11-21,21.25,22.5,20.6,21.25,1220,0
2000-11-22,21.25,21.55,20.95,21.25,2160,0
2000-11-24,19.4,20.6,15,19.4,4380,0
2000-11-27,18.75,20.6,18.75,18.75,2280,0
2000-11-28,19.2,19.4,16.55,19.2,1820,0
2000-11-29,16.55,19.2,15.6,16.55,3400,0
2000-11-30,17.95,18.1,16.55,17.95,3100,0
2000-12-01,18.1,19.7,18.1,18.1,1300,0
2000-12-04,15.8,17.8,15.8,15.8,2880,0
2000-12-05,15,16.1,15,15,5140,0
2000-12-06,16.25,16.9,14.7,16.25,8220,0
2000-12-07,15.3,15.6,15.3,15.3,1620,0
2000-12-08,17.5,17.5,14.7,17.5,4520,0
2000-12-11,16.25,18.1,14.4,16.25,4260,0
2000-12-12,15.6,17.2,15.3,15.6,4560,0
2000-12-13,16.25,17.5,15.6,16.25,1240,0
2000-12-14,15,16.25,13.75,15,10380,0
2000-12-15,12.5,14.7,12.5,12.5,4240,0
2000-12-18,13.75,14.4,11.9,13.75,9040,0
2000-12-19,11.25,14.2,11.25,11.25,11540,0
2000-12-20,12.65,14.05,11.25,12.65,2320,0
2000-12-21,12.2,14.4,12.05,12.2,3960,0
2000-12-22,13.6,13.6,11.1,13.6,10760,0
2000-12-26,11.9,12.5,11.55,11.9,10900,0
2000-12-27,13.45,16.1,11.9,13.45,14020,0
2000-12-28,13.1,13.75,13.1,13.1,7860,0
2000-12-29,14.05,15.6,13.1,14.05,12940,0
2001-01-02,15,15,13.75,13.75,4820,0
2001-01-03,12.95,14.85,12.95,14.85,1520,0
2001-01-04,13.1,26.9,13.1,23.1,17380,0
2001-01-05,27.4,27.4,22.2,23.1,11460,0
2001-01-08,23.05,23.1,19.4,21.25,6760,0
2001-01-09,21,22.2,20,20.3,2760,0
2001-01-10,20.1,21.55,20.1,21.1,980,0
2001-01-11,21.1,27.35,21.1,25.6,10240,0
2001-01-12,26.15,29.05,24.4,28.45,10800,0
2001-01-16,28.2,29.85,27.2,27.5,3780,0
2001-01-17,29.05,30,28.75,30,5940,0
2001-01-18,30.3,30.95,29.2,29.2,5900,0
2001-01-19,30.6,30.6,29.4,30,2760,0
2001-01-22,30.4,33.75,30,32.4,5760,0
2001-01-23,32.4,35,31.25,34.4,7460,0
2001-01-24,33.75,33.75,26.25,30.15,5300,0
2001-01-25,29.55,31.1,27.5,28.75,1200,0
2001-01-26,27.5,28.75,23.1,27.65,4340,0
2001-01-29,28.65,28.65,27.2,28.1,1000,0
2001-01-30,27.65,27.8,26.9,26.9,1520,0
2001-01-31,28.6,29.05,26.9,27.95,2180,0
2001-02-01,27.5,29.4,27.5,27.5,320,0
2001-02-02,30,30,27.5,27.5,1040,0
2001-02-05,25.6,26.7,25.6,26.55,880,0
2001-02-06,26.25,27.5,26.25,26.35,420,0
2001-02-07,26.25,27.5,26.25,26.25,1120,0
2001-02-08,26.25,29.15,26.25,26.4,1940,0
2001-02-09,26.25,26.35,25,25.6,1180,0
2001-02-12,25.7,25.7,25,25,340,0
2001-02-13,25.95,26.25,21.55,21.55,2900,0
2001-02-14,21.55,22.5,21.55,21.9,720,0
2001-02-15,20.6,23.45,20.6,21.9,1400,0
2001-02-16,21.9,21.9,21.25,21.25,600,0
2001-02-20,21.35,21.7,21.25,21.25,940,0
2001-02-21,21.25,21.25,20,20,1820,0
2001-02-22,19.4,19.4,18.45,18.45,2420,0
2001-02-23,17.8,18.1,16.7,16.9,5720,0
2001-02-26,18.1,19.05,17.5,17.5,940,0
2001-02-27,18.35,18.85,17.35,17.35,1320,0
2001-02-28,17.5,17.6,16.25,16.25,900,0
2001-03-01,15.8,16.55,14.55,16.55,2940,0
2001-03-02,17.2,18.45,16.9,16.9,1220,0
2001-03-05,17.1,17.8,15.6,15.6,620,0
2001-03-06,15.6,19.05,15.6,18.9,1800,0
2001-03-07,19,20.3,17.65,20,1660,0
2001-03-08,20,20.3,18.45,18.45,4460,0
2001-03-09,19.4,19.4,17.2,17.2,2500,0
2001-03-12,17.2,17.2,17.05,17.05,380,0
2001-03-13,16.9,17.2,15.3,15.95,1500,0
2001-03-14,16,16.1,15.15,15.3,1000,0
2001-03-15,15,15.3,13.75,15,1180,0
2001-03-16,15,15,13.1,14.7,4100,0
2001-03-19,15,15.6,14.4,15.6,840,0
2001-03-20,15.6,16.25,15.6,15.6,620,0
2001-03-21,15.6,15.6,15.6,15.6,40,0
2001-03-22,15,16.1,15,15,3060,0
2001-03-23,14.4,16.1,11.55,15.6,9260,0
2001-03-26,15.6,16.25,14.4,14.7,6480,0
2001-03-27,14.7,15.95,14.7,15.45,640,0
2001-03-28,15.45,15.45,12.8,13.75,2360,0
2001-03-29,13.45,15,13.45,15,680,0
2001-03-30,15,15.3,13.75,15,6040,0
2001-04-02,15,15,14.4,14.4,360,0
2001-04-03,14.45,14.6,13.3,13.3,840,0
2001-04-04,13.6,13.6,11.25,11.55,2620,0
2001-04-05,13.85,13.85,12.5,13.75,3360,0
2001-04-06,12.5,12.5,11.25,11.25,420,0
2001-04-09,12.5,12.9,12.5,12.5,420,0
2001-04-10,12.9,13.15,12.5,12.5,240,0
2001-04-11,12.8,13.6,12.5,13.6,740,0
2001-04-12,14.35,14.85,13.75,14.5,740,0
2001-04-17,14,14.45,13.65,14.45,1480,0
2001-04-18,14.15,14.2,13.75,14.05,1920,0
2001-04-19,14,14,13.1,13.1,700,0
2001-04-20,13.85,16.25,13.85,16.25,2460,0
2001-04-23,16.3,16.3,15.5,16.3,1240,0
2001-04-24,16.05,16.25,15,16.25,800,0
2001-04-25,15.55,15.55,15,15,1240,0
2001-04-26,15.05,15.45,15,15,1500,0
2001-04-27,15,15,14.3,14.35,340,0
2001-04-30,14.35,15.5,14.35,14.75,820,0
2001-05-01,14.75,15.55,14.75,15.55,640,0
2001-05-02,15.55,16.7,15.5,16.7,2100,0
2001-05-03,16.75,17,15.5,17,2040,0
2001-05-04,17.1,18.05,17.1,18.05,1840,0
2001-05-07,17.1,18.05,17.1,17.55,800,0
2001-05-08,18,18,15.95,16,3740,0
2001-05-10,16.6,16.65,15.9,16.65,340,0
2001-05-11,15.95,15.95,15.9,15.9,240,0
2001-05-14,15.9,16,15.9,15.9,440,0
2001-05-15,16.65,16.65,15.5,15.6,760,0
2001-05-16,16.5,20,16.5,20,5340,0
2001-05-17,20.35,23.75,20.3,23,9080,0
2001-05-18,23.65,25,23.05,23.6,6140,0
2001-05-21,23.6,23.7,20.75,20.75,1240,0
2001-05-22,20.1,20.3,20.1,20.3,860,0
2001-05-23,20.3,20.9,17.25,17.85,2040,0
2001-05-24,17.75,18.95,17.75,17.75,320,0
2001-05-25,17.8,18.5,17.5,17.5,1280,0
2001-05-29,17.65,17.65,15.65,16.8,3000,0
2001-05-30,16.8,16.8,16.3,16.3,900,0
2001-05-31,16.55,16.65,16.5,16.55,680,0
2001-06-01,17,17.3,16.5,17.3,1020,0
2001-06-04,15.25,16.75,15.25,16.5,840,0
2001-06-05,16.55,18.1,16.35,18.1,2340,0
2001-06-06,17.5,17.5,16.8,16.8,1200,0
2001-06-07,17.45,17.45,16.9,16.9,120,0
2001-06-08,16.9,16.9,16.35,16.35,1920,0
2001-06-11,16.5,16.5,16.5,16.5,320,0
2001-06-12,16.4,16.5,15.75,16.5,540,0
2001-06-13,15.85,16.45,15.55,15.55,1300,0
2001-06-15,16.15,16.15,15.1,15.1,920,0
2001-06-18,15.4,15.4,13.65,14.05,1280,0
2001-06-19,14.8,16.55,14.8,16.5,2760,0
2001-06-20,16.25,16.55,16.05,16.05,720,0
2001-06-21,16.25,16.5,15.5,16.5,1380,0
2001-06-22,16.55,16.55,15.3,15.75,2900,0
2001-06-25,15.2,15.75,15.05,15.75,1380,0
2001-06-26,16.35,16.35,15.55,15.55,2120,0
2001-06-27,15.3,15.55,15.05,15.55,620,0
2001-06-28,16.35,16.35,15.45,16.35,600,0
2001-06-29,15.45,15.5,15.05,15.5,540,0
2001-07-02,15.95,16.55,15.95,16.25,1460,0
2001-07-03,16.9,16.9,16.9,16.9,20,0
2001-07-05,16.25,16.6,16.25,16.5,160,0
2001-07-06,15.9,16.35,15.5,16.35,480,0
2001-07-09,15.3,15.3,15.3,15.3,1160,0
2001-07-10,15.3,15.3,15,15,1020,0
2001-07-11,15,15.5,15,15.05,1380,0
2001-07-12,15.25,15.4,14.5,14.8,1000,0
2001-07-13,16.2,16.25,15.4,15.4,1100,0
2001-07-16,15.4,15.4,15,15.15,320,0
2001-07-17,15,15,15,15,800,0
2001-07-18,14.95,14.95,14.95,14.95,260,0
2001-07-19,15,15.25,14.5,14.5,2140,0
2001-07-20,14.5,14.5,14.5,14.5,220,0
2001-07-23,15.5,15.5,14.55,14.55,660,0
2001-07-24,14.55,15.5,14.55,15.5,400,0
2001-07-25,14.55,14.55,14.5,14.55,1480,0
2001-07-26,14.2,14.2,13.5,13.75,1440,0
2001-07-27,14.1,14.25,14.1,14.25,80,0
2001-07-30,14.25,14.25,13.45,14,2340,0
2001-07-31,14.35,14.35,10.35,10.75,20080,0
2001-08-01,12.8,14.05,12,13.9,10260,0
2001-08-02,17,17.05,14.65,15,5300,0
2001-08-03,15.5,15.7,12.45,15,1440,0
2001-08-06,13.9,15,12,13.25,640,0
2001-08-07,13.25,13.75,13.25,13.75,120,0
2001-08-08,13.75,13.75,13,13,820,0
2001-08-09,14,14,11.9,12,800,0
2001-08-10,12,13.15,12,13.15,120,0
2001-08-13,13,14.5,11.75,13.5,1140,0
2001-08-14,13.3,13.3,13.3,13.3,40,0
2001-08-15,13.25,13.9,12.5,13.75,1900,0
2001-08-16,13.3,13.3,13.2,13.2,220,0
2001-08-17,12.55,12.55,12.55,12.55,240,0
2001-08-21,12.6,14.25,12.5,12.5,940,0
2001-08-22,12.55,12.55,12.45,12.45,460,0
2001-08-23,12.75,13.75,12.75,13.75,740,0
2001-08-24,12.75,13.95,11.5,13.95,1700,0
2001-08-27,14.15,14.4,12.65,12.65,480,0
2001-08-28,12.55,14.45,12.55,13.3,260,0
2001-08-29,13.05,14.1,12.55,13.5,1780,0
2001-08-30,13,13,12.5,12.5,640,0
2001-08-31,12.5,12.5,12.5,12.5,100,0
2001-09-04,13.75,13.75,12.5,13.5,1340,0
2001-09-05,13.5,13.75,12.5,12.5,240,0
2001-09-06,12.55,16.25,12.55,15,8480,0
2001-09-07,14.5,14.9,12.7,13,480,0
2001-09-10,13.35,14.45,13,14.45,1060,0
2001-09-17,12.3,14.8,11.4,14,3840,0
2001-09-18,14.45,15.25,12.8,14.5,2440,0
2001-09-19,14,17.2,14,16.6,1940,0
2001-09-20,16.25,16.25,14.75,15.5,1460,0
2001-09-21,15.95,16.25,14.5,14.5,1920,0
2001-09-24,15.95,16.45,15.05,15.05,680,0
2001-09-25,15.25,15.75,14.75,15.75,360,0
2001-09-26,15.75,15.75,15.75,15.75,460,0
2001-09-27,15.15,15.15,15.15,15.15,140,0
2001-09-28,15.15,16.5,14.5,16.5,960,0
2001-10-01,16.25,17,15.15,15.15,540,0
2001-10-02,15.55,16,12.55,14.05,800,0
2001-10-03,15,15.95,15,15.95,900,0
2001-10-04,15.7,15.95,14.4,15.2,420,0
2001-10-05,15.2,15.2,15.2,15.2,60,0
2001-10-08,14.8,15.2,14.8,15.2,160,0
2001-10-09,15,15.95,13.8,15.05,1120,0
2001-10-10,15.05,15.65,15,15,520,0
2001-10-11,14.95,17.5,14.95,17.3,2300,0
2001-10-12,17.6,18.8,16.25,16.45,1600,0
2001-10-15,17,18.45,14,17.1,1360,0
2001-10-16,16.95,17,14.4,16.05,320,0
2001-10-17,16.6,16.95,16.4,16.95,160,0
2001-10-18,16.95,16.95,16.25,16.25,240,0
2001-10-19,16.5,17,15.5,17,420,0
2001-10-22,15.25,16.25,15.25,16.25,600,0
2001-10-23,16.1,16.85,15.5,15.75,2580,0
2001-10-24,17,17,16.95,16.95,200,0
2001-10-25,16,16.95,15.95,16.2,740,0
2001-10-26,16.15,17.55,14.75,14.8,2900,0
2001-10-29,15.6,16.9,15.35,15.35,1640,0
2001-10-30,15.05,15.85,15.05,15.75,380,0
2001-10-31,15.75,15.75,14.5,15.5,340,0
2001-11-01,15.5,15.75,15,15,160,0
2001-11-02,14.5,15.75,14.5,15.75,180,0
2001-11-05,15.7,15.8,15.35,15.8,620,0
2001-11-06,17.15,17.5,14.95,16.25,1600,0
2001-11-07,15.2,15.2,15.2,15.2,20,0
2001-11-08,15.1,16.2,14.75,14.75,300,0
2001-11-09,14.5,15.65,14.5,15.65,1160,0
2001-11-12,14.55,15.5,14.35,15.05,900,0
2001-11-13,15.25,15.25,14.3,14.3,520,0
2001-11-14,14.3,15,14.3,15,500,0
2001-11-15,15,15,14.4,14.4,1160,0
2001-11-16,14.3,14.4,14.3,14.35,340,0
2001-11-19,15,15.5,14.45,15,500,0
2001-11-20,14.75,14.75,13.75,14.1,980,0
2001-11-21,13.8,14.75,13.75,14.5,460,0
2001-11-23,13.75,14.3,13.5,13.5,760,0
2001-11-26,13.5,13.5,12.9,13.4,820,0
2001-11-27,13.1,13.1,11.7,12.75,2000,0
2001-11-28,12.5,13,12.25,12.25,1440,0
2001-11-29,12.3,13.05,12.25,13.05,360,0
2001-11-30,12.55,13.1,12.5,13.1,680,0
2001-12-03,12.5,12.6,10.7,11.5,1300,0
2001-12-04,11.5,11.75,10.9,11.75,3060,0
2001-12-05,12,13.1,12,12.55,1480,0
2001-12-06,12.65,13.1,11.65,12.5,1280,0
2001-12-07,12.1,12.7,10.35,11.2,5580,0
2001-12-10,11.45,11.7,9.95,11,8400,0
2001-12-11,11,16.75,10.75,16.3,22260,0
2001-12-12,16.3,16.5,13.6,14.9,4720,0
2001-12-13,14.9,15.05,13.5,13.5,2580,0
2001-12-14,13.5,14.55,13.5,13.5,720,0
2001-12-17,13.5,13.55,13.5,13.55,140,0
2001-12-18,13.6,13.6,12.35,13,2200,0
2001-12-19,12.5,12.85,12.2,12.2,1420,0
2001-12-20,12.3,12.85,11.15,11.8,960,0
2001-12-21,11.5,11.5,11.1,11.1,1200,0
2001-12-24,11.1,12.25,11.1,11.1,680,0
2001-12-26,11.25,12,11,12,1000,0
2001-12-27,12,12.15,11.25,11.25,2760,0
2001-12-28,12,13.4,11.25,11.75,9660,0
2001-12-31,12.05,12.3,11.4,11.45,7980,0
