Date,Open,High,Low,Close,Volume,OpenInt
1995-01-03,5.0524,5.0524,4.8275,4.8361,7653541,0
1995-01-04,4.8361,4.9084,4.7642,4.7822,8079033,0
1995-01-05,4.7822,4.8275,4.7553,4.8005,7244925,0
1995-01-06,4.8092,4.9084,4.7553,4.8005,14408129,0
1995-01-09,4.8005,5.0705,4.8005,5.0343,11093903,0
1995-01-10,5.2144,5.2233,5.0614,5.1334,10032393,0
1995-01-11,5.2144,5.2233,4.9622,5.0884,5391946,0
1995-01-12,5.1157,5.1334,4.8813,4.9535,5424811,0
1995-01-13,4.9893,4.9893,4.8721,4.9622,7756580,0
1995-01-16,4.9353,5.0072,4.9172,4.9353,5645995,0
1995-01-17,4.9622,5.0343,4.9172,4.9353,7011305,0
1995-01-18,4.9893,5.0072,4.9353,4.9535,5738380,0
1995-01-19,4.9622,5.1426,4.9535,5.1426,12036383,0
1995-01-20,5.1334,5.1334,5.0254,5.1334,4931808,0
1995-01-23,5.0524,5.0884,5.0254,5.0614,4379288,0
1995-01-24,5.0524,5.0614,4.9893,5.0343,3858750,0
1995-01-25,5.0072,5.0072,4.9084,4.9172,6674638,0
1995-01-26,4.9353,5.0072,4.8813,4.9172,5374179,0
1995-01-27,4.9535,4.9622,4.8275,4.9353,5589145,0
1995-01-30,4.9353,5.3135,4.9353,5.2774,11496301,0
1995-01-31,5.2774,5.4667,5.2233,5.4397,14990847,0
1995-02-01,5.4397,5.5657,5.3858,5.5026,8615562,0
1995-02-02,5.5118,5.5657,5.3317,5.3586,6457010,0
1995-02-03,5.3586,5.5926,5.3586,5.5389,13206266,0
1995-02-06,5.5838,5.5926,5.4397,5.5568,11895147,0
1995-02-07,5.4757,5.5205,5.4309,5.4757,4429035,0
1995-02-08,5.4309,5.5389,5.4126,5.5205,8451226,0
1995-02-09,5.5026,5.5118,5.3858,5.3858,11530055,0
1995-02-10,5.4309,5.5026,5.3317,5.4309,7196957,0
1995-02-13,5.4397,5.4486,5.3406,5.3586,1959577,0
1995-02-14,4.9893,5.2144,4.9893,5.0705,43363843,0
1995-02-15,5.0614,5.0884,4.9893,5.0072,16982403,0
1995-02-16,4.9893,5.0254,4.9172,4.9535,12780771,0
1995-02-17,4.9353,4.9353,4.7822,4.8275,21261316,0
1995-02-21,4.8275,4.8361,4.6831,4.6921,24831368,0
1995-02-22,4.7553,4.9084,4.7371,4.8813,19391457,0
1995-02-23,4.9084,4.9893,4.8005,4.8092,11125880,0
1995-02-24,4.8275,4.8721,4.7642,4.8721,8589803,0
1995-02-27,4.8092,4.9084,4.7553,4.8092,6384168,0
1995-02-28,4.8092,4.8275,4.7283,4.8275,9901810,0
1995-03-01,4.8452,5.0072,4.8452,4.9535,7107239,0
1995-03-02,4.9353,4.9622,4.8361,4.8361,8679520,0
1995-03-03,4.8721,4.8903,4.7642,4.8275,8406815,0
1995-03-06,4.8005,4.8005,4.7283,4.7553,5235603,0
1995-03-07,4.7371,4.8361,4.6831,4.7642,9980871,0
1995-03-08,4.8813,4.8813,4.7283,4.8005,10535163,0
1995-03-09,4.7642,4.8092,4.7283,4.7371,10824748,0
1995-03-10,4.7371,4.8813,4.6921,4.8005,9991528,0
1995-03-13,4.8092,4.9172,4.8092,4.8452,5002872,0
1995-03-14,4.8903,4.9353,4.8903,4.8903,6013751,0
1995-03-15,4.9084,5.0072,4.8005,4.9893,9814759,0
1995-03-16,4.9893,5.3317,4.9893,5.2595,17916001,0
1995-03-17,5.2595,5.2595,5.1783,5.2233,10705719,0
1995-03-20,5.2233,5.2504,5.1426,5.1875,3199636,0
1995-03-21,5.1604,5.1604,5.0884,5.1157,8048831,0
1995-03-22,5.1157,5.1426,5.0884,5.1334,6272242,0
1995-03-23,5.1064,5.1157,5.0705,5.1157,6943792,0
1995-03-24,5.1157,5.2504,5.1157,5.2054,8057715,0
1995-03-27,5.2774,5.4037,5.2774,5.3674,5908041,0
1995-03-28,5.3674,5.5118,5.3586,5.4578,9987089,0
1995-03-29,5.4578,5.6107,5.3674,5.4309,17319957,0
1995-03-30,5.4578,5.4757,5.3047,5.3225,4447689,0
1995-03-31,5.2957,5.3225,5.2054,5.2504,7559380,0
1995-04-03,5.2324,5.2504,5.1426,5.2054,2909160,0
1995-04-04,5.2144,5.3225,5.1064,5.2054,7472330,0
1995-04-05,5.1696,5.1696,5.0614,5.0972,5868958,0
1995-04-06,5.0614,5.1064,4.9622,5.0254,11109003,0
1995-04-07,5.0072,5.1064,5.0072,5.1064,4283351,0
1995-04-10,5.0794,5.0972,5.0072,5.0343,6189633,0
1995-04-11,5.0343,5.0614,5.0072,5.0254,3275140,0
1995-04-12,4.9893,5.1064,4.9893,5.1064,4510759,0
1995-04-13,5.1157,5.2054,5.1157,5.1426,4909601,0
1995-04-17,5.1334,5.2054,5.0254,5.0524,6200291,0
1995-04-18,5.0614,5.0794,4.8542,4.8903,17121865,0
1995-04-19,4.8275,4.8452,4.2418,4.4222,86343057,0
1995-04-20,4.2869,4.4039,4.1248,4.4039,64666907,0
1995-04-21,4.4491,4.6017,4.3771,4.53,20625296,0
1995-04-24,4.5119,4.5662,4.2688,4.3408,19868470,0
1995-04-25,4.3771,4.4039,4.1248,4.161,23656154,0
1995-04-26,4.1157,4.2237,4.0437,4.0708,28508905,0
1995-04-27,4.1248,4.2058,4.0708,4.1966,21860913,0
1995-04-28,4.1966,4.1966,4.0529,4.0886,17837830,0
1995-05-01,4.0437,4.1337,4.0166,4.1248,21643281,0
1995-05-02,4.1786,4.3408,4.0977,4.3139,17548244,0
1995-05-03,4.35,4.3588,4.2237,4.2506,15412787,0
1995-05-04,4.0437,4.0977,3.8636,3.8905,48993850,0
1995-05-05,3.9448,3.9985,3.8276,3.9806,38002101,0
1995-05-08,3.9985,4.0886,3.9985,4.0437,26210888,0
1995-05-09,4.0977,4.1515,4.0708,4.1157,16398795,0
1995-05-10,4.161,4.3771,4.1515,4.35,22584874,0
1995-05-11,4.3952,4.3952,4.3231,4.3771,8570264,0
1995-05-12,4.3588,4.3588,4.2418,4.2506,8056824,0
1995-05-15,4.2688,4.3231,4.1966,4.3139,8730151,0
1995-05-16,4.3139,4.35,4.2688,4.2869,5534959,0
1995-05-17,4.2869,4.3952,4.2869,4.3588,6554721,0
1995-05-18,4.4222,4.431,4.3139,4.3408,11440338,0
1995-05-19,4.2778,4.3139,4.2237,4.2506,6921587,0
1995-05-22,4.1248,4.1515,4.0166,4.0977,22887780,0
1995-05-23,4.0708,4.1248,4.0437,4.0437,21860913,0
1995-05-24,4.0977,4.1786,4.0708,4.0977,30911741,0
1995-05-25,4.0977,4.1337,4.0437,4.1157,11761901,0
1995-05-26,4.1248,4.1337,4.0257,4.0529,8736371,0
1995-05-30,4.1157,4.1248,4.0708,4.1157,6389497,0
1995-05-31,4.1157,4.1786,4.0886,4.1786,7654429,0
1995-06-01,4.2058,4.2778,4.1966,4.2506,7510524,0
1995-06-02,4.2778,4.3588,4.2058,4.35,8057715,0
1995-06-05,4.3771,4.5031,4.3588,4.4491,10541383,0
1995-06-06,4.431,4.4667,4.4039,4.4222,8380164,0
1995-06-07,4.6017,4.6921,4.5662,4.647,20325941,0
1995-06-08,4.656,4.7012,4.647,4.674,16784314,0
1995-06-09,4.674,4.7012,4.6111,4.7012,10569811,0
1995-06-12,4.6921,4.7012,4.6017,4.656,7868507,0
1995-06-13,4.656,4.7642,4.6017,4.7553,17298636,0
1995-06-14,4.5482,4.5662,4.4491,4.4938,28195337,0
1995-06-15,4.5119,4.5747,4.4938,4.5119,16393467,0
1995-06-16,4.53,4.53,4.476,4.4938,9460331,0
1995-06-19,4.4938,4.584,4.4667,4.5747,8648429,0
1995-06-20,4.5662,4.6017,4.5031,4.5031,4760367,0
1995-06-21,4.5747,4.7371,4.53,4.7283,19494493,0
1995-06-22,4.9444,5.0072,4.8813,5.0072,40238825,0
1995-06-23,4.9804,4.9804,4.7642,4.8275,14679056,0
1995-06-26,4.9622,5.0343,4.8005,4.8275,33755172,0
1995-06-27,4.8005,4.8903,4.584,4.6017,39900385,0
1995-06-28,4.4938,4.5662,4.431,4.5662,28841125,0
1995-06-29,4.53,4.647,4.5119,4.6017,13968420,0
1995-06-30,4.6017,4.647,4.53,4.647,15797418,0
1995-07-03,4.647,4.7371,4.6288,4.719,6148770,0
1995-07-05,4.7283,4.7822,4.656,4.674,10274008,0
1995-07-06,4.656,4.7012,4.4938,4.5482,28704331,0
1995-07-07,4.5119,4.5662,4.4938,4.53,24508917,0
1995-07-10,4.5662,4.584,4.4938,4.5747,11388817,0
1995-07-11,4.584,4.719,4.5747,4.674,10321088,0
1995-07-12,4.7283,4.8092,4.6288,4.8005,13031271,0
1995-07-13,4.8452,5.0343,4.8452,4.9804,20444084,0
1995-07-14,5.0072,5.0072,4.8721,4.9893,13251568,0
1995-07-17,5.1064,5.2144,5.1064,5.1696,19387902,0
1995-07-18,5.1334,5.1426,5.0343,5.0524,11541603,0
1995-07-19,4.9622,5.0072,4.5747,4.8542,18925990,0
1995-07-20,4.9444,5.0254,4.8813,4.9622,9802323,0
1995-07-21,4.9444,4.9535,4.9172,4.9172,7259137,0
1995-07-24,4.8542,5.0072,4.8542,5.0072,9717050,0
1995-07-25,5.1064,5.1875,5.0614,5.1334,9176964,0
1995-07-26,5.1696,5.1875,5.0614,5.1334,6886054,0
1995-07-27,5.1696,5.1875,5.1157,5.1334,11393257,0
1995-07-28,5.1426,5.1783,5.0343,5.0524,5904491,0
1995-07-31,5.1696,5.1696,5.0524,5.0524,7749477,0
1995-08-01,5.0524,5.1157,4.9893,5.0794,5684192,0
1995-08-02,5.1064,5.1696,4.9893,5.0524,6393939,0
1995-08-03,5.0254,5.0254,4.6017,4.7553,44722936,0
1995-08-04,4.7283,4.7553,4.6017,4.6017,20675928,0
1995-08-07,4.6017,4.6921,4.6017,4.6921,12163409,0
1995-08-08,4.6921,4.6921,4.6111,4.6288,5572269,0
1995-08-09,4.656,4.674,4.6111,4.6288,3692638,0
1995-08-10,4.6111,4.6921,4.6111,4.6288,4659099,0
1995-08-11,4.647,4.7012,4.6288,4.656,7538063,0
1995-08-14,4.656,4.7283,4.6111,4.656,7134780,0
1995-08-15,4.656,4.7283,4.656,4.6921,6910037,0
1995-08-16,4.656,4.8452,4.656,4.8092,9122781,0
1995-08-17,4.8452,4.8903,4.7371,4.8813,8244255,0
1995-08-18,4.9444,5.0072,4.8452,4.9264,9397263,0
1995-08-21,4.9535,4.9804,4.8813,4.8903,6714614,0
1995-08-22,4.8903,4.9172,4.8275,4.8452,3665988,0
1995-08-23,4.8452,4.8452,4.7283,4.7283,3495435,0
1995-08-24,4.7553,4.7553,4.656,4.6921,5622011,0
1995-08-25,4.7012,4.719,4.656,4.7012,3479448,0
1995-08-28,4.7642,4.7642,4.6921,4.719,5401716,0
1995-08-29,4.719,4.7371,4.656,4.7371,2663105,0
1995-08-30,4.7642,4.8092,4.656,4.7553,7378168,0
1995-08-31,4.7553,4.7822,4.719,4.7371,3290242,0
1995-09-01,4.7642,4.7822,4.6921,4.7012,7296447,0
1995-09-05,4.7012,4.8813,4.7012,4.8813,7771680,0
1995-09-06,4.9172,4.9622,4.8903,4.9535,7412812,0
1995-09-07,4.9444,4.9622,4.8452,4.9444,7848964,0
1995-09-08,4.9444,5.1875,4.8903,5.1696,19020145,0
1995-09-11,5.2144,5.2504,5.0614,5.0972,19950194,0
1995-09-12,5.1334,5.1426,5.0614,5.1064,9296884,0
1995-09-13,5.1157,5.2054,5.1064,5.1334,11882707,0
1995-09-14,5.1783,5.2504,5.0614,5.1157,14159404,0
1995-09-15,5.1875,5.2774,5.1426,5.1875,22211790,0
1995-09-18,5.2144,5.3047,5.1783,5.2504,15784983,0
1995-09-19,5.2595,5.3225,5.2504,5.3225,9757909,0
1995-09-20,5.3225,5.3858,5.3047,5.3406,19697917,0
1995-09-21,5.3317,5.4397,5.3225,5.4309,10042163,0
1995-09-22,5.3586,5.4126,5.3317,5.3858,9691286,0
1995-09-25,5.3858,5.4126,5.3047,5.3317,6577816,0
1995-09-26,5.3317,5.3674,5.3317,5.3317,6012862,0
1995-09-27,5.3317,5.3317,5.1696,5.2774,15486517,0
1995-09-28,5.2504,5.4309,5.2144,5.4037,9852065,0
1995-09-29,5.3858,5.5297,5.3858,5.4848,15915563,0
1995-10-02,5.4309,5.6286,5.4309,5.5568,14162068,0
1995-10-03,5.5297,5.5476,5.4848,5.5297,8201619,0
1995-10-04,5.5026,5.5026,5.4309,5.4757,6261583,0
1995-10-05,5.4848,5.5657,5.4757,5.5657,6205624,0
1995-10-06,5.5297,5.5838,5.4848,5.5026,5306668,0
1995-10-09,5.4397,5.5568,5.3858,5.5118,6717280,0
1995-10-10,5.4397,5.4578,5.3406,5.4578,5536736,0
1995-10-11,5.4578,5.4578,5.3406,5.3674,3107251,0
1995-10-12,5.3674,5.4757,5.3225,5.4578,4810110,0
1995-10-13,5.4848,5.5297,5.4578,5.4757,7445676,0
1995-10-16,5.4757,5.4848,5.4309,5.4848,3790349,0
1995-10-17,5.5297,5.5476,5.5026,5.5476,6359298,0
1995-10-18,5.5657,5.6558,5.5476,5.638,10559151,0
1995-10-19,5.6107,5.7008,5.5657,5.5926,11101898,0
1995-10-20,5.5926,5.6107,5.5118,5.5657,3629568,0
1995-10-23,5.5657,5.7098,5.5568,5.7098,11109003,0
1995-10-24,5.7369,6.1151,5.7278,6.1151,27369225,0
1995-10-25,6.0794,6.1603,6.0161,6.0342,25223995,0
1995-10-26,6.088,6.088,5.8539,6.088,17542027,0
1995-10-27,5.9351,6.043,5.89,5.9622,7224494,0
1995-10-30,6.0342,6.0612,5.9893,6.043,4415710,0
1995-10-31,6.0612,6.088,5.9622,5.9622,5208957,0
1995-11-01,5.9622,6.1603,5.9622,6.1061,10975757,0
1995-11-02,6.1151,6.5115,6.0794,6.4575,21971952,0
1995-11-03,6.5653,6.5653,6.4215,6.5381,14408129,0
1995-11-06,6.5115,6.5381,6.4575,6.4575,9875160,0
1995-11-07,6.4575,6.5565,6.4123,6.4575,20860696,0
1995-11-08,6.4123,6.4664,6.3313,6.4575,13179615,0
1995-11-09,6.5115,6.5115,6.4123,6.4392,7777012,0
1995-11-10,6.4392,6.5294,6.3671,6.4033,5241823,0
1995-11-13,6.4575,6.5381,6.4392,6.5381,4786129,0
1995-11-14,6.5565,6.5745,6.493,6.5294,6743041,0
1995-11-15,6.493,6.5115,6.4033,6.4664,3741492,0
1995-11-16,6.4664,6.4846,6.4123,6.4664,5425699,0
1995-11-17,6.4392,6.6285,6.4123,6.5565,5284462,0
1995-11-20,6.5115,6.5381,6.1781,6.2143,5343978,0
1995-11-21,6.1873,6.4392,6.1873,6.4123,12448548,0
1995-11-22,6.4392,6.5653,6.4215,6.5381,9804099,0
1995-11-24,6.5294,6.5565,6.493,6.493,3728170,0
1995-11-27,6.5115,6.5924,6.3853,6.5653,5658433,0
1995-11-28,6.6013,6.7637,6.4846,6.7637,14203819,0
1995-11-29,6.7637,6.7637,6.6916,6.7185,7336419,0
1995-11-30,6.7544,7.0518,6.7185,7.0518,11104561,0
1995-12-01,7.0248,7.0248,6.7817,6.8716,13600667,0
1995-12-04,6.8627,6.8627,6.7273,6.7903,11258235,0
1995-12-05,6.7637,6.9706,6.7637,6.9347,9174301,0
1995-12-06,6.9077,7.0426,6.9077,7.0248,8501859,0
1995-12-07,7.0155,7.0518,6.9347,7.0069,8230047,0
1995-12-08,6.9706,6.9884,6.8627,6.9166,4681305,0
1995-12-11,7.0155,7.1418,6.9706,7.0878,7312434,0
1995-12-12,7.0518,7.0966,7.0069,7.0878,5083709,0
1995-12-13,7.0878,7.1328,7.0155,7.1145,5905377,0
1995-12-14,7.1328,7.1689,7.0426,7.0695,7228938,0
1995-12-15,7.0966,7.295,7.0695,7.295,13534046,0
1995-12-18,7.2409,7.2409,6.9077,6.9884,10049268,0
1995-12-19,6.9166,6.9884,6.7185,6.7817,10845182,0
1995-12-20,6.7095,6.8627,6.5745,6.7185,10825640,0
1995-12-21,6.7185,7.1145,6.7095,6.9527,14061696,0
1995-12-22,6.9527,7.1145,6.9527,7.0518,6786566,0
1995-12-26,7.0878,7.1145,6.9884,7.0426,2032416,0
1995-12-27,7.0248,7.2859,7.0248,7.2497,3599366,0
1995-12-28,7.2409,7.3669,7.1959,7.3311,3823219,0
1995-12-29,7.3129,7.3488,7.2138,7.3311,3567388,0
1996-01-02,7.295,7.295,7.1776,7.2497,8448561,0
1996-01-03,7.2678,7.3218,7.1689,7.2859,9901810,0
1996-01-04,7.295,7.3488,7.2138,7.3488,7440348,0
1996-01-05,7.3218,7.3218,6.9884,7.0518,10163860,0
1996-01-08,7.0518,7.0518,6.8897,6.9166,2061728,0
1996-01-09,6.9166,6.9166,6.4215,6.5294,11269786,0
1996-01-10,6.493,6.7273,6.4575,6.5115,14629313,0
1996-01-11,6.5381,6.5924,6.4664,6.5294,9440787,0
1996-01-12,6.5294,6.5381,6.3042,6.3671,11734361,0
1996-01-15,6.4123,6.6013,6.4033,6.5381,8914917,0
1996-01-16,6.6013,6.6645,6.5294,6.6465,7284011,0
1996-01-17,6.6285,6.7185,6.5924,6.6916,5921368,0
1996-01-18,6.7544,6.9077,6.7544,6.7996,6793671,0
1996-01-19,6.7996,6.8445,6.5924,6.6375,6912702,0
1996-01-22,6.6013,6.6465,6.5115,6.5115,3709513,0
1996-01-23,6.5381,6.5565,6.3853,6.4664,8630664,0
1996-01-24,6.4664,6.8627,6.4664,6.7996,6846972,0
1996-01-25,6.7903,6.9436,6.7817,6.8445,6672863,0
1996-01-26,6.8445,6.9527,6.8445,6.9527,3976892,0
1996-01-29,6.9527,7.0695,6.8627,6.9436,6677308,0
1996-01-30,6.9527,6.9706,6.8445,6.9436,5648660,0
1996-01-31,6.9166,7.1689,6.8716,7.0426,8808321,0
1996-02-01,7.1418,7.1689,7.0426,7.0878,7751251,0
1996-02-02,7.1328,7.1418,7.0878,7.1328,5454123,0
1996-02-05,7.0695,7.0966,6.7817,7.0426,15250229,0
1996-02-06,7.0426,7.1328,6.9706,7.0155,15555804,0
1996-02-07,7.0518,7.1776,6.9884,7.0248,6800782,0
1996-02-08,7.0518,7.295,7.0518,7.2497,7217388,0
1996-02-09,7.2409,7.4031,7.232,7.2409,9838742,0
1996-02-12,7.3488,7.61,7.3218,7.5379,8402371,0
1996-02-13,7.4661,7.6642,7.4389,7.5563,7146326,0
1996-02-14,7.5563,7.6642,7.4749,7.5199,7048612,0
1996-02-15,7.493,7.5563,7.4479,7.5199,8532064,0
1996-02-16,7.5199,7.5199,7.2497,7.295,8404147,0
1996-02-20,7.2678,7.2859,7.1328,7.1959,8024843,0
1996-02-21,7.1597,7.2409,7.1418,7.2138,5176088,0
1996-02-22,7.2138,7.3488,7.2138,7.295,6271358,0
1996-02-23,7.3218,7.3218,7.232,7.3129,3307119,0
1996-02-26,7.295,7.3488,7.1959,7.2409,3790349,0
1996-02-27,7.1776,7.2859,7.0248,7.2859,3514982,0
1996-02-28,7.2859,7.3218,7.0695,7.1145,6199402,0
1996-02-29,7.0695,7.3488,7.0155,7.3129,11988416,0
1996-03-01,7.3669,7.7453,7.3311,7.511,15411011,0
1996-03-04,7.511,7.5563,7.4031,7.4479,5149440,0
1996-03-05,7.4479,7.511,7.385,7.3937,5520744,0
1996-03-06,7.385,7.4031,7.232,7.295,8769237,0
1996-03-07,7.2678,7.3218,7.2497,7.3218,6462339,0
1996-03-08,7.2678,7.2678,7.0069,7.0155,8226488,0
1996-03-11,6.9077,7.1689,6.8897,7.1328,9158311,0
1996-03-12,7.0695,7.0695,6.8716,7.0518,7001534,0
1996-03-13,6.9884,7.1959,6.9347,7.0338,8919359,0
1996-03-14,7.1776,7.2409,7.0248,7.0248,8448561,0
1996-03-15,7.0695,7.0695,6.9166,6.9436,6145219,0
1996-03-18,6.9706,7.0069,6.9527,6.9706,3745935,0
1996-03-19,7.0426,7.1145,7.0155,7.0518,5286237,0
1996-03-20,7.0248,7.0248,6.8174,6.9436,8278011,0
1996-03-21,6.9166,7.0695,6.9077,7.0069,5927585,0
1996-03-22,7.0518,7.0518,6.9166,6.9166,2139901,0
1996-03-25,7.0426,7.0518,6.8716,6.9077,2549404,0
1996-03-26,6.8627,6.9347,6.7637,6.8174,3829436,0
1996-03-27,6.7996,6.9884,6.7273,6.9166,5540290,0
1996-03-28,6.8897,6.9077,6.7273,6.8174,4207851,0
1996-03-29,6.8897,6.9706,6.8174,6.9077,7063712,0
1996-04-01,7.0966,7.2138,7.0069,7.1959,8502749,0
1996-04-02,7.1776,7.1959,7.0248,7.1689,7306219,0
1996-04-03,7.1689,7.1689,7.0878,7.1328,7094804,0
1996-04-04,7.1145,7.1418,6.9166,7.0155,6423254,0
1996-04-08,6.8537,6.9077,6.7185,6.8537,7950231,0
1996-04-09,6.8716,6.9616,6.7637,6.8268,4255817,0
1996-04-10,6.8174,6.8268,6.4575,6.5565,10517402,0
1996-04-11,6.6103,6.7637,6.4575,6.7544,10519176,0
1996-04-12,6.7544,6.8268,6.6825,6.7996,6425918,0
1996-04-15,6.8627,6.9884,6.8174,6.9166,9359953,0
1996-04-16,6.9166,7.0248,6.8716,7.0248,5050839,0
1996-04-17,6.9616,6.98,6.7996,6.8268,4740824,0
1996-04-18,6.8174,6.8174,6.7095,6.7366,8327756,0
1996-04-19,6.5115,6.7544,6.5115,6.7366,16062133,0
1996-04-22,6.7366,6.7366,6.4846,6.493,15612652,0
1996-04-23,6.5115,6.6285,6.4846,6.5745,11408358,0
1996-04-24,6.6285,6.6825,6.5381,6.5381,6764359,0
1996-04-25,6.5381,6.6375,6.493,6.6013,6304222,0
1996-04-26,6.5653,6.7095,6.5115,6.5565,5017976,0
1996-04-29,6.5565,6.6013,6.4664,6.5294,4388172,0
1996-04-30,6.5565,6.6375,6.5381,6.5653,4680420,0
1996-05-01,6.5565,6.5653,6.4215,6.4664,9593575,0
1996-05-02,6.4215,6.4392,6.3313,6.3853,13813861,0
1996-05-03,6.3853,6.5115,6.3582,6.3853,10398369,0
1996-05-06,6.4123,6.4215,6.1873,6.3042,11143649,0
1996-05-07,6.0612,6.2413,6.0069,6.1061,32199766,0
1996-05-08,6.0612,6.1151,6.0069,6.088,23554888,0
1996-05-09,6.1331,6.1603,5.9707,6.1331,11553152,0
1996-05-10,6.1603,6.2143,5.9707,5.9978,12079020,0
1996-05-13,6.0342,6.1781,5.9978,6.088,13523387,0
1996-05-14,6.088,6.088,5.9978,6.0612,11678402,0
1996-05-15,6.0612,6.2594,6.0612,6.1781,9019739,0
1996-05-16,6.1781,6.2413,6.1781,6.1961,6201179,0
1996-05-17,6.3132,6.3132,6.1873,6.1961,7880055,0
1996-05-20,6.2143,6.2413,6.1061,6.1331,7266242,0
1996-05-21,6.1331,6.151,5.9257,5.9707,12940664,0
1996-05-22,5.9707,6.1151,5.9622,6.0342,8550719,0
1996-05-23,6.0069,6.043,5.9351,5.9351,6351301,0
1996-05-24,5.9528,6.0342,5.9351,5.9622,10363724,0
1996-05-28,5.9707,5.9707,5.8178,5.89,10027063,0
1996-05-29,5.9257,5.9257,5.7728,5.8178,12110108,0
1996-05-30,5.9257,6.1061,5.8359,6.0161,10321978,0
1996-05-31,6.1781,6.1781,6.043,6.1603,7249364,0
1996-06-03,6.151,6.2413,6.1061,6.2413,4708845,0
1996-06-04,6.2321,6.2413,5.89,5.9622,21449633,0
1996-06-05,6.0069,6.1961,6.0069,6.151,11161413,0
1996-06-06,6.1873,6.2143,6.1331,6.1781,7278680,0
1996-06-07,5.863,6.0069,5.863,5.9257,14544926,0
1996-06-10,5.89,5.89,5.7008,5.7098,15016609,0
1996-06-11,5.7549,5.7818,5.638,5.665,16777206,0
1996-06-12,5.7008,5.9528,5.7008,5.9078,18247334,0
1996-06-13,5.89,5.9622,5.8089,5.89,7043283,0
1996-06-14,6.0069,6.043,5.863,5.863,15160511,0
1996-06-17,5.89,5.89,5.7908,5.863,7832086,0
1996-06-18,5.9528,5.9528,5.863,5.89,5248042,0
1996-06-19,5.9528,5.9528,5.6107,5.7098,15035261,0
1996-06-20,5.5026,5.5297,5.3945,5.4126,25780066,0
1996-06-21,5.4397,5.5026,5.4037,5.4757,25196458,0
1996-06-24,5.4757,5.4757,5.3945,5.4126,14214481,0
1996-06-25,5.3945,5.4757,5.3674,5.4757,6439243,0
1996-06-26,5.4757,5.5838,5.4037,5.5568,8164310,0
1996-06-27,5.5657,5.7278,5.5657,5.6558,8663532,0
1996-06-28,5.7278,5.7369,5.638,5.665,9924022,0
1996-07-01,5.665,5.7369,5.638,5.7278,4771913,0
1996-07-02,5.7098,5.7098,5.5838,5.5926,10705719,0
1996-07-03,5.5926,5.5926,5.4578,5.5568,13747236,0
1996-07-05,5.4309,5.4578,5.3945,5.4397,6698624,0
1996-07-08,5.4126,5.4757,5.3406,5.4037,9578473,0
1996-07-09,5.3945,5.3945,5.1064,5.1157,28134933,0
1996-07-10,5.1512,5.1512,4.8813,4.9622,40929919,0
1996-07-11,4.0166,4.0977,3.368,3.4854,128834594,0
1996-07-12,3.5934,3.7554,3.5934,3.7194,71384186,0
1996-07-15,3.7554,3.7554,3.6203,3.6654,30615939,0
1996-07-16,3.6654,3.7194,3.5665,3.6025,27525564,0
1996-07-17,3.7554,3.7735,3.6747,3.7285,16564018,0
1996-07-18,3.7915,3.9357,3.7464,3.8454,12157190,0
1996-07-19,3.8996,3.9357,3.7915,3.8276,15239572,0
1996-07-22,3.8276,3.9086,3.7285,3.8905,7639328,0
1996-07-23,3.8996,3.8996,3.7107,3.7554,8954890,0
1996-07-24,3.5934,3.6924,3.5934,3.6384,11157859,0
1996-07-25,3.6654,3.7107,3.6384,3.6475,11492746,0
1996-07-26,3.6747,3.8186,3.6475,3.7554,12268225,0
1996-07-29,3.7554,3.7915,3.7107,3.7554,4242489,0
1996-07-30,3.7915,3.8186,3.7194,3.7915,21661047,0
1996-07-31,3.8186,3.8636,3.7285,3.7915,9896483,0
1996-08-01,3.7915,3.9448,3.7915,3.8725,18246442,0
1996-08-02,3.8725,3.9535,3.8725,3.9448,13191168,0
1996-08-05,3.9535,4.0977,3.9448,4.0886,26430295,0
1996-08-06,4.2058,4.2506,4.1786,4.2237,30297928,0
1996-08-07,4.2418,4.2959,4.2418,4.2959,12980641,0
1996-08-08,4.4039,4.4667,4.3771,4.4039,20763871,0
1996-08-09,4.431,4.5119,4.3588,4.4491,11686395,0
1996-08-12,4.4667,4.476,4.2959,4.3408,6213615,0
1996-08-13,4.2688,4.3231,4.1515,4.1966,7874726,0
1996-08-14,4.2688,4.3588,4.2418,4.2418,10406362,0
1996-08-15,4.2506,4.3408,4.2506,4.2959,7906705,0
1996-08-16,4.2959,4.3588,4.2688,4.3588,8224713,0
1996-08-19,4.3952,4.4222,4.3588,4.4039,5306668,0
1996-08-20,4.35,4.3952,4.2778,4.3408,6440132,0
1996-08-21,4.35,4.476,4.3231,4.3771,7041506,0
1996-08-22,4.4222,4.5482,4.4222,4.5119,6980214,0
1996-08-23,4.4938,4.5119,4.4222,4.476,6977546,0
1996-08-26,4.4491,4.476,4.3588,4.4039,4251375,0
1996-08-27,4.4039,4.5119,4.4039,4.476,8460110,0
1996-08-28,4.4667,4.5119,4.431,4.4667,6603576,0
1996-08-29,4.431,4.431,4.3588,4.3588,6051945,0
1996-08-30,4.35,4.3771,4.2778,4.3408,9810317,0
1996-09-03,4.2959,4.4039,4.2688,4.3408,7177413,0
1996-09-04,4.3231,4.5662,4.3139,4.5482,15242234,0
1996-09-05,4.4938,4.5482,4.4039,4.4491,14576904,0
1996-09-06,4.4491,4.4491,4.2778,4.35,19317726,0
1996-09-09,4.35,4.4039,4.3231,4.3771,5846750,0
1996-09-10,4.3952,4.3952,4.2959,4.3408,4768363,0
1996-09-11,4.5119,4.584,4.4938,4.5031,15114317,0
1996-09-12,4.539,4.674,4.5119,4.6288,16360599,0
1996-09-13,4.8275,4.8275,4.7283,4.7553,17803187,0
1996-09-16,4.8092,5.0072,4.8092,4.8275,17909784,0
1996-09-17,4.719,4.8542,4.719,4.8005,8925577,0
1996-09-18,4.8092,4.8452,4.7733,4.8092,6310439,0
1996-09-19,4.8092,4.8092,4.6921,4.7553,7438573,0
1996-09-20,4.8005,4.8005,4.7012,4.7733,6729717,0
1996-09-23,4.7371,4.8092,4.6921,4.7371,5134339,0
1996-09-24,4.719,4.7283,4.656,4.674,6602688,0
1996-09-25,4.656,4.7012,4.6017,4.6288,6720834,0
1996-09-26,4.6288,4.719,4.6111,4.647,8153651,0
1996-09-27,4.6111,4.6921,4.584,4.6017,7205841,0
1996-09-30,4.6017,4.674,4.584,4.674,6359298,0
1996-10-01,4.6921,4.7012,4.4491,4.5747,9231153,0
1996-10-02,4.6017,4.719,4.5662,4.6017,7548723,0
1996-10-03,4.6017,4.674,4.584,4.647,6695957,0
1996-10-04,4.7733,4.7733,4.584,4.584,9119225,0
1996-10-07,4.5747,4.584,4.4938,4.539,8019520,0
1996-10-08,4.5119,4.5662,4.431,4.4491,8284229,0
1996-10-09,4.476,4.4938,4.3952,4.4222,8306436,0
1996-10-10,4.3952,4.431,4.3231,4.3771,8025736,0
1996-10-11,4.3771,4.3771,4.2959,4.35,10306874,0
1996-10-14,4.3588,4.4222,4.3231,4.3952,9796106,0
1996-10-15,4.3952,4.4491,4.3771,4.4039,11258235,0
1996-10-16,4.431,4.4491,4.3588,4.3952,7179194,0
1996-10-17,4.4039,4.4667,4.3231,4.431,5893830,0
1996-10-18,4.431,4.539,4.3952,4.476,11880044,0
1996-10-21,4.4491,4.4938,4.3231,4.3231,6631114,0
1996-10-22,4.3408,4.35,4.1157,4.1157,15613542,0
1996-10-23,4.1337,4.1698,4.0708,4.0708,15203149,0
1996-10-24,4.0977,4.1157,3.9448,3.9806,14918007,0
1996-10-25,4.0437,4.0977,3.9806,4.0437,11654413,0
1996-10-28,4.0708,4.1157,4.0437,4.0708,16202481,0
1996-10-29,4.0977,4.1966,4.0437,4.1966,14175393,0
1996-10-30,4.2058,4.3139,4.0708,4.2058,9741920,0
1996-10-31,4.2418,4.2778,4.1698,4.2418,4935360,0
1996-11-01,4.2506,4.3139,4.2237,4.2688,5935579,0
1996-11-04,4.2778,4.3139,4.1698,4.1786,4824324,0
1996-11-05,4.1786,4.2058,4.1248,4.1698,10696835,0
1996-11-06,4.2058,4.5747,4.2058,4.5031,17894682,0
1996-11-07,4.8005,5.0524,4.791,4.9804,29015235,0
1996-11-08,4.9172,4.9264,4.8275,4.8813,17610427,0
1996-11-11,4.8993,5.0254,4.8993,4.9444,10040386,0
1996-11-12,4.9264,4.9622,4.8452,4.9172,10934011,0
1996-11-13,4.9535,5.0343,4.9264,4.9804,5534069,0
1996-11-14,4.9893,5.0072,4.8275,4.8721,5560722,0
1996-11-15,4.9264,4.9264,4.8275,4.8813,3742380,0
1996-11-18,4.8993,4.9444,4.8813,4.9264,2344208,0
1996-11-19,4.656,4.8275,4.656,4.7733,17142295,0
1996-11-20,4.791,4.8542,4.7733,4.7733,5965782,0
1996-11-21,4.7733,4.7733,4.7012,4.7283,6729717,0
1996-11-22,4.8275,4.9893,4.7733,4.9444,6221610,0
1996-11-25,4.9264,5.1157,4.9172,5.0614,6635556,0
1996-11-26,5.0794,5.0972,4.8721,4.9264,6305997,0
1996-11-27,4.9264,4.9264,4.8092,4.8275,6146106,0
1996-11-29,4.8005,4.8542,4.791,4.8452,1776589,0
1996-12-02,4.8452,4.8452,4.7553,4.8452,5709063,0
1996-12-03,4.9444,5.0072,4.8993,4.8993,9209829,0
1996-12-04,4.8542,5.0972,4.8452,5.0254,8230047,0
1996-12-05,5.0794,5.3317,5.0614,5.2504,20182041,0
1996-12-06,5.1696,5.5026,5.1157,5.3225,25866230,0
1996-12-09,5.2957,5.3586,5.2504,5.3317,11629546,0
1996-12-10,5.3047,5.3674,5.3047,5.3406,7110794,0
1996-12-11,5.1783,5.3225,5.1783,5.2774,7840971,0
1996-12-12,5.2774,5.3047,5.1875,5.2054,8219383,0
1996-12-13,5.1426,5.1696,4.9893,5.0254,6250924,0
1996-12-16,5.1426,5.3317,5.1064,5.2774,14429446,0
1996-12-17,5.2144,5.2504,5.1064,5.1875,9057932,0
1996-12-18,5.2054,5.2957,5.1426,5.2774,8167862,0
1996-12-19,5.3586,5.3586,5.2054,5.2774,7842746,0
1996-12-20,5.3586,5.3586,5.2504,5.2595,8380164,0
1996-12-23,5.1875,5.2774,5.1512,5.2054,4350862,0
1996-12-24,5.1875,5.3317,5.1783,5.2324,2192307,0
1996-12-26,5.2324,5.2504,5.1696,5.2144,3189867,0
1996-12-27,5.2054,5.2054,5.1426,5.1512,2714629,0
1996-12-30,5.1512,5.1512,5.0524,5.0614,6395716,0
1996-12-31,5.0614,5.0972,5.0343,5.0524,5493210,0
1997-01-02,5.0524,5.1064,4.9444,5.0794,5103246,0
1997-01-03,5.1426,5.2504,5.1064,5.2144,7610014,0
1997-01-06,5.2144,5.2957,5.1512,5.2324,8711497,0
1997-01-07,5.2324,5.2504,5.2144,5.2504,5089038,0
1997-01-08,5.2144,5.2774,5.1157,5.1426,19404780,0
1997-01-09,5.1696,5.1875,5.1064,5.1064,14908235,0
1997-01-10,5.1157,5.1783,5.0524,5.1696,10258906,0
1997-01-13,5.1426,5.1783,4.9535,4.9804,12443221,0
1997-01-14,4.9444,4.9535,4.791,4.8993,24172252,0
1997-01-15,4.8721,4.9893,4.8275,4.9622,12548926,0
1997-01-16,4.9804,5.0254,4.9264,4.9893,6472110,0
1997-01-17,5.0072,5.0343,4.8275,4.8542,7606461,0
1997-01-20,4.8721,4.9264,4.8452,4.8813,5319993,0
1997-01-21,4.9172,5.1426,4.9172,5.0794,9241809,0
1997-01-22,5.0794,5.0794,4.9622,4.9622,11640202,0
1997-01-23,4.9804,5.3317,4.9804,5.1157,14703041,0
1997-01-24,5.1875,5.3317,5.1875,5.3225,18703918,0
1997-01-27,5.3225,5.3674,5.1696,5.1783,11795655,0
1997-01-28,5.2054,5.3047,5.0972,5.2054,10695056,0
1997-01-29,5.2054,5.2774,5.1783,5.2144,3933366,0
1997-01-30,5.2144,5.2324,5.1157,5.2324,5361741,0
1997-01-31,5.3047,5.5118,5.2774,5.4757,18459636,0
1997-02-03,5.4578,5.4848,5.2774,5.4848,11213823,0
1997-02-04,5.4848,5.4848,5.2957,5.3225,8741699,0
1997-02-05,5.2144,5.2957,5.1426,5.1512,12802980,0
1997-02-06,5.1512,5.2054,5.0794,5.1157,9146761,0
1997-02-07,5.1512,5.3225,5.1157,5.2504,8095911,0
1997-02-10,5.3047,5.4578,5.2957,5.3674,7503417,0
1997-02-11,5.3674,5.4037,5.1875,5.2595,9565150,0
1997-02-12,5.2774,5.4578,5.2324,5.4578,11025505,0
1997-02-13,5.5026,5.7818,5.4037,5.6826,55003161,0
1997-02-14,5.863,6.1151,5.8089,6.1061,34922386,0
1997-02-18,6.0069,6.043,5.8359,5.9622,17236455,0
1997-02-19,5.9351,5.9351,5.7278,5.7728,11740581,0
1997-02-20,5.7008,5.8539,5.7008,5.8089,10650644,0
1997-02-21,5.8359,5.863,5.7278,5.7549,9915134,0
1997-02-24,5.7278,5.7549,5.6826,5.7278,6139885,0
1997-02-25,5.7278,5.7908,5.7098,5.7728,10175409,0
1997-02-26,5.7728,5.7908,5.5926,5.7098,9901810,0
1997-02-27,5.7098,5.7728,5.6286,5.638,5975554,0
1997-02-28,5.7008,5.7369,5.5926,5.6107,7919142,0
1997-03-03,5.6107,5.7818,5.5657,5.7728,10024398,0
1997-03-04,5.8178,5.9078,5.7549,5.7818,10695056,0
1997-03-05,5.7908,5.9351,5.7369,5.9078,9954222,0
1997-03-06,5.8808,5.89,5.7818,5.8089,5709955,0
1997-03-07,5.8359,6.043,5.8089,6.0342,15995507,0
1997-03-10,5.9707,6.1061,5.9622,6.043,11426125,0
1997-03-11,6.0612,6.1873,6.0342,6.1873,16541811,0
1997-03-12,6.1603,6.1961,6.1331,6.1603,12012398,0
1997-03-13,6.1331,6.1603,6.043,6.0612,7245816,0
1997-03-14,6.0612,6.1331,6.0612,6.0612,8896263,0
1997-03-17,6.0612,6.1061,5.9978,6.0612,12295764,0
1997-03-18,6.043,6.0794,5.89,5.9078,4335764,0
1997-03-19,5.9078,6.0069,5.665,5.7369,7184519,0
1997-03-20,5.7908,5.863,5.7008,5.8178,5157434,0
1997-03-21,5.8178,5.8539,5.7008,5.7369,5595362,0
1997-03-24,5.665,6.1331,5.6558,6.043,12042601,0
1997-03-25,6.0794,6.0794,5.7728,5.8359,8867839,0
1997-03-26,5.8359,5.89,5.7549,5.8539,8157203,0
1997-03-27,5.7908,5.8359,5.638,5.665,4732829,0
1997-03-31,5.638,5.638,5.3406,5.3406,10823859,0
1997-04-01,5.3674,5.4848,5.3674,5.4757,6366402,0
1997-04-02,5.4667,5.6017,5.4037,5.6017,9916911,0
1997-04-03,5.5749,5.5926,5.4486,5.4486,6356630,0
1997-04-04,5.4486,5.7098,5.4216,5.6286,10081248,0
1997-04-07,5.6286,5.6918,5.6198,5.6737,9217827,0
1997-04-08,5.638,5.665,5.5476,5.638,4945135,0
1997-04-09,5.7278,5.8001,5.6918,5.7458,10474763,0
1997-04-10,5.7278,5.9622,5.7278,5.8989,11653528,0
1997-04-11,5.7549,5.9528,5.6737,5.6737,11515843,0
1997-04-14,5.6737,5.7098,5.5926,5.6198,11436785,0
1997-04-15,5.7278,5.7278,5.5568,5.5838,7864066,0
1997-04-16,5.6017,5.6737,5.4216,5.5568,11848951,0
1997-04-17,5.5749,5.8001,5.5749,5.665,8222936,0
1997-04-18,5.6737,5.6918,5.2233,5.2957,19640178,0
1997-04-21,5.2233,5.3047,5.1426,5.1965,14623984,0
1997-04-22,5.1783,5.2233,5.0343,5.0614,11329300,0
1997-04-23,5.1064,5.1512,4.9984,5.0165,15077010,0
1997-04-24,5.0794,5.0972,4.9264,4.9444,14210926,0
1997-04-25,4.9535,5.0343,4.9172,4.9984,8810986,0
1997-04-28,5.0254,5.1243,4.9893,5.0254,6837201,0
1997-04-29,5.2233,5.2774,5.1426,5.2774,14037708,0
1997-04-30,5.3945,5.5568,5.3317,5.4667,8920247,0
1997-05-01,5.4397,5.4667,5.2417,5.3495,10734144,0
1997-05-02,5.4037,5.5297,5.3674,5.4848,9132551,0
1997-05-05,5.4667,5.5118,5.4397,5.5026,7279569,0
1997-05-06,5.5297,5.638,5.4757,5.5026,18053685,0
1997-05-07,5.5926,5.8448,5.5926,5.6737,10766121,0
1997-05-08,5.9528,6.0069,5.7458,5.7458,32492015,0
1997-05-09,5.8001,5.8989,5.5568,5.6918,17749003,0
1997-05-12,5.7549,5.8448,5.6737,5.827,7395049,0
1997-05-13,5.8808,5.9351,5.8178,5.8448,8327756,0
1997-05-14,5.8539,5.863,5.7549,5.8001,11339958,0
1997-05-15,5.7728,5.8001,5.6918,5.7008,3592260,0
1997-05-16,5.7098,5.8001,5.638,5.7098,6425918,0
1997-05-19,5.7278,5.7728,5.7098,5.7728,2903832,0
1997-05-20,5.7458,5.8448,5.6918,5.8448,5216062,0
1997-05-21,5.8448,5.863,5.7549,5.8178,5648660,0
1997-05-22,5.8178,5.827,5.7008,5.7549,4669762,0
1997-05-23,5.7278,5.827,5.7008,5.8178,6767023,0
1997-05-27,5.8001,6.0069,5.7818,5.9351,7460780,0
1997-05-28,5.9622,5.9622,5.8808,5.9528,5020636,0
1997-05-29,5.9257,6.0522,5.9257,5.98,6032402,0
1997-05-30,5.9528,6.3402,5.9171,6.3402,15357713,0
1997-06-02,6.3132,6.3764,6.088,6.1961,20299294,0
1997-06-03,6.1603,6.1961,6.0249,6.088,11025505,0
1997-06-04,6.088,6.151,6.0794,6.1061,11816973,0
1997-06-05,6.1061,6.1061,6.043,6.0699,7950231,0
1997-06-06,6.0699,6.1422,6.043,6.1422,5576710,0
1997-06-09,6.1422,6.2682,6.1151,6.2682,14004841,0
1997-06-10,6.2682,6.3132,6.2231,6.2952,10051046,0
1997-06-11,6.3042,6.3402,6.2231,6.2682,7324872,0
1997-06-12,6.277,6.3582,6.1961,6.3042,6983767,0
1997-06-13,6.3042,6.3582,6.2952,6.3313,5025078,0
1997-06-16,6.043,6.1422,6.043,6.0794,13851168,0
1997-06-17,6.043,6.1151,5.9528,6.0069,10631103,0
1997-06-18,5.9528,5.9978,5.827,5.8539,6375286,0
1997-06-19,5.9171,6.0699,5.8808,6.043,20588877,0
1997-06-20,6.043,6.1603,6.0249,6.1603,10764346,0
1997-06-23,6.088,6.1781,6.0522,6.088,13923119,0
1997-06-24,5.9351,6.1061,5.8808,6.0794,17092554,0
1997-06-25,6.1061,6.1691,6.088,6.1422,15188939,0
1997-06-26,6.151,6.2231,5.9622,6.0794,7422582,0
1997-06-27,6.1781,6.1961,5.863,5.8989,18684374,0
1997-06-30,5.8989,5.9171,5.7818,5.8448,14783873,0
1997-07-01,5.827,5.9442,5.8178,5.863,12157190,0
1997-07-02,5.8448,5.8989,5.8178,5.8989,8795001,0
1997-07-03,5.863,6.0069,5.863,5.9528,6907373,0
1997-07-07,5.98,6.088,5.9528,5.9622,6006646,0
1997-07-08,5.9171,5.9442,5.8178,5.8989,11553152,0
1997-07-09,5.863,5.8808,5.6198,5.7008,21576660,0
1997-07-10,5.7008,5.7728,5.6918,5.7369,11831186,0
1997-07-11,5.7549,5.8359,5.7369,5.8178,10862060,0
1997-07-14,5.7818,5.8001,5.7008,5.7008,9891153,0
1997-07-15,5.7098,5.9442,5.7098,5.8989,11793879,0
1997-07-16,5.8989,6.088,5.8989,6.0522,14957093,0
1997-07-17,6.0699,6.0794,6.0069,6.043,8929131,0
1997-07-18,6.043,6.0522,5.863,5.9528,5718836,0
1997-07-21,5.9257,6.043,5.9171,5.9978,3531857,0
1997-07-22,5.9978,6.0069,5.9351,5.9528,7222717,0
1997-07-23,6.1151,6.151,6.0069,6.151,12260232,0
1997-07-24,6.1691,6.4215,5.9171,6.3582,17490507,0
1997-07-25,6.3402,6.3402,6.2231,6.2501,11656194,0
1997-07-28,6.2231,6.2413,6.1242,6.1603,5200960,0
1997-07-29,6.1603,6.3042,6.1422,6.2501,6183414,0
1997-07-30,6.2952,6.4033,6.2682,6.3671,12421904,0
1997-07-31,6.3764,6.4123,6.2682,6.4033,5701068,0
1997-08-01,6.3764,6.4033,6.2321,6.3402,4440582,0
1997-08-04,6.4302,6.7544,6.4302,6.7456,21136064,0
1997-08-05,6.6103,6.6103,6.3764,6.4392,21006374,0
1997-08-06,6.4664,6.6103,6.4123,6.5203,19127633,0
1997-08-07,6.2321,6.2682,5.6737,5.7008,72801014,0
1997-08-08,5.6918,5.827,5.5118,5.8178,38409828,0
1997-08-11,5.8448,5.8448,5.4848,5.5926,23683693,0
1997-08-12,5.6286,5.6737,5.4848,5.5026,15361265,0
1997-08-13,5.5657,5.5657,5.4037,5.4216,12612886,0
1997-08-14,5.5026,5.5749,5.4486,5.5568,14568910,0
1997-08-15,5.5568,5.7008,5.5118,5.6107,14527157,0
1997-08-18,5.6107,5.7278,5.5926,5.6017,11955547,0
1997-08-19,5.6107,5.7098,5.5926,5.6918,7428807,0
1997-08-20,5.6918,5.6918,5.5476,5.638,8428131,0
1997-08-21,5.638,5.638,5.4757,5.5568,9462108,0
1997-08-22,5.5026,5.5926,5.4667,5.5838,5875178,0
1997-08-25,5.6107,5.6198,5.4757,5.5026,7075261,0
1997-08-26,5.4848,5.5568,5.4848,5.5118,8907810,0
1997-08-27,5.5118,5.5297,5.3945,5.4757,6393049,0
1997-08-28,5.4667,5.4667,5.3767,5.4486,6099025,0
1997-08-29,5.4667,5.5118,5.4397,5.4667,3148113,0
1997-09-02,5.5026,5.6558,5.5026,5.6286,8870506,0
1997-09-03,5.7278,5.8178,5.7008,5.7008,13228472,0
1997-09-04,5.6918,5.8178,5.6558,5.7549,9793441,0
1997-09-05,6.0069,6.0069,5.8989,5.9528,15849827,0
1997-09-08,5.9893,6.0249,5.8359,5.863,5556276,0
1997-09-09,5.8178,6.0522,5.8178,5.9442,7669532,0
1997-09-10,5.9442,5.9978,5.8989,5.9257,7315989,0
1997-09-11,5.9351,6.0794,5.8539,5.8989,14281100,0
1997-09-12,6.0069,6.088,5.9528,6.0249,12882927,0
1997-09-15,6.0699,6.0794,5.9707,6.0069,7150764,0
1997-09-16,6.0069,6.088,5.9893,6.0342,4547178,0
1997-09-17,6.043,6.0699,5.9893,6.0249,5686858,0
1997-09-18,6.0161,6.151,6.0161,6.0794,6889608,0
1997-09-19,6.151,6.151,6.0522,6.0522,4977999,0
1997-09-22,6.0522,6.1061,5.9893,6.0794,4479666,0
1997-09-23,6.0794,6.088,5.7458,5.8989,15091226,0
1997-09-24,5.8808,5.9622,5.7458,5.7728,10676403,0
1997-09-25,5.7549,5.7549,5.5297,5.6918,13550924,0
1997-09-26,5.6918,5.6918,5.5926,5.6107,5439912,0
1997-09-29,5.5389,5.5389,5.3945,5.5026,19217352,0
1997-09-30,5.5476,5.638,5.5297,5.6198,11061034,0
1997-10-01,5.6286,5.8001,5.6286,5.7458,19690813,0
1997-10-02,5.665,5.665,5.4486,5.4757,18138962,0
1997-10-03,5.5568,5.6286,5.3945,5.4486,12216705,0
1997-10-06,5.4848,5.5118,5.3317,5.4126,8680407,0
1997-10-07,5.4037,5.7278,5.2595,5.638,10433011,0
1997-10-08,5.8989,6.043,5.8178,5.9978,41526852,0
1997-10-09,5.9171,6.0069,5.8539,5.8989,10048380,0
1997-10-10,5.8539,5.8989,5.8001,5.8178,4996653,0
1997-10-13,5.8178,5.9257,5.8178,5.8539,2732393,0
1997-10-14,5.863,5.8808,5.7639,5.8359,4946907,0
1997-10-15,5.7818,5.8359,5.7549,5.7639,7097466,0
1997-10-16,5.8178,5.89,5.7728,5.8089,7412812,0
1997-10-17,5.7008,5.8359,5.6918,5.827,5587369,0
1997-10-20,5.9528,6.0069,5.8989,5.9257,6768800,0
1997-10-21,5.9442,5.9528,5.8989,5.9257,4365961,0
1997-10-22,6.0069,6.0249,5.8989,5.9978,6870064,0
1997-10-23,5.9528,5.9528,5.7908,5.863,6609797,0
1997-10-24,5.9351,5.9351,5.8001,5.8001,4156325,0
1997-10-27,5.1696,5.3767,4.8361,4.8361,33291479,0
1997-10-28,4.7733,5.4486,4.7642,5.3317,31459817,0
1997-10-29,5.3047,5.4397,5.2957,5.3406,13292429,0
1997-10-30,5.2774,5.3674,5.2144,5.2595,9430127,0
1997-10-31,5.2774,5.3225,5.1064,5.2054,15886250,0
1997-11-03,5.2957,5.3495,5.2504,5.2774,8286005,0
1997-11-04,5.2774,5.5118,5.2774,5.4486,7909366,0
1997-11-05,5.4848,5.6737,5.4397,5.638,10152310,0
1997-11-06,6.0069,6.0699,5.9528,5.9978,29970150,0
1997-11-07,5.9171,5.9622,5.8448,5.9528,10035944,0
1997-11-10,6.0069,6.0249,5.8808,5.9257,5426589,0
1997-11-11,5.9528,5.9622,5.863,5.9171,3598478,0
1997-11-12,5.863,5.9257,5.7818,5.8539,5735714,0
1997-11-13,5.8448,5.9528,5.7908,5.9257,3176538,0
1997-11-14,5.9622,6.0249,5.8448,5.98,4091481,0
1997-11-17,6.0249,6.088,6.0161,6.043,5199183,0
1997-11-18,6.0161,6.043,5.8989,5.8989,2783913,0
1997-11-19,5.8808,5.98,5.8539,5.9622,4751486,0
1997-11-20,6.151,6.151,6.0069,6.043,6850525,0
1997-11-21,6.043,6.043,5.9171,5.9707,5146775,0
1997-11-24,5.9528,5.9528,5.8448,5.8989,10049268,0
1997-11-25,5.863,5.8808,5.7098,5.7278,12630652,0
1997-11-26,5.7549,5.8359,5.7458,5.8089,4548064,0
1997-11-28,5.8089,5.8808,5.8089,5.8539,1155668,0
1997-12-01,5.8989,5.9257,5.8539,5.8989,5842311,0
1997-12-02,5.9257,5.9622,5.8989,5.9351,2306901,0
1997-12-03,5.9442,5.9442,5.8178,5.863,6810551,0
1997-12-04,5.863,5.863,5.7549,5.7818,4958458,0
1997-12-05,5.7818,5.9528,5.7458,5.8359,6978437,0
1997-12-08,5.8539,5.9171,5.8448,5.89,5670868,0
1997-12-09,5.8178,5.8448,5.7728,5.8089,3619799,0
1997-12-10,5.7278,5.8178,5.6198,5.6737,12840288,0
1997-12-11,5.6737,5.7369,5.6286,5.638,7355960,0
1997-12-12,5.638,5.665,5.4848,5.5205,5974663,0
1997-12-15,5.5297,5.6107,5.5118,5.5476,6113236,0
1997-12-16,5.5568,5.6286,5.5026,5.6017,5717945,0
1997-12-17,5.5749,5.6198,5.5568,5.5749,5618458,0
1997-12-18,5.5749,5.5749,5.2595,5.3317,18430325,0
1997-12-19,5.3047,5.3674,5.2774,5.3406,12591568,0
1997-12-22,5.3674,5.3945,5.2774,5.2864,6048393,0
1997-12-23,5.2957,5.3047,5.1426,5.2144,12455659,0
1997-12-24,5.2957,5.3047,5.2233,5.2774,5287125,0
1997-12-26,5.3047,5.3406,5.3047,5.3317,1033087,0
1997-12-29,5.3317,5.4126,5.3225,5.4126,5120126,0
1997-12-30,5.3945,5.5926,5.3945,5.5205,5856520,0
1997-12-31,5.5205,5.6918,5.5118,5.5838,5710844,0
1998-01-02,5.5926,5.6918,5.5568,5.5838,4506316,0
1998-01-05,5.5838,5.6558,5.5657,5.5749,7204951,0
1998-01-06,5.5118,5.6198,5.4397,5.6017,8423692,0
1998-01-07,5.5926,5.6737,5.5568,5.6558,9504745,0
1998-01-08,5.6558,5.7278,5.638,5.6737,10171851,0
1998-01-09,5.6737,5.6918,5.5568,5.5568,9965768,0
1998-01-12,5.3945,5.5926,5.3945,5.4667,11252907,0
1998-01-13,5.4667,5.4667,5.3674,5.3945,9361730,0
1998-01-14,5.4216,5.5568,5.4037,5.4848,5837869,0
1998-01-15,5.3945,5.4037,5.2774,5.2774,14053700,0
1998-01-16,5.2774,5.4848,5.2774,5.4037,9932902,0
1998-01-20,5.4216,5.4397,5.3135,5.3858,10487199,0
1998-01-21,5.3674,5.4667,5.3317,5.3858,8321537,0
1998-01-22,5.3767,5.4667,5.3047,5.3945,5590031,0
1998-01-23,5.3858,5.4397,5.2595,5.3135,10622220,0
1998-01-26,5.3135,5.3225,5.2233,5.2595,5383060,0
1998-01-27,5.2504,5.4309,5.2504,5.3945,9725039,0
1998-01-28,5.4126,5.5026,5.4037,5.4757,8015073,0
1998-01-29,5.4848,5.5926,5.4848,5.5568,5986212,0
1998-01-30,5.6286,5.7549,5.5926,5.7549,8167862,0
1998-02-02,5.9351,5.9528,5.8539,5.8808,11010403,0
1998-02-03,5.8448,5.863,5.7549,5.8539,7255586,0
1998-02-04,5.8448,5.8989,5.8089,5.89,7466999,0
1998-02-05,5.8808,5.9707,5.8448,5.863,5960453,0
1998-02-06,5.8808,5.8808,5.8089,5.863,3879179,0
1998-02-09,5.8448,6.1151,5.8448,6.088,11489192,0
1998-02-10,6.151,6.2594,6.0522,6.1061,9941786,0
1998-02-11,6.088,6.1422,6.0249,6.0342,4946907,0
1998-02-12,6.1151,6.3132,5.9442,6.2952,19564674,0
1998-02-13,6.3042,6.6285,6.3042,6.5294,34743837,0
1998-02-17,6.5024,6.5835,6.3492,6.3764,11496301,0
1998-02-18,6.3764,6.6013,6.3764,6.5653,19959074,0
1998-02-19,6.5381,6.6196,6.5024,6.5835,6226051,0
1998-02-20,6.6196,6.6552,6.5653,6.5835,7337309,0
1998-02-23,6.5745,6.7095,6.5653,6.6916,6782125,0
1998-02-24,6.7637,6.9347,6.6552,6.6916,19084996,0
1998-02-25,6.7456,6.8627,6.7456,6.7903,9105901,0
1998-02-26,6.8268,6.8627,6.7903,6.8356,5945352,0
1998-02-27,6.8089,6.8804,6.7725,6.8174,3013094,0
1998-03-02,6.7456,6.8804,6.7273,6.8716,6986430,0
1998-03-03,6.8537,7.0878,6.8537,7.0518,14708371,0
1998-03-04,7.0155,7.2859,6.9166,7.2226,12389924,0
1998-03-05,7.0789,7.1597,7.0518,7.1238,8757688,0
1998-03-06,7.2226,7.2497,7.1689,7.1867,11035276,0
1998-03-09,7.1689,7.2859,7.1689,7.2497,9949779,0
1998-03-10,7.3039,7.4209,7.3039,7.4209,13797868,0
1998-03-11,7.3937,7.4209,7.295,7.385,9931126,0
1998-03-12,7.3311,7.5379,7.3311,7.511,9168081,0
1998-03-13,7.493,7.511,7.358,7.3669,5700181,0
1998-03-16,7.3311,7.3759,7.3039,7.3218,4421929,0
1998-03-17,7.3311,7.3311,7.259,7.3039,5667313,0
1998-03-18,7.2678,7.3937,7.259,7.3669,5029521,0
1998-03-19,7.3937,7.4479,7.2049,7.2859,6227830,0
1998-03-20,7.3129,7.3129,7.1867,7.2049,5563384,0
1998-03-23,7.1689,7.2678,7.1059,7.2678,6944682,0
1998-03-24,7.3129,7.4661,7.2859,7.4479,8335749,0
1998-03-25,7.4479,7.511,7.3759,7.4841,6821206,0
1998-03-26,7.4572,7.5292,7.4209,7.493,6247373,0
1998-03-27,7.5292,7.547,7.3759,7.3937,6512970,0
1998-03-30,7.3311,7.3669,7.2497,7.3129,5556276,0
1998-03-31,7.3399,7.385,7.2226,7.2768,8292223,0
1998-04-01,7.1328,7.295,7.1328,7.2497,7365734,0
1998-04-02,7.3937,7.7543,7.3937,7.7089,15702371,0
1998-04-03,7.6914,7.8622,7.6552,7.844,13882255,0
1998-04-06,7.844,7.8533,7.619,7.7089,7125006,0
1998-04-07,7.7089,7.7089,7.6282,7.6552,4931808,0
1998-04-08,7.6914,7.8802,7.6914,7.7183,6799000,0
1998-04-09,7.727,7.8983,7.7089,7.8712,5536736,0
1998-04-13,7.8533,7.8712,7.7814,7.8533,6293564,0
1998-04-14,7.8622,8.1415,7.817,8.1415,11654413,0
1998-04-15,8.0605,8.0786,7.907,7.9435,8864285,0
1998-04-16,7.9254,7.9707,7.7992,7.8533,4073717,0
1998-04-17,7.8354,7.8533,7.7632,7.844,2902055,0
1998-04-20,7.8354,7.9166,7.8264,7.844,5224057,0
1998-04-21,7.8264,7.8533,7.7632,7.844,4752371,0
1998-04-22,7.817,7.9166,7.817,7.907,5199183,0
1998-04-23,7.8802,7.8802,7.5741,7.61,5073934,0
1998-04-24,7.5921,7.6642,7.511,7.5199,8047052,0
1998-04-27,7.3039,7.3669,7.1959,7.2497,10654197,0
1998-04-28,7.3311,7.4572,7.295,7.3937,7355960,0
1998-04-29,7.5833,7.5833,7.3669,7.502,9975541,0
1998-04-30,7.5292,7.9793,7.5199,7.8983,12612886,0
1998-05-01,7.844,7.8802,7.7453,7.8264,7773458,0
1998-05-04,7.8264,7.934,7.7721,7.8354,4978888,0
1998-05-05,7.7901,7.9707,7.7721,7.8983,6632889,0
1998-05-06,7.8802,8.0156,7.7632,7.8622,6242043,0
1998-05-07,7.8983,7.9707,7.8084,7.907,9586468,0
1998-05-08,7.907,8.2046,7.907,8.1592,9882272,0
1998-05-11,8.1323,8.2764,8.0874,8.0965,8827866,0
1998-05-12,8.0965,8.1323,7.9973,8.0694,4630676,0
1998-05-13,8.1323,8.2046,8.0874,8.1323,6775905,0
1998-05-14,8.1592,8.3036,8.1323,8.1682,11959990,0
1998-05-15,8.1592,8.1592,7.907,7.907,5066834,0
1998-05-18,7.907,7.907,7.5921,7.7814,6883391,0
1998-05-19,7.7632,7.7721,7.5199,7.547,6412596,0
1998-05-20,7.5199,7.619,7.3311,7.4031,13009062,0
1998-05-21,7.502,7.7002,7.4661,7.637,8221159,0
1998-05-22,7.5833,7.6009,7.3937,7.4572,6751920,0
1998-05-26,7.4841,7.4841,7.2768,7.3039,8802103,0
1998-05-27,7.259,7.3129,7.1328,7.2049,5375955,0
1998-05-28,6.9884,7.1328,6.7996,7.0248,59648049,0
1998-05-29,7.1059,7.232,7.1059,7.1959,40216617,0
1998-06-01,7.1328,7.1328,7.0518,7.1059,14054584,0
1998-06-02,7.1059,7.1059,6.9436,6.9884,12530273,0
1998-06-03,7.0426,7.1328,7.0155,7.0248,11402141,0
1998-06-04,7.0248,7.0248,6.9166,6.9884,5375955,0
1998-06-05,6.9706,7.1689,6.9706,7.0608,8608459,0
1998-06-08,7.1059,7.1959,7.0426,7.0608,6083923,0
1998-06-09,7.0608,7.1511,7.0426,7.1511,8057715,0
1998-06-10,7.1418,7.2768,7.1238,7.1867,9105901,0
1998-06-11,7.1867,7.2497,7.1511,7.1689,7117014,0
1998-06-12,7.1511,7.2497,7.1418,7.1776,7665089,0
1998-06-15,7.1776,7.1776,7.0426,7.0518,9709943,0
1998-06-16,7.0789,7.0789,6.8804,6.9616,8729265,0
1998-06-17,7.0789,7.1145,7.0426,7.0789,12566693,0
1998-06-18,7.0789,7.2049,7.0518,7.2049,11586018,0
1998-06-19,7.1959,7.2049,7.0878,7.1238,6138998,0
1998-06-22,7.0966,7.0966,6.98,7.0155,5176088,0
1998-06-23,7.0789,7.0789,6.9436,6.9706,4882063,0
1998-06-24,6.9436,7.1597,6.9255,7.1597,8820759,0
1998-06-25,7.1597,7.232,7.0966,7.2049,8015073,0
1998-06-26,7.2049,7.3311,7.2049,7.3311,7909366,0
1998-06-29,7.4031,7.4479,7.3399,7.3937,8102130,0
1998-06-30,7.2859,7.2859,7.1238,7.1597,12331294,0
1998-07-01,7.2049,7.4661,7.1959,7.385,10293551,0
1998-07-02,7.3218,7.3759,7.295,7.3129,6457010,0
1998-07-06,7.3039,7.3129,7.259,7.3039,4103031,0
1998-07-07,7.3039,7.3218,7.2768,7.295,10442785,0
1998-07-08,7.3039,7.3039,7.2768,7.3039,8197175,0
1998-07-09,7.2859,7.295,7.232,7.2409,4056841,0
1998-07-10,7.232,7.232,7.0426,7.1418,6010198,0
1998-07-13,7.2226,7.2226,6.98,7.0518,5375070,0
1998-07-14,7.0518,7.0789,6.9706,7.0155,4293123,0
1998-07-15,7.0155,7.0155,6.8897,6.9077,7638439,0
1998-07-16,6.8356,6.9255,6.7005,6.9077,17338610,0
1998-07-17,6.9166,7.0155,6.9166,6.98,6444571,0
1998-07-20,6.9527,6.9527,6.8627,6.8897,5530517,0
1998-07-21,6.8897,6.8986,6.7005,6.7273,10342410,0
1998-07-22,6.7185,6.7456,6.5294,6.5565,10296216,0
1998-07-23,6.5565,6.5653,6.2952,6.3582,18443647,0
1998-07-24,6.4033,6.4575,6.3042,6.3764,11794766,0
1998-07-27,6.3492,6.5381,6.3042,6.3492,7498977,0
1998-07-28,6.3764,6.5024,6.3764,6.4846,11325746,0
1998-07-29,6.5294,6.5476,6.4846,6.493,5487880,0
1998-07-30,6.493,6.493,6.1422,6.2321,21109418,0
1998-07-31,6.2321,6.3582,6.2053,6.3492,12047041,0
1998-08-03,6.3492,6.4752,6.151,6.1961,11963541,0
1998-08-04,6.1961,6.1961,5.9078,5.9078,18675491,0
1998-08-05,5.9707,6.0612,5.7458,5.9442,17429213,0
1998-08-06,4.719,4.7283,3.6654,4.2506,179681431,0
1998-08-07,4.2327,4.2688,4.0437,4.0798,68465252,0
1998-08-10,4.1248,4.1248,3.6654,3.7554,64672239,0
1998-08-11,3.4854,3.9357,3.3232,3.9357,49517945,0
1998-08-12,4.0437,4.1878,3.8006,3.9176,43547721,0
1998-08-13,3.6025,3.7015,3.5302,3.6025,67091062,0
1998-08-14,3.6295,3.6654,3.4944,3.5214,23772523,0
1998-08-17,3.5485,3.6295,3.5214,3.5842,19419882,0
1998-08-18,3.7015,3.8006,3.6295,3.6295,17998615,0
1998-08-19,3.6475,3.6747,3.5665,3.6295,21981719,0
1998-08-20,3.6116,3.7645,3.5842,3.6836,86908013,0
1998-08-21,3.6654,3.8547,3.6025,3.8276,16257556,0
1998-08-24,3.8276,3.8547,3.7645,3.8547,19250219,0
1998-08-25,3.9357,3.9806,3.9176,3.9535,19250219,0
1998-08-26,3.8905,4.0166,3.8725,3.9627,16349051,0
1998-08-27,3.8905,3.9448,3.8547,3.8905,32046091,0
1998-08-28,3.9086,4.0166,3.9086,4.0166,12530273,0
1998-08-31,3.99,4.1878,3.99,4.0616,14576904,0
1998-09-01,4.0616,4.4667,3.9806,4.2327,22063446,0
1998-09-02,4.215,4.2688,4.1248,4.1248,17322619,0
1998-09-03,4.1157,4.1786,4.0616,4.1248,15100107,0
1998-09-04,4.1248,4.1248,4.0437,4.0437,13326183,0
1998-09-08,4.0798,4.1878,4.0076,4.1698,12995740,0
1998-09-09,4.1428,4.1878,3.9448,3.99,9815648,0
1998-09-10,3.8725,4.0166,3.8725,4.0076,13051703,0
1998-09-11,3.99,4.1248,3.9535,4.0437,8079919,0
1998-09-14,4.0437,4.2058,4.0437,4.1698,6233156,0
1998-09-15,4.1428,4.2418,4.1157,4.2327,4547178,0
1998-09-16,4.215,4.3139,4.2058,4.2688,9677964,0
1998-09-17,4.215,4.476,4.161,4.4582,13058807,0
1998-09-18,4.4399,4.6654,4.35,4.6288,11571805,0
1998-09-21,4.6111,4.6111,4.4938,4.5031,8635104,0
1998-09-22,4.5031,4.584,4.431,4.5119,8084363,0
1998-09-23,4.6111,4.6831,4.53,4.6831,4284243,0
1998-09-24,4.6288,4.656,4.215,4.3952,9057046,0
1998-09-25,4.3231,4.3231,4.1786,4.2327,15082345,0
1998-09-28,4.2688,4.2869,4.2418,4.2688,5710844,0
1998-09-29,4.2688,4.2688,4.0798,4.1157,3867634,0
1998-09-30,4.0257,4.0437,3.9176,3.9357,10411692,0
1998-10-01,3.8725,3.8725,3.7554,3.7554,23631283,0
1998-10-02,3.8006,4.1428,3.8006,4.1337,25557102,0
1998-10-05,4.0977,4.2418,4.0437,4.215,17765878,0
1998-10-06,4.0977,4.305,4.0977,4.2688,10838074,0
1998-10-07,4.215,4.4129,4.215,4.2688,11484753,0
1998-10-08,4.1248,4.1248,3.9176,3.9535,17859147,0
1998-10-09,3.9448,4.1966,3.9448,4.1698,6552057,0
1998-10-12,4.2058,4.2327,4.0977,4.1966,3832989,0
1998-10-13,4.1966,4.3139,4.0977,4.1428,4444135,0
1998-10-14,4.0886,4.215,4.0886,4.215,5330654,0
1998-10-15,4.1878,4.5119,4.161,4.4399,5841418,0
1998-10-16,4.4399,4.5119,4.35,4.35,3355972,0
1998-10-19,4.4399,4.476,4.431,4.4582,4545398,0
1998-10-20,4.2869,4.305,4.215,4.2418,11875601,0
1998-10-21,4.2688,4.305,4.1878,4.215,12516948,0
1998-10-22,4.2506,4.2506,4.1157,4.1428,14662179,0
1998-10-23,4.161,4.2058,4.0977,4.1157,6942018,0
1998-10-26,4.1157,4.1248,4.0437,4.1157,6732379,0
1998-10-27,4.1157,4.161,4.0437,4.1337,8858953,0
1998-10-28,4.1337,4.1878,4.0437,4.1698,9811206,0
1998-10-29,4.215,4.6831,4.215,4.6202,22666597,0
1998-10-30,4.719,4.9264,4.7012,4.8361,15701482,0
1998-11-02,4.8361,5.0254,4.791,5.0165,8879387,0
1998-11-03,4.9535,5.1334,4.8903,5.1157,7248478,0
1998-11-04,5.1512,5.2774,5.1334,5.1604,11449219,0
1998-11-05,4.9444,5.3674,4.8542,5.2144,28455607,0
1998-11-06,5.2774,5.5926,5.2595,5.5838,16339280,0
1998-11-09,5.5568,5.5568,5.4037,5.5297,8341079,0
1998-11-10,5.5297,5.5926,5.4578,5.4757,8628887,0
1998-11-11,5.4486,5.4578,5.1965,5.2595,5057945,0
1998-11-12,5.2774,5.2774,5.0794,5.1512,4517864,0
1998-11-13,5.1334,5.1334,5.0614,5.0972,6012862,0
1998-11-16,5.1157,5.1875,4.8721,4.9622,8763020,0
1998-11-17,4.9622,5.1512,4.9172,5.1157,11887148,0
1998-11-18,5.2233,5.4667,5.1426,5.3586,9016182,0
1998-11-19,5.4397,5.4757,5.3767,5.4578,7065491,0
1998-11-20,5.5297,5.6918,5.3858,5.3945,15801861,0
1998-11-23,5.3945,5.3945,5.2144,5.2685,11370167,0
1998-11-24,5.2685,5.3767,5.2233,5.2774,2659553,0
1998-11-25,5.2595,5.2957,4.9444,5.1604,8267352,0
1998-11-27,5.1696,5.2233,5.0972,5.2233,1423046,0
1998-11-30,5.1696,5.1696,5.0434,5.0705,3783244,0
1998-12-01,4.9444,5.1334,4.9444,5.0524,4921145,0
1998-12-02,5.0434,5.3945,5.0343,5.3945,6775905,0
1998-12-03,5.2864,5.2957,5.1426,5.1426,8013301,0
1998-12-04,5.2233,5.4037,5.2144,5.2504,9719714,0
1998-12-07,5.3225,5.5568,5.3225,5.3858,8181187,0
1998-12-08,5.3406,5.5568,5.3225,5.4126,6013751,0
1998-12-09,5.2233,5.3317,4.8361,4.8721,36767372,0
1998-12-10,5.1965,5.2774,4.719,4.8361,33212421,0
1998-12-11,4.9172,5.1157,4.8903,5.0794,15875588,0
1998-12-14,5.0614,5.0794,4.6654,4.8361,12045268,0
1998-12-15,4.8183,4.9172,4.791,4.8092,7343525,0
1998-12-16,4.8452,4.9893,4.8361,4.9172,5313775,0
1998-12-17,4.9084,4.9444,4.8183,4.8903,8258469,0
1998-12-18,4.8361,4.9444,4.8361,4.8721,9530504,0
1998-12-21,4.8452,5.0434,4.8275,5.0165,8205171,0
1998-12-22,4.9984,5.0972,4.9084,4.9172,5618458,0
1998-12-23,4.9444,5.0524,4.9172,4.9893,3721951,0
1998-12-24,4.9713,5.0614,4.9713,5.0165,1335993,0
1998-12-28,4.9444,5.1064,4.9444,4.9984,4275358,0
1998-12-29,5.0165,5.0434,4.9444,4.9444,3353312,0
1998-12-30,4.9713,5.1512,4.9535,5.0072,5107693,0
1998-12-31,5.0072,5.1783,4.8361,4.8452,6272242,0
1999-01-04,4.9172,5.1512,4.9172,5.0972,9102345,0
1999-01-05,5.1157,5.2957,5.1064,5.1783,3935142,0
1999-01-06,5.3225,5.4486,5.3047,5.3945,10902920,0
1999-01-07,5.3674,5.4037,5.2957,5.3047,18114976,0
1999-01-08,5.3047,5.3225,5.0705,5.1157,7752142,0
1999-01-11,5.0434,5.2504,5.0254,5.1875,5925810,0
1999-01-12,5.1157,5.2144,5.0165,5.0705,5230273,0
1999-01-13,4.9444,5.0614,4.8005,4.8275,16282427,0
1999-01-14,4.8275,4.9893,4.7733,4.8005,8401484,0
1999-01-15,4.8542,5.0972,4.8452,5.0794,8753251,0
1999-01-19,5.1426,5.1426,4.8813,4.9535,3031748,0
1999-01-20,4.9264,4.9713,4.8452,4.8903,6329980,0
1999-01-21,4.9084,4.9172,4.6111,4.6831,8574705,0
1999-01-22,4.7642,5.0614,4.7371,4.9444,10877158,0
1999-01-25,4.9264,4.9444,4.8183,4.8542,7459893,0
1999-01-26,4.8361,4.8542,4.431,4.647,26205560,0
1999-01-27,4.719,4.8452,4.719,4.8005,12340180,0
1999-01-28,4.8005,5.0972,4.8005,4.9984,11621547,0
1999-01-29,5.0072,5.0794,4.9893,5.0254,6879835,0
1999-02-01,5.0254,5.4037,5.0254,5.3317,11465211,0
1999-02-02,5.2504,5.3317,5.2417,5.2864,13005512,0
1999-02-03,5.2864,5.2957,5.2504,5.2957,8389934,0
1999-02-04,5.2417,5.2417,5.1604,5.1696,5928472,0
1999-02-05,5.1604,5.1696,5.0343,5.0794,8804769,0
1999-02-08,5.0254,5.0794,4.9893,4.9984,5016195,0
1999-02-09,4.9893,4.9984,4.719,4.719,4944245,0
1999-02-10,4.719,4.8005,4.6654,4.7733,8504528,0
1999-02-11,4.7822,4.9264,4.7822,4.9084,4359748,0
1999-02-12,4.8903,5.0614,4.7822,5.0072,5335093,0
1999-02-16,5.0072,5.3317,5.0072,5.3317,8271793,0
1999-02-17,5.2864,5.3047,5.1783,5.2595,11032611,0
1999-02-18,5.2864,5.3317,5.2685,5.3047,10191399,0
1999-02-19,5.3767,5.4216,5.2864,5.2864,15583342,0
1999-02-22,5.2864,5.5205,5.2864,5.5026,18277535,0
1999-02-23,5.4757,5.5568,5.4486,5.5026,9344853,0
1999-02-24,5.4848,5.5205,5.1965,5.3406,9733039,0
1999-02-25,5.3225,5.4397,5.3225,5.3674,10059930,0
1999-02-26,5.3945,5.5476,5.3945,5.5476,13481637,0
1999-03-01,5.5297,5.6826,5.5205,5.6107,10262459,0
1999-03-02,5.5568,5.8808,5.5568,5.8359,14321962,0
1999-03-03,5.8089,5.8359,5.6558,5.665,18718132,0
1999-03-04,5.7189,5.7278,5.6198,5.6198,14607107,0
1999-03-05,5.6469,5.8001,5.6469,5.7908,9522512,0
1999-03-08,5.7728,5.8989,5.7369,5.8178,5192965,0
1999-03-09,5.7728,5.9442,5.7728,5.89,7085924,0
1999-03-10,5.8178,5.89,5.8089,5.8808,2619580,0
1999-03-11,5.9528,6.1151,5.9351,6.0249,7436799,0
1999-03-12,6.0069,6.043,5.8989,5.9078,5161877,0
1999-03-15,5.8989,6.1151,5.8989,6.0522,4665323,0
1999-03-16,6.043,6.097,6.0161,6.0699,3123244,0
1999-03-17,6.097,6.151,6.0161,6.0161,6715504,0
1999-03-18,6.0069,6.097,5.9622,6.0249,9777449,0
1999-03-19,6.0794,6.1242,6.0249,6.0249,8612008,0
1999-03-22,5.98,6.1061,5.9707,6.097,3265369,0
1999-03-23,6.0249,6.097,5.89,5.9528,5428365,0
1999-03-24,5.9622,5.9707,5.8718,5.9078,2764371,0
1999-03-25,5.9528,5.9528,5.89,5.9257,5459454,0
1999-03-26,5.8989,5.9257,5.89,5.89,2758154,0
1999-03-29,5.8359,5.8718,5.8089,5.8178,5547397,0
1999-03-30,5.8089,5.863,5.8089,5.8539,3861415,0
1999-03-31,5.9078,6.043,5.8808,5.9171,6154101,0
1999-04-01,5.89,5.9978,5.8539,5.9257,9372386,0
1999-04-05,5.8989,6.0161,5.89,5.98,8389934,0
1999-04-06,5.9622,5.9622,5.665,5.6737,9674409,0
1999-04-07,5.6558,5.7458,5.5838,5.7008,7039731,0
1999-04-08,5.3945,5.4037,5.0254,5.0254,41976329,0
1999-04-09,5.1157,5.4936,5.1157,5.3225,15990178,0
1999-04-12,5.3225,5.3406,5.2054,5.2233,14260670,0
1999-04-13,5.2144,5.2144,5.1512,5.1696,21232001,0
1999-04-14,5.1157,5.4216,5.1064,5.3406,13005512,0
1999-04-15,5.3225,5.4757,5.2864,5.4757,11401252,0
1999-04-16,5.4397,5.6286,5.4397,5.6286,11819641,0
1999-04-19,5.6826,5.7818,5.6826,5.7458,9998634,0
1999-04-20,5.7369,6.097,5.7278,6.088,12045268,0
1999-04-21,6.0794,6.1331,5.9622,6.0699,13158298,0
1999-04-22,6.0161,6.0522,5.9257,6.0522,6333534,0
1999-04-23,6.0794,6.1331,6.0522,6.0522,14381477,0
1999-04-26,6.0699,6.1691,6.0249,6.1151,3893394,0
1999-04-27,6.1151,6.1603,6.0069,6.151,20275308,0
1999-04-28,6.151,6.3492,6.1151,6.2594,7027295,0
1999-04-29,6.3492,6.3492,6.2053,6.3132,6051945,0
1999-04-30,6.3042,6.3853,6.1873,6.3042,3406605,0
1999-05-03,6.2952,6.4752,6.2952,6.4575,9731260,0
1999-05-04,6.6013,6.8089,6.5115,6.6825,10703052,0
1999-05-05,6.8537,6.9884,6.6825,6.7996,10708382,0
1999-05-06,6.9077,6.9166,6.5381,6.5653,7620675,0
1999-05-07,6.5835,6.7544,6.5745,6.6375,8839415,0
1999-05-10,6.6103,6.7005,6.5924,6.6103,9748140,0
1999-05-11,6.6013,6.7817,6.5653,6.7544,8992196,0
1999-05-12,6.7456,6.8537,6.6375,6.7996,5873400,0
1999-05-13,6.7996,6.8174,6.6825,6.7005,6328207,0
1999-05-14,6.5653,6.5924,6.4215,6.4302,6549392,0
1999-05-17,6.4215,6.4575,6.2952,6.3492,10072365,0
1999-05-18,6.3402,6.4575,6.1961,6.4123,8954890,0
1999-05-19,6.4483,6.7544,6.4483,6.7273,10456109,0
1999-05-20,6.9077,7.502,6.8986,7.4841,17610427,0
1999-05-21,7.3669,7.3669,6.9077,7.0789,17975515,0
1999-05-24,7.0789,7.1059,6.7005,6.7366,13475418,0
1999-05-25,6.7456,6.9077,6.6465,6.7996,8779007,0
1999-05-26,6.8268,6.8268,6.5565,6.6375,6919810,0
1999-05-27,6.6375,6.6825,6.5745,6.6103,5019748,0
1999-05-28,6.6825,6.7903,6.5294,6.5565,6070601,0
1999-06-01,6.4392,6.6013,6.3671,6.5294,5942685,0
1999-06-02,6.5653,7.1328,6.5565,7.0518,12371271,0
1999-06-03,7.1328,7.2678,7.1145,7.1959,11410135,0
1999-06-04,7.1689,7.4119,7.1597,7.3937,10170968,0
1999-06-07,7.4119,7.7002,7.3488,7.6282,12262899,0
1999-06-08,7.619,7.6552,7.4119,7.4389,7276902,0
1999-06-09,7.5292,7.5741,7.2409,7.2409,7888050,0
1999-06-10,7.4479,7.5741,7.3669,7.4479,12989523,0
1999-06-11,7.5292,7.8533,7.511,7.844,11089461,0
1999-06-14,7.7814,7.8622,7.7002,7.817,11589572,0
1999-06-15,7.7992,7.8622,7.7721,7.7992,7493647,0
1999-06-16,7.7992,7.8354,7.619,7.6731,8971771,0
1999-06-17,7.5741,7.637,7.511,7.5563,6494317,0
1999-06-18,7.5921,7.637,7.4119,7.5199,9820090,0
1999-06-21,7.5199,7.547,7.3759,7.3937,5142330,0
1999-06-22,7.4119,7.5199,7.1238,7.2497,10405472,0
1999-06-23,7.2497,7.2497,7.1238,7.1867,6254476,0
1999-06-24,7.1867,7.1867,7.0248,7.0248,4950461,0
1999-06-25,7.0069,7.1059,6.7903,6.7903,6859405,0
1999-06-28,6.9077,7.1328,6.8986,7.0878,9604231,0
1999-06-29,7.1145,7.2859,7.1145,7.259,6640886,0
1999-06-30,7.2049,7.2049,7.0426,7.0426,6949121,0
1999-07-01,7.0966,7.0966,6.7725,6.8356,9303105,0
1999-07-02,6.8537,6.9706,6.8356,6.9166,6937576,0
1999-07-06,6.9436,7.0966,6.8986,7.0248,5527853,0
1999-07-07,7.0426,7.0426,6.8089,6.8356,3742380,0
1999-07-08,6.8089,6.9436,6.8089,6.8627,2997103,0
1999-07-09,6.8627,6.9436,6.7903,6.8089,5025968,0
1999-07-12,6.8174,6.8537,6.4846,6.5294,6859405,0
1999-07-13,6.493,6.6645,6.4123,6.5835,6803442,0
1999-07-14,6.6013,6.6013,6.1961,6.2862,12346397,0
1999-07-15,6.3671,6.8897,6.3582,6.8537,13084566,0
1999-07-16,6.7903,6.9255,6.7903,6.8716,7443015,0
1999-07-19,6.8897,6.9166,6.6285,6.7903,6264249,0
1999-07-20,6.6465,7.1511,6.6465,7.0426,11875601,0
1999-07-21,7.0518,7.1689,6.7544,6.9347,6729717,0
1999-07-22,6.9255,7.0966,6.9255,7.0248,5606913,0
1999-07-23,7.0426,7.1328,6.9527,6.9976,3014872,0
1999-07-26,6.98,7.493,6.98,7.4119,9508299,0
1999-07-27,7.3759,7.3759,7.1418,7.1689,4931808,0
1999-07-28,7.1867,7.3039,7.1328,7.2049,3873852,0
1999-07-29,7.1959,7.2497,6.8986,6.9884,3732609,0
1999-07-30,7.0155,7.0966,6.8537,6.8537,4001766,0
1999-08-02,6.8537,7.1145,6.8537,6.9527,3853417,0
1999-08-03,6.7456,6.7456,6.4215,6.4392,16870479,0
1999-08-04,6.4123,6.4575,6.2053,6.2413,17466523,0
1999-08-05,6.6375,7.1059,6.493,7.0789,15059246,0
1999-08-06,7.0518,7.0966,6.8537,6.9527,8643099,0
1999-08-09,6.9527,6.9527,6.6825,6.7903,5205403,0
1999-08-10,6.7817,6.7817,6.3671,6.493,10115890,0
1999-08-11,6.493,6.6013,6.3671,6.4575,8971771,0
1999-08-12,6.4752,6.8804,6.4752,6.7903,9731260,0
1999-08-13,6.8537,7.1238,6.7903,7.0789,6068824,0
1999-08-16,7.0789,7.1689,7.0518,7.0966,8368618,0
1999-08-17,7.0789,7.1776,7.0789,7.1328,7787673,0
1999-08-18,7.1328,7.2049,7.0518,7.1328,4914039,0
1999-08-19,7.1059,7.1059,6.9706,7.0426,5717945,0
1999-08-20,7.0518,7.0608,6.9436,7.0248,5935579,0
1999-08-23,7.0248,7.1511,7.0248,7.0966,4476112,0
1999-08-24,7.0608,7.0966,6.9347,6.9347,2647117,0
1999-08-25,6.9616,7.1059,6.9436,7.0248,7132999,0
1999-08-26,7.0518,7.0518,6.9436,6.9436,2607142,0
1999-08-27,6.9436,7.0518,6.9436,6.9527,3057510,0
1999-08-30,6.9255,6.9706,6.7273,6.7544,3928036,0
1999-08-31,6.7366,6.9077,6.7366,6.8356,4365079,0
1999-09-01,6.9436,7.1328,6.9077,7.0878,5946238,0
1999-09-02,7.0789,7.0878,6.98,7.0608,4964674,0
1999-09-03,7.1059,7.2138,7.1059,7.1867,6684415,0
1999-09-07,7.1059,7.2049,7.0789,7.1959,2608918,0
1999-09-08,7.1959,7.2409,7.0966,7.1328,4622682,0
1999-09-09,7.0608,7.0789,6.8356,6.9616,6059054,0
1999-09-10,6.98,7.0426,6.7456,6.7544,5773021,0
1999-09-13,6.8537,6.8716,6.7817,6.8268,7305327,0
1999-09-14,6.8174,6.9884,6.8174,6.9255,16079009,0
1999-09-15,7.0426,7.1059,6.8986,6.9436,6162094,0
1999-09-16,7.0155,7.0789,6.8804,6.9347,10345957,0
1999-09-17,6.9706,7.0155,6.8268,6.8537,9179631,0
1999-09-20,6.7903,6.8268,6.4215,6.5203,15472305,0
1999-09-21,6.5203,6.5381,6.2321,6.5294,9709943,0
1999-09-22,6.5294,6.7725,6.5294,6.7456,10216267,0
1999-09-23,6.7456,6.9884,6.7456,6.8356,7125006,0
1999-09-24,6.8174,6.8356,6.5024,6.5745,5025078,0
1999-09-27,6.5745,6.7544,6.5745,6.6825,6131893,0
1999-09-28,6.6465,6.8716,6.5294,6.7637,11570917,0
1999-09-29,6.7903,6.9706,6.7544,6.7996,8580033,0
1999-09-30,6.7273,6.7273,5.4037,5.4757,49254121,0
1999-10-01,5.4757,5.5657,4.6921,5.1426,62603401,0
1999-10-04,4.9984,5.0254,4.7012,4.7553,33410509,0
1999-10-05,4.719,4.8813,4.431,4.8275,41288787,0
1999-10-06,4.8361,4.9713,4.719,4.8361,20890007,0
1999-10-07,4.8903,5.0254,4.719,4.8092,22992597,0
1999-10-08,4.8452,4.8903,4.7012,4.7553,8765687,0
1999-10-11,4.8005,4.9084,4.8005,4.8813,6420587,0
1999-10-12,4.9084,4.9084,4.5747,4.6202,10354844,0
1999-10-13,4.5747,4.5934,4.4667,4.5119,13742795,0
1999-10-14,4.5482,4.8542,4.5482,4.7733,10913576,0
1999-10-15,4.8005,4.9172,4.6111,4.8542,9817424,0
1999-10-18,4.8542,5.2233,4.7371,4.9622,11937782,0
1999-10-19,5.0434,5.1157,4.9084,4.9444,7191626,0
1999-10-20,4.9804,5.2233,4.9804,5.1783,8898040,0
1999-10-21,5.2144,5.4126,5.1965,5.4126,10990860,0
1999-10-22,5.5926,5.6469,5.2417,5.4578,13046375,0
1999-10-25,5.4309,5.5926,5.4126,5.5026,5930248,0
1999-10-26,5.5026,5.6286,5.4848,5.5118,7824978,0
1999-10-27,5.5926,5.6107,5.5297,5.5297,5595362,0
1999-10-28,5.5297,5.6737,5.5297,5.6107,10707496,0
1999-10-29,5.5657,6.0342,5.5568,5.8089,6979326,0
1999-11-01,5.9622,6.1781,5.8448,5.863,10983754,0
1999-11-02,6.1691,6.2862,6.043,6.2231,27550437,0
1999-11-03,6.1873,6.1873,5.8989,5.9528,17790749,0
1999-11-04,5.9257,6.0069,5.7818,5.8448,11459878,0
1999-11-05,5.8989,5.9622,5.89,5.9078,6436577,0
1999-11-08,5.9257,6.2053,5.9078,6.1781,11620661,0
1999-11-09,6.1781,6.1781,5.9171,5.9978,6933133,0
1999-11-10,5.9622,6.1151,5.9351,5.98,7219166,0
1999-11-11,5.98,6.043,5.8718,5.9257,8445896,0
1999-11-12,5.89,6.0249,5.8808,5.98,5366185,0
1999-11-15,5.98,6.1781,5.98,6.1331,7236928,0
1999-11-17,6.2231,6.4215,6.1873,6.3402,12097675,0
1999-11-18,6.2952,6.5745,6.2231,6.5745,15934219,0
1999-11-19,6.4575,6.4752,6.2231,6.2594,7714833,0
1999-11-22,6.2682,6.3042,6.1151,6.1873,5748150,0
1999-11-23,6.2952,6.4302,6.1781,6.2594,6198517,0
1999-11-24,6.097,6.1242,5.9528,5.9528,7395049,0
1999-11-26,5.9528,5.9528,5.8178,5.8178,2849649,0
1999-11-29,5.8178,5.8178,5.6558,5.6558,7106352,0
1999-11-30,5.6558,5.8718,5.5926,5.8359,9877829,0
1999-12-01,5.7728,6.0249,5.7728,5.9351,7682854,0
1999-12-02,5.9078,6.1873,5.89,6.1331,6529846,0
1999-12-03,6.1422,6.3402,6.043,6.0794,6694183,0
1999-12-06,6.0522,6.1151,5.98,6.0794,3549622,0
1999-12-07,6.0794,6.0794,5.8089,5.89,6337090,0
1999-12-08,5.8718,5.9622,5.8178,5.9078,5303114,0
1999-12-09,6.0069,6.0612,5.638,5.6737,5074826,0
1999-12-10,5.6918,5.8178,5.5568,5.7278,6382391,0
1999-12-13,5.7189,5.7458,5.5026,5.6469,5255147,0
1999-12-14,5.7008,5.8539,5.6558,5.8448,6627558,0
1999-12-15,5.7908,5.9442,5.6469,5.9442,5174312,0
1999-12-16,5.827,5.9257,5.7818,5.7818,10271341,0
1999-12-17,5.8178,5.8539,5.6737,5.7008,9892042,0
1999-12-20,5.6826,5.6826,5.5118,5.5838,7872060,0
1999-12-21,5.5476,5.6198,5.5476,5.5838,4254927,0
1999-12-22,5.5657,5.7818,5.5476,5.6469,7193402,0
1999-12-23,5.7278,5.7549,5.6918,5.7278,4643114,0
1999-12-27,5.7458,5.863,5.7458,5.8178,5890279,0
1999-12-28,5.8089,5.8359,5.7818,5.8089,5814770,0
1999-12-29,5.7908,5.8808,5.7818,5.863,3984885,0
1999-12-30,5.8448,6.0161,5.8359,5.9622,3251153,0
1999-12-31,5.9622,6.0069,5.9528,5.9707,1370637,0
2000-01-03,5.9707,6.0794,5.9528,6.043,3809893,0
2000-01-04,5.9978,6.097,5.9528,5.9622,6659537,0
2000-01-05,5.9707,6.088,5.9171,5.9528,11728148,0
2000-01-06,5.9622,6.2321,5.9442,6.1691,16988624,0
2000-01-07,6.4575,6.9077,6.3942,6.8897,17944425,0
2000-01-10,6.9436,6.9527,6.7185,6.7725,10366388,0
2000-01-11,6.6375,6.8897,6.6013,6.7903,11090348,0
2000-01-12,6.7273,6.8537,6.6825,6.7185,7082368,0
2000-01-13,6.7544,6.9616,6.7185,6.9347,7752142,0
2000-01-14,6.9706,7.0608,6.9077,6.9255,10318424,0
2000-01-18,6.7725,6.8537,6.5476,6.6375,6123007,0
2000-01-19,6.5745,6.7903,6.5745,6.6825,8583583,0
2000-01-20,6.6825,6.8537,6.5745,6.8537,9391045,0
2000-01-21,6.8537,6.8537,6.493,6.5653,14302419,0
2000-01-24,6.4483,6.5294,6.1331,6.1961,10552045,0
2000-01-25,6.2321,6.3132,6.1331,6.1961,9344853,0
2000-01-26,6.1242,6.3313,6.1242,6.1873,9768568,0
2000-01-27,6.1873,6.2231,6.0522,6.088,10052820,0
2000-01-28,5.8718,6.1422,5.8718,5.9171,14162068,0
2000-01-31,5.9171,6.2053,5.9078,5.9622,5319103,0
2000-02-01,6.0069,6.2321,5.9707,6.1151,4423706,0
2000-02-02,6.1691,6.3492,6.1691,6.277,7395049,0
2000-02-03,6.2231,6.2952,6.1873,6.2231,15235130,0
2000-02-04,6.2501,6.3853,6.2501,6.3764,7993755,0
2000-02-07,6.2952,6.5745,6.2682,6.5381,12898916,0
2000-02-08,6.2952,6.4215,6.2682,6.2952,9244473,0
2000-02-09,6.3492,6.3764,6.043,6.0612,8357068,0
2000-02-10,6.5024,6.7903,6.4123,6.5024,23193357,0
2000-02-11,6.4215,6.6465,6.277,6.2952,20981499,0
2000-02-14,6.3671,6.4575,6.3402,6.3942,8079033,0
2000-02-15,6.5653,6.9077,6.5476,6.6736,18749220,0
2000-02-16,6.7095,7.0248,6.6645,6.8897,18224236,0
2000-02-17,6.9706,7.2678,6.9527,7.0608,13789874,0
2000-02-18,6.98,7.0248,6.4302,6.5024,16844720,0
2000-02-22,6.5203,6.7005,6.4846,6.6103,6472110,0
2000-02-23,6.5476,6.5745,6.3942,6.4302,10888706,0
2000-02-24,6.3671,6.3764,5.8359,5.9171,14448101,0
2000-02-25,5.9171,5.9442,5.6826,5.7549,10724374,0
2000-02-28,5.7369,5.89,5.6737,5.7818,9475432,0
2000-02-29,5.7549,5.8359,5.7369,5.7458,8562264,0
2000-03-01,5.7458,6.2231,5.5926,6.1422,13951543,0
2000-03-02,6.151,6.1873,5.8448,5.8989,8370393,0
2000-03-03,5.89,6.2231,5.8539,6.1151,4213179,0
2000-03-06,6.1061,6.1061,5.8718,5.8989,4541848,0
2000-03-07,5.7818,5.8089,5.4936,5.5118,9560707,0
2000-03-08,5.4936,5.5568,5.2144,5.3586,11506958,0
2000-03-09,5.3586,5.5838,5.2957,5.5118,7439463,0
2000-03-10,5.5118,5.7369,5.4578,5.7189,7451008,0
2000-03-13,5.5118,5.6737,5.5118,5.6286,6975772,0
2000-03-14,5.6017,5.665,5.5118,5.6286,4385508,0
2000-03-15,5.5838,5.8178,5.5657,5.7818,14297093,0
2000-03-16,5.6918,5.98,5.5926,5.8539,12396144,0
2000-03-17,5.9622,6.0699,5.7549,5.8089,10738587,0
2000-03-20,5.827,5.9978,5.8089,5.9622,6072376,0
2000-03-21,5.9622,6.1151,5.9622,6.0699,4628900,0
2000-03-22,6.043,6.1781,5.8448,5.9528,6548506,0
2000-03-23,5.8989,6.1422,5.8718,6.1422,6665756,0
2000-03-24,6.1331,6.4664,6.1151,6.4575,9645985,0
2000-03-27,6.3853,6.3942,6.2231,6.2682,5179643,0
2000-03-28,6.1873,6.3132,6.1781,6.2231,4220286,0
2000-03-29,6.2321,6.2862,6.1242,6.2594,3991104,0
2000-03-30,6.2594,6.5024,6.2501,6.4392,5815662,0
2000-03-31,6.4392,6.7185,6.3402,6.7095,7808994,0
2000-04-03,6.6825,7.0248,6.6736,6.98,8250475,0
2000-04-04,6.9706,6.9706,6.493,6.8268,9164528,0
2000-04-05,6.7456,6.8537,6.6465,6.7456,5558943,0
2000-04-06,6.7456,6.9706,6.7095,6.9347,6124787,0
2000-04-07,6.9166,6.9527,6.7817,6.9436,6066159,0
2000-04-10,7.0426,7.2226,7.0338,7.1776,8340192,0
2000-04-11,7.0878,7.358,6.98,7.358,11546931,0
2000-04-12,7.3129,7.7453,7.2859,7.6282,11252017,0
2000-04-13,7.6731,7.7089,7.1238,7.4661,15305305,0
2000-04-14,7.3937,7.3937,6.9527,7.1959,5724162,0
2000-04-17,7.1328,7.259,6.9436,7.1689,5685973,0
2000-04-18,7.0878,7.3311,7.0155,7.295,5227611,0
2000-04-19,7.1418,7.3937,7.1328,7.2678,5621125,0
2000-04-20,7.1328,7.682,7.1328,7.547,10595569,0
2000-04-24,7.5921,7.844,7.5833,7.8084,6195850,0
2000-04-25,7.7992,7.7992,7.5921,7.6731,14319296,0
2000-04-26,7.7002,7.7814,7.5379,7.5649,9361730,0
2000-04-27,7.619,7.7002,7.5199,7.547,8008858,0
2000-04-28,7.6462,7.6462,7.4479,7.493,6412596,0
2000-05-01,7.4302,7.4749,7.2497,7.259,7018412,0
2000-05-02,7.3129,7.3218,7.0518,7.0878,13478971,0
2000-05-03,7.0248,7.0426,6.7817,6.8897,16796752,0
2000-05-04,7.2409,7.2409,6.9706,7.0155,19662386,0
2000-05-05,7.1328,7.1776,7.0608,7.0966,12732803,0
2000-05-08,7.0966,7.4479,7.0426,7.4209,9189402,0
2000-05-09,7.3311,7.6731,7.3129,7.6282,9329750,0
2000-05-10,7.6731,7.8712,7.619,7.6914,11973315,0
2000-05-11,7.7632,7.9435,7.7361,7.7814,14057254,0
2000-05-12,7.8802,8.0605,7.7814,8.0244,13728581,0
2000-05-15,8.0965,8.4387,8.0965,8.3845,15436771,0
2000-05-16,8.7178,8.7178,8.3845,8.5017,14219809,0
2000-05-17,8.4207,8.5198,8.3486,8.3845,9826306,0
2000-05-18,8.4115,8.835,8.3936,8.7178,15064575,0
2000-05-19,8.6459,8.7089,8.5017,8.5915,9530504,0
2000-05-22,8.6459,8.727,8.3845,8.5827,8028397,0
2000-05-23,8.5468,8.6188,8.4477,8.4837,7505195,0
2000-05-24,8.601,8.9069,8.601,8.7538,21607748,0
2000-05-25,8.7719,8.8619,8.5827,8.6098,24800278,0
2000-05-26,8.5468,8.727,8.4565,8.5287,7140995,0
2000-05-30,8.6098,8.8168,8.5287,8.5377,7884496,0
2000-05-31,8.5468,8.601,8.3758,8.3845,8592471,0
2000-06-01,8.3665,8.6638,8.3397,8.5468,10222486,0
2000-06-02,8.5198,8.5827,8.3845,8.4207,8186519,0
2000-06-05,8.4207,8.574,8.3936,8.4297,6174532,0
2000-06-06,8.4115,8.5017,8.1508,8.2495,9730372,0
2000-06-07,8.2495,8.3936,8.2224,8.2857,8184740,0
2000-06-08,8.3125,8.4477,8.2946,8.3217,7432358,0
2000-06-09,8.3397,8.7449,8.3397,8.6547,4932700,0
2000-06-12,8.6547,9.0421,8.5468,8.9791,12578243,0
2000-06-13,8.997,9.3384,8.997,9.0777,20672375,0
2000-06-14,9.0777,9.3648,9.0241,9.2227,9962216,0
2000-06-15,9.2227,9.3472,9.2227,9.2227,11145427,0
2000-06-16,9.2054,9.2675,9.0241,9.0777,10495190,0
2000-06-19,9.1783,9.2054,8.9884,8.997,9885824,0
2000-06-20,9.0241,9.2054,8.997,9.0146,5805891,0
2000-06-21,8.9791,9.1687,8.925,9.1137,4320664,0
2000-06-22,9.0872,9.3217,8.9884,9.0421,9781003,0
2000-06-23,9.051,9.0957,8.934,8.9791,6429469,0
2000-06-26,8.997,9.1687,8.9696,8.9696,9268459,0
2000-06-27,9.051,9.0692,8.9069,9.0146,9407030,0
2000-06-28,9.0421,9.3648,8.7538,9.2774,9700171,0
2000-06-29,9.3384,10.007,9.2853,9.673,22147832,0
2000-06-30,9.673,9.89,9.626,9.645,9464772,0
2000-07-03,9.599,9.897,9.59,9.897,4617352,0
2000-07-05,9.934,10.115,9.843,10.007,7777900,0
2000-07-06,9.806,10.34,9.789,10.321,14548480,0
2000-07-07,10.231,10.275,9.962,10.096,14154962,0
2000-07-10,10.007,10.022,9.701,9.824,6942904,0
2000-07-11,9.824,10.031,9.806,9.862,9384824,0
2000-07-12,9.862,10.16,9.824,10.031,15090336,0
2000-07-13,9.925,10.022,9.581,9.645,9997748,0
2000-07-14,9.645,9.728,9.3568,9.503,12767448,0
2000-07-17,9.503,9.852,9.4301,9.781,8942456,0
2000-07-18,9.3384,9.485,9.1783,9.3568,20301956,0
2000-07-19,9.503,9.581,9.4199,9.4381,6334421,0
2000-07-20,9.4479,9.59,9.2853,9.547,4911375,0
2000-07-21,9.655,9.673,9.4661,9.564,4146555,0
2000-07-24,9.503,9.564,9.1959,9.2588,6239380,0
2000-07-25,9.2588,9.2675,8.8529,8.8529,11719259,0
2000-07-26,8.8529,8.9884,8.7898,8.7898,13214260,0
2000-07-27,8.8168,9.2853,8.8168,9.2054,12767448,0
2000-07-28,9.1959,9.2675,9.0957,9.1232,5265806,0
2000-07-31,9.1783,9.3922,9.1232,9.1959,6040399,0
2000-08-01,9.1415,9.4479,9.1415,9.3824,4325105,0
2000-08-02,9.2774,9.529,9.1959,9.401,10558261,0
2000-08-03,9.3028,9.564,9.2054,9.557,13899134,0
2000-08-04,9.617,9.89,9.617,9.862,10202054,0
2000-08-07,9.925,10.067,9.89,9.89,6905597,0
2000-08-08,9.953,9.971,9.772,9.781,7667751,0
2000-08-09,9.781,9.915,9.617,9.881,6911816,0
2000-08-10,9.872,9.971,9.763,9.944,5047286,0
2000-08-11,9.881,10.403,9.881,10.376,12970870,0
2000-08-14,10.403,10.619,10.403,10.519,8662637,0
2000-08-15,10.411,10.483,10.347,10.464,6549392,0
2000-08-16,10.501,10.501,10.301,10.366,4162544,0
2000-08-17,10.311,10.637,10.311,10.438,5314663,0
2000-08-18,10.447,10.447,10.15,10.275,8925577,0
2000-08-21,10.275,10.394,10.248,10.321,5026857,0
2000-08-22,10.321,10.581,10.321,10.519,4800341,0
2000-08-23,10.501,10.501,10.213,10.275,6308665,0
2000-08-24,10.301,10.385,10.231,10.257,4933584,0
2000-08-25,10.24,10.257,10.031,10.096,9893819,0
2000-08-28,10.115,10.223,10.096,10.115,4703517,0
2000-08-29,10.169,10.347,10.16,10.204,4916706,0
2000-08-30,10.204,10.231,10.115,10.187,4633340,0
2000-08-31,10.177,10.779,10.169,10.627,7740592,0
2000-09-01,10.681,10.746,10.501,10.563,4710619,0
2000-09-05,10.563,10.672,10.394,10.619,3765478,0
2000-09-06,10.457,10.546,10.403,10.403,7251145,0
2000-09-07,10.403,10.457,10.301,10.321,5366185,0
2000-09-08,10.169,10.275,10.169,10.177,5985323,0
2000-09-11,10.177,10.563,10.177,10.519,6672863,0
2000-09-12,10.627,10.834,10.257,10.275,8092356,0
2000-09-13,10.177,10.347,10.087,10.293,9440787,0
2000-09-14,10.501,10.755,10.483,10.627,8090581,0
2000-09-15,10.619,10.755,10.311,10.42,8596909,0
2000-09-18,10.411,10.501,10.24,10.248,8174081,0
2000-09-19,10.42,10.772,10.357,10.609,8435238,0
2000-09-20,10.537,10.563,10.293,10.385,5610464,0
2000-09-21,10.527,10.699,10.519,10.619,6223388,0
2000-09-22,10.619,11.048,10.554,10.997,16856263,0
2000-09-25,11.015,11.277,10.834,10.943,7173860,0
2000-09-26,10.789,11.041,10.755,10.952,5363518,0
2000-09-27,11.006,11.159,10.989,11.015,11071697,0
2000-09-28,11.076,11.24,11.032,11.178,11680179,0
2000-09-29,11.196,11.364,11.084,11.103,9165419,0
2000-10-02,11.131,11.951,10.934,11.907,11695278,0
2000-10-03,11.806,12.132,11.682,11.842,9719714,0
2000-10-04,11.682,12.005,11.502,11.528,8214054,0
2000-10-05,11.474,11.917,11.448,11.789,9099682,0
2000-10-06,11.797,11.806,11.484,11.573,5916036,0
2000-10-09,11.573,11.7,11.484,11.581,4636892,0
2000-10-10,11.654,12.076,11.625,11.907,13879588,0
2000-10-11,11.761,12.04,11.625,11.86,14845169,0
2000-10-12,11.898,11.969,11.327,11.42,11968871,0
2000-10-13,11.429,11.761,11.429,11.682,7226269,0
2000-10-16,11.842,12.257,11.842,12.248,17006389,0
2000-10-17,12.591,12.591,11.951,12.013,12229144,0
2000-10-18,11.926,11.935,11.771,11.789,20155390,0
2000-10-19,11.789,11.879,11.511,11.753,11719259,0
2000-10-20,11.709,11.898,11.635,11.842,9192951,0
2000-10-23,11.771,11.917,11.673,11.753,5154766,0
2000-10-24,11.761,12.132,11.761,11.987,9171637,0
2000-10-25,11.806,12.105,11.617,11.743,21058781,0
2000-10-26,11.86,12.193,11.86,12.076,15111658,0
2000-10-27,12.284,12.509,12.193,12.339,14705704,0
2000-10-30,12.536,13.157,12.445,13.042,18454305,0
2000-10-31,12.887,12.95,12.239,12.292,15896906,0
2000-11-01,12.301,12.31,11.797,11.935,17134302,0
2000-11-02,12.105,12.142,11.726,11.726,10287330,0
2000-11-03,11.814,12.105,11.797,11.935,10108783,0
2000-11-06,12.033,12.31,11.96,12.264,18124747,0
2000-11-07,12.264,12.264,12.023,12.229,13028606,0
2000-11-08,12.368,12.707,12.339,12.419,8278011,0
2000-11-09,12.348,12.799,12.32,12.78,18297966,0
2000-11-10,12.707,12.87,12.67,12.707,8779007,0
2000-11-13,12.763,12.763,12.185,12.358,13872485,0
2000-11-14,12.445,12.912,12.292,12.735,12596007,0
2000-11-15,12.932,13.058,12.824,12.922,17227573,0
2000-11-16,12.988,13.258,12.932,12.959,11070807,0
2000-11-17,12.932,13.249,12.887,12.978,11925346,0
2000-11-20,12.814,13.112,12.735,12.932,20414773,0
2000-11-21,12.932,13.077,12.879,12.959,9136104,0
2000-11-22,12.86,12.87,12.411,12.67,16168726,0
2000-11-24,12.744,13.085,12.67,12.94,4480554,0
2000-11-27,12.87,13.085,12.573,12.959,15426113,0
2000-11-28,13.139,13.437,13.017,13.085,12573800,0
2000-11-29,12.988,13.336,12.95,13.305,9213383,0
2000-11-30,13.327,13.546,13.139,13.184,13084566,0
2000-12-01,13.175,13.249,12.94,13.042,10898477,0
2000-12-04,13.085,13.383,12.932,13.139,7423472,0
2000-12-05,13.249,13.67,13.212,13.311,8689292,0
2000-12-06,13.286,13.599,13.12,13.239,11331078,0
2000-12-07,13.305,13.473,12.912,13.12,7315098,0
2000-12-08,13.32,13.546,13.212,13.409,8612899,0
2000-12-11,13.409,13.68,13.409,13.546,9407922,0
2000-12-12,13.409,13.409,13.239,13.305,7603796,0
2000-12-13,13.599,13.608,13.203,13.286,10995304,0
2000-12-14,13.094,13.249,12.799,12.959,11851617,0
2000-12-15,13.212,13.4,13.157,13.212,20578216,0
2000-12-18,13.184,13.771,13.058,13.59,9485202,0
2000-12-19,13.32,13.427,12.969,13.166,13219592,0
2000-12-20,12.87,13.546,12.86,13.249,12383706,0
2000-12-21,13.463,13.571,13.311,13.571,8111901,0
2000-12-22,13.616,13.699,13.286,13.437,6801669,0
2000-12-26,13.437,13.833,13.268,13.771,5480328,0
2000-12-27,13.754,13.833,13.305,13.689,6637333,0
2000-12-28,13.717,14.085,13.529,14.059,6327763,0
2000-12-29,14.221,14.266,13.788,13.798,3363523,0
2001-01-02,13.833,13.986,13.077,13.249,5416371,0
2001-01-03,13.473,13.633,12.814,12.86,8750141,0
2001-01-04,12.87,13.12,11.879,11.96,28758071,0
2001-01-05,12.185,12.419,12.048,12.132,9865392,0
2001-01-08,12.086,12.472,12.005,12.086,6764359,0
2001-01-09,12.229,12.419,12.023,12.21,6203845,0
2001-01-10,12.21,12.86,12.21,12.707,8409036,0
2001-01-11,12.482,12.662,12.229,12.445,9763237,0
2001-01-12,12.358,12.5,12.086,12.185,7127670,0
2001-01-16,12.185,12.472,11.969,12.067,9134772,0
2001-01-17,12.123,12.229,11.692,11.842,12957545,0
2001-01-18,11.842,11.96,11.554,11.743,11111666,0
2001-01-19,11.743,11.86,11.356,11.599,14654631,0
2001-01-22,11.917,12.554,11.86,12.436,11701049,0
2001-01-23,12.436,13.212,12.436,13.157,11322192,0
2001-01-24,13.017,13.473,12.86,13.418,5645995,0
2001-01-25,13.418,13.642,13.336,13.608,9743697,0
2001-01-26,13.492,13.717,13.336,13.454,5442576,0
2001-01-29,13.454,13.454,13.184,13.221,4506758,0
2001-01-30,13.007,13.042,12.735,12.843,9942232,0
2001-01-31,12.763,12.763,12.348,12.688,8400594,0
2001-02-01,12.78,13.024,12.573,12.763,9713496,0
2001-02-02,13.473,13.961,13.463,13.746,20060785,0
2001-02-05,13.717,14.067,13.633,14.04,10703941,0
2001-02-06,14.139,14.158,13.699,13.699,10044830,0
2001-02-07,13.923,14.473,13.913,13.913,10973984,0
2001-02-08,13.933,13.942,13.616,13.699,9989752,0
2001-02-09,13.355,13.463,13.094,13.166,10507185,0
2001-02-12,13.346,13.608,13.05,13.295,11989746,0
2001-02-13,13.661,13.661,13.166,13.175,6675973,0
2001-02-14,13.473,13.511,12.799,12.814,8505413,0
2001-02-15,13.094,13.23,12.644,12.644,12443221,0
2001-02-16,12.644,13.007,12.644,12.799,8810986,0
2001-02-20,13.12,13.157,12.419,12.725,7818314,0
2001-02-21,12.932,12.959,12.573,12.707,8455669,0
2001-02-22,12.799,12.806,12.142,12.385,9371054,0
2001-02-23,12.394,12.394,11.907,12.21,8702614,0
2001-02-26,12.427,12.814,12.301,12.637,8148319,0
2001-02-27,12.887,13.175,12.754,12.912,9033060,0
2001-02-28,13.042,13.383,13.033,13.32,7798333,0
2001-03-01,13.492,13.608,12.94,13.268,11412803,0
2001-03-02,13.346,13.717,13.249,13.67,6955784,0
2001-03-05,13.67,13.67,13.23,13.492,7660202,0
2001-03-06,13.537,13.633,13.327,13.608,7654873,0
2001-03-07,13.608,13.717,13.529,13.608,6985990,0
2001-03-08,13.599,13.933,13.581,13.833,5715724,0
2001-03-09,13.886,13.942,13.652,13.717,6092808,0
2001-03-12,13.537,13.625,13.295,13.409,6116350,0
2001-03-13,13.437,13.483,13.068,13.249,11096123,0
2001-03-14,13.157,13.383,13.017,13.068,7172529,0
2001-03-15,13.068,13.23,12.959,13.024,6325098,0
2001-03-16,13.017,13.017,12.509,12.554,11635762,0
2001-03-19,12.627,12.887,12.419,12.763,8858953,0
2001-03-20,12.754,13.068,12.662,12.763,6116350,0
2001-03-21,12.536,12.67,12.193,12.21,13607773,0
2001-03-22,12.257,12.301,11.364,11.851,18885127,0
2001-03-23,12.033,12.419,11.907,12.257,9548716,0
2001-03-26,12.31,12.897,12.31,12.619,6457897,0
2001-03-27,12.67,12.763,12.627,12.67,10381936,0
2001-03-28,12.644,12.932,12.563,12.619,12146088,0
2001-03-29,12.716,13.05,12.688,13.007,7400821,0
2001-03-30,13.166,13.427,13.085,13.327,12727474,0
2001-04-02,13.327,13.502,13.094,13.166,8593799,0
2001-04-03,13.277,13.454,13.05,13.103,10217601,0
2001-04-04,13.112,13.608,13.024,13.473,9870278,0
2001-04-05,13.699,13.726,13.473,13.502,16828285,0
2001-04-06,13.502,13.546,13.103,13.258,8506303,0
2001-04-09,13.39,13.492,13.311,13.454,7109458,0
2001-04-10,12.94,13.445,12.716,13.311,23820487,0
2001-04-11,13.166,13.32,12.887,13.017,11412803,0
2001-04-12,13.017,13.336,12.997,13.148,6832313,0
2001-04-16,13.32,13.483,12.959,13.103,7343969,0
2001-04-17,13.077,13.521,13.042,13.286,8912698,0
2001-04-18,13.295,13.652,13.249,13.652,13627762,0
2001-04-19,13.652,13.717,13.502,13.59,7942237,0
2001-04-20,13.546,13.625,13.445,13.546,7039731,0
2001-04-23,13.67,13.952,13.409,13.445,8461888,0
2001-04-24,13.511,13.707,13.502,13.67,5441244,0
2001-04-25,13.67,14.266,13.554,14.178,8394375,0
2001-04-26,14.31,14.679,14.178,14.59,11906692,0
2001-04-27,14.903,15.166,14.535,14.679,13703270,0
2001-04-30,14.735,14.941,14.572,14.735,8577810,0
2001-05-01,14.518,14.922,14.518,14.887,7959556,0
2001-05-02,14.626,14.626,14.221,14.221,23400770,0
2001-05-03,13.952,14.221,13.833,13.859,17674827,0
2001-05-04,13.707,13.824,13.454,13.761,15643300,0
2001-05-07,13.726,13.754,13.554,13.68,7514521,0
2001-05-08,13.633,13.633,13.166,13.305,12145641,0
2001-05-09,13.249,13.581,13.175,13.32,12949102,0
2001-05-10,13.32,13.383,12.879,12.922,15634859,0
2001-05-11,13.184,13.268,12.897,13.157,6972663,0
2001-05-14,13.295,13.427,13.166,13.311,5345309,0
2001-05-15,13.311,13.546,13.23,13.336,6941128,0
2001-05-16,13.166,13.779,13.139,13.68,6303334,0
2001-05-17,13.336,13.364,12.94,13.139,14484965,0
2001-05-18,12.959,13.112,12.619,12.763,15869373,0
2001-05-21,12.591,12.843,12.376,12.482,16415672,0
2001-05-22,12.49,12.518,12.04,12.21,25370118,0
2001-05-23,11.814,12.067,11.814,11.935,30804703,0
2001-05-24,11.951,12.482,11.898,12.436,24023912,0
2001-05-25,12.177,12.419,12.177,12.257,11558925,0
2001-05-29,12.411,12.419,11.951,12.105,10478315,0
2001-05-30,12.169,12.573,12.123,12.419,14818075,0
2001-05-31,12.716,13.033,12.573,12.94,16596884,0
2001-06-01,12.879,12.887,12.573,12.754,10274008,0
2001-06-04,12.754,12.879,12.591,12.772,6662648,0
2001-06-05,12.772,12.94,12.644,12.852,9070368,0
2001-06-06,12.879,13.249,12.789,13.139,10922905,0
2001-06-07,13.139,13.277,12.843,13.007,6536068,0
2001-06-08,13.007,13.184,12.922,13.103,5286680,0
2001-06-11,13.094,13.094,12.653,12.763,8867839,0
2001-06-12,12.763,12.87,12.49,12.78,8699061,0
2001-06-13,12.887,13.042,12.789,12.959,6425475,0
2001-06-14,13.068,13.203,12.94,13.094,9541610,0
2001-06-15,12.887,12.969,12.78,12.86,9530951,0
2001-06-18,12.87,13.184,12.824,13.139,7897377,0
2001-06-19,13.364,13.364,12.94,13.058,4462789,0
2001-06-20,13.085,13.409,12.959,13.23,5922257,0
2001-06-21,13.364,13.761,13.336,13.625,9883160,0
2001-06-22,13.427,13.85,13.409,13.761,7836084,0
2001-06-25,13.878,14.059,13.859,14.014,7981764,0
2001-06-26,13.817,13.986,13.817,13.896,5864960,0
2001-06-27,13.859,14.284,13.85,14.149,8005746,0
2001-06-28,14.085,14.221,13.97,14.067,9370164,0
2001-06-29,14.067,14.158,13.798,13.896,11739691,0
2001-07-02,13.942,14.158,13.779,14.059,7040170,0
2001-07-03,14.05,14.095,13.961,14.014,5758364,0
2001-07-05,13.726,13.986,13.726,13.923,8924687,0
2001-07-06,13.933,13.97,13.84,13.933,10115000,0
2001-07-09,14.085,14.355,13.996,14.292,12304645,0
2001-07-10,14.149,14.31,14.067,14.149,4614247,0
2001-07-11,14.168,14.391,14.139,14.284,6052836,0
2001-07-12,14.203,14.662,14.067,14.634,7721050,0
2001-07-13,14.626,14.84,14.599,14.797,8183408,0
2001-07-16,14.797,14.797,14.355,14.553,12210046,0
2001-07-17,14.643,14.85,14.572,14.84,7733042,0
2001-07-18,14.85,15.057,14.762,14.932,5287568,0
2001-07-19,15.067,15.166,14.903,14.987,5682858,0
2001-07-20,14.922,15.102,14.652,14.816,5518522,0
2001-07-23,14.958,15.129,14.727,14.797,3639784,0
2001-07-24,14.735,14.85,14.473,14.626,4418375,0
2001-07-25,14.401,14.617,14.238,14.509,5966225,0
2001-07-26,14.509,14.762,14.454,14.626,3554063,0
2001-07-27,14.735,14.903,14.328,14.626,8852736,0
2001-07-30,14.679,15.248,14.669,14.968,10454777,0
2001-07-31,15.032,15.303,14.903,15.166,6033290,0
2001-08-01,14.85,15.183,14.544,14.626,14839394,0
2001-08-02,14.806,14.932,14.194,14.383,11566029,0
2001-08-03,14.572,14.572,14.178,14.464,4346865,0
2001-08-06,14.401,14.454,14.247,14.292,2781248,0
2001-08-07,14.373,14.509,14.31,14.491,3556286,0
2001-08-08,14.491,14.599,14.274,14.319,3550508,0
2001-08-09,14.274,14.473,14.12,14.319,4765252,0
2001-08-10,14.302,14.553,14.292,14.491,2968235,0
2001-08-13,14.59,14.778,14.535,14.679,3396393,0
2001-08-14,14.707,14.84,14.59,14.735,2313562,0
2001-08-15,14.698,14.84,14.679,14.717,3609136,0
2001-08-16,14.717,14.987,14.669,14.941,4333099,0
2001-08-17,14.806,15.006,14.652,14.762,4283798,0
2001-08-20,14.762,14.958,14.669,14.869,3301788,0
2001-08-21,14.922,15.129,14.903,15.023,3433702,0
2001-08-22,14.958,15.212,14.922,15.166,7753029,0
2001-08-23,15.248,15.472,15.192,15.472,9179631,0
2001-08-24,15.58,15.598,15.303,15.329,6537843,0
2001-08-27,15.329,15.589,15.329,15.409,4437030,0
2001-08-28,15.518,15.633,15.372,15.509,6007531,0
2001-08-29,15.625,15.651,15.49,15.58,7840082,0
2001-08-30,15.633,15.753,15.39,15.463,16748338,0
2001-08-31,15.463,15.5,15.148,15.312,7923138,0
2001-09-04,15.312,15.39,15.248,15.294,8462777,0
2001-09-05,15.275,15.528,15.275,15.372,8642657,0
2001-09-06,15.372,15.372,15.039,15.039,12603116,0
2001-09-07,14.85,14.922,14.544,14.698,10370832,0
2001-09-10,14.717,14.997,14.698,14.941,6957117,0
2001-09-17,14.85,14.85,14.401,14.509,8153209,0
2001-09-18,14.518,14.518,14.04,14.067,11774781,0
2001-09-19,14.274,14.355,13.699,13.896,13061474,0
2001-09-20,13.896,14.059,13.788,13.817,12993518,0
2001-09-21,13.409,13.616,13.23,13.492,11053040,0
2001-09-24,13.942,13.952,13.707,13.859,11916463,0
2001-09-25,13.952,14.328,13.923,14.168,15280433,0
2001-09-26,14.284,14.797,14.067,14.762,11577136,0
2001-09-27,14.958,15.12,14.806,14.84,15860492,0
2001-09-28,14.922,15.067,14.698,14.958,15181831,0
2001-10-01,14.968,15.212,14.922,15.049,11515843,0
2001-10-02,15.049,15.129,14.878,15.129,6883834,0
2001-10-03,15.183,15.382,15.023,15.129,12042601,0
2001-10-04,15.166,15.436,15.032,15.329,10171407,0
2001-10-05,15.372,15.58,15.221,15.436,5454570,0
2001-10-08,15.312,15.436,15.166,15.329,5377287,0
2001-10-09,15.329,15.39,15.129,15.319,6095920,0
2001-10-10,15.319,15.58,15.284,15.509,6419254,0
2001-10-11,15.564,15.697,15.148,15.231,11796987,0
2001-10-12,15.248,15.248,14.824,15.094,7837861,0
2001-10-15,14.869,15.39,14.869,15.353,6302888,0
2001-10-16,15.528,15.598,15.372,15.436,6245150,0
2001-10-17,15.454,15.518,15.084,15.312,9745029,0
2001-10-18,15.463,15.482,15.039,15.256,8924244,0
2001-10-19,15.202,15.409,15.148,15.212,5532297,0
2001-10-22,15.212,15.633,15.202,15.49,6652432,0
2001-10-23,15.598,15.598,15.266,15.303,5824545,0
2001-10-24,15.329,15.329,14.85,14.85,13354608,0
2001-10-25,14.958,15.183,14.762,14.958,15210253,0
2001-10-26,14.85,15.482,14.824,15.166,12977973,0
2001-10-29,15.294,15.409,15.084,15.138,5478109,0
2001-10-30,15.353,15.4,14.958,15.039,5296454,0
2001-10-31,15.094,15.102,14.735,14.797,7467445,0
2001-11-01,14.951,14.951,14.535,14.679,14131866,0
2001-11-02,14.778,14.997,14.679,14.753,7827644,0
2001-11-05,14.84,15.015,14.797,14.878,5480775,0
2001-11-06,15.006,15.436,14.778,15.023,11138317,0
2001-11-07,15.248,15.256,14.59,14.824,8582696,0
2001-11-08,14.85,14.85,14.355,14.445,13863162,0
2001-11-09,14.491,14.491,14.178,14.292,8744810,0
2001-11-12,14.373,14.553,14.05,14.491,6504091,0
2001-11-13,14.491,14.707,14.473,14.617,4587595,0
2001-11-14,14.652,14.762,14.437,14.634,3828548,0
2001-11-15,14.634,14.887,14.634,14.652,3281360,0
2001-11-16,14.778,14.824,14.679,14.727,4389947,0
2001-11-19,14.922,15.183,14.727,15.166,10389930,0
2001-11-20,15.166,15.942,15.166,15.922,19020145,0
2001-11-21,15.922,16.158,15.78,15.942,9079694,0
2001-11-23,15.942,16.066,15.858,16.032,2117248,0
2001-11-26,15.78,16.084,15.67,16.075,11796100,0
2001-11-27,15.922,16.022,15.858,16.005,7564711,0
2001-11-28,16.005,16.247,15.922,16.129,7415034,0
2001-11-29,16.084,16.158,15.885,16.047,4021303,0
2001-11-30,16.047,16.084,15.895,16.075,4746599,0
2001-12-03,15.867,16.101,15.841,16.047,5039293,0
2001-12-04,16.032,16.066,15.867,16.04,4743932,0
2001-12-05,16.167,16.291,15.877,16.195,7215168,0
2001-12-06,16.203,16.309,16.047,16.247,6175865,0
2001-12-07,16.247,16.309,16.148,16.23,8128779,0
2001-12-10,16.177,16.212,15.987,16.094,5074826,0
2001-12-11,16.382,16.382,16.032,16.148,14027051,0
2001-12-12,15.922,15.922,15.256,15.679,12330850,0
2001-12-13,15.633,15.858,15.555,15.753,5727719,0
2001-12-14,15.679,15.987,15.445,15.968,6982880,0
2001-12-17,15.798,16.075,15.753,15.968,7277794,0
2001-12-18,15.932,16.066,15.824,15.978,8097245,0
2001-12-19,16.084,16.11,15.518,15.616,15963976,0
2001-12-20,15.753,15.753,15.528,15.58,8981096,0
2001-12-21,15.58,15.67,15.319,15.616,12894027,0
2001-12-24,15.633,15.913,15.616,15.805,3666433,0
2001-12-26,15.922,15.922,15.763,15.805,3528304,0
2001-12-27,15.805,15.895,15.679,15.867,3229391,0
2001-12-28,15.867,15.987,15.841,15.932,4364634,0
2001-12-31,15.987,16.195,15.885,15.922,4626235,0
