Date,Open,High,Low,Close,Volume,OpenInt
1995-01-03,5.8846,5.9531,5.8846,5.9531,1625452,0
1995-01-04,5.9531,5.9531,5.8416,5.9106,1229338,0
1995-01-05,5.8846,5.9106,5.859,5.8846,607314,0
1995-01-06,5.859,5.9958,5.859,5.9531,1039156,0
1995-01-09,5.9702,5.9702,5.8416,5.9106,1709511,0
1995-01-10,5.9106,5.9106,5.7732,5.7732,1653825,0
1995-01-11,5.8416,5.8846,5.799,5.859,2922038,0
1995-01-12,5.8846,5.9106,5.8846,5.8846,3098557,0
1995-01-13,5.859,6.039,5.859,6.039,4307929,0
1995-01-16,6.0129,6.39,5.9958,6.39,5888202,0
1995-01-17,6.3726,6.39,6.2786,6.3043,3518846,0
1995-01-18,6.2786,6.3043,6.2188,6.2188,3154243,0
1995-01-19,6.1929,6.1929,6.1499,6.1499,1286071,0
1995-01-20,6.1499,6.1929,6.1499,6.1929,4459235,0
1995-01-23,6.1499,6.2786,6.1245,6.2614,1943822,0
1995-01-24,6.2786,6.3472,6.2786,6.3299,3262470,0
1995-01-25,6.3043,6.4411,6.3043,6.4158,1858713,0
1995-01-26,6.4411,6.4582,6.2786,6.3472,2873706,0
1995-01-27,6.3726,6.4411,6.3726,6.4411,3808842,0
1995-01-30,6.4411,6.4411,6.3726,6.4411,4254345,0
1995-01-31,6.4158,6.4582,6.39,6.39,1240896,0
1995-02-01,6.39,6.4842,6.3726,6.4582,1349117,0
1995-02-02,6.4582,6.6385,6.4582,6.6385,3317103,0
1995-02-03,6.6385,6.8096,6.6126,6.7496,10641636,0
1995-02-06,6.7496,6.8612,6.7496,6.8354,5140096,0
1995-02-07,6.8612,6.8781,6.7496,6.7667,4830133,0
1995-02-08,6.724,6.7496,6.681,6.724,1725275,0
1995-02-09,6.7496,6.7496,6.6126,6.6556,970863,0
1995-02-10,6.6385,6.681,6.5443,6.681,4894228,0
1995-02-13,6.681,6.724,6.6556,6.681,1246149,0
1995-02-14,6.6556,6.681,6.5955,6.6385,1176801,0
1995-02-15,6.6385,6.8354,6.6126,6.8096,3493624,0
1995-02-16,6.8096,6.8781,6.7925,6.7925,2449216,0
1995-02-17,6.8096,6.8612,6.7925,6.8612,2284253,0
1995-02-21,6.8612,6.8781,6.8354,6.8612,936189,0
1995-02-22,6.8781,6.8781,6.724,6.7667,2307369,0
1995-02-23,6.8096,6.8781,6.8096,6.8354,1044410,0
1995-02-24,6.8781,6.9037,6.8354,6.8781,4830133,0
1995-02-27,6.8781,7.0323,6.8781,6.9468,3454749,0
1995-02-28,6.9637,6.9637,6.9208,6.9468,1624402,0
1995-03-01,6.9468,6.9898,6.9468,6.9637,2000562,0
1995-03-02,6.9898,7.0323,6.9468,6.9637,1715818,0
1995-03-03,6.9637,6.9898,6.9468,6.9468,1152632,0
1995-03-06,6.9468,6.9468,6.9037,6.9037,1157885,0
1995-03-07,6.9037,6.9208,6.7925,6.8354,4583216,0
1995-03-08,6.7925,6.9468,6.7925,6.8354,2021577,0
1995-03-09,6.8354,6.8781,6.8096,6.8354,485427,0
1995-03-10,6.8096,6.9037,6.8096,6.8525,1875523,0
1995-03-13,6.8525,6.8525,6.7925,6.8354,430793,0
1995-03-14,6.8781,6.9208,6.8525,6.9037,565285,0
1995-03-15,6.8354,6.8525,6.7925,6.8525,963505,0
1995-03-16,6.8354,6.9468,6.8354,6.9208,1660130,0
1995-03-17,6.9208,6.9208,6.724,6.9037,2604722,0
1995-03-20,6.9208,6.9637,6.9208,6.9208,3090151,0
1995-03-21,6.9468,6.9468,6.9208,6.9208,578942,0
1995-03-22,6.9208,6.9468,6.9037,6.9468,1587627,0
1995-03-23,6.9208,6.9637,6.9037,6.9208,2003709,0
1995-03-24,6.9208,6.9637,6.9208,6.9468,1029701,0
1995-03-27,6.9637,7.0152,6.9637,6.9898,2634140,0
1995-03-28,6.9898,7.0838,6.9637,7.0838,3125875,0
1995-03-29,7.0838,7.1695,7.0579,7.1436,4166081,0
1995-03-30,7.1436,7.238,7.1267,7.2123,4220718,0
1995-03-31,7.195,7.238,7.1695,7.2123,3159501,0
1995-04-03,7.1695,7.2123,7.1436,7.1436,3500980,0
1995-04-04,7.195,7.195,7.1267,7.1436,5260927,0
1995-04-05,7.1267,7.1267,7.0579,7.1011,2814863,0
1995-04-06,7.1011,7.1267,7.0838,7.0838,2515410,0
1995-04-07,7.1267,7.1267,7.0152,7.0323,2808562,0
1995-04-10,6.9898,7.0323,6.9468,7.0152,2042592,0
1995-04-11,7.0152,7.0838,7.0152,7.0838,2454469,0
1995-04-12,7.0838,7.1436,7.0579,7.1267,3430578,0
1995-04-13,7.1436,7.238,7.1436,7.2123,4767093,0
1995-04-17,7.2123,7.3061,7.195,7.3061,3674351,0
1995-04-18,7.2553,7.3061,7.1695,7.195,6340011,0
1995-04-19,7.195,7.195,7.0838,7.1267,1193611,0
1995-04-20,7.1267,7.1695,7.0323,7.0323,2106683,0
1995-04-21,7.0323,7.1695,7.0323,7.1011,2928338,0
1995-04-24,7.0838,7.1267,7.0579,7.1011,840572,0
1995-04-25,7.1267,7.1436,7.0579,7.1267,1999510,0
1995-04-26,7.1011,7.1695,7.0838,7.1695,1221979,0
1995-04-27,7.1436,7.2807,7.1436,7.2553,2739211,0
1995-04-28,7.2553,7.2807,7.195,7.238,4303725,0
1995-05-01,7.2123,7.238,7.1436,7.1695,1783061,0
1995-05-02,7.1695,7.2123,7.1436,7.1436,1983749,0
1995-05-03,7.1436,7.238,7.1436,7.2123,2198094,0
1995-05-04,7.238,7.3061,7.238,7.2807,2214906,0
1995-05-05,7.2807,7.3061,7.238,7.2553,2933592,0
1995-05-08,7.195,7.2807,7.195,7.238,1827195,0
1995-05-09,7.2553,7.3234,7.2123,7.3234,2954609,0
1995-05-10,7.3234,7.3492,7.3061,7.3492,2352549,0
1995-05-11,7.3664,7.4605,7.3234,7.435,3135331,0
1995-05-12,7.3922,7.4177,7.2807,7.2807,3855071,0
1995-05-15,7.3061,7.3234,7.2807,7.3061,2330483,0
1995-05-16,7.3234,7.3234,7.2553,7.3061,1663283,0
1995-05-17,7.3061,7.3664,7.2807,7.3061,3468406,0
1995-05-18,7.3234,7.3234,7.238,7.238,1065423,0
1995-05-19,7.238,7.238,7.1267,7.1436,3167906,0
1995-05-22,7.1436,7.3492,7.1436,7.3492,6841202,0
1995-05-23,7.3664,7.3922,7.3234,7.3664,3329713,0
1995-05-24,7.3664,7.4177,7.3664,7.3922,1974290,0
1995-05-25,7.3922,7.529,7.3664,7.435,4430860,0
1995-05-26,7.435,7.435,7.3664,7.3922,4866907,0
1995-05-30,7.4092,7.4777,7.3922,7.4777,3724781,0
1995-05-31,7.4605,7.5887,7.435,7.5718,2417691,0
1995-06-01,7.5464,7.7948,7.529,7.7948,4587419,0
1995-06-02,7.7521,7.889,7.7521,7.889,11102897,0
1995-06-05,7.9317,8.0432,7.889,7.9746,5591903,0
1995-06-06,7.9746,8.0174,7.8374,7.9317,2928338,0
1995-06-07,7.9062,7.9062,7.7691,7.7948,3538805,0
1995-06-08,7.7691,7.7691,7.5887,7.6149,7121742,0
1995-06-09,7.5464,7.5464,7.3664,7.3922,7412792,0
1995-06-12,7.435,7.529,7.435,7.4777,3368593,0
1995-06-13,7.5034,7.5718,7.5034,7.5464,3559821,0
1995-06-14,7.5464,7.5464,7.4777,7.4777,1405858,0
1995-06-15,7.435,7.4777,7.4092,7.4605,2144509,0
1995-06-16,7.4092,7.4777,7.3922,7.4605,2056246,0
1995-06-19,7.529,7.6834,7.529,7.6576,2231716,0
1995-06-20,7.6576,7.726,7.6404,7.6576,2274796,0
1995-06-21,7.6404,7.6404,7.5034,7.5034,2131902,0
1995-06-22,7.529,7.6834,7.4777,7.6404,4879518,0
1995-06-23,7.6149,7.6576,7.5718,7.5887,940388,0
1995-06-26,7.6404,7.6404,7.4777,7.4777,2603667,0
1995-06-27,7.435,7.4605,7.3922,7.3922,2773887,0
1995-06-28,7.4092,7.4092,7.2807,7.2807,7422247,0
1995-06-29,7.2979,7.2979,7.2807,7.2807,2383017,0
1995-06-30,7.2807,7.3922,7.2553,7.3922,2103532,0
1995-07-03,7.3664,7.3922,7.3234,7.3922,730248,0
1995-07-05,7.3664,7.3922,7.2807,7.2807,3187866,0
1995-07-06,7.2979,7.2979,7.1181,7.2123,8502382,0
1995-07-07,7.2123,7.2807,7.1867,7.2296,6183454,0
1995-07-10,7.2553,7.3408,7.1607,7.2123,5621322,0
1995-07-11,7.2807,7.3922,7.2296,7.3408,9913490,0
1995-07-12,7.3664,7.7089,7.3664,7.6834,8214483,0
1995-07-13,7.7521,7.9062,7.7521,7.8374,4066267,0
1995-07-14,7.7691,7.8632,7.7691,7.8632,3836157,0
1995-07-17,7.7691,7.8202,7.7521,7.7948,3627064,0
1995-07-18,7.8202,7.8632,7.7521,7.7948,3195223,0
1995-07-19,7.7521,7.7521,7.529,7.6576,3371742,0
1995-07-20,7.7521,7.8202,7.6404,7.8202,5215747,0
1995-07-21,7.8374,7.9487,7.726,7.7521,2354652,0
1995-07-24,7.7089,7.7691,7.6576,7.7089,3400111,0
1995-07-25,7.7089,7.7948,7.6834,7.7089,2680375,0
1995-07-26,7.7521,7.8374,7.7521,7.8202,1788315,0
1995-07-27,7.8632,7.8632,7.7521,7.7948,3196272,0
1995-07-28,7.8202,7.8374,7.7691,7.8374,1485711,0
1995-07-31,7.8202,7.8374,7.7948,7.8202,1176801,0
1995-08-01,7.8202,7.8202,7.7521,7.7691,1958533,0
1995-08-02,7.8202,7.889,7.7691,7.7691,2168674,0
1995-08-03,7.7948,7.7948,7.7521,7.7521,1451038,0
1995-08-04,7.7521,7.7691,7.726,7.7521,768071,0
1995-08-07,7.7521,7.8202,7.7089,7.8202,830065,0
1995-08-08,7.8374,7.9317,7.8202,7.9062,3001890,0
1995-08-09,7.889,7.9487,7.8632,7.8632,2692980,0
1995-08-10,7.8632,7.9746,7.8632,7.9487,2635191,0
1995-08-11,7.9487,8.0004,7.889,7.9317,1193611,0
1995-08-14,7.889,7.9746,7.889,7.9487,4855348,0
1995-08-15,7.9317,8.0004,7.9062,7.9746,1332308,0
1995-08-16,7.9487,8.0857,7.9487,8.0685,1675890,0
1995-08-17,8.0857,8.1974,8.0432,8.1115,8860673,0
1995-08-18,8.0685,8.1545,8.0432,8.0685,1342812,0
1995-08-21,8.0685,8.1545,8.0685,8.1115,1446837,0
1995-08-22,8.1115,8.1376,8.0174,8.1115,5791538,0
1995-08-23,8.1115,8.1115,8.0432,8.0432,1333356,0
1995-08-24,8.0432,8.1115,8.0432,8.0432,1378536,0
1995-08-25,8.0685,8.1115,8.0432,8.1115,1308141,0
1995-08-28,8.1115,8.3342,8.1115,8.2915,4065217,0
1995-08-29,8.266,8.266,8.1545,8.1974,6205519,0
1995-08-30,8.1803,8.2915,8.1803,8.2915,2858995,0
1995-08-31,8.266,8.2915,8.1974,8.2229,767021,0
1995-09-01,8.1974,8.266,8.1974,8.266,548473,0
1995-09-05,8.3087,8.3772,8.2915,8.3772,1953276,0
1995-09-06,8.4029,8.4286,8.3601,8.4286,1811434,0
1995-09-07,8.3772,8.3772,8.3087,8.3342,6741380,0
1995-09-08,8.3601,8.3772,8.3087,8.3601,721841,0
1995-09-11,8.3342,8.3601,8.2915,8.3342,2015272,0
1995-09-12,8.3342,8.3772,8.3342,8.3772,620972,0
1995-09-13,8.3342,8.4457,8.3342,8.4029,1272413,0
1995-09-14,8.4973,8.4973,8.4286,8.4714,1528789,0
1995-09-15,8.4973,8.5654,8.4457,8.4457,1559260,0
1995-09-18,8.4714,8.4714,8.3601,8.4029,1041258,0
1995-09-19,8.4029,8.5654,8.3772,8.5654,1569767,0
1995-09-20,8.5399,8.5829,8.5399,8.5399,1521438,0
1995-09-21,8.4973,8.5654,8.4714,8.5142,1148432,0
1995-09-22,8.4457,8.5142,8.4286,8.5142,4055759,0
1995-09-25,8.4714,8.5142,8.4029,8.4973,2322079,0
1995-09-26,8.5399,8.5654,8.4973,8.5654,919375,0
1995-09-27,8.5654,8.7201,8.5654,8.5829,6053165,0
1995-09-28,8.6083,8.6942,8.5654,8.5829,1274517,0
1995-09-29,8.6083,8.7458,8.6083,8.7458,2570044,0
1995-10-02,8.7201,8.788,8.6942,8.7635,1762051,0
1995-10-03,8.7201,8.7635,8.6514,8.7635,781734,0
1995-10-04,8.7458,8.8567,8.6769,8.8131,1190461,0
1995-10-05,8.8307,8.8827,8.8131,8.8131,2213857,0
1995-10-06,8.788,8.8994,8.788,8.8827,1701105,0
1995-10-09,8.8994,8.8994,8.8567,8.8827,826910,0
1995-10-10,8.8994,8.9937,8.788,8.9937,2228565,0
1995-10-11,8.9937,9.1477,8.951,9.106,2707692,0
1995-10-12,9.079,9.106,9.036,9.079,2897870,0
1995-10-13,9.079,9.1477,9.0625,9.1313,2400883,0
1995-10-16,9.542,9.671,9.4058,9.4216,18665942,0
1995-10-17,9.3529,9.4732,9.3529,9.4484,10986272,0
1995-10-18,9.4732,9.559,9.3795,9.3795,13518494,0
1995-10-19,9.4216,9.4216,9.3351,9.3795,4444522,0
1995-10-20,9.4216,9.542,9.2675,9.4216,55522897,0
1995-10-23,9.3351,9.4058,9.243,9.2675,8608501,0
1995-10-24,9.285,9.3106,9.106,9.1477,7129096,0
1995-10-25,9.1313,0.9217,8.9937,9.036,8925823,0
1995-10-26,9.0188,9.036,8.8994,9.0188,4326843,0
1995-10-27,8.951,9.106,8.951,9.079,2414540,0
1995-10-30,9.1477,0.9217,9.036,9.079,6283273,0
1995-10-31,9.079,9.106,8.9681,9.036,2754972,0
1995-11-01,8.9937,9.285,8.9937,9.285,2206502,0
1995-11-02,9.3529,9.3795,9.1736,9.243,2657259,0
1995-11-03,9.3106,9.3106,9.1736,9.243,1034952,0
1995-11-06,9.3106,9.3106,8.9681,9.0625,20615015,0
1995-11-07,9.079,0.9217,8.951,9.1995,14670074,0
1995-11-08,9.1995,9.3795,9.1313,9.3106,6792870,0
1995-11-09,9.3529,9.542,9.3106,9.517,7708037,0
1995-11-10,9.517,9.671,9.4911,9.654,7004063,0
1995-11-13,9.654,9.764,9.601,9.627,5969109,0
1995-11-14,9.627,9.627,9.4732,9.4911,5168465,0
1995-11-15,9.4216,9.542,9.4216,9.542,5376504,0
1995-11-16,9.517,9.584,9.4484,9.4911,4280609,0
1995-11-17,9.517,9.627,9.4216,9.627,3680654,0
1995-11-20,9.627,9.627,9.4732,9.4911,977166,0
1995-11-21,9.4911,9.517,9.4216,9.4484,4778653,0
1995-11-22,9.4216,9.4484,9.3529,9.3795,2564793,0
1995-11-24,9.285,9.3795,9.285,9.3795,893105,0
1995-11-27,9.3795,9.517,9.3529,9.4911,2779139,0
1995-11-28,9.4911,9.542,9.4058,9.4911,3670146,0
1995-11-29,9.534,9.534,9.4911,9.534,692420,0
1995-11-30,9.517,9.517,9.4484,9.4484,3890795,0
1995-12-01,9.4911,9.517,9.4484,9.4653,2945155,0
1995-12-04,9.4911,9.601,9.4911,9.559,3355978,0
1995-12-05,9.534,9.584,9.4653,9.517,6170845,0
1995-12-06,9.517,9.627,9.517,9.601,7011415,0
1995-12-07,9.559,9.584,9.3969,9.3969,4677781,0
1995-12-08,9.4484,9.584,9.4484,9.559,4456077,0
1995-12-11,9.584,9.584,9.4911,9.4911,2210701,0
1995-12-12,9.4653,9.4653,9.4216,9.4484,3087002,0
1995-12-13,9.4484,9.4484,9.3969,9.4216,5225202,0
1995-12-14,9.4216,9.4216,9.285,9.285,3925468,0
1995-12-15,8.9681,9.3106,8.9681,9.1909,12253428,0
1995-12-18,0.9217,0.9217,9.0103,9.036,6452439,0
1995-12-19,9.0103,9.285,8.9842,9.1736,2251680,0
1995-12-20,9.2605,9.285,9.1227,9.1227,3653333,0
1995-12-21,9.1477,9.1909,9.1227,9.1736,3617611,0
1995-12-22,9.2605,9.2605,9.106,9.106,1109550,0
1995-12-26,9.1227,9.2605,9.1227,9.2605,2620481,0
1995-12-27,9.2605,9.2605,9.1477,9.1909,1444731,0
1995-12-28,0.9217,9.243,9.1477,9.1736,3535657,0
1995-12-29,9.1477,9.1477,9.0531,9.079,4953070,0
1996-01-02,9.079,9.285,9.079,9.285,3539858,0
1996-01-03,9.3529,9.4484,9.3529,9.3795,2704540,0
1996-01-04,9.4653,9.4653,9.0531,9.079,3363336,0
1996-01-05,9.079,9.1227,8.7363,8.9173,3301345,0
1996-01-08,8.8994,8.9173,8.7801,8.8056,601009,0
1996-01-09,8.8483,8.9681,8.6855,8.7118,3189967,0
1996-01-10,8.6685,8.7363,8.4113,8.463,6239143,0
1996-01-11,8.5312,8.7635,8.5312,8.6425,6548051,0
1996-01-12,8.7118,8.7801,8.48,8.7801,4600028,0
1996-01-15,8.7801,8.7801,8.48,8.5058,4009528,0
1996-01-16,8.5743,8.7363,8.5743,8.7118,3545107,0
1996-01-17,8.8742,9.0103,8.7635,8.8307,4423506,0
1996-01-18,8.8483,8.9173,8.8056,8.8742,6073130,0
1996-01-19,8.8056,9.079,8.7801,8.8742,6262259,0
1996-01-22,8.8742,9.243,8.8742,9.1477,9450126,0
1996-01-23,0.9217,9.243,9.1736,9.1909,5404877,0
1996-01-24,9.243,9.534,9.243,9.4653,11779556,0
1996-01-25,9.517,9.517,9.243,9.3106,5442703,0
1996-01-26,9.3106,9.3529,9.2605,9.3263,1975343,0
1996-01-29,9.285,9.3795,9.285,9.3795,1948026,0
1996-01-30,9.4653,9.4911,9.3106,9.3795,3069138,0
1996-01-31,9.4216,9.601,9.3795,9.601,4167136,0
1996-02-01,9.601,9.671,9.517,9.584,2607873,0
1996-02-02,9.627,9.697,9.584,9.627,6679390,0
1996-02-05,9.654,9.74,9.627,9.74,1952226,0
1996-02-06,9.723,9.877,9.697,9.859,3502031,0
1996-02-07,9.859,10.108,9.835,10.038,4480248,0
1996-02-08,10.064,10.315,10.064,10.289,6057371,0
1996-02-09,10.289,10.425,10.2,10.354,5919724,0
1996-02-12,10.354,10.588,10.339,10.542,4218620,0
1996-02-13,10.477,10.56,10.354,10.494,3815144,0
1996-02-14,10.425,10.452,10.289,10.315,3079643,0
1996-02-15,10.315,10.315,10.081,10.15,7432753,0
1996-02-16,10.177,10.177,9.997,10.064,3970652,0
1996-02-20,9.97,10.064,9.79,9.835,4320537,0
1996-02-21,9.859,10.354,9.859,10.339,14619640,0
1996-02-22,10.379,10.722,10.315,10.696,11157536,0
1996-02-23,10.722,10.885,10.722,10.885,6315843,0
1996-02-26,10.861,10.903,10.696,10.696,6235991,0
1996-02-27,10.681,10.681,10.56,10.588,5077051,0
1996-02-28,10.665,10.76,10.64,10.731,6534392,0
1996-02-29,10.665,10.69,10.501,10.624,5668606,0
1996-03-01,10.542,10.801,10.525,10.801,13111865,0
1996-03-04,10.828,10.845,10.705,10.828,3268773,0
1996-03-05,10.801,10.921,10.776,10.921,2804357,0
1996-03-06,10.894,10.939,10.828,10.828,2968270,0
1996-03-07,10.776,10.921,10.76,10.828,2552189,0
1996-03-08,10.731,10.76,10.542,10.731,7760575,0
1996-03-11,10.525,10.665,10.461,10.501,9258894,0
1996-03-12,10.406,10.597,10.323,10.569,6296931,0
1996-03-13,10.64,10.731,10.501,10.624,4434014,0
1996-03-14,10.69,10.801,10.69,10.776,3339171,0
1996-03-15,10.776,10.776,10.624,10.64,7968617,0
1996-03-18,10.64,10.828,10.64,10.776,5480527,0
1996-03-19,10.828,10.921,10.776,10.894,4588469,0
1996-03-20,10.921,10.939,10.845,10.869,3775216,0
1996-03-21,10.869,10.894,10.801,10.869,2555337,0
1996-03-22,10.939,10.939,10.776,10.828,2116139,0
1996-03-25,10.869,10.964,10.845,10.939,3269821,0
1996-03-26,10.921,11.008,10.894,11.008,3423227,0
1996-03-27,10.991,11.008,10.894,10.939,1350165,0
1996-03-28,10.894,11.033,10.845,10.894,2384070,0
1996-03-29,10.991,11.008,10.921,10.991,3187866,0
1996-04-01,11.058,11.212,11.033,11.171,2790698,0
1996-04-02,11.196,11.212,11.145,11.196,2118239,0
1996-04-03,11.196,11.196,11.074,11.171,2454469,0
1996-04-04,11.126,11.126,11.074,11.126,1667484,0
1996-04-08,10.939,10.964,10.894,10.921,2948305,0
1996-04-09,10.921,11.145,10.921,11.058,6775006,0
1996-04-10,11.058,11.058,10.776,10.801,3494676,0
1996-04-11,10.801,10.801,10.477,10.705,2892620,0
1996-04-12,10.69,11.033,10.69,10.894,2742363,0
1996-04-15,10.939,11.058,10.921,10.991,3242507,0
1996-04-16,10.939,11.074,10.869,10.991,4430860,0
1996-04-17,10.991,11.058,10.921,10.964,4473942,0
1996-04-18,10.991,11.033,10.845,11.008,3055478,0
1996-04-19,11.033,11.126,10.964,10.991,3448444,0
1996-04-22,11.058,11.145,11.058,11.058,2100380,0
1996-04-23,11.058,11.126,11.033,11.1,1842952,0
1996-04-24,11.145,11.145,10.991,11.033,1426873,0
1996-04-25,11.008,11.145,11.008,11.1,1978495,0
1996-04-26,11.145,11.145,11.058,11.074,1532994,0
1996-04-29,11.008,11.196,11.008,11.145,2713996,0
1996-04-30,11.074,11.145,11.058,11.1,2629938,0
1996-05-01,11.074,11.171,11.074,11.1,2272695,0
1996-05-02,11.033,11.058,10.828,10.869,6115158,0
1996-05-03,10.845,11.008,10.801,10.801,5270386,0
1996-05-06,10.828,10.845,10.69,10.801,2268492,0
1996-05-07,10.828,10.845,10.76,10.776,3052325,0
1996-05-08,10.801,10.869,10.64,10.845,3683806,0
1996-05-09,10.845,11.008,10.845,10.939,2099327,0
1996-05-10,11.033,11.196,11.008,11.1,3728986,0
1996-05-13,11.074,11.196,10.991,11.145,3309750,0
1996-05-14,11.126,11.289,11.074,11.212,1441579,0
1996-05-15,11.196,11.335,11.196,11.237,3432685,0
1996-05-16,11.212,11.307,11.196,11.262,1447888,0
1996-05-17,11.376,11.399,11.335,11.376,1548753,0
1996-05-20,11.399,11.47,11.358,11.425,3360184,0
1996-05-21,11.425,11.47,11.335,11.376,1925959,0
1996-05-22,11.376,11.675,11.335,11.607,3715326,0
1996-05-23,11.659,11.744,11.47,11.578,1810382,0
1996-05-24,11.563,11.607,11.399,11.425,5630776,0
1996-05-28,11.443,11.443,11.289,11.399,2204399,0
1996-05-29,11.335,11.399,11.196,11.196,2881059,0
1996-05-30,11.22,11.385,11.083,11.317,2956709,0
1996-05-31,11.289,11.317,11.126,11.205,2137153,0
1996-06-03,11.126,11.126,10.973,11.083,2290556,0
1996-06-04,11.178,11.289,11.126,11.22,3502031,0
1996-06-05,11.244,11.317,11.154,11.289,2279002,0
1996-06-06,11.385,11.407,11.22,11.244,2357803,0
1996-06-07,10.948,11.016,10.894,11.016,3761561,0
1996-06-10,11.016,11.016,10.921,10.948,3763658,0
1996-06-11,10.973,11.178,10.973,11.04,3496777,0
1996-06-12,11.058,11.083,10.877,10.894,1552955,0
1996-06-13,10.894,10.973,10.828,10.948,2648851,0
1996-06-14,10.973,10.973,10.877,10.894,3432685,0
1996-06-17,10.852,10.991,10.786,10.828,3492574,0
1996-06-18,10.877,10.973,10.786,10.786,1476255,0
1996-06-19,10.828,10.973,10.76,10.76,3006096,0
1996-06-20,10.786,10.786,10.435,10.485,6081534,0
1996-06-21,10.55,10.624,10.461,10.485,4210213,0
1996-06-24,10.485,10.76,10.485,10.665,2579501,0
1996-06-25,10.69,10.877,10.69,10.786,4285863,0
1996-06-26,10.731,10.877,10.648,10.69,1991102,0
1996-06-27,10.731,10.786,10.597,10.76,2178129,0
1996-06-28,10.731,10.894,10.731,10.76,1920706,0
1996-07-01,10.81,10.852,10.731,10.852,1435277,0
1996-07-02,10.81,10.921,10.731,10.828,3178413,0
1996-07-03,10.81,10.877,10.731,10.877,3473662,0
1996-07-05,10.665,10.731,10.485,10.501,1389044,0
1996-07-08,10.435,10.461,10.271,10.297,1596034,0
1996-07-09,10.323,10.569,10.323,10.416,1431074,0
1996-07-10,10.416,10.713,10.416,10.69,2277951,0
1996-07-11,10.713,10.731,10.55,10.665,5242015,0
1996-07-12,10.665,10.852,10.648,10.852,4085178,0
1996-07-15,10.786,10.921,10.731,10.828,4319485,0
1996-07-16,10.76,10.852,10.485,10.731,5211543,0
1996-07-17,10.76,10.973,10.76,10.894,3003994,0
1996-07-18,10.877,11.154,10.828,11.083,2901023,0
1996-07-19,11.109,11.126,10.921,11.016,2226465,0
1996-07-22,10.973,11.154,10.948,11.058,1267161,0
1996-07-23,11.109,11.109,10.948,10.973,1666433,0
1996-07-24,10.894,11.016,10.877,10.973,1668535,0
1996-07-25,11.016,11.22,11.016,11.109,2337840,0
1996-07-26,11.126,11.289,11.126,11.22,1473097,0
1996-07-29,11.205,11.271,11.178,11.244,1208319,0
1996-07-30,11.271,11.407,11.244,11.367,2537475,0
1996-07-31,11.317,11.385,11.289,11.367,1652774,0
1996-08-01,11.367,11.434,11.317,11.407,5341830,0
1996-08-02,11.407,11.778,11.407,11.71,7741663,0
1996-08-05,11.735,11.735,11.521,11.521,1587627,0
1996-08-06,11.521,11.614,11.521,11.597,852130,0
1996-08-07,11.597,11.614,11.451,11.572,1828242,0
1996-08-08,11.521,11.572,11.503,11.546,1261906,0
1996-08-09,11.572,11.642,11.546,11.614,1639115,0
1996-08-12,11.597,11.642,11.546,11.597,2188637,0
1996-08-13,11.642,11.642,11.503,11.503,1215676,0
1996-08-14,11.451,11.503,11.407,11.479,1324952,0
1996-08-15,11.479,11.503,11.407,11.434,1599190,0
1996-08-16,11.451,11.642,11.451,11.642,1606542,0
1996-08-19,11.597,11.684,11.597,11.667,2565845,0
1996-08-20,11.667,11.871,11.667,11.871,1929114,0
1996-08-21,11.845,11.845,11.71,11.802,1328102,0
1996-08-22,11.76,11.966,11.735,11.942,1166293,0
1996-08-23,11.897,11.897,11.76,11.778,1536144,0
1996-08-26,11.735,11.802,11.684,11.778,2060450,0
1996-08-27,11.778,11.942,11.778,11.942,1712665,0
1996-08-28,11.916,12.007,11.916,12.007,1288176,0
1996-08-29,11.948,11.991,11.854,11.906,4088329,0
1996-08-30,11.881,11.991,11.881,11.991,3123775,0
1996-09-03,11.881,11.974,11.735,11.906,4365718,0
1996-09-04,11.906,11.974,11.906,11.974,3014500,0
1996-09-05,11.925,11.925,11.812,11.812,1494116,0
1996-09-06,11.83,12.088,11.83,11.991,2404037,0
1996-09-09,12.043,12.178,12.016,12.154,1573971,0
1996-09-10,12.206,12.275,12.138,12.206,2397730,0
1996-09-11,12.178,12.233,12.088,12.138,2383017,0
1996-09-12,12.178,12.275,12.178,12.25,4340502,0
1996-09-13,12.324,12.585,12.324,12.558,2402981,0
1996-09-16,12.601,12.693,12.585,12.65,2186538,0
1996-09-17,12.693,12.693,12.464,12.558,2359904,0
1996-09-18,12.558,12.558,12.487,12.53,2162370,0
1996-09-19,12.439,12.53,12.439,12.504,2419796,0
1996-09-20,12.504,12.504,12.413,12.439,6481855,0
1996-09-23,12.395,12.585,12.368,12.558,2568996,0
1996-09-24,12.504,12.558,12.31,12.464,4648361,0
1996-09-25,12.464,12.504,12.324,12.368,3221494,0
1996-09-26,12.34,12.34,12.25,12.25,4676731,0
1996-09-27,12.178,12.3,12.138,12.3,2564793,0
1996-09-30,12.3,12.487,12.275,12.487,2479686,0
1996-10-01,12.487,12.504,12.395,12.395,2039436,0
1996-10-02,12.413,12.413,12.3,12.34,2345192,0
1996-10-03,12.324,12.34,12.25,12.275,1338611,0
1996-10-04,12.324,12.439,12.324,12.395,3426378,0
1996-10-07,12.413,12.413,12.324,12.395,3634423,0
1996-10-08,12.368,12.504,12.368,12.413,2799106,0
1996-10-09,12.34,12.439,12.233,12.275,1701105,0
1996-10-10,12.178,12.34,12.088,12.275,2901023,0
1996-10-11,12.3,12.413,12.3,12.324,3071234,0
1996-10-14,12.34,12.34,12.206,12.25,1088541,0
1996-10-15,12.233,12.275,12.07,12.07,5337630,0
1996-10-16,12.113,12.138,11.906,11.925,4316337,0
1996-10-17,11.991,12.07,11.925,12.016,2765480,0
1996-10-18,12.113,12.138,12.043,12.088,2480737,0
1996-10-21,12.113,12.138,11.991,12.016,3488373,0
1996-10-22,12.07,12.233,12.016,12.233,4593723,0
1996-10-23,12.154,12.3,12.138,12.206,3032361,0
1996-10-24,12.206,12.275,12.088,12.154,1739981,0
1996-10-25,12.178,12.233,12.138,12.206,1197814,0
1996-10-28,12.25,12.25,11.991,12.016,1225131,0
1996-10-29,12.016,12.138,11.991,12.088,3790979,0
1996-10-30,12.113,12.275,12.113,12.178,2144509,0
1996-10-31,12.178,12.34,12.178,12.324,3165802,0
1996-11-01,12.324,12.324,12.233,12.25,1706362,0
1996-11-04,12.206,12.324,12.206,12.3,1298684,0
1996-11-05,12.324,12.395,12.233,12.275,3944382,0
1996-11-06,12.25,12.413,12.233,12.413,3332867,0
1996-11-07,12.368,12.601,12.25,12.558,5141145,0
1996-11-08,12.693,12.693,12.464,12.558,2199146,0
1996-11-11,12.558,12.626,12.53,12.558,2613127,0
1996-11-12,12.601,12.65,12.464,12.487,3094353,0
1996-11-13,12.413,12.464,12.3,12.3,2656205,0
1996-11-14,12.324,12.558,12.3,12.53,2922038,0
1996-11-15,12.789,12.789,12.65,12.72,2813813,0
1996-11-18,12.764,12.83,12.693,12.83,2453420,0
1996-11-19,12.789,13.089,12.789,13.046,3603948,0
1996-11-20,13.071,13.236,12.976,13.165,4078872,0
1996-11-21,13.259,13.259,13.071,13.071,3992710,0
1996-11-22,13.114,13.438,13.089,13.399,2705588,0
1996-11-25,13.517,13.816,13.489,13.558,4795464,0
1996-11-26,13.586,13.79,13.464,13.586,4918393,0
1996-11-27,13.586,13.635,13.474,13.586,2998740,0
1996-11-29,13.635,13.757,13.635,13.68,413983,0
1996-12-02,13.68,13.731,13.611,13.662,5595054,0
1996-12-03,13.68,13.798,13.474,13.498,2521717,0
1996-12-04,13.406,13.498,13.236,13.259,2998740,0
1996-12-05,13.285,13.354,13.122,13.122,2808562,0
1996-12-06,13.029,13.381,12.91,13.236,3428478,0
1996-12-09,13.218,13.706,13.218,13.706,1817736,0
1996-12-10,13.706,13.706,13.354,13.406,3513590,0
1996-12-11,13.285,13.406,13.122,13.165,2613127,0
1996-12-12,13.236,13.236,12.746,12.772,3592389,0
1996-12-13,12.72,12.746,12.487,12.601,7880358,0
1996-12-16,12.626,12.866,12.626,12.675,4850098,0
1996-12-17,12.626,13.046,12.626,12.961,6786561,0
1996-12-18,12.961,12.961,12.772,12.789,3991663,0
1996-12-19,12.866,13.165,12.838,13.122,3645980,0
1996-12-20,13.567,13.567,13.328,13.354,5286145,0
1996-12-23,13.354,13.354,13.236,13.311,2256935,0
1996-12-24,13.285,13.354,13.285,13.328,722892,0
1996-12-26,13.328,13.517,13.328,13.498,1232486,0
1996-12-27,13.517,13.567,13.423,13.447,1199915,0
1996-12-30,13.381,13.498,13.285,13.328,2434505,0
1996-12-31,13.285,13.285,12.813,12.813,2452364,0
1997-01-02,12.884,12.91,12.675,12.789,2023677,0
1997-01-03,12.838,13.096,12.838,13.071,1965887,0
1997-01-06,13.096,13.218,12.884,12.91,5082304,0
1997-01-07,12.838,13.001,12.746,12.976,2132950,0
1997-01-08,13.001,13.191,12.884,13.096,2530119,0
1997-01-09,13.122,13.139,13.001,13.046,1579223,0
1997-01-10,12.91,13.029,12.866,13.029,3730037,0
1997-01-13,13.046,13.259,13.046,13.191,3177361,0
1997-01-14,13.236,13.567,13.236,13.498,2108781,0
1997-01-15,13.423,13.544,13.328,13.498,3461054,0
1997-01-16,13.586,13.586,13.354,13.406,674208,0
1997-01-17,13.311,13.611,13.311,13.544,1171546,0
1997-01-20,13.567,13.68,13.474,13.586,635683,0
1997-01-21,13.498,13.731,13.423,13.611,640237,0
1997-01-22,13.611,13.798,13.544,13.774,768071,0
1997-01-23,13.798,13.987,13.662,13.68,481225,0
1997-01-24,13.635,13.757,13.498,13.517,1822288,0
1997-01-27,13.474,13.662,13.447,13.544,880147,0
1997-01-28,13.662,13.798,13.635,13.662,653543,0
1997-01-29,13.635,13.851,13.635,13.798,467917,0
1997-01-30,13.825,14.057,13.825,14.057,914123,0
1997-01-31,14.083,14.409,14.083,14.271,1785514,0
1997-02-03,14.246,14.39,14.219,14.39,1033903,0
1997-02-04,14.409,14.409,14.271,14.409,617471,0
1997-02-05,14.363,14.484,14.271,14.314,1179600,0
1997-02-06,14.246,14.409,14.219,14.39,884702,0
1997-02-07,14.484,14.645,14.39,14.579,787685,0
1997-02-10,14.671,14.905,14.671,14.69,938987,0
1997-02-11,14.741,14.93,14.717,14.93,783134,0
1997-02-12,14.93,14.948,14.741,14.905,782433,0
1997-02-13,14.997,15.307,14.972,15.214,1119362,0
1997-02-14,15.214,15.307,15.118,15.307,835668,0
1997-02-18,15.377,15.564,15.186,15.564,999582,0
1997-02-19,15.539,15.539,15.349,15.377,858785,0
1997-02-20,15.307,15.377,15.161,15.161,822362,0
1997-02-21,15.161,15.256,15.135,15.232,595056,0
1997-02-24,15.186,15.564,15.135,15.513,454610,0
1997-02-25,15.485,15.605,15.416,15.605,641984,0
1997-02-26,15.564,15.564,15.186,15.416,1011137,0
1997-02-27,15.393,15.46,15.247,15.313,741806,0
1997-02-28,15.247,15.313,14.777,14.825,892756,0
1997-03-03,14.733,15.109,14.733,15.06,743208,0
1997-03-04,15.084,15.223,15.015,15.015,854933,0
1997-03-05,15.015,15.247,15.015,15.247,574741,0
1997-03-06,15.272,15.393,15.223,15.298,696625,0
1997-03-07,15.298,15.703,15.298,15.65,581744,0
1997-03-10,15.717,15.93,15.579,15.93,788739,0
1997-03-11,15.958,15.958,15.556,15.743,700479,0
1997-03-12,15.743,15.743,15.367,15.41,549875,0
1997-03-13,15.367,15.377,14.938,15.015,778230,0
1997-03-14,15.06,15.127,14.897,15.015,739005,0
1997-03-17,15.015,15.015,14.492,14.825,4255391,0
1997-03-18,14.825,14.921,14.535,14.638,937236,0
1997-03-19,14.638,14.871,14.587,14.777,668255,0
1997-03-20,14.331,14.348,13.995,14.254,7364104,0
1997-03-21,14.492,14.825,14.492,14.733,5834266,0
1997-03-24,14.825,14.921,14.75,14.897,2937098,0
1997-03-25,14.938,14.938,14.587,14.709,2300714,0
1997-03-26,14.709,14.709,14.519,14.519,1354024,0
1997-03-27,14.535,14.562,14.305,14.305,1818087,0
1997-03-31,14.305,14.305,13.739,13.782,1619503,0
1997-04-01,13.739,13.903,13.644,13.876,1659426,0
1997-04-02,13.807,13.859,13.67,13.713,1047561,0
1997-04-03,13.67,13.876,13.577,13.876,1703209,0
1997-04-04,13.876,13.971,13.713,13.903,1726322,0
1997-04-07,13.971,14.066,13.953,13.995,1688847,0
1997-04-08,13.953,14.066,13.953,14.047,1324602,0
1997-04-09,14.16,14.237,14.047,14.066,2841481,0
1997-04-10,14.021,14.066,13.971,13.995,750558,0
1997-04-11,13.903,13.903,13.406,13.43,1248245,0
1997-04-14,13.381,13.474,13.244,13.406,1266814,0
1997-04-15,13.67,13.713,13.336,13.644,2076561,0
1997-04-16,13.577,13.611,13.438,13.552,1205871,0
1997-04-17,13.526,13.782,13.456,13.689,1909852,0
1997-04-18,13.713,13.739,13.577,13.594,854230,0
1997-04-21,13.526,13.619,13.406,13.456,888552,0
1997-04-22,13.456,13.859,13.43,13.834,837421,0
1997-04-23,13.834,13.928,13.766,13.766,1510579,0
1997-04-24,13.782,13.903,13.67,13.713,1105002,0
1997-04-25,13.67,13.67,13.526,13.577,1336862,0
1997-04-28,13.594,13.903,13.594,13.876,1587281,0
1997-04-29,14.115,14.399,14.047,14.373,1009035,0
1997-04-30,14.348,14.587,14.279,14.492,1171198,0
1997-05-01,14.467,14.614,14.373,14.441,1316195,0
1997-05-02,14.519,14.921,14.519,14.921,939689,0
1997-05-05,14.938,15.06,14.777,15.06,1124964,0
1997-05-06,14.988,15.298,14.988,15.205,1287825,0
1997-05-07,15.223,15.223,14.871,14.897,1732277,0
1997-05-08,14.825,15.127,14.777,14.965,2149059,0
1997-05-09,14.921,15.109,14.921,15.109,1128466,0
1997-05-12,15.109,15.298,15.109,15.272,821660,0
1997-05-13,15.298,15.313,15.127,15.298,1770104,0
1997-05-14,15.341,15.46,15.341,15.393,949846,0
1997-05-15,15.367,15.485,15.298,15.485,802394,0
1997-05-16,15.485,15.504,15.298,15.341,1463645,0
1997-05-19,15.313,15.435,15.298,15.367,408379,0
1997-05-20,15.272,15.579,15.109,15.579,1109903,0
1997-05-21,15.579,15.65,15.367,15.53,1245096,0
1997-05-22,15.504,15.579,15.341,15.41,701177,0
1997-05-23,15.46,15.624,15.46,15.598,688217,0
1997-05-27,15.53,15.579,15.393,15.46,1050015,0
1997-05-28,15.393,15.598,15.367,15.485,1032150,0
1997-05-29,15.426,15.477,15.196,15.264,914820,0
1997-05-30,15.196,15.598,15.101,15.572,1060171,0
1997-06-02,15.624,15.666,15.332,15.385,1334760,0
1997-06-03,15.358,15.717,15.358,15.694,1325651,0
1997-06-04,15.666,15.759,15.572,15.64,785583,0
1997-06-05,15.64,15.717,15.523,15.547,838820,0
1997-06-06,15.547,15.734,15.523,15.717,1213226,0
1997-06-09,15.734,15.734,15.504,15.598,952295,0
1997-06-10,15.64,15.759,15.624,15.64,698024,0
1997-06-11,15.624,15.694,15.523,15.666,1158586,0
1997-06-12,15.734,15.904,15.694,15.904,1817384,0
1997-06-13,15.93,16.121,15.904,16.026,1778159,0
1997-06-16,16.044,16.283,16.026,16.283,1233889,0
1997-06-17,16.283,16.378,16.19,16.309,2127698,0
1997-06-18,16.283,16.471,16.19,16.455,751611,0
1997-06-19,16.523,16.617,16.402,16.55,786634,0
1997-06-20,16.565,16.565,16.351,16.351,1320396,0
1997-06-23,16.309,16.351,16.121,16.121,861587,0
1997-06-24,16.214,16.471,16.164,16.471,967357,0
1997-06-25,16.455,16.583,16.094,16.309,1319348,0
1997-06-26,16.317,16.317,16.094,16.19,929534,0
1997-06-27,16.239,16.336,16.164,16.164,569136,0
1997-06-30,16.164,16.309,15.994,16.214,1532291,0
1997-07-01,16.351,16.498,16.248,16.351,1787963,0
1997-07-02,16.402,16.763,16.402,16.747,1001678,0
1997-07-03,16.918,17.208,16.918,17.165,814652,0
1997-07-07,17.165,17.208,17.047,17.071,1267858,0
1997-07-08,17.054,17.165,17.047,17.165,876649,0
1997-07-09,17.208,17.224,16.925,16.984,942491,0
1997-07-10,16.984,17.141,16.984,17.088,872441,0
1997-07-11,17.106,17.106,16.993,17.021,1433523,0
1997-07-14,17.021,17.047,16.839,16.934,1295183,0
1997-07-15,16.952,16.952,16.78,16.925,1613198,0
1997-07-16,16.925,17.106,16.925,17.088,1760646,0
1997-07-17,17.088,17.088,16.763,16.839,2091624,0
1997-07-18,16.83,16.839,16.593,16.593,1997056,0
1997-07-21,16.55,16.593,16.471,16.488,2278650,0
1997-07-22,16.488,16.556,16.429,16.556,2542726,0
1997-07-23,16.556,16.556,16.437,16.455,2210701,0
1997-07-24,16.455,16.55,16.429,16.506,1783061,0
1997-07-25,16.556,16.565,16.471,16.55,1023745,0
1997-07-28,16.55,16.669,16.498,16.575,1255603,0
1997-07-29,16.609,16.772,16.488,16.651,2110886,0
1997-07-30,16.669,16.961,16.609,16.925,3109762,0
1997-07-31,16.993,17.071,16.78,16.901,2308418,0
1997-08-01,16.901,16.901,16.471,16.506,2290556,0
1997-08-04,17.088,17.385,16.901,17.088,3317103,0
1997-08-05,17.088,17.208,16.952,16.976,1385540,0
1997-08-06,16.976,17.567,16.918,17.395,2148358,0
1997-08-07,17.612,17.63,17.294,17.378,2491246,0
1997-08-08,17.088,17.165,16.455,16.593,3071586,0
1997-08-11,16.685,16.925,16.641,16.857,1952927,0
1997-08-12,16.952,16.976,16.565,16.617,1743483,0
1997-08-13,16.804,16.804,16.523,16.523,1771503,0
1997-08-14,16.651,16.737,16.429,16.713,1672387,0
1997-08-15,16.713,16.804,16.565,16.565,1680438,0
1997-08-18,16.565,16.763,16.309,16.763,1939268,0
1997-08-19,16.804,16.976,16.641,16.976,1503222,0
1997-08-20,16.976,17.079,16.901,17.079,1236343,0
1997-08-21,17.088,17.088,16.641,16.704,1544201,0
1997-08-22,16.506,16.713,16.429,16.713,2157468,0
1997-08-25,16.763,16.918,16.713,16.78,1016743,0
1997-08-26,16.804,16.839,16.593,16.737,1652774,0
1997-08-27,16.737,17.115,16.737,16.976,2988583,0
1997-08-28,16.993,17.062,16.884,16.892,1734028,0
1997-08-29,16.892,16.918,16.659,16.713,1456992,0
1997-09-02,16.728,16.934,16.632,16.934,1977441,0
1997-09-03,16.968,17.011,16.772,16.812,1382041,0
1997-09-04,16.812,16.934,16.772,16.934,1337207,0
1997-09-05,16.944,17.088,16.822,16.849,1079433,0
1997-09-08,16.857,17.124,16.857,17.124,984519,0
1997-09-09,17.097,17.251,17.011,17.183,1587981,0
1997-09-10,17.106,17.156,16.849,16.849,769122,0
1997-09-11,16.849,16.934,16.462,16.934,1980596,0
1997-09-12,16.952,17.27,16.796,17.251,1566263,0
1997-09-15,17.224,17.466,17.224,17.441,2160272,0
1997-09-16,17.638,17.938,17.612,17.875,1824040,0
1997-09-17,17.875,18.21,17.875,18.159,2174279,0
1997-09-18,18.188,18.613,18.159,18.313,1724220,0
1997-09-19,18.331,18.398,18.133,18.27,1605139,0
1997-09-22,18.303,18.466,18.21,18.227,754413,0
1997-09-23,18.244,18.244,17.979,18.159,707481,0
1997-09-24,18.188,18.503,18.169,18.21,934435,0
1997-09-25,18.21,18.219,17.947,18.006,830766,0
1997-09-26,18.107,18.398,18.107,18.398,1068927,0
1997-09-29,18.331,18.341,18.188,18.341,1109204,0
1997-09-30,18.373,18.578,18.341,18.425,1362776,0
1997-10-01,18.425,18.742,18.425,18.619,1108504,0
1997-10-02,18.578,19.068,18.456,19.005,1176453,0
1997-10-03,19.281,19.342,18.827,19.162,1531589,0
1997-10-06,19.111,19.495,19.111,19.342,914123,0
1997-10-07,19.281,19.667,19.093,19.667,1172250,0
1997-10-08,19.606,19.606,19.213,19.444,1199565,0
1997-10-09,19.332,19.47,19.093,19.436,1512675,0
1997-10-10,19.315,19.315,19.06,19.187,1108153,0
1997-10-13,19.231,19.403,19.231,19.403,1540703,0
1997-10-14,19.547,19.667,19.332,19.614,960353,0
1997-10-15,19.523,19.667,19.289,19.581,1054917,0
1997-10-16,19.581,19.939,19.47,19.581,1002382,0
1997-10-17,19.556,19.564,18.827,19.195,1384839,0
1997-10-20,19.213,19.231,19.068,19.102,1087839,0
1997-10-21,19.187,19.759,19.187,19.759,2065704,0
1997-10-22,19.759,19.822,19.667,19.822,1158586,0
1997-10-23,19.651,19.831,19.342,19.759,1897940,0
1997-10-24,19.855,20.19,19.743,20.19,1993554,0
1997-10-27,20.069,20.283,18.638,18.638,1821585,0
1997-10-28,17.892,19.042,17.612,19.042,3302746,0
1997-10-29,18.997,19.667,18.997,19.281,2028577,0
1997-10-30,19.068,19.305,18.922,18.997,1555058,0
1997-10-31,19.135,19.47,19.042,19.409,1575725,0
1997-11-03,19.614,20.095,19.606,20.095,1415311,0
1997-11-04,20.069,20.231,19.651,19.855,2188988,0
1997-11-05,19.588,20.017,19.529,19.676,1468898,0
1997-11-06,19.614,20.002,19.375,19.889,2095820,0
1997-11-07,19.795,19.976,19.426,19.976,1262258,0
1997-11-10,20.043,20.164,19.855,20.011,1364526,0
1997-11-11,20.035,20.214,20.002,20.19,1852056,0
1997-11-12,20.043,20.043,19.162,19.281,1810382,0
1997-11-13,19.315,19.564,19.093,19.444,2351851,0
1997-11-14,19.281,19.375,19.135,19.273,1256654,0
1997-11-17,19.403,20.035,19.403,20.002,1655221,0
1997-11-18,20.035,20.043,19.855,19.923,1303935,0
1997-11-19,19.976,20.19,19.897,20.095,1797070,0
1997-11-20,20.095,20.394,20.061,20.25,1872723,0
1997-11-21,20.413,20.497,20.19,20.335,1654874,0
1997-11-24,20.283,20.593,20.259,20.439,1414611,0
1997-11-25,20.431,20.523,20.231,20.283,825161,0
1997-11-26,20.326,20.66,20.326,20.532,1157540,0
1997-11-28,20.575,20.66,20.54,20.593,804495,0
1997-12-01,20.73,21.288,20.633,21.234,1400950,0
1997-12-02,21.234,21.379,21.09,21.311,1231088,0
1997-12-03,21.45,21.569,21.208,21.507,1256654,0
1997-12-04,21.499,21.782,21.311,21.311,1355773,0
1997-12-05,21.288,21.645,21.19,21.645,1244397,0
1997-12-08,21.56,21.858,21.523,21.858,2066754,0
1997-12-09,21.766,22.365,21.686,22.074,1917904,0
1997-12-10,22.339,22.339,21.75,22.004,1775005,0
1997-12-11,21.945,21.945,21.473,21.686,1689197,0
1997-12-12,21.766,21.904,21.551,21.713,1132671,0
1997-12-15,21.766,22.048,21.766,22.048,1299381,0
1997-12-16,22.099,22.125,21.669,21.669,1053169,0
1997-12-17,21.713,21.98,21.669,21.904,1708463,0
1997-12-18,21.832,21.953,21.569,21.713,732346,0
1997-12-19,21.569,21.596,20.874,21.252,2779842,0
1997-12-22,21.234,21.473,21.072,21.072,1872372,0
1997-12-23,21.09,21.115,20.65,20.669,964908,0
1997-12-24,20.721,20.832,20.514,20.514,569136,0
1997-12-26,20.54,20.61,20.479,20.514,188780,0
1997-12-29,20.61,20.865,20.61,20.814,1676941,0
1997-12-30,20.91,21.473,20.91,21.433,1821585,0
1997-12-31,21.523,21.523,21.234,21.466,1099749,0
1998-01-02,21.473,21.655,21.406,21.596,1608995,0
1998-01-05,21.596,21.886,21.311,21.507,2372165,0
1998-01-06,21.288,21.288,20.839,21.09,1667133,0
1998-01-07,20.901,20.901,20.154,20.413,2157468,0
1998-01-08,20.299,20.422,20.087,20.087,1840501,0
1998-01-09,20.095,20.111,19.676,19.814,2832727,0
1998-01-12,19.572,19.795,19.409,19.752,1569067,0
1998-01-13,19.889,20.601,19.847,20.601,2029979,0
1998-01-14,20.601,21.072,20.593,21.027,1712665,0
1998-01-15,20.934,20.953,20.61,20.755,1283623,0
1998-01-16,21.019,21.149,20.874,21.115,1864668,0
1998-01-20,21.165,21.173,20.847,20.961,2335388,0
1998-01-21,20.953,21.09,20.308,20.633,1924560,0
1998-01-22,20.488,20.601,20.205,20.445,1316545,0
1998-01-23,20.566,20.685,20.011,20.37,1819139,0
1998-01-26,20.47,20.694,20.394,20.431,1196765,0
1998-01-27,20.413,20.927,20.413,20.669,1093093,0
1998-01-28,20.805,21.09,20.755,20.781,2250980,0
1998-01-29,20.832,21.379,20.832,21.288,1934365,0
1998-01-30,21.288,21.288,20.805,20.994,1057370,0
1998-02-02,21.09,21.343,21.09,21.262,1704961,0
1998-02-03,21.311,21.867,21.288,21.867,1422316,0
1998-02-04,21.858,21.867,21.473,21.832,1347717,0
1998-02-05,21.809,21.832,21.491,21.645,906768,0
1998-02-06,21.741,22.004,21.741,21.904,1247897,0
1998-02-09,21.904,22.039,21.8,21.867,1071728,0
1998-02-10,21.953,22.039,21.809,21.904,746708,0
1998-02-11,21.886,22.194,21.832,22.185,1356474,0
1998-02-12,22.083,22.246,21.741,22.202,1049317,0
1998-02-13,22.108,22.125,21.809,21.809,884702,0
1998-02-17,21.858,22.004,21.75,21.987,947746,0
1998-02-18,21.98,22.622,21.953,22.622,1917201,0
1998-02-19,22.528,22.579,22.167,22.339,1198514,0
1998-02-20,22.528,22.528,21.809,22.066,1333006,0
1998-02-23,22.142,22.219,21.953,22.048,978216,0
1998-02-24,22.004,22.048,21.741,21.823,1118310,0
1998-02-25,21.867,22.314,21.867,22.262,1828242,0
1998-02-26,22.125,22.321,21.912,22.269,1107101,0
1998-02-27,22.269,22.269,21.953,22.158,1354372,0
1998-03-02,22.083,22.175,21.741,21.921,1054917,0
1998-03-03,21.832,22.175,21.832,22.15,1173648,0
1998-03-04,22.15,22.175,21.98,22.117,797844,0
1998-03-05,22.013,22.211,21.938,22.15,1322149,0
1998-03-06,22.219,22.801,22.185,22.724,1536144,0
1998-03-09,22.708,22.837,22.544,22.724,771224,0
1998-03-10,22.751,23.009,22.683,22.872,1041608,0
1998-03-11,22.724,22.99,22.724,22.93,875245,0
1998-03-12,22.92,22.92,22.587,22.776,746356,0
1998-03-13,22.828,22.947,22.63,22.724,1169445,0
1998-03-16,22.92,23.051,22.845,22.947,993976,0
1998-03-17,22.947,23.273,22.845,23.254,1043709,0
1998-03-18,23.254,23.632,23.254,23.614,951947,0
1998-03-19,23.599,24.061,23.599,24.019,757215,0
1998-03-20,24.111,24.111,23.847,23.847,1918954,0
1998-03-23,23.701,23.882,23.513,23.795,1706011,0
1998-03-24,23.847,24.061,23.847,24,1169797,0
1998-03-25,24.078,24.163,23.666,23.983,1513729,0
1998-03-26,23.958,24.054,23.692,23.872,1052466,0
1998-03-27,23.728,24.019,23.573,23.701,1441933,0
1998-03-30,23.754,23.907,23.403,23.496,1074529,0
1998-03-31,23.546,24.103,23.546,24.028,1423717,0
1998-04-01,24.078,24.103,23.599,23.811,1475202,0
1998-04-02,23.718,24.086,23.64,24.086,1380636,0
1998-04-03,24.119,24.317,24.078,24.119,1724220,0
1998-04-06,24.163,24.558,24.078,24.248,1897940,0
1998-04-07,24.345,24.371,23.94,24.2,997130,0
1998-04-08,24.146,24.172,23.82,23.933,1666084,0
1998-04-09,23.958,24.146,23.701,24.119,2329086,0
1998-04-13,24.371,24.823,24.291,24.823,3080697,0
1998-04-14,24.823,24.85,24.714,24.85,1396399,0
1998-04-15,24.85,24.89,24.651,24.876,1387294,0
1998-04-16,24.89,24.945,24.617,24.651,2089172,0
1998-04-17,24.67,25.089,24.506,25.012,1915100,0
1998-04-20,25.038,25.038,24.714,24.85,1197115,0
1998-04-21,24.679,24.876,24.534,24.642,1419863,0
1998-04-22,24.642,24.916,24.642,24.916,1376784,0
1998-04-23,24.945,24.945,24.41,24.446,907117,0
1998-04-24,24.463,24.627,24.103,24.103,2148008,0
1998-04-27,23.882,23.899,22.99,23.393,2524867,0
1998-04-28,23.675,23.754,23.513,23.692,1758544,0
1998-04-29,23.786,23.933,23.513,23.933,1405505,0
1998-04-30,24.078,24.609,24.061,24.463,1507073,0
1998-05-01,24.506,25.038,24.463,25.038,1300084,0
1998-05-04,25.038,25.038,24.41,24.436,925330,0
1998-05-05,24.472,24.472,23.933,24.061,645136,0
1998-05-06,24.078,24.119,23.375,23.692,1522134,0
1998-05-07,23.701,23.701,23.231,23.375,1525988,0
1998-05-08,23.403,23.754,23.333,23.403,1456992,0
1998-05-11,23.453,23.64,22.863,23.051,1959585,0
1998-05-12,23.066,23.101,22.63,23.043,2217708,0
1998-05-13,22.947,23.091,22.776,22.92,1377488,0
1998-05-14,22.872,22.973,22.828,22.93,1603740,0
1998-05-15,22.845,22.863,22.537,22.537,1499369,0
1998-05-18,22.486,22.845,22.399,22.63,1292030,0
1998-05-19,22.683,23.333,22.467,23.154,5173018,0
1998-05-20,23.478,23.795,23.254,23.795,4570958,0
1998-05-21,24.054,24.119,23.187,23.333,2689478,0
1998-05-22,23.254,23.403,23.043,23.333,2514712,0
1998-05-26,23.333,23.403,22.571,22.571,4347507,0
1998-05-27,21.491,22.175,21.45,22.066,5188079,0
1998-05-28,22.279,22.93,21.876,22.785,3287334,0
1998-05-29,22.818,23.076,22.673,22.715,3541607,0
1998-06-01,22.279,22.855,22.279,22.673,2552189,0
1998-06-02,23.222,23.333,22.818,23.187,3599746,0
1998-06-03,23.222,23.403,22.604,22.964,5135890,0
1998-06-04,22.571,23.222,22.279,23.11,4159427,0
1998-06-05,23.11,23.582,22.93,23,3930372,0
1998-06-08,23.546,23.804,23.11,23.222,3901652,0
1998-06-09,23.804,23.804,23,23.403,4964975,0
1998-06-10,23.546,24.345,23.403,23.95,7565494,0
1998-06-11,24.019,24.274,23.145,23.222,3979406,0
1998-06-12,22.855,23.366,22.673,23.11,3852266,0
1998-06-15,22.638,23.434,22.638,23.145,3160899,0
1998-06-16,23.043,23.403,22.818,23.076,4372724,0
1998-06-17,23.366,23.983,23.254,23.838,6850660,0
1998-06-18,23.838,24.345,23.804,24.129,4709301,0
1998-06-19,24.163,24.379,23.95,24.086,5070050,0
1998-06-22,23.983,24.379,23.728,23.728,3830904,0
1998-06-23,23.872,24.455,23.872,24.2,2668815,0
1998-06-24,24.129,25.183,23.983,25.183,5016109,0
1998-06-25,25.139,25.611,24.89,25.363,5716936,0
1998-06-26,25.543,25.98,25.363,25.98,4362917,0
1998-06-29,25.611,26.484,25.611,26.484,4583216,0
1998-06-30,25.98,26.014,24.959,24.959,6770803,0
1998-07-01,25.689,26.229,25.689,26.014,5106470,0
1998-07-02,25.835,26.195,25.722,25.835,2632742,0
1998-07-06,25.183,26.555,25.183,26.484,3461054,0
1998-07-07,26.555,26.629,25.8,25.8,3650531,0
1998-07-08,25.937,26.81,25.543,26.81,4975133,0
1998-07-09,26.775,26.775,26.082,26.159,2376017,0
1998-07-10,26.124,26.991,26.124,26.741,3503779,0
1998-07-13,26.741,27.212,26.484,27.179,4643107,0
1998-07-14,26.81,27.428,26.81,27.318,3105912,0
1998-07-15,27.179,27.356,26.956,27.283,2582304,0
1998-07-16,27.283,27.356,26.956,27.179,2906272,0
1998-07-17,27.179,27.318,26.629,27.283,4535932,0
1998-07-20,27.137,27.462,26.991,27.283,3395910,0
1998-07-21,27.137,27.212,26.375,26.555,4192347,0
1998-07-22,26.484,26.922,26.229,26.27,4019684,0
1998-07-23,26.124,26.27,25.98,25.98,3254063,0
1998-07-24,25.901,26.195,25.543,25.868,2733959,0
1998-07-27,25.183,26.417,25.183,26.124,3694309,0
1998-07-28,25.901,26.448,25.465,26.448,5223804,0
1998-07-29,26.375,26.775,25.835,26.124,4152077,0
1998-07-30,26.195,26.665,26.124,26.596,2141010,0
1998-07-31,26.596,26.845,26.484,26.7,4042449,0
1998-08-03,26.629,26.922,26.124,26.229,3833705,0
1998-08-04,26.741,26.741,24.489,24.525,4572359,0
1998-08-05,24.379,25.43,24.019,25.43,4788104,0
1998-08-06,25.251,25.937,24.994,25.183,3665940,0
1998-08-07,25.139,25.398,24.745,24.85,2758472,0
1998-08-10,24.745,25.321,24.379,24.455,2699984,0
1998-08-11,24.163,24.2,23.29,23.95,4992996,0
1998-08-12,24.054,24.781,23.76,24.274,3941228,0
1998-08-13,24.019,24.379,23.804,23.804,4438568,0
1998-08-14,24.309,24.345,22.638,23.145,4973730,0
1998-08-17,22.715,23.513,22.493,23.366,5630776,0
1998-08-18,23.513,24.489,23.434,24.489,4093929,0
1998-08-19,24.67,24.67,23.95,24.233,2805756,0
1998-08-20,24.274,24.309,23.47,23.728,2602623,0
1998-08-21,23.659,23.692,22.673,23.222,5123635,0
1998-08-24,23.222,23.582,22.715,23.11,3230597,0
1998-08-25,23.513,23.728,22.528,22.673,3502733,0
1998-08-26,22.604,23.11,22.425,22.93,2764428,0
1998-08-27,22.855,22.855,20.317,20.755,10753709,0
1998-08-28,21.296,22.021,21.181,21.362,5175820,0
1998-08-31,21.327,21.62,19.906,19.906,5319067,0
1998-09-01,19.939,21.695,19.838,21.507,7073408,0
1998-09-02,21.216,23.009,21.216,22.383,6421615,0
1998-09-03,21.587,22.683,21.262,22.347,5624819,0
1998-09-04,22.347,23.299,21.841,22.133,9418255,0
1998-09-08,23.624,25.526,23.59,25.526,11152633,0
1998-09-09,25.526,25.593,24.397,24.687,8544756,0
1998-09-10,23.958,23.958,22.347,22.93,6160691,0
1998-09-11,22.202,24.428,21.8,24.353,7057647,0
1998-09-14,24.499,25.303,23.991,24.137,7981225,0
1998-09-15,24.028,24.061,23.478,23.958,7517861,0
1998-09-16,24.028,24.353,23.701,24.353,7868101,0
1998-09-17,23.847,24.137,23.478,23.556,3952434,0
1998-09-18,23.556,23.991,23.411,23.847,4995096,0
1998-09-21,22.894,24.208,22.894,23.882,2429600,0
1998-09-22,23.958,24.061,23.187,23.333,5595404,0
1998-09-23,23.263,24.428,23.009,24.397,8579434,0
1998-09-24,24.282,24.574,23.187,23.556,9158727,0
1998-09-25,22.683,23.043,22.237,22.347,9315985,0
1998-09-28,22.751,22.751,21.149,21.551,8947183,0
1998-09-29,21.507,21.587,20.927,21.216,6524582,0
1998-09-30,20.017,21.181,19.651,20.781,13278226,0
1998-10-01,20.422,20.927,19.906,19.939,5056038,0
1998-10-02,20.197,21.362,19.838,21.262,5121880,0
1998-10-05,20.422,20.892,19.068,19.436,8514987,0
1998-10-06,20.712,20.781,18.742,19.538,4968827,0
1998-10-07,19.538,19.759,18.27,18.373,7791748,0
1998-10-08,17.286,18.52,14.948,18.081,11704260,0
1998-10-09,19.102,20.892,18.52,20.781,7260436,0
1998-10-12,21.149,21.876,20.712,21.002,3357032,0
1998-10-13,21.181,21.216,20.633,20.857,3000488,0
1998-10-14,21.072,21.732,20.601,21.406,4449777,0
1998-10-15,21.262,23.263,21.115,23.187,6081184,0
1998-10-16,25.08,25.08,23.263,23.882,13342322,0
1998-10-19,24.028,24.061,23.333,23.915,5066895,0
1998-10-20,24.353,25.045,24.282,24.72,6562760,0
1998-10-21,24.137,24.172,23.263,24.137,4230528,0
1998-10-22,23.333,23.366,22.493,22.751,5628327,0
1998-10-23,20.422,21.072,20.422,20.669,9828382,0
1998-10-26,20.747,21.181,20.422,21.002,5399622,0
1998-10-27,20.927,21.216,19.614,20.376,8248807,0
1998-10-28,20.129,20.814,20.051,20.566,6025846,0
1998-10-29,20.422,21.216,20.275,21.072,6575719,0
1998-10-30,21.732,22.021,21.115,21.262,4350656,0
1998-11-02,21.551,21.945,21.406,21.841,2556037,0
1998-11-03,21.912,22.279,21.876,22.133,3222891,0
1998-11-04,22.237,23.118,22.237,23.043,6561709,0
1998-11-05,22.894,23.478,22.537,23.443,3361586,0
1998-11-06,23.263,23.263,22.683,23.222,3352126,0
1998-11-09,22.863,22.894,22.237,22.493,1737531,0
1998-11-10,21.987,22.237,21.587,22.021,2560591,0
1998-11-11,22.493,22.537,21.115,21.181,2526265,0
1998-11-12,21.587,21.945,21.181,21.732,1392548,0
1998-11-13,21.551,22.133,21.406,22.057,2076561,0
1998-11-16,22.279,22.493,21.442,21.766,3387149,0
1998-11-17,21.841,22.459,21.732,21.987,3466307,0
1998-11-18,21.695,21.945,21.181,21.296,2989282,0
1998-11-19,21.587,21.732,21.327,21.507,3760154,0
1998-11-20,21.587,21.766,21.362,21.62,4797566,0
1998-11-23,21.62,22.683,21.62,22.638,4032293,0
1998-11-24,22.604,22.894,21.912,21.945,2826424,0
1998-11-25,22.091,22.383,21.876,22.167,1989355,0
1998-11-27,22.269,22.493,22.048,22.339,1358223,0
1998-11-30,22.269,22.269,21.388,21.686,4243135,0
1998-12-01,21.098,21.76,21.027,21.645,4076071,0
1998-12-02,21.613,21.645,21.243,21.466,4611585,0
1998-12-03,21.433,21.613,20.874,20.874,4653264,0
1998-12-04,20.805,21.499,20.805,21.499,8427430,0
1998-12-07,21.832,21.832,21.208,21.208,2737812,0
1998-12-08,21.279,21.686,21.173,21.499,5319067,0
1998-12-09,21.577,21.577,21.173,21.208,6320047,0
1998-12-10,21.466,21.466,20.514,20.617,3076490,0
1998-12-11,20.805,20.805,19.409,19.709,5787335,0
1998-12-14,18.751,19.709,18.751,19.451,5168115,0
1998-12-15,19.523,20.403,19.305,20.069,5500842,0
1998-12-16,20.069,20.291,19.709,19.889,6406555,0
1998-12-17,20.214,20.37,19.889,20.111,9374121,0
1998-12-18,20.111,20.514,20.111,20.259,10088261,0
1998-12-21,20.514,21.243,20.439,20.986,6920356,0
1998-12-22,20.953,21.063,20.439,20.439,3886593,0
1998-12-23,20.585,21.132,20.326,21.132,3323061,0
1998-12-24,20.953,21.132,20.694,20.694,1009385,0
1998-12-28,20.694,20.73,20.259,20.326,2660408,0
1998-12-29,20.291,20.805,20.291,20.805,4028441,0
1998-12-30,20.805,20.874,20.403,20.66,4901581,0
1998-12-31,20.66,20.953,20.439,20.805,5040628,0
1999-01-04,20.514,21.499,20.439,20.549,5886103,0
1999-01-05,20.585,20.772,20.439,20.694,6431070,0
1999-01-06,21.098,21.645,20.986,21.279,8804985,0
1999-01-07,20.986,22.158,20.874,22.013,8279278,0
1999-01-08,22.125,22.237,21.388,22.125,6944173,0
1999-01-11,22.158,22.194,20.805,21.098,7334689,0
1999-01-12,20.514,20.694,20.111,20.47,7433455,0
1999-01-13,19.342,20.514,19.342,20.111,6543147,0
1999-01-14,20.291,20.439,19.342,19.556,7550781,0
1999-01-15,19.632,20.002,19.375,19.967,8203626,0
1999-01-19,19.967,20.069,19.451,19.709,3946134,0
1999-01-20,19.923,19.967,18.974,19.051,7760927,0
1999-01-21,17.655,18.39,17.655,18.244,26254199,0
1999-01-22,18.091,18.169,17.8,17.875,18347574,0
1999-01-25,18.244,18.39,17.875,18.169,13701666,0
1999-01-26,18.169,18.682,18.055,18.605,14048050,0
1999-01-27,18.751,18.751,18.091,18.091,7268842,0
1999-01-28,18.091,18.751,17.909,18.751,10499440,0
1999-01-29,18.751,19.743,18.537,19.743,9807717,0
1999-02-01,19.743,20.002,19.305,19.632,8401160,0
1999-02-02,19.487,19.487,19.118,19.375,6241941,0
1999-02-03,19.375,19.709,18.716,19.051,8967496,0
1999-02-04,19.005,19.051,18.169,18.35,3590989,0
1999-02-05,18.39,18.605,17.909,18.023,7165523,0
1999-02-08,18.055,18.169,17.729,18.133,6875875,0
1999-02-09,17.947,18.279,17.655,17.875,12284953,0
1999-02-10,17.875,18.537,17.729,18.537,4057160,0
1999-02-11,18.425,18.905,18.091,18.827,4935207,0
1999-02-12,18.751,18.862,18.244,18.35,4790205,0
1999-02-16,18.494,18.974,18.279,18.751,6600235,0
1999-02-17,18.751,19.409,18.537,18.682,7208252,0
1999-02-18,19.342,19.597,18.862,19.305,5258126,0
1999-02-19,19.451,19.923,19.152,19.342,5672452,0
1999-02-22,19.195,19.889,19.195,19.632,3731438,0
1999-02-23,19.632,20.291,19.523,19.776,5802044,0
1999-02-24,19.923,20.035,19.086,19.231,3393809,0
1999-02-25,19.195,19.24,18.279,18.938,7262184,0
1999-02-26,18.862,19.162,18.456,19.051,4975484,0
1999-03-01,18.974,19.606,18.905,19.451,9636103,0
1999-03-02,19.451,19.642,19.24,19.495,10330273,0
1999-03-03,19.495,19.931,19.495,19.752,9647662,0
1999-03-04,19.752,20.12,19.752,20.043,12717845,0
1999-03-05,20.413,20.633,20.344,20.523,7161321,0
1999-03-08,20.633,20.633,20.043,20.231,5456358,0
1999-03-09,20.154,20.781,20.043,20.376,5415731,0
1999-03-10,20.413,20.781,20.413,20.558,5189131,0
1999-03-11,20.633,21.081,20.523,20.969,5722541,0
1999-03-12,21.115,21.225,20.857,20.892,4389536,0
1999-03-15,20.857,21.225,20.747,21.002,4447672,0
1999-03-16,21.149,21.19,20.781,20.781,4711753,0
1999-03-17,20.747,20.747,20.12,20.445,3716027,0
1999-03-18,20.344,21.225,20.299,21.225,4270102,0
1999-03-19,21.296,21.296,20.814,20.814,6890237,0
1999-03-22,20.892,21.149,20.712,20.927,4512818,0
1999-03-23,20.781,20.781,19.529,20.011,4546091,0
1999-03-24,19.864,20.043,19.305,19.495,3109416,0
1999-03-25,19.162,19.642,19.086,19.451,3886593,0
1999-03-26,19.451,19.451,18.57,18.57,4886172,0
1999-03-29,18.862,19.305,18.862,19.126,3799034,0
1999-03-30,19.162,19.752,18.938,19.495,5661249,0
1999-03-31,19.976,20.231,19.642,20.077,5691720,0
1999-04-01,19.931,20.268,19.752,20.268,5784185,0
1999-04-05,20.268,20.747,20.077,20.747,4390936,0
1999-04-06,20.601,20.633,20.077,20.299,4783551,0
1999-04-07,20.344,20.633,20.19,20.633,3912510,0
1999-04-08,20.633,21.149,20.413,21.149,4852197,0
1999-04-09,21.149,21.596,20.669,21.296,4481649,0
1999-04-12,21.149,21.994,21.115,21.963,4911390,0
1999-04-13,21.817,21.994,21.628,21.886,5591550,0
1999-04-14,21.817,21.929,21.081,21.115,7489489,0
1999-04-15,21.149,21.19,20.558,21.081,4533135,0
1999-04-16,20.712,21.036,20.523,20.892,1462829,0
1999-04-19,20.747,21.296,20.413,21.225,2638225,0
1999-04-20,21.225,21.929,21.225,21.886,2813347,0
1999-04-21,21.886,22.074,21.225,21.482,1316545,0
1999-04-22,21.37,21.37,20.814,21.336,1510462,0
1999-04-23,21.336,21.37,21.002,21.149,1417416,0
1999-04-26,21.081,21.115,20.299,20.633,1402354,0
1999-04-27,20.781,21.296,20.413,21.225,1445431,0
1999-04-28,21.225,21.628,20.892,21.225,1386007,0
1999-04-29,21.596,21.929,21.45,21.817,2993717,0
1999-04-30,21.663,22.108,21.37,21.849,1505789,0
1999-05-03,21.849,22.296,21.774,22.255,1773139,0
1999-05-04,22.255,22.255,21.225,21.406,1936235,0
1999-05-05,21.37,21.774,21.37,21.705,1016391,0
1999-05-06,21.225,21.663,20.969,21.45,1667837,0
1999-05-07,21.45,21.628,21.081,21.56,1018142,0
1999-05-10,21.002,21.296,20.558,20.601,1286192,0
1999-05-11,20.712,21.149,20.669,20.814,1189174,0
1999-05-12,20.781,21.225,20.376,21.225,1829877,0
1999-05-13,21.516,21.817,21.262,21.741,1214622,0
1999-05-14,20.633,21.149,20.344,20.523,1371415,0
1999-05-17,20.376,20.445,20.011,20.077,1047915,0
1999-05-18,20.043,20.376,19.897,20.268,1413677,0
1999-05-19,20.299,20.413,19.126,19.195,3970652,0
1999-05-20,19.384,19.606,19.273,19.417,3635586,0
1999-05-21,19.417,19.495,19.162,19.273,2499650,0
1999-05-24,19.195,19.195,18.456,18.793,2520548,0
1999-05-25,18.647,19.051,18.537,18.827,2881410,0
1999-05-26,18.938,19.864,18.905,19.786,2802258,0
1999-05-27,19.273,19.572,19.195,19.273,2755676,0
1999-05-28,19.195,19.417,19.086,19.273,1896540,0
1999-06-01,18.974,19.086,18.382,18.905,2355470,0
1999-06-02,18.827,19.015,18.638,18.905,1461433,0
1999-06-03,18.905,18.938,18.605,18.905,1082469,0
1999-06-04,18.793,19.015,18.751,18.974,1794623,0
1999-06-07,18.905,19.24,18.862,19.162,2648269,0
1999-06-08,19.162,19.305,19.126,19.195,1851474,0
1999-06-09,19.273,19.305,18.682,18.827,1662229,0
1999-06-10,18.091,18.793,18.091,18.682,3096221,0
1999-06-11,18.682,19.086,18.682,18.827,1988771,0
1999-06-14,18.862,19.086,18.605,18.938,2351032,0
1999-06-15,18.793,19.273,18.751,19.162,1764965,0
1999-06-16,19.273,19.795,19.24,19.606,2430185,0
1999-06-17,19.572,20.051,19.572,19.976,1640866,0
1999-06-18,19.976,20.422,19.939,20.275,2545650,0
1999-06-21,20.129,20.422,20.129,20.197,1294243,0
1999-06-22,20.051,20.385,20.051,20.164,1345846,0
1999-06-23,20.017,20.087,19.461,19.495,1506610,0
1999-06-24,19.572,19.572,18.751,18.974,1181354,0
1999-06-25,19.051,19.273,19.051,19.126,1125549,0
1999-06-28,19.35,19.685,19.273,19.529,1919772,0
1999-06-29,19.305,19.752,19.273,19.642,1868168,0
1999-06-30,19.35,20.385,19.162,19.795,3944030,0
1999-07-01,19.795,19.831,19.495,19.752,2102828,0
1999-07-02,20.087,20.197,19.642,20.164,1521202,0
1999-07-06,19.906,20.344,19.906,20.164,1494582,0
1999-07-07,20.197,20.231,20.017,20.129,1007283,0
1999-07-08,19.939,20.642,19.795,20.344,2447462,0
1999-07-09,20.275,20.497,20.231,20.454,907468,0
1999-07-12,20.454,20.566,20.197,20.275,1112358,0
1999-07-13,20.087,20.275,19.976,20.017,965957,0
1999-07-14,20.017,20.051,19.051,19.35,3046371,0
1999-07-15,19.572,20.017,19.495,19.864,2838211,0
1999-07-16,19.864,20.164,19.719,20.164,2528019,0
1999-07-19,20.087,20.275,19.864,20.129,1715470,0
1999-07-20,20.017,20.532,19.864,20.164,2804123,0
1999-07-21,20.087,20.197,19.831,20.017,1826962,0
1999-07-22,19.795,20.164,19.606,20.051,2329198,0
1999-07-23,19.976,20.017,19.305,19.529,2040138,0
1999-07-26,19.384,19.795,19.273,19.719,1545133,0
1999-07-27,19.795,19.864,19.384,19.417,2761043,0
1999-07-28,19.417,19.495,19.126,19.162,2063255,0
1999-07-29,19.015,19.126,18.827,18.974,2024611,0
1999-07-30,19.051,19.051,18.456,18.456,1348535,0
1999-08-02,18.529,19.086,18.529,18.793,1834433,0
1999-08-03,18.716,18.751,17.938,18.203,2505371,0
1999-08-04,18.605,18.905,18.159,18.159,1472284,0
1999-08-05,18.091,18.382,17.792,18.236,1801392,0
1999-08-06,18.091,18.159,17.792,17.825,1046043,0
1999-08-09,17.825,18.27,17.792,18.159,1302068,0
1999-08-10,18.303,18.456,18.091,18.236,3642708,0
1999-08-11,18.236,18.793,18.236,18.751,1762163,0
1999-08-12,18.682,18.905,18.382,18.382,1099982,0
1999-08-13,18.57,18.938,18.529,18.938,1470765,0
1999-08-16,18.974,19.384,18.862,19.273,1506376,0
1999-08-17,19.495,19.864,19.305,19.831,1681023,0
1999-08-18,19.719,19.719,19.051,19.384,1183338,0
1999-08-19,19.417,19.417,19.015,19.126,1423951,0
1999-08-20,18.862,19.35,18.862,19.35,861587,0
1999-08-23,19.417,19.864,19.417,19.752,1052699,0
1999-08-24,19.642,19.752,19.24,19.495,1032386,0
1999-08-25,19.35,19.864,18.529,19.795,1814000,0
1999-08-26,19.719,19.752,19.305,19.35,1852177,0
1999-08-27,19.384,19.529,19.305,19.305,1081769,0
1999-08-30,19.24,19.35,18.303,18.303,1303704,0
1999-08-31,18.303,18.682,18.194,18.416,2170775,0
1999-09-01,18.456,18.682,18.382,18.682,1044992,0
1999-09-02,18.759,18.759,18.27,18.456,962454,0
1999-09-03,18.456,19.051,18.456,18.98,1285257,0
1999-09-07,18.98,18.98,18.048,18.194,2128746,0
1999-09-08,18.048,18.159,17.71,17.825,2519730,0
1999-09-09,18.048,18.048,17.525,17.747,1741266,0
1999-09-10,17.747,17.86,17.557,17.71,2092205,0
1999-09-13,17.71,17.825,17.413,17.603,906180,0
1999-09-14,17.37,17.413,16.737,17.079,2544947,0
1999-09-15,17.525,17.525,16.968,17.079,1805478,0
1999-09-16,17.37,17.603,17.079,17.413,2531640,0
1999-09-17,17.413,17.747,17.304,17.557,2779956,0
1999-09-20,17.603,17.603,17.337,17.557,1129753,0
1999-09-21,17.413,17.525,17.115,17.224,1315262,0
1999-09-22,17.224,17.747,17.079,17.525,1737181,0
1999-09-23,17.413,17.603,17.079,17.45,1964136,0
1999-09-24,17.45,17.671,17.148,17.603,1151936,0
1999-09-27,17.603,17.603,17.037,17.148,1893854,0
1999-09-28,17.148,17.938,17.002,17.892,2450849,0
1999-09-29,17.892,18.048,17.603,17.638,1476607,0
1999-09-30,17.784,18.124,17.747,18.006,2132832,0
1999-10-01,17.892,18.35,17.671,18.194,1425702,0
1999-10-04,18.416,18.98,18.303,18.98,1670052,0
1999-10-05,18.87,19.394,18.57,18.87,2099444,0
1999-10-06,18.793,19.651,18.716,19.538,1961683,0
1999-10-07,19.538,19.795,19.273,19.426,2072475,0
1999-10-08,19.685,20.173,19.504,19.985,2241293,0
1999-10-11,19.906,19.985,19.538,19.572,1060405,0
1999-10-12,19.614,19.614,19.015,19.093,2198094,0
1999-10-13,18.938,19.051,18.456,18.57,1147731,0
1999-10-14,18.416,19.093,18.048,19.093,2845568,0
1999-10-15,18.416,18.938,18.382,18.638,2027762,0
1999-10-18,18.638,19.35,18.456,19.35,1765436,0
1999-10-19,19.504,19.838,19.162,19.759,2284370,0
1999-10-20,19.759,20.061,19.538,19.985,1776061,0
1999-10-21,19.759,19.838,19.35,19.614,1624754,0
1999-10-22,19.985,20.585,19.906,20.54,2219693,0
1999-10-25,20.585,20.585,19.948,20.47,2032784,0
1999-10-26,20.317,20.617,19.572,19.948,2053564,0
1999-10-27,19.906,20.585,19.906,20.585,2510510,0
1999-10-28,20.883,22.296,20.839,22.15,6923622,0
1999-10-29,22.673,22.708,21.963,22.108,4744445,0
1999-11-01,21.774,21.886,21.628,21.849,1973006,0
1999-11-02,21.774,22.519,21.695,22.262,2451080,0
1999-11-03,22.373,22.373,21.406,21.442,1711147,0
1999-11-04,21.774,22.15,21.516,21.628,1680792,0
1999-11-05,21.774,22.373,21.774,21.929,2129328,0
1999-11-08,21.963,22.296,21.849,22.185,1965185,0
1999-11-09,22.262,22.262,21.628,21.809,1407724,0
1999-11-10,21.663,21.741,21.216,21.362,1379821,0
1999-11-11,21.362,21.551,21.063,21.551,1303704,0
1999-11-12,21.695,22.074,21.551,21.929,1428156,0
1999-11-15,22.039,22.44,21.695,22.409,1299499,0
1999-11-17,22.296,22.373,21.473,21.551,1808629,0
1999-11-18,21.327,21.695,21.027,21.173,1423951,0
1999-11-19,21.296,21.296,20.883,20.918,2818715,0
1999-11-22,20.994,21.141,20.507,21.063,1849957,0
1999-11-23,21.063,21.296,20.883,21.027,2514824,0
1999-11-24,21.173,21.173,20.805,20.839,1545019,0
1999-11-26,20.805,21.063,20.805,20.994,489981,0
1999-11-29,20.394,20.918,20.25,20.439,2371228,0
1999-11-30,20.617,20.994,20.507,20.507,3029327,0
1999-12-01,20.317,20.883,20.205,20.585,1948727,0
1999-12-02,20.694,20.738,20.25,20.47,1050480,0
1999-12-03,20.772,21.296,20.772,21.072,3192768,0
1999-12-06,15.743,15.976,14.921,15.377,24789973,0
1999-12-07,15.143,15.298,14.51,14.543,12244910,0
1999-12-08,14.654,14.888,14.134,14.399,7251562,0
1999-12-09,14.134,14.543,13.876,14.021,6930628,0
1999-12-10,14.021,14.355,13.689,13.757,6272529,0
1999-12-13,13.798,14.246,13.757,13.987,4969178,0
1999-12-14,14.099,14.246,13.721,13.757,2594446,0
1999-12-15,13.644,14.021,13.389,13.876,3914493,0
1999-12-16,13.721,13.911,13.122,13.122,6531471,0
1999-12-17,13.276,14.246,13.236,13.798,5436164,0
1999-12-20,13.798,14.246,13.498,13.721,2346244,0
1999-12-21,13.535,13.944,13.389,13.798,4616144,0
1999-12-22,13.944,13.987,13.644,13.798,2257052,0
1999-12-23,13.944,14.21,13.911,14.134,2179185,0
1999-12-27,14.21,14.51,14.099,14.399,1751191,0
1999-12-28,14.099,14.134,13.834,14.021,1801742,0
1999-12-29,14.057,14.476,13.987,14.21,1137103,0
1999-12-30,14.21,14.286,14.021,14.21,1367566,0
1999-12-31,14.21,14.399,14.21,14.286,782547,0
2000-01-03,14.057,14.176,13.199,13.345,3191137,0
2000-01-04,13.156,13.199,12.711,12.9,3274609,0
2000-01-05,12.746,13.089,12.746,12.857,2528601,0
2000-01-06,12.9,13.456,12.746,13.276,2262072,0
2000-01-07,13.276,13.611,13.236,13.577,2471517,0
2000-01-10,13.689,13.757,13.199,13.199,1731229,0
2000-01-11,13.199,13.498,13.199,13.276,1980481,0
2000-01-12,13.236,13.689,13.236,13.389,1648807,0
2000-01-13,13.577,13.911,13.577,13.757,2002312,0
2000-01-14,14.399,14.399,13.689,13.834,2940249,0
2000-01-18,13.577,13.721,13.122,13.276,2334337,0
2000-01-19,13.236,13.757,12.976,13.089,4119851,0
2000-01-20,13.122,13.122,12.601,12.813,3087464,0
2000-01-21,12.821,12.821,12.3,12.522,6522018,0
2000-01-24,12.522,12.675,12.3,12.368,2521717,0
2000-01-25,12.146,12.675,12.113,12.487,2142409,0
2000-01-26,12.558,13.046,12.522,12.935,1514895,0
2000-01-27,13.089,13.535,13.089,13.276,2718548,0
2000-01-28,13.276,13.276,12.601,12.601,1940903,0
2000-01-31,12.601,13.345,12.558,13.311,3033179,0
2000-02-01,13.311,13.611,13.122,13.345,2186304,0
2000-02-02,13.199,13.535,13.046,13.199,1437025,0
2000-02-03,13.311,13.456,13.046,13.156,1720016,0
2000-02-04,13.236,13.423,12.711,12.789,1671804,0
2000-02-07,12.746,12.857,12.522,12.789,1459327,0
2000-02-08,12.821,13.345,12.821,13.011,2096993,0
2000-02-09,12.857,12.9,12.3,12.634,1932729,0
2000-02-10,12.446,12.601,12.034,12.113,1964254,0
2000-02-11,12.3,12.446,11.925,11.958,3127157,0
2000-02-14,12.07,12.07,11.434,11.546,2581134,0
2000-02-15,11.513,11.735,11.358,11.588,6423371,0
2000-02-16,11.735,11.998,11.358,11.998,2112283,0
2000-02-17,11.925,11.958,11.399,11.434,3830088,0
2000-02-18,11.358,11.47,10.801,11.024,4908585,0
2000-02-22,11.1,11.358,10.913,10.913,4349957,0
2000-02-23,11.1,11.1,10.648,10.69,4049454,0
2000-02-24,10.801,10.837,10.569,10.648,3188449,0
2000-02-25,10.76,11.244,10.69,10.991,3354345,0
2000-02-28,11.074,11.262,11,11.154,6271365,0
2000-02-29,11.154,11.307,11.118,11.118,4491455,0
2000-03-01,11.118,11.118,10.696,10.696,3637923,0
2000-03-02,10.731,10.776,10.244,10.397,8068669,0
2000-03-03,10.323,10.731,10.323,10.588,3018000,0
2000-03-06,10.731,10.964,10.696,10.776,3574415,0
2000-03-07,10.852,10.929,10.665,10.696,2839964,0
2000-03-08,10.624,10.81,10.468,10.696,2748318,0
2000-03-09,10.665,10.665,10.354,10.588,1992968,0
2000-03-10,10.588,10.929,10.51,10.929,2242695,0
2000-03-13,10.696,11.04,10.542,10.665,2243858,0
2000-03-14,10.665,10.964,10.624,10.885,3126929,0
2000-03-15,10.776,12.061,10.776,12.025,4208113,0
2000-03-16,12.215,13.399,12.178,13.13,5504227,0
2000-03-17,12.9,13.056,12.522,12.789,4325675,0
2000-03-20,12.746,12.746,12.138,12.26,2647801,0
2000-03-21,12.178,12.9,12.138,12.667,4003107,0
2000-03-22,12.522,12.711,12.48,12.711,2783810,0
2000-03-23,12.593,12.9,12.292,12.9,3762491,0
2000-03-24,12.935,13.089,12.789,13.056,2437426,0
2000-03-27,12.667,12.9,12.324,12.539,2388973,0
2000-03-28,12.667,13.056,12.368,12.866,1578642,0
2000-03-29,12.789,12.976,12.522,12.634,1369198,0
2000-03-30,12.789,12.9,12.368,12.522,1544665,0
2000-03-31,12.634,13.319,12.404,13.276,1871555,0
2000-04-03,13.199,14.192,13.13,14.192,2998740,0
2000-04-04,14.492,14.681,13.586,13.995,4170987,0
2000-04-05,13.995,14.192,13.774,13.851,1592998,0
2000-04-06,13.851,14.15,13.619,13.928,1855795,0
2000-04-07,13.851,13.995,13.544,13.586,1636079,0
2000-04-10,13.586,13.885,13.399,13.619,1549687,0
2000-04-11,14.192,14.192,13.464,13.544,2345079,0
2000-04-12,13.619,14.262,13.619,14.15,4567457,0
2000-04-13,14.15,14.305,13.586,13.774,3365205,0
2000-04-14,13.508,13.586,12.789,12.935,2370412,0
2000-04-17,12.667,13.199,12.292,12.746,2945267,0
2000-04-18,12.746,13.276,12.522,13.056,2581257,0
2000-04-19,13.13,13.13,12.789,12.935,1689082,0
2000-04-20,13.011,13.089,12.9,12.976,1808748,0
2000-04-24,13.056,13.354,13.011,13.319,2054495,0
2000-04-25,13.354,13.851,13.354,13.731,2167040,0
2000-04-26,13.731,13.851,13.464,13.508,1759245,0
2000-04-27,13.199,13.43,12.866,13.011,1381340,0
2000-04-28,12.866,13.011,12.292,12.324,2508990,0
2000-05-01,12.215,12.935,12.215,12.789,1777925,0
2000-05-02,12.522,12.866,12.522,12.789,2426798,0
2000-05-03,12.634,13.43,12.634,12.935,2917833,0
2000-05-04,12.9,12.976,12.711,12.935,2634609,0
2000-05-05,12.789,12.9,12.711,12.746,1053982,0
2000-05-08,12.821,13.662,12.746,13.619,2640212,0
2000-05-09,13.544,13.807,13.464,13.544,2710727,0
2000-05-10,13.399,13.995,13.276,13.995,4205544,0
2000-05-11,13.995,14.416,13.807,13.807,3418909,0
2000-05-12,14.15,14.759,13.962,14.725,3055945,0
2000-05-15,14.571,14.725,14.15,14.416,2713767,0
2000-05-16,14.338,14.571,13.995,14.381,4471372,0
2000-05-17,14.115,14.912,14.038,14.725,2179651,0
2000-05-18,14.759,15.976,14.759,15.632,5239211,0
2000-05-19,15.632,15.897,14.192,14.871,3326095,0
2000-05-22,15.024,15.556,14.571,15.403,3511486,0
2000-05-23,15.403,15.403,15.06,15.214,2394345,0
2000-05-24,15.367,15.822,15.288,15.588,3088169,0
2000-05-25,15.588,15.71,14.988,15.256,2385706,0
2000-05-26,15.256,15.743,15.101,15.588,1777342,0
2000-05-30,15.726,15.726,15.341,15.685,1167462,0
2000-05-31,15.53,15.913,15.46,15.913,1607009,0
2000-06-01,15.913,16.378,15.913,16.148,3405600,0
2000-06-02,16.532,16.756,16.378,16.677,4271271,0
2000-06-05,16.609,16.609,15.804,15.838,1965887,0
2000-06-06,15.994,16.035,14.921,15.232,2823155,0
2000-06-07,15.53,15.804,15.385,15.605,2031729,0
2000-06-08,15.685,15.685,14.997,15.186,1408894,0
2000-06-09,15.109,15.232,14.381,14.501,2197393,0
2000-06-12,14.501,14.809,14.458,14.535,1582027,0
2000-06-13,14.237,14.381,14.083,14.192,2358272,0
2000-06-14,14.348,14.381,14.005,14.083,3284065,0
2000-06-15,13.928,13.962,13.089,13.236,3426848,0
2000-06-16,12.626,12.658,12.088,12.129,6179601,0
2000-06-19,12.241,12.968,12.206,12.857,4056105,0
2000-06-20,12.857,13.089,12.738,12.857,1780494,0
2000-06-21,12.473,12.548,12.241,12.317,1701224,0
2000-06-22,12.395,12.738,12.317,12.626,1811081,0
2000-06-23,13.236,13.276,12.703,12.703,1508941,0
2000-06-26,12.473,13.046,12.473,12.626,1321800,0
2000-06-27,12.626,12.968,12.593,12.782,1474383,0
2000-06-28,12.626,13.199,12.548,12.675,2398550,0
2000-06-29,12.593,12.658,12.241,12.395,1665379,0
2000-06-30,12.395,12.439,11.71,11.787,3751282,0
2000-07-03,11.897,12.129,11.787,12.052,1423951,0
2000-07-05,12.395,12.395,11.863,12.016,1850307,0
2000-07-06,12.359,12.359,11.633,12.129,2218058,0
2000-07-07,12.206,12.593,12.161,12.473,1630823,0
2000-07-10,12.473,12.658,12.241,12.284,1529606,0
2000-07-11,12.241,12.284,12.161,12.161,1753761,0
2000-07-12,12.241,12.857,12.241,12.473,2279232,0
2000-07-13,12.813,12.813,12.129,12.206,1802094,0
2000-07-14,12.241,12.548,12.129,12.241,1922807,0
2000-07-17,12.161,12.241,11.897,11.974,1449051,0
2000-07-18,11.942,12.052,11.633,11.974,1736832,0
2000-07-19,12.161,12.161,11.942,12.088,1164775,0
2000-07-20,12.088,12.206,11.787,12.052,2198913,0
2000-07-21,12.052,12.052,11.016,11.244,5695687,0
2000-07-24,11.326,11.787,11.289,11.513,2054030,0
2000-07-25,11.443,11.787,11.443,11.667,2318460,0
2000-07-26,11.479,11.588,11.244,11.244,2193075,0
2000-07-27,11.399,11.513,11.289,11.479,2181280,0
2000-07-28,11.555,11.897,11.513,11.787,3312552,0
2000-07-31,11.71,11.897,11.633,11.744,2612193,0
2000-08-01,11.787,11.821,11.443,11.479,2711891,0
2000-08-02,11.479,11.513,11.212,11.244,1594516,0
2000-08-03,11.399,11.942,11.326,11.897,3104041,0
2000-08-04,12.088,13.089,12.016,13.046,5599257,0
2000-08-07,12.935,12.968,12.317,12.513,3084430,0
2000-08-08,12.241,12.738,12.088,12.626,2333171,0
2000-08-09,12.703,12.738,12.241,12.593,1573384,0
2000-08-10,12.703,13.165,12.513,12.935,2240123,0
2000-08-11,12.857,12.968,12.548,12.813,1771388,0
2000-08-14,12.658,12.935,12.513,12.935,1525169,0
2000-08-15,12.857,12.891,12.548,12.813,2071304,0
2000-08-16,12.857,12.891,12.359,12.439,1856844,0
2000-08-17,12.359,12.593,12.359,12.513,1528905,0
2000-08-18,12.513,12.513,12.284,12.395,1341997,0
2000-08-21,12.439,12.738,12.317,12.738,4517489,0
2000-08-22,13.011,13.046,12.395,12.658,5550223,0
2000-08-23,12.439,13.236,12.439,13.165,4868309,0
2000-08-24,13.199,13.311,13.046,13.199,2261489,0
2000-08-25,13.276,13.276,13.011,13.089,1721888,0
2000-08-28,13.165,13.276,13.011,13.011,1174116,0
2000-08-29,13.165,13.165,12.738,12.857,1111769,0
2000-08-30,12.951,13.259,12.91,13.029,1127533,0
2000-08-31,13.218,13.644,13.139,13.464,3020220,0
2000-09-01,13.611,13.644,13.293,13.336,1940903,0
2000-09-05,13.293,13.414,13.182,13.372,2125944,0
2000-09-06,13.447,13.92,13.447,13.611,2782758,0
2000-09-07,13.611,13.766,13.611,13.721,1676823,0
2000-09-08,13.721,14.381,13.689,14.381,3745095,0
2000-09-11,13.995,14.183,13.766,13.798,3708789,0
2000-09-12,14.029,14.029,13.611,13.689,2095940,0
2000-09-13,13.876,14.029,13.766,13.92,2505719,0
2000-09-14,13.995,14.029,13.842,13.876,2144509,0
2000-09-15,13.876,13.995,13.721,13.798,2798519,0
2000-09-18,13.92,13.92,12.951,12.951,2794083,0
2000-09-19,13.029,13.644,12.985,13.372,3008313,0
2000-09-20,13.372,13.447,12.951,13.259,2266974,0
2000-09-21,13.259,13.259,12.985,13.029,2038386,0
2000-09-22,12.91,13.105,12.83,13.064,1755628,0
2000-09-25,13.029,13.336,12.985,13.293,2319162,0
2000-09-26,13.447,13.447,13.029,13.029,3280564,0
2000-09-27,13.105,13.259,12.91,13.105,2659824,0
2000-09-28,13.064,13.689,12.91,13.644,3677618,0
2000-09-29,13.644,14.228,13.259,14.075,3902472,0
2000-10-02,13.953,14.15,13.721,14.15,2914799,0
2000-10-03,14.228,14.535,14.108,14.338,2962663,0
2000-10-04,14.88,15.46,14.416,15.46,13910875,0
2000-10-05,15.46,15.504,14.458,14.69,14342482,0
2000-10-06,14.843,14.843,14.108,14.69,5097017,0
2000-10-09,14.492,14.492,13.876,14.075,2426920,0
2000-10-10,14.262,14.535,12.985,13.293,5298172,0
2000-10-11,13.105,13.139,12.332,12.985,3909473,0
2000-10-12,12.83,12.875,11.984,12.138,2634609,0
2000-10-13,12.061,13.447,12.061,13.372,6378537,0
2000-10-16,13.139,13.995,13.105,13.842,4289134,0
2000-10-17,13.953,13.995,13.218,13.293,2330602,0
2000-10-18,12.601,13.526,12.446,13.139,3183663,0
2000-10-19,13.139,13.798,13.139,13.567,2755090,0
2000-10-20,13.689,13.689,13.447,13.611,2784044,0
2000-10-23,13.526,13.567,13.105,13.447,1571868,0
2000-10-24,13.526,13.92,13.526,13.92,2495680,0
2000-10-25,13.92,14.029,13.611,13.689,2518678,0
2000-10-26,13.689,13.842,13.218,13.414,2053210,0
2000-10-27,13.372,13.766,13.293,13.721,2299197,0
2000-10-30,13.798,15.118,13.766,14.69,4517604,0
2000-10-31,14.997,15.077,14.645,14.956,4294505,0
2000-11-01,14.843,15.152,14.69,15.118,3305899,0
2000-11-02,14.997,15.152,14.997,15.033,2245842,0
2000-11-03,15.033,15.118,14.956,15.077,1937398,0
2000-11-06,15.118,15.307,15.033,15.272,2049474,0
2000-11-07,14.921,14.956,14.571,14.843,1990635,0
2000-11-08,14.767,14.843,14.458,14.767,1018259,0
2000-11-09,14.767,14.921,14.614,14.802,2167272,0
2000-11-10,14.767,14.843,14.492,14.614,1454072,0
2000-11-13,14.535,14.645,14.305,14.571,1612495,0
2000-11-14,14.645,14.802,14.458,14.535,1303473,0
2000-11-15,14.381,14.381,13.798,14.262,1861280,0
2000-11-16,14.228,14.228,13.689,13.689,1924321,0
2000-11-17,13.721,13.995,13.526,13.953,2461942,0
2000-11-20,13.721,13.876,13.139,13.842,3392526,0
2000-11-21,13.798,14.338,13.766,14.075,2329320,0
2000-11-22,13.92,14.075,13.766,13.842,1432124,0
2000-11-24,13.842,13.876,13.489,13.644,580112,0
2000-11-27,13.721,13.721,13.372,13.611,1302769,0
2000-11-28,13.567,14.492,13.567,14.338,2335271,0
2000-11-29,14.321,15.135,14.321,15.06,6444030,0
2000-11-30,14.948,15.256,14.709,15.101,4647075,0
2000-12-01,15.256,15.564,14.98,15.177,3934578,0
2000-12-04,15.06,15.101,14.905,14.98,5033973,0
2000-12-05,14.948,15.804,14.862,15.759,6628373,0
2000-12-06,15.759,16.617,15.214,15.65,6754693,0
2000-12-07,15.485,16.309,15.485,16.266,2835645,0
2000-12-08,16.506,16.659,16.309,16.506,3773351,0
2000-12-11,16.309,17.011,16.309,16.892,3605115,0
2000-12-12,16.704,16.812,16.387,16.583,1299732,0
2000-12-13,16.617,16.812,16.387,16.429,2004530,0
2000-12-14,16.157,16.542,15.913,16.429,2388389,0
2000-12-15,16.19,16.542,16.19,16.462,3849701,0
2000-12-18,16.857,18.107,16.737,17.868,6123330,0
2000-12-19,17.71,18.373,17.516,17.516,7852221,0
2000-12-20,17.441,18.26,17.054,18.107,5271317,0
2000-12-21,18.023,18.691,17.868,18.57,5597156,0
2000-12-22,18.691,18.725,18.219,18.416,4066148,0
2000-12-26,18.341,18.691,18.341,18.691,1335693,0
2000-12-27,18.691,18.997,18.57,18.997,2748669,0
2000-12-28,18.997,19.042,18.725,18.725,3214953,0
2000-12-29,18.57,18.809,18.188,18.219,1893622,0
2001-01-02,18.341,18.373,17.484,18.064,2672901,0
2001-01-03,18.219,19.273,17.909,19.24,4762306,0
2001-01-04,19.042,20.445,19.042,19.939,8390304,0
2001-01-05,19.743,19.743,18.888,19.162,5626340,0
2001-01-08,19.273,19.273,18.456,18.809,4177522,0
2001-01-09,18.725,18.997,18.57,18.888,2810310,0
2001-01-10,18.613,18.888,18.494,18.809,2838798,0
2001-01-11,18.965,19.195,18.494,18.767,2882694,0
2001-01-12,18.691,18.725,17.868,18.107,2257748,0
2001-01-16,18.107,18.888,17.516,17.989,4101288,0
2001-01-17,17.989,18.064,17.362,17.557,2649667,0
2001-01-18,17.71,17.71,16.934,17.054,2464742,0
2001-01-19,17.054,17.132,16.387,16.737,2713644,0
2001-01-22,16.78,17.32,16.617,17.286,2923088,0
2001-01-23,17.441,18.064,17.404,17.989,3752684,0
2001-01-24,17.792,18.107,17.594,18.064,2264172,0
2001-01-25,18.023,18.26,17.792,18.064,1891282,0
2001-01-26,18.064,18.494,17.989,18.456,2357104,0
2001-01-29,18.26,18.725,18.26,18.366,2973755,0
2001-01-30,18.21,18.628,17.875,18.45,3400464,0
2001-01-31,18.475,18.628,18.04,18.45,2767933,0
2001-02-01,18.287,18.45,18.142,18.244,1516646,0
2001-02-02,18.252,18.561,18.133,18.529,2043289,0
2001-02-05,18.359,18.862,18.322,18.843,2477935,0
2001-02-06,18.716,18.759,18.27,18.545,1623821,0
2001-02-07,18.57,18.793,18.475,18.666,1704141,0
2001-02-08,18.57,18.725,18.475,18.691,2333870,0
2001-02-09,18.698,18.879,18.619,18.742,2482955,0
2001-02-12,18.725,19.195,18.725,18.997,3018821,0
2001-02-13,18.914,19.051,18.862,18.955,1883699,0
2001-02-14,18.862,18.947,18.35,18.35,2361890,0
2001-02-15,18.416,18.512,18.15,18.382,1754923,0
2001-02-16,18.287,18.638,18.26,18.373,2148594,0
2001-02-20,18.416,18.484,18.015,18.091,1662348,0
2001-02-21,17.979,18.287,17.671,17.671,2489846,0
2001-02-22,17.756,17.756,17.071,17.647,2767581,0
2001-02-23,17.385,18.244,17.27,17.784,3335204,0
2001-02-26,17.883,18.628,17.548,18.416,4688639,0
2001-02-27,18.433,18.708,18.091,18.52,4583682,0
2001-02-28,18.628,18.666,18.006,18.322,4749929,0
2001-03-01,18.955,18.955,17.86,18.366,6266577,0
2001-03-02,18.322,18.852,18.178,18.775,5095964,0
2001-03-05,18.775,18.8,18.064,18.159,3333451,0
2001-03-06,18.159,18.39,17.687,17.808,4472426,0
2001-03-07,18.048,18.159,17.875,18.081,4457597,0
2001-03-08,18.124,18.27,17.883,18.055,4491336,0
2001-03-09,17.961,18.398,17.385,18.178,4331978,0
2001-03-12,17.851,17.961,16.875,17.054,4944077,0
2001-03-13,17.141,17.313,16.632,17.216,4119851,0
2001-03-14,16.583,16.78,15.624,16.344,7920165,0
2001-03-15,16.934,16.944,16.55,16.925,4791723,0
2001-03-16,16.583,16.976,16.351,16.542,9490751,0
2001-03-19,16.651,17.532,16.437,17.37,6769286,0
2001-03-20,17.216,17.404,16.556,16.556,4614500,0
2001-03-21,15.949,16.48,15.717,15.751,4461567,0
2001-03-22,15.556,15.796,14.605,15.205,6731693,0
2001-03-23,15.598,16.378,15.298,16.378,5732116,0
2001-03-26,17.37,17.37,16.704,17.132,5569252,0
2001-03-27,17.337,18.597,17.148,18.466,11155086,0
2001-03-28,18.35,18.433,18.124,18.359,6376785,0
2001-03-29,18.107,18.27,17.638,17.938,6221279,0
2001-03-30,17.938,18.466,17.909,18.466,4845195,0
2001-04-02,18.466,18.708,18.252,18.619,5424722,0
2001-04-03,18.35,18.619,18.006,18.252,4786936,0
2001-04-04,18.39,18.416,17.766,18.107,5909215,0
2001-04-05,18.433,18.666,18.188,18.512,7524280,0
2001-04-06,18.553,18.619,18.107,18.341,5117213,0
2001-04-09,18.15,18.475,18.072,18.433,3458950,0
2001-04-10,18.553,18.708,18.331,18.578,6447999,0
2001-04-11,18.382,18.708,17.909,18.303,5549286,0
2001-04-12,18.227,18.775,18.188,18.698,4120552,0
2001-04-16,18.588,18.784,18.133,18.613,3188449,0
2001-04-17,18.35,18.588,17.423,17.808,6912182,0
2001-04-18,17.971,18.588,17.156,17.909,11254203,0
2001-04-19,18.194,18.194,17.45,17.671,6293197,0
2001-04-20,17.671,17.792,17.115,17.2,6107687,0
2001-04-23,17.313,17.395,16.849,16.925,3576864,0
2001-04-24,17.037,17.242,16.875,17.115,3094239,0
2001-04-25,17.002,17.088,16.747,17.029,2728702,0
2001-04-26,16.961,17.106,16.565,16.609,5157023,0
2001-04-27,16.804,17.097,16.737,17.097,4044317,0
2001-04-30,17.097,17.313,16.721,16.857,4426425,0
2001-05-01,17.037,17.037,16.488,16.669,6791117,0
2001-05-02,16.669,17.037,16.632,16.976,5869525,0
2001-05-03,16.918,17.594,16.617,17.594,5202905,0
2001-05-04,16.993,18.244,16.993,18.055,7392241,0
2001-05-07,17.548,17.8,16.721,16.909,11910664,0
2001-05-08,16.909,16.984,16.728,16.875,6510691,0
2001-05-09,16.839,16.993,16.632,16.993,5111259,0
2001-05-10,17.115,17.2,16.695,16.772,4459585,0
2001-05-11,16.796,17.037,16.632,16.677,3415056,0
2001-05-14,16.756,16.909,16.602,16.839,3125755,0
2001-05-15,16.993,17.115,16.747,17.115,3716378,0
2001-05-16,17.037,17.466,16.892,17.466,5207106,0
2001-05-17,17.313,17.548,17.088,17.242,4807835,0
2001-05-18,17.395,17.647,17.224,17.385,4697980,0
2001-05-21,17.313,17.494,17.115,17.431,3727117,0
2001-05-22,17.353,17.892,17.26,17.704,6475083,0
2001-05-25,17.997,18.031,17.671,17.696,4188729,0
2001-05-29,17.647,17.696,17.484,17.612,4022602,0
2001-05-30,17.612,17.704,17.476,17.594,4177522,0
2001-05-31,17.594,17.784,17.516,17.756,3904339,0
2001-06-01,17.756,17.971,17.532,17.909,6041841,0
2001-06-04,17.834,18.107,17.72,18.107,4708367,0
2001-06-05,18.072,18.27,18.072,18.188,4579597,0
2001-06-06,18.072,18.433,17.919,18.39,5782198,0
2001-06-07,18.35,18.35,18.117,18.313,5183639,0
2001-06-08,18.27,18.313,17.989,18.098,3054311,0
2001-06-11,17.919,18.219,17.919,18.098,3431632,0
2001-06-12,18.04,18.098,17.8,17.997,3248692,0
2001-06-13,17.842,18.091,17.548,17.909,3544644,0
2001-06-14,17.548,17.671,17.232,17.232,3965514,0
2001-06-15,16.721,17.277,16.721,17.115,9655249,0
2001-06-18,17.115,17.567,17.037,17.353,2930324,0
2001-06-19,17.516,17.808,17.516,17.756,4342369,0
2001-06-20,17.834,18.159,17.756,17.909,5361559,0
2001-06-21,17.834,18.512,17.834,18.512,6139324,0
2001-06-22,18.682,18.784,18.26,18.313,8793783,0
2001-06-25,18.613,18.613,18.15,18.15,4687586,0
2001-06-26,17.989,18.45,17.875,17.875,6407490,0
2001-06-27,18.064,18.484,17.883,17.883,4445455,0
2001-06-28,18.26,18.466,18.203,18.26,6705073,0
2001-06-29,18.26,18.466,18.04,18.295,5990006,0
2001-07-02,18.425,18.759,18.303,18.716,5262560,0
2001-07-03,18.784,18.784,18.382,18.588,1757381,0
2001-07-05,18.545,18.767,18.382,18.708,3121904,0
2001-07-06,18.708,18.708,18.359,18.425,3499230,0
2001-07-09,18.484,18.87,18.466,18.87,4330463,0
2001-07-10,18.827,18.852,18.433,18.456,3868264,0
2001-07-11,18.456,18.827,18.26,18.484,3996571,0
2001-07-12,18.708,18.852,18.57,18.852,3287801,0
2001-07-13,18.852,19.255,18.8,19.187,5401489,0
2001-07-16,19.222,19.255,18.819,18.914,2820934,0
2001-07-17,19.143,19.265,18.8,19.231,7804004,0
2001-07-18,19.068,19.342,18.87,18.989,5951246,0
2001-07-19,19.024,19.06,18.188,18.303,6504388,0
2001-07-20,17.947,18.45,17.947,18.023,5705031,0
2001-07-23,18.048,18.107,17.784,18.006,4509432,0
2001-07-24,17.979,18.023,17.687,17.72,9366885,0
2001-07-25,17.979,17.979,17.612,17.86,3991431,0
2001-07-26,17.8,18.503,17.729,18.26,5783948,0
2001-07-27,18.45,18.947,18.45,18.87,10612801,0
2001-07-30,18.87,19.102,18.87,18.974,8562157,0
2001-07-31,18.708,19.265,18.456,19.06,9389535,0
2001-08-01,19.068,19.187,18.989,19.102,6770570,0
2001-08-02,19.187,19.265,18.87,19.111,5225318,0
2001-08-03,19.024,19.231,19.024,19.222,4517139,0
2001-08-06,19.255,19.709,19.187,19.614,8680886,0
2001-08-07,19.667,20.268,19.514,20.077,12396330,0
2001-08-08,19.514,20.129,19.514,20.069,8352480,0
2001-08-09,20.069,20.077,19.709,19.786,6332307,0
2001-08-10,19.855,19.889,19.588,19.776,3123073,0
2001-08-13,19.743,19.993,19.632,19.864,3894649,0
2001-08-14,19.939,20.026,19.786,19.993,3770665,0
2001-08-15,19.993,20.061,19.743,19.873,4383931,0
2001-08-16,19.831,20.138,19.743,20.087,4710234,0
2001-08-17,20.069,20.069,19.719,19.838,4458295,0
2001-08-20,19.873,20.061,19.855,20.035,4358833,0
2001-08-21,19.993,20.069,19.709,19.743,5730365,0
2001-08-22,20.011,20.146,19.976,20.061,7062903,0
2001-08-23,20.104,20.104,19.906,19.931,4460517,0
2001-08-24,19.831,20.087,19.831,19.948,7038617,0
2001-08-27,19.948,19.948,19.556,19.667,4922480,0
2001-08-28,19.667,19.855,19.477,19.487,4813439,0
2001-08-29,19.426,19.477,19.273,19.384,3592041,0
2001-08-30,19.375,19.632,19.281,19.289,4282711,0
2001-08-31,19.384,19.581,19.187,19.461,6302767,0
2001-09-04,19.47,19.831,19.273,19.693,4792194,0
2001-09-05,19.426,19.804,19.35,19.426,5243066,0
2001-09-06,19.305,19.776,19.068,19.426,9275122,0
2001-09-07,19.426,19.658,19.068,19.102,10421336,0
2001-09-10,18.947,19.255,18.8,19.06,5827262,0
2001-09-17,17.86,19.143,17.792,18.793,10618522,0
2001-09-18,18.142,18.784,18.107,18.484,8062013,0
2001-09-19,18.466,18.708,16.857,17.27,13703418,0
2001-09-20,16.659,17.021,15.588,15.777,14554962,0
2001-09-21,14.853,16.256,14.645,15.556,11574085,0
2001-09-24,16.094,16.867,15.768,16.857,7807388,0
2001-09-25,16.83,17.156,16.378,17.141,6843886,0
2001-09-26,17.27,17.459,16.83,17.208,5029423,0
2001-09-27,17.37,17.739,17.26,17.729,4771406,0
2001-09-28,17.808,18.064,17.466,17.961,5239563,0
2001-10-01,17.954,17.997,17.655,17.834,3683569,0
2001-10-02,17.979,18.35,17.842,18.35,5835085,0
2001-10-03,18.425,18.425,17.938,18.382,3969014,0
2001-10-04,18.588,18.588,17.459,17.784,4508268,0
2001-10-05,17.576,17.576,14.88,14.938,23852384,0
2001-10-08,14.93,14.938,13.627,13.67,21112472,0
2001-10-09,13.766,14.492,13.766,14.305,13459533,0
2001-10-10,14.373,14.7,14.091,14.467,10280070,0
2001-10-11,14.338,14.654,14.176,14.237,12683055,0
2001-10-12,14.176,14.373,13.552,13.619,10125266,0
2001-10-15,13.594,13.807,13.363,13.635,11374803,0
2001-10-16,14.237,14.246,13.698,14.091,12204514,0
2001-10-17,14.579,14.725,14.176,14.492,14284815,0
2001-10-18,14.623,14.623,14.21,14.373,4893061,0
2001-10-19,14.355,14.39,13.644,13.981,7132484,0
2001-10-22,13.894,14.458,13.859,14.075,6781779,0
2001-10-23,14.458,14.458,14.005,14.321,8112565,0
2001-10-24,14.39,14.816,14.254,14.741,5488467,0
2001-10-25,14.663,15.288,14.587,15.288,7042356,0
2001-10-26,15.307,15.307,14.843,14.997,4981553,0
2001-10-29,14.98,14.98,14.348,14.416,5929067,0
2001-10-30,13.928,14.416,13.79,14.373,5107058,0
2001-10-31,14.501,14.816,14.338,14.399,3474129,0
2001-11-01,14.785,14.785,14.296,14.579,6964951,0
2001-11-02,14.579,14.663,14.271,14.579,4096036,0
2001-11-05,14.579,14.972,14.543,14.871,6907395,0
2001-11-06,14.871,15.186,14.629,15.109,6424182,0
2001-11-07,15.024,15.186,14.825,14.843,5100867,0
2001-11-08,14.905,15.177,14.7,14.7,5829949,0
2001-11-09,14.785,14.843,14.579,14.663,3582234,0
2001-11-12,14.741,14.741,14.373,14.553,3105680,0
2001-11-13,14.663,14.897,14.663,14.741,5122699,0
2001-11-14,14.7,15.006,14.501,14.777,5728964,0
2001-11-15,14.853,15.024,14.605,14.681,3871885,0
2001-11-16,15.186,15.186,14.629,14.888,6079436,0
2001-11-19,15.024,15.135,14.741,15.109,4074204,0
2001-11-20,15.214,15.214,14.733,14.75,5172082,0
2001-11-21,14.75,14.888,14.579,14.663,2592696,0
2001-11-23,14.785,15.077,14.7,15.068,1603153,0
2001-11-26,14.912,15.068,14.733,14.767,3473895,0
2001-11-27,14.777,15.238,14.7,14.816,4447323,0
2001-11-28,14.921,15.084,14.853,14.905,4655367,0
2001-11-29,14.816,15.006,14.741,14.98,4909521,0
2001-11-30,15.109,15.41,14.862,15.377,5945293,0
2001-12-03,15.264,15.264,14.965,15.232,4617891,0
2001-12-04,15.177,15.485,15.024,15.41,4252942,0
2001-12-05,15.676,16.148,15.53,15.703,6615649,0
2001-12-06,15.556,16.157,15.485,16.157,4329761,0
2001-12-07,16.002,16.248,15.922,16.248,4236949,0
2001-12-10,16.283,16.351,15.872,16.266,4653618,0
2001-12-11,16.231,16.231,15.813,15.813,4381245,0
2001-12-12,15.813,16.121,15.588,15.958,4189199,0
2001-12-13,15.751,15.796,15.485,15.53,4428295,0
2001-12-14,15.556,15.624,15.341,15.377,4527761,0
2001-12-17,15.168,15.485,15.077,15.393,6102781,0
2001-12-18,15.572,15.856,15.513,15.856,7894952,0
2001-12-19,15.913,16.602,15.726,16.402,10847343,0
2001-12-20,16.447,16.602,16.292,16.506,6383325,0
2001-12-21,16.849,17.011,16.609,16.763,16292961,0
2001-12-24,16.685,16.763,16.602,16.609,2441507,0
2001-12-26,16.728,16.849,16.602,16.609,4129776,0
2001-12-27,16.721,16.944,16.721,16.944,4555313,0
2001-12-28,16.884,17.156,16.884,17.141,3418909,0
2001-12-31,17.141,17.165,17.021,17.106,3411789,0
