Date,Open,High,Low,Close,Volume,OpenInt
1995-01-03,13.516,13.652,13.516,13.622,99282,0
1995-01-04,13.642,13.652,13.583,13.583,123395,0
1995-01-05,13.583,13.583,13.516,13.555,13468,0
1995-01-06,13.555,13.583,13.447,13.486,46663,0
1995-01-09,13.486,13.486,13.324,13.324,81117,0
1995-01-10,13.351,13.351,13.15,13.15,70153,0
1995-01-11,13.189,13.324,13.189,13.219,112436,0
1995-01-12,13.219,13.258,13.15,13.189,23175,0
1995-01-13,13.189,13.189,13.15,13.189,62639,0
1995-01-16,13.189,13.189,13.121,13.15,16912,0
1995-01-17,13.15,13.219,13.15,13.189,24115,0
1995-01-18,13.189,13.219,13.121,13.189,145946,0
1995-01-19,13.189,13.189,13.084,13.084,43846,0
1995-01-20,13.018,13.018,12.951,12.989,232075,0
1995-01-23,13.055,13.219,13.055,13.189,52930,0
1995-01-24,13.189,13.286,12.856,12.856,79863,0
1995-01-25,12.884,13.018,12.884,13.018,103664,0
1995-01-26,13.15,13.324,13.15,13.324,56377,0
1995-01-27,13.286,13.324,13.189,13.219,135613,0
1995-01-30,13.189,13.258,13.189,13.219,65144,0
1995-01-31,13.219,13.258,13.219,13.219,51050,0
1995-02-01,13.286,13.486,13.286,13.419,149080,0
1995-02-02,13.447,13.555,13.419,13.555,53244,0
1995-02-03,13.516,13.516,13.351,13.39,90512,0
1995-02-06,13.447,13.486,13.39,13.419,7202,0
1995-02-07,13.486,13.622,13.419,13.583,25683,0
1995-02-08,13.516,13.622,13.516,13.555,61385,0
1995-02-09,13.583,13.583,13.419,13.419,23175,0
1995-02-10,13.447,13.447,13.324,13.324,33199,0
1995-02-13,13.351,13.447,13.324,13.324,51677,0
1995-02-14,13.324,13.324,13.286,13.324,7828,0
1995-02-15,13.351,13.516,13.351,13.516,47918,0
1995-02-16,13.516,13.652,13.486,13.486,125591,0
1995-02-17,13.486,13.555,13.447,13.555,49799,0
1995-02-21,13.622,13.786,13.622,13.786,135613,0
1995-02-22,13.756,13.786,13.718,13.786,178829,0
1995-02-23,13.786,13.985,13.786,13.888,105230,0
1995-02-24,13.888,13.956,13.888,13.956,47918,0
1995-02-27,13.917,13.956,13.888,13.917,50735,0
1995-02-28,13.985,14.318,13.985,14.318,72660,0
1995-03-01,14.385,14.385,14.318,14.356,170063,0
1995-03-02,14.291,14.318,14.254,14.254,206394,0
1995-03-03,14.254,14.318,14.254,14.318,230198,0
1995-03-06,14.291,14.424,14.254,14.424,33824,0
1995-03-07,14.356,14.424,14.291,14.424,269972,0
1995-03-08,14.424,14.56,14.424,14.56,82683,0
1995-03-09,14.56,14.56,14.521,14.521,39150,0
1995-03-10,14.56,14.59,14.521,14.521,78301,0
1995-03-13,14.56,14.56,14.454,14.56,82997,0
1995-03-14,14.59,14.668,14.56,14.668,22550,0
1995-03-15,14.668,14.668,14.56,14.59,110555,0
1995-03-16,14.59,14.668,14.59,14.629,21609,0
1995-03-17,14.696,14.734,14.668,14.696,27563,0
1995-03-20,14.629,14.629,14.493,14.493,20984,0
1995-03-21,14.521,14.521,14.254,14.254,47294,0
1995-03-22,14.291,14.454,14.254,14.356,113063,0
1995-03-23,14.318,14.356,14.291,14.318,45413,0
1995-03-24,14.385,14.385,14.291,14.291,72347,0
1995-03-27,14.356,14.696,14.356,14.696,85815,0
1995-03-28,14.668,15.136,14.668,15.136,141563,0
1995-03-29,15.136,15.334,15.068,15.068,139998,0
1995-03-30,14.865,14.865,14.59,14.8,254628,0
1995-03-31,14.827,15.498,14.696,15.469,1230220,0
1995-04-03,15.431,15.738,15.403,15.605,383346,0
1995-04-04,15.567,15.567,15.403,15.498,77358,0
1995-04-05,15.363,15.469,15.23,15.268,222365,0
1995-04-06,15.201,15.268,15.068,15.268,43533,0
1995-04-07,15.201,15.268,15.068,15.097,117448,0
1995-04-10,14.961,15.068,14.894,15.068,87696,0
1995-04-11,15.068,15.136,14.933,14.999,171944,0
1995-04-12,14.961,14.961,14.827,14.865,119637,0
1995-04-13,14.827,14.933,14.734,14.933,42593,0
1995-04-17,14.933,15.164,14.933,15.164,51677,0
1995-04-18,15.23,15.297,15.201,15.23,62328,0
1995-04-19,15.23,15.23,14.865,14.865,39776,0
1995-04-20,14.865,15.028,14.762,14.999,61072,0
1995-04-21,14.961,15.164,14.933,15.164,58566,0
1995-04-24,15.136,15.268,15.136,15.268,48858,0
1995-04-25,15.164,15.297,15.164,15.268,105546,0
1995-04-26,15.268,15.334,15.23,15.334,152524,0
1995-04-27,15.403,15.469,15.403,15.469,191987,0
1995-04-28,15.498,15.634,15.498,15.605,231137,0
1995-05-01,15.567,15.634,15.538,15.605,185098,0
1995-05-02,15.538,15.605,15.498,15.538,204201,0
1995-05-03,15.469,15.567,15.403,15.567,124028,0
1995-05-04,15.605,15.605,15.297,15.297,27872,0
1995-05-05,15.268,15.334,15.201,15.268,84875,0
1995-05-08,15.297,15.567,15.297,15.538,61385,0
1995-05-09,15.538,15.538,15.431,15.538,72034,0
1995-05-10,15.498,15.567,15.469,15.538,22550,0
1995-05-11,15.567,15.805,15.567,15.805,49171,0
1995-05-12,15.672,15.672,15.538,15.538,59506,0
1995-05-15,15.469,15.738,15.431,15.605,52930,0
1995-05-16,15.567,15.699,15.567,15.699,49799,0
1995-05-17,15.672,15.699,15.567,15.567,44475,0
1995-05-18,15.498,15.567,15.403,15.403,12526,0
1995-05-19,15.334,15.363,15.201,15.363,101788,0
1995-05-22,15.383,15.403,15.297,15.297,213598,0
1995-05-23,15.334,15.334,15.268,15.334,388984,0
1995-05-24,15.393,15.498,15.393,15.431,29440,0
1995-05-25,15.498,15.567,15.431,15.431,17540,0
1995-05-26,15.363,15.431,14.989,15.097,90512,0
1995-05-30,15.058,15.097,14.923,15.028,72347,0
1995-05-31,14.961,14.961,14.752,14.79,64519,0
1995-06-01,14.725,14.961,14.619,14.961,451309,0
1995-06-02,14.885,14.885,14.686,14.686,12526,0
1995-06-05,14.725,15.058,14.686,14.989,43846,0
1995-06-06,14.923,14.923,14.79,14.79,74227,0
1995-06-07,14.818,14.855,14.725,14.725,331042,0
1995-06-08,14.725,14.752,14.686,14.752,81745,0
1995-06-09,14.752,14.961,14.725,14.961,450683,0
1995-06-12,14.885,14.923,14.752,14.752,25368,0
1995-06-13,14.752,14.885,14.752,14.79,31946,0
1995-06-14,14.752,14.752,14.725,14.725,59192,0
1995-06-15,14.725,14.818,14.725,14.79,68590,0
1995-06-16,14.818,14.818,14.752,14.752,39776,0
1995-06-19,14.79,14.79,14.752,14.79,19419,0
1995-06-20,14.79,14.818,14.725,14.725,31633,0
1995-06-21,14.658,14.752,14.483,14.551,333240,0
1995-06-22,14.483,14.59,14.483,14.521,270284,0
1995-06-23,14.521,14.551,14.483,14.483,272477,0
1995-06-26,14.483,14.658,14.415,14.59,154403,0
1995-06-27,14.551,14.818,14.551,14.725,63578,0
1995-06-28,14.686,14.818,14.686,14.79,126219,0
1995-06-29,14.752,14.961,14.725,14.885,204515,0
1995-06-30,14.961,14.961,14.752,14.752,94899,0
1995-07-03,14.752,14.818,14.752,14.79,57944,0
1995-07-05,14.818,15.028,14.818,15.028,353907,0
1995-07-06,15.028,15.097,14.989,15.028,46039,0
1995-07-07,15.097,15.469,15.097,15.469,135927,0
1995-07-10,15.431,15.634,15.393,15.567,38523,0
1995-07-11,15.538,15.805,15.498,15.699,91140,0
1995-07-12,15.738,15.833,15.699,15.833,92080,0
1995-07-13,15.9,15.939,15.805,15.833,77047,0
1995-07-14,15.9,16.245,15.9,16.112,254939,0
1995-07-17,16.112,16.34,16.112,16.245,216416,0
1995-07-18,16.273,16.34,16.207,16.245,433455,0
1995-07-19,16.245,16.245,16.112,16.112,180713,0
1995-07-20,16.045,16.074,15.978,16.006,367060,0
1995-07-21,15.978,15.978,15.634,15.699,124336,0
1995-07-24,15.634,15.699,15.297,15.567,168184,0
1995-07-25,15.363,15.498,14.752,14.752,396502,0
1995-07-26,14.818,14.961,14.752,14.79,121832,0
1995-07-27,14.855,14.855,14.619,14.686,56688,0
1995-07-28,14.686,14.725,14.521,14.551,416230,0
1995-07-31,14.59,14.619,14.454,14.619,184782,0
1995-08-01,14.619,14.686,14.521,14.551,48546,0
1995-08-02,14.59,14.686,14.59,14.658,51363,0
1995-08-03,14.521,14.59,14.415,14.415,244916,0
1995-08-04,14.346,14.551,14.346,14.483,275609,0
1995-08-07,14.454,14.59,14.454,14.483,86127,0
1995-08-08,14.483,14.551,14.454,14.454,207333,0
1995-08-09,14.454,14.483,14.346,14.346,289702,0
1995-08-10,14.346,14.385,14.309,14.346,160980,0
1995-08-11,14.385,14.385,14.309,14.309,47918,0
1995-08-14,14.281,14.309,14.08,14.11,103041,0
1995-08-15,14.08,14.177,14.041,14.11,138430,0
1995-08-16,14.149,14.244,14.149,14.149,102103,0
1995-08-17,14.216,14.216,14.08,14.149,193868,0
1995-08-18,14.177,14.216,14.11,14.11,169751,0
1995-08-21,14.11,14.244,14.11,14.244,78612,0
1995-08-22,14.216,14.244,14.149,14.149,61072,0
1995-08-23,14.216,14.216,14.11,14.11,114940,0
1995-08-24,14.11,14.309,14.11,14.309,77047,0
1995-08-25,14.309,14.483,14.309,14.483,55747,0
1995-08-28,14.454,14.454,14.244,14.346,136240,0
1995-08-29,14.415,14.483,14.281,14.346,63891,0
1995-08-30,14.376,14.376,14.309,14.346,62639,0
1995-08-31,14.309,14.346,14.309,14.346,72034,0
1995-09-01,14.346,14.346,14.281,14.309,81117,0
1995-09-05,14.346,14.346,14.244,14.346,98028,0
1995-09-06,14.309,14.376,14.309,14.376,25683,0
1995-09-07,14.376,14.762,14.376,14.686,173821,0
1995-09-08,14.686,14.894,14.686,14.827,92394,0
1995-09-11,14.855,14.923,14.521,14.551,76731,0
1995-09-12,14.483,14.521,14.309,14.346,91455,0
1995-09-13,14.309,14.619,14.309,14.59,65144,0
1995-09-14,14.59,14.725,14.483,14.483,255877,0
1995-09-15,14.483,14.551,14.346,14.521,155029,0
1995-09-18,14.521,14.551,14.415,14.415,180088,0
1995-09-19,14.415,14.59,14.415,14.483,79240,0
1995-09-20,14.454,14.483,14.454,14.454,136552,0
1995-09-21,14.454,14.454,14.177,14.346,191048,0
1995-09-22,14.309,14.309,14.244,14.309,143441,0
1995-09-25,14.376,14.376,14.244,14.244,264646,0
1995-09-26,14.244,14.376,14.244,14.346,129349,0
1995-09-27,14.376,14.376,14.11,14.177,588490,0
1995-09-28,14.177,14.177,14.11,14.139,390238,0
1995-09-29,14.309,14.454,14.309,14.454,142817,0
1995-10-02,14.454,14.551,14.415,14.454,145946,0
1995-10-03,14.59,14.725,14.59,14.619,62328,0
1995-10-04,14.483,14.59,14.454,14.521,66083,0
1995-10-05,14.521,14.658,14.521,14.619,36957,0
1995-10-06,14.551,14.725,14.521,14.521,73287,0
1995-10-09,14.521,14.686,14.309,14.658,263082,0
1995-10-10,14.658,14.686,14.551,14.619,109302,0
1995-10-11,14.619,14.855,14.619,14.725,58252,0
1995-10-12,14.725,14.827,14.725,14.79,110241,0
1995-10-13,14.79,15.23,14.79,15.201,59821,0
1995-10-16,15.268,15.441,15.268,15.441,130915,0
1995-10-17,15.373,15.441,15.334,15.441,33199,0
1995-10-18,15.441,15.508,15.403,15.441,32260,0
1995-10-19,15.441,15.508,15.441,15.508,122457,0
1995-10-20,15.508,15.508,15.373,15.469,72660,0
1995-10-23,15.469,15.508,15.334,15.403,196059,0
1995-10-24,15.441,15.441,15.403,15.441,123395,0
1995-10-25,15.441,15.441,14.989,14.989,146261,0
1995-10-26,14.989,15.097,14.923,15.068,113378,0
1995-10-27,14.961,14.989,14.725,14.989,115255,0
1995-10-30,14.989,15.23,14.989,15.201,354535,0
1995-10-31,15.201,15.268,15.097,15.164,163800,0
1995-11-01,15.201,15.373,15.201,15.297,66707,0
1995-11-02,15.373,15.441,15.373,15.403,177578,0
1995-11-03,15.403,15.508,15.403,15.508,139998,0
1995-11-06,15.441,15.538,15.441,15.538,48232,0
1995-11-07,15.605,15.91,15.605,15.747,164737,0
1995-11-08,15.747,15.881,15.681,15.881,83310,0
1995-11-09,15.843,16.054,15.815,16.015,75478,0
1995-11-10,16.015,16.015,15.815,15.815,39776,0
1995-11-13,15.815,15.815,15.681,15.708,139368,0
1995-11-14,15.708,15.708,15.469,15.508,173821,0
1995-11-15,15.538,15.538,15.403,15.441,100533,0
1995-11-16,15.469,15.469,15.441,15.469,67027,0
1995-11-17,15.469,15.708,15.403,15.681,143441,0
1995-11-20,15.738,15.777,15.708,15.738,19419,0
1995-11-21,15.738,15.843,15.738,15.777,77673,0
1995-11-22,15.708,15.815,15.644,15.815,173197,0
1995-11-24,15.815,15.815,15.708,15.708,12842,0
1995-11-27,15.672,15.797,15.644,15.644,64206,0
1995-11-28,15.644,15.708,15.577,15.605,41968,0
1995-11-29,15.577,15.644,15.538,15.577,77047,0
1995-11-30,15.538,15.644,15.538,15.577,34137,0
1995-12-01,15.577,15.577,15.498,15.498,25057,0
1995-12-04,15.498,15.577,15.363,15.577,162232,0
1995-12-05,15.644,15.843,15.297,15.297,233326,0
1995-12-06,15.324,15.538,15.324,15.538,54809,0
1995-12-07,15.538,15.708,15.538,15.708,56377,0
1995-12-08,15.672,15.815,15.644,15.777,63891,0
1995-12-11,15.777,16.015,15.777,15.949,39462,0
1995-12-12,16.015,16.122,15.843,15.881,101478,0
1995-12-13,15.881,15.987,15.815,15.987,146888,0
1995-12-14,16.015,16.084,15.843,15.843,55435,0
1995-12-15,15.708,15.708,15.403,15.605,131544,0
1995-12-18,15.605,15.605,15.297,15.469,82369,0
1995-12-19,15.403,15.469,15.297,15.431,45726,0
1995-12-20,15.403,15.469,15.297,15.297,110871,0
1995-12-21,15.363,15.469,15.258,15.363,98968,0
1995-12-22,15.363,15.577,15.363,15.469,24115,0
1995-12-26,15.431,15.672,15.403,15.672,57944,0
1995-12-27,15.644,15.644,15.403,15.403,50111,0
1995-12-28,15.431,15.538,15.431,15.431,26620,0
1995-12-29,15.498,15.815,15.469,15.815,79548,0
1996-01-02,15.815,15.815,15.538,15.777,94582,0
1996-01-03,15.777,15.843,15.738,15.738,69528,0
1996-01-04,15.738,15.843,15.708,15.777,157850,0
1996-01-05,15.738,15.777,15.538,15.644,107738,0
1996-01-08,15.644,15.644,15.577,15.577,12215,0
1996-01-09,15.577,15.605,15.498,15.605,29752,0
1996-01-10,15.538,15.538,15.297,15.363,339189,0
1996-01-11,15.403,15.644,15.403,15.644,95835,0
1996-01-12,15.644,15.644,15.403,15.431,53244,0
1996-01-15,15.403,15.605,15.403,15.605,41342,0
1996-01-16,15.577,15.672,15.403,15.403,122772,0
1996-01-17,15.403,15.498,15.403,15.431,58252,0
1996-01-18,15.451,15.451,15.403,15.403,38211,0
1996-01-19,15.403,15.538,15.403,15.469,29440,0
1996-01-22,15.469,15.672,15.469,15.672,130291,0
1996-01-23,15.538,15.538,15.258,15.431,145321,0
1996-01-24,15.431,15.469,15.297,15.297,119637,0
1996-01-25,15.324,15.403,15.258,15.403,46979,0
1996-01-26,15.363,15.469,15.297,15.431,37898,0
1996-01-29,15.498,15.672,15.469,15.672,11901,0
1996-01-30,15.672,15.843,15.672,15.708,139998,0
1996-01-31,15.777,15.987,15.777,15.843,52930,0
1996-02-01,15.815,15.91,15.777,15.843,30691,0
1996-02-02,15.843,15.843,15.469,15.538,149703,0
1996-02-05,15.469,15.498,15.297,15.363,70781,0
1996-02-06,15.431,15.469,15.297,15.324,62639,0
1996-02-07,15.297,15.324,15.019,15.23,122146,0
1996-02-08,15.23,15.23,15.087,15.164,64206,0
1996-02-09,15.164,15.164,14.951,15.019,75478,0
1996-02-12,15.019,15.058,14.951,15.058,64519,0
1996-02-13,15.058,15.164,15.019,15.058,95211,0
1996-02-14,15.087,15.126,14.781,14.923,72660,0
1996-02-15,14.885,14.885,14.715,14.818,102103,0
1996-02-16,14.818,14.989,14.752,14.989,19731,0
1996-02-20,14.923,14.923,14.715,14.818,100533,0
1996-02-21,14.818,14.818,14.752,14.752,145634,0
1996-02-22,14.781,14.818,14.752,14.818,96777,0
1996-02-23,14.818,14.818,14.58,14.677,123395,0
1996-02-26,14.725,14.894,14.696,14.865,164114,0
1996-02-27,14.865,14.933,14.827,14.933,82369,0
1996-02-28,14.971,14.971,14.865,14.971,57944,0
1996-02-29,14.933,15.068,14.933,14.999,277175,0
1996-03-01,15.038,15.146,15.038,15.106,130601,0
1996-03-04,15.146,15.238,15.146,15.211,211090,0
1996-03-05,15.238,15.277,15.174,15.277,179146,0
1996-03-06,15.315,15.451,15.315,15.451,168184,0
1996-03-07,15.451,15.557,15.451,15.557,122772,0
1996-03-08,15.518,15.518,15.344,15.383,253372,0
1996-03-11,15.344,15.344,15.211,15.315,152839,0
1996-03-12,15.315,15.344,15.277,15.344,96150,0
1996-03-13,15.344,15.421,15.344,15.383,35391,0
1996-03-14,15.421,15.489,15.383,15.421,79548,0
1996-03-15,15.383,15.451,15.383,15.383,106485,0
1996-03-18,15.383,15.69,15.383,15.624,65144,0
1996-03-19,15.624,15.69,15.557,15.624,25368,0
1996-03-20,15.624,15.728,15.624,15.662,29127,0
1996-03-21,15.662,15.662,15.595,15.624,75790,0
1996-03-22,15.624,15.728,15.624,15.728,22864,0
1996-03-25,15.728,15.728,15.624,15.624,17540,0
1996-03-26,15.624,15.728,15.595,15.662,67336,0
1996-03-27,15.624,15.728,15.489,15.69,144383,0
1996-03-28,15.662,15.662,15.489,15.662,125591,0
1996-03-29,15.662,15.728,15.595,15.662,79548,0
1996-04-01,15.662,15.797,15.662,15.69,345766,0
1996-04-02,15.662,15.662,15.595,15.662,212655,0
1996-04-03,15.624,15.662,15.624,15.624,20357,0
1996-04-04,15.662,15.767,15.662,15.69,42283,0
1996-04-08,15.69,15.69,15.451,15.557,135613,0
1996-04-09,15.595,15.595,15.518,15.595,243351,0
1996-04-10,15.624,15.69,15.595,15.662,150960,0
1996-04-11,15.69,15.69,15.662,15.662,61072,0
1996-04-12,15.662,15.69,15.662,15.69,418739,0
1996-04-15,15.69,15.69,15.557,15.557,77358,0
1996-04-16,15.595,15.624,15.557,15.595,66707,0
1996-04-17,15.624,15.69,15.595,15.662,112125,0
1996-04-18,15.624,15.624,15.489,15.595,119326,0
1996-04-19,15.624,15.767,15.557,15.767,52303,0
1996-04-22,15.767,15.9,15.728,15.9,43533,0
1996-04-23,15.9,16.141,15.9,16.074,135299,0
1996-04-24,16.074,16.074,15.797,15.9,162232,0
1996-04-25,15.939,16.074,15.9,16.074,49486,0
1996-04-26,16.074,16.112,16.006,16.074,40716,0
1996-04-29,16.045,16.112,15.968,16.112,70468,0
1996-04-30,16.074,16.074,15.9,15.9,37270,0
1996-05-01,15.9,15.9,15.833,15.833,49171,0
1996-05-02,15.833,15.863,15.69,15.767,43533,0
1996-05-03,15.767,15.767,15.728,15.767,31633,0
1996-05-06,15.767,15.797,15.69,15.767,41027,0
1996-05-07,15.557,15.624,15.557,15.595,66707,0
1996-05-08,15.624,15.728,15.595,15.69,83310,0
1996-05-09,15.69,15.728,15.595,15.595,77047,0
1996-05-10,15.624,15.662,15.315,15.344,113690,0
1996-05-13,15.383,15.451,15.383,15.451,93332,0
1996-05-14,15.451,15.595,15.451,15.595,95521,0
1996-05-15,15.595,15.595,15.489,15.489,319146,0
1996-05-16,15.518,15.69,15.451,15.624,85189,0
1996-05-17,15.624,15.662,15.624,15.662,8457,0
1996-05-20,15.624,15.69,15.595,15.624,28188,0
1996-05-21,15.662,15.728,15.662,15.69,19419,0
1996-05-22,15.728,16.006,15.728,15.968,117760,0
1996-05-23,16.054,16.054,15.91,15.949,176955,0
1996-05-24,16.015,16.093,15.949,15.949,47605,0
1996-05-28,15.91,15.949,15.881,15.91,110871,0
1996-05-29,15.881,15.987,15.843,15.881,107112,0
1996-05-30,15.881,16.093,15.881,16.093,73287,0
1996-05-31,16.093,16.093,15.949,16.015,69842,0
1996-06-03,16.015,16.054,15.987,16.015,16283,0
1996-06-04,15.987,16.054,15.987,16.054,27563,0
1996-06-05,16.015,16.054,16.015,16.054,27872,0
1996-06-06,16.015,16.122,16.015,16.122,251492,0
1996-06-07,16.015,16.015,15.91,15.987,187287,0
1996-06-10,15.987,15.987,15.949,15.987,87067,0
1996-06-11,15.987,16.158,15.987,16.093,91765,0
1996-06-12,16.122,16.158,16.093,16.093,32260,0
1996-06-13,16.093,16.122,16.054,16.054,171003,0
1996-06-14,16.054,16.122,16.054,16.093,205767,0
1996-06-17,16.122,16.122,15.987,16.015,105859,0
1996-06-18,15.987,16.122,15.987,16.093,87067,0
1996-06-19,16.093,16.122,15.949,16.015,112436,0
1996-06-20,16.015,16.093,16.015,16.093,39150,0
1996-06-21,16.093,16.158,16.093,16.158,170063,0
1996-06-24,16.158,16.187,16.158,16.158,117760,0
1996-06-25,16.122,16.158,16.093,16.122,232704,0
1996-06-26,16.122,16.158,16.122,16.158,268721,0
1996-06-27,16.093,16.158,16.054,16.158,219551,0
1996-06-28,16.158,16.544,16.158,16.544,169751,0
1996-07-01,16.544,16.544,16.437,16.467,46354,0
1996-07-02,16.467,16.505,16.398,16.467,117760,0
1996-07-03,16.437,16.437,16.369,16.437,15348,0
1996-07-05,16.437,16.467,16.292,16.292,21296,0
1996-07-08,16.292,16.369,16.263,16.33,34137,0
1996-07-09,16.33,16.33,16.292,16.292,20044,0
1996-07-10,16.263,16.33,16.122,16.122,50422,0
1996-07-11,16.093,16.093,15.949,15.949,40401,0
1996-07-12,15.987,15.987,15.881,15.91,32886,0
1996-07-15,15.881,15.881,15.605,15.605,68903,0
1996-07-16,15.605,15.634,15.46,15.528,122772,0
1996-07-17,15.498,15.528,15.287,15.354,176329,0
1996-07-18,15.354,15.777,15.354,15.777,40716,0
1996-07-19,15.777,15.843,15.421,15.567,97408,0
1996-07-22,15.567,15.567,15.421,15.46,71094,0
1996-07-23,15.46,15.528,15.421,15.46,12842,0
1996-07-24,15.46,15.672,15.46,15.46,54496,0
1996-07-25,15.46,15.634,15.421,15.528,34137,0
1996-07-26,15.528,15.528,15.183,15.183,99282,0
1996-07-29,15.22,15.354,15.22,15.324,176016,0
1996-07-30,15.324,15.634,15.324,15.634,66083,0
1996-07-31,15.605,15.708,15.567,15.567,42908,0
1996-08-01,15.528,15.528,15.528,15.528,63578,0
1996-08-02,15.528,15.91,15.528,15.91,87067,0
1996-08-05,15.881,15.987,15.805,15.949,68276,0
1996-08-06,15.949,16.054,15.949,16.015,57002,0
1996-08-07,16.054,16.292,16.054,16.292,64206,0
1996-08-08,16.369,16.544,16.369,16.505,73601,0
1996-08-09,16.467,16.467,16.437,16.437,33512,0
1996-08-12,16.398,16.398,16.122,16.158,83624,0
1996-08-13,16.158,16.158,16.093,16.158,50111,0
1996-08-14,16.158,16.225,16.093,16.122,126844,0
1996-08-15,16.093,16.369,16.093,16.369,100846,0
1996-08-16,16.369,16.398,16.33,16.398,61385,0
1996-08-19,16.398,16.437,16.292,16.369,29752,0
1996-08-20,16.369,16.467,16.369,16.467,118388,0
1996-08-21,16.437,16.467,16.292,16.398,164427,0
1996-08-22,16.369,16.505,16.369,16.505,329792,0
1996-08-23,16.514,16.592,16.514,16.554,96150,0
1996-08-26,16.554,16.619,16.514,16.514,248675,0
1996-08-27,16.554,16.554,16.485,16.485,126219,0
1996-08-28,16.408,16.408,16.235,16.235,152211,0
1996-08-29,16.235,16.379,16.235,16.34,75790,0
1996-08-30,16.34,16.34,16.168,16.235,82997,0
1996-09-03,16.273,16.34,16.235,16.34,88948,0
1996-09-04,16.302,16.485,16.302,16.485,89883,0
1996-09-05,16.485,16.726,16.485,16.726,153466,0
1996-09-06,16.696,17.041,16.696,17.041,251492,0
1996-09-09,17.116,17.328,17.116,17.328,155029,0
1996-09-10,17.328,17.54,17.328,17.54,300039,0
1996-09-11,17.502,18.065,17.463,18.065,196059,0
1996-09-12,18.065,18.66,18.065,18.093,435963,0
1996-09-13,18.131,18.237,17.606,17.643,330419,0
1996-09-16,17.606,17.606,17.328,17.357,200757,0
1996-09-17,17.396,17.673,17.396,17.502,108365,0
1996-09-18,17.54,17.643,17.54,17.643,57627,0
1996-09-19,17.643,17.855,17.643,17.673,111499,0
1996-09-20,17.606,17.673,17.502,17.673,61385,0
1996-09-23,17.711,17.711,17.568,17.568,105859,0
1996-09-24,17.568,17.568,17.25,17.568,217040,0
1996-09-25,17.502,17.568,17.357,17.502,73915,0
1996-09-26,17.502,17.568,17.357,17.434,77673,0
1996-09-27,17.463,17.568,17.434,17.463,92394,0
1996-09-30,17.463,17.463,16.83,16.83,167245,0
1996-10-01,16.906,17.328,16.906,17.25,126219,0
1996-10-02,17.25,17.357,17.144,17.328,116195,0
1996-10-03,17.289,17.357,17.221,17.25,52930,0
1996-10-04,17.25,17.54,17.25,17.502,134044,0
1996-10-07,17.463,17.779,17.463,17.643,55435,0
1996-10-08,17.643,17.711,17.643,17.673,357669,0
1996-10-09,17.673,17.75,17.673,17.75,226751,0
1996-10-10,17.711,17.711,17.606,17.606,82683,0
1996-10-11,17.673,17.673,17.643,17.673,103664,0
1996-10-14,17.673,17.817,17.673,17.817,43223,0
1996-10-15,17.779,17.817,17.673,17.75,131854,0
1996-10-16,17.779,17.884,17.779,17.855,108675,0
1996-10-17,17.924,18.131,17.924,18.093,138743,0
1996-10-18,18.065,18.131,18.065,18.131,85189,0
1996-10-21,18.131,18.237,18.131,18.17,119637,0
1996-10-22,18.131,18.131,17.961,17.961,109930,0
1996-10-23,17.961,17.961,17.711,17.779,80491,0
1996-10-24,17.779,17.779,17.711,17.711,27250,0
1996-10-25,17.711,17.779,17.643,17.711,101478,0
1996-10-28,17.711,17.711,17.606,17.643,41342,0
1996-10-29,17.568,17.606,17.54,17.568,57944,0
1996-10-30,17.568,17.568,17.396,17.434,83935,0
1996-10-31,17.434,17.502,17.041,17.041,201695,0
1996-11-01,17.041,17.078,16.936,16.936,228003,0
1996-11-04,16.936,17.014,16.936,16.936,128722,0
1996-11-05,16.975,16.975,16.696,16.696,241470,0
1996-11-06,16.726,16.803,16.696,16.726,243663,0
1996-11-07,16.726,16.906,16.726,16.83,181653,0
1996-11-08,16.83,16.868,16.726,16.83,466344,0
1996-11-11,16.83,16.906,16.83,16.868,219233,0
1996-11-12,16.868,17.116,16.868,17.116,204515,0
1996-11-13,17.144,17.463,17.144,17.434,226127,0
1996-11-14,17.357,17.396,17.221,17.328,161295,0
1996-11-15,17.357,17.54,17.357,17.54,59506,0
1996-11-18,17.606,17.606,17.502,17.606,85502,0
1996-11-19,17.606,17.606,17.434,17.463,60757,0
1996-11-20,17.396,17.502,17.396,17.396,73287,0
1996-11-21,17.289,17.434,17.289,17.396,59506,0
1996-11-22,17.376,17.511,17.376,17.483,38834,0
1996-11-25,17.483,17.616,17.483,17.616,231450,0
1996-11-26,17.511,17.653,17.511,17.511,248990,0
1996-11-27,17.511,17.616,17.511,17.616,101478,0
1996-11-29,17.616,17.653,17.549,17.588,45413,0
1996-12-02,17.588,17.616,17.549,17.616,117448,0
1996-12-03,17.616,17.653,17.549,17.549,39776,0
1996-12-04,17.511,17.549,17.483,17.483,177578,0
1996-12-05,17.444,17.588,17.444,17.588,157850,0
1996-12-06,17.511,17.511,17.405,17.444,171316,0
1996-12-09,17.405,17.483,17.405,17.405,225501,0
1996-12-10,17.405,17.511,17.405,17.483,54809,0
1996-12-11,17.483,17.549,17.299,17.376,179460,0
1996-12-12,17.405,17.444,17.337,17.337,102728,0
1996-12-13,17.376,17.444,17.337,17.337,157223,0
1996-12-16,17.337,17.337,17.086,17.124,62639,0
1996-12-17,17.086,17.124,17.023,17.023,158790,0
1996-12-18,17.023,17.023,16.945,17.023,146888,0
1996-12-19,16.985,17.27,16.985,17.27,144383,0
1996-12-20,17.27,17.27,17.124,17.124,176016,0
1996-12-23,17.124,17.124,17.023,17.051,55435,0
1996-12-24,17.051,17.051,17.023,17.051,69842,0
1996-12-26,17.051,17.051,17.023,17.051,42593,0
1996-12-27,17.086,17.086,17.023,17.051,52303,0
1996-12-30,17.086,17.086,17.051,17.086,63891,0
1996-12-31,17.124,17.337,17.124,17.192,82683,0
1997-01-02,17.192,17.231,16.735,16.735,137180,0
1997-01-03,16.735,17.051,16.735,16.985,93642,0
1997-01-06,16.985,17.023,16.773,16.84,279683,0
1997-01-07,16.878,16.878,16.84,16.878,116195,0
1997-01-08,16.878,16.878,16.812,16.812,39776,0
1997-01-09,16.84,16.84,16.602,16.602,84250,0
1997-01-10,16.457,16.457,16.273,16.31,224873,0
1997-01-13,16.31,16.485,16.273,16.457,233326,0
1997-01-14,16.457,16.457,16.379,16.457,159414,0
1997-01-15,16.457,16.457,16.349,16.418,61072,0
1997-01-16,16.418,16.418,16.349,16.418,39776,0
1997-01-17,16.457,16.485,16.379,16.418,82057,0
1997-01-20,16.379,16.379,16.349,16.349,47605,0
1997-01-21,16.349,16.349,16.064,16.102,134358,0
1997-01-22,16.035,16.035,15.605,15.644,359231,0
1997-01-23,15.853,16.349,15.853,16.245,442230,0
1997-01-24,16.207,16.563,16.168,16.485,263395,0
1997-01-27,16.485,16.563,16.349,16.349,113063,0
1997-01-28,16.379,16.629,16.379,16.457,122146,0
1997-01-29,16.485,16.735,16.485,16.706,122772,0
1997-01-30,16.735,16.812,16.706,16.812,43846,0
1997-01-31,16.812,17.023,16.812,16.812,90824,0
1997-02-03,16.812,17.023,16.812,17.023,161919,0
1997-02-04,16.985,17.27,16.985,17.27,81745,0
1997-02-05,17.27,17.299,17.192,17.192,100846,0
1997-02-06,17.124,17.162,17.051,17.086,83310,0
1997-02-07,17.124,17.337,17.023,17.051,95835,0
1997-02-10,17.086,17.086,16.812,16.812,75478,0
1997-02-11,16.812,16.84,16.667,16.773,88635,0
1997-02-12,16.773,17.299,16.773,17.299,187916,0
1997-02-13,17.27,17.653,17.27,17.653,110241,0
1997-02-14,17.759,18.362,17.759,18.286,365180,0
1997-02-18,18.257,18.286,17.969,18.008,143128,0
1997-02-19,18.046,18.093,17.865,17.904,146261,0
1997-02-20,17.855,18.102,17.827,18.036,90198,0
1997-02-21,18.074,18.286,18.074,18.247,175702,0
1997-02-24,18.208,18.353,18.208,18.286,96465,0
1997-02-25,18.353,18.392,18.208,18.247,175389,0
1997-02-26,18.208,18.323,18.18,18.323,115569,0
1997-02-27,18.286,18.497,18.208,18.43,94899,0
1997-02-28,18.392,18.43,18.353,18.43,87696,0
1997-03-03,18.43,18.459,18.43,18.459,155656,0
1997-03-04,18.459,18.679,18.459,18.679,82369,0
1997-03-05,18.679,18.708,18.497,18.535,47918,0
1997-03-06,18.573,18.573,18.392,18.392,106485,0
1997-03-07,18.43,18.708,18.43,18.602,77047,0
1997-03-10,18.573,18.747,18.573,18.747,70468,0
1997-03-11,18.822,18.822,18.784,18.822,58252,0
1997-03-12,18.784,18.822,18.679,18.784,66707,0
1997-03-13,18.784,18.784,18.622,18.64,86440,0
1997-03-14,18.679,18.747,18.602,18.64,218608,0
1997-03-17,18.64,18.822,18.64,18.747,160980,0
1997-03-18,18.747,18.927,18.747,18.889,86440,0
1997-03-19,18.889,18.927,18.679,18.747,67027,0
1997-03-20,18.747,18.784,18.679,18.708,60449,0
1997-03-21,18.747,18.822,18.708,18.747,19731,0
1997-03-24,18.708,18.822,18.708,18.708,40401,0
1997-03-25,18.679,18.708,18.602,18.679,80178,0
1997-03-26,18.64,18.679,18.573,18.602,23490,0
1997-03-27,18.602,18.679,18.602,18.64,90512,0
1997-03-31,18.602,18.679,18.43,18.459,132480,0
1997-04-01,18.43,18.43,18.286,18.286,110241,0
1997-04-02,18.247,18.247,18.18,18.18,76104,0
1997-04-03,18.247,18.247,17.998,17.998,77987,0
1997-04-04,17.961,17.961,17.894,17.894,92394,0
1997-04-07,17.894,17.932,17.855,17.932,155656,0
1997-04-08,17.932,17.932,17.827,17.855,212971,0
1997-04-09,17.827,17.855,17.827,17.827,184154,0
1997-04-10,17.789,17.789,17.711,17.711,46663,0
1997-04-11,17.711,17.711,17.682,17.711,38834,0
1997-04-14,17.682,17.682,17.434,17.54,110241,0
1997-04-15,17.502,17.789,17.463,17.789,40087,0
1997-04-16,17.75,17.855,17.711,17.789,81745,0
1997-04-17,17.789,17.789,17.682,17.711,108055,0
1997-04-18,17.75,17.75,17.682,17.711,102103,0
1997-04-21,17.789,17.961,17.789,17.855,380842,0
1997-04-22,17.855,17.894,17.855,17.894,73915,0
1997-04-23,17.855,18.036,17.855,17.961,189168,0
1997-04-24,17.932,18.102,17.932,18.102,80491,0
1997-04-25,18.102,18.102,18.036,18.036,100846,0
1997-04-28,18.036,18.459,18.036,18.43,218917,0
1997-04-29,18.459,18.602,18.459,18.535,184472,0
1997-04-30,18.497,18.699,18.497,18.602,371134,0
1997-05-01,18.64,18.708,18.573,18.679,264963,0
1997-05-02,18.64,18.956,18.64,18.927,378025,0
1997-05-05,18.927,19.1,18.927,19.1,165992,0
1997-05-06,19.071,19.071,18.956,18.994,187604,0
1997-05-07,18.994,19.284,18.956,18.994,396502,0
1997-05-08,18.927,19.637,18.889,19.598,370819,0
1997-05-09,19.598,19.637,19.322,19.568,387108,0
1997-05-12,19.568,20.096,19.568,19.953,611664,0
1997-05-13,19.953,20.173,19.953,20.096,291268,0
1997-05-14,20.173,20.24,20.096,20.135,145634,0
1997-05-15,20.096,20.096,19.991,20.066,171628,0
1997-05-16,20.066,20.135,20.066,20.066,65455,0
1997-05-19,20.096,20.173,20.096,20.173,62328,0
1997-05-20,20.135,20.671,20.135,20.671,287509,0
1997-05-21,20.738,20.988,20.671,20.842,169751,0
1997-05-22,20.842,21.025,20.842,21.025,205454,0
1997-05-23,21.016,21.264,21.016,21.054,254939,0
1997-05-27,21.054,21.122,20.872,20.911,214538,0
1997-05-28,20.94,20.94,20.728,20.872,102103,0
1997-05-29,20.832,21.084,20.766,21.016,175389,0
1997-05-30,20.94,21.016,20.872,20.911,68903,0
1997-06-02,20.94,21.16,20.94,21.16,67963,0
1997-06-03,21.198,21.34,21.198,21.34,126219,0
1997-06-04,21.408,21.514,21.369,21.514,222994,0
1997-06-05,21.696,21.696,21.484,21.592,143754,0
1997-06-06,21.553,21.765,21.553,21.765,60449,0
1997-06-09,21.736,21.765,21.514,21.514,107738,0
1997-06-10,21.447,21.765,21.408,21.765,220489,0
1997-06-11,21.839,22.195,21.839,22.05,342634,0
1997-06-12,22.05,22.05,21.943,22.022,56377,0
1997-06-13,22.022,22.299,22.022,22.299,63578,0
1997-06-16,22.299,22.482,22.299,22.443,144693,0
1997-06-17,22.443,22.558,22.337,22.558,226127,0
1997-06-18,22.558,22.624,22.558,22.624,82997,0
1997-06-19,22.663,22.875,22.663,22.845,162858,0
1997-06-20,22.769,22.952,22.769,22.952,275297,0
1997-06-23,23.094,23.094,22.587,22.587,144693,0
1997-06-24,22.52,22.711,22.52,22.711,89259,0
1997-06-25,22.711,22.789,22.482,22.501,87696,0
1997-06-26,22.482,22.587,22.482,22.482,141877,0
1997-06-27,22.539,22.624,22.539,22.578,67336,0
1997-06-30,22.587,22.702,22.482,22.482,189480,0
1997-07-01,22.482,22.932,22.443,22.932,325093,0
1997-07-02,22.932,23.056,22.73,22.769,61072,0
1997-07-03,22.769,22.789,22.624,22.624,33824,0
1997-07-07,22.663,22.913,22.663,22.845,40401,0
1997-07-08,22.808,22.913,22.808,22.894,16912,0
1997-07-09,22.894,22.894,22.73,22.75,46039,0
1997-07-10,22.769,22.845,22.663,22.702,67336,0
1997-07-11,22.769,22.827,22.711,22.808,70468,0
1997-07-14,22.808,22.845,22.73,22.73,64519,0
1997-07-15,22.808,22.952,22.769,22.932,106174,0
1997-07-16,22.952,22.952,22.789,22.808,80491,0
1997-07-17,22.808,22.875,22.808,22.855,54496,0
1997-07-18,22.855,22.865,22.587,22.682,174759,0
1997-07-21,22.682,22.702,22.587,22.624,29752,0
1997-07-22,22.624,22.769,22.578,22.75,187604,0
1997-07-23,22.789,22.894,22.789,22.845,141877,0
1997-07-24,22.789,23.123,22.75,23.113,193550,0
1997-07-25,23.113,24.024,23.113,24.024,198249,0
1997-07-28,23.985,24.004,23.795,23.805,150331,0
1997-07-29,23.843,23.938,23.776,23.938,49171,0
1997-07-30,23.88,24.56,23.88,24.521,140309,0
1997-07-31,24.521,24.617,24.434,24.597,89259,0
1997-08-01,24.597,24.666,24.375,24.483,126844,0
1997-08-04,24.483,24.743,24.483,24.705,113378,0
1997-08-05,24.772,24.915,24.772,24.867,109302,0
1997-08-06,24.867,25.058,24.867,25.058,107112,0
1997-08-07,25.04,25.097,24.743,24.743,88322,0
1997-08-08,24.763,24.772,24.597,24.685,153778,0
1997-08-11,24.723,24.83,24.597,24.685,156282,0
1997-08-12,24.705,24.705,24.521,24.541,59506,0
1997-08-13,24.521,24.763,24.395,24.705,273418,0
1997-08-14,24.705,24.705,24.483,24.597,74227,0
1997-08-15,24.521,24.541,24.375,24.502,94899,0
1997-08-18,24.502,24.56,24.205,24.375,145634,0
1997-08-19,24.311,24.597,24.311,24.56,75790,0
1997-08-20,24.483,24.934,24.473,24.934,112125,0
1997-08-21,24.886,24.953,24.763,24.772,74852,0
1997-08-22,24.705,25.222,24.597,25.222,171003,0
1997-08-25,25.624,26.046,25.624,25.88,209212,0
1997-08-26,25.9,26.046,25.9,25.949,143754,0
1997-08-27,25.91,25.91,25.269,25.333,189168,0
1997-08-28,25.371,25.615,25.193,25.45,114628,0
1997-08-29,25.43,25.498,25.287,25.305,55435,0
1997-09-02,25.305,25.305,25.144,25.232,93960,0
1997-09-03,25.25,25.72,25.163,25.663,119951,0
1997-09-04,25.644,25.72,25.556,25.683,70153,0
1997-09-05,25.72,25.824,25.479,25.479,30691,0
1997-09-08,25.479,25.9,25.459,25.842,53244,0
1997-09-09,25.768,25.768,25.287,25.314,269658,0
1997-09-10,25.352,25.371,25.333,25.371,140309,0
1997-09-11,25.269,25.269,24.723,24.925,112436,0
1997-09-12,24.925,25.173,24.925,25.173,112125,0
1997-09-15,25.173,25.45,25.163,25.193,207645,0
1997-09-16,25.193,25.269,25.163,25.25,108365,0
1997-09-17,25.314,25.333,25.193,25.193,115255,0
1997-09-18,25.125,25.576,25.125,25.537,83310,0
1997-09-19,25.824,25.824,25.371,25.41,134675,0
1997-09-22,25.333,25.371,25.269,25.371,72347,0
1997-09-23,25.371,25.556,25.212,25.25,70781,0
1997-09-24,25.03,25.371,25.03,25.333,41027,0
1997-09-25,25.479,25.595,25.352,25.352,29127,0
1997-09-26,25.41,25.459,25.163,25.163,29127,0
1997-09-29,25.193,25.305,25.193,25.193,268404,0
1997-09-30,25.193,25.25,25.049,25.049,330419,0
1997-10-01,25.049,25.193,25.049,25.193,61072,0
1997-10-02,25.163,25.391,25.163,25.269,28814,0
1997-10-03,24.982,25.125,24.637,24.763,190734,0
1997-10-06,24.782,25.25,24.782,25.25,191048,0
1997-10-07,25.25,25.702,25.212,25.683,119637,0
1997-10-08,25.644,25.644,25.459,25.624,118073,0
1997-10-09,25.556,25.615,25.41,25.41,33824,0
1997-10-10,25.352,25.479,25.352,25.479,95835,0
1997-10-13,25.479,25.91,25.45,25.88,53554,0
1997-10-14,25.9,25.9,25.595,25.595,35391,0
1997-10-15,25.537,25.576,25.371,25.43,67963,0
1997-10-16,25.25,25.41,25.25,25.305,85189,0
1997-10-17,25.269,25.269,24.963,24.963,34763,0
1997-10-20,25.173,25.391,25.144,25.333,123711,0
1997-10-21,25.41,25.537,25.371,25.459,119637,0
1997-10-22,25.517,25.517,25.314,25.333,134985,0
1997-10-23,25.269,25.352,25.193,25.232,74852,0
1997-10-24,25.193,25.193,24.905,24.925,78923,0
1997-10-27,24.857,24.905,24.473,24.578,271850,0
1997-10-28,24.405,24.695,24.311,24.578,228945,0
1997-10-29,24.656,25.41,24.617,25.41,150960,0
1997-10-30,25.333,25.333,24.867,24.905,131232,0
1997-10-31,24.838,25.615,24.838,25.576,123395,0
1997-11-03,25.595,26.35,25.595,26.35,156597,0
1997-11-04,26.17,26.436,26.026,26.256,187916,0
1997-11-05,26.333,26.493,26.189,26.493,58252,0
1997-11-06,26.493,26.725,26.209,26.209,86440,0
1997-11-07,26.026,26.35,25.949,26.026,100533,0
1997-11-10,26.209,26.493,26.189,26.36,112747,0
1997-11-11,26.113,26.17,25.91,26.006,98342,0
1997-11-12,26.026,26.907,26.026,26.907,266214,0
1997-11-13,26.907,26.907,26.562,26.58,175076,0
1997-11-14,26.657,26.994,26.638,26.888,103041,0
1997-11-17,26.888,27.394,26.888,27.244,168812,0
1997-11-18,27.423,27.567,27.281,27.281,161606,0
1997-11-19,27.281,27.443,27.261,27.3,125903,0
1997-11-20,27.339,28,27.339,27.913,199502,0
1997-11-21,28.076,28.938,28.057,28.583,229572,0
1997-11-24,28.573,29.15,28.409,29.111,295345,0
1997-11-25,29.187,30.068,29.187,29.885,251492,0
1997-11-26,29.885,29.941,29.561,29.579,315698,0
1997-11-28,29.512,29.551,29.416,29.416,31322,0
1997-12-01,29.493,29.724,29.091,29.15,154403,0
1997-12-02,29.072,29.512,28.928,29.368,108055,0
1997-12-03,29.396,29.875,28.928,29.072,540259,0
1997-12-04,29.111,29.676,29.042,29.473,260888,0
1997-12-05,29.396,29.512,29.273,29.273,49486,0
1997-12-08,29.293,29.312,28.928,28.965,65770,0
1997-12-09,28.965,29.493,28.965,29.434,115569,0
1997-12-10,29.473,29.473,29.003,29.072,55435,0
1997-12-11,29.072,29.072,28.495,28.495,120578,0
1997-12-12,28.679,28.928,28.679,28.803,67963,0
1997-12-15,28.88,29.187,28.88,29.003,110241,0
1997-12-16,29.225,29.293,29.042,29.062,119951,0
1997-12-17,29.206,29.855,29.13,29.855,238341,0
1997-12-18,29.837,29.855,29.551,29.855,121519,0
1997-12-19,29.512,29.579,29.169,29.273,214538,0
1997-12-22,29.15,29.579,28.965,29.532,168499,0
1997-12-23,29.15,29.493,29.072,29.225,106174,0
1997-12-24,29.15,29.255,28.965,29.187,19419,0
1997-12-26,29.187,29.332,29.187,29.293,20984,0
1997-12-29,29.332,29.493,29.003,29.293,205141,0
1997-12-30,29.293,29.579,29.293,29.561,69842,0
1997-12-31,29.512,29.598,29.473,29.551,86756,0
1998-01-02,29.512,29.532,28.965,29.273,141563,0
1998-01-05,29.111,29.532,29.091,29.532,119013,0
1998-01-06,29.454,29.454,29.111,29.187,71406,0
1998-01-07,29.003,29.003,28.593,28.679,117134,0
1998-01-08,28.717,28.717,28.172,28.277,122457,0
1998-01-09,28.21,28.21,27.481,27.481,135927,0
1998-01-12,27.413,27.481,27.339,27.453,139998,0
1998-01-13,27.453,27.845,27.339,27.827,73287,0
1998-01-14,27.884,28.267,27.884,28.135,67336,0
1998-01-15,28.21,28.603,28.086,28.315,85189,0
1998-01-16,28.457,28.823,28.457,28.593,78301,0
1998-01-20,28.495,28.746,28.495,28.737,50735,0
1998-01-21,28.64,28.737,28.353,28.457,127779,0
1998-01-22,28.392,28.679,28.029,28.029,210778,0
1998-01-23,28.029,28.534,28.029,28.334,119637,0
1998-01-26,28.315,28.899,28.315,28.803,149080,0
1998-01-27,28.429,29.111,28.429,28.746,181962,0
1998-01-28,28.803,28.928,28.248,28.334,186663,0
1998-01-29,28.297,28.766,28.297,28.64,233954,0
1998-01-30,28.573,28.746,28.495,28.495,161919,0
1998-02-02,28.746,28.928,28.603,28.88,216100,0
1998-02-03,28.928,29.13,28.842,28.842,191360,0
1998-02-04,28.861,29.368,28.861,29.235,150960,0
1998-02-05,29.225,29.512,28.928,29.003,139998,0
1998-02-06,29.003,29.293,28.899,29.072,108675,0
1998-02-09,29.042,29.512,29.003,29.368,205767,0
1998-02-10,29.368,29.434,29.235,29.368,182278,0
1998-02-11,29.293,29.293,28.88,28.899,188853,0
1998-02-12,28.899,28.899,28.297,28.353,279683,0
1998-02-13,28.353,28.392,28.048,28.353,222365,0
1998-02-17,28.429,28.573,28.277,28.392,134358,0
1998-02-18,28.392,28.928,28.392,28.679,262456,0
1998-02-19,28.679,29.023,28.64,28.984,177267,0
1998-02-20,28.938,29.081,28.861,29.042,255253,0
1998-02-23,29.042,29.081,28.938,28.994,213284,0
1998-02-24,28.938,28.974,28.495,28.593,164737,0
1998-02-25,28.697,29.263,28.697,29.023,131854,0
1998-02-26,29.081,29.283,29.042,29.225,65455,0
1998-02-27,29.16,29.368,29.101,29.263,113063,0
1998-03-02,29.302,29.769,29.302,29.608,106174,0
1998-03-03,29.542,29.647,29.368,29.464,150647,0
1998-03-04,29.464,29.522,28.974,29.013,245545,0
1998-03-05,29.062,29.062,28.832,28.88,229572,0
1998-03-06,28.938,29.769,28.938,29.705,163800,0
1998-03-09,29.589,29.933,29.551,29.769,110555,0
1998-03-10,29.789,30.373,29.789,30.373,215477,0
1998-03-11,30.461,30.461,29.99,30.088,167868,0
1998-03-12,30.088,30.615,30.088,30.556,66707,0
1998-03-13,30.624,30.624,30.175,30.432,178518,0
1998-03-16,30.719,30.987,30.719,30.881,213598,0
1998-03-17,30.881,31.734,30.796,31.648,252119,0
1998-03-18,31.648,32.376,31.648,32.173,236147,0
1998-03-19,32.173,32.405,32.134,32.298,124961,0
1998-03-20,32.222,32.318,32.014,32.117,199502,0
1998-03-23,32.063,32.385,32.043,32.212,85815,0
1998-03-24,32.357,32.606,32.318,32.337,95835,0
1998-03-25,32.522,33.009,32.376,33.009,224246,0
1998-03-26,32.885,32.885,31.917,31.994,180088,0
1998-03-27,31.994,32.279,31.667,31.773,190734,0
1998-03-30,31.994,32.279,31.696,31.851,143128,0
1998-03-31,31.851,32.279,31.831,31.851,200444,0
1998-04-01,31.917,32.645,31.734,32.444,153151,0
1998-04-02,32.242,32.645,32.212,32.405,205454,0
1998-04-03,32.117,32.557,31.734,31.753,237087,0
1998-04-06,31.831,32.424,31.831,32.134,100533,0
1998-04-07,32.063,32.212,31.859,32.134,143754,0
1998-04-08,31.994,32.173,31.448,31.448,49799,0
1998-04-09,31.513,32.385,31.486,32.078,148455,0
1998-04-13,32.078,32.078,31.792,31.898,45726,0
1998-04-14,31.898,32.847,31.898,32.769,128722,0
1998-04-15,32.789,32.904,32.586,32.741,70153,0
1998-04-16,32.663,33.268,32.557,33.268,124028,0
1998-04-17,33.335,34.752,33.19,34.626,246794,0
1998-04-20,34.606,34.809,33.516,33.554,175076,0
1998-04-21,33.63,34.081,33.63,33.9,136552,0
1998-04-22,34.168,34.53,33.805,34.322,146888,0
1998-04-23,33.881,33.918,33.448,33.534,105546,0
1998-04-24,33.458,33.554,33.19,33.248,48546,0
1998-04-27,33.171,33.171,32.173,32.318,93017,0
1998-04-28,32.522,33.229,32.173,33.151,154090,0
1998-04-29,33.151,33.151,32.721,32.789,116195,0
1998-04-30,32.789,33.571,32.789,33.458,266526,0
1998-05-01,33.458,34.188,33.458,34.119,129974,0
1998-05-04,34.119,34.501,33.736,33.736,213911,0
1998-05-05,33.756,34.005,33.411,33.571,127157,0
1998-05-06,33.64,33.64,33.19,33.477,42593,0
1998-05-07,33.477,33.554,32.789,32.847,127472,0
1998-05-08,32.847,33.151,32.847,32.923,105859,0
1998-05-11,32.721,32.904,32.567,32.663,68903,0
1998-05-12,32.663,33.19,32.586,33.103,231762,0
1998-05-13,32.952,33.591,32.952,33.516,99906,0
1998-05-14,33.296,33.554,33.229,33.355,70468,0
1998-05-15,33.355,33.448,33.009,33.027,80178,0
1998-05-18,33.027,33.103,32.789,33.009,121519,0
1998-05-19,33.084,33.248,32.904,33.112,108675,0
1998-05-20,33.19,33.277,33.103,33.21,70781,0
1998-05-21,33.229,33.699,33.229,33.516,178518,0
1998-05-22,33.544,33.61,32.962,33.009,80491,0
1998-05-26,33.103,33.103,32.444,32.464,102415,0
1998-05-27,32.464,33.141,32.242,33.064,138430,0
1998-05-28,33.084,33.591,32.942,33.448,240218,0
1998-05-29,33.411,33.727,33.122,33.161,46039,0
1998-06-01,32.99,33.525,32.865,33.21,189792,0
1998-06-02,33.21,33.363,33.027,33.21,44784,0
1998-06-03,33.268,33.468,33.19,33.306,139998,0
1998-06-04,33.306,33.486,33.306,33.468,155029,0
1998-06-05,33.486,33.63,33.161,33.268,249929,0
1998-06-08,33.411,33.411,33.064,33.268,56058,0
1998-06-09,33.009,33.064,32.539,32.741,162858,0
1998-06-10,32.721,32.99,32.626,32.663,241160,0
1998-06-11,32.663,32.799,32.577,32.645,546520,0
1998-06-12,32.645,32.904,32.539,32.721,202635,0
1998-06-15,32.577,32.702,32.357,32.444,235835,0
1998-06-16,32.522,32.577,32.357,32.424,196999,0
1998-06-17,32.503,33.708,32.503,33.448,193243,0
1998-06-18,33.63,33.708,32.952,33.122,124336,0
1998-06-19,32.721,32.721,32.117,32.212,196687,0
1998-06-22,32.279,32.503,32.134,32.261,126532,0
1998-06-23,31.976,31.976,31.236,31.458,260265,0
1998-06-24,31.332,31.332,30.605,30.671,312252,0
1998-06-25,30.748,30.853,30.528,30.643,212031,0
1998-06-26,30.605,30.948,30.605,30.709,243037,0
1998-06-29,30.691,31.553,30.691,31.255,224873,0
1998-06-30,31.255,31.513,31.131,31.169,400886,0
1998-07-01,31.236,31.917,31.236,31.898,160980,0
1998-07-02,31.898,32.024,31.657,31.773,117134,0
1998-07-06,31.841,32.318,31.841,32.222,103041,0
1998-07-07,32.222,32.483,32.222,32.242,76104,0
1998-07-08,32.242,32.395,31.956,31.956,88948,0
1998-07-09,31.879,32.242,31.879,32.173,128408,0
1998-07-10,32.098,32.212,31.917,31.994,259328,0
1998-07-13,32.024,32.962,32.024,32.962,144068,0
1998-07-14,32.962,33.181,32.779,33.009,155345,0
1998-07-15,33.306,33.89,33.306,33.89,301605,0
1998-07-16,34.178,35.42,34.071,35.243,299726,0
1998-07-17,35.243,35.243,34.332,34.397,147517,0
1998-07-20,34.36,34.655,34.032,34.636,167557,0
1998-07-21,35.02,35.185,34.596,35.185,232704,0
1998-07-22,35.262,35.346,34.875,35.02,207333,0
1998-07-23,34.943,34.963,33.996,34.35,227379,0
1998-07-24,34.416,34.416,34.071,34.159,42908,0
1998-07-27,34.159,34.255,33.61,33.996,179775,0
1998-07-28,33.996,34.11,33.65,33.727,197937,0
1998-07-29,33.795,33.871,33.448,33.486,224561,0
1998-07-30,33.363,33.966,33.229,33.91,208583,0
1998-07-31,33.833,34.051,33.345,33.591,210466,0
1998-08-03,33.591,34.129,33.468,33.486,270912,0
1998-08-04,33.563,33.563,32.522,32.522,174450,0
1998-08-05,32.444,33.248,32.063,33.229,306613,0
1998-08-06,33.248,34.655,33.248,34.54,218917,0
1998-08-07,34.616,35.7,34.616,35.584,254000,0
1998-08-10,35.517,35.709,35.365,35.478,172881,0
1998-08-11,35.243,35.243,34.511,34.655,258695,0
1998-08-12,34.875,35.346,34.559,34.596,195430,0
1998-08-13,34.674,34.674,33.814,33.814,191987,0
1998-08-14,33.89,33.996,33.563,33.976,210778,0
1998-08-17,33.976,34.255,33.976,34.149,328853,0
1998-08-18,34.294,34.294,34.071,34.071,344515,0
1998-08-19,34.149,34.255,33.976,34.013,237400,0
1998-08-20,34.013,34.013,33.746,33.766,221740,0
1998-08-21,33.689,33.689,32.682,33.248,197627,0
1998-08-24,33.248,34.178,33.229,33.89,134675,0
1998-08-25,34.188,35.185,34.081,34.848,260888,0
1998-08-26,34.483,34.588,34.264,34.406,157223,0
1998-08-27,34.426,34.426,33.383,33.468,143128,0
1998-08-28,33.468,33.785,33.036,33.122,225501,0
1998-08-31,33.045,33.581,32.721,32.721,241782,0
1998-09-01,32.865,33.017,32.626,32.942,219233,0
1998-09-02,33.017,33.2,32.904,33,121832,0
1998-09-03,32.962,32.962,32.203,32.261,205454,0
1998-09-04,32.261,32.424,31.802,32.098,133103,0
1998-09-08,32.577,32.577,32.163,32.503,200444,0
1998-09-09,32.577,32.577,32.043,32.134,142190,0
1998-09-10,31.956,31.956,29.933,30.137,504865,0
1998-09-11,30.137,30.919,30.078,30.662,516143,0
1998-09-14,30.757,31.094,30.738,30.815,196687,0
1998-09-15,30.815,30.881,30.777,30.881,259949,0
1998-09-16,30.881,31.523,30.881,31.458,171316,0
1998-09-17,31.458,31.458,30.518,30.777,102415,0
1998-09-18,30.701,30.815,30.393,30.595,107427,0
1998-09-21,30.451,30.451,29.598,30.194,153466,0
1998-09-22,30.155,30.259,29.893,30.175,125276,0
1998-09-23,30.336,30.777,30.259,30.719,67963,0
1998-09-24,30.336,30.595,30.336,30.412,110241,0
1998-09-25,30.231,30.653,30.155,30.518,150018,0
1998-09-28,30.518,30.595,30.212,30.556,176016,0
1998-09-29,30.48,30.556,29.951,29.971,250553,0
1998-09-30,29.893,29.971,29.637,29.695,313506,0
1998-10-01,29.378,29.493,28.334,28.851,400572,0
1998-10-02,28.851,28.994,28.334,28.505,326345,0
1998-10-05,28.573,28.573,27.586,28.392,434394,0
1998-10-06,28.467,28.65,28.01,28.297,166617,0
1998-10-07,28.372,29.196,28.372,29.052,202948,0
1998-10-08,28.889,28.889,28.353,28.611,196059,0
1998-10-09,28.534,28.947,28.467,28.467,90512,0
1998-10-12,28.63,29.111,28.534,28.756,142502,0
1998-10-13,28.756,28.756,27.99,27.99,182904,0
1998-10-14,28.287,29.273,27.952,28.832,286884,0
1998-10-15,28.832,29.618,28.775,29.618,231137,0
1998-10-16,29.789,30.556,29.715,30.556,87696,0
1998-10-19,30.451,32.818,30.279,32.063,440660,0
1998-10-20,32.645,35.068,32.596,34.54,475742,0
1998-10-21,34.465,34.465,33.468,33.601,241782,0
1998-10-22,33.601,33.62,32.865,33.141,177578,0
1998-10-23,33.064,33.363,33,33.248,120893,0
1998-10-26,33.306,33.928,33.122,33.306,158475,0
1998-10-27,33.383,33.727,33.383,33.439,123086,0
1998-10-28,33.363,33.689,33.268,33.659,47918,0
1998-10-29,33.581,34.606,33.581,34.52,81117,0
1998-10-30,34.52,35.507,34.52,34.809,121519,0
1998-11-02,34.885,35.41,34.848,34.924,181338,0
1998-11-03,34.626,35.43,34.549,35.234,147201,0
1998-11-04,35.309,36.131,35.309,36.131,170690,0
1998-11-05,36.131,36.685,36.075,36.533,317575,0
1998-11-06,36.533,36.571,36.258,36.571,74227,0
1998-11-09,36.495,37.197,36.495,37.109,152211,0
1998-11-10,36.811,36.973,36.467,36.953,131854,0
1998-11-11,36.914,37.31,36.571,36.571,131232,0
1998-11-12,36.647,36.887,36.352,36.467,111808,0
1998-11-13,36.533,36.61,35.652,36.006,94582,0
1998-11-16,36.006,36.85,35.584,36.714,116821,0
1998-11-17,36.685,36.973,36.476,36.666,74543,0
1998-11-18,36.714,37.548,36.714,37.395,95521,0
1998-11-19,37.395,38.056,37.395,38.018,123711,0
1998-11-20,38.095,38.134,37.855,37.855,84250,0
1998-11-23,37.473,37.691,37.369,37.424,144068,0
1998-11-24,37.349,37.691,37.215,37.511,111499,0
1998-11-25,37.588,37.709,37.53,37.691,51991,0
1998-11-27,38.008,38.008,37.931,37.988,37581,0
1998-11-30,38.152,38.23,36.944,36.944,119326,0
1998-12-01,37.012,38.047,36.752,37.845,135927,0
1998-12-02,37.645,37.807,37.454,37.807,68276,0
1998-12-03,37.729,38.152,37.473,37.53,70781,0
1998-12-04,37.454,38.432,37.454,38.413,82997,0
1998-12-07,38.448,38.87,38.346,38.87,108365,0
1998-12-08,38.87,39.483,38.804,38.947,80178,0
1998-12-09,38.947,38.947,38.413,38.583,78612,0
1998-12-10,38.689,38.947,38.564,38.564,121519,0
1998-12-11,38.525,38.525,37.807,37.863,43846,0
1998-12-14,37.272,37.645,37.167,37.329,83624,0
1998-12-15,37.386,37.568,37.369,37.386,95835,0
1998-12-16,37.386,37.386,36.485,36.485,121206,0
1998-12-17,36.485,36.61,35.834,35.872,369879,0
1998-12-18,35.137,36.409,35.137,36.248,379591,0
1998-12-21,36.389,37.53,36.389,37.511,145321,0
1998-12-22,37.434,37.645,37.128,37.128,202007,0
1998-12-23,37.167,37.215,36.85,37.109,36644,0
1998-12-24,37.128,37.197,36.992,37.071,6265,0
1998-12-28,36.992,36.992,36.714,36.811,61385,0
1998-12-29,36.85,36.953,36.685,36.944,67650,0
1998-12-30,36.944,37.012,36.714,36.924,113690,0
1998-12-31,36.924,38.785,36.83,38.765,234583,0
1999-01-04,38.765,39.885,38.19,39.386,340751,0
1999-01-05,39.386,39.386,38.19,38.525,232387,0
1999-01-06,38.823,38.823,38.124,38.308,116509,0
1999-01-07,38.308,38.346,37.807,37.807,105230,0
1999-01-08,37.882,38.171,37.606,38.143,135927,0
1999-01-11,38.143,38.288,38.008,38.288,428135,0
1999-01-12,38.288,38.432,37.405,38.19,754793,0
1999-01-13,38.008,38.413,38.008,38.327,173197,0
1999-01-14,38.346,38.889,38.23,38.785,215790,0
1999-01-15,38.861,38.927,38.432,38.689,80491,0
1999-01-19,38.927,39.982,38.65,39.043,177893,0
1999-01-20,39.226,39.348,38.785,39.348,181338,0
1999-01-21,39.148,39.226,38.746,39.226,137804,0
1999-01-22,38.927,38.986,38.785,38.889,163174,0
1999-01-25,38.966,39.187,38.889,39.187,77987,0
1999-01-26,39.406,40.002,39.321,39.81,171003,0
1999-01-27,39.885,40.183,39.726,39.801,217980,0
1999-01-28,39.866,40.125,39.706,40.02,114314,0
1999-01-29,40.402,40.664,40.222,40.527,122457,0
1999-02-01,40.605,41.141,40.497,40.977,74227,0
1999-02-02,40.96,40.96,40.222,40.703,155345,0
1999-02-03,40.768,40.94,40.585,40.605,28814,0
1999-02-04,40.605,41.024,40.222,40.845,38523,0
1999-02-05,40.741,41.063,40.259,40.758,68590,0
1999-02-08,40.758,40.788,40.546,40.605,54496,0
1999-02-09,40.664,40.94,39.686,39.782,163174,0
1999-02-10,39.745,39.763,38.861,39.745,148141,0
1999-02-11,39.782,40.222,39.628,39.866,78301,0
1999-02-12,39.866,40.566,39.024,40.183,229258,0
1999-02-16,40.517,40.517,40.106,40.259,153151,0
1999-02-17,40.183,40.365,39.81,39.81,92394,0
1999-02-18,39.828,39.828,39.56,39.56,151586,0
1999-02-19,39.56,39.56,38.966,39.263,139684,0
1999-02-22,39.263,39.81,39.255,39.696,196687,0
1999-02-23,39.876,39.953,39.696,39.696,116509,0
1999-02-24,39.772,39.914,39.638,39.657,166929,0
1999-02-25,39.657,40.287,39.598,40.173,72975,0
1999-02-26,40.212,40.212,39.512,39.876,155345,0
1999-03-01,39.953,40.135,39.657,39.914,158475,0
1999-03-02,40.096,41.323,40.096,40.712,490774,0
1999-03-03,40.788,40.968,40.546,40.731,235208,0
1999-03-04,40.874,40.874,40.654,40.826,119013,0
1999-03-05,40.912,41.879,40.912,41.582,209212,0
1999-03-08,41.582,42.731,41.582,42.156,286884,0
1999-03-09,42.3,42.395,41.525,41.706,157223,0
1999-03-10,41.658,42.213,41.141,41.207,144693,0
1999-03-11,41.226,41.725,39.953,40.731,186559,0
1999-03-12,40.731,40.892,40.232,40.845,115569,0
1999-03-15,40.615,41.122,40.232,40.507,223723,0
1999-03-16,40.393,40.731,39.838,40.287,145741,0
1999-03-17,40.507,40.615,39.838,40.346,121519,0
1999-03-18,40.346,40.393,39.341,39.512,107633,0
1999-03-19,38.842,39.454,38.621,38.898,222365,0
1999-03-22,39.063,39.177,38.346,38.505,102415,0
1999-03-23,38.181,38.458,37.349,37.454,119532,0
1999-03-24,37.674,39.063,37.674,39.063,103041,0
1999-03-25,38.621,38.621,37.729,37.901,174239,0
1999-03-26,37.674,37.674,36.619,36.953,282812,0
1999-03-29,37.071,37.729,37.012,37.729,237298,0
1999-03-30,37.568,37.729,36.571,36.571,103664,0
1999-03-31,36.343,38.288,36.179,36.676,234060,0
1999-04-01,37.128,37.788,37.012,37.234,138952,0
1999-04-05,37.454,37.788,35.517,35.517,217355,0
1999-04-06,35.565,36.953,35.565,36.896,210257,0
1999-04-07,36.896,36.896,35.346,35.401,110241,0
1999-04-08,35.185,36.515,35.185,35.843,242100,0
1999-04-09,35.843,36.399,35.738,35.901,148976,0
1999-04-12,35.681,37.012,35.681,36.896,204201,0
1999-04-13,36.676,37.674,36.399,36.399,177578,0
1999-04-14,36.619,38.736,36.399,37.395,195014,0
1999-04-15,37.395,38.956,37.29,38.564,216938,0
1999-04-16,38.564,40.615,38.505,40.615,183424,0
1999-04-19,40.615,42.779,40.615,41.063,355996,0
1999-04-20,41.284,42.501,40.731,40.95,406106,0
1999-04-21,40.788,41.284,40.232,40.845,365285,0
1999-04-22,40.845,41.447,40.788,41.122,219759,0
1999-04-23,40.95,41.505,40.95,41.399,98760,0
1999-04-26,41.399,43.287,41.399,42.453,256609,0
1999-04-27,42.453,42.453,40.615,40.892,166723,0
1999-04-28,40.845,43.393,40.615,42.338,242514,0
1999-04-29,41.505,42.395,40.615,41.869,555602,0
1999-04-30,42.616,43.008,42.338,42.395,162651,0
1999-05-03,42.501,42.616,41.945,42.395,83101,0
1999-05-04,42.501,42.616,41.621,42.175,453083,0
1999-05-05,42.223,42.951,41.945,42.951,77464,0
1999-05-06,42.731,43.228,42.501,42.616,145946,0
1999-05-07,42.837,45.058,42.837,44.837,198353,0
1999-05-10,44.837,44.941,43.946,44.169,91347,0
1999-05-11,44.169,44.341,43.334,43.669,70361,0
1999-05-12,43.555,43.784,42.894,43.057,83414,0
1999-05-13,43.727,43.946,43.057,43.449,228945,0
1999-05-14,43.287,43.287,42.175,42.175,98133,0
1999-05-17,41.945,42.282,41.897,41.945,157850,0
1999-05-18,42.061,42.061,40.615,40.845,91559,0
1999-05-19,41.063,41.284,40.845,41.284,224141,0
1999-05-20,41.399,41.945,41.399,41.725,161189,0
1999-05-21,41.621,41.783,41.621,41.621,55435,0
1999-05-24,41.505,41.725,41.284,41.621,110977,0
1999-05-25,41.342,41.399,40.683,40.902,115986,0
1999-05-26,41.122,41.342,40.232,41.294,139684,0
1999-05-27,41.677,41.677,40.788,41.399,134985,0
1999-05-28,41.005,41.063,40.287,40.287,82472,0
1999-06-01,40.507,41.122,39.953,40.393,84250,0
1999-06-02,40.45,41.457,39.341,40.683,143023,0
1999-06-03,40.683,41.399,40.624,40.96,108157,0
1999-06-04,40.845,40.845,40.346,40.788,22344,0
1999-06-07,41.005,41.235,40.232,40.683,59821,0
1999-06-08,41.005,42.127,41.005,41.235,117134,0
1999-06-09,41.178,41.457,40.566,40.624,98448,0
1999-06-10,40.731,40.788,40.45,40.624,68068,0
1999-06-11,40.507,40.566,39.396,40.067,119222,0
1999-06-14,40.173,40.346,39.454,39.735,57421,0
1999-06-15,39.735,40.067,38.337,38.669,98552,0
1999-06-16,38.669,39.677,38.554,39.677,105546,0
1999-06-17,39.782,39.782,38.889,39.226,72452,0
1999-06-18,38.337,40.067,38.337,39.735,302231,0
1999-06-21,39.503,39.677,38.23,38.337,117345,0
1999-06-22,38.337,38.889,37.891,38.056,130706,0
1999-06-23,41.677,41.905,40.902,41.85,660104,0
1999-06-24,40.96,41.905,40.393,41.85,424687,0
1999-06-25,41.677,41.734,41.122,41.515,260473,0
1999-06-28,42.127,42.127,41.122,42.013,429906,0
1999-06-29,42.071,42.96,42.013,42.798,722013,0
1999-06-30,42.903,43.354,42.348,43.017,5360811,0
1999-07-01,42.798,44.244,42.567,44.244,824738,0
1999-07-02,44.072,45.689,43.632,44.961,395978,0
1999-07-06,44.8,44.8,43.017,43.017,376558,0
1999-07-07,43.017,43.517,42.798,43.075,252224,0
1999-07-08,43.075,43.354,42.626,43.017,152316,0
1999-07-09,42.903,43.017,41.515,42.798,485031,0
1999-07-12,42.798,42.798,41.235,41.457,322902,0
1999-07-13,41.905,42.798,41.342,42.462,625551,0
1999-07-14,42.462,43.075,41.905,41.954,448597,0
1999-07-15,42.185,42.626,41.235,42.127,330834,0
1999-07-16,42.127,42.127,41.005,41.457,226127,0
1999-07-19,41.457,41.457,40.731,41.005,230095,0
1999-07-20,40.232,41.235,39.782,40.902,274252,0
1999-07-21,40.902,41.235,40.566,41.122,210257,0
1999-07-22,41.235,41.235,40.566,41.005,150647,0
1999-07-23,41.005,41.005,40.566,40.731,270912,0
1999-07-26,40.683,40.683,39.56,40.346,179146,0
1999-07-27,40.115,40.232,39.341,39.735,297009,0
1999-07-28,39.503,39.618,38.861,39.454,204515,0
1999-07-29,39.005,39.396,38.785,39.226,240950,0
1999-07-30,39.454,39.454,38.785,39.226,138847,0
1999-08-02,39.454,39.454,38.554,38.889,136135,0
1999-08-03,39.119,39.341,38.23,38.394,160563,0
1999-08-04,38.613,38.669,38.23,38.505,163487,0
1999-08-05,38.505,38.726,38.23,38.394,311628,0
1999-08-06,38.23,38.448,37.891,38.056,70781,0
1999-08-09,37.95,38.448,37.778,38.337,132998,0
1999-08-10,38.114,38.171,37.339,37.558,193654,0
1999-08-11,37.665,37.778,37.224,37.616,119222,0
1999-08-12,37.616,38.23,37.616,37.837,137493,0
1999-08-13,37.891,38.505,37.778,38.505,294819,0
1999-08-16,38.394,38.889,38.114,38.889,133941,0
1999-08-17,38.785,39.063,38.448,39.005,218192,0
1999-08-18,39.005,39.341,38.726,39.063,211191,0
1999-08-19,38.889,38.889,38.23,38.726,186247,0
1999-08-20,39.005,40.346,38.726,40.346,205141,0
1999-08-23,40.232,40.45,40.01,40.393,286047,0
1999-08-24,40.287,40.507,39.396,39.735,154716,0
1999-08-25,39.686,39.963,38.785,39.236,248254,0
1999-08-26,39.005,39.005,37.891,38.613,184260,0
1999-08-27,38.613,39.005,38.505,38.505,200651,0
1999-08-30,38.394,38.785,38.114,38.278,206292,0
1999-08-31,38.056,38.394,38.056,38.171,173300,0
1999-09-01,38.114,38.171,37.386,37.548,267676,0
1999-09-02,37.386,37.548,36.771,37.215,219656,0
1999-09-03,37.109,38.056,37.109,37.444,155345,0
1999-09-07,37.606,37.606,37.109,37.109,146050,0
1999-09-08,37.109,37.386,36.209,37.386,274983,0
1999-09-09,37.215,37.215,36.267,36.543,191675,0
1999-09-10,36.601,36.714,36.209,36.267,171003,0
1999-09-13,36.046,36.151,35.709,36.046,191570,0
1999-09-14,36.046,36.38,35.147,35.372,105337,0
1999-09-15,35.766,35.929,34.809,34.809,231244,0
1999-09-16,34.809,34.809,33.248,34.023,624508,0
1999-09-17,34.023,34.867,33.918,34.703,250033,0
1999-09-20,34.703,35.147,33.746,35.088,217876,0
1999-09-21,35.088,35.088,33.863,34.081,569383,0
1999-09-22,34.139,34.255,33.468,33.689,230198,0
1999-09-23,33.63,34.023,33.132,33.132,310687,0
1999-09-24,32.799,32.856,31.342,31.504,292001,0
1999-09-27,31.792,32.799,31.734,32.522,202635,0
1999-09-28,32.522,32.522,30.728,31.227,298893,0
1999-09-29,31.342,32.232,31.122,32.183,230510,0
1999-09-30,32.232,32.962,31.618,32.799,140415,0
1999-10-01,32.347,32.522,31.169,31.399,126738,0
1999-10-04,31.562,32.405,31.562,32.232,219024,0
1999-10-05,32.289,32.682,31.618,32.124,246689,0
1999-10-06,32.232,34.313,32.124,33.468,572620,0
1999-10-07,33.355,34.198,33.355,33.976,262978,0
1999-10-08,33.863,34.313,33.805,34.198,189272,0
1999-10-11,34.313,34.645,33.863,34.313,97408,0
1999-10-12,34.198,34.198,33.074,33.19,309332,0
1999-10-13,33.017,33.296,32.124,32.232,177684,0
1999-10-14,32.232,32.741,32.124,32.405,168290,0
1999-10-15,32.567,32.567,31.677,31.956,196168,0
1999-10-18,31.851,33.63,31.851,32.183,457159,0
1999-10-19,32.347,33.132,32.347,32.914,542343,0
1999-10-20,32.914,33.017,32.522,33.017,325408,0
1999-10-21,32.914,32.962,32.464,32.682,242930,0
1999-10-22,32.741,34.023,32.741,33.918,389089,0
1999-10-25,34.023,34.36,33.19,34.313,255567,0
1999-10-26,34.139,34.924,33.746,33.863,407775,0
1999-10-27,33.976,35.929,33.918,35.652,327176,0
1999-10-28,35.814,37.109,35.814,36.83,324156,0
1999-10-29,36.83,37.167,36.543,36.992,271955,0
1999-11-01,36.83,37.272,36.771,37.215,293461,0
1999-11-02,37.215,37.444,37.051,37.167,316221,0
1999-11-03,37.215,37.386,36.601,37.215,224979,0
1999-11-04,37.548,37.891,37.167,37.665,211090,0
1999-11-05,38.056,38.278,37.548,37.606,149080,0
1999-11-08,37.606,37.998,37.167,37.778,110871,0
1999-11-09,37.719,37.94,37.051,37.329,74019,0
1999-11-10,37.109,37.386,36.151,36.934,177371,0
1999-11-11,36.934,36.934,36.485,36.657,93857,0
1999-11-12,36.771,37.109,36.325,37.109,146158,0
1999-11-15,36.878,37.548,36.83,37.444,163487,0
1999-11-17,38.394,38.448,37.94,37.998,86964,0
1999-11-18,37.998,39.512,37.891,39.063,215581,0
1999-11-19,39.063,39.236,38.785,38.785,169855,0
1999-11-22,38.956,38.956,37.837,38.114,117239,0
1999-11-23,38.171,38.171,36.371,36.543,188645,0
1999-11-24,36.093,36.209,35.253,35.527,371134,0
1999-11-26,35.642,35.642,35.309,35.642,122352,0
1999-11-29,35.42,35.584,34.914,35.468,162754,0
1999-11-30,35.468,36.714,35.468,36.209,153671,0
1999-12-01,35.977,36.371,35.194,35.365,267154,0
1999-12-02,35.527,36.371,35.468,35.977,150121,0
1999-12-03,36.209,36.82,36.209,36.657,119743,0
1999-12-06,36.878,36.878,35.756,35.921,124336,0
1999-12-07,35.194,35.921,35.166,35.253,99282,0
1999-12-08,35.468,35.468,34.742,34.914,89780,0
1999-12-09,34.683,34.8,34.013,34.683,138119,0
1999-12-10,34.914,34.914,34.013,34.52,96359,0
1999-12-13,34.579,34.857,34.071,34.178,179879,0
1999-12-14,34.406,35.468,34.294,35.365,142712,0
1999-12-15,35.137,35.137,34.683,34.683,158372,0
1999-12-16,34.683,34.914,33.957,34.178,227272,0
1999-12-17,34.178,34.178,33.448,33.679,455172,0
1999-12-20,33.448,33.785,33.112,33.335,182173,0
1999-12-21,33.112,33.9,33.055,33.62,253684,0
1999-12-22,33.62,33.785,33.506,33.506,407881,0
1999-12-23,33.506,34.626,33.335,34.294,269136,0
1999-12-27,34.35,34.857,34.178,34.178,284902,0
1999-12-28,34.071,35.468,34.071,35.468,228211,0
1999-12-29,35.365,35.468,35.02,35.253,66189,0
1999-12-30,35.584,35.7,35.078,35.527,79028,0
1999-12-31,35.365,35.977,35.309,35.921,37376,0
2000-01-03,35.468,35.872,35.365,35.42,258592,0
2000-01-04,35.194,35.642,35.078,35.309,263601,0
2000-01-05,35.309,38.679,35.137,37.665,411325,0
2000-01-06,37.444,37.778,36.82,37.719,334489,0
2000-01-07,37.891,38.114,37.558,37.837,186141,0
2000-01-10,38.056,39.754,38.056,39.348,325408,0
2000-01-11,39.187,39.187,38.23,38.505,318101,0
2000-01-12,38.679,38.956,37.606,37.95,222573,0
2000-01-13,38.171,38.851,37.778,38.564,286884,0
2000-01-14,38.621,38.736,38.008,38.679,233851,0
2000-01-18,38.679,39.973,37.837,39.754,234166,0
2000-01-19,38.458,40.086,38.458,39.696,260576,0
2000-01-20,39.696,39.914,38.898,39.187,251597,0
2000-01-21,39.58,39.58,38.288,38.458,243454,0
2000-01-24,38.679,38.898,37.778,37.95,178100,0
2000-01-25,39.696,42.951,37.665,37.837,806992,0
2000-01-26,37.891,38.564,37.778,38.564,504240,0
2000-01-27,38.346,39.245,38.346,38.736,291688,0
2000-01-28,38.679,38.679,37.444,37.719,224561,0
2000-01-31,37.606,38.564,37.606,38.056,190006,0
2000-02-01,37.891,38.114,37.719,38.056,161189,0
2000-02-02,37.95,38.458,37.837,38.008,90930,0
2000-02-03,38.346,38.679,37.329,38.564,148661,0
2000-02-04,38.346,39.129,38.114,38.288,145218,0
2000-02-07,38.23,38.458,37.778,37.837,120159,0
2000-02-08,37.837,38.056,37.778,37.891,204409,0
2000-02-09,37.837,38.008,37.665,37.665,242621,0
2000-02-10,37.778,38.458,37.719,37.837,128928,0
2000-02-11,37.837,38.008,36.82,36.992,325300,0
2000-02-14,36.992,37.215,36.428,37.109,186247,0
2000-02-15,37.167,38.114,37.109,37.837,190945,0
2000-02-16,37.95,38.008,37.778,37.837,167245,0
2000-02-17,37.778,38.679,37.778,38.171,146576,0
2000-02-18,37.95,38.171,37.558,37.778,333240,0
2000-02-22,37.778,38.458,37.665,38.008,133210,0
2000-02-23,37.606,37.606,36.315,36.543,202325,0
2000-02-24,36.543,36.601,35.309,35.365,278219,0
2000-02-25,35.468,36.315,35.42,36.093,281562,0
2000-02-28,36.093,36.371,35.309,35.977,219233,0
2000-02-29,35.977,36.093,35.309,35.977,183006,0
2000-03-02,35.977,36.093,35.078,35.309,177060,0
2000-03-03,35.42,36.657,35.194,36.428,182696,0
2000-03-06,36.315,36.371,35.309,35.42,148765,0
2000-03-07,35.42,35.42,34.294,34.35,255567,0
2000-03-08,34.178,34.857,33.9,34.579,144068,0
2000-03-09,35.078,35.078,34.683,34.971,115464,0
2000-03-10,34.857,35.42,34.683,34.8,118910,0
2000-03-13,34.626,35.814,34.178,35.468,209525,0
2000-03-14,35.137,35.921,35.078,35.42,161709,0
2000-03-15,35.194,37.051,35.194,36.601,205663,0
2000-03-16,36.762,39.801,36.543,39.754,283023,0
2000-03-17,39.58,39.696,38.23,39.348,308182,0
2000-03-20,39.463,39.973,38.505,38.621,154821,0
2000-03-21,38.564,39.754,38.458,39.522,170377,0
2000-03-22,39.522,40.086,37.95,38.621,274672,0
2000-03-23,38.736,40.703,38.679,40.595,289180,0
2000-03-24,40.479,40.93,39.58,39.914,276237,0
2000-03-27,39.696,40.479,39.073,39.801,193136,0
2000-03-28,39.58,40.816,39.463,39.801,176329,0
2000-03-29,39.914,40.421,39.914,40.307,92705,0
2000-03-30,40.421,41.602,40.307,40.93,312252,0
2000-03-31,40.986,41.323,40.644,41.207,182173,0
2000-04-03,41.207,42.328,41.15,42.165,323530,0
2000-04-04,42.223,42.328,40.758,41.544,386063,0
2000-04-05,41.544,42.501,41.437,42.052,150647,0
2000-04-06,42.223,42.223,41.381,41.602,105962,0
2000-04-07,41.485,41.889,40.536,40.816,138326,0
2000-04-10,40.816,41.381,40.595,40.703,188019,0
2000-04-11,40.816,41.437,40.758,41.044,246172,0
2000-04-12,40.986,42.951,40.986,42.052,302855,0
2000-04-13,42.616,42.616,42.052,42.223,205767,0
2000-04-14,41.831,42.386,40.536,41.381,278640,0
2000-04-17,41.264,41.935,40.986,41.602,294296,0
2000-04-18,39.801,40.145,37.891,38.956,666474,0
2000-04-19,38.956,39.696,37.837,38.114,546417,0
2000-04-20,38.008,38.794,37.778,38.679,231244,0
2000-04-24,38.851,39.857,38.794,39.406,194701,0
2000-04-25,39.302,40.028,39.158,39.914,127992,0
2000-04-26,40.703,40.986,39.129,39.187,177267,0
2000-04-27,39.073,39.638,38.736,39.014,144589,0
2000-04-28,38.851,40.421,38.851,39.406,302751,0
2000-05-01,39.302,39.857,38.736,39.696,284168,0
2000-05-02,40.028,40.816,39.302,39.522,210885,0
2000-05-03,39.58,39.638,39.129,39.302,161295,0
2000-05-04,39.245,40.086,38.458,39.638,166306,0
2000-05-05,39.245,39.522,38.898,39.406,90095,0
2000-05-08,39.348,39.522,38.794,39.406,112957,0
2000-05-09,39.58,40.421,39.463,40.193,257233,0
2000-05-10,40.307,40.93,40.307,40.479,326555,0
2000-05-11,40.479,42.165,40.479,41.993,331356,0
2000-05-12,41.993,42.443,41.602,41.889,273207,0
2000-05-15,41.773,42.165,41.658,42.108,294086,0
2000-05-16,42.328,42.837,42.282,42.501,356832,0
2000-05-17,42.616,43.228,42.616,43.228,336056,0
2000-05-18,43.228,43.965,43.181,43.622,186769,0
2000-05-19,43.402,43.853,43.287,43.459,221321,0
2000-05-22,43.517,43.965,43.459,43.622,296070,0
2000-05-23,43.679,43.679,42.501,42.731,141041,0
2000-05-24,42.913,43.144,42.405,42.577,268092,0
2000-05-25,42.693,43.535,42.185,43.535,336785,0
2000-05-26,43.535,43.707,42.071,42.3,116821,0
2000-05-30,42.127,43.926,42.127,43.479,420931,0
2000-05-31,43.258,43.258,42.242,42.242,204304,0
2000-06-01,42.071,42.242,41.563,41.734,365285,0
2000-06-02,41.734,43.824,41.677,43.707,468535,0
2000-06-05,43.824,43.824,42.577,43.373,181546,0
2000-06-06,43.144,43.144,41.621,41.621,382724,0
2000-06-07,41.621,41.677,40.431,40.664,359753,0
2000-06-08,40.489,40.664,40.431,40.431,274983,0
2000-06-09,40.489,40.94,40.317,40.826,312568,0
2000-06-12,40.768,41.112,40.546,40.664,224141,0
2000-06-13,40.489,40.664,39.59,39.754,287405,0
2000-06-14,39.866,41.39,39.866,41.226,289078,0
2000-06-15,41.447,41.563,40.259,40.605,177267,0
2000-06-16,40.768,40.94,40.096,40.232,277590,0
2000-06-19,39.302,40.259,38.621,39.416,499647,0
2000-06-20,39.302,39.302,37.95,38.458,391909,0
2000-06-21,38.458,38.851,38.404,38.564,227795,0
2000-06-22,38.564,38.794,38.346,38.458,146367,0
2000-06-23,38.458,38.515,37.548,37.778,341590,0
2000-06-26,37.778,37.891,37.444,37.891,263813,0
2000-06-27,37.95,37.95,37.444,37.548,515722,0
2000-06-28,37.548,38.171,37.272,37.863,203576,0
2000-06-29,37.891,39.187,37.606,38.736,245648,0
2000-06-30,38.515,38.851,38.404,38.564,239489,0
2000-07-03,38.564,39.302,38.564,39.302,103249,0
2000-07-05,39.696,41.677,39.696,40.605,396710,0
2000-07-06,40.375,40.431,38.908,39.245,207543,0
2000-07-07,39.302,39.59,38.966,39.024,164530,0
2000-07-10,38.966,39.866,38.908,38.908,140625,0
2000-07-11,39.024,39.982,38.851,39.754,126116,0
2000-07-12,39.754,39.754,38.736,38.908,293982,0
2000-07-13,38.908,40.202,38.908,39.754,171944,0
2000-07-14,39.638,39.924,39.358,39.532,111604,0
2000-07-17,39.302,39.532,39.245,39.416,183740,0
2000-07-18,39.302,39.358,38.794,38.966,128408,0
2000-07-19,38.966,39.302,38.851,38.908,53139,0
2000-07-20,39.024,39.416,38.908,38.966,36330,0
2000-07-21,38.966,39.444,38.851,38.908,98864,0
2000-07-24,38.908,39.754,38.908,39.358,79548,0
2000-07-25,39.59,40.375,39.073,39.187,107633,0
2000-07-26,39.073,39.416,38.114,38.736,202221,0
2000-07-27,38.966,39.358,38.346,38.515,150437,0
2000-07-28,38.515,38.621,38.346,38.515,152524,0
2000-07-31,38.679,39.924,38.564,38.679,148976,0
2000-08-01,38.794,39.866,38.679,39.638,85502,0
2000-08-02,39.638,39.924,39.187,39.532,122982,0
2000-08-03,39.696,40.317,39.532,39.754,148661,0
2000-08-04,39.982,40.317,39.754,40.038,71406,0
2000-08-07,40.038,41.168,40.038,40.664,123086,0
2000-08-08,40.712,41.332,40.664,41.226,131646,0
2000-08-09,40.996,41.274,40.605,40.664,79758,0
2000-08-10,40.664,40.996,40.096,40.317,114628,0
2000-08-11,40.096,42.071,40.096,41.783,242826,0
2000-08-14,41.783,41.897,41.274,41.783,97612,0
2000-08-15,41.783,42.405,41.419,41.954,99906,0
2000-08-16,42.127,42.462,41.954,42.185,77464,0
2000-08-17,41.954,42.462,41.954,42.071,100116,0
2000-08-18,42.127,42.3,41.168,41.897,118701,0
2000-08-21,41.754,42.146,41.64,42.032,44265,0
2000-08-22,41.915,42.146,41.351,41.582,78612,0
2000-08-23,41.351,41.813,40.673,40.902,125696,0
2000-08-24,40.556,40.556,40.222,40.336,259741,0
2000-08-25,40.441,40.788,39.876,40.497,164009,0
2000-08-28,40.336,40.497,39.426,39.426,238026,0
2000-08-29,39.598,40.441,39.426,40.278,131232,0
2000-08-30,40.497,40.497,39.138,39.542,102310,0
2000-08-31,39.483,40.336,39.483,40.232,189583,0
2000-09-01,40.278,40.278,39.483,39.598,75270,0
2000-09-05,39.598,39.763,39.368,39.483,80699,0
2000-09-06,39.706,41.015,39.706,40.222,151482,0
2000-09-07,40.336,40.902,39.992,40.106,153778,0
2000-09-08,40.106,40.497,39.657,40.048,119013,0
2000-09-11,40.048,40.788,39.934,39.934,238341,0
2000-09-12,39.818,39.876,38.861,39.426,245545,0
2000-09-13,39.024,39.255,39.024,39.083,195223,0
2000-09-14,39.024,39.083,37.215,38.066,309332,0
2000-09-15,37.837,37.95,36.983,37.158,340751,0
2000-09-18,36.306,36.476,35.681,35.853,356729,0
2000-09-19,35.795,35.968,35.291,35.738,189377,0
2000-09-20,35.507,36.248,35.448,35.507,145946,0
2000-09-21,35.795,35.853,35,35.117,213701,0
2000-09-22,34.771,35.795,34.655,34.885,191675,0
2000-09-25,35.117,35.681,34.828,34.828,106069,0
2000-09-26,35.059,35.623,34.492,34.549,124233,0
2000-09-27,34.435,34.549,34.032,34.264,156909,0
2000-09-28,34.771,35.853,34.492,35.507,217460,0
2000-09-29,35.738,37.099,35.507,36.476,203368,0
2000-10-02,36.248,36.983,36.075,36.591,139576,0
2000-10-03,36.811,38.066,36.733,37.837,205348,0
2000-10-04,37.386,38.066,36.306,36.476,318204,0
2000-10-05,35.738,36.075,34.713,35.448,546834,0
2000-10-06,35.448,35.738,34.655,34.828,321855,0
2000-10-09,35,35.738,34.549,34.713,242930,0
2000-10-10,34.771,34.771,33.863,33.976,379482,0
2000-10-11,33.64,34.208,33.64,33.814,337202,0
2000-10-12,33.699,33.814,33.122,33.699,172152,0
2000-10-13,33.64,34.435,33.525,34.032,206500,0
2000-10-16,33.918,34.596,33.918,34.09,343779,0
2000-10-17,34.032,34.713,33.814,33.918,166201,0
2000-10-18,33.699,33.814,33.122,33.296,136972,0
2000-10-19,33.181,34.492,33.122,34.208,144172,0
2000-10-20,33.581,34.549,33.581,34.264,148765,0
2000-10-23,34.492,35.117,34.322,34.379,127886,0
2000-10-24,34.208,35.291,34.208,35.234,149080,0
2000-10-25,35.448,35.448,34.492,34.713,113378,0
2000-10-26,34.713,35.507,34.713,35.338,123815,0
2000-10-27,35.234,35.795,34.771,35.681,141775,0
2000-10-30,35.911,37.719,35.911,37.493,193550,0
2000-10-31,37.386,38.288,36.983,38.124,122982,0
2000-11-01,38.181,38.746,37.606,38.181,176329,0
2000-11-02,38.346,39.368,38.066,38.861,98654,0
2000-11-03,38.631,39.024,38.346,38.631,120682,0
2000-11-06,38.631,39.255,38.631,38.689,107531,0
2000-11-07,38.689,38.966,38.181,38.746,116403,0
2000-11-08,38.917,39.763,38.573,39.368,149080,0
2000-11-09,39.255,39.255,38.746,38.966,113481,0
2000-11-10,39.197,39.311,37.778,37.891,141563,0
2000-11-13,37.95,38.515,37.95,38.404,72245,0
2000-11-14,38.288,39.138,38.124,38.917,116924,0
2000-11-15,38.689,38.746,38.288,38.346,257862,0
2000-11-16,38.458,38.746,37.719,38.515,103456,0
2000-11-17,38.458,39.311,38.181,38.23,179146,0
2000-11-20,38.317,38.375,38.085,38.143,86335,0
2000-11-21,37.97,38.317,37.97,38.085,147517,0
2000-11-22,38.085,38.085,37.511,37.855,69007,0
2000-11-24,37.97,38.085,37.683,38.027,42908,0
2000-11-27,38.027,38.708,37.683,38.259,306613,0
2000-11-28,38.422,38.708,37.855,38.593,155133,0
2000-11-29,38.534,39.053,38.2,38.593,116821,0
2000-11-30,38.422,39.454,38.056,39.11,314758,0
2000-12-01,39.283,39.791,39.053,39.677,181757,0
2000-12-04,39.618,41.332,39.618,41.16,305052,0
2000-12-05,41.217,41.954,41.044,41.905,213076,0
2000-12-06,41.954,41.954,40.816,40.986,110139,0
2000-12-07,40.758,41.447,40.758,41.39,162754,0
2000-12-08,41.274,42.013,41.274,41.734,122878,0
2000-12-11,41.563,41.677,41.16,41.505,93017,0
2000-12-12,41.332,41.677,41.332,41.447,103144,0
2000-12-13,41.734,41.905,41.16,41.217,122878,0
2000-12-14,41.044,41.677,40.536,40.93,102518,0
2000-12-15,40.712,41.044,40.076,40.193,288764,0
2000-12-18,40.421,41.274,40.421,41.16,153257,0
2000-12-19,41.274,41.85,41.274,41.734,142817,0
2000-12-20,40.479,41.217,40.135,41.217,341795,0
2000-12-21,41.217,41.734,40.758,41.734,188019,0
2000-12-22,41.905,42.242,41.563,42.242,210885,0
2000-12-26,42.242,42.875,42.013,42.875,153466,0
2000-12-27,43.095,43.324,42.645,43.267,181546,0
2000-12-28,43.383,43.498,42.645,43.441,179146,0
2000-12-29,43.555,44.188,43.211,43.669,154612,0
2001-01-02,43.498,43.898,41.954,42.127,214223,0
2001-01-03,42.529,43.095,41.621,42.875,201593,0
2001-01-04,42.818,43.956,42.703,43.612,207023,0
2001-01-05,43.784,43.784,41.734,42.127,137493,0
2001-01-08,42.071,42.358,40.135,41.677,218711,0
2001-01-09,41.447,41.621,40.536,40.654,135092,0
2001-01-10,40.595,41.102,39.618,41.044,169647,0
2001-01-11,40.595,41.332,40.595,41.044,190111,0
2001-01-12,41.044,41.102,40.536,41.044,147097,0
2001-01-16,41.044,42.414,40.816,42.242,157534,0
2001-01-17,42.703,42.703,41.505,41.734,157013,0
2001-01-18,41.505,41.621,40.93,41.16,186559,0
2001-01-19,40.816,40.816,39.454,40.02,156178,0
2001-01-22,40.02,40.02,38.765,38.996,253269,0
2001-01-23,37.626,40.479,37.626,40.076,308498,0
2001-01-24,39.847,39.847,39.226,39.791,106382,0
2001-01-25,39.341,40.479,39.341,40.135,204304,0
2001-01-26,40.135,40.307,39.454,40.135,173821,0
2001-01-29,40.595,40.778,40.327,40.624,125903,0
2001-01-30,40.536,40.816,39.857,40.712,145946,0
2001-01-31,40.806,41.554,40.778,41.485,139474,0
2001-02-01,41.505,41.935,41.495,41.725,106069,0
2001-02-02,41.773,41.915,41.409,41.63,82683,0
2001-02-05,41.773,41.822,41.044,41.313,126738,0
2001-02-06,41.677,42.414,41.342,41.525,119326,0
2001-02-07,41.954,41.954,41.141,41.505,102206,0
2001-02-08,41.734,41.734,40.977,41.093,98133,0
2001-02-09,41.093,41.141,40.778,40.883,66394,0
2001-02-12,40.883,40.883,39.982,40.327,196896,0
2001-02-13,40.411,40.96,40.268,40.595,208273,0
2001-02-14,40.595,40.595,39.598,40.115,178829,0
2001-02-15,40.317,40.806,40.259,40.365,247734,0
2001-02-16,40.497,40.497,39.454,39.706,216627,0
2001-02-20,39.726,40.038,39.435,39.522,185410,0
2001-02-21,39.754,39.885,39.148,39.207,245752,0
2001-02-22,39.207,39.321,37.988,38.432,271539,0
2001-02-23,38.375,38.375,37.369,37.748,261411,0
2001-02-26,37.979,39.11,37.979,38.65,219445,0
2001-02-27,38.65,38.65,38.288,38.477,107738,0
2001-02-28,38.505,39.09,38.422,38.814,185619,0
2001-03-01,39.341,40.067,39.197,39.953,310272,0
2001-03-02,39.953,41.168,39.818,40.664,309853,0
2001-03-05,40.892,42.272,40.892,42.013,232075,0
2001-03-06,42.731,42.731,41.264,41.993,228316,0
2001-03-07,42.042,42.616,42.042,42.509,247945,0
2001-03-08,42.655,43.095,42.175,43.095,202844,0
2001-03-09,43.095,43.228,42.96,43.085,220801,0
2001-03-12,43.047,43.277,42.635,42.635,196687,0
2001-03-13,42.683,42.731,41.582,42.703,239596,0
2001-03-14,42.587,42.587,41.399,41.582,152839,0
2001-03-15,41.715,41.945,41.582,41.945,153671,0
2001-03-16,40.806,41.611,40.806,41.323,368523,0
2001-03-19,41.495,42.587,41.235,42.079,163594,0
2001-03-20,41.993,43.228,41.447,42.175,153046,0
2001-03-21,41.63,41.813,41.217,41.217,171733,0
2001-03-22,41.217,41.303,39.197,40.067,176119,0
2001-03-23,39.838,40.826,39.57,40.644,170690,0
2001-03-26,40.874,41.993,40.644,41.905,98864,0
2001-03-27,42.137,42.865,41.447,42.789,198977,0
2001-03-28,42.635,42.683,41.925,42.481,111499,0
2001-03-29,42.405,42.529,41.993,42.213,160357,0
2001-03-30,42.203,42.97,42.089,42.941,185410,0
2001-04-02,42.713,43.277,41.841,42.529,228316,0
2001-04-03,42.547,42.998,42.042,42.348,210049,0
2001-04-04,42.042,43.191,41.993,42.998,216520,0
2001-04-05,42.998,43.784,42.818,43.632,233954,0
2001-04-06,43.632,43.697,42.443,42.626,236564,0
2001-04-09,42.626,44.004,42.626,43.297,243769,0
2001-04-10,42.731,42.741,42.175,42.577,356729,0
2001-04-11,42.453,42.453,40.968,41.132,231864,0
2001-04-12,41.132,41.342,40.431,41.073,155970,0
2001-04-16,40.854,41.495,40.086,41.015,153884,0
2001-04-17,41.122,41.141,40.346,41.093,111082,0
2001-04-18,40.96,42.3,40.576,42.089,151376,0
2001-04-19,41.993,42.146,41.437,41.734,105023,0
2001-04-20,41.715,41.715,40.986,41.122,127679,0
2001-04-23,40.986,40.986,40.212,40.489,207333,0
2001-04-24,40.356,40.693,39.982,40.654,199292,0
2001-04-25,40.712,40.731,40.193,40.634,177474,0
2001-04-26,40.576,41.122,40.183,40.892,1294006,0
2001-04-27,41.63,42.606,41.621,42.596,587757,0
2001-04-30,42.547,42.865,42.175,42.386,251597,0
2001-05-01,42.32,42.32,41.915,42.071,169542,0
2001-05-02,43.095,43.095,41.399,41.725,226856,0
2001-05-03,41.725,41.734,40.327,41.16,228842,0
2001-05-04,41.168,42.013,40.921,42.013,80802,0
2001-05-07,42.013,44.293,42.013,43.833,400156,0
2001-05-08,44.513,44.931,44.101,44.676,366119,0
2001-05-09,44.474,46.074,44.466,45.958,418739,0
2001-05-10,45.843,46.581,45.795,46.392,551117,0
2001-05-11,46.392,46.535,46.217,46.305,510713,0
2001-05-14,46.305,46.305,45.115,46.285,379171,0
2001-05-15,46.305,46.86,46.217,46.468,335532,0
2001-05-16,46.535,49.792,46.487,49.56,677644,0
2001-05-17,49.56,49.84,48.917,49.424,454649,0
2001-05-18,49.101,49.236,49.052,49.226,206603,0
2001-05-21,48.825,49.482,48.689,49.472,169958,0
2001-05-22,49.482,49.704,48.891,49.56,168916,0
2001-05-23,49.35,49.463,48.805,49.12,156909,0
2001-05-24,49.12,49.321,48.412,49.188,197522,0
2001-05-25,49.35,49.369,47.877,48.486,127363,0
2001-05-29,48.525,49.714,48.525,49.579,192402,0
2001-05-30,49.541,50.374,48.805,48.927,226856,0
2001-05-31,48.937,49.952,48.927,49.792,220489,0
2001-06-01,49.792,49.792,48.659,49.275,169020,0
2001-06-04,49.35,49.541,48.805,49.492,140730,0
2001-06-05,49.492,49.704,49.014,49.541,157746,0
2001-06-06,49.589,49.733,48.862,49.159,149601,0
2001-06-07,49.072,50.27,48.891,49.492,154299,0
2001-06-08,49.034,49.925,49.034,49.84,96465,0
2001-06-11,50.135,50.135,49.072,49.301,155241,0
2001-06-12,49.301,49.647,49.284,49.55,146888,0
2001-06-13,49.541,50.922,49.492,50.318,324367,0
2001-06-14,50.326,50.326,48.064,48.2,574813,0
2001-06-15,47.74,48.477,47.406,48.103,402558,0
2001-06-18,48.2,48.738,48.064,48.315,196270,0
2001-06-19,48.345,48.777,47.74,48.171,168601,0
2001-06-20,48.2,50.498,48.2,50.039,219759,0
2001-06-21,50.029,50.336,49.35,50,173614,0
2001-06-22,50.039,50.27,48.708,49.359,188956,0
2001-06-25,49.541,49.579,47.906,48.016,162651,0
2001-06-26,48.016,49.724,48.016,49.397,241365,0
2001-06-27,49.387,49.387,48.2,48.738,165679,0
2001-06-28,48.785,49.216,48.659,48.795,126738,0
2001-06-29,48.573,49.502,48.449,49.492,210153,0
2001-07-02,49.677,50.768,49.168,50.729,216416,0
2001-07-03,50.826,50.845,48.805,49.704,192506,0
2001-07-05,49.704,50.087,49.265,49.531,161919,0
2001-07-06,49.541,49.541,48.516,48.718,136240,0
2001-07-09,48.805,48.891,48.074,48.613,262560,0
2001-07-10,48.613,48.815,48.23,48.268,243454,0
2001-07-11,48.345,48.593,47.262,47.634,252953,0
2001-07-12,46.937,48.113,46.725,47.877,419783,0
2001-07-13,48.016,48.325,47.759,48.151,171003,0
2001-07-16,47.877,48.525,47.828,47.887,175076,0
2001-07-17,47.887,47.973,47.557,47.606,162967,0
2001-07-18,47.606,47.915,47.473,47.867,140415,0
2001-07-19,48.016,48.113,47.73,47.906,211191,0
2001-07-20,47.925,47.925,47.098,47.424,78196,0
2001-07-23,47.116,47.377,46.392,46.448,135403,0
2001-07-24,46.41,46.42,44.225,44.714,258800,0
2001-07-25,44.753,45.164,44.293,45.096,208171,0
2001-07-26,45.115,45.115,43.507,43.853,502781,0
2001-07-27,43.995,44.188,43.717,44.111,343049,0
2001-07-30,44.178,44.332,44.101,44.312,163383,0
2001-07-31,44.253,45.299,44.253,45.164,233538,0
2001-08-01,45.173,45.251,44.484,44.808,127157,0
2001-08-02,44.951,45.115,44.198,44.753,107112,0
2001-08-03,44.791,44.791,44.121,44.543,114940,0
2001-08-06,44.656,44.656,43.936,44.062,171211,0
2001-08-07,43.916,44.379,43.717,44.379,127157,0
2001-08-08,44.244,44.705,43.965,44.091,134881,0
2001-08-09,43.737,44.446,43.737,44.206,153257,0
2001-08-10,44.244,45.717,44.198,45.202,123815,0
2001-08-13,45.202,45.261,44.837,45,119532,0
2001-08-14,45.068,45.529,44.903,45,69842,0
2001-08-15,45.115,45.261,44.553,44.581,70676,0
2001-08-16,44.35,45.376,44.35,45.376,172569,0
2001-08-17,44.753,44.894,44.436,44.618,191152,0
2001-08-20,44.389,44.837,44.389,44.714,143128,0
2001-08-21,44.427,45.115,44.427,44.931,186141,0
2001-08-22,44.695,44.772,44.263,44.427,107633,0
2001-08-23,44.398,45.145,44.398,44.695,134149,0
2001-08-24,44.656,45.977,44.504,45.737,101058,0
2001-08-27,45.833,45.863,45.145,45.368,93540,0
2001-08-28,45.328,45.699,44.543,44.637,143754,0
2001-08-29,44.875,44.875,44.178,44.436,94377,0
2001-08-30,44.446,44.494,43.936,44.215,113164,0
2001-08-31,44.398,44.543,44.244,44.407,59714,0
2001-09-04,44.494,46.064,44.169,45.709,214955,0
2001-09-05,45.689,46.544,45.689,46.16,451519,0
2001-09-06,45.977,45.977,45.01,45.173,297844,0
2001-09-07,44.808,44.808,43.517,43.555,268825,0
2001-09-10,42.903,43.431,42.645,43.144,245961,0
2001-09-17,43.373,43.843,40.402,40.693,313821,0
2001-09-18,40.241,40.421,39.818,40.193,284587,0
2001-09-19,40.067,40.115,38.775,38.823,211407,0
2001-09-20,38.708,38.804,37.002,37.002,237712,0
2001-09-21,34.683,36.267,34.683,35.291,376142,0
2001-09-24,36.123,37.558,36.075,37.339,412369,0
2001-09-25,37.463,37.645,36.571,37.032,293774,0
2001-09-26,37.051,37.377,37.002,37.369,209422,0
2001-09-27,38.018,38.564,37.739,38.458,278008,0
2001-09-28,38.755,39.963,38.669,39.963,234477,0
2001-10-01,39.866,39.866,38.708,39.416,163072,0
2001-10-02,39.358,40.287,39.341,39.914,128722,0
2001-10-03,40.115,41.879,40.057,41.813,231657,0
2001-10-04,42.338,42.616,41.813,42.31,250973,0
2001-10-05,42.31,42.509,41.879,42.414,217460,0
2001-10-08,42.414,42.414,41.544,41.572,108260,0
2001-10-09,41.667,42.367,41.534,42.233,113164,0
2001-10-10,42.137,43.324,41.945,43.134,146050,0
2001-10-11,43.248,44.225,43.248,44.062,168812,0
2001-10-12,43.688,44.082,43.201,44.052,126635,0
2001-10-15,43.612,43.622,42.223,42.885,330314,0
2001-10-16,42.885,43.431,42.547,42.837,166306,0
2001-10-17,43.057,43.287,42.165,42.751,190734,0
2001-10-18,42.741,42.741,41.993,42.348,91661,0
2001-10-19,42.348,42.462,41.447,41.754,100325,0
2001-10-22,41.984,43.017,41.984,42.828,280933,0
2001-10-23,41.534,41.63,39.726,39.963,776925,0
2001-10-24,40.241,40.241,38.755,39.56,354845,0
2001-10-25,39.378,39.638,38.298,39.444,284168,0
2001-10-26,39.348,40.096,39.034,39.847,167452,0
2001-10-29,39.914,40.193,39.119,39.119,135299,0
2001-10-30,38.986,39.263,38.432,38.593,162967,0
2001-10-31,38.593,38.851,38.394,38.448,178727,0
2001-11-01,38.394,38.851,37.424,38.181,345139,0
2001-11-02,38.249,39.129,38.037,38.593,351608,0
2001-11-05,39.053,40.327,38.794,40.048,289287,0
2001-11-06,40.048,40.664,39.677,40.268,199923,0
2001-11-07,40.268,41.16,40.268,41.093,212239,0
2001-11-08,41.16,41.235,40.826,40.93,157850,0
2001-11-09,40.845,40.883,40.154,40.278,127472,0
2001-11-12,40.605,41.63,39.454,40.441,155447,0
2001-11-13,40.654,41.696,40.536,41.64,147517,0
2001-11-14,41.813,42.538,41.447,41.515,186663,0
2001-11-15,42.089,42.645,41.744,41.822,196896,0
2001-11-16,41.822,42.195,41.64,42.108,245858,0
2001-11-19,42.137,43.017,41.993,42.979,190945,0
2001-11-20,42.979,42.988,42.547,42.547,156388,0
2001-11-21,42.547,42.547,41.667,42.252,127157,0
2001-11-23,42.433,43.124,42.203,43.057,58879,0
2001-11-26,43.134,43.228,42.338,42.443,89158,0
2001-11-27,42.529,42.76,41.822,42.233,98238,0
2001-11-28,42.108,42.903,42.013,42.509,68800,0
2001-11-29,42.509,42.988,42.013,42.32,100640,0
2001-11-30,42.481,43.449,42.481,42.988,224873,0
2001-12-03,43.134,43.402,42.76,42.931,143963,0
2001-12-04,42.789,43.201,42.789,43.134,93749,0
2001-12-05,43.228,44.159,43.181,43.784,286884,0
2001-12-06,44.014,44.571,43.707,44.436,148558,0
2001-12-07,44.523,44.676,44.062,44.676,248781,0
2001-12-10,44.676,44.714,44.225,44.225,145007,0
2001-12-11,44.389,45.5,44.244,44.293,118282,0
2001-12-12,44.618,44.714,43.833,43.881,162967,0
2001-12-13,43.881,44.129,43.555,43.737,139055,0
2001-12-14,43.737,44.129,43.411,43.688,165052,0
2001-12-17,43.688,44.198,43.555,43.573,132792,0
2001-12-18,43.593,43.679,43.258,43.354,240115,0
2001-12-19,43.354,43.459,43.104,43.104,263395,0
2001-12-20,43.248,43.314,42.386,43.153,249614,0
2001-12-21,43.383,43.469,43.008,43.211,293356,0
2001-12-24,43.784,44.052,43.737,44.042,85085,0
2001-12-26,44.111,44.543,44.111,44.178,124961,0
2001-12-27,44.198,44.513,43.871,44.293,101580,0
2001-12-28,44.407,44.618,44.111,44.561,124961,0
2001-12-31,44.484,44.581,44.072,44.561,168499,0
