Date,Open,High,Low,Close,Volume,OpenInt
1995-01-03,4.9888,5.0107,4.9094,4.9888,931087,0
1995-01-04,5.0323,5.1336,5.0323,5.1118,1077143,0
1995-01-05,5.1118,5.2347,5.1118,5.184,1333150,0
1995-01-06,5.184,5.2056,5.0323,5.0611,798318,0
1995-01-09,5.0323,5.1118,5.0323,5.0323,1529412,0
1995-01-10,5.0323,5.083,4.9094,4.9094,1237306,0
1995-01-11,4.9384,5.0611,4.8371,4.9384,1456383,0
1995-01-12,4.9384,4.9601,4.8587,4.9384,2104500,0
1995-01-13,4.9888,5.0107,4.9384,4.9888,1272159,0
1995-01-16,4.9888,5.0611,4.9888,5.0323,2100348,0
1995-01-17,5.0107,5.0107,4.9094,4.9601,2191219,0
1995-01-18,5.0611,5.3285,5.0611,5.3285,3477480,0
1995-01-19,5.3072,5.3072,5.184,5.2562,2474195,0
1995-01-20,5.2347,5.3285,5.2347,5.3285,3523953,0
1995-01-23,5.2783,5.3576,5.2347,5.3285,2052216,0
1995-01-24,5.3576,5.4081,5.3576,5.3793,1658868,0
1995-01-25,5.3285,5.4081,5.2783,5.3793,1911973,0
1995-01-26,5.4302,5.4517,5.4081,5.4302,2495356,0
1995-01-27,5.4081,5.4517,5.4081,5.4302,518240,0
1995-01-30,5.4081,5.4302,5.3576,5.4081,726532,0
1995-01-31,5.3793,5.3793,5.3072,5.3285,2377104,0
1995-02-01,5.3576,5.3793,5.3285,5.3793,707030,0
1995-02-02,5.3285,5.4081,5.3285,5.3793,1127764,0
1995-02-03,5.4081,5.4803,5.4081,5.4517,2123167,0
1995-02-06,5.4517,5.5747,5.4517,5.5528,2445977,0
1995-02-07,5.5528,5.6252,5.5309,5.6252,2563823,0
1995-02-08,5.6252,5.8275,5.6252,5.777,3538890,0
1995-02-09,5.777,5.777,5.7047,5.7263,2319842,0
1995-02-10,5.7263,5.7263,5.6541,5.7263,2236442,0
1995-02-13,5.7263,5.7483,5.6756,5.6756,650187,0
1995-02-14,5.6756,5.7047,5.6252,5.6541,703710,0
1995-02-15,5.6756,5.7047,5.6541,5.6756,1349333,0
1995-02-16,5.6756,5.7483,5.6756,5.7483,1029841,0
1995-02-17,5.7483,5.8275,5.6756,5.6756,1027352,0
1995-02-21,5.6756,5.6756,5.5528,5.6035,1705340,0
1995-02-22,5.6252,5.7047,5.5747,5.6541,1178800,0
1995-02-23,5.6541,5.6756,5.6252,5.6541,751428,0
1995-02-24,5.6756,5.6756,5.6541,5.6541,752671,0
1995-02-27,5.6035,5.7555,5.6035,5.7335,943122,0
1995-02-28,5.7335,5.7335,5.7047,5.7335,1086686,0
1995-03-01,5.7047,5.8058,5.7047,5.777,1068431,0
1995-03-02,5.777,5.8565,5.777,5.8565,823626,0
1995-03-03,5.8058,5.9286,5.8058,5.8782,828189,0
1995-03-06,5.8782,5.9073,5.8058,5.9073,2175449,0
1995-03-07,5.8782,5.9073,5.8058,5.8782,2011969,0
1995-03-08,5.8782,5.9286,5.8275,5.9073,1219047,0
1995-03-09,5.8782,5.9577,5.8565,5.9286,1437297,0
1995-03-10,5.9577,6.1314,5.9073,6.0806,4007342,0
1995-03-13,6.0806,6.1314,6.0302,6.0519,2037278,0
1995-03-14,6.0519,6.0806,5.9794,5.9794,796240,0
1995-03-15,6.0519,6.0519,5.9794,6.0519,1084197,0
1995-03-16,6.0302,6.1023,6.0011,6.0806,897897,0
1995-03-17,6.1023,6.1529,6.0806,6.1529,2008231,0
1995-03-20,6.1529,6.1529,6.0519,6.0519,695414,0
1995-03-21,6.0519,6.1314,6.0302,6.0806,1050173,0
1995-03-22,6.1023,6.1023,5.9794,6.0011,1136062,0
1995-03-23,5.9794,6.0302,5.9577,5.9577,658903,0
1995-03-24,5.9794,6.0302,5.9794,6.0302,570524,0
1995-03-27,6.0302,6.0519,5.9577,5.9794,770512,0
1995-03-28,5.9794,6.0806,5.9794,6.0302,535252,0
1995-03-29,6.0519,6.1023,6.0011,6.0806,1156393,0
1995-03-30,6.1023,6.1314,6.1023,6.1314,1265937,0
1995-03-31,6.0806,6.1023,6.0302,6.1023,1075484,0
1995-04-03,6.1023,6.1529,6.0302,6.0302,722802,0
1995-04-04,6.0806,6.2542,6.0806,6.2542,1889567,0
1995-04-05,6.2542,6.2542,6.2034,6.2325,554340,0
1995-04-06,6.2542,6.2757,6.1819,6.2325,526953,0
1995-04-07,6.2325,6.2757,6.2034,6.2757,1370907,0
1995-04-10,6.2542,6.2757,6.1819,6.2034,1333984,0
1995-04-11,6.2325,6.3047,6.1819,6.3047,1096228,0
1995-04-12,6.3047,6.3265,6.2542,6.2757,777985,0
1995-04-13,6.2757,6.3265,6.2325,6.2757,882960,0
1995-04-17,6.3047,6.3047,6.0519,6.0806,1094572,0
1995-04-18,6.0806,6.1314,6.0302,6.1314,1059719,0
1995-04-19,6.1314,6.1819,6.1023,6.1314,714501,0
1995-04-20,6.1314,6.1819,6.0519,6.1529,1253074,0
1995-04-21,6.1819,6.3772,6.1314,6.3772,3136827,0
1995-04-24,6.3772,6.4784,6.3772,6.4058,1877946,0
1995-04-25,6.4565,6.6012,6.2757,6.4784,1569243,0
1995-04-26,6.4784,6.4784,6.2325,6.2542,1808657,0
1995-04-27,6.2542,6.2542,6.1529,6.2034,1873801,0
1995-04-28,6.2542,6.5508,6.2325,6.5508,2857584,0
1995-05-01,6.5289,6.6303,6.4277,6.4565,2336440,0
1995-05-02,6.4565,6.4565,6.3554,6.4565,1542690,0
1995-05-03,6.4565,6.5508,6.4277,6.5508,1412816,0
1995-05-04,6.5794,6.6808,6.5794,6.6519,1670070,0
1995-05-05,6.6303,6.6808,6.5794,6.6519,744789,0
1995-05-08,6.5794,6.6012,6.4999,6.5508,918226,0
1995-05-09,6.5508,6.6303,6.4999,6.6303,1928568,0
1995-05-10,6.6519,6.6808,6.6012,6.6519,1001631,0
1995-05-11,6.6808,6.7238,6.6519,6.6519,1012004,0
1995-05-12,6.6808,6.753,6.6519,6.7238,979639,0
1995-05-15,6.7238,6.7748,6.7026,6.7748,1230667,0
1995-05-16,6.7748,6.8036,6.7238,6.8036,1221540,0
1995-05-17,6.753,6.8541,6.7238,6.8036,1665507,0
1995-05-18,6.5794,6.6808,6.5794,6.6303,2060925,0
1995-05-19,6.6519,6.753,6.6303,6.753,1702019,0
1995-05-22,6.8036,6.8036,6.6519,6.7238,1494140,0
1995-05-23,6.7238,6.7238,6.6303,6.6519,1140630,0
1995-05-24,6.6808,6.6808,6.6012,6.6303,1166353,0
1995-05-25,6.6519,6.6808,6.5508,6.5794,1455140,0
1995-05-26,6.5794,6.6303,6.5579,6.6303,928184,0
1995-05-30,6.5794,6.6303,6.5794,6.6303,915737,0
1995-05-31,6.6303,6.8326,6.5794,6.8326,3372509,0
1995-06-01,6.7818,6.8326,6.7314,6.7314,1007436,0
1995-06-02,6.7314,6.7603,6.659,6.6808,622386,0
1995-06-05,6.7314,6.7818,6.7097,6.7603,743959,0
1995-06-06,6.6808,6.811,6.6808,6.7818,741885,0
1995-06-07,6.7603,6.7818,6.7314,6.7603,360989,0
1995-06-08,6.7314,6.7603,6.7097,6.7314,668855,0
1995-06-09,6.7314,6.7818,6.6808,6.7314,621141,0
1995-06-12,6.7314,6.7603,6.7097,6.7097,495003,0
1995-06-13,6.7097,6.7818,6.7097,6.7818,1018641,0
1995-06-14,6.7818,6.811,6.7603,6.7603,1005360,0
1995-06-15,6.811,6.8614,6.7314,6.7603,2253868,0
1995-06-16,6.7603,6.7818,6.7314,6.7818,2858419,0
1995-06-19,6.7603,6.8832,6.7603,6.8832,1112412,0
1995-06-20,6.9843,7.0349,6.9555,7.0062,1629826,0
1995-06-21,7.0062,7.0567,6.9555,7.0349,1849316,0
1995-06-22,7.0567,7.1073,7.0349,7.0857,1152243,0
1995-06-23,7.0567,7.0567,6.7818,6.9338,1287507,0
1995-06-26,6.8832,7.0349,6.8832,7.0062,867191,0
1995-06-27,6.9843,7.1579,6.9843,7.1073,1041460,0
1995-06-28,7.1362,7.1868,6.9555,7.0349,1536885,0
1995-06-29,7.0349,7.1362,7.0062,7.0349,1341036,0
1995-06-30,7.0349,7.0567,6.8614,7.0062,1582522,0
1995-07-03,7.0062,7.0567,6.9843,7.0349,248540,0
1995-07-05,7.0567,7.0567,6.9555,6.9555,541061,0
1995-07-06,6.9338,7.1579,6.9338,7.1579,724043,0
1995-07-07,7.1579,7.1868,7.1362,7.1579,784625,0
1995-07-10,7.1868,7.1868,7.1362,7.1868,945612,0
1995-07-11,7.1868,7.1868,7.0857,7.0857,820303,0
1995-07-12,7.0567,7.1362,7.0349,7.1362,680061,0
1995-07-13,7.1073,7.1868,7.0567,7.1073,1295397,0
1995-07-14,7.0567,7.1579,7.0062,7.1362,1111582,0
1995-07-17,7.1579,7.1579,7.0349,7.1073,821966,0
1995-07-18,7.1073,7.1362,7.0062,7.0062,563054,0
1995-07-19,7.0062,7.0567,6.9049,7.0062,954323,0
1995-07-20,7.0349,7.1362,6.9843,7.1362,955573,0
1995-07-21,7.1362,7.1579,7.0062,7.0349,1477963,0
1995-07-24,7.0857,7.4111,7.0857,7.4111,3478728,0
1995-07-25,7.288,7.3098,7.1868,7.2375,2097442,0
1995-07-26,7.2593,7.3819,7.2375,7.3098,1368422,0
1995-07-27,7.3385,7.4111,7.3385,7.3819,1079633,0
1995-07-28,7.3819,7.4326,7.3098,7.3819,1132744,0
1995-07-31,7.4111,7.4326,7.3606,7.4326,1180873,0
1995-08-01,7.3606,7.4326,7.3098,7.4111,1392487,0
1995-08-02,7.4111,7.5123,7.4111,7.4326,1813637,0
1995-08-03,7.4111,7.4833,7.3606,7.4616,1116564,0
1995-08-04,7.4616,7.4616,7.4255,7.4616,783793,0
1995-08-07,7.4326,7.4616,7.3819,7.4326,341067,0
1995-08-08,7.4111,7.4326,7.3098,7.3819,272608,0
1995-08-09,7.3819,7.4111,7.3098,7.3385,1091248,0
1995-08-10,7.3385,7.3819,7.3098,7.3606,475090,0
1995-08-11,7.3606,7.3749,7.288,7.288,958893,0
1995-08-14,7.2593,7.3098,7.2593,7.3098,724459,0
1995-08-15,7.3098,7.3098,7.2084,7.2375,503305,0
1995-08-16,7.2375,7.288,7.2375,7.288,344802,0
1995-08-17,7.3098,7.4111,7.3098,7.4111,611598,0
1995-08-18,7.4111,7.4111,7.3098,7.3385,1168842,0
1995-08-21,7.3098,7.4111,7.3098,7.3606,1088348,0
1995-08-22,7.3606,7.3819,7.3098,7.3385,846865,0
1995-08-23,7.3678,7.3678,7.3171,7.3171,421977,0
1995-08-24,7.3171,7.3385,7.2665,7.2665,883790,0
1995-08-25,7.2665,7.4905,7.2665,7.4398,548531,0
1995-08-28,7.4398,7.4687,7.3892,7.4687,390856,0
1995-08-29,7.4687,7.4687,7.3385,7.4183,427374,0
1995-08-30,7.4398,7.4687,7.3678,7.4687,956819,0
1995-08-31,7.4687,7.4687,7.4183,7.4398,592927,0
1995-09-01,7.3385,7.4183,7.3171,7.3678,1192078,0
1995-09-05,7.4183,7.5703,7.4183,7.5411,1800358,0
1995-09-06,7.5703,7.5918,7.4183,7.5918,1204109,0
1995-09-07,7.5918,7.5918,7.5194,7.5918,828189,0
1995-09-08,7.5918,7.6207,7.5411,7.6207,376755,0
1995-09-11,7.5918,7.722,7.5703,7.722,916982,0
1995-09-12,7.693,7.8955,7.6713,7.8955,1689985,0
1995-09-13,7.874,7.996,7.8447,7.874,1809484,0
1995-09-14,7.8955,7.9467,7.874,7.9245,1755961,0
1995-09-15,7.9245,7.9245,7.874,7.9245,1398296,0
1995-09-18,7.9245,7.9467,7.8955,7.9245,942291,0
1995-09-19,7.9245,7.9245,7.722,7.8225,1058057,0
1995-09-20,7.874,7.874,7.7439,7.7439,1133988,0
1995-09-21,7.8225,7.8225,7.7439,7.7723,1246432,0
1995-09-22,7.794,7.794,7.6713,7.7439,1533973,0
1995-09-25,7.8447,7.874,7.7439,7.874,1165940,0
1995-09-26,7.794,7.8955,7.794,7.8447,2144333,0
1995-09-27,7.8447,7.874,7.7723,7.7723,2159682,0
1995-09-28,7.7723,7.874,7.7439,7.874,1145605,0
1995-09-29,7.874,7.8955,7.8447,7.8955,476745,0
1995-10-02,7.874,7.9245,7.8447,7.874,367623,0
1995-10-03,7.8225,8.0329,7.7723,8.0264,1043536,0
1995-10-04,8.0264,8.0264,7.874,7.996,2088730,0
1995-10-05,7.996,7.996,7.8955,7.8955,1443521,0
1995-10-06,7.9245,7.9245,7.8447,7.874,882544,0
1995-10-09,7.8447,7.8447,7.693,7.7439,1480864,0
1995-10-10,7.722,7.722,7.5918,7.6207,1890393,0
1995-10-11,7.6424,7.722,7.6207,7.693,1147678,0
1995-10-12,7.693,7.8447,7.6713,7.8225,1049345,0
1995-10-13,7.8447,7.9245,7.8225,7.874,946442,0
1995-10-16,7.874,7.9467,7.874,7.9245,881716,0
1995-10-17,7.9467,8.098,7.9467,8.098,870928,0
1995-10-18,8.126,8.1993,8.098,8.098,1171332,0
1995-10-19,8.126,8.1488,8.0264,8.0472,1196226,0
1995-10-20,8.098,8.2283,8.098,8.2283,876321,0
1995-10-23,8.1776,8.1776,8.0472,8.0759,583385,0
1995-10-24,8.0759,8.098,8.0472,8.098,456832,0
1995-10-25,8.1488,8.1776,7.794,7.8225,1733557,0
1995-10-26,7.8447,7.9751,7.7723,7.8447,1231496,0
1995-10-27,7.794,7.8955,7.722,7.8955,1732723,0
1995-10-30,7.9245,7.9467,7.874,7.8955,663465,0
1995-10-31,7.8955,7.9245,7.8225,7.8225,3138074,0
1995-11-01,7.8447,7.996,7.8225,7.996,2500748,0
1995-11-02,7.9751,7.996,7.9245,7.996,322395,0
1995-11-03,7.996,8.0264,7.8447,7.8955,614090,0
1995-11-06,7.8955,7.9467,7.874,7.9245,660557,0
1995-11-07,7.8955,7.9245,7.8225,7.8955,2411539,0
1995-11-08,7.9245,7.996,7.8955,7.9751,370529,0
1995-11-09,8.0472,8.0759,7.874,7.8955,1306596,0
1995-11-10,7.9467,8.0264,7.9467,7.996,988767,0
1995-11-13,7.9751,8.0264,7.9467,7.996,677159,0
1995-11-14,8.0472,8.1776,8.0264,8.1776,1300784,0
1995-11-15,8.1776,8.1993,8.126,8.1488,997065,0
1995-11-16,8.1488,8.3009,8.126,8.3009,1194566,0
1995-11-17,8.3506,8.4809,8.3506,8.4809,1865916,0
1995-11-20,8.5033,8.6843,8.5033,8.5533,1120713,0
1995-11-21,8.5818,8.5818,8.3506,8.4299,1051833,0
1995-11-22,8.3794,8.5033,8.3794,8.4809,626536,0
1995-11-24,8.4513,8.4809,8.3794,8.4299,177171,0
1995-11-27,8.3506,8.5533,8.3506,8.5033,1111582,0
1995-11-28,8.5033,8.5033,8.4513,8.5033,661806,0
1995-11-29,8.5328,8.6122,8.5095,8.6122,1392904,0
1995-11-30,8.6122,8.7343,8.5095,8.5604,538156,0
1995-12-01,8.5818,8.6843,8.5604,8.6843,654751,0
1995-12-04,8.6843,8.7343,8.5818,8.712,721141,0
1995-12-05,8.6618,8.712,8.5604,8.6122,783793,0
1995-12-06,8.6316,8.712,8.5604,8.6843,887111,0
1995-12-07,8.6843,8.9156,8.6618,8.8934,1042707,0
1995-12-08,8.9156,8.9156,8.8128,8.8647,1032333,0
1995-12-11,8.8647,8.9663,8.8128,8.9663,844787,0
1995-12-12,8.9663,9.0666,8.9156,9.0666,846865,0
1995-12-13,9.0172,9.0172,8.8128,8.8647,1489996,0
1995-12-14,8.9156,8.9156,8.7343,8.7637,1024034,0
1995-12-15,8.7637,8.8647,8.7343,8.8128,1919025,0
1995-12-18,8.7637,8.785,8.6316,8.6618,1002459,0
1995-12-19,8.6122,8.8647,8.5095,8.8647,792093,0
1995-12-20,8.8647,8.8647,8.6843,8.6843,821966,0
1995-12-21,8.6843,8.8647,8.6843,8.8128,576743,0
1995-12-22,8.8128,8.9443,8.8128,8.8934,736077,0
1995-12-26,8.9156,8.994,8.8361,8.994,556000,0
1995-12-27,8.9156,8.9663,8.8361,8.9663,904539,0
1995-12-28,8.9663,8.9663,8.9156,8.9443,618238,0
1995-12-29,8.9663,8.994,8.8647,8.9443,692094,0
1996-01-02,8.8934,9.0666,8.8647,9.0172,896652,0
1996-01-03,9.045,9.045,8.8934,8.8934,553923,0
1996-01-04,8.9156,8.9443,8.785,8.8128,811593,0
1996-01-05,8.785,8.785,8.712,8.7343,779644,0
1996-01-08,8.712,8.7637,8.6843,8.7343,297916,0
1996-01-09,8.7343,8.9156,8.712,8.712,1958444,0
1996-01-10,8.712,8.9156,8.6618,8.712,1119053,0
1996-01-11,8.7637,8.7637,8.6618,8.7343,809104,0
1996-01-12,8.7343,8.8647,8.7343,8.8361,3291183,0
1996-01-15,8.8128,8.9443,8.8128,8.9156,899556,0
1996-01-16,8.9156,8.9443,8.8361,8.8647,909515,0
1996-01-17,8.8361,9.0666,8.8361,8.9663,1177553,0
1996-01-18,8.9156,9.0666,8.9156,8.9663,1179214,0
1996-01-19,8.9156,8.9663,8.8361,8.8934,1850562,0
1996-01-22,8.8934,8.8934,8.7343,8.8934,1075484,0
1996-01-23,8.8647,9.1452,8.8647,9.1183,831510,0
1996-01-24,9.0666,9.2702,9.045,9.2702,1779610,0
1996-01-25,9.2702,9.2702,9.0666,9.1452,645623,0
1996-01-26,9.0964,9.4281,9.0172,9.4281,1307844,0
1996-01-29,9.399,9.55,9.3197,9.349,898729,0
1996-01-30,9.3696,9.4786,9.2974,9.4786,846031,0
1996-01-31,9.4281,9.602,9.4281,9.602,1545589,0
1996-02-01,9.702,9.834,9.653,9.784,1177965,0
1996-02-02,9.753,9.834,9.731,9.802,927769,0
1996-02-05,9.802,9.802,9.682,9.753,872584,0
1996-02-06,9.653,9.731,9.58,9.682,807025,0
1996-02-07,9.702,9.702,9.63,9.682,829848,0
1996-02-08,9.702,9.935,9.682,9.906,2669212,0
1996-02-09,9.906,10.115,9.884,10.064,1827332,0
1996-02-12,10.086,10.086,9.856,9.884,2038110,0
1996-02-13,9.856,10.086,9.856,10.036,2488716,0
1996-02-14,10.064,10.136,9.956,9.984,1389582,0
1996-02-15,10.015,10.115,9.984,10.086,1409500,0
1996-02-16,10.086,10.086,9.956,9.956,992913,0
1996-02-20,9.856,9.884,9.802,9.834,855986,0
1996-02-21,9.784,9.984,9.753,9.984,1046857,0
1996-02-22,9.984,10.086,9.956,10.086,812423,0
1996-02-23,10.115,10.238,9.834,10.086,1472982,0
1996-02-26,10.115,10.136,9.935,10.015,909930,0
1996-02-27,9.956,9.984,9.834,9.906,1069262,0
1996-02-28,9.956,10.006,9.796,9.796,1157224,0
1996-02-29,9.746,9.796,9.566,9.746,1184193,0
1996-03-01,9.775,9.826,9.566,9.826,909930,0
1996-03-04,9.927,10.159,9.927,10.058,1844756,0
1996-03-05,10.006,10.058,9.978,10.029,664295,0
1996-03-06,10.058,10.058,9.847,9.847,879638,0
1996-03-07,9.847,9.978,9.775,9.956,1472566,0
1996-03-08,9.826,9.927,9.594,9.614,990838,0
1996-03-11,9.614,9.878,9.614,9.796,871343,0
1996-03-12,9.775,9.878,9.746,9.847,1900768,0
1996-03-13,9.826,9.897,9.775,9.878,944783,0
1996-03-14,9.878,10.259,9.826,10.179,1488332,0
1996-03-15,10.179,10.179,10.058,10.159,1477550,0
1996-03-18,10.179,10.311,10.179,10.259,1143532,0
1996-03-19,10.289,10.519,10.289,10.47,1783345,0
1996-03-20,10.44,10.47,10.21,10.39,1075484,0
1996-03-21,10.339,10.39,10.259,10.289,1090838,0
1996-03-22,10.259,10.311,10.159,10.159,1360536,0
1996-03-25,10.179,10.179,10.13,10.13,979219,0
1996-03-26,10.179,10.259,10.029,10.179,1521943,0
1996-03-27,10.21,10.339,10.179,10.289,2013629,0
1996-03-28,10.238,10.412,10.21,10.339,1143532,0
1996-03-29,10.339,10.44,10.339,10.339,1135234,0
1996-04-01,10.339,10.57,10.238,10.519,777985,0
1996-04-02,10.519,10.542,10.39,10.44,595416,0
1996-04-03,10.44,10.44,10.21,10.311,1752224,0
1996-04-04,10.412,10.491,10.339,10.491,962626,0
1996-04-08,10.362,10.362,10.179,10.238,975902,0
1996-04-09,10.21,10.339,10.159,10.238,1417795,0
1996-04-10,10.259,10.259,10.08,10.08,823211,0
1996-04-11,10.109,10.159,9.956,10.029,2692443,0
1996-04-12,10.029,10.029,9.897,10.006,1045195,0
1996-04-15,10.058,10.13,9.927,9.978,1581692,0
1996-04-16,10.029,10.159,9.978,10.08,995820,0
1996-04-17,10.058,10.058,9.897,9.978,790434,0
1996-04-18,10.109,10.238,10.08,10.109,1127352,0
1996-04-19,10.08,10.159,10.08,10.109,1085030,0
1996-04-22,10.13,10.259,10.109,10.21,851424,0
1996-04-23,10.179,10.311,10.179,10.311,933163,0
1996-04-24,10.311,10.542,10.311,10.491,1350993,0
1996-04-25,10.47,10.593,10.47,10.593,1221540,0
1996-04-26,10.519,10.593,10.44,10.491,1232322,0
1996-04-29,10.491,10.519,10.47,10.47,1015320,0
1996-04-30,10.47,10.57,10.44,10.491,574259,0
1996-05-01,10.491,10.542,10.47,10.491,1094572,0
1996-05-02,10.491,10.519,10.412,10.412,519898,0
1996-05-03,10.39,10.39,10.179,10.238,940634,0
1996-05-06,10.238,10.259,10.08,10.179,912833,0
1996-05-07,10.179,10.39,10.159,10.39,621554,0
1996-05-08,10.362,10.39,10.13,10.311,1066768,0
1996-05-09,10.289,10.311,10.179,10.21,631098,0
1996-05-10,10.339,10.412,10.259,10.339,719065,0
1996-05-13,10.362,10.542,10.339,10.542,495003,0
1996-05-14,10.542,10.773,10.491,10.751,1537295,0
1996-05-15,10.751,10.751,10.62,10.694,753505,0
1996-05-16,10.593,10.644,10.57,10.593,463056,0
1996-05-17,10.57,10.62,10.519,10.542,844787,0
1996-05-20,10.519,10.62,10.491,10.593,892086,0
1996-05-21,10.62,10.751,10.57,10.644,681719,0
1996-05-22,10.57,10.644,10.519,10.644,1385431,0
1996-05-23,10.644,10.721,10.57,10.644,649772,0
1996-05-24,10.672,10.955,10.672,10.903,1160545,0
1996-05-28,10.875,10.875,10.412,10.57,997065,0
1996-05-29,10.562,10.584,10.384,10.403,778814,0
1996-05-30,10.384,10.562,10.384,10.562,962209,0
1996-05-31,10.562,10.562,10.355,10.384,633173,0
1996-06-03,10.331,10.331,10.151,10.224,1175897,0
1996-06-04,10.252,10.302,10.172,10.203,807443,0
1996-06-05,10.172,10.274,10.151,10.252,924039,0
1996-06-06,10.224,10.252,9.71,10.151,1828986,0
1996-06-07,10.151,10.224,9.97,10.122,897067,0
1996-06-10,10.151,10.172,9.97,9.99,787529,0
1996-06-11,9.97,9.97,9.58,9.66,2872936,0
1996-06-12,10.022,10.072,9.889,9.912,2323991,0
1996-06-13,9.942,9.97,9.81,9.841,1144776,0
1996-06-14,9.889,9.912,9.81,9.863,1451822,0
1996-06-17,9.889,9.942,9.863,9.912,996649,0
1996-06-18,9.97,10.122,9.942,10.072,1088760,0
1996-06-19,10.022,10.045,9.889,9.942,1347257,0
1996-06-20,9.97,10.045,9.863,9.863,764290,0
1996-06-21,9.863,10.172,9.863,10.172,1597048,0
1996-06-24,10.172,10.274,10.094,10.203,821966,0
1996-06-25,10.172,10.224,10.094,10.203,643133,0
1996-06-26,10.252,10.331,10.224,10.302,967603,0
1996-06-27,10.252,10.252,10.022,10.151,1243940,0
1996-06-28,10.203,10.274,10.172,10.224,1047685,0
1996-07-01,10.224,10.252,10.151,10.172,1887906,0
1996-07-02,10.172,10.203,10.122,10.203,930261,0
1996-07-03,10.172,10.203,10.094,10.122,1004531,0
1996-07-05,10.045,10.072,9.791,9.81,626536,0
1996-07-08,9.841,9.99,9.761,9.942,1009509,0
1996-07-09,9.942,10.122,9.912,10.022,638565,0
1996-07-10,10.045,10.274,9.99,10.224,1133576,0
1996-07-11,10.172,10.224,10.072,10.151,831510,0
1996-07-12,10.072,10.302,10.045,10.302,801633,0
1996-07-15,10.252,10.484,10.224,10.252,1715298,0
1996-07-16,10.151,10.151,9.608,10.094,1804924,0
1996-07-17,10.224,10.224,10.022,10.022,2420253,0
1996-07-18,9.99,10.094,9.889,10.045,861383,0
1996-07-19,10.094,10.094,9.942,10.022,764290,0
1996-07-22,9.99,9.99,9.841,9.841,900802,0
1996-07-23,9.889,9.912,9.761,9.761,1992471,0
1996-07-24,9.71,9.841,9.682,9.761,945198,0
1996-07-25,9.81,9.97,9.761,9.863,666370,0
1996-07-26,9.863,9.912,9.791,9.81,351442,0
1996-07-29,9.81,9.81,9.682,9.682,487535,0
1996-07-30,9.682,9.682,9.4499,9.53,1964667,0
1996-07-31,9.53,9.55,9.4499,9.4499,1168424,0
1996-08-01,9.4499,9.863,9.4499,9.761,895821,0
1996-08-02,9.791,9.942,9.791,9.912,558486,0
1996-08-05,9.97,10.022,9.912,10.022,729023,0
1996-08-06,9.99,10.151,9.99,10.094,861797,0
1996-08-07,10.045,10.172,9.912,9.99,547284,0
1996-08-08,10.045,10.045,9.912,9.942,646868,0
1996-08-09,9.97,9.97,9.863,9.942,576743,0
1996-08-12,10.022,10.484,10.022,10.274,3023555,0
1996-08-13,10.252,10.331,10.094,10.151,898311,0
1996-08-14,10.151,10.535,10.151,10.535,1620281,0
1996-08-15,10.562,10.665,10.484,10.584,842714,0
1996-08-16,10.614,10.665,10.535,10.584,861797,0
1996-08-19,10.562,10.665,10.562,10.584,787529,0
1996-08-20,10.513,10.562,10.484,10.535,751428,0
1996-08-21,10.477,10.506,10.424,10.448,707030,0
1996-08-22,10.448,10.736,10.448,10.707,818647,0
1996-08-23,10.736,10.815,10.687,10.789,1292489,0
1996-08-26,10.759,10.789,10.606,10.628,479239,0
1996-08-27,10.606,10.687,10.555,10.606,580893,0
1996-08-28,10.606,10.606,10.395,10.448,1118217,0
1996-08-29,10.424,10.424,10.375,10.424,748940,0
1996-08-30,10.448,10.448,10.375,10.375,667616,0
1996-09-03,10.32,10.606,10.268,10.578,981295,0
1996-09-04,10.555,10.555,10.375,10.477,802465,0
1996-09-05,10.448,10.506,10.375,10.395,1041043,0
1996-09-06,10.395,10.477,10.32,10.395,932750,0
1996-09-09,10.424,10.448,10.375,10.448,998308,0
1996-09-10,10.448,10.628,10.448,10.526,1264278,0
1996-09-11,10.526,10.687,10.506,10.628,1954291,0
1996-09-12,10.606,10.736,10.606,10.707,1604097,0
1996-09-13,10.815,10.838,10.707,10.736,1078807,0
1996-09-16,10.736,10.759,10.687,10.687,1126938,0
1996-09-17,10.736,10.736,10.687,10.736,1289589,0
1996-09-18,10.707,10.789,10.687,10.707,875492,0
1996-09-19,10.707,10.868,10.658,10.707,1184610,0
1996-09-20,10.759,10.789,10.526,10.578,1511573,0
1996-09-23,10.526,10.707,10.506,10.687,1316556,0
1996-09-24,10.707,10.838,10.687,10.736,1055983,0
1996-09-25,10.707,10.707,10.526,10.606,1132328,0
1996-09-26,10.578,10.658,10.448,10.448,1028599,0
1996-09-27,10.477,10.628,10.217,10.606,2280011,0
1996-09-30,10.606,10.628,10.555,10.606,807854,0
1996-10-01,10.606,10.707,10.448,10.506,1248507,0
1996-10-02,10.526,10.606,10.375,10.395,1353485,0
1996-10-03,10.395,10.526,10.395,10.506,950174,0
1996-10-04,10.448,10.578,10.395,10.506,1048929,0
1996-10-07,10.506,10.578,10.424,10.555,693339,0
1996-10-08,10.555,10.815,10.526,10.707,914497,0
1996-10-09,10.687,10.759,10.606,10.606,641059,0
1996-10-10,10.606,10.606,10.424,10.448,388374,0
1996-10-11,10.477,10.736,10.477,10.606,1091665,0
1996-10-14,10.578,10.789,10.578,10.658,765951,0
1996-10-15,10.687,11.127,10.687,10.97,1799944,0
1996-10-16,10.815,11.049,10.789,11.049,1246432,0
1996-10-17,11.077,11.597,11.077,11.54,2788706,0
1996-10-18,11.517,11.517,11.228,11.437,2181259,0
1996-10-21,11.437,11.437,11.147,11.178,1029841,0
1996-10-22,11.147,11.147,10.815,10.947,2303245,0
1996-10-23,10.947,10.947,10.736,10.868,1624845,0
1996-10-24,10.917,10.947,10.838,10.947,1508666,0
1996-10-25,10.994,11.02,10.838,10.868,1224859,0
1996-10-28,10.89,10.97,10.759,10.815,900802,0
1996-10-29,10.868,10.947,10.838,10.89,944367,0
1996-10-30,10.947,11.02,10.917,10.947,664295,0
1996-10-31,10.97,11.147,10.838,10.868,1137723,0
1996-11-01,10.89,10.917,10.658,10.707,2270465,0
1996-11-04,10.707,10.707,10.578,10.687,730684,0
1996-11-05,10.736,10.789,10.555,10.555,2461333,0
1996-11-06,10.448,10.448,10.32,10.375,2594109,0
1996-11-07,10.375,10.424,10.136,10.136,2103250,0
1996-11-08,10.136,10.347,9.878,10.245,2272126,0
1996-11-11,10.296,10.424,10.296,10.347,1672559,0
1996-11-12,10.375,10.395,10.268,10.296,1790402,0
1996-11-13,10.506,10.707,10.424,10.687,2144333,0
1996-11-14,10.628,10.89,10.628,10.89,1912386,0
1996-11-15,11.049,11.098,10.89,10.947,2075451,0
1996-11-18,10.917,10.97,10.759,10.89,1057643,0
1996-11-19,10.838,10.994,10.838,10.994,693339,0
1996-11-20,11.049,11.049,10.838,10.838,1203696,0
1996-11-21,10.868,10.89,10.789,10.815,1086274,0
1996-11-22,10.838,10.994,10.838,10.917,2004501,0
1996-11-25,11.619,12.169,11.517,11.829,5722636,0
1996-11-26,11.829,11.959,11.619,11.959,3500718,0
1996-11-27,11.931,11.931,11.727,11.778,1388340,0
1996-11-29,11.727,11.727,11.619,11.67,536910,0
1996-12-02,11.619,11.829,11.517,11.698,1194983,0
1996-12-03,11.747,11.829,11.597,11.698,1951803,0
1996-12-04,11.778,11.987,11.698,11.987,1630237,0
1996-12-05,11.937,11.967,11.886,11.886,697073,0
1996-12-06,11.806,11.987,11.517,11.859,1569659,0
1996-12-09,11.907,11.907,11.778,11.859,683380,0
1996-12-10,11.829,11.886,11.756,11.778,907854,0
1996-12-11,11.727,11.727,11.546,11.546,2063005,0
1996-12-12,11.489,11.517,11.336,11.417,2853022,0
1996-12-13,11.389,11.619,11.389,11.546,1091665,0
1996-12-16,11.517,11.676,11.469,11.469,1537713,0
1996-12-17,11.417,11.546,11.389,11.489,832339,0
1996-12-18,11.569,11.649,11.469,11.517,1268838,0
1996-12-19,11.517,11.619,11.417,11.597,1179214,0
1996-12-20,11.756,12.037,11.676,11.987,2380005,0
1996-12-23,11.987,12.037,11.806,11.937,576332,0
1996-12-24,11.937,11.937,11.829,11.907,287127,0
1996-12-26,11.937,11.937,11.859,11.937,514922,0
1996-12-27,11.937,11.967,11.859,11.937,586291,0
1996-12-30,11.937,11.937,11.727,11.859,603712,0
1996-12-31,11.859,11.859,11.582,11.778,570107,0
1997-01-02,11.859,11.859,11.345,11.422,1000519,0
1997-01-03,11.469,11.859,11.422,11.619,1485153,0
1997-01-06,11.619,11.778,11.582,11.778,936068,0
1997-01-07,11.778,12.018,11.582,12.018,824037,0
1997-01-08,12.054,12.213,11.973,12.133,842575,0
1997-01-09,12.054,12.451,11.894,12.371,1326376,0
1997-01-10,12.291,12.843,12.291,12.763,2102560,0
1997-01-13,12.647,12.647,12.327,12.451,1767302,0
1997-01-14,12.487,12.843,12.487,12.795,1141039,0
1997-01-15,12.763,12.763,12.567,12.647,1028181,0
1997-01-16,12.647,12.795,12.521,12.724,952668,0
1997-01-17,12.763,12.843,12.487,12.763,2339067,0
1997-01-20,12.681,12.795,12.681,12.795,1035648,0
1997-01-21,12.724,13.194,12.681,12.919,1521665,0
1997-01-22,12.919,12.919,12.327,12.724,3589649,0
1997-01-23,12.763,12.795,12.521,12.602,1466344,0
1997-01-24,12.521,12.681,12.451,12.521,1256667,0
1997-01-27,12.521,12.724,12.451,12.487,778120,0
1997-01-28,12.567,12.647,12.407,12.451,972032,0
1997-01-29,12.521,12.724,12.407,12.567,1120846,0
1997-01-30,12.567,12.647,12.521,12.647,351858,0
1997-01-31,12.647,12.795,12.567,12.567,669964,0
1997-02-03,12.602,12.602,12.487,12.521,856127,0
1997-02-04,12.487,12.521,12.371,12.451,626536,0
1997-02-05,12.451,12.487,12.327,12.407,1141874,0
1997-02-06,12.487,12.521,12.054,12.174,966500,0
1997-02-07,12.291,12.521,12.054,12.133,1122786,0
1997-02-10,12.174,12.213,11.973,12.213,1701467,0
1997-02-11,12.291,12.647,12.291,12.407,1743235,0
1997-02-12,12.407,12.647,12.291,12.521,1199961,0
1997-02-13,12.487,12.567,12.451,12.521,1045056,0
1997-02-14,12.602,13.117,12.567,12.998,3091189,0
1997-02-18,12.957,13.313,12.919,13.313,2782483,0
1997-02-19,13.232,13.272,12.998,13.153,1285987,0
1997-02-20,13.072,13.153,12.919,13.072,1477685,0
1997-02-21,13.153,13.153,12.957,13.072,1152935,0
1997-02-24,13.038,13.392,13.038,13.346,1769792,0
1997-02-25,13.313,13.346,12.998,13.038,866637,0
1997-02-26,13.117,13.117,12.795,12.957,1025142,0
1997-02-27,13.038,13.824,13.038,13.392,4050493,0
1997-02-28,13.392,13.976,13.392,13.78,2264937,0
1997-03-03,13.664,13.745,13.468,13.745,1217388,0
1997-03-04,13.664,14.604,13.664,14.411,2400755,0
1997-03-05,14.451,14.451,14.021,14.373,2692582,0
1997-03-06,14.294,14.294,13.86,14.056,1958444,0
1997-03-07,13.78,14.338,13.701,14.136,2475438,0
1997-03-10,14.098,14.571,14.056,14.373,1542967,0
1997-03-11,14.411,14.612,14.373,14.411,1594138,0
1997-03-12,14.451,14.571,14.294,14.338,1163727,0
1997-03-13,14.338,14.373,14.021,14.258,1117532,0
1997-03-14,14.294,14.967,14.258,14.772,1734662,0
1997-03-17,14.772,14.772,14.338,14.49,1361782,0
1997-03-18,14.49,14.571,14.294,14.451,1271326,0
1997-03-19,14.49,14.532,14.258,14.338,1028181,0
1997-03-20,14.294,14.411,14.294,14.338,1418488,0
1997-03-21,14.411,14.532,14.373,14.532,1386125,0
1997-03-24,14.49,14.49,14.373,14.451,1274924,0
1997-03-25,14.451,14.886,14.411,14.693,1841707,0
1997-03-26,14.728,14.772,14.451,14.728,891534,0
1997-03-27,14.772,14.772,14.216,14.338,1434256,0
1997-03-31,14.294,14.411,14.056,14.098,1274371,0
1997-04-01,14.021,14.136,13.824,14.098,725841,0
1997-04-02,14.098,14.098,13.78,13.78,705650,0
1997-04-03,13.701,13.701,13.232,13.586,1376997,0
1997-04-04,13.542,13.78,13.426,13.78,814359,0
1997-04-07,13.902,14.294,13.86,14.176,1667441,0
1997-04-08,14.216,14.338,14.136,14.338,1144085,0
1997-04-09,14.373,14.728,14.373,14.693,1255561,0
1997-04-10,14.612,14.967,14.571,14.851,1607141,0
1997-04-11,14.693,14.693,14.021,14.021,1047826,0
1997-04-14,14.021,14.021,13.664,13.941,1313930,0
1997-04-15,14.136,14.49,13.941,14.451,2796593,0
1997-04-16,14.373,14.648,14.258,14.648,977839,0
1997-04-17,14.451,14.571,13.108,13.78,8789757,0
1997-04-18,13.824,13.976,13.78,13.976,4077324,0
1997-04-21,13.976,13.976,13.586,13.701,1759834,0
1997-04-22,13.824,13.86,13.465,13.701,2872936,0
1997-04-23,13.701,13.902,13.664,13.745,1277414,0
1997-04-24,13.745,13.976,13.745,13.86,2209337,0
1997-04-25,13.86,13.941,13.824,13.902,1089038,0
1997-04-28,13.941,14.056,13.701,13.902,1126654,0
1997-04-29,13.941,14.056,13.745,13.976,687669,0
1997-04-30,13.902,13.941,13.78,13.902,1965080,0
1997-05-01,13.78,14.056,13.701,13.902,930812,0
1997-05-02,13.941,13.976,13.745,13.902,1759555,0
1997-05-05,13.976,14.216,13.976,14.176,907025,0
1997-05-06,14.176,14.176,13.86,14.021,1718342,0
1997-05-07,13.976,14.098,13.902,14.021,1280181,0
1997-05-08,14.098,14.532,14.098,14.411,1677127,0
1997-05-09,14.411,14.532,14.216,14.532,1038418,0
1997-05-12,14.612,14.648,14.338,14.338,1121404,0
1997-05-13,14.176,14.216,13.976,14.098,876321,0
1997-05-14,14.176,14.338,13.621,13.824,1419870,0
1997-05-15,14.021,14.098,13.824,13.824,1516410,0
1997-05-16,13.586,13.745,13.465,13.542,1600225,0
1997-05-19,13.745,13.86,13.586,13.664,977564,0
1997-05-20,13.542,13.586,13.426,13.506,1015733,0
1997-05-21,13.542,13.701,13.384,13.542,1662188,0
1997-05-22,13.506,13.745,13.384,13.701,1675462,0
1997-05-23,13.745,13.78,13.664,13.78,1176170,0
1997-05-27,13.586,13.824,13.586,13.78,2363689,0
1997-05-28,13.789,14.063,13.745,13.984,2175310,0
1997-05-29,13.902,14.063,13.902,14.025,1008820,0
1997-05-30,13.984,14.104,13.745,14.025,902876,0
1997-06-02,14.143,14.143,13.948,13.984,679092,0
1997-06-03,13.984,14.025,13.902,14.025,1005777,0
1997-06-04,13.948,14.025,13.824,13.984,1154322,0
1997-06-05,13.984,14.063,13.824,13.868,1783069,0
1997-06-06,13.789,13.868,13.628,13.868,1366209,0
1997-06-09,13.948,13.948,13.506,13.548,651431,0
1997-06-10,13.468,13.468,12.436,12.871,9166509,0
1997-06-11,12.871,12.912,12.674,12.71,4828612,0
1997-06-12,12.789,12.871,12.314,12.71,7014162,0
1997-06-13,13.031,13.153,12.789,12.991,4161137,0
1997-06-16,13.031,13.189,12.912,13.031,1632867,0
1997-06-17,12.991,13.108,12.789,12.871,2160653,0
1997-06-18,12.871,12.871,12.71,12.71,1803260,0
1997-06-19,12.674,13.108,12.674,13.108,2431732,0
1997-06-20,13.189,13.346,13.153,13.232,3935701,0
1997-06-23,13.232,13.313,12.991,13.189,2038940,0
1997-06-24,13.267,13.405,13.108,13.346,1729681,0
1997-06-25,13.426,13.468,13.072,13.189,2409607,0
1997-06-26,13.153,13.267,13.153,13.232,2615681,0
1997-06-27,13.232,13.548,13.189,13.548,1783345,0
1997-06-30,13.586,13.984,13.449,13.902,1599672,0
1997-07-01,14.176,14.176,13.902,13.902,5298583,0
1997-07-02,13.961,13.984,13.645,13.882,2404071,0
1997-07-03,13.902,14.176,13.902,14.104,1242009,0
1997-07-07,14.143,14.564,14.143,14.223,2797698,0
1997-07-08,14.223,14.223,14.063,14.104,1352376,0
1997-07-09,14.143,14.223,13.564,13.708,2013769,0
1997-07-10,13.708,14.063,13.468,13.902,1778642,0
1997-07-11,13.961,13.984,13.708,13.765,1615717,0
1997-07-14,13.845,14.176,13.845,14.086,1996894,0
1997-07-15,14.122,14.338,13.708,14.2,3613162,0
1997-07-16,14.281,14.403,14.2,14.322,1493731,0
1997-07-17,14.338,14.338,14.104,14.223,1723044,0
1997-07-18,14.143,14.163,13.789,13.961,1148786,0
1997-07-21,14.005,14.122,13.984,14.025,1469385,0
1997-07-22,14.04,14.143,13.882,14.063,2929364,0
1997-07-23,14.086,14.223,14.025,14.122,2172823,0
1997-07-24,14.143,14.38,14.104,14.299,1686530,0
1997-07-25,14.176,14.619,14.176,14.619,1293736,0
1997-07-28,14.597,14.721,14.498,14.541,1082952,0
1997-07-29,14.541,14.642,14.38,14.642,828743,0
1997-07-30,14.597,14.655,14.481,14.517,1220432,0
1997-07-31,14.597,14.597,14.258,14.541,1107294,0
1997-08-01,14.498,14.498,14.163,14.223,1098168,0
1997-08-04,14.143,14.322,14.04,14.322,1425679,0
1997-08-05,14.338,14.481,14.258,14.459,1740747,0
1997-08-06,14.459,14.938,14.419,14.938,1773386,0
1997-08-07,14.975,15.04,14.839,15.018,1068017,0
1997-08-08,14.815,14.959,14.642,14.735,1075484,0
1997-08-11,14.735,14.857,14.597,14.721,889323,0
1997-08-12,14.721,14.777,14.481,14.517,1047826,0
1997-08-13,14.564,14.619,14.299,14.619,1226242,0
1997-08-14,14.7,14.7,14.338,14.517,1095679,0
1997-08-15,14.498,14.498,14.281,14.281,983096,0
1997-08-18,14.299,14.322,14.143,14.245,906470,0
1997-08-19,14.245,14.438,14.2,14.438,1352101,0
1997-08-20,14.345,14.524,14.345,14.426,1434807,0
1997-08-21,14.299,14.345,14.163,14.185,1278244,0
1997-08-22,13.984,14.322,13.925,14.223,1788328,0
1997-08-25,14.245,14.426,14.185,14.345,1065799,0
1997-08-26,14.459,14.764,14.459,14.721,1345741,0
1997-08-27,14.721,15.103,14.583,15.002,1908097,0
1997-08-28,15.025,15.048,14.721,14.824,1018779,0
1997-08-29,14.743,15.059,14.706,14.922,772869,0
1997-09-02,14.88,16.058,14.88,15.718,1732723,0
1997-09-03,15.762,15.821,15.444,15.478,2274617,0
1997-09-04,15.444,15.524,15.298,15.324,2367006,0
1997-09-05,15.399,15.74,15.342,15.581,3241112,0
1997-09-08,16.146,16.146,15.162,15.503,3288968,0
1997-09-09,15.503,15.503,15.103,15.342,4434714,0
1997-09-10,15.22,15.263,15.142,15.263,2154009,0
1997-09-11,15.242,15.387,14.922,15.025,1320011,0
1997-09-12,15.048,15.242,14.864,15.242,2736010,0
1997-09-15,15.048,15.298,15.025,15.242,1762875,0
1997-09-16,15.324,15.603,15.081,15.503,2025109,0
1997-09-17,15.581,15.624,15.324,15.324,1404934,0
1997-09-18,15.324,15.558,15.283,15.503,1236199,0
1997-09-19,15.503,15.581,15.424,15.558,1070229,0
1997-09-22,15.581,15.64,15.444,15.503,1931614,0
1997-09-23,15.478,15.478,15.183,15.424,1112274,0
1997-09-24,15.387,15.66,15.342,15.342,848109,0
1997-09-25,15.387,15.524,15.298,15.324,945198,0
1997-09-26,15.464,15.581,15.362,15.478,1528306,0
1997-09-29,15.342,15.387,15.126,15.22,1119462,0
1997-09-30,15.22,15.22,14.9,14.959,1705340,0
1997-10-01,14.947,14.947,14.627,14.764,3125213,0
1997-10-02,14.743,15.048,14.721,15.025,1474086,0
1997-10-03,15.081,15.558,14.959,15.283,2989667,0
1997-10-06,15.298,15.399,15.126,15.283,1026251,0
1997-10-07,15.242,15.263,15.142,15.263,729439,0
1997-10-08,15.298,15.298,15.059,15.103,1285437,0
1997-10-09,14.947,15.183,14.922,15.103,960968,0
1997-10-10,15.025,15.142,14.982,15.103,704268,0
1997-10-13,15.204,15.298,15.162,15.263,582831,0
1997-10-14,15.478,15.478,15.183,15.22,1069400,0
1997-10-15,15.142,15.558,15.103,15.478,2394388,0
1997-10-16,15.399,15.74,15.399,15.66,2553995,0
1997-10-17,15.581,15.581,15.183,15.387,1681272,0
1997-10-20,15.387,15.581,15.162,15.581,1089313,0
1997-10-21,15.624,16.385,15.603,16.319,3796282,0
1997-10-22,16.319,16.983,16.319,16.622,3395741,0
1997-10-23,16.421,16.622,16.304,16.622,2669621,0
1997-10-24,16.681,16.681,16.421,16.622,1518349,0
1997-10-27,16.421,16.762,16.146,16.146,2393283,0
1997-10-28,15.66,16.6,15.66,16.522,4021999,0
1997-10-29,16.565,16.657,16.283,16.341,1802710,0
1997-10-30,16.304,16.478,16.204,16.319,2292320,0
1997-10-31,16.319,16.44,16.24,16.283,2083475,0
1997-11-03,16.462,16.522,16.24,16.462,834550,0
1997-11-04,16.421,16.421,16.26,16.341,651709,0
1997-11-05,16.341,16.5,16.341,16.361,844232,0
1997-11-06,16.319,16.399,16.283,16.399,865256,0
1997-11-07,16.319,16.544,16.283,16.341,1256116,0
1997-11-10,16.361,16.421,16.304,16.341,674116,0
1997-11-11,16.319,16.385,16.283,16.341,781717,0
1997-11-12,16.159,16.319,16.159,16.24,767334,0
1997-11-13,16.204,16.319,16.204,16.283,973688,0
1997-11-14,16.24,16.919,16.159,16.817,1753467,0
1997-11-17,16.903,17.302,16.701,17.257,1423190,0
1997-11-18,17.257,17.257,16.962,17.041,1238410,0
1997-11-19,17.063,17.122,16.84,16.903,1108401,0
1997-11-20,16.983,17.8,16.983,17.521,1571455,0
1997-11-21,17.521,17.902,17.325,17.723,3381079,0
1997-11-24,17.257,17.621,16.998,17.2,6500760,0
1997-11-25,17.2,17.257,16.998,17.02,4593210,0
1997-11-26,17.02,17.178,16.701,17.076,4001256,0
1997-11-28,17.099,17.099,16.998,17.076,363470,0
1997-12-01,17.157,17.157,16.942,16.983,2711393,0
1997-12-02,16.998,17.122,16.903,16.983,1298433,0
1997-12-03,16.998,17.076,16.897,16.955,2217630,0
1997-12-04,16.955,17.02,16.935,16.977,1906993,0
1997-12-05,16.955,16.998,16.84,16.854,1593032,0
1997-12-08,16.796,16.935,16.753,16.854,1046718,0
1997-12-09,16.84,16.977,16.714,16.935,2341281,0
1997-12-10,16.919,17.215,16.919,17.215,2055539,0
1997-12-11,17.215,17.359,17.034,17.257,1526369,0
1997-12-12,17.396,17.474,17.257,17.474,1782796,0
1997-12-15,17.562,17.8,17.562,17.677,1496496,0
1997-12-16,17.677,17.902,17.621,17.742,1546560,0
1997-12-17,17.723,17.938,17.723,17.925,1020993,0
1997-12-18,17.88,18.037,17.641,17.677,918923,0
1997-12-19,17.677,17.7,17.359,17.359,2020131,0
1997-12-22,17.295,17.382,17.257,17.257,1421808,0
1997-12-23,17.295,17.339,17.157,17.2,912006,0
1997-12-24,17.238,17.7,17.215,17.562,686287,0
1997-12-26,17.521,17.54,17.295,17.295,271914,0
1997-12-29,17.339,17.499,17.257,17.499,933581,0
1997-12-30,17.521,18.242,17.439,18.2,1056259,0
1997-12-31,18.2,18.443,18.081,18.322,584766,0
1998-01-02,18.322,18.443,18.2,18.443,938008,0
1998-01-05,18.804,19.087,18.481,18.764,1821934,0
1998-01-06,18.727,18.929,18.242,18.365,1548914,0
1998-01-07,18.365,18.4,17.279,17.958,2523017,0
1998-01-08,17.958,17.958,17.279,17.562,1298297,0
1998-01-09,17.521,17.8,17.2,17.318,1653336,0
1998-01-12,16.874,17.396,16.874,17.157,1427065,0
1998-01-13,17.2,17.439,17.157,17.439,1830924,0
1998-01-14,17.439,17.439,17.238,17.359,2087901,0
1998-01-15,17.396,17.396,17.114,17.114,2100072,0
1998-01-16,17.157,17.359,17.157,17.318,1253900,0
1998-01-20,17.359,17.396,17.238,17.318,1095539,0
1998-01-21,17.279,17.562,17.157,17.562,1202315,0
1998-01-22,17.521,18.568,17.521,18.322,3881065,0
1998-01-23,18.365,18.603,18.242,18.4,1916814,0
1998-01-26,18.4,18.4,18.287,18.365,1192215,0
1998-01-27,18.322,18.443,18.322,18.365,959029,0
1998-01-28,18.365,18.568,18.2,18.365,1270083,0
1998-01-29,18.481,18.603,18.365,18.443,1202726,0
1998-01-30,18.365,18.481,18.287,18.322,925974,0
1998-02-02,18.4,18.481,18.322,18.365,935793,0
1998-02-03,18.481,18.727,18.481,18.646,1707964,0
1998-02-04,18.525,18.684,18.242,18.4,1856094,0
1998-02-05,18.481,18.646,18.163,18.365,1283085,0
1998-02-06,18.443,18.525,18.163,18.481,1047267,0
1998-02-09,18.646,18.884,18.568,18.842,1647666,0
1998-02-10,18.804,18.965,18.481,18.842,1543936,0
1998-02-11,18.804,19.327,18.568,19.29,1461084,0
1998-02-12,19.166,20.128,19.127,20.128,3181364,0
1998-02-13,19.925,20.533,19.81,20.41,1661771,0
1998-02-17,21.214,21.292,20.814,21.292,2310992,0
1998-02-18,21.257,21.336,20.896,21.099,1608936,0
1998-02-19,21.177,21.292,20.657,21.214,2078496,0
1998-02-20,21.214,22.42,21.134,22.015,1613639,0
1998-02-23,21.54,21.619,21.018,21.497,1854989,0
1998-02-24,21.497,21.573,21.214,21.292,1546283,0
1998-02-25,21.214,21.257,20.853,21.134,2029118,0
1998-02-26,21.214,21.416,20.975,21.134,3569320,0
1998-02-27,21.099,21.099,20.853,21.099,1708938,0
1998-03-02,21.018,21.018,20.737,20.853,907163,0
1998-03-03,20.814,21.018,20.41,20.975,2057196,0
1998-03-04,21.214,21.292,20.896,20.932,1779887,0
1998-03-05,20.853,20.896,20.455,20.737,848937,0
1998-03-06,20.737,20.932,20.33,20.814,984893,0
1998-03-09,20.772,20.896,20.693,20.853,1231080,0
1998-03-10,20.853,21.416,20.853,21.379,2346260,0
1998-03-11,21.292,21.573,21.177,21.573,1398574,0
1998-03-12,21.511,21.712,21.43,21.634,1107573,0
1998-03-13,21.678,22.037,20.821,21.634,1309779,0
1998-03-16,21.229,21.474,20.989,21.025,1710456,0
1998-03-17,20.821,21.307,20.743,21.307,1299403,0
1998-03-18,21.307,21.307,20.584,21.271,1436747,0
1998-03-19,21.229,21.229,20.425,20.708,2130082,0
1998-03-20,20.868,20.989,20.504,20.665,2040598,0
1998-03-23,20.708,20.989,20.665,20.868,1548637,0
1998-03-24,20.868,20.947,20.542,20.584,2302138,0
1998-03-25,20.627,20.909,20.179,20.504,1407704,0
1998-03-26,20.179,20.258,19.697,20.179,1609904,0
1998-03-27,20.425,20.425,20.143,20.222,875492,0
1998-03-30,20.346,20.743,20.258,20.383,7970425,0
1998-03-31,20.461,20.743,20.346,20.665,4419223,0
1998-04-01,20.665,21.307,20.304,21.307,3993373,0
1998-04-02,21.307,23.086,21.191,23.086,3049970,0
1998-04-03,22.602,22.602,21.678,22.278,2902811,0
1998-04-06,22.197,22.241,21.712,21.836,1935484,0
1998-04-07,21.678,21.915,21.068,21.474,2562850,0
1998-04-08,21.474,21.994,21.43,21.634,2881513,0
1998-04-09,21.634,21.915,21.474,21.754,844232,0
1998-04-13,21.754,21.878,21.396,21.553,1258744,0
1998-04-14,21.634,21.878,21.511,21.634,1236334,0
1998-04-15,21.474,21.678,21.271,21.396,1000797,0
1998-04-16,21.474,21.596,20.708,20.787,1269116,0
1998-04-17,20.787,20.989,20.346,20.989,3983827,0
1998-04-20,20.989,21.191,20.743,21.068,1647805,0
1998-04-21,20.989,20.989,20.584,20.989,1570490,0
1998-04-22,20.909,20.989,20.821,20.909,1556241,0
1998-04-23,20.787,21.149,20.665,21.149,2161481,0
1998-04-24,21.149,21.229,20.461,20.821,1276307,0
1998-04-27,20.665,20.665,20.222,20.346,1732863,0
1998-04-28,20.425,20.504,19.737,19.897,2208229,0
1998-04-29,20.022,20.258,19.573,19.818,2950806,0
1998-04-30,20.022,20.584,19.862,20.542,6180162,0
1998-05-01,20.584,20.787,20.258,20.627,2886770,0
1998-05-04,20.584,21.025,20.425,20.708,1528306,0
1998-05-05,20.542,20.787,20.504,20.665,1443246,0
1998-05-06,20.584,20.627,20.022,20.022,1156393,0
1998-05-07,20.461,20.627,20.143,20.461,1953740,0
1998-05-08,20.504,20.665,20.222,20.383,651014,0
1998-05-11,20.425,20.787,20.346,20.627,1906021,0
1998-05-12,20.708,20.743,20.222,20.584,904677,0
1998-05-13,20.304,20.542,20.022,20.143,778256,0
1998-05-14,20.022,20.383,20.022,20.179,1011723,0
1998-05-15,20.102,20.346,19.977,20.102,1330940,0
1998-05-18,20.056,20.258,19.774,20.056,1054462,0
1998-05-19,20.022,20.504,19.94,20.022,1128873,0
1998-05-20,20.222,20.425,19.862,20.346,860140,0
1998-05-21,20.346,20.665,20.022,20.627,1108264,0
1998-05-22,20.989,21.229,20.868,21.191,2577097,0
1998-05-26,21.191,21.396,20.909,21.149,1397046,0
1998-05-27,20.584,20.989,20.504,20.708,1902565,0
1998-05-28,20.665,20.708,20.383,20.584,1444077,0
1998-05-29,20.743,21.191,20.584,20.947,1089313,0
1998-06-01,20.665,20.868,20.425,20.627,1155150,0
1998-06-02,20.627,20.665,20.425,20.461,991532,0
1998-06-03,20.561,20.685,20.477,20.519,1272297,0
1998-06-04,20.317,20.477,20.194,20.194,919612,0
1998-06-05,20.194,20.36,20.034,20.36,1022650,0
1998-06-08,20.44,20.561,20.115,20.477,1322777,0
1998-06-09,20.317,20.519,20.115,20.158,1046163,0
1998-06-10,19.991,20.477,19.953,20.115,1543658,0
1998-06-11,20.115,20.237,19.712,19.991,1468417,0
1998-06-12,20.158,20.599,20.034,20.115,1808379,0
1998-06-15,19.79,19.871,18.732,18.732,1579618,0
1998-06-16,18.856,19.06,18.697,18.9,2661190,0
1998-06-17,18.9,19.383,18.856,18.856,1315587,0
1998-06-18,19.024,19.712,18.978,19.383,1476304,0
1998-06-19,19.79,19.953,19.586,19.871,1667720,0
1998-06-22,19.871,19.953,19.463,19.751,953220,0
1998-06-23,19.629,20.071,19.304,19.953,1818617,0
1998-06-24,20.115,20.36,19.463,20.194,2842368,0
1998-06-25,20.237,20.274,19.991,20.115,1628718,0
1998-06-26,20.194,20.802,20.158,20.802,1751947,0
1998-06-29,21.09,21.733,21.002,21.207,2577371,0
1998-06-30,21.371,22.306,21.207,21.903,3107368,0
1998-07-01,21.822,22.105,21.451,22.022,1273679,0
1998-07-02,22.138,22.349,21.653,21.935,2162586,0
1998-07-06,22.26,22.992,22.226,22.79,2461471,0
1998-07-07,22.832,22.955,22.428,22.465,2349026,0
1998-07-08,22.386,22.428,22.105,22.349,1636599,0
1998-07-09,22.26,22.349,21.777,21.935,1491929,0
1998-07-10,21.777,22.55,21.532,22.428,2614024,0
1998-07-13,22.26,22.55,21.856,22.507,1551820,0
1998-07-14,22.349,23.035,22.306,22.912,1723734,0
1998-07-15,22.992,23.844,22.872,23.441,1726776,0
1998-07-16,23.484,23.969,23.194,23.889,1447809,0
1998-07-17,23.723,23.844,23.112,23.397,1635495,0
1998-07-20,23.36,23.397,22.589,23.36,862353,0
1998-07-21,23.317,23.562,21.981,22.306,1683760,0
1998-07-22,21.981,22.26,21.497,22.226,1327900,0
1998-07-23,22.138,22.226,21.903,21.981,1446979,0
1998-07-24,21.822,22.79,21.822,22.306,947139,0
1998-07-27,21.981,22.428,21.733,22.226,1125133,0
1998-07-28,22.059,22.059,21.409,21.733,1238547,0
1998-07-29,21.653,21.903,21.329,21.409,1023206,0
1998-07-30,21.409,21.777,21.409,21.497,832475,0
1998-07-31,21.573,21.653,20.643,20.844,1291107,0
1998-08-03,21.128,21.252,20.685,20.802,1354314,0
1998-08-04,20.802,20.802,18.732,19.428,2368527,0
1998-08-05,19.428,19.913,18.09,18.821,2382637,0
1998-08-06,18.978,19.304,18.612,18.978,1518901,0
1998-08-07,19.138,19.751,18.978,19.463,1952497,0
1998-08-10,19.509,19.712,19.226,19.342,925001,0
1998-08-11,18.821,19.102,18.328,18.937,1455275,0
1998-08-12,19.024,19.544,18.856,19.463,878946,0
1998-08-13,19.509,20.237,19.509,20.071,1235783,0
1998-08-14,19.79,19.871,18.451,19.102,1170501,0
1998-08-17,19.102,19.913,18.937,19.463,1290415,0
1998-08-18,19.383,19.428,18.496,18.856,2070886,0
1998-08-19,19.024,19.226,18.978,19.138,739948,0
1998-08-20,19.138,19.26,18.575,18.937,722379,0
1998-08-21,19.06,19.138,17.765,18.612,1434533,0
1998-08-24,18.697,19.138,18.046,18.328,857651,0
1998-08-25,18.978,19.06,18.292,18.821,1014907,0
1998-08-26,17.938,18.545,17.527,17.814,2477373,0
1998-08-27,17.367,17.402,15.978,16.427,3508880,0
1998-08-28,16.146,16.674,16.022,16.348,2027870,0
1998-08-31,16.304,16.427,14.839,15.002,1942675,0
1998-09-01,15.002,15.283,13.046,15.081,6404222,0
1998-09-02,15.162,15.487,14.799,15.04,2082368,0
1998-09-03,14.88,15.821,14.758,15.126,2108507,0
1998-09-04,15.612,16.022,15.407,15.775,1476718,0
1998-09-08,15.775,16.304,15.574,15.653,1672701,0
1998-09-09,15.899,16.919,15.899,16.674,2904055,0
1998-09-10,16.507,17.2,16.022,16.998,2912355,0
1998-09-11,16.674,17.448,16.146,17.325,1492482,0
1998-09-14,17.367,18.791,17.367,18.262,2069783,0
1998-09-15,18.262,18.262,17.448,17.49,1603958,0
1998-09-16,17.402,17.772,17.367,17.693,933302,0
1998-09-17,17.49,17.57,16.753,16.874,1382254,0
1998-09-18,16.919,17.286,16.674,17.245,1454450,0
1998-09-21,17.165,17.693,16.955,17.527,784343,0
1998-09-22,17.367,18.018,17.165,17.85,1482249,0
1998-09-23,18.185,19.038,18.098,18.993,2135756,0
1998-09-24,20.215,20.215,18.185,18.631,1525953,0
1998-09-25,18.262,18.959,17.85,18.959,1090555,0
1998-09-28,18.959,18.959,17.895,18.545,1001904,0
1998-09-29,18.71,18.872,18.262,18.669,730822,0
1998-09-30,18.345,18.757,17.649,18.757,2198823,0
1998-10-01,18.423,18.757,17.122,17.325,1622771,0
1998-10-02,17.325,18.219,16.796,18.139,1945443,0
1998-10-05,18.098,19.078,17.974,19.078,1845723,0
1998-10-06,19.202,19.202,18.185,18.757,1195123,0
1998-10-07,18.757,18.834,18.262,18.466,1230667,0
1998-10-08,18.098,18.219,17.448,18.018,1811700,0
1998-10-09,18.063,18.185,17.615,17.974,1409774,0
1998-10-12,17.938,18.219,17.615,17.615,1184748,0
1998-10-13,17.974,18.063,17.402,17.772,1577822,0
1998-10-14,17.772,18.185,17.57,17.974,1562330,0
1998-10-15,17.814,18.423,17.693,18.185,717267,0
1998-10-16,18.345,18.914,18.098,18.914,1932164,0
1998-10-19,18.669,18.993,18.345,18.834,735246,0
1998-10-20,18.423,18.545,16.224,17.85,9424870,0
1998-10-21,17.772,18.185,16.874,18.063,2357464,0
1998-10-22,17.895,17.895,17.325,17.737,2123167,0
1998-10-23,17.57,17.649,17.325,17.527,1846139,0
1998-10-26,17.49,18.385,17.286,18.018,1655824,0
1998-10-27,17.938,18.589,17.367,17.57,1569376,0
1998-10-28,17.57,17.649,17.286,17.57,1191802,0
1998-10-29,17.527,17.895,16.63,17.448,4011349,0
1998-10-30,17.245,18.018,16.955,17.85,2825081,0
1998-11-02,17.772,18.098,17.693,17.85,1888597,0
1998-11-03,17.938,18.018,17.737,17.772,1173684,0
1998-11-04,17.938,18.466,17.85,18.3,2160235,0
1998-11-05,17.938,18.139,17.737,18.018,1530517,0
1998-11-06,18.185,18.669,18.018,18.262,1449329,0
1998-11-09,18.063,18.262,17.814,18.018,961933,0
1998-11-10,17.85,17.895,17.286,17.57,1413648,0
1998-11-11,17.693,17.737,16.55,16.919,2447082,0
1998-11-12,16.874,16.919,16.471,16.874,2370736,0
1998-11-13,17.122,17.527,16.796,16.919,1115456,0
1998-11-16,17.286,17.974,17.286,17.938,2149034,0
1998-11-17,17.814,18.423,17.693,18.423,2254008,0
1998-11-18,18.423,19.406,18.262,19.118,2980406,0
1998-11-19,19.284,20.056,18.545,19.564,3966680,0
1998-11-20,20.056,20.056,18.872,19.321,2531592,0
1998-11-23,19.529,19.564,18.993,19.284,1604516,0
1998-11-24,19.284,19.321,18.834,19.078,1129838,0
1998-11-25,19.078,19.078,18.589,18.757,920025,0
1998-11-27,18.757,19.078,18.757,18.993,774940,0
1998-11-30,18.993,19.038,18.589,18.791,1097338,0
1998-12-01,18.71,18.959,18.466,18.631,1004671,0
1998-12-02,18.466,18.71,18.262,18.589,973688,0
1998-12-03,18.71,18.71,17.85,17.85,1523880,0
1998-12-04,18.098,18.219,17.814,17.938,1283085,0
1998-12-07,17.938,18.219,17.85,17.895,1264415,0
1998-12-08,17.737,18.345,16.955,18.345,2807381,0
1998-12-09,18.278,18.322,17.621,17.742,1742131,0
1998-12-10,17.787,17.989,17.25,17.418,2611948,0
1998-12-11,17.54,17.742,17.373,17.418,1332876,0
1998-12-14,17.46,18.112,17.418,18.033,1463713,0
1998-12-15,18.112,18.603,18.075,18.481,1578373,0
1998-12-16,18.443,19.138,18.443,18.973,1849596,0
1998-12-17,18.892,19.673,18.771,19.586,2011415,0
1998-12-18,19.953,20,19.673,19.751,3201698,0
1998-12-21,19.712,19.831,19.586,19.629,1740057,0
1998-12-22,19.586,19.712,19.096,19.673,1403133,0
1998-12-23,19.673,20.324,19.586,20.202,1347257,0
1998-12-24,20.289,20.57,20.202,20.447,690295,0
1998-12-28,20.613,20.903,20.492,20.903,1936040,0
1998-12-29,20.903,20.903,20.245,20.41,861658,0
1998-12-30,20.492,20.492,20.245,20.367,501092,0
1998-12-31,20.367,20.492,20.245,20.447,860967,0
1999-01-04,20.324,20.367,19.551,19.798,2504072,0
1999-01-05,19.673,19.92,19.509,19.586,2499229,0
1999-01-06,20,20.289,19.877,20.202,2475856,0
1999-01-07,19.92,20.289,19.712,20.202,1904644,0
1999-01-08,20.166,20.41,19.92,20.202,1429692,0
1999-01-11,20.078,20.122,19.509,19.509,1291522,0
1999-01-12,19.551,19.629,19.218,19.383,1264690,0
1999-01-13,18.892,19.673,18.849,19.673,1868264,0
1999-01-14,19.509,19.798,19.181,19.551,2929640,0
1999-01-15,19.586,19.673,19.26,19.673,2387477,0
1999-01-19,19.509,19.673,19.26,19.551,1401889,0
1999-01-20,19.181,19.673,18.892,19.342,2039488,0
1999-01-21,19.586,20.78,19.586,20,4937877,0
1999-01-22,20.166,21.639,20.078,21.315,3571531,0
1999-01-25,21.396,21.966,20.981,21.596,3826155,0
1999-01-26,21.639,21.807,21.396,21.559,2707106,0
1999-01-27,21.596,21.807,21.559,21.684,2974872,0
1999-01-28,21.559,21.719,21.474,21.639,2563542,0
1999-01-29,21.639,21.639,21.315,21.639,1538816,0
1999-02-01,21.596,21.596,21.068,21.436,1464409,0
1999-02-02,21.353,21.596,21.315,21.596,1751947,0
1999-02-03,21.596,22.459,21.559,22.3,2847490,0
1999-02-04,22.332,22.95,22.176,22.912,3918135,0
1999-02-05,22.825,22.912,22.543,22.543,3172236,0
1999-02-08,22.703,24.345,22.703,23.651,5988881,0
1999-02-09,23.773,23.898,22.872,23.035,2918854,0
1999-02-10,22.95,23.562,22.872,23.317,1690818,0
1999-02-11,23.112,23.562,23.112,23.404,3549816,0
1999-02-12,23.404,23.606,23.161,23.282,1089038,0
1999-02-16,23.112,23.484,22.623,22.667,1766471,0
1999-02-17,22.667,22.79,22.5,22.581,1784038,0
1999-02-18,22.581,22.581,21.886,22.176,1987629,0
1999-02-19,22.13,22.378,21.639,22.13,1902982,0
1999-02-22,22.254,23.441,22.13,23.36,2357464,0
1999-02-23,23.441,23.562,22.5,22.79,1701327,0
1999-02-24,23.112,23.651,22.992,23.606,2071855,0
1999-02-25,23.441,23.852,23.317,23.73,2149312,0
1999-02-26,23.898,24.3,23.808,24.265,3338482,0
1999-03-01,24.265,24.265,23.238,23.317,2561188,0
1999-03-02,23.282,23.282,21.886,22.052,2788155,0
1999-03-03,22.052,22.42,21.966,22.332,1807692,0
1999-03-04,22.42,22.543,22.13,22.3,1626228,0
1999-03-05,22.623,22.703,22.3,22.332,1801464,0
1999-03-08,22.5,22.581,22.3,22.3,800113,0
1999-03-09,22.378,22.912,22.13,22.212,1548914,0
1999-03-10,22.189,24.287,22.189,23.919,2956338,0
1999-03-11,24.243,24.452,23.506,23.875,2280148,0
1999-03-12,24.206,24.287,23.137,23.506,1671176,0
1999-03-15,24.04,24.165,23.34,23.462,2078081,0
1999-03-16,24.04,24.452,23.919,24.41,3092983,0
1999-03-17,24.697,26.181,24.697,26.015,5870628,0
1999-03-18,25.688,26.392,25.4,26.303,3025907,0
1999-03-19,25.688,26.015,25.276,25.979,2729237,0
1999-03-22,25.522,25.811,25.032,25.478,2611118,0
1999-03-23,25.108,25.603,24.578,25.522,2752331,0
1999-03-24,25.522,26.224,25.4,25.979,2124274,0
1999-03-25,26.181,26.346,25.811,26.015,2100483,0
1999-03-26,25.856,25.856,25.4,25.566,1955675,0
1999-03-29,25.979,27.003,25.934,26.674,2625781,0
1999-03-30,26.635,26.635,26.181,26.591,1379209,0
1999-03-31,26.427,26.512,25.77,26.015,1394702,0
1999-04-01,26.137,26.137,25.603,26.015,1319323,0
1999-04-05,26.057,26.137,25.77,25.934,1148098,0
1999-04-06,26.015,26.181,25.566,25.688,1268148,0
1999-04-07,26.137,27.66,26.015,27.418,2237408,0
1999-04-08,27.293,27.497,26.761,27.207,1826774,0
1999-04-09,27.003,28.032,26.795,27.829,2018334,0
1999-04-12,27.741,31.286,27.459,30.138,4945485,0
1999-04-13,30.294,32.522,30.138,31.619,7303502,0
1999-04-14,31.532,31.532,29.144,29.187,4996656,0
1999-04-15,29.144,29.311,27.66,28.407,2347921,0
1999-04-16,28.566,29.76,28.154,29.559,1838392,0
1999-04-19,30.381,30.46,28.407,29.311,3613441,0
1999-04-20,29.103,29.144,28.075,28.855,1495939,0
1999-04-21,29.022,29.476,27.829,28.654,2204082,0
1999-04-22,29.065,29.883,29.022,29.638,2045299,0
1999-04-23,29.638,30.013,28.977,29.187,1283638,0
1999-04-26,29.225,30.214,28.733,30.214,2938909,0
1999-04-27,31.775,31.943,31.118,31.619,3101143,0
1999-04-28,31.619,31.619,30.628,30.915,2041707,0
1999-04-29,30.628,32.233,30.583,31.286,1542275,0
1999-04-30,31.286,31.989,30.504,31.118,2371295,0
1999-05-03,30.959,31.451,30.67,31.366,1189866,0
1999-05-04,31.407,31.575,29.724,30.294,1923588,0
1999-05-05,30.214,30.959,29.514,30.67,2189419,0
1999-05-06,30.628,31.451,30.628,30.828,2336991,0
1999-05-07,31.205,33.057,31.083,32.934,4377454,0
1999-05-10,32.934,32.934,31.82,31.901,2762291,0
1999-05-11,32.277,32.478,32.029,32.233,3183440,0
1999-05-12,32.355,32.355,31.653,31.775,1094985,0
1999-05-13,31.697,32.6,31.697,31.862,5266500,0
1999-05-14,31.494,32.277,30.874,31.494,1997585,0
1999-05-17,31.33,31.901,31.083,31.532,2501996,0
1999-05-18,31.619,31.742,31.118,31.407,2259958,0
1999-05-19,31.33,33.258,31.33,32.847,3378867,0
1999-05-20,32.847,33.548,32.725,32.934,2817060,0
1999-05-21,33.223,33.258,32.066,32.188,1733277,0
1999-05-24,32.277,32.6,31.407,31.943,2462991,0
1999-05-25,31.943,32.437,30.828,30.828,2091080,0
1999-05-26,31.619,32.766,30.959,32.188,3244292,0
1999-05-27,32.934,34.739,32.644,34.003,4909248,0
1999-05-28,33.838,34.495,33.671,34.126,1534386,0
1999-06-01,34.251,34.292,33.427,34.003,1561086,0
1999-06-02,34.085,34.33,32.725,32.847,2391625,0
1999-06-03,32.766,33.512,32.564,33.258,2084303,0
1999-06-04,33.427,34.909,33.427,34.205,1985827,0
1999-06-07,34.251,34.909,34.205,34.33,1343667,0
1999-06-08,34.003,35.399,33.961,34.988,1700499,0
1999-06-09,35.334,35.5,33.931,34.055,3524093,0
1999-06-10,33.686,33.81,32.448,33.15,2314727,0
1999-06-11,33.193,33.352,32.616,32.906,1662464,0
1999-06-14,33.352,33.352,31.205,31.205,2303659,0
1999-06-15,31.048,31.205,29.065,30.425,4084515,0
1999-06-16,31.372,32.036,31.249,31.784,3300172,0
1999-06-17,31.705,32.118,31.292,31.705,1715575,0
1999-06-18,31.95,32.16,30.058,30.714,4188388,0
1999-06-21,31.372,32.531,31.292,32.362,4045652,0
1999-06-22,31.705,33.107,31.705,32.202,2897418,0
1999-06-23,31.914,32.036,30.883,31.126,3181775,0
1999-06-24,31.205,31.414,30.923,30.959,1994265,0
1999-06-25,31.083,31.538,30.59,30.714,693201,0
1999-06-28,30.883,31.494,30.381,30.469,1186684,0
1999-06-29,30.504,30.59,29.559,29.599,2514166,0
1999-06-30,29.144,29.599,27.577,28.11,4033064,0
1999-07-01,28.154,29.766,28.154,29.187,2763397,0
1999-07-02,29.514,30.381,29.514,29.599,1569659,0
1999-07-06,29.724,30.634,29.679,29.766,2420943,0
1999-07-07,29.969,30.058,27.121,28.2,4406222,0
1999-07-08,28.4,29.435,28.154,29.187,4034033,0
1999-07-09,29.065,29.144,28.646,29.022,1332876,0
1999-07-12,28.9,28.977,27.908,28.277,2039628,0
1999-07-13,28.2,28.855,28.075,28.689,2340449,0
1999-07-14,28.977,29.803,28.775,29.022,1588468,0
1999-07-15,29.889,29.889,29.065,29.103,1023617,0
1999-07-16,28.9,29.022,28.321,28.9,1486534,0
1999-07-19,28.9,29.267,28.486,28.733,1214619,0
1999-07-20,28.775,29.022,28.277,28.277,1900076,0
1999-07-21,28.4,28.4,27.453,27.621,1550435,0
1999-07-22,27.533,27.908,27.409,27.453,1263166,0
1999-07-23,27.497,27.989,27.207,27.286,1797453,0
1999-07-26,27.245,27.367,26.34,26.418,1766884,0
1999-07-27,26.418,26.665,25.516,26.418,3572225,0
1999-07-28,26.418,28.032,26.418,27.409,2625503,0
1999-07-29,27.409,27.741,26.917,27.577,1830092,0
1999-07-30,27.741,28.364,27.33,27.786,1547809,0
1999-08-02,27.786,27.821,27.245,27.245,1008127,0
1999-08-03,27.245,27.497,26.957,27.245,1767162,0
1999-08-04,27.245,28.2,27.245,27.286,1953188,0
1999-08-05,27.409,27.577,26.957,27.039,2406837,0
1999-08-06,26.957,27.409,26.795,27.164,822382,0
1999-08-09,27.121,27.866,27.121,27.577,878808,0
1999-08-10,28.277,28.277,26.917,26.997,1744619,0
1999-08-11,26.833,26.833,25.472,26.05,3090636,0
1999-08-12,26.418,26.997,26.253,26.418,2067983,0
1999-08-13,27.085,27.164,26.753,27.039,1287370,0
1999-08-16,27.164,27.164,26.753,26.957,971891,0
1999-08-17,27.085,27.533,27.039,27.533,1544347,0
1999-08-18,27.453,27.621,27.121,27.497,1229146,0
1999-08-19,27.409,27.7,27.245,27.621,1236751,0
1999-08-20,27.7,28.566,27.577,28.443,1639783,0
1999-08-23,28.566,29.225,28.566,28.936,1878778,0
1999-08-24,28.775,29.267,28.4,29.187,1560946,0
1999-08-25,29.492,30.034,29.449,29.992,1453483,0
1999-08-26,29.992,29.992,29.326,29.492,1110475,0
1999-08-27,29.412,29.703,28.87,28.912,730547,0
1999-08-30,28.959,28.993,28.169,28.208,1521250,0
1999-08-31,28.127,28.413,27.338,27.338,4479525,0
1999-09-01,27.59,28.502,27.547,28.371,2135199,0
1999-09-02,26.84,27.837,26.681,27.09,4458365,0
1999-09-03,27.626,28.208,27.258,27.959,1600087,0
1999-09-07,28.003,28.459,27.425,27.669,1578648,0
1999-09-08,27.59,27.837,26.84,27.003,1931751,0
1999-09-09,27.003,27.338,26.714,27.215,1751812,0
1999-09-10,27.381,27.626,27.048,27.505,1651262,0
1999-09-13,27.338,27.425,27.136,27.215,1339655,0
1999-09-14,27.173,27.59,27.003,27.215,1379346,0
1999-09-15,27.215,27.425,27.048,27.173,1050173,0
1999-09-16,27.215,27.215,26.803,26.84,1038699,0
1999-09-17,27.425,27.425,26.761,27.173,1428447,0
1999-09-20,27.173,27.381,26.924,27.09,1112412,0
1999-09-21,26.968,27.09,25.472,25.761,1749601,0
1999-09-22,25.638,26.346,25.017,25.227,2030091,0
1999-09-23,25.061,25.061,23.161,24.027,3075559,0
1999-09-24,23.651,24.314,22.66,23.735,2279869,0
1999-09-27,23.651,24.692,23.447,24.273,2006711,0
1999-09-28,24.356,24.482,23.282,23.817,1716128,0
1999-09-29,23.817,26.015,23.735,25.439,2770729,0
1999-09-30,25.761,25.761,24.104,24.936,3408049,0
1999-10-01,24.813,26.015,24.273,25.148,3527965,0
1999-10-04,25.148,25.472,24.771,24.982,3191186,0
1999-10-05,25.182,26.303,25.017,26.303,3602097,0
1999-10-06,26.216,26.427,25.638,25.848,1524293,0
1999-10-07,25.603,26.015,25.182,25.392,1307011,0
1999-10-08,25.227,25.306,24.813,25.017,1728439,0
1999-10-11,24.524,25.102,24.437,24.561,1880437,0
1999-10-12,24.813,25.761,24.813,25.392,1904919,0
1999-10-13,25.227,25.227,24.356,24.482,1264137,0
1999-10-14,24.437,24.482,23.317,24.314,3137656,0
1999-10-15,23.194,23.527,22.783,22.825,2772386,0
1999-10-18,22.992,23.694,22.495,23.527,2005331,0
1999-10-19,23.937,24.071,22.615,22.825,1352790,0
1999-10-20,23.073,23.161,21.951,22.66,3356049,0
1999-10-21,22.66,22.783,21.87,22.536,3206676,0
1999-10-22,22.371,23.527,21.951,23.112,4394188,0
1999-10-25,23.161,23.858,23.03,23.161,3072656,0
1999-10-26,23.112,23.615,22.615,23.03,2258435,0
1999-10-27,23.194,24.771,22.783,24.104,3603617,0
1999-10-28,25.182,25.27,24.561,24.852,1917920,0
1999-10-29,25.392,25.516,24.692,24.852,2031056,0
1999-11-01,24.892,25.182,24.692,25.061,1366760,0
1999-11-02,25.148,25.227,24.771,24.936,1885832,0
1999-11-03,24.356,24.561,23.57,23.817,3290073,0
1999-11-04,24.194,24.437,23.57,23.817,2671145,0
1999-11-05,23.735,24.104,23.03,23.194,2398262,0
1999-11-08,22.536,24.027,22.495,23.735,2348749,0
1999-11-09,23.983,24.194,23.161,23.238,1577958,0
1999-11-10,23.073,23.36,22.783,23.03,1443798,0
1999-11-11,23.161,23.484,22.825,23.112,1239380,0
1999-11-12,24.104,24.148,23.238,23.817,1581831,0
1999-11-15,23.773,24.314,23.615,23.615,1800909,0
1999-11-17,24.194,24.604,23.484,23.694,1935760,0
1999-11-18,23.858,23.937,22.825,23.858,4134444,0
1999-11-19,23.735,23.937,23.36,23.817,1933134,0
1999-11-22,23.651,23.773,22.615,22.66,2007543,0
1999-11-23,22.536,22.615,21.371,21.706,2838776,0
1999-11-24,22.037,22.536,21.915,22.536,2232567,0
1999-11-26,22.615,22.615,21.87,21.951,729718,0
1999-11-29,21.994,22.739,21.581,22.536,2480004,0
1999-11-30,22.371,22.739,22.117,22.371,1494003,0
1999-12-01,22.205,22.371,21.915,21.951,1167323,0
1999-12-02,22.536,22.66,22.159,22.495,1935067,0
1999-12-03,22.703,23.03,22.205,22.325,1988454,0
1999-12-06,22.536,22.615,22.159,22.325,1819582,0
1999-12-07,22.205,22.249,20.548,21.041,3946349,0
1999-12-08,20.643,21.018,20.143,20.729,3660327,0
1999-12-09,21.063,21.518,20.561,21.229,1947519,0
1999-12-10,21.063,21.099,20.143,20.561,1438130,0
1999-12-13,20.143,20.853,19.725,20.643,5232748,0
1999-12-14,20.561,20.975,19.977,20.352,2959239,0
1999-12-15,20.229,20.433,19.81,19.977,5194162,0
1999-12-16,19.89,19.977,18.937,19.313,6734085,0
1999-12-17,19.602,19.854,19.268,19.355,4460300,0
1999-12-20,19.39,19.558,18.937,19.249,3361164,0
1999-12-21,19.313,19.436,19.024,19.024,2806413,0
1999-12-22,19.226,19.355,18.646,18.691,2259958,0
1999-12-23,18.856,20.397,18.771,20.143,3271817,0
1999-12-27,20.102,20.729,19.977,20.022,2109338,0
1999-12-28,20.309,21.229,20.309,20.729,1846000,0
1999-12-29,20.643,20.896,20.397,20.599,1018641,0
1999-12-30,20.433,20.729,20.143,20.477,1810730,0
1999-12-31,19.933,20.896,19.933,20.352,1095957,0
2000-01-03,20.643,21.182,20.186,20.643,2449716,0
2000-01-04,19.643,20.896,19.643,20.186,3482596,0
2000-01-05,20.309,21.474,20.309,21.43,2827434,0
2000-01-06,21.43,22.059,21.43,21.895,8957941,0
2000-01-07,21.975,22.602,21.975,22.472,2400890,0
2000-01-10,22.558,22.891,22.015,22.059,1742406,0
2000-01-11,21.975,22.059,21.604,21.807,1461226,0
2000-01-12,21.975,22.182,21.099,21.518,3274863,0
2000-01-13,21.639,22.349,21.639,22.015,2610844,0
2000-01-14,22.472,23.31,22.436,23.265,3486053,0
2000-01-18,23.844,24.476,23.434,24.345,2645698,0
2000-01-19,24.265,24.265,23.765,23.844,2214037,0
2000-01-20,23.844,25.472,23.844,25.306,2603653,0
2000-01-21,26.968,27.136,25.681,26.093,5124592,0
2000-01-24,26.635,26.635,24.72,25.017,2880820,0
2000-01-25,25.017,25.017,24.307,24.64,2186931,0
2000-01-26,24.64,27.301,24.597,27.056,5680040,0
2000-01-27,26.968,27.011,25.349,25.848,2812495,0
2000-01-28,25.805,25.928,24.388,25.182,2356909,0
2000-01-31,25.349,25.971,24.51,25.349,2806546,0
2000-02-01,25.848,25.971,25.141,25.306,3713024,0
2000-02-02,25.096,25.848,24.974,25.72,2383463,0
2000-02-03,25.384,25.885,25.263,25.431,2046821,0
2000-02-04,25.384,25.55,24.887,25.017,2490790,0
2000-02-07,25.017,25.971,25.017,25.596,1923172,0
2000-02-08,26.635,27.801,26.137,27.632,4707318,0
2000-02-09,27.923,27.966,26.346,27.258,3534468,0
2000-02-10,27.885,28.551,27.221,28.133,4631385,0
2000-02-11,28.596,28.632,27.512,27.966,4074972,0
2000-02-14,28.133,28.632,27.756,27.923,2063835,0
2000-02-15,27.923,28.965,27.923,28.717,4710642,0
2000-02-16,29.795,30.09,29.051,29.969,4467213,0
2000-02-17,29.67,29.76,28.551,28.928,2220124,0
2000-02-18,28.763,29.007,27.221,27.966,3150519,0
2000-02-22,27.966,28.088,27.136,27.387,2048484,0
2000-02-23,27.801,28.8,27.09,27.136,2363548,0
2000-02-24,27.136,27.136,26.05,26.761,1723596,0
2000-02-25,26.591,26.721,25.55,26.137,1423329,0
2000-02-28,26.55,27.466,26.383,27.301,2644452,0
2000-02-29,27.301,28.344,26.846,27.844,2001731,0
2000-03-02,29.969,31.879,29.76,30.006,3230742,0
2000-03-03,30.173,31.587,30.138,31.423,4012455,0
2000-03-06,31.256,32.376,30.801,31.964,3842891,0
2000-03-07,31.964,33.129,31.922,32.421,3848565,0
2000-03-08,32.522,32.688,30.018,30.809,4506220,0
2000-03-09,30.73,30.73,29.514,30.432,2437959,0
2000-03-10,30.73,32.732,30.73,32.522,6154298,0
2000-03-13,31.35,31.604,30.518,30.938,2038110,0
2000-03-14,30.809,30.938,30.099,30.64,2653440,0
2000-03-15,30.809,31.142,29.724,30.353,2176828,0
2000-03-16,31.393,31.393,28.971,30.765,2654826,0
2000-03-17,30.31,30.73,29.724,30.395,2235061,0
2000-03-20,30.143,30.599,29.305,29.47,1992882,0
2000-03-21,29.47,30.599,29.225,30.599,1913220,0
2000-03-22,30.432,30.562,29.559,29.934,1441860,0
2000-03-23,29.848,30.058,28.893,29.724,2035757,0
2000-03-24,29.559,30.018,28.516,28.847,2002838,0
2000-03-27,28.928,30.185,28.928,30.058,4567765,0
2000-03-28,29.766,29.889,27.387,27.764,2669487,0
2000-03-29,28.054,29.889,27.885,29.305,3738193,0
2000-03-30,29.644,30.395,28.682,29.014,3498919,0
2000-03-31,28.725,29.599,27.809,29.349,2134232,0
2000-04-03,29.389,29.559,28.428,29.138,1907132,0
2000-04-04,29.181,29.47,23.715,27.221,3203358,0
2000-04-05,26.881,26.968,26.05,26.681,2175171,0
2000-04-06,27.722,27.722,27.178,27.632,1301477,0
2000-04-07,29.058,29.305,27.809,28.217,2444461,0
2000-04-10,28.306,28.386,27.056,27.221,1475471,0
2000-04-11,27.09,27.387,25.761,26.137,1608246,0
2000-04-12,26.55,26.714,24.881,25.01,2122476,0
2000-04-13,25.384,26.681,25.088,25.885,2892301,0
2000-04-14,25.464,25.885,23.795,24.293,3010415,0
2000-04-17,23.374,25.088,22.878,24.713,2493697,0
2000-04-18,25.046,25.133,24.213,24.503,3034895,0
2000-04-19,24.713,25.963,24.671,25.632,2256360,0
2000-04-20,25.423,25.72,25.088,25.298,1769792,0
2000-04-24,24.881,25.256,24.172,24.381,1219186,0
2000-04-25,24.713,25.219,24.469,25.176,2344184,0
2000-04-26,25.176,25.384,24.757,25.046,1834657,0
2000-04-27,24.005,25.046,23.961,24.671,1387925,0
2000-04-28,24.757,25.464,24.713,25.046,1791502,0
2000-05-01,25.256,26.137,25.176,25.632,2802674,0
2000-05-02,25.675,26.55,25.509,26.137,2830200,0
2000-05-03,26.635,26.681,24.213,24.967,2601438,0
2000-05-04,24.967,25.298,24.381,25.298,1707964,0
2000-05-05,25.088,25.176,24.845,25.133,1306873,0
2000-05-08,24.967,26.261,24.713,25.596,1377136,0
2000-05-09,24.881,25.596,24.671,25.088,1488332,0
2000-05-10,25.088,25.133,23.043,23.715,4676616,0
2000-05-11,25.675,26.591,24.503,24.988,5462619,0
2000-05-12,26.303,26.512,25.928,26.383,2134372,0
2000-05-15,26.47,27.221,26.175,26.761,2105605,0
2000-05-16,27.512,27.555,26.383,26.681,1578784,0
2000-05-17,26.216,26.591,26.152,26.55,1401482,0
2000-05-18,26.47,27.221,26.47,26.803,1460254,0
2000-05-19,26.55,26.591,25.885,26.261,2002560,0
2000-05-22,26.34,26.427,25.842,25.963,2774183,0
2000-05-23,26.55,26.635,26.05,26.303,2328419,0
2000-05-24,26.137,26.175,25.088,25.464,3111520,0
2000-05-25,25.384,26.175,25.384,26.137,1707829,0
2000-05-26,26.093,26.383,25.675,25.928,1568276,0
2000-05-30,26.216,27.258,26.216,27.178,2152624,0
2000-05-31,27.221,27.932,26.924,27.764,2694523,0
2000-06-01,28.054,29.058,27.555,29.058,2986211,0
2000-06-02,29.058,29.389,28.551,28.725,2203805,0
2000-06-05,28.725,28.928,27.932,28.178,1156947,0
2000-06-06,28.178,29.058,28.01,28.725,1400092,0
2000-06-07,28.74,28.819,27.439,27.569,1625954,0
2000-06-08,27.734,28.906,27.569,28.486,2710426,0
2000-06-09,28.486,28.486,27.65,27.945,945890,0
2000-06-12,28.024,28.573,28.024,28.364,996512,0
2000-06-13,28.486,28.74,28.068,28.443,1848071,0
2000-06-14,28.819,29.412,28.61,29.031,2707797,0
2000-06-15,29.16,29.326,28.2,28.654,1696628,0
2000-06-16,28.819,28.819,28.068,28.443,1975319,0
2000-06-19,29.16,29.492,28.232,28.232,2915119,0
2000-06-20,28.819,29.072,28.154,28.906,1901599,0
2000-06-21,29.412,30.077,29.031,29.831,2074206,0
2000-06-22,30.122,30.243,28.819,29.578,2253319,0
2000-06-23,29.624,29.659,28.953,29.16,1515995,0
2000-06-26,29.326,29.999,28.573,29.203,1492066,0
2000-06-27,27.48,27.48,24.337,25.306,9334833,0
2000-06-28,26.015,27.02,25.638,26.964,8327259,0
2000-06-29,27.106,27.734,26.144,26.809,4084934,0
2000-06-30,26.809,28.068,26.729,27.945,4274278,0
2000-07-03,27.945,28.154,27.734,28.154,716989,0
2000-07-05,28.486,28.486,26.809,27.48,2069503,0
2000-07-06,27.48,27.945,27.229,27.274,1383359,0
2000-07-07,27.396,27.604,26.642,27.439,1773252,0
2000-07-10,27.604,28.443,27.604,28.232,1187374,0
2000-07-11,28.654,28.654,27.902,28.232,1961485,0
2000-07-12,28.407,28.74,28.154,28.486,1773386,0
2000-07-13,28.2,28.364,27.396,28.11,1566617,0
2000-07-14,28.154,28.819,27.734,28.74,1773386,0
2000-07-17,28.784,28.784,27.274,27.879,1906021,0
2000-07-18,27.569,28.364,27.527,27.945,978531,0
2000-07-19,27.989,28.573,27.815,28.486,986826,0
2000-07-20,28.654,28.654,28.024,28.11,1001904,0
2000-07-21,28.154,28.486,27.604,28.068,1153348,0
2000-07-24,28.819,30.077,28.407,28.74,3312621,0
2000-07-25,29.16,29.535,28.277,29.492,2548192,0
2000-07-26,29.16,29.326,28.11,28.697,1415310,0
2000-07-27,28.321,29.031,27.989,27.989,1648769,0
2000-07-28,28.068,28.532,27.361,27.488,2191768,0
2000-07-31,27.815,28.443,27.815,28.11,2861183,0
2000-08-01,28.154,29.326,28.154,29.282,2335888,0
2000-08-02,29.16,30.288,29.16,30.034,2319289,0
2000-08-03,29.578,29.744,28.993,29.37,2227868,0
2000-08-04,29.449,29.659,28.953,29.544,1171332,0
2000-08-07,29.999,31.048,29.999,30.634,2940432,0
2000-08-08,30.959,31.668,30.331,31.286,3943028,0
2000-08-09,31.503,31.799,31.048,31.459,2535880,0
2000-08-10,31.459,31.754,30.835,31.261,1981818,0
2000-08-11,31.212,31.212,30.496,31.126,1638952,0
2000-08-14,31.126,32.261,31.126,31.632,2606279,0
2000-08-15,31.842,31.842,31.423,31.503,1937420,0
2000-08-16,31.668,31.668,31.083,31.35,1341036,0
2000-08-17,31.423,31.922,31.256,31.713,2015977,0
2000-08-18,31.503,31.503,30.793,30.959,1674915,0
2000-08-21,31.126,31.256,30.753,31.083,1491656,0
2000-08-22,31.002,31.212,30.288,30.542,2090941,0
2000-08-23,30.851,31.438,30.685,30.973,1609490,0
2000-08-24,30.896,31.27,30.345,30.851,1485153,0
2000-08-25,31.06,31.525,30.765,31.438,1952770,0
2000-08-28,31.438,31.82,31.358,31.775,2485117,0
2000-08-29,31.862,31.901,31.315,31.4,1337580,0
2000-08-30,31.018,31.27,30.388,30.758,1770760,0
2000-08-31,30.432,31.27,30.345,30.988,1190143,0
2000-09-01,31.61,32.072,31.358,31.828,1358187,0
2000-09-05,32.152,32.196,31.4,31.61,1548219,0
2000-09-06,31.61,32.11,31.567,32.029,1503686,0
2000-09-07,32.196,32.283,31.567,31.735,1049901,0
2000-09-08,31.61,31.61,30.301,30.896,2014457,0
2000-09-11,30.938,32.241,30.938,31.639,1538127,0
2000-09-12,31.862,31.901,31.358,31.82,1094016,0
2000-09-13,31.567,31.648,29.927,30.301,2910277,0
2000-09-14,30.938,31.19,30.555,30.569,2271575,0
2000-09-15,30.555,31.149,30.555,30.896,2421221,0
2000-09-18,30.765,31.27,29.927,30.107,2577650,0
2000-09-19,30.221,30.388,28.959,29.209,1603131,0
2000-09-20,29.341,29.551,28.25,28.538,1977391,0
2000-09-21,28.582,28.582,26.984,27.279,2415277,0
2000-09-22,27.07,27.488,26.695,26.889,2131741,0
2000-09-25,26.902,27.028,26.651,26.977,1823040,0
2000-09-26,26.984,27.997,26.729,27.786,2154151,0
2000-09-27,27.741,28.328,27.448,27.952,1422916,0
2000-09-28,27.7,28.413,27.577,28.169,1981956,0
2000-09-29,28.075,28.459,27.908,28.413,1441724,0
2000-10-02,28.833,29.419,28.413,28.998,2240870,0
2000-10-03,29.175,29.969,28.959,29.551,2245573,0
2000-10-04,29.551,29.551,28.413,28.879,1673531,0
2000-10-05,28.833,29.132,28.538,29.088,1513231,0
2000-10-06,28.749,29.175,28.25,28.493,1834104,0
2000-10-09,28.493,29.296,28.493,29.254,1063451,0
2000-10-10,29.254,30.221,29.175,29.631,1787080,0
2000-10-11,29.462,29.67,28.493,29.132,1739780,0
2000-10-12,29.254,29.927,28.328,28.709,2102007,0
2000-10-13,28.709,28.833,27.786,28.075,3456597,0
2000-10-16,28.25,28.833,27.866,28.25,2146956,0
2000-10-17,28.25,28.413,27.866,28.038,2452894,0
2000-10-18,28.038,28.038,27.151,27.533,1924420,0
2000-10-19,27.577,27.908,27.367,27.577,1652919,0
2000-10-20,27.741,27.997,26.984,27.07,1972137,0
2000-10-23,27.402,27.488,27.028,27.113,1659695,0
2000-10-24,27.279,27.7,26.902,26.902,1317660,0
2000-10-25,26.902,27.151,25.557,26.057,2619417,0
2000-10-26,27.237,27.402,25.934,25.979,3035032,0
2000-10-27,26.144,26.651,25.934,26.399,1682106,0
2000-10-30,26.441,27.07,26.057,26.902,1853328,0
2000-10-31,26.902,28.25,26.902,28.118,1704650,0
2000-11-01,28.118,28.959,28.038,28.833,1729129,0
2000-11-02,28.667,28.791,28.208,28.413,1200790,0
2000-11-03,28.161,28.709,27.612,27.821,1286403,0
2000-11-06,27.866,28.709,27.821,28.075,1291107,0
2000-11-07,28.25,29.088,28.25,28.879,3950913,0
2000-11-08,28.833,29.883,28.833,29.462,1903398,0
2000-11-09,29.175,29.384,28.459,28.459,1351826,0
2000-11-10,28.493,29.209,28.075,28.208,2100348,0
2000-11-13,28.208,28.879,27.488,27.577,1541306,0
2000-11-14,27.7,28.284,27.612,27.908,2811669,0
2000-11-15,28.075,28.371,27.786,28.075,1503541,0
2000-11-16,28.118,28.25,27.786,28.038,1037450,0
2000-11-17,28.161,28.328,27.821,28.208,1274647,0
2000-11-20,28.118,28.161,27.367,27.612,899144,0
2000-11-21,27.577,27.908,27.402,27.866,989182,0
2000-11-22,27.821,27.821,27.028,27.237,1752505,0
2000-11-24,27.237,27.657,27.07,27.323,421699,0
2000-11-27,27.577,27.612,27.237,27.448,1061378,0
2000-11-28,27.367,27.402,26.94,27.191,1109925,0
2000-11-29,25.557,25.681,24.213,24.503,5876436,0
2000-11-30,24.213,24.213,20.425,23.789,8436386,0
2000-12-01,23.707,24.083,23.035,23.5,2029118,0
2000-12-04,23.5,24.845,23.5,24.757,1574641,0
2000-12-05,25.053,25.681,24.713,25.096,2119159,0
2000-12-06,24.859,25.575,24.561,24.604,1759282,0
2000-12-07,24.604,25.486,24.185,24.515,1282255,0
2000-12-08,24.515,24.944,23.758,24.692,1533973,0
2000-12-11,24.515,25.407,24.056,24.859,2100072,0
2000-12-12,24.859,25.234,24.728,25.025,1244635,0
2000-12-13,25.066,25.869,24.728,25.196,2087485,0
2000-12-14,24.859,25.452,22.832,23.253,2473644,0
2000-12-15,22.451,23.758,22.451,23.419,3102664,0
2000-12-18,24.14,24.515,23.253,23.636,1599256,0
2000-12-19,23.043,24.14,23.043,23.34,1424302,0
2000-12-20,22.623,22.955,22.154,22.832,2123446,0
2000-12-21,21.271,21.864,20.425,21.482,3715788,0
2000-12-22,21.396,22.197,21.099,22.197,4242603,0
2000-12-26,23.462,25.452,23.462,25.276,5388767,0
2000-12-27,26.674,26.761,25.827,26.122,4057825,0
2000-12-28,26.674,27.221,26.081,27.221,3197824,0
2000-12-29,27.519,27.641,26.21,26.968,2395359,0
2001-01-02,26.881,26.881,25.407,25.616,2060792,0
2001-01-03,26,26.253,24.307,25.321,3244850,0
2001-01-04,25.157,25.234,23.086,23.889,3669179,0
2001-01-05,24.265,25.321,24.14,24.813,3494772,0
2001-01-08,25.321,25.616,24.9,25.108,1818474,0
2001-01-09,23.969,24.307,22.028,23.34,5033725,0
2001-01-10,23.636,24.056,23.381,23.671,2533530,0
2001-01-11,23.969,24.476,23.506,24.265,4275243,0
2001-01-12,24.476,25.407,24.185,24.476,3232404,0
2001-01-16,24.515,24.9,23.547,24.396,4304838,0
2001-01-17,24.648,25.276,24.648,24.9,20721885,0
2001-01-18,25.066,25.784,24.813,25.575,5389314,0
2001-01-19,25.486,25.827,24.771,25.784,3245953,0
2001-01-22,26.166,26.333,25.575,26.333,2720937,0
2001-01-23,26.166,26.674,25.739,26.506,2775296,0
2001-01-24,26.674,26.84,26.21,26.506,2926324,0
2001-01-25,26.506,27.221,26.418,27.048,2231740,0
2001-01-26,27.048,27.048,26.034,26.288,2347782,0
2001-01-29,26.034,26.635,26.034,26.392,2527720,0
2001-01-30,26.333,26.84,26,26.535,1524571,0
2001-01-31,26.94,27.173,26.166,26.418,2362719,0
2001-02-01,26.418,26.622,25.732,26.303,2146405,0
2001-02-02,26.282,26.521,26.231,26.406,2059409,0
2001-02-05,27.178,27.597,26.84,27.433,3754926,0
2001-02-06,27.433,27.923,27.113,27.345,2642379,0
2001-02-07,27.585,28.192,27.011,28.088,3080538,0
2001-02-08,27.684,28.8,27.684,28.763,4096550,0
2001-02-09,29.203,29.404,28.551,29.031,3728649,0
2001-02-12,29.194,29.744,28.998,29.696,3527689,0
2001-02-13,30.388,30.874,30.221,30.44,5523611,0
2001-02-14,30.185,30.518,30.149,30.488,4233199,0
2001-02-15,30.488,30.488,29.389,29.978,3322300,0
2001-02-16,29.718,29.948,29.16,29.305,2549436,0
2001-02-20,30.049,30.049,28.351,28.538,4634981,0
2001-02-21,28.697,28.9,28.01,28.127,2896864,0
2001-02-22,28.532,28.697,27.772,28.217,2865329,0
2001-02-23,27.885,28.428,27.684,28.147,3175693,0
2001-02-26,28.328,28.697,28.225,28.321,2056086,0
2001-02-27,28.29,28.632,27.519,27.676,2691752,0
2001-02-28,27.65,28.154,27.011,28.154,3205153,0
2001-03-01,28.662,29.24,28.566,29.187,4855031,0
2001-03-02,29.203,30.049,29.181,29.883,3020098,0
2001-03-05,29.896,30.59,29.71,30.365,2073241,0
2001-03-06,30.252,30.518,29.883,30.049,3159097,0
2001-03-07,30.049,30.995,29.978,30.995,2713330,0
2001-03-08,31.236,31.301,30.599,31.098,3151902,0
2001-03-09,31.236,31.466,30.488,30.496,3192151,0
2001-03-12,30.353,30.365,29.267,29.267,2364929,0
2001-03-13,29.132,29.404,28.551,29.167,2638782,0
2001-03-14,28.459,28.959,27.879,28.321,2478757,0
2001-03-15,28.459,29.341,28.386,29.305,2886904,0
2001-03-16,28.625,29.289,28.459,28.582,3303768,0
2001-03-19,28.582,28.998,28.559,28.758,1630790,0
2001-03-20,28.9,30.049,28.632,29.455,2895895,0
2001-03-21,29.462,29.571,27.981,28.075,3828505,0
2001-03-22,26.761,27.237,24.728,25.885,4976743,0
2001-03-23,26.455,27.714,26.455,27.367,3232674,0
2001-03-26,27.612,28.082,27.539,27.815,2079464,0
2001-03-27,28.284,29.132,28.133,29.132,2726607,0
2001-03-28,29.132,29.132,27.779,28.358,2447225,0
2001-03-29,28.016,28.045,27.099,27.779,3240976,0
2001-03-30,27.779,29.233,27.779,29.031,3073900,0
2001-04-02,29.644,29.927,28.459,29.509,3532251,0
2001-04-03,29.744,29.889,26.745,27.2,5705764,0
2001-04-04,27.099,27.741,26.761,27.279,3925183,0
2001-04-05,27.612,28.709,27.505,28.364,3035170,0
2001-04-06,28.459,28.532,26.427,27.632,3391870,0
2001-04-09,27.577,28.637,27.577,27.779,3051352,0
2001-04-10,27.981,29.167,27.981,29.065,2880543,0
2001-04-11,29.065,29.267,28.725,29.058,1941569,0
2001-04-12,28.965,29.296,28.625,28.928,1310608,0
2001-04-16,29.031,29.389,28.8,29.363,1709489,0
2001-04-17,29.203,29.47,29.065,29.37,2365069,0
2001-04-18,29.37,29.535,28.682,28.998,3407222,0
2001-04-19,28.9,29.058,28.045,28.284,3620907,0
2001-04-20,28.459,28.582,27.714,27.879,3327835,0
2001-04-23,28.523,28.559,27.945,28.523,2645560,0
2001-04-24,26.933,27.466,26.418,26.997,4161000,0
2001-04-25,26.997,27.562,26.86,27.301,2617619,0
2001-04-26,28.118,28.965,28.045,28.965,5080749,0
2001-04-27,29.132,29.442,28.9,29.442,3853958,0
2001-04-30,29.333,29.615,28.509,28.573,2278486,0
2001-05-01,28.928,29.501,28.758,29.389,2483046,0
2001-05-02,28.863,28.87,27.173,27.279,3912600,0
2001-05-03,27.279,27.708,26.775,27.547,1977669,0
2001-05-04,27.547,28.351,27.396,28.232,1420977,0
2001-05-07,25.747,26.833,25.407,26.616,16187584,0
2001-05-08,26.441,26.826,26.101,26.786,4695702,0
2001-05-09,26.933,27.345,26.852,27.345,3858934,0
2001-05-10,28.118,28.118,27.387,27.676,3766268,0
2001-05-11,27.439,27.569,27.09,27.258,2686221,0
2001-05-14,27.258,27.473,26.964,27.229,1956508,0
2001-05-15,27.433,27.539,27.099,27.156,2475579,0
2001-05-16,27.266,27.722,26.997,27.402,2822317,0
2001-05-17,26.833,27.728,26.795,27.448,2708213,0
2001-05-18,27.585,28.344,27.473,28.29,3661019,0
2001-05-21,28.459,28.587,28.118,28.551,3636261,0
2001-05-22,28.763,28.763,27.981,28.217,3003087,0
2001-05-23,28.459,28.587,28.118,28.371,3527274,0
2001-05-24,28.371,28.559,28.271,28.532,2746388,0
2001-05-25,28.532,28.532,27.779,27.981,2737256,0
2001-05-29,27.879,27.973,26.84,27.143,3819933,0
2001-05-30,26.933,27.314,26.607,26.657,3507633,0
2001-05-31,26.761,26.846,26.529,26.695,4045233,0
2001-06-01,26.152,26.47,26.137,26.455,4284234,0
2001-06-04,26.49,26.729,26.355,26.556,2341697,0
2001-06-05,26.529,26.58,25.575,25.885,5643801,0
2001-06-06,25.711,25.797,24.213,25.17,7092031,0
2001-06-07,25.176,25.306,24.656,25.075,3319530,0
2001-06-08,25.032,25.891,24.892,25.616,2940018,0
2001-06-11,25.531,25.848,25.439,25.805,4611195,0
2001-06-12,25.509,25.747,24.829,25.148,5681007,0
2001-06-13,25.431,25.575,24.892,24.929,4364590,0
2001-06-14,24.929,24.929,23.623,24.194,4490868,0
2001-06-15,23.707,24.967,23.707,24.373,4648120,0
2001-06-18,24.489,24.515,23.919,23.919,2938634,0
2001-06-19,24.259,24.259,23.288,23.945,3258403,0
2001-06-20,24.206,24.206,23.671,23.838,2351378,0
2001-06-21,23.636,23.937,22.681,22.95,3734322,0
2001-06-22,23.013,23.367,22.655,23.172,2920522,0
2001-06-25,23.172,23.231,21.763,22.037,6906002,0
2001-06-26,21.975,22.269,21.7,22.037,3094508,0
2001-06-27,22.105,22.581,21.836,22.325,3475133,0
2001-06-28,22.443,22.507,22.241,22.341,4110383,0
2001-06-29,22.341,22.655,22.182,22.412,3294087,0
2001-07-02,22.918,22.918,22.349,22.536,2414585,0
2001-07-03,22.805,22.805,22.341,22.443,1073687,0
2001-07-05,22.443,23.179,22.436,23.105,3103498,0
2001-07-06,22.918,23.179,22.681,22.926,3430039,0
2001-07-09,22.926,23.022,22.197,22.278,2936698,0
2001-07-10,22.581,22.855,22.514,22.602,3769038,0
2001-07-11,22.602,22.646,21.87,22.138,2976668,0
2001-07-12,21.975,22.105,21.596,22.046,2093294,0
2001-07-13,21.785,22.615,21.771,22.3,1962456,0
2001-07-16,22.412,22.637,21.903,22.13,1523743,0
2001-07-17,22.13,22.514,22.008,22.514,2728408,0
2001-07-18,22.79,22.79,22.105,22.436,3670009,0
2001-07-19,22.436,22.676,22.332,22.565,1563435,0
2001-07-20,22.891,22.918,22.075,22.349,2028011,0
2001-07-23,22.436,22.543,21.886,22.002,2329662,0
2001-07-24,21.149,21.236,20.402,20.599,7073221,0
2001-07-25,20.599,21.489,20.579,21.315,4894174,0
2001-07-26,21.763,22.217,21.639,22.159,2068121,0
2001-07-27,22.159,22.55,22.008,22.507,2414585,0
2001-07-30,22.507,22.655,22.002,22.55,2465896,0
2001-07-31,22.55,23.202,22.278,22.79,2197991,0
2001-08-01,22.79,23.128,22.681,22.863,1833412,0
2001-08-02,23.128,23.404,22.816,22.992,4774809,0
2001-08-03,23.161,23.161,22.48,22.79,2136861,0
2001-08-06,22.623,22.628,22.112,22.291,2226482,0
2001-08-07,22.217,22.378,21.903,22.075,1724566,0
2001-08-08,22.241,22.311,21.322,21.596,2676260,0
2001-08-09,21.424,21.639,21.018,21.596,2602266,0
2001-08-10,21.763,22.097,21.364,22.015,2904332,0
2001-08-13,21.935,22.105,21.733,21.807,2145577,0
2001-08-14,21.87,22.075,21.87,21.975,2212514,0
2001-08-15,21.763,22.371,21.466,22.105,3376381,0
2001-08-16,22.189,22.205,21.771,21.975,2080292,0
2001-08-17,21.975,21.975,21.54,21.706,2083058,0
2001-08-20,21.754,21.829,21.526,21.596,2656622,0
2001-08-21,21.661,21.754,21.444,21.511,1919440,0
2001-08-22,21.754,22.059,21.619,21.712,2954124,0
2001-08-23,21.895,22.159,21.653,21.975,1958444,0
2001-08-24,21.958,22.465,21.864,22.443,1646557,0
2001-08-27,22.514,22.732,22.472,22.608,1469802,0
2001-08-28,22.783,22.81,22.189,22.249,2780548,0
2001-08-29,22.405,22.565,22.159,22.472,1893438,0
2001-08-30,22.48,22.655,21.935,22.037,1777122,0
2001-08-31,22.241,22.436,21.856,22.269,1330940,0
2001-09-04,22.075,22.84,22.075,22.306,1612397,0
2001-09-05,22.168,22.436,21.909,22.311,2512504,0
2001-09-06,22.037,22.197,21.653,21.87,2243636,0
2001-09-07,21.547,21.87,21.518,21.526,2217630,0
2001-09-10,21.526,21.763,21.301,21.526,2200759,0
2001-09-17,20.868,21.416,20.627,20.757,2243636,0
2001-09-18,20.868,20.868,19.29,19.355,2630620,0
2001-09-19,19.564,19.689,17.099,18.328,3825187,0
2001-09-20,18.328,18.703,17.787,18.139,3541795,0
2001-09-21,17.273,19.153,17.238,17.787,3186207,0
2001-09-24,18.474,18.474,17.8,17.997,1912386,0
2001-09-25,18.185,18.262,17.311,17.468,2691895,0
2001-09-26,17.606,17.606,16.935,17.092,4329324,0
2001-09-27,17.439,17.592,16.927,17.452,3320779,0
2001-09-28,17.787,18.856,17.662,18.677,3696011,0
2001-10-01,18.677,18.771,18.2,18.474,2930750,0
2001-10-02,18.336,19.102,18.336,18.757,2880959,0
2001-10-03,18.892,19.573,18.71,19.369,4297097,0
2001-10-04,20.056,20.056,19.362,19.798,2379728,0
2001-10-05,19.804,20.007,19.29,19.737,2088314,0
2001-10-08,19.737,20.179,19.564,20.078,1976703,0
2001-10-09,20.592,20.592,19.766,20.179,2067431,0
2001-10-10,20.251,21.113,20.251,20.693,2652612,0
2001-10-11,20.519,21.002,20.519,20.814,2488579,0
2001-10-12,20.802,21.025,20.042,20.693,1871863,0
2001-10-15,20.519,20.685,19.839,19.94,1689158,0
2001-10-16,19.905,20.627,19.905,20.512,3453832,0
2001-10-17,20.995,20.995,19.629,19.657,2811943,0
2001-10-18,19.766,20.173,18.784,18.849,2496738,0
2001-10-19,18.821,19.782,18.697,19.463,2338102,0
2001-10-22,19.703,19.925,19.564,19.673,2104221,0
2001-10-23,19.782,19.905,19.015,19.188,2575157,0
2001-10-24,19.327,19.327,17.615,17.715,6034244,0
2001-10-25,17.649,19.132,17.649,18.879,5897600,0
2001-10-26,18.879,19.29,18.437,19.153,4329735,0
2001-10-29,19.226,19.564,18.937,19.383,2928257,0
2001-10-30,19.383,20.251,19.383,19.737,5477141,0
2001-10-31,20.251,20.251,19.564,19.751,3659636,0
2001-11-01,19.602,20.173,19.226,20.049,2862013,0
2001-11-02,20.049,20.049,19.362,19.697,1966049,0
2001-11-05,19.839,20.115,19.703,19.847,2883169,0
2001-11-06,19.673,19.94,19.493,19.847,2029534,0
2001-11-07,19.804,19.925,19.537,19.839,1998555,0
2001-11-08,19.629,20.419,19.602,20.215,2719412,0
2001-11-09,20.282,20.796,20.222,20.383,2376547,0
2001-11-12,19.839,20.36,19.839,20.208,1479758,0
2001-11-13,20.383,20.749,20.022,20.649,2190384,0
2001-11-14,20.649,20.649,19.737,19.825,2046821,0
2001-11-15,19.564,19.573,18.684,19.369,3693103,0
2001-11-16,19.327,19.651,18.865,19.529,2419700,0
2001-11-19,19.428,19.477,18.813,19.455,2325099,0
2001-11-20,19.428,20.158,19.39,20.015,2694381,0
2001-11-21,20.015,20.015,18.502,18.985,4705379,0
2001-11-23,18.985,19.362,18.545,19.327,1872831,0
2001-11-26,19.015,19.327,18.255,19.327,3022172,0
2001-11-27,19.051,20.034,19.051,19.737,3546634,0
2001-11-28,19.463,19.463,18.336,18.502,7035185,0
2001-11-29,17.172,18.637,16.485,18.474,19325658,0
2001-11-30,18.336,18.568,17.967,18.278,5572297,0
2001-12-03,17.958,18.575,17.373,18.098,5116572,0
2001-12-04,18.474,18.669,17.967,18.669,4685328,0
2001-12-05,18.784,19.39,18.637,19.118,3996689,0
2001-12-06,18.879,19.188,18.612,19.007,4255326,0
2001-12-07,18.952,19.39,18.677,19.015,2731720,0
2001-12-10,18.776,18.813,17.945,18.328,3834873,0
2001-12-11,18.328,18.328,16.935,17.2,12257563,0
2001-12-12,17.034,17.041,15.478,16.319,20356195,0
2001-12-13,16.001,17.063,15.863,16.593,12009573,0
2001-12-14,16.204,17.034,15.871,16.767,8545922,0
2001-12-17,16.689,16.695,15.704,15.827,9732471,0
2001-12-18,15.518,15.718,14.345,15.242,21682570,0
2001-12-19,14.655,17.099,14.655,17.034,17726679,0
2001-12-20,17.311,17.513,16.413,16.803,10004662,0
2001-12-21,16.809,17.138,16.311,16.334,8474143,0
2001-12-24,15.929,16.232,15.892,16.027,5493599,0
2001-12-26,16.478,16.762,16.253,16.681,5614066,0
2001-12-27,16.762,17.402,16.494,17.359,12474565,0
2001-12-28,17.506,17.91,17.468,17.715,7882734,0
2001-12-31,17.925,17.925,17.238,17.599,5084899,0
