Date,Open,High,Low,Close,Volume,OpenInt
1995-01-03,8.503,8.816,8.4187,8.816,1287343,0
1995-01-04,8.7581,8.816,8.6182,8.6182,928125,0
1995-01-05,8.6741,8.8465,8.5598,8.7863,2122008,0
1995-01-06,8.816,9.0705,8.7863,8.9568,1752594,0
1995-01-09,8.9016,9.183,8.9016,9.183,2876466,0
1995-01-10,9.2138,9.3545,9.0974,9.127,1821239,0
1995-01-11,9.183,9.2422,8.9568,9.183,1875278,0
1995-01-12,9.2138,9.2675,9.1569,9.2675,1191505,0
1995-01-13,9.2976,9.4094,9.2138,9.2976,1781820,0
1995-01-16,9.2976,9.329,9.1569,9.183,1383520,0
1995-01-17,9.2422,9.2422,8.9861,9.0705,2023795,0
1995-01-18,9.183,9.2138,8.9861,9.0705,3364828,0
1995-01-19,9.0165,9.0974,8.9568,8.9568,1387256,0
1995-01-20,8.9568,8.9861,8.816,8.9568,2291932,0
1995-01-23,8.94,9.0279,8.8821,8.9139,1742397,0
1995-01-24,8.9692,9.0279,8.8821,8.8821,1227529,0
1995-01-25,8.9139,9.0541,8.9139,9.0279,1206118,0
1995-01-26,9.082,9.1665,8.94,8.94,1713511,0
1995-01-27,8.9692,8.9975,8.7983,8.7983,1372983,0
1995-01-30,8.8287,8.8527,8.6527,8.7132,1811044,0
1995-01-31,8.6832,8.7132,8.5992,8.6527,2493118,0
1995-02-01,8.6273,8.8821,8.6273,8.8821,1801872,0
1995-02-02,8.8287,9.082,8.7983,8.9975,1289382,0
1995-02-03,9.0279,9.1402,8.9692,9.0279,1579609,0
1995-02-06,9.0541,9.1127,8.9975,9.082,1906204,0
1995-02-07,9.1127,9.1127,8.94,9.0279,1442652,0
1995-02-08,8.9975,9.1665,8.9139,9.1402,2538317,0
1995-02-09,9.1402,9.1402,9.0541,9.0541,1528636,0
1995-02-10,9.082,9.1127,9.0541,9.082,920985,0
1995-02-13,9.1127,9.3682,9.1127,9.3141,2708922,0
1995-02-14,9.3388,9.3977,9.2539,9.3141,2777235,0
1995-02-15,9.2539,9.514,9.2291,9.3977,3287003,0
1995-02-16,9.4262,9.514,9.2291,9.514,1383180,0
1995-02-17,9.514,9.514,9.3141,9.3388,1521158,0
1995-02-21,9.3682,9.4817,9.284,9.4262,1695836,0
1995-02-22,9.3682,9.568,9.3682,9.568,1509943,0
1995-02-23,9.598,9.684,9.4817,9.514,1941210,0
1995-02-24,9.514,9.715,9.4817,9.684,2957353,0
1995-02-27,9.653,9.738,9.4817,9.514,2081230,0
1995-02-28,9.514,9.514,9.284,9.3141,1321326,0
1995-03-01,9.2539,9.3141,8.9139,9.0279,3665593,0
1995-03-02,9.0541,9.082,8.94,8.9692,2241970,0
1995-03-03,8.9139,9.0279,8.8527,8.8527,1518778,0
1995-03-06,8.74,8.94,8.7132,8.9139,1131013,0
1995-03-07,8.9139,8.9139,8.7132,8.7682,1575871,0
1995-03-08,8.7682,8.94,8.74,8.8287,2268479,0
1995-03-09,8.8821,8.9692,8.8527,8.9139,922004,0
1995-03-10,8.9692,9.082,8.9692,9.082,1597621,0
1995-03-13,9.082,9.082,8.8287,8.8821,1807987,0
1995-03-14,8.9975,8.9975,8.74,8.9139,3558201,0
1995-03-15,8.8527,8.8527,8.6273,8.6832,2484964,0
1995-03-16,8.5992,8.6273,8.4274,8.5118,4230760,0
1995-03-17,8.5417,8.5687,8.4541,8.5118,3573837,0
1995-03-20,8.5687,8.6273,8.4541,8.5118,1669673,0
1995-03-21,8.4844,8.6273,8.4844,8.5992,2327615,0
1995-03-22,8.5687,8.7132,8.5118,8.6273,1397113,0
1995-03-23,8.6527,8.74,8.5992,8.74,1294818,0
1995-03-24,8.7132,8.8527,8.6832,8.7682,1531354,0
1995-03-27,8.7682,8.7682,8.5687,8.5992,1960580,0
1995-03-28,8.6273,8.74,8.5992,8.74,2778252,0
1995-03-29,8.6832,8.94,8.6273,8.9139,2221246,0
1995-03-30,8.9692,9.1402,8.8821,9.0279,2210026,0
1995-03-31,8.9692,9.0541,8.8527,8.8821,1387937,0
1995-04-03,8.9139,9.0279,8.7983,9.0279,1517081,0
1995-04-04,9.0279,9.1665,9.0279,9.1665,1737298,0
1995-04-05,9.1665,9.1983,9.082,9.1402,1314531,0
1995-04-06,9.1665,9.2291,8.9692,9.0279,2413591,0
1995-04-07,9.0541,9.082,8.9975,9.082,1987089,0
1995-04-10,9.082,9.2291,9.0541,9.1402,1472562,0
1995-04-11,9.2539,9.284,9.0541,9.082,1621409,0
1995-04-12,9.1127,9.1983,9.0541,9.1983,1461004,0
1995-04-13,9.1983,9.2539,9.082,9.1127,918610,0
1995-04-17,9.1665,9.1983,8.7132,8.7132,2501955,0
1995-04-18,8.6832,8.8287,8.5687,8.7682,4259306,0
1995-04-19,8.8287,8.9975,8.74,8.8821,1464401,0
1995-04-20,8.8821,9.1665,8.7682,8.9139,3201022,0
1995-04-21,9.0279,9.1983,8.9975,9.1983,2371453,0
1995-04-24,9.1983,9.2291,9.1127,9.2291,1401193,0
1995-04-25,9.1665,9.3141,9.1665,9.3141,2216143,0
1995-04-26,9.568,9.626,9.568,9.598,105012,0
1995-04-27,9.3977,9.4817,9.3682,9.4817,1920136,0
1995-04-28,9.4817,9.684,9.4817,9.598,3034837,0
1995-05-01,9.547,9.721,9.516,9.721,1552426,0
1995-05-02,9.689,9.689,9.605,9.632,1917418,0
1995-05-03,9.632,9.721,9.632,9.689,1969074,0
1995-05-04,9.689,9.721,9.632,9.689,2080548,0
1995-05-05,9.747,9.747,9.4599,9.547,2207987,0
1995-05-08,9.516,9.776,9.516,9.776,3636709,0
1995-05-09,9.747,9.923,9.747,9.923,2933903,0
1995-05-10,9.893,9.949,9.747,9.893,1850469,0
1995-05-11,9.893,9.923,9.833,9.893,1233304,0
1995-05-12,9.863,10.064,9.863,10.038,2467972,0
1995-05-15,10.093,10.093,10.007,10.093,1962961,0
1995-05-16,10.093,10.209,10.093,10.093,2118951,0
1995-05-17,10.152,10.18,10.064,10.093,2945117,0
1995-05-18,10.122,10.152,9.806,9.806,2010195,0
1995-05-19,9.863,9.978,9.806,9.863,2650469,0
1995-05-22,9.833,10.007,9.806,9.923,1228207,0
1995-05-23,9.978,9.978,9.863,9.949,1248598,0
1995-05-24,9.893,10.209,9.893,10.209,2749023,0
1995-05-25,10.18,10.209,10.038,10.122,2818694,0
1995-05-26,10.064,10.122,10.007,10.093,1808328,0
1995-05-30,10.093,10.152,10.093,10.122,1397453,0
1995-05-31,10.122,10.18,10.093,10.122,1916741,0
1995-06-01,10.122,10.122,10.064,10.064,1301277,0
1995-06-02,9.978,10.007,9.893,9.923,1775363,0
1995-06-05,9.949,10.354,9.923,10.299,2117588,0
1995-06-06,10.354,10.382,10.299,10.354,1313172,0
1995-06-07,10.324,10.411,10.324,10.382,1377063,0
1995-06-08,10.324,10.525,10.324,10.498,1450132,0
1995-06-09,10.411,10.411,10.237,10.324,3001869,0
1995-06-12,10.439,10.554,10.439,10.525,2215122,0
1995-06-13,10.525,10.814,10.498,10.759,3250978,0
1995-06-14,10.671,10.699,10.498,10.554,2043841,0
1995-06-15,10.382,10.382,10.209,10.301,2563128,0
1995-06-16,10.237,10.267,10.18,10.237,3035179,0
1995-06-19,10.209,10.267,10.122,10.18,1988789,0
1995-06-20,10.209,10.267,10.122,10.267,1391334,0
1995-06-21,10.237,10.267,10.18,10.267,1262534,0
1995-06-22,10.324,10.759,10.299,10.759,3126597,0
1995-06-23,10.671,10.729,10.585,10.642,1870182,0
1995-06-26,10.671,10.729,10.642,10.729,1209856,0
1995-06-27,10.642,10.699,10.498,10.498,1744435,0
1995-06-28,10.498,10.614,10.439,10.614,1159559,0
1995-06-29,10.554,10.614,10.469,10.525,1139850,0
1995-06-30,10.554,10.933,10.554,10.873,2127445,0
1995-07-03,10.9,10.933,10.842,10.933,873407,0
1995-07-05,10.842,11.046,10.814,11.018,1736619,0
1995-07-06,10.956,11.248,10.956,11.191,2570944,0
1995-07-07,11.191,11.509,11.191,11.191,2580461,0
1995-07-10,11.248,11.625,11.248,11.534,3619036,0
1995-07-11,11.449,11.509,11.132,11.16,4217844,0
1995-07-12,11.16,11.477,11.018,11.477,2301105,0
1995-07-13,11.365,11.477,11.219,11.305,1254715,0
1995-07-14,11.248,11.275,10.987,11.076,1249623,0
1995-07-17,11.018,11.16,10.814,11.16,1335599,0
1995-07-18,11.132,11.16,10.873,10.933,1106204,0
1995-07-19,10.873,11.018,10.498,10.729,1434835,0
1995-07-20,10.729,11.076,10.729,11.046,1354293,0
1995-07-21,11.046,11.046,10.699,10.786,2944436,0
1995-07-24,10.842,10.956,10.729,10.842,925063,0
1995-07-25,10.873,10.987,10.759,10.873,1646901,0
1995-07-26,10.966,10.993,10.849,10.939,1227869,0
1995-07-27,10.993,11.141,10.966,11.141,2120647,0
1995-07-28,11.141,11.169,10.966,10.993,1153100,0
1995-07-31,11.024,11.052,10.878,10.878,1077997,0
1995-08-01,10.878,11.052,10.705,10.878,1781483,0
1995-08-02,10.993,11.08,10.789,10.789,1294478,0
1995-08-03,10.789,10.966,10.733,10.939,1272050,0
1995-08-04,10.939,10.966,10.733,10.907,1170775,0
1995-08-07,10.907,11.314,10.907,11.256,1567374,0
1995-08-08,11.345,11.345,11.169,11.229,1103827,0
1995-08-09,11.199,11.229,11.024,11.08,1004588,0
1995-08-10,11.111,11.111,10.705,10.762,1039253,0
1995-08-11,10.789,10.878,10.528,10.557,1913680,0
1995-08-14,10.557,10.789,10.557,10.705,982500,0
1995-08-15,10.645,10.676,10.415,10.557,1536109,0
1995-08-16,10.498,10.819,10.442,10.733,1492269,0
1995-08-17,10.762,10.819,10.705,10.762,769757,0
1995-08-18,10.819,10.907,10.789,10.819,1407649,0
1995-08-21,10.762,11.052,10.645,10.705,968905,0
1995-08-22,10.733,10.849,10.705,10.819,547151,0
1995-08-23,10.789,10.789,10.472,10.472,1413085,0
1995-08-24,10.472,10.618,10.472,10.528,1130674,0
1995-08-25,10.557,10.733,10.557,10.705,1044351,0
1995-08-28,10.705,10.819,10.705,10.762,1136108,0
1995-08-29,10.819,10.878,10.733,10.789,921667,0
1995-08-30,10.762,10.819,10.733,10.733,815292,0
1995-08-31,10.762,10.789,10.705,10.705,745287,0
1995-09-01,10.733,10.762,10.705,10.733,910789,0
1995-09-05,10.789,11.08,10.789,11.052,2261345,0
1995-09-06,11.052,11.111,10.966,11.052,1163637,0
1995-09-07,11.08,11.111,10.993,11.08,764658,0
1995-09-08,11.08,11.199,11.052,11.169,1464063,0
1995-09-11,11.199,11.199,11.111,11.141,844184,0
1995-09-12,11.169,11.169,11.08,11.141,1101444,0
1995-09-13,11.08,11.08,10.993,10.993,911808,0
1995-09-14,11.111,11.111,10.993,11.111,1137810,0
1995-09-15,11.169,11.169,10.966,11.052,1543927,0
1995-09-18,10.993,10.993,10.819,10.819,1199999,0
1995-09-19,10.819,10.849,10.588,10.789,1631947,0
1995-09-20,10.733,10.907,10.733,10.819,718438,0
1995-09-21,10.819,10.819,10.588,10.645,810196,0
1995-09-22,10.588,10.676,10.528,10.557,1079693,0
1995-09-25,10.557,10.676,10.528,10.618,816995,0
1995-09-26,10.733,10.819,10.645,10.676,1534753,0
1995-09-27,10.676,10.705,10.498,10.588,1118778,0
1995-09-28,10.588,10.676,10.557,10.557,1401528,0
1995-09-29,10.588,10.789,10.588,10.618,1843674,0
1995-10-02,10.645,10.762,10.618,10.705,937979,0
1995-10-03,10.705,10.733,10.528,10.588,2404761,0
1995-10-04,10.618,10.645,10.498,10.498,1405271,0
1995-10-05,10.498,10.789,10.498,10.733,1433813,0
1995-10-06,10.705,10.762,10.588,10.588,871029,0
1995-10-09,10.588,10.588,10.415,10.415,1335262,0
1995-10-10,10.415,10.849,10.383,10.789,1888190,0
1995-10-11,10.762,10.819,10.618,10.676,1144942,0
1995-10-12,10.676,10.762,10.645,10.733,1033476,0
1995-10-13,10.789,11.169,10.762,11.08,1450807,0
1995-10-16,11.111,11.169,11.052,11.052,876806,0
1995-10-17,11.052,11.052,10.907,10.939,790484,0
1995-10-18,10.907,11.111,10.907,11.08,730330,0
1995-10-19,11.08,11.08,10.789,10.907,1494649,0
1995-10-20,10.907,10.993,10.849,10.878,1263213,0
1995-10-23,10.762,10.789,10.705,10.705,775872,0
1995-10-24,10.676,10.705,10.588,10.676,2895841,0
1995-10-25,10.71,10.797,10.652,10.681,1874597,0
1995-10-26,10.681,10.71,10.505,10.505,3962281,0
1995-10-27,10.475,10.652,10.387,10.534,3244863,0
1995-10-30,10.593,10.607,10.475,10.505,1044014,0
1995-10-31,10.505,10.624,10.358,10.358,1848769,0
1995-11-01,10.358,10.446,10.358,10.418,3910622,0
1995-11-02,10.446,10.505,10.241,10.418,1264229,0
1995-11-03,10.446,10.534,10.418,10.475,1110621,0
1995-11-06,10.446,10.475,10.327,10.358,728293,0
1995-11-07,10.358,10.652,10.358,10.505,2563471,0
1995-11-08,10.534,10.564,10.475,10.564,1552426,0
1995-11-09,10.564,10.593,10.327,10.387,1954462,0
1995-11-10,10.301,10.418,10.301,10.327,650129,0
1995-11-13,10.327,10.475,10.27,10.418,1180291,0
1995-11-14,10.358,10.387,10.27,10.301,1382837,0
1995-11-15,10.18,10.475,10.004,10.475,4430932,0
1995-11-16,10.418,10.418,10.18,10.301,2221585,0
1995-11-17,10.209,10.327,10.18,10.27,2054716,0
1995-11-20,10.241,10.327,10.122,10.18,2672558,0
1995-11-21,10.093,10.18,10.035,10.093,3185389,0
1995-11-22,10.062,10.301,9.945,10.27,6298388,0
1995-11-24,10.241,10.27,10.152,10.18,1270350,0
1995-11-27,10.18,10.475,10.122,10.418,2729655,0
1995-11-28,10.418,10.475,10.152,10.418,2860498,0
1995-11-29,10.564,10.624,10.505,10.534,1506883,0
1995-11-30,10.534,10.652,10.418,10.624,1636021,0
1995-12-01,10.652,10.739,10.475,10.593,956670,0
1995-12-04,10.593,10.652,10.418,10.446,718097,0
1995-12-05,10.241,10.534,10.241,10.534,2034327,0
1995-12-06,10.564,10.71,10.27,10.327,1446390,0
1995-12-07,10.241,10.27,10.152,10.241,2476130,0
1995-12-08,10.27,10.27,9.975,10.152,1532372,0
1995-12-11,10.093,10.152,9.975,10.035,1877317,0
1995-12-12,9.975,10.062,9.83,9.86,2169585,0
1995-12-13,9.86,9.945,9.595,9.684,3060664,0
1995-12-14,9.626,9.889,9.626,9.889,3910963,0
1995-12-15,9.889,9.945,9.83,9.916,3607821,0
1995-12-18,9.772,9.889,9.715,9.772,2787089,0
1995-12-19,9.83,10.062,9.772,10.004,2575363,0
1995-12-20,10.004,10.122,9.889,9.889,1901106,0
1995-12-21,9.916,9.945,9.803,9.889,2349706,0
1995-12-22,9.889,9.916,9.83,9.889,1757350,0
1995-12-26,9.83,10.062,9.83,10.062,1127951,0
1995-12-27,10.062,10.18,9.916,10.152,1038573,0
1995-12-28,10.035,10.18,10.035,10.122,1309430,0
1995-12-29,10.093,10.152,10.062,10.152,1009006,0
1996-01-02,10.122,10.652,10.122,10.652,1660494,0
1996-01-03,10.534,10.564,10.446,10.475,2867972,0
1996-01-04,10.446,10.534,10.241,10.301,2442142,0
1996-01-05,10.27,10.327,10.004,10.122,2131865,0
1996-01-08,10.093,10.18,10.035,10.062,929482,0
1996-01-09,10.062,10.122,9.772,9.913,2836704,0
1996-01-10,10.004,10.093,9.945,9.945,1862021,0
1996-01-11,10.004,10.18,10.004,10.18,3725409,0
1996-01-12,10.18,10.27,10.004,10.004,2190655,0
1996-01-15,9.889,9.945,9.742,9.742,2508752,0
1996-01-16,9.4758,9.684,9.3741,9.653,4857779,0
1996-01-17,9.507,9.715,9.507,9.715,1975873,0
1996-01-18,9.684,9.684,9.45,9.538,1425320,0
1996-01-19,9.4758,9.742,9.4193,9.653,2877150,0
1996-01-22,9.889,10.152,9.86,10.004,1890230,0
1996-01-23,9.99,9.99,9.684,9.742,1816824,0
1996-01-24,9.684,9.742,9.626,9.684,1561941,0
1996-01-25,9.684,10.035,9.626,9.945,1662874,0
1996-01-26,10.004,10.004,9.83,9.945,1398129,0
1996-01-29,9.916,10.387,9.916,10.358,2238238,0
1996-01-30,10.418,10.858,10.387,10.681,3706033,0
1996-01-31,10.629,10.924,10.566,10.924,3567040,0
1996-02-01,10.865,10.865,10.629,10.658,1849110,0
1996-02-02,10.629,10.716,10.629,10.658,1574514,0
1996-02-05,10.598,10.629,10.478,10.629,1269329,0
1996-02-06,10.598,10.803,10.537,10.803,1516742,0
1996-02-07,10.803,10.98,10.777,10.952,1355652,0
1996-02-08,10.892,10.924,10.745,10.836,1960240,0
1996-02-09,10.777,10.952,10.658,10.716,2948855,0
1996-02-12,10.836,11.132,10.803,11.039,3110962,0
1996-02-13,10.952,11.012,10.745,10.777,3921157,0
1996-02-14,10.716,10.777,10.39,10.629,2182842,0
1996-02-15,10.629,10.658,10.449,10.478,912833,0
1996-02-16,10.361,10.566,10.212,10.361,1908244,0
1996-02-20,10.125,10.302,10.125,10.155,1231264,0
1996-02-21,10.184,10.449,10.184,10.39,1030757,0
1996-02-22,10.449,10.716,10.419,10.658,2839086,0
1996-02-23,10.658,10.716,10.566,10.658,2513852,0
1996-02-26,10.598,10.658,10.566,10.598,2757523,0
1996-02-27,10.537,10.566,10.39,10.449,2288194,0
1996-02-28,10.507,10.566,10.302,10.302,1647919,0
1996-02-29,10.155,10.184,10.035,10.035,1635004,0
1996-03-01,10.062,10.097,9.889,9.945,4226341,0
1996-03-04,9.916,10.566,9.889,10.419,5803913,0
1996-03-05,10.361,10.39,10.155,10.302,2256924,0
1996-03-06,10.302,10.361,10.155,10.272,2794566,0
1996-03-07,10.272,10.745,10.272,10.687,4275280,0
1996-03-08,10.478,10.716,10.419,10.478,5193549,0
1996-03-11,10.478,10.716,10.419,10.687,3945288,0
1996-03-12,10.658,10.687,10.537,10.658,3324727,0
1996-03-13,10.629,10.658,10.507,10.658,1711471,0
1996-03-14,10.629,10.777,10.566,10.658,3262195,0
1996-03-15,10.687,10.836,10.658,10.836,3763468,0
1996-03-18,10.836,11.515,10.836,11.308,4536963,0
1996-03-19,11.542,11.724,11.339,11.515,4809520,0
1996-03-20,11.483,11.483,11.132,11.252,2048261,0
1996-03-21,11.219,11.252,11.103,11.132,1632628,0
1996-03-22,11.103,11.103,10.952,11.012,1242484,0
1996-03-25,11.069,11.191,11.069,11.103,1644860,0
1996-03-26,11.132,11.219,11.039,11.191,878845,0
1996-03-27,11.16,11.191,11.012,11.103,1111641,0
1996-03-28,11.012,11.039,10.924,10.98,1553101,0
1996-03-29,11.012,11.219,10.924,10.924,3074935,0
1996-04-01,10.924,10.924,10.865,10.892,3328466,0
1996-04-02,10.952,11.16,10.952,11.132,2138999,0
1996-04-03,11.069,11.103,10.98,11.012,1206797,0
1996-04-04,11.012,11.069,10.98,11.012,1351572,0
1996-04-08,10.836,10.892,10.777,10.892,1474596,0
1996-04-09,11.103,11.278,11.039,11.191,2855055,0
1996-04-10,11.039,11.395,11.039,11.191,2696348,0
1996-04-11,11.132,11.308,10.98,11.039,1886832,0
1996-04-12,11.039,11.132,10.924,11.132,1775024,0
1996-04-15,11.16,11.219,11.103,11.191,710284,0
1996-04-16,11.605,11.692,11.515,11.577,4892104,0
1996-04-17,11.515,11.515,11.395,11.515,1701955,0
1996-04-18,11.515,11.605,11.483,11.605,870347,0
1996-04-19,11.605,11.605,11.339,11.368,1815463,0
1996-04-22,11.368,11.456,11.339,11.395,1442652,0
1996-04-23,11.368,11.456,11.308,11.368,1190144,0
1996-04-24,11.395,11.395,11.252,11.308,1181989,0
1996-04-25,11.368,11.577,11.368,11.427,3193545,0
1996-04-26,11.427,11.577,11.278,11.339,2031267,0
1996-04-29,11.368,11.811,11.368,11.752,3033476,0
1996-04-30,11.782,11.782,11.633,11.724,2273240,0
1996-05-01,11.671,11.908,11.342,11.522,1364490,0
1996-05-02,11.37,11.58,11.37,11.398,1688021,0
1996-05-03,11.398,11.88,11.342,11.758,2986239,0
1996-05-06,11.788,11.817,11.549,11.609,1605440,0
1996-05-07,11.549,11.58,11.37,11.398,1374006,0
1996-05-08,11.219,11.58,11.191,11.549,1326424,0
1996-05-09,11.462,11.522,11.219,11.31,1511983,0
1996-05-10,11.462,11.462,11.31,11.37,851319,0
1996-05-13,11.398,11.847,11.398,11.758,1615972,0
1996-05-14,11.758,11.788,11.549,11.73,1430419,0
1996-05-15,11.73,11.817,11.429,11.671,2072052,0
1996-05-16,11.522,11.635,11.489,11.522,1386916,0
1996-05-17,11.635,11.758,11.58,11.698,1814788,0
1996-05-20,11.758,11.817,11.609,11.788,1258453,0
1996-05-21,11.73,11.788,11.549,11.698,1340357,0
1996-05-22,11.671,11.73,11.462,11.462,1857602,0
1996-05-23,11.73,11.73,11.398,11.58,1845370,0
1996-05-24,11.58,11.635,11.489,11.522,2101955,0
1996-05-28,11.489,11.522,11.255,11.28,1204081,0
1996-05-29,11.31,11.31,11.132,11.191,1474937,0
1996-05-30,11.191,11.219,11.012,11.16,1852167,0
1996-05-31,11.043,11.132,10.836,10.836,1306034,0
1996-06-03,10.865,10.98,10.8,10.892,1792359,0
1996-06-04,10.98,10.98,10.865,10.952,889380,0
1996-06-05,10.98,11.103,10.924,11.103,711639,0
1996-06-06,11.103,11.103,10.952,11.012,837722,0
1996-06-07,10.8,11.16,10.774,11.103,1520475,0
1996-06-10,11.103,11.103,11.043,11.072,589635,0
1996-06-11,11.072,11.342,11.072,11.342,1546303,0
1996-06-12,11.37,11.398,11.342,11.37,816995,0
1996-06-13,11.31,11.31,11.072,11.132,858116,0
1996-06-14,11.191,11.342,11.043,11.043,1790993,0
1996-06-17,11.043,11.28,11.012,11.219,877149,0
1996-06-18,11.28,11.429,11.28,11.342,1452846,0
1996-06-19,11.31,11.429,11.191,11.255,1419882,0
1996-06-20,11.28,11.342,11.132,11.191,766016,0
1996-06-21,11.191,11.191,11.012,11.132,2320141,0
1996-06-24,11.16,11.16,10.892,10.98,1578592,0
1996-06-25,10.98,10.98,10.534,10.628,1086150,0
1996-06-26,10.593,10.712,10.446,10.475,2005100,0
1996-06-27,10.354,10.354,10.208,10.237,1957181,0
1996-06-28,10.237,10.354,10.145,10.145,2587938,0
1996-07-01,10.208,10.383,10.175,10.324,2813935,0
1996-07-02,10.324,10.324,10.145,10.145,3408328,0
1996-07-03,10.175,10.237,10.057,10.115,1985389,0
1996-07-05,9.966,10.028,9.938,9.938,737806,0
1996-07-08,9.879,9.966,9.879,9.938,1964997,0
1996-07-09,9.998,10.145,9.966,10.057,4219882,0
1996-07-10,10.087,10.145,9.848,10.145,2317417,0
1996-07-11,10.208,10.324,10.028,10.267,2680716,0
1996-07-12,10.267,10.383,10.087,10.145,2022774,0
1996-07-15,10.145,10.267,9.907,9.907,1449791,0
1996-07-16,9.938,9.938,9.4322,9.907,3286662,0
1996-07-17,10.208,10.628,10.145,10.475,2938660,0
1996-07-18,10.446,10.534,10.418,10.475,1607477,0
1996-07-19,10.475,10.534,10.354,10.534,1501106,0
1996-07-22,10.418,10.475,10.145,10.354,1092612,0
1996-07-23,10.354,10.354,10.208,10.208,1109259,0
1996-07-24,9.907,10.115,9.907,10.115,1080375,0
1996-07-25,10.115,10.237,10.057,10.057,749024,0
1996-07-26,10.087,10.175,10.057,10.145,702462,0
1996-07-29,10.175,10.237,10.115,10.115,657605,0
1996-07-30,10.115,10.115,10.057,10.115,630417,0
1996-07-31,10.122,10.2,10.035,10.035,1457607,0
1996-08-01,9.972,10.184,9.943,10.184,1858287,0
1996-08-02,10.184,10.456,10.184,10.456,1139506,0
1996-08-05,10.456,10.633,10.423,10.484,1201699,0
1996-08-06,10.456,10.456,10.365,10.423,860154,0
1996-08-07,10.484,10.604,10.484,10.575,1650638,0
1996-08-08,10.575,10.695,10.514,10.668,1449791,0
1996-08-09,10.726,10.845,10.633,10.695,870686,0
1996-08-12,10.695,10.784,10.514,10.755,1233646,0
1996-08-13,10.726,10.875,10.695,10.817,1260154,0
1996-08-14,10.817,11.026,10.817,10.904,1439932,0
1996-08-15,10.904,11.026,10.875,10.996,1120817,0
1996-08-16,11.026,11.026,10.939,10.996,918949,0
1996-08-19,10.996,11.026,10.875,10.939,881566,0
1996-08-20,10.904,10.996,10.875,10.996,650129,0
1996-08-21,10.996,11.117,10.966,11.087,1104844,0
1996-08-22,11.087,11.266,11.026,11.238,1215634,0
1996-08-23,11.238,11.417,11.238,11.33,1344097,0
1996-08-26,11.298,11.477,11.266,11.298,1337979,0
1996-08-27,11.298,11.298,11.117,11.177,1107222,0
1996-08-28,11.177,11.298,11.177,11.266,1119117,0
1996-08-29,11.238,11.266,10.904,10.939,865255,0
1996-08-30,10.875,10.875,10.633,10.755,938314,0
1996-09-03,10.695,10.784,10.575,10.784,800002,0
1996-09-04,10.755,10.966,10.726,10.939,1519799,0
1996-09-05,10.845,10.875,10.633,10.668,826509,0
1996-09-06,10.575,10.817,10.514,10.695,1077997,0
1996-09-09,10.755,10.817,10.726,10.817,566528,0
1996-09-10,10.845,10.845,10.695,10.784,613425,0
1996-09-11,10.726,10.784,10.695,10.755,484626,0
1996-09-12,10.875,11.056,10.875,10.996,2183180,0
1996-09-13,11.117,11.417,11.056,11.417,1278164,0
1996-09-16,11.477,11.628,11.449,11.6,1561599,0
1996-09-17,11.537,11.628,11.417,11.477,1140528,0
1996-09-18,11.449,11.449,11.298,11.361,952252,0
1996-09-19,11.266,11.298,10.996,11.146,1374683,0
1996-09-20,11.238,11.298,11.146,11.238,1383520,0
1996-09-23,11.238,11.33,11.117,11.207,586236,0
1996-09-24,11.207,11.207,11.056,11.146,1126932,0
1996-09-25,11.207,11.238,11.026,11.056,623621,0
1996-09-26,11.026,11.117,10.939,11.056,965167,0
1996-09-27,11.056,11.087,10.966,11.056,843502,0
1996-09-30,11.056,11.238,11.056,11.117,1601365,0
1996-10-01,11.026,11.087,10.904,10.939,1265253,0
1996-10-02,10.966,11.056,10.875,10.939,957688,0
1996-10-03,10.939,11.177,10.939,11.117,999150,0
1996-10-04,11.117,11.238,11.087,11.177,865592,0
1996-10-07,11.177,11.266,11.117,11.146,601868,0
1996-10-08,11.177,11.238,10.817,10.845,911131,0
1996-10-09,10.845,10.966,10.726,10.875,723535,0
1996-10-10,10.817,10.875,10.784,10.845,269158,0
1996-10-11,10.845,11.117,10.845,11.026,938658,0
1996-10-14,10.996,11.177,10.996,11.117,597113,0
1996-10-15,11.117,11.266,10.939,11.026,1067119,0
1996-10-16,10.996,11.026,10.875,10.966,626338,0
1996-10-17,10.939,10.996,10.875,10.966,1221071,0
1996-10-18,10.996,11.026,10.966,11.026,965847,0
1996-10-21,11.026,11.146,10.996,11.146,708583,0
1996-10-22,11.146,11.298,11.026,11.087,600169,0
1996-10-23,10.996,11.087,10.875,11.087,642992,0
1996-10-24,11.026,11.146,10.939,10.996,407476,0
1996-10-25,10.996,11.117,10.996,10.996,302465,0
1996-10-28,10.996,11.087,10.966,11.026,1907565,0
1996-10-29,11.146,11.266,11.087,11.207,791503,0
1996-10-30,11.245,11.245,11.002,11.06,695330,0
1996-10-31,11.06,11.152,11.002,11.152,905693,0
1996-11-01,11.152,11.184,11.094,11.152,799661,0
1996-11-04,11.002,11.06,10.786,10.878,1749533,0
1996-11-05,10.878,10.878,10.729,10.786,976040,0
1996-11-06,10.729,10.941,10.668,10.941,1871881,0
1996-11-07,10.878,11.002,10.786,10.911,818690,0
1996-11-08,11.033,11.094,10.941,11.094,1226510,0
1996-11-11,11.06,11.122,11.033,11.033,903655,0
1996-11-12,11.06,11.094,11.002,11.06,1227869,0
1996-11-13,11.06,11.122,11.002,11.06,879862,0
1996-11-14,10.97,11.033,10.911,11.002,1014104,0
1996-11-15,11.275,11.305,11.152,11.275,1696519,0
1996-11-18,11.245,11.245,10.911,11.002,1551403,0
1996-11-19,11.033,11.213,10.963,11.213,2396941,0
1996-11-20,11.152,11.335,11.094,11.335,1123537,0
1996-11-21,11.368,11.427,11.275,11.335,829908,0
1996-11-22,11.368,11.395,11.213,11.395,919626,0
1996-11-25,11.395,11.459,11.335,11.395,993034,0
1996-11-26,11.335,11.459,11.213,11.245,1404249,0
1996-11-27,11.122,11.213,11.06,11.184,1135090,0
1996-11-29,11.122,11.245,11.06,11.184,556328,0
1996-12-02,11.152,11.486,11.06,11.459,1614616,0
1996-12-03,11.427,11.58,11.184,11.395,1554463,0
1996-12-04,11.427,11.518,11.335,11.459,1339674,0
1996-12-05,11.395,11.545,11.245,11.395,1296178,0
1996-12-06,11.275,11.58,11.245,11.486,1130674,0
1996-12-09,11.518,11.518,11.335,11.395,911131,0
1996-12-10,11.427,11.518,11.395,11.459,890062,0
1996-12-11,11.335,11.486,11.335,11.427,1686662,0
1996-12-12,11.395,11.427,11.275,11.335,1574170,0
1996-12-13,11.245,11.275,11.094,11.152,2400342,0
1996-12-16,11.152,11.213,10.911,10.97,1256416,0
1996-12-17,10.878,11.002,10.819,11.002,1477993,0
1996-12-18,10.941,11.368,10.941,11.368,1500424,0
1996-12-19,11.305,11.305,11.06,11.184,1011725,0
1996-12-20,11.545,11.545,11.245,11.368,1889210,0
1996-12-23,11.305,11.335,11.152,11.213,559729,0
1996-12-24,11.275,11.368,11.245,11.368,283772,0
1996-12-26,11.395,11.486,11.335,11.395,517588,0
1996-12-27,11.459,11.518,11.368,11.427,490062,0
1996-12-30,11.459,11.698,11.395,11.609,1002550,0
1996-12-31,11.58,11.635,11.486,11.518,1035175,0
1997-01-02,11.518,11.518,11.002,11.459,2281052,0
1997-01-03,11.518,11.545,11.368,11.459,735771,0
1997-01-06,11.545,11.761,11.518,11.609,1149025,0
1997-01-07,11.58,11.761,11.58,11.761,1485138,0
1997-01-08,11.852,11.911,11.73,11.852,1861683,0
1997-01-09,11.73,11.852,11.73,11.821,1066442,0
1997-01-10,11.671,12.064,11.609,12.064,1307731,0
1997-01-13,12.064,12.095,11.883,12.064,1933049,0
1997-01-14,12.064,12.309,12.004,12.275,1912321,0
1997-01-15,12.217,12.275,11.974,12.034,1641460,0
1997-01-16,11.911,12.124,11.911,12.064,1516401,0
1997-01-17,12.095,12.155,11.974,12.124,1817844,0
1997-01-20,12.064,12.186,12.004,12.124,2764319,0
1997-01-21,12.064,12.217,12.034,12.217,1072558,0
1997-01-22,12.217,12.275,11.911,11.943,3320990,0
1997-01-23,11.791,11.791,11.368,11.395,2653870,0
1997-01-24,11.427,11.73,11.368,11.545,1664572,0
1997-01-27,11.486,11.518,11.245,11.305,1813427,0
1997-01-28,11.335,11.395,11.094,11.213,1708410,0
1997-01-29,11.252,11.28,11.005,11.159,2768738,0
1997-01-30,11.219,11.28,11.159,11.219,1047410,0
1997-01-31,11.219,11.31,11.159,11.159,1961259,0
1997-02-03,11.066,11.252,11.066,11.252,1319629,0
1997-02-04,11.31,11.559,11.31,11.465,1934748,0
1997-02-05,11.526,11.526,11.129,11.219,838066,0
1997-02-06,11.252,11.28,11.159,11.191,986241,0
1997-02-07,11.252,11.28,11.129,11.28,1459986,0
1997-02-10,11.31,11.465,11.28,11.345,775532,0
1997-02-11,11.345,11.371,11.191,11.371,1295837,0
1997-02-12,11.371,11.465,11.28,11.371,866952,0
1997-02-13,11.345,11.618,11.345,11.559,1432455,0
1997-02-14,11.586,11.74,11.526,11.618,1357691,0
1997-02-18,11.559,11.618,11.496,11.559,759902,0
1997-02-19,11.496,11.586,11.28,11.371,1263895,0
1997-02-20,11.31,11.465,11.28,11.31,608668,0
1997-02-21,11.31,11.345,11.252,11.345,748004,0
1997-02-24,11.28,11.712,11.219,11.618,2187935,0
1997-02-25,11.559,11.559,11.252,11.402,927102,0
1997-02-26,11.371,11.586,11.31,11.559,1134411,0
1997-02-27,11.496,11.649,11.435,11.465,944437,0
1997-02-28,11.371,11.559,11.345,11.345,1304673,0
1997-03-03,11.28,11.402,11.219,11.402,892442,0
1997-03-04,11.435,11.526,11.402,11.435,934582,0
1997-03-05,11.402,11.559,11.402,11.559,993710,0
1997-03-06,11.559,11.68,11.526,11.559,1411726,0
1997-03-07,11.618,11.649,11.465,11.618,3096012,0
1997-03-10,11.649,11.802,11.559,11.802,1728122,0
1997-03-11,11.77,11.77,11.561,11.649,1038236,0
1997-03-12,11.618,11.77,11.559,11.68,1197621,0
1997-03-13,11.586,11.618,11.371,11.435,604927,0
1997-03-14,11.496,11.712,11.496,11.712,1355991,0
1997-03-17,11.68,11.894,11.649,11.832,819710,0
1997-03-18,11.802,11.987,11.802,11.926,1752931,0
1997-03-19,11.926,12.016,11.74,11.864,2246390,0
1997-03-20,11.77,11.77,11.649,11.68,1099743,0
1997-03-21,11.77,11.802,11.586,11.802,2064572,0
1997-03-24,11.802,12.045,11.802,12.016,1052846,0
1997-03-25,11.832,11.832,11.371,11.465,2437387,0
1997-03-26,11.435,11.649,11.435,11.526,996770,0
1997-03-27,11.526,11.526,11.159,11.191,962447,0
1997-03-31,11.191,11.28,10.914,10.943,1738319,0
1997-04-01,10.789,10.974,10.636,10.699,3165676,0
1997-04-02,10.699,11.005,10.636,10.914,2076126,0
1997-04-03,10.881,10.943,10.668,10.914,1497030,0
1997-04-04,10.789,10.881,10.789,10.881,1377063,0
1997-04-07,10.823,10.974,10.823,10.914,778250,0
1997-04-08,10.881,11.129,10.881,11.097,1334243,0
1997-04-09,11.066,11.066,10.914,10.943,983860,0
1997-04-10,10.914,11.129,10.914,11.005,1888872,0
1997-04-11,10.943,10.943,10.636,10.699,1683266,0
1997-04-14,10.636,10.699,10.456,10.514,1042313,0
1997-04-15,10.699,10.762,10.575,10.636,1112322,0
1997-04-16,10.575,10.823,10.456,10.729,3201362,0
1997-04-17,10.789,11.066,10.762,10.914,8117254,0
1997-04-18,11.034,11.097,10.851,10.943,2172304,0
1997-04-21,10.943,11.034,10.823,10.851,2053699,0
1997-04-22,10.914,11.129,10.881,11.097,1568395,0
1997-04-23,11.034,11.191,10.974,11.129,1416825,0
1997-04-24,11.465,11.465,11.191,11.219,2354463,0
1997-04-25,11.252,11.252,11.034,11.097,916909,0
1997-04-28,11.034,11.097,10.974,10.974,737806,0
1997-04-29,11.034,11.097,10.943,11.097,1157858,0
1997-04-30,11.103,11.351,11.072,11.319,1509265,0
1997-05-01,11.285,11.285,11.039,11.226,1453867,0
1997-05-02,11.226,11.285,11.135,11.259,928125,0
1997-05-05,11.319,11.628,11.226,11.628,4496181,0
1997-05-06,11.568,11.6,11.285,11.379,1583010,0
1997-05-07,11.379,11.415,11.103,11.135,2005777,0
1997-05-08,11.103,11.415,11.039,11.285,1790314,0
1997-05-09,11.379,11.415,11.162,11.285,720478,0
1997-05-12,11.285,11.628,11.285,11.6,1464401,0
1997-05-13,11.6,11.784,11.476,11.724,2111134,0
1997-05-14,11.752,11.847,11.568,11.628,2002723,0
1997-05-15,11.724,11.938,11.661,11.908,2119968,0
1997-05-16,11.877,11.971,11.724,11.724,2161090,0
1997-05-19,11.814,11.971,11.814,11.877,1246898,0
1997-05-20,11.877,12.061,11.752,12.031,1141548,0
1997-05-21,12.031,12.246,11.877,12.095,2571964,0
1997-05-22,12.122,12.246,12,12.186,2803399,0
1997-05-23,12.34,12.526,12.246,12.494,1976892,0
1997-05-27,12.494,12.494,12.37,12.404,1320985,0
1997-05-28,12.37,12.464,12.34,12.404,1040277,0
1997-05-29,12.431,12.526,12.37,12.464,791846,0
1997-05-30,12.431,12.431,12.217,12.34,1702974,0
1997-06-02,12.34,12.404,12.246,12.279,1420219,0
1997-06-03,12.155,12.34,12.095,12.279,1296178,0
1997-06-04,12.279,12.309,12.246,12.279,1250298,0
1997-06-05,12.279,12.431,12.279,12.37,851654,0
1997-06-06,12.309,12.431,12.155,12.431,917588,0
1997-06-09,12.431,12.464,12.279,12.279,1884793,0
1997-06-10,12.404,12.587,12.309,12.494,1091589,0
1997-06-11,12.526,13.302,12.526,13.206,3686322,0
1997-06-12,13.393,13.607,13.328,13.514,2939003,0
1997-06-13,13.487,13.578,13.269,13.328,2253189,0
1997-06-16,13.269,13.302,13.019,13.113,1598985,0
1997-06-17,13.113,13.238,12.958,12.992,1730842,0
1997-06-18,13.145,13.302,13.054,13.302,2058453,0
1997-06-19,13.328,13.671,13.206,13.671,2560751,0
1997-06-20,13.639,13.639,13.424,13.578,2686833,0
1997-06-23,13.487,13.487,12.958,12.992,1534753,0
1997-06-24,12.992,13.514,12.928,13.468,2359216,0
1997-06-25,13.302,13.314,13.007,13.098,1998641,0
1997-06-26,13.054,13.344,13.019,13.206,1043670,0
1997-06-27,13.269,13.302,13.054,13.129,831269,0
1997-06-30,13.191,13.238,12.868,12.868,1218014,0
1997-07-01,12.821,13.083,12.742,12.974,1289040,0
1997-07-02,13.035,13.035,12.774,12.898,1219713,0
1997-07-03,12.958,13.054,12.898,12.944,1059644,0
1997-07-07,12.992,13.177,12.958,13.098,2243330,0
1997-07-08,13.328,14.01,13.238,13.979,3220735,0
1997-07-09,13.915,14.072,13.671,13.965,2634496,0
1997-07-10,14.104,14.334,14.104,14.334,2032969,0
1997-07-11,14.276,14.334,14.088,14.151,1029739,0
1997-07-14,14.151,14.227,13.904,14.041,1156160,0
1997-07-15,14.041,14.104,13.717,14.104,1250298,0
1997-07-16,14.722,14.722,14.411,14.63,2820736,0
1997-07-17,14.782,15.049,14.755,14.83,2985900,0
1997-07-18,14.816,14.846,14.35,14.693,2753105,0
1997-07-21,14.708,14.708,14.444,14.568,1767546,0
1997-07-22,14.583,14.968,14.55,14.954,1313510,0
1997-07-23,14.954,15.091,14.782,14.968,1990145,0
1997-07-24,15.029,15.14,14.875,15.062,1874258,0
1997-07-25,15.062,15.11,14.736,14.83,998473,0
1997-07-28,14.83,14.907,14.708,14.892,1317246,0
1997-07-29,14.816,15.356,14.816,15.31,1576214,0
1997-07-30,15.269,15.5,15.175,15.472,1859645,0
1997-07-31,15.472,15.641,15.438,15.5,1585729,0
1997-08-01,15.472,15.519,14.849,15.41,2148515,0
1997-08-04,15.41,15.691,15.207,15.691,1333900,0
1997-08-05,15.626,15.641,15.362,15.5,860493,0
1997-08-06,15.5,15.608,15.391,15.583,1185389,0
1997-08-07,15.583,15.641,15.438,15.596,1130674,0
1997-08-08,15.347,15.472,15.207,15.41,1610538,0
1997-08-11,15.427,15.734,15.316,15.72,1214956,0
1997-08-12,15.784,15.92,15.362,15.41,1021924,0
1997-08-13,15.457,15.532,15.098,15.332,1394392,0
1997-08-14,15.391,15.548,15.283,15.548,1424638,0
1997-08-15,15.379,15.427,14.974,14.974,1081053,0
1997-08-18,14.911,14.974,14.602,14.927,1671029,0
1997-08-19,14.786,14.989,14.74,14.863,2675277,0
1997-08-20,14.863,15.207,14.63,15.175,1916058,0
1997-08-21,15.175,15.224,14.756,14.833,1389636,0
1997-08-22,14.475,14.786,14.411,14.74,1403570,0
1997-08-25,14.801,14.879,14.71,14.786,650807,0
1997-08-26,14.725,15.144,14.66,14.818,972981,0
1997-08-27,14.71,14.786,14.475,14.74,687854,0
1997-08-28,14.693,14.927,14.52,14.617,1368905,0
1997-08-29,14.553,14.553,14.385,14.385,536960,0
1997-09-02,14.411,14.568,14.366,14.46,1500087,0
1997-09-03,14.52,14.617,14.397,14.411,722855,0
1997-09-04,14.257,14.427,13.883,14.165,1560575,0
1997-09-05,14.195,14.291,14.085,14.195,1210197,0
1997-09-08,13.948,13.948,13.59,13.698,2517248,0
1997-09-09,13.698,14.101,13.698,13.992,1640102,0
1997-09-10,13.913,13.977,13.854,13.964,1185727,0
1997-09-11,13.834,13.834,13.446,13.446,1186407,0
1997-09-12,13.481,13.574,13.323,13.507,1631608,0
1997-09-15,13.556,14.01,13.556,13.834,1660153,0
1997-09-16,13.977,14.132,13.883,14.072,825829,0
1997-09-17,13.883,14.801,13.869,14.725,2698387,0
1997-09-18,15.438,15.486,14.943,15.066,5835520,0
1997-09-19,15.083,15.131,14.756,14.989,2166866,0
1997-09-22,15.003,15.003,14.693,14.77,1326768,0
1997-09-23,14.833,14.989,14.818,14.927,1322005,0
1997-09-24,14.833,15.175,14.693,14.77,1321326,0
1997-09-25,14.71,14.863,14.676,14.833,1559899,0
1997-09-26,14.863,15.224,14.863,14.957,1712491,0
1997-09-29,14.911,15.036,14.77,14.911,2211048,0
1997-09-30,14.879,15.036,14.786,14.818,1197961,0
1997-10-01,14.818,14.974,14.725,14.786,772814,0
1997-10-02,14.863,14.943,14.74,14.863,933903,0
1997-10-03,15.066,15.131,14.617,14.801,995754,0
1997-10-06,14.71,14.943,14.71,14.911,739849,0
1997-10-07,14.725,14.927,14.553,14.895,1321668,0
1997-10-08,15.02,15.052,14.427,14.602,1489551,0
1997-10-09,14.602,14.833,14.506,14.725,1374006,0
1997-10-10,14.52,14.676,14.46,14.66,1318947,0
1997-10-13,14.725,14.911,14.71,14.879,816314,0
1997-10-14,14.943,14.957,14.023,14.257,4143761,0
1997-10-15,14.072,14.427,13.948,14.411,2301449,0
1997-10-16,14.444,14.444,13.665,13.793,1776043,0
1997-10-17,13.793,13.902,13.507,13.683,3745460,0
1997-10-20,13.698,13.834,13.65,13.698,1353952,0
1997-10-21,13.745,13.775,13.604,13.775,1578250,0
1997-10-22,13.683,13.683,13.245,13.323,1744098,0
1997-10-23,12.795,13.229,12.795,13.044,3411730,0
1997-10-24,13.293,13.337,12.888,12.964,2665422,0
1997-10-27,12.888,13.044,12.203,12.203,1932033,0
1997-10-28,11.829,12.203,11.705,12.141,5127956,0
1997-10-29,12.087,12.416,12.006,12.209,3511303,0
1997-10-30,12.147,12.18,11.832,11.832,2419373,0
1997-10-31,11.849,12.006,11.568,11.991,3021245,0
1997-11-03,12.416,12.666,12.335,12.632,1542229,0
1997-11-04,12.602,12.602,12.194,12.322,1913002,0
1997-11-05,12.367,12.571,12.322,12.382,2137637,0
1997-11-06,12.537,12.585,12.443,12.509,1074938,0
1997-11-07,12.397,12.443,12.16,12.335,1378763,0
1997-11-10,12.523,12.523,12.322,12.367,1002550,0
1997-11-11,12.304,12.397,12.101,12.131,943417,0
1997-11-12,12.052,12.16,11.88,11.991,1902806,0
1997-11-13,12.052,12.289,12.006,12.194,1510961,0
1997-11-14,12.239,12.304,11.991,12.239,1588787,0
1997-11-17,12.443,12.585,12.304,12.571,2473407,0
1997-11-18,12.585,13.183,12.557,13.183,4257948,0
1997-11-19,13.183,13.714,13.025,13.592,3037895,0
1997-11-20,13.653,13.732,13.449,13.668,2517590,0
1997-11-21,13.605,13.841,13.323,13.449,2888699,0
1997-11-24,13.386,13.386,13.089,13.119,2288871,0
1997-11-25,13.169,13.262,13.089,13.213,1990145,0
1997-11-26,13.213,13.337,12.931,13.058,1925237,0
1997-11-28,13.089,13.276,13.089,13.262,314017,0
1997-12-01,13.262,13.402,13.245,13.355,711299,0
1997-12-02,13.355,13.481,13.262,13.337,1195921,0
1997-12-03,13.337,13.355,12.931,13.089,1515375,0
1997-12-04,12.961,12.961,12.322,12.443,3014790,0
1997-12-05,12.367,12.429,12.226,12.272,3176894,0
1997-12-08,12.289,12.349,12.113,12.272,4479867,0
1997-12-09,12.147,12.367,11.943,12.006,3967719,0
1997-12-10,11.926,11.926,11.737,11.849,2220224,0
1997-12-11,11.849,12.18,11.677,11.991,2420734,0
1997-12-12,11.943,11.974,11.77,11.897,1502126,0
1997-12-15,11.958,12.209,11.958,12.18,1218691,0
1997-12-16,12.226,12.289,11.991,12.255,1186065,0
1997-12-17,12.289,12.416,12.226,12.239,1608502,0
1997-12-18,12.255,12.255,11.911,12.052,848259,0
1997-12-19,11.755,11.991,11.708,11.708,3033476,0
1997-12-22,11.88,12.131,11.88,12.101,1348176,0
1997-12-23,12.067,12.226,12.019,12.101,1535428,0
1997-12-24,12.16,12.194,12.067,12.101,688530,0
1997-12-26,12.16,12.226,12.087,12.087,546476,0
1997-12-29,12.087,12.087,11.832,12.037,1731524,0
1997-12-30,12.037,12.239,12.037,12.147,2159051,0
1997-12-31,12.194,12.349,12.131,12.322,2116909,0
1998-01-02,12.335,12.397,12.131,12.18,3871541,0
1998-01-05,12.239,12.367,12.18,12.349,3649961,0
1998-01-06,12.322,12.443,12.209,12.322,1748518,0
1998-01-07,12.255,12.255,11.784,11.911,2440104,0
1998-01-08,11.689,11.849,11.503,11.534,2777912,0
1998-01-09,11.534,11.568,11.298,11.332,4718777,0
1998-01-12,11.298,11.724,11.283,11.642,2489723,0
1998-01-13,11.677,11.77,11.442,11.737,1656080,0
1998-01-14,11.784,11.832,11.596,11.737,2194395,0
1998-01-15,11.755,11.77,11.534,11.534,995073,0
1998-01-16,11.534,12.052,11.534,12.052,1696179,0
1998-01-20,11.864,12.429,11.864,12.429,1793375,0
1998-01-21,12.537,12.617,12.052,12.492,1812405,0
1998-01-22,12.429,12.492,12.304,12.382,3351235,0
1998-01-23,12.304,12.349,11.991,12.209,1052846,0
1998-01-26,12.209,12.367,12.087,12.239,980118,0
1998-01-27,12.18,12.194,11.974,12.16,1693118,0
1998-01-28,12.074,12.66,12.012,12.626,2045880,0
1998-01-29,12.566,12.977,12.532,12.849,2482247,0
1998-01-30,12.849,12.849,12.596,12.612,1530672,0
1998-02-02,12.55,13.07,12.532,12.977,1507225,0
1998-02-03,12.912,13.355,12.912,13.309,1798474,0
1998-02-04,13.262,13.276,12.849,12.864,2598812,0
1998-02-05,12.864,12.977,12.755,12.958,1011050,0
1998-02-06,12.958,13.116,12.898,12.898,1275445,0
1998-02-09,12.928,13.022,12.803,12.977,522344,0
1998-02-10,13.038,13.116,12.977,13.022,1271028,0
1998-02-11,12.958,13.151,12.864,13.136,1282924,0
1998-02-12,13.102,13.102,12.771,13.022,792523,0
1998-02-13,12.912,13.038,12.819,12.819,542734,0
1998-02-17,12.912,13.116,12.803,12.803,781648,0
1998-02-18,12.803,12.977,12.803,12.883,541035,0
1998-02-19,12.803,12.831,12.582,12.706,1706036,0
1998-02-20,12.706,12.898,12.706,12.831,1344097,0
1998-02-23,12.831,12.831,12.47,12.644,1058629,0
1998-02-24,12.582,12.739,12.452,12.517,1365508,0
1998-02-25,12.486,12.706,12.436,12.566,557011,0
1998-02-26,12.596,12.755,12.486,12.755,808156,0
1998-02-27,12.722,12.755,12.626,12.644,818015,0
1998-03-02,12.771,13.038,12.676,13.038,2040444,0
1998-03-03,13.022,13.058,12.864,13.022,2141038,0
1998-03-04,13.009,13.058,12.883,13.058,1192524,0
1998-03-05,12.912,12.912,12.676,12.785,664741,0
1998-03-06,12.785,12.944,12.771,12.864,1330839,0
1998-03-09,12.944,13.166,12.944,13.058,3733563,0
1998-03-10,13.038,13.323,12.849,13.262,3414788,0
1998-03-11,13.355,14.385,13.355,14.115,3870183,0
1998-03-12,13.989,14.433,13.921,14.227,3819883,0
1998-03-13,14.147,14.385,13.828,13.828,1562280,0
1998-03-16,13.895,14.369,13.895,14.24,1377400,0
1998-03-17,14.257,14.291,13.91,14.129,1601699,0
1998-03-18,13.848,14.083,13.828,13.941,1989466,0
1998-03-19,13.91,14.162,13.91,14.162,780970,0
1998-03-20,14.227,14.369,14.18,14.369,1840952,0
1998-03-23,14.276,14.354,14.24,14.24,907054,0
1998-03-24,14.24,14.334,14.129,14.291,2196433,0
1998-03-25,14.433,14.527,14.306,14.354,1369588,0
1998-03-26,14.32,14.51,14.24,14.51,1951062,0
1998-03-27,14.607,14.667,14.291,14.369,1735940,0
1998-03-30,14.433,14.482,14.306,14.369,624300,0
1998-03-31,14.399,14.413,14.257,14.306,2543078,0
1998-04-01,14.32,14.369,14.291,14.306,2425151,0
1998-04-02,14.306,14.433,14.306,14.433,2305526,0
1998-04-03,14.354,14.385,14.306,14.32,1817165,0
1998-04-06,14.385,14.385,14.306,14.306,991334,0
1998-04-07,14.306,14.369,14.257,14.32,2235175,0
1998-04-08,14.306,14.399,14.306,14.334,1330503,0
1998-04-09,14.334,14.354,14.276,14.306,734069,0
1998-04-13,14.32,14.716,14.306,14.527,3373322,0
1998-04-14,15.128,15.699,14.986,15.651,3825321,0
1998-04-15,15.603,15.603,15.19,15.19,4474432,0
1998-04-16,15.239,15.382,15.175,15.207,1938488,0
1998-04-17,15.19,15.493,15.19,15.3,2508752,0
1998-04-20,15.3,15.3,14.892,15.175,2376556,0
1998-04-21,15.19,15.553,15.049,15.506,1455905,0
1998-04-22,15.334,15.396,15.175,15.19,1628890,0
1998-04-23,15.128,15.207,14.861,14.861,2312660,0
1998-04-24,14.907,14.907,14.573,14.573,1846728,0
1998-04-27,14.433,14.636,14.291,14.32,4105357,0
1998-04-28,14.573,14.636,14.369,14.482,1842993,0
1998-04-29,14.517,14.55,14.42,14.469,1222431,0
1998-04-30,14.534,14.93,14.454,14.693,1666613,0
1998-05-01,14.71,14.743,14.501,14.63,689549,0
1998-05-04,14.63,15.091,14.63,15.026,1272727,0
1998-05-05,14.963,14.963,14.566,14.821,1115377,0
1998-05-06,14.756,14.867,14.58,14.613,776554,0
1998-05-07,14.566,14.598,14.375,14.405,1674770,0
1998-05-08,14.405,14.486,14.405,14.405,1151402,0
1998-05-11,14.534,14.676,14.439,14.486,1539847,0
1998-05-12,14.598,15.013,14.58,14.948,3264911,0
1998-05-13,15.107,15.14,14.805,14.805,1735260,0
1998-05-14,14.789,15.14,14.77,14.995,595414,0
1998-05-15,14.948,14.948,14.676,14.725,1711471,0
1998-05-18,14.646,14.756,14.309,14.375,2751064,0
1998-05-19,14.439,14.469,14.056,14.085,1813427,0
1998-05-20,14.104,14.326,14.104,14.215,2181138,0
1998-05-21,14.215,14.215,13.866,13.992,1405271,0
1998-05-22,14.023,14.199,13.977,14.007,1696860,0
1998-05-26,13.977,14.056,13.607,13.607,1185052,0
1998-05-27,13.607,13.607,13.18,13.274,1262534,0
1998-05-28,13.21,13.307,12.957,12.97,948515,0
1998-05-29,13.1,13.18,12.941,12.957,2840782,0
1998-06-01,12.941,13.1,12.858,13.068,1416825,0
1998-06-02,13.323,13.371,13.083,13.132,1353273,0
1998-06-03,13.068,13.402,13.019,13.194,938658,0
1998-06-04,13.132,13.511,13.051,13.511,1228549,0
1998-06-05,13.465,13.561,13.226,13.561,1589466,0
1998-06-08,13.561,13.735,13.498,13.531,1022260,0
1998-06-09,13.543,13.578,13.068,13.21,859474,0
1998-06-10,13.21,13.21,12.717,12.717,1101444,0
1998-06-11,12.717,12.732,12.286,12.286,2146813,0
1998-06-12,12.416,12.477,12.112,12.304,1159900,0
1998-06-15,11.92,12.158,11.873,12,1900428,0
1998-06-16,12.064,12.206,11.523,11.694,5638069,0
1998-06-17,11.603,11.987,11.363,11.987,5405609,0
1998-06-18,11.855,11.873,11.571,11.665,6030251,0
1998-06-19,11.665,11.888,11.618,11.777,2258968,0
1998-06-22,11.777,12.031,11.73,11.873,1581309,0
1998-06-23,11.935,12.031,11.73,11.807,1884115,0
1998-06-24,11.824,11.824,11.63,11.777,1399491,0
1998-06-25,11.794,11.841,11.505,11.603,1238745,0
1998-06-26,11.571,12.031,11.571,11.873,2706883,0
1998-06-29,11.873,11.888,11.523,11.552,2127783,0
1998-06-30,11.583,11.777,11.583,11.777,1825322,0
1998-07-01,11.743,11.855,11.583,11.841,1176550,0
1998-07-02,11.841,11.92,11.537,11.665,1440956,0
1998-07-06,11.665,11.714,11.583,11.649,866269,0
1998-07-07,11.649,11.665,11.427,11.489,1209856,0
1998-07-08,11.505,11.73,11.489,11.552,1155140,0
1998-07-09,11.523,11.552,11.169,11.219,1194905,0
1998-07-10,11.169,11.202,10.963,11.09,1966694,0
1998-07-13,11.219,11.266,11.043,11.122,1658455,0
1998-07-14,11.349,11.73,11.28,11.665,2787089,0
1998-07-15,11.714,11.807,11.412,11.427,1691759,0
1998-07-16,11.489,11.968,11.489,11.888,2952933,0
1998-07-17,11.987,12.064,11.888,11.968,2197454,0
1998-07-20,12,12.095,11.761,11.807,1402211,0
1998-07-21,11.794,11.794,11.523,11.552,1098726,0
1998-07-22,11.603,11.873,11.583,11.583,1482754,0
1998-07-23,11.649,11.73,11.056,11.09,1494649,0
1998-07-24,11.122,11.252,10.978,11.03,1715548,0
1998-07-27,11.012,11.412,10.948,11.266,1894650,0
1998-07-28,11.202,11.266,10.868,11.155,1616994,0
1998-07-29,11.146,11.288,11.063,11.114,1111978,0
1998-07-30,11.114,11.209,10.762,10.904,4193377,0
1998-07-31,10.904,10.952,10.631,10.807,3110962,0
1998-08-03,10.807,10.823,10.598,10.664,2128463,0
1998-08-04,10.664,10.679,10.324,10.34,2183859,0
1998-08-05,10.324,10.469,10.295,10.374,4152256,0
1998-08-06,10.34,10.374,10.038,10.307,4186920,0
1998-08-07,10.295,10.695,10.295,10.614,2249110,0
1998-08-10,10.614,10.885,10.521,10.566,1142907,0
1998-08-11,10.547,10.547,10.1,10.212,1492609,0
1998-08-12,10.278,10.374,9.972,10.374,1699238,0
1998-08-13,10.374,10.534,10.245,10.295,1368565,0
1998-08-14,10.227,10.34,9.762,9.94,1761089,0
1998-08-17,9.94,10.115,9.812,10.038,1680546,0
1998-08-18,10.053,10.148,9.988,10.038,4110114,0
1998-08-19,10.038,10.132,9.94,10.068,2046895,0
1998-08-20,10.004,10.004,9.796,9.827,1467800,0
1998-08-21,9.698,9.812,9.4579,9.745,2609008,0
1998-08-24,9.762,9.94,9.647,9.907,2706204,0
1998-08-25,10.004,10.278,9.954,10.132,2630422,0
1998-08-26,10.019,10.1,9.876,10.019,1897367,0
1998-08-27,9.907,9.923,9.584,9.698,3666615,0
1998-08-28,9.665,9.73,9.555,9.635,2995075,0
1998-08-31,9.698,9.762,9.523,9.665,3663892,0
1998-09-01,9.762,9.842,9.523,9.796,3616997,0
1998-09-02,9.842,9.954,9.647,9.812,1594906,0
1998-09-03,9.647,9.907,9.584,9.715,2314020,0
1998-09-04,9.715,9.779,9.568,9.647,2350726,0
1998-09-08,9.842,9.988,9.647,9.954,2377911,0
1998-09-09,9.988,10.212,9.923,10.053,1945627,0
1998-09-10,10.038,10.053,9.745,9.842,1759392,0
1998-09-11,9.842,10.038,9.73,10.038,1535428,0
1998-09-14,10.212,10.488,10.197,10.34,1165336,0
1998-09-15,10.307,10.679,10.295,10.664,1870858,0
1998-09-16,10.566,10.789,10.405,10.71,1416143,0
1998-09-17,10.534,10.614,10.212,10.598,1277146,0
1998-09-18,10.582,10.582,10.245,10.295,2097197,0
1998-09-21,10.1,10.614,10.038,10.502,1979951,0
1998-09-22,10.566,10.582,10.324,10.566,1180630,0
1998-09-23,10.566,10.823,10.488,10.789,1302974,0
1998-09-24,10.789,11.194,10.729,11.114,2116229,0
1998-09-25,11.048,11.272,10.841,11.272,1597961,0
1998-09-28,11.226,11.37,10.952,11.37,1806967,0
1998-09-29,11.402,11.628,11.288,11.515,1576551,0
1998-09-30,11.323,11.385,10.823,10.855,870686,0
1998-10-01,10.742,11.033,10.742,11.018,1199999,0
1998-10-02,11.08,11.259,10.807,11.033,1194565,0
1998-10-05,11.033,11.628,11.033,11.479,2065934,0
1998-10-06,11.596,11.788,11.53,11.628,1324384,0
1998-10-07,11.58,11.964,11.194,11.323,2518611,0
1998-10-08,11.226,11.708,11.129,11.708,1192183,0
1998-10-09,11.708,12.237,11.628,12.206,3767211,0
1998-10-12,12.479,12.785,12.446,12.739,4358204,0
1998-10-13,12.928,13.122,12.608,12.608,5862706,0
1998-10-14,12.578,12.578,12.191,12.322,3739339,0
1998-10-15,12.191,12.562,12.027,12.446,2134921,0
1998-10-16,12.464,12.593,12.255,12.335,1838910,0
1998-10-19,12.401,12.819,12.027,12.706,3127613,0
1998-10-20,12.706,13.025,12.593,12.835,1698558,0
1998-10-21,12.803,12.803,12.479,12.543,1104164,0
1998-10-22,12.479,12.479,11.886,11.902,2489039,0
1998-10-23,11.774,11.788,11.402,11.435,2342908,0
1998-10-26,11.5,11.964,11.5,11.53,1388954,0
1998-10-27,11.53,11.612,11.08,11.209,1211557,0
1998-10-28,11.314,11.701,11.28,11.391,1310451,0
1998-10-29,11.427,11.526,11.33,11.526,1315208,0
1998-10-30,11.689,12.401,11.689,12.158,2786405,0
1998-11-02,12.095,12.223,11.946,12.027,751739,0
1998-11-03,12.061,12.449,12.061,12.289,1163637,0
1998-11-04,12.401,12.709,12.386,12.431,1290401,0
1998-11-05,12.401,12.87,12.269,12.87,980800,0
1998-11-06,12.758,12.791,12.431,12.663,1302974,0
1998-11-09,12.612,12.758,12.449,12.663,1199662,0
1998-11-10,12.515,12.791,12.289,12.401,1079016,0
1998-11-11,12.401,12.401,11.997,12.206,1818181,0
1998-11-12,11.98,12.304,11.929,12.012,1701955,0
1998-11-13,12.012,12.467,11.98,12.467,1125574,0
1998-11-16,12.532,12.566,12.223,12.237,773829,0
1998-11-17,12.255,12.532,12.012,12.419,1233304,0
1998-11-18,12.351,12.742,12.351,12.709,1062362,0
1998-11-19,12.694,12.709,12.335,12.449,1228888,0
1998-11-20,12.596,12.596,12.431,12.566,929142,0
1998-11-23,12.612,12.629,12.304,12.419,863551,0
1998-11-24,12.953,13.424,12.806,12.838,3341042,0
1998-11-25,12.838,12.934,12.431,12.824,1472899,0
1998-11-27,12.824,12.953,12.806,12.903,716059,0
1998-11-30,12.888,13.083,12.838,13.015,1235005,0
1998-12-01,12.953,12.97,12.888,12.97,1461004,0
1998-12-02,12.97,12.97,12.791,12.854,1989126,0
1998-12-03,12.806,12.903,12.694,12.726,933903,0
1998-12-04,12.774,12.806,12.612,12.663,1339340,0
1998-12-07,12.709,12.791,12.612,12.791,1397113,0
1998-12-08,12.629,12.824,12.467,12.676,911808,0
1998-12-09,12.515,12.515,12.304,12.431,2850978,0
1998-12-10,12.431,12.431,12.044,12.095,641973,0
1998-12-11,11.946,12.191,11.897,12.109,1014104,0
1998-12-14,12.044,12.269,12.012,12.206,1344434,0
1998-12-15,12.191,12.289,12.061,12.289,1380455,0
1998-12-16,12.223,12.223,11.832,12.027,621235,0
1998-12-17,11.964,12.92,11.964,12.92,1939849,0
1998-12-18,12.758,12.774,12.431,12.663,1454206,0
1998-12-21,12.596,12.986,12.596,12.87,1098046,0
1998-12-22,12.854,12.903,12.582,12.596,702462,0
1998-12-23,12.709,12.92,12.566,12.903,1061686,0
1998-12-24,12.97,12.97,12.824,12.934,462873,0
1998-12-28,12.92,13.245,12.806,13.21,2070010,0
1998-12-29,13.083,13.393,13.068,13.262,2171284,0
1998-12-30,13.113,13.21,13.068,13.166,1096010,0
1998-12-31,13.148,13.424,13.068,13.197,1652339,0
1999-01-04,13.505,13.521,12.87,12.953,2323194,0
1999-01-05,12.903,13.326,12.903,13.068,2022429,0
1999-01-06,13.068,13.229,13.015,13.18,1556159,0
1999-01-07,13.113,13.393,13.113,13.229,1382837,0
1999-01-08,13.296,14.411,13.245,14.382,2931182,0
1999-01-11,14.299,14.61,14.154,14.382,4664403,0
1999-01-12,14.314,14.593,14.137,14.137,3903824,0
1999-01-13,13.81,13.992,13.438,13.992,3482077,0
1999-01-14,13.977,14.121,13.766,13.766,4291593,0
1999-01-15,14.023,14.983,13.992,14.643,3757691,0
1999-01-19,14.655,14.655,14.041,14.411,2400003,0
1999-01-20,14.411,14.965,14.347,14.544,4110793,0
1999-01-21,14.544,14.983,14.544,14.818,4176047,0
1999-01-22,14.674,14.674,13.766,13.766,2828550,0
1999-01-25,13.992,14.347,13.961,14.187,2162788,0
1999-01-26,14.088,14.43,13.941,14.106,1809008,0
1999-01-27,14.26,14.39,13.59,13.59,1937464,0
1999-01-28,13.653,13.965,13.505,13.72,1513678,0
1999-01-29,13.671,14.357,13.671,14.162,1826001,0
1999-02-01,14.195,14.42,13.979,14.047,1658455,0
1999-02-02,13.753,14.568,13.753,14.568,2319118,0
1999-02-03,14.52,14.636,13.902,14.063,2031948,0
1999-02-04,14.112,14.636,13.869,14.323,2751064,0
1999-02-05,14.456,14.914,14.439,14.683,2988276,0
1999-02-08,14.683,15.239,14.405,14.42,2354800,0
1999-02-09,14.309,14.52,14.24,14.293,1358368,0
1999-02-10,14.227,14.357,13.769,13.831,1270689,0
1999-02-11,13.787,13.787,13.571,13.703,1808328,0
1999-02-12,13.802,13.979,13.769,13.869,1740700,0
1999-02-16,14.127,14.276,13.787,13.851,989634,0
1999-02-17,13.913,14.112,13.671,13.735,787766,0
1999-02-18,13.769,14.127,13.735,14.047,2114190,0
1999-02-19,14.047,14.375,13.902,14.323,2186915,0
1999-02-22,14.323,14.897,14.26,14.897,2862874,0
1999-02-23,14.798,14.798,14.112,14.144,2681395,0
1999-02-24,14.21,14.489,14.095,14.095,2780295,0
1999-02-25,14.144,14.276,14.063,14.195,860829,0
1999-02-26,14.34,14.65,14.293,14.586,1125912,0
1999-03-01,14.472,14.863,14.309,14.604,1938154,0
1999-03-02,14.586,14.586,14.276,14.293,1039931,0
1999-03-03,14.293,14.39,14.015,14.177,770094,0
1999-03-04,14.26,14.439,13.851,13.913,1859645,0
1999-03-05,13.998,14.24,13.948,14.195,1505524,0
1999-03-08,14.112,14.112,13.653,13.787,1747833,0
1999-03-09,13.869,14.195,13.869,14.127,1858964,0
1999-03-10,14.112,14.636,14.095,14.604,1395075,0
1999-03-11,14.586,14.586,14.177,14.195,2196776,0
1999-03-12,14.34,15.026,14.309,14.977,4001702,0
1999-03-15,14.977,15.5,14.977,15.257,3357351,0
1999-03-16,15.239,15.5,15.045,15.175,3889216,0
1999-03-17,15.175,15.728,15.175,15.602,4479188,0
1999-03-18,15.585,16.221,15.47,15.763,5189809,0
1999-03-19,15.699,15.763,15.19,15.615,3443335,0
1999-03-22,15.682,15.896,15.602,15.666,1809348,0
1999-03-23,15.682,15.728,15.175,15.239,1223450,0
1999-03-24,15.239,15.239,14.963,15.076,806799,0
1999-03-25,15.125,15.175,14.683,15.142,2396941,0
1999-03-26,15.142,15.142,14.65,14.733,1068481,0
1999-03-29,14.879,15.272,14.863,15.026,1883776,0
1999-03-30,14.39,14.863,14.375,14.65,1734245,0
1999-03-31,14.553,14.946,14.293,14.52,2082922,0
1999-04-01,14.537,15.11,14.537,15.11,1128637,0
1999-04-05,15.11,15.287,14.93,15.026,1469161,0
1999-04-06,14.977,14.977,14.586,14.636,1472562,0
1999-04-07,14.667,14.946,14.553,14.946,1316911,0
1999-04-08,14.946,15.239,14.83,15.11,1522517,0
1999-04-09,15.175,15.682,15.125,15.632,1666273,0
1999-04-12,15.911,16.254,15.781,16.254,3653700,0
1999-04-13,16.416,16.859,16.336,16.859,5923200,0
1999-04-14,17.335,17.759,16.842,16.842,8064913,0
1999-04-15,16.842,17.989,16.778,17.381,10574348,0
1999-04-16,17.301,17.725,17.221,17.267,5334242,0
1999-04-19,17.365,18.233,17.201,17.284,6150559,0
1999-04-20,17.267,17.725,17.023,17.612,4477830,0
1999-04-21,17.629,17.789,17.023,17.023,3936454,0
1999-04-22,17.121,17.676,16.825,17.577,2534921,0
1999-04-23,17.414,17.725,17.381,17.432,2345967,0
1999-04-26,17.432,17.709,17.301,17.692,1519457,0
1999-04-27,17.745,17.873,17.449,17.842,2397962,0
1999-04-28,17.823,18.315,17.789,18.185,3039592,0
1999-04-29,18.052,18.103,17.661,18.052,3369587,0
1999-04-30,18.069,18.152,17.56,17.596,3209180,0
1999-05-03,17.547,18.641,17.547,18.641,2997796,0
1999-05-04,18.641,18.935,17.725,17.873,3404248,0
1999-05-05,18.06,18.355,17.667,17.979,3204420,0
1999-05-06,17.814,18.538,17.78,18.355,2920990,0
1999-05-07,18.355,19.013,18.289,18.982,3964317,0
1999-05-10,19.244,19.458,18.818,18.881,4116571,0
1999-05-11,18.866,19.13,18.226,18.226,2285811,0
1999-05-12,18.094,18.587,17.849,18.029,1809687,0
1999-05-13,18.042,18.111,17.549,17.549,2234157,0
1999-05-14,17.535,18.342,17.367,18.094,2272559,0
1999-05-17,18.506,18.587,17.832,17.832,3326425,0
1999-05-18,17.699,17.765,17.238,17.337,1594906,0
1999-05-19,17.072,17.714,17.008,17.649,2532200,0
1999-05-20,17.765,18.438,17.765,18.094,3102808,0
1999-05-21,17.879,18.06,17.584,17.849,1369244,0
1999-05-24,17.849,18.272,17.832,17.832,1954462,0
1999-05-25,18.042,18.684,17.269,17.269,2983519,0
1999-05-26,17.269,17.617,17.171,17.387,2661004,0
1999-05-27,17.189,17.224,16.334,16.448,3247918,0
1999-05-28,16.58,16.614,16.07,16.334,1575192,0
1999-06-01,16.267,17.714,16.267,17.617,3796097,0
1999-06-02,17.632,17.681,17.352,17.617,2340867,0
1999-06-03,17.549,17.632,17.204,17.504,3015467,0
1999-06-04,17.435,17.732,17.255,17.732,1332882,0
1999-06-07,17.617,17.814,17.566,17.732,924727,0
1999-06-08,17.732,18.342,17.667,18.126,1844013,0
1999-06-09,18.06,18.406,18.06,18.308,2522347,0
1999-06-10,18.289,18.652,18.06,18.538,1746475,0
1999-06-11,18.521,18.538,17.921,18.208,2500256,0
1999-06-14,18.323,18.621,18.242,18.521,1339674,0
1999-06-15,18.568,19.113,18.487,18.799,1781137,0
1999-06-16,18.799,18.799,18.242,18.67,2162788,0
1999-06-17,18.389,18.425,17.995,18.142,1994904,0
1999-06-18,18.208,18.799,18.208,18.355,3111299,0
1999-06-21,18.226,18.226,17.108,17.667,9605785,0
1999-06-22,17.681,17.681,17.189,17.367,7697882,0
1999-06-23,17.468,17.566,17.204,17.367,6502300,0
1999-06-24,17.352,17.352,16.695,16.944,4004761,0
1999-06-25,17.008,17.238,16.925,17.026,2774175,0
1999-06-28,17.088,17.421,17.026,17.171,3684284,0
1999-06-29,17.171,17.795,17.042,17.795,9824650,0
1999-06-30,17.765,18.094,17.484,18.094,7830762,0
1999-07-01,17.995,17.995,17.504,17.566,1885473,0
1999-07-02,17.632,18.042,17.584,18.011,2997453,0
1999-07-06,18.011,18.011,17.337,17.387,2512833,0
1999-07-07,17.367,17.484,17.189,17.401,1870182,0
1999-07-08,17.238,17.352,17.042,17.057,1928633,0
1999-07-09,17.057,17.224,16.81,17.057,3761090,0
1999-07-12,17.057,17.224,16.678,16.71,3506204,0
1999-07-13,16.71,16.989,16.55,16.71,4439426,0
1999-07-14,17.108,17.171,16.71,16.71,5419884,0
1999-07-15,16.762,16.762,15.971,16.054,4452000,0
1999-07-16,16.317,16.58,16.251,16.55,4638577,0
1999-07-19,16.614,16.957,16.595,16.874,3277147,0
1999-07-20,16.874,17.204,16.842,17.123,5265594,0
1999-07-21,17.189,17.304,17.123,17.154,2588957,0
1999-07-22,17.142,17.352,17.072,17.286,4659645,0
1999-07-23,17.352,17.617,17.337,17.566,4818016,0
1999-07-26,17.535,17.632,17.352,17.367,5438575,0
1999-07-27,17.468,17.468,17.286,17.286,4233138,0
1999-07-28,17.344,17.575,17.229,17.508,4394569,0
1999-07-29,17.493,17.493,17.129,17.244,5462705,0
1999-07-30,17.177,17.26,17.015,17.129,6917593,0
1999-08-02,17.211,17.842,17.146,17.742,5052170,0
1999-08-03,17.742,18.106,17.709,17.709,4267463,0
1999-08-04,17.725,18.469,17.725,18.383,5500090,0
1999-08-05,18.239,18.239,17.823,18.036,3140191,0
1999-08-06,18.055,18.072,17.626,17.641,1914020,0
1999-08-09,17.641,17.709,16.896,16.995,2197115,0
1999-08-10,16.946,16.946,16.17,16.401,4623621,0
1999-08-11,16.334,16.896,16.218,16.865,3344780,0
1999-08-12,16.946,17.129,16.681,16.698,1733897,0
1999-08-13,16.832,17.211,16.832,16.995,1987429,0
1999-08-16,16.995,17.03,16.713,16.781,1991847,0
1999-08-17,16.881,17.361,16.832,17.229,2274262,0
1999-08-18,17.194,17.194,16.832,16.865,2084285,0
1999-08-19,16.681,16.896,16.467,16.832,2727274,0
1999-08-20,16.832,16.832,16.483,16.58,2057774,0
1999-08-23,16.566,16.713,16.367,16.516,2924726,0
1999-08-24,16.535,16.681,16.334,16.467,1889892,0
1999-08-25,16.535,16.535,15.391,15.438,4519973,0
1999-08-26,15.622,15.691,15.356,15.622,5012749,0
1999-08-27,15.673,15.673,15.391,15.606,1706373,0
1999-08-30,15.606,15.606,15.026,15.043,2317079,0
1999-08-31,15.091,15.128,14.63,14.895,2602211,0
1999-09-01,15.19,15.325,15.11,15.21,5025324,0
1999-09-02,15.128,15.356,15.091,15.142,3013765,0
1999-09-03,15.225,15.557,15.225,15.375,2500936,0
1999-09-07,15.657,15.92,15.525,15.886,3519801,0
1999-09-08,15.836,16.019,15.772,16.019,8118955,0
1999-09-09,16.185,16.185,15.755,15.954,3694481,0
1999-09-10,16.005,16.367,15.935,16.185,3581992,0
1999-09-13,16.448,16.649,16.367,16.516,4119630,0
1999-09-14,16.713,16.765,16.448,16.516,3465082,0
1999-09-15,16.516,16.597,16.234,16.401,3131354,0
1999-09-16,16.401,16.416,15.954,16.005,1010026,0
1999-09-17,16.285,16.317,15.805,15.836,2043502,0
1999-09-20,15.935,15.935,15.657,15.72,904674,0
1999-09-21,15.476,15.622,15.241,15.506,2437726,0
1999-09-22,15.772,15.772,15.476,15.506,1922176,0
1999-09-23,15.506,15.506,14.613,14.695,2921329,0
1999-09-24,14.76,14.946,14.598,14.712,1130334,0
1999-09-27,15.091,15.241,14.946,15.16,2841465,0
1999-09-28,15.21,15.21,14.513,14.895,2621584,0
1999-09-29,14.946,15.076,14.814,14.911,2667803,0
1999-09-30,14.977,15.476,14.946,15.26,2377911,0
1999-10-01,15.091,15.091,14.695,14.828,1312831,0
1999-10-04,14.828,15.06,14.613,15.06,2057100,0
1999-10-05,14.977,14.995,14.695,14.895,1693800,0
1999-10-06,14.846,15.043,14.795,14.96,1747153,0
1999-10-07,14.96,15.573,14.96,15.391,3333221,0
1999-10-08,15.391,15.872,15.275,15.854,4479530,0
1999-10-11,15.82,16.185,15.591,15.738,1596942,0
1999-10-12,16.516,16.617,15.92,16.019,6962455,0
1999-10-13,16.037,16.285,15.706,15.805,4844184,0
1999-10-14,15.854,16.483,15.836,16.301,6367382,0
1999-10-15,15.92,16.087,15.49,15.606,3127954,0
1999-10-18,15.606,15.691,15.06,15.225,3035858,0
1999-10-19,15.241,15.343,14.795,14.814,2396266,0
1999-10-20,14.96,15.21,14.96,15.11,3051829,0
1999-10-21,15.043,15.16,14.66,14.712,2397962,0
1999-10-22,14.76,14.911,14.497,14.795,1985389,0
1999-10-25,14.795,15.142,14.695,15.091,2666103,0
1999-10-26,15.091,15.19,14.66,14.745,1633646,0
1999-10-27,14.636,14.818,14.55,14.701,3184707,0
1999-10-28,14.568,14.851,14.568,14.837,4290911,0
1999-10-29,15.2,16.037,15.185,15.92,6221586,0
1999-11-01,16.401,16.87,16.27,16.638,11422269,0
1999-11-02,16.786,16.97,16.451,16.47,12173332,0
1999-11-03,16.586,16.87,16.519,16.802,6189980,0
1999-11-04,17.201,17.269,16.986,17.201,5128639,0
1999-11-05,17.335,17.468,17.085,17.139,3575535,0
1999-11-08,17.335,17.367,16.419,16.653,5165341,0
1999-11-09,16.669,16.902,16.5,16.737,5698563,0
1999-11-10,16.5,16.5,16.05,16.251,5314197,0
1999-11-11,16.251,16.47,15.651,16.386,6977068,0
1999-11-12,16.438,16.438,15.886,16.288,4162112,0
1999-11-15,16.218,16.97,16.002,16.837,3792019,0
1999-11-17,16.653,16.902,16.47,16.653,3005948,0
1999-11-18,16.752,17.051,16.638,16.802,2378932,0
1999-11-19,16.902,16.902,16.32,16.37,1527274,0
1999-11-22,16.37,16.37,15.836,16.15,2569927,0
1999-11-23,16.15,16.17,15.886,16.15,6113514,0
1999-11-24,16.135,16.288,15.952,16.123,3459304,0
1999-11-26,16.188,16.188,15.836,15.851,817333,0
1999-11-29,15.851,15.886,15.618,15.818,4598478,0
1999-11-30,15.886,16.619,15.886,16.336,4692274,0
1999-12-01,16.288,16.419,15.836,16.05,2174680,0
1999-12-02,16.05,17.187,16.05,17.085,5916401,0
1999-12-03,16.951,17.468,16.951,17.384,3021245,0
1999-12-06,17.252,17.718,17.238,17.504,3257436,0
1999-12-07,17.435,17.584,17.001,17.421,3357351,0
1999-12-08,17.468,17.635,17.335,17.401,4061174,0
1999-12-09,17.603,17.801,17.238,17.384,4161429,0
1999-12-10,17.367,17.87,17.139,17.552,2990313,0
1999-12-13,17.484,17.504,16.6,16.737,2654208,0
1999-12-14,16.737,18.069,16.669,18.002,4042484,0
1999-12-15,18.002,19.002,18.002,18.836,7011052,0
1999-12-16,18.77,18.77,17.969,18.135,3399493,0
1999-12-17,18.27,18.454,18.119,18.302,4362621,0
1999-12-20,18.302,18.302,17.902,18.1,2894477,0
1999-12-21,17.969,18.27,17.953,18.219,4079188,0
1999-12-22,18.27,18.27,17.921,17.986,2656587,0
1999-12-23,18.135,18.753,18.069,18.67,1979613,0
1999-12-27,18.568,18.702,18.403,18.403,1753952,0
1999-12-28,18.403,19.27,18.335,19.17,2775536,0
1999-12-29,18.803,19.452,18.67,19.12,2026512,0
1999-12-30,19.085,19.12,18.803,18.92,1487168,0
1999-12-31,18.935,19.236,18.884,19.152,572983,0
2000-01-03,18.953,18.971,18.335,18.635,3309095,0
2000-01-04,18.603,18.784,17.752,17.935,4083948,0
2000-01-05,17.935,18.902,17.853,18.884,4025829,0
2000-01-06,18.985,19.87,18.72,19.77,4444181,0
2000-01-07,19.22,19.534,18.852,19.12,5872562,0
2000-01-10,19.252,19.304,18.702,19.035,2793205,0
2000-01-11,19.035,19.203,18.702,18.836,2301784,0
2000-01-12,18.568,18.635,18.335,18.383,2342908,0
2000-01-13,18.383,18.503,18.069,18.283,2735770,0
2000-01-14,18.403,18.521,18.302,18.469,2933903,0
2000-01-18,18.403,18.454,17.552,17.752,2806120,0
2000-01-19,16.538,17.085,16.451,16.938,10519975,0
2000-01-20,16.938,17.384,16.752,17.335,10126431,0
2000-01-21,17.335,17.335,16.72,17.039,5034156,0
2000-01-24,17.039,17.168,15.751,16.27,5215639,0
2000-01-25,15.869,16.019,14.968,15.519,6246396,0
2000-01-26,15.576,16.113,15.442,15.542,8700088,0
2000-01-27,15.576,15.797,15.175,15.325,4536963,0
2000-01-28,15.225,15.978,15.039,15.861,8505701,0
2000-01-31,15.76,15.76,14.855,15.407,3702975,0
2000-02-01,15.407,15.812,15.122,15.375,4919293,0
2000-02-02,15.375,15.442,14.837,15.175,7264237,0
2000-02-03,15.039,15.14,14.652,14.667,4550556,0
2000-02-04,14.837,14.97,14.501,14.77,6629741,0
2000-02-07,14.568,14.636,13.928,14.132,6177746,0
2000-02-08,14.284,14.55,14.098,14.416,8626341,0
2000-02-09,14.25,14.636,13.848,13.948,4848602,0
2000-02-10,13.913,14.047,13.511,13.965,19454222,0
2000-02-11,13.965,14.165,13.126,13.781,7840960,0
2000-02-14,13.611,14.066,13.226,13.998,5067803,0
2000-02-15,13.965,14.586,13.711,14.399,5676131,0
2000-02-16,14.2,14.486,13.848,14.369,4731694,0
2000-02-17,14.704,14.805,13.828,14.184,4303148,0
2000-02-18,13.866,13.965,12.739,13.091,6266105,0
2000-02-22,13.208,13.866,12.892,13.866,5644525,0
2000-02-23,13.965,13.965,13.245,13.427,3379102,0
2000-02-24,13.359,13.378,12.924,13.344,6752766,0
2000-02-25,13.326,13.478,13.009,13.245,3661174,0
2000-02-28,13.259,13.762,13.191,13.495,5436198,0
2000-02-29,13.226,13.928,12.906,13.781,4572986,0
2000-03-02,14.284,14.317,13.781,14.115,2773153,0
2000-03-03,14.184,14.889,14.083,14.35,5166363,0
2000-03-06,14.55,14.55,13.866,14.083,3981991,0
2000-03-07,14.066,14.151,13.427,13.531,5174517,0
2000-03-08,13.461,14.486,13.396,13.998,4043504,0
2000-03-09,13.762,13.928,13.594,13.899,4901277,0
2000-03-10,14.047,14.889,14.047,14.618,3017162,0
2000-03-13,14.2,14.855,14.184,14.805,5135091,0
2000-03-14,14.604,14.652,13.913,14.015,3847750,0
2000-03-15,14.032,14.87,14.032,14.636,6372815,0
2000-03-16,14.704,15.878,14.369,15.861,6878846,0
2000-03-17,15.71,15.71,14.94,15.003,4627361,0
2000-03-20,15.071,15.726,15.071,15.239,2768395,0
2000-03-21,15.239,15.525,14.786,15.257,3597287,0
2000-03-22,15.107,15.175,14.437,14.537,5494312,0
2000-03-23,14.501,15.287,14.437,15.157,4067292,0
2000-03-24,14.904,14.989,14.501,14.805,2824129,0
2000-03-27,14.837,15.407,14.755,14.805,2047584,0
2000-03-28,14.755,15.157,14.755,14.821,3406969,0
2000-03-29,14.837,15.306,14.736,15.257,3340019,0
2000-03-30,15.442,16.044,15.306,15.896,3457607,0
2000-03-31,15.878,16.181,15.306,15.306,5138153,0
2000-04-03,15.542,15.978,15.039,15.694,5534411,0
2000-04-04,15.76,15.927,14.636,15.257,4003064,0
2000-04-05,15.175,15.678,15.022,15.239,3796433,0
2000-04-06,15.14,15.742,15.14,15.375,2339169,0
2000-04-07,15.375,15.66,15.14,15.66,3595583,0
2000-04-10,15.927,16.382,15.896,16.299,3923877,0
2000-04-11,16.432,17.02,16.432,16.48,5548684,0
2000-04-12,16.883,17.387,16.597,16.635,5932377,0
2000-04-13,16.684,16.7,15.594,15.76,4167549,0
2000-04-14,15.797,15.797,14.537,14.855,2585220,0
2000-04-17,14.92,15.257,14.586,14.77,5815807,0
2000-04-18,14.954,14.97,14.232,14.369,4529490,0
2000-04-19,14.2,14.77,14.098,14.437,4271201,0
2000-04-20,14.299,14.686,14.141,14.55,2807141,0
2000-04-24,14.618,15.14,14.369,14.821,7051833,0
2000-04-25,14.94,15.089,14.704,14.889,3274769,0
2000-04-26,15.039,15.493,14.904,15.022,3263211,0
2000-04-27,14.537,14.652,14.066,14.232,6247751,0
2000-04-28,14.232,14.486,14.232,14.333,4919969,0
2000-05-01,14.284,14.369,14.132,14.132,2509435,0
2000-05-02,14.184,14.604,14.115,14.469,5019546,0
2000-05-03,14.61,14.695,14.323,14.357,2228038,0
2000-05-04,14.51,14.646,14.203,14.375,2380971,0
2000-05-05,14.273,14.728,14.273,14.728,1405608,0
2000-05-08,14.492,14.76,14.441,14.657,2538660,0
2000-05-09,14.423,14.728,14.273,14.728,2564150,0
2000-05-10,14.728,14.916,14.51,14.795,5341379,0
2000-05-11,14.93,15.052,14.593,14.676,3075276,0
2000-05-12,14.712,14.814,14.375,14.76,2731351,0
2000-05-15,14.76,15.083,14.76,14.795,5928638,0
2000-05-16,14.879,15.119,14.676,14.76,2132200,0
2000-05-17,14.393,14.997,14.393,14.728,1680546,0
2000-05-18,14.849,14.879,14.273,14.441,3339682,0
2000-05-19,14.238,14.51,14.135,14.337,2337131,0
2000-05-22,14.405,14.423,13.902,14.035,4636200,0
2000-05-23,13.528,13.581,12.92,13.189,10116580,0
2000-05-24,13.393,13.831,13.359,13.663,8261691,0
2000-05-25,13.528,13.594,13.359,13.393,6362963,0
2000-05-26,13.189,13.341,13.122,13.255,4920990,0
2000-05-30,13.594,13.629,13.408,13.629,3847750,0
2000-05-31,13.255,13.714,13.222,13.427,2562108,0
2000-06-01,13.393,13.581,13.089,13.528,4296691,0
2000-06-02,14.07,14.238,13.478,13.528,7117082,0
2000-06-05,13.528,13.646,13.274,13.443,2551574,0
2000-06-06,13.393,13.714,13.173,13.296,4815979,0
2000-06-07,13.581,13.581,12.681,12.749,3494989,0
2000-06-08,12.785,12.953,12.446,12.749,3925579,0
2000-06-09,12.885,12.92,12.583,12.799,1901785,0
2000-06-12,12.65,12.681,12.191,12.505,6285475,0
2000-06-13,12.515,12.566,12.209,12.257,4037385,0
2000-06-14,12.412,13.206,12.395,12.989,6274263,0
2000-06-15,12.717,12.868,12.65,12.768,2741205,0
2000-06-16,12.885,12.92,12.497,12.596,3067124,0
2000-06-19,12.615,12.785,12.461,12.515,3621411,0
2000-06-20,12.446,12.566,11.938,11.938,6772139,0
2000-06-21,11.974,12.141,11.852,11.905,4412238,0
2000-06-22,11.974,12.226,11.788,11.888,4070348,0
2000-06-23,12.041,12.109,11.652,11.77,3090571,0
2000-06-26,12.041,12.093,11.618,11.686,2721158,0
2000-06-27,11.821,12.461,11.821,12.343,3474262,0
2000-06-28,12.176,12.379,11.988,12.22,2816994,0
2000-06-29,12.176,12.547,11.802,12.226,2918950,0
2000-06-30,12.176,12.209,11.53,11.633,4926427,0
2000-07-03,11.821,12.176,11.77,12.109,1508922,0
2000-07-05,12.313,12.479,11.974,12.041,2579439,0
2000-07-06,11.974,11.988,11.583,11.802,2456419,0
2000-07-07,11.87,12.041,11.365,11.668,4599491,0
2000-07-10,11.734,12.054,11.734,11.92,5044694,0
2000-07-11,11.954,12.699,11.954,12.681,3608159,0
2000-07-12,12.479,12.819,12.275,12.461,3050470,0
2000-07-13,12.529,13.058,12.479,12.852,3283942,0
2000-07-14,12.885,12.989,12.395,12.583,2120647,0
2000-07-17,12.379,12.529,12.006,12.322,3785561,0
2000-07-18,12.461,12.768,12.379,12.412,3448768,0
2000-07-19,12.446,12.835,12.446,12.65,3691423,0
2000-07-20,12.65,12.868,12.65,12.785,2270517,0
2000-07-21,12.852,13.122,12.852,12.989,9270353,0
2000-07-24,13.003,13.122,12.799,12.934,2130843,0
2000-07-25,13.089,13.122,12.632,12.681,1847751,0
2000-07-26,12.673,12.791,12.467,12.535,2663387,0
2000-07-27,12.553,12.944,12.553,12.774,1867803,0
2000-07-28,12.774,12.791,12.419,12.535,2239254,0
2000-07-31,12.517,12.858,12.382,12.467,3739339,0
2000-08-01,12.382,13.113,12.382,13.083,3210536,0
2000-08-02,13.029,13.2,12.81,13.029,2228717,0
2000-08-03,12.998,13.424,12.998,13.169,2360240,0
2000-08-04,13.2,13.2,12.758,12.844,1823619,0
2000-08-07,12.844,13.169,12.791,13.065,1845370,0
2000-08-08,13.169,13.711,13.169,13.627,2523027,0
2000-08-09,13.627,14.104,13.627,13.766,4134243,0
2000-08-10,13.799,13.883,13.286,13.303,1765507,0
2000-08-11,13.371,13.766,13.371,13.627,1875278,0
2000-08-14,13.558,13.558,13.235,13.269,1722007,0
2000-08-15,13.507,13.627,13.389,13.475,2053019,0
2000-08-16,13.475,13.607,13.319,13.337,1729481,0
2000-08-17,13.319,13.627,13.319,13.524,2093118,0
2000-08-18,13.253,13.663,13.065,13.492,2416654,0
2000-08-21,13.607,13.748,13.113,13.151,2279018,0
2000-08-22,13.151,13.319,12.774,12.791,1398129,0
2000-08-23,12.791,12.791,12.279,12.419,2430928,0
2000-08-24,12.449,12.791,12.382,12.553,3263554,0
2000-08-25,12.553,12.673,12.449,12.553,1736961,0
2000-08-28,12.517,12.517,12.332,12.431,1662530,0
2000-08-29,12.449,12.502,12.213,12.261,1490570,0
2000-08-30,12.298,12.517,12.261,12.298,1519799,0
2000-08-31,12.467,12.791,12.419,12.641,2259645,0
2000-09-01,12.431,12.553,12.143,12.382,2596436,0
2000-09-05,12.346,12.639,12.346,12.602,6339510,0
2000-09-06,12.486,12.98,12.486,12.722,3123540,0
2000-09-07,12.688,12.706,12.058,12.194,2527782,0
2000-09-08,12.194,12.194,11.784,12.058,3409008,0
2000-09-11,11.991,12.124,11.767,12.077,3508243,0
2000-09-12,12.279,12.279,11.615,11.87,3615637,0
2000-09-13,11.87,11.888,11.596,11.615,3594564,0
2000-09-14,11.564,11.668,11.259,11.412,4188620,0
2000-09-15,11.187,11.391,10.966,11.087,6981142,0
2000-09-18,11.155,11.63,11.155,11.512,4675279,0
2000-09-19,11.373,11.477,11.204,11.259,4732715,0
2000-09-20,11.222,11.496,10.779,10.833,6605953,0
2000-09-21,10.833,11.002,10.575,10.607,6302809,0
2000-09-22,10.628,10.845,10.505,10.779,4788109,0
2000-09-25,10.833,10.917,10.251,10.642,4324899,0
2000-09-26,10.591,10.779,10.37,10.54,4076809,0
2000-09-27,10.505,10.661,10.166,10.405,3220053,0
2000-09-28,10.54,10.845,10.472,10.762,2649453,0
2000-09-29,10.575,11.222,10.575,11.069,2949195,0
2000-10-02,10.505,10.729,10.097,10.336,11470185,0
2000-10-03,10.37,10.966,10.267,10.793,6516234,0
2000-10-04,10.983,11.288,10.865,11.069,3567040,0
2000-10-05,10.917,11.087,10.642,11.087,4492783,0
2000-10-06,11.018,11.272,10.591,10.833,3188110,0
2000-10-09,10.814,11.187,10.472,10.692,1513001,0
2000-10-10,10.833,11.138,10.405,10.505,2375531,0
2000-10-11,10.676,10.917,10.591,10.793,2468991,0
2000-10-12,10.793,10.865,10.37,10.628,3256760,0
2000-10-13,10.557,10.591,10.097,10.285,3835516,0
2000-10-16,10.267,10.676,10.047,10.302,3462024,0
2000-10-17,10.267,10.54,9.84,10.01,3845373,0
2000-10-18,10.062,11.204,10.062,11.187,6167213,0
2000-10-19,11.187,11.308,10.948,11.12,4936280,0
2000-10-20,11.002,11.069,10.661,10.881,3353954,0
2000-10-23,10.881,10.881,10.607,10.833,3394393,0
2000-10-24,10.692,11.752,10.692,11.717,4301447,0
2000-10-25,11.734,11.734,11.259,11.564,2320141,0
2000-10-26,11.668,11.938,11.615,11.767,2546815,0
2000-10-27,11.767,11.767,11.242,11.734,3454207,0
2000-10-30,12.246,12.791,12.18,12.535,5806293,0
2000-10-31,12.657,13.012,12.213,12.81,5216999,0
2000-11-01,12.815,13.21,12.246,12.335,3106206,0
2000-11-02,12.32,12.42,11.974,12.367,2494475,0
2000-11-03,12.335,12.663,11.954,12.489,4721496,0
2000-11-06,12.523,12.608,12.16,12.232,3293123,0
2000-11-07,12.232,12.367,11.938,12.124,4845207,0
2000-11-08,12.124,12.367,11.888,12.077,6453359,0
2000-11-09,11.835,12.124,11.542,11.888,4744607,0
2000-11-10,11.92,12.041,11.714,11.798,2248091,0
2000-11-13,11.146,11.593,11.146,11.472,4423791,0
2000-11-14,11.542,11.577,11.37,11.456,3749196,0
2000-11-15,11.489,11.92,11.456,11.731,4037727,0
2000-11-16,11.561,11.561,11.216,11.405,2199830,0
2000-11-17,11.423,11.68,11.339,11.472,5111984,0
2000-11-20,11.489,11.68,11.319,11.628,3168056,0
2000-11-21,11.593,11.835,11.489,11.714,2282752,0
2000-11-22,11.665,11.835,11.593,11.694,1447751,0
2000-11-24,11.767,11.902,11.767,11.87,633817,0
2000-11-27,11.87,12.112,11.694,11.852,2558711,0
2000-11-28,11.835,12.246,11.798,12.041,2824813,0
2000-11-29,11.938,12.32,11.888,12.32,2471029,0
2000-11-30,12.282,12.335,11.817,12.041,5231608,0
2000-12-01,12.009,12.626,12.009,12.505,3473579,0
2000-12-04,12.746,13.245,12.694,13.194,4883607,0
2000-12-05,13.159,13.452,12.868,13.434,3673751,0
2000-12-06,13.365,13.951,13.21,13.314,3858287,0
2000-12-07,13.332,13.365,12.59,12.868,2757861,0
2000-12-08,12.868,13.007,12.575,12.663,3998984,0
2000-12-11,12.694,12.764,12.404,12.729,3588444,0
2000-12-12,12.694,13.159,12.59,12.59,3161938,0
2000-12-13,12.729,12.796,12.386,12.712,4153274,0
2000-12-14,12.663,12.663,12.455,12.59,4241295,0
2000-12-15,12.523,12.644,12.386,12.505,2976043,0
2000-12-18,12.301,12.97,12.232,12.868,4248771,0
2000-12-19,13.177,13.279,12.989,13.177,3497368,0
2000-12-20,12.729,12.831,12.47,12.54,3450808,0
2000-12-21,12.608,13.799,12.47,13.487,5123534,0
2000-12-22,13.677,14.413,13.434,14.278,3647923,0
2000-12-26,14.227,14.243,13.693,14.02,2929825,0
2000-12-27,14.106,14.21,13.708,14.124,3003571,0
2000-12-28,14.106,14.397,13.708,14.312,2671882,0
2000-12-29,14.312,14.364,13.913,13.969,2903997,0
2001-01-02,13.902,14.295,13.641,13.799,3634666,0
2001-01-03,13.799,14.278,13.623,14.137,4619888,0
2001-01-04,14.137,14.862,14.035,14.57,4535264,0
2001-01-05,14.828,14.846,14.035,14.517,3624469,0
2001-01-08,14.553,14.811,14.035,14.227,3470856,0
2001-01-09,14.175,14.21,13.623,13.762,2587938,0
2001-01-10,13.762,13.902,13.452,13.883,4011897,0
2001-01-11,13.848,13.883,13.487,13.708,2686152,0
2001-01-12,13.745,13.745,13.262,13.418,2218523,0
2001-01-16,13.418,14.035,13.279,13.866,4919627,0
2001-01-17,13.866,13.866,13.487,13.693,2517927,0
2001-01-18,13.623,13.799,13.383,13.538,1695156,0
2001-01-19,13.538,13.556,13.108,13.126,1868822,0
2001-01-22,12.989,13.538,12.764,13.35,3441631,0
2001-01-23,13.418,13.59,13.262,13.298,1845709,0
2001-01-24,13.298,13.487,13.091,13.194,3226508,0
2001-01-25,13.159,13.883,13.159,13.781,4290573,0
2001-01-26,13.781,13.781,13.365,13.605,3151746,0
2001-01-29,13.279,13.822,13.265,13.81,2179782,0
2001-01-30,13.948,14.347,13.68,14.32,2524385,0
2001-01-31,14.39,14.695,14.284,14.562,4923030,0
2001-02-01,14.562,14.862,14.382,14.755,4542740,0
2001-02-02,14.657,14.67,14.382,14.544,3500091,0
2001-02-05,14.517,14.693,14.492,14.667,2077828,0
2001-02-06,14.667,14.767,14.539,14.61,2905694,0
2001-02-07,14.613,14.767,14.469,14.712,2385388,0
2001-02-08,14.712,14.824,14.119,14.423,2675623,0
2001-02-09,14.423,14.423,13.921,14.091,3434498,0
2001-02-12,14.091,14.284,13.802,14.26,3135093,0
2001-02-13,14.26,14.77,14.151,14.621,4042825,0
2001-02-14,14.479,14.479,14.077,14.257,2527106,0
2001-02-15,14.119,14.96,14.088,14.886,3326425,0
2001-02-16,14.701,14.927,14.537,14.69,4189979,0
2001-02-20,14.693,15.026,14.484,14.573,2432290,0
2001-02-21,14.546,14.728,14.306,14.369,1966694,0
2001-02-22,14.369,14.743,14.369,14.472,3091591,0
2001-02-23,14.423,14.618,14.08,14.293,2419373,0
2001-02-26,14.364,14.801,14.364,14.798,2402380,0
2001-02-27,14.562,14.951,14.562,14.798,2893460,0
2001-02-28,14.855,15.058,14.745,14.907,2801361,0
2001-03-01,14.907,14.963,14.57,14.718,2239935,0
2001-03-02,14.722,15.104,14.722,15.073,2649788,0
2001-03-05,15.073,15.755,15.073,15.657,3795753,0
2001-03-06,15.657,15.684,15.34,15.407,3774003,0
2001-03-07,15.382,16.087,15.35,16.019,3468143,0
2001-03-08,15.893,16.05,15.503,15.9,7280547,0
2001-03-09,15.909,16.207,15.713,15.823,3202381,0
2001-03-12,15.823,15.823,14.756,14.798,3817503,0
2001-03-13,14.52,14.664,14.215,14.589,5888877,0
2001-03-14,14.382,14.382,14.023,14.129,4667462,0
2001-03-15,14.129,14.129,13.841,13.883,4408160,0
2001-03-16,13.869,14.088,13.787,13.834,4937646,0
2001-03-19,13.869,14.326,13.869,14.007,2677658,0
2001-03-20,14.132,14.667,13.883,14.45,4769078,0
2001-03-21,14.45,14.45,13.908,13.958,3407990,0
2001-03-22,13.81,13.938,13.041,13.592,6522691,0
2001-03-23,13.452,13.795,13.189,13.68,3424981,0
2001-03-26,13.66,14.195,13.507,13.964,2796263,0
2001-03-27,13.964,14.539,13.844,14.486,4141380,0
2001-03-28,14.284,14.416,13.787,14.369,3349196,0
2001-03-29,14.298,14.479,13.703,14.007,5397796,0
2001-03-30,14.007,14.333,13.913,14.088,4006802,0
2001-04-02,14.104,14.423,13.72,13.72,3636709,0
2001-04-03,13.979,13.979,13.535,13.592,3194567,0
2001-04-04,13.618,13.961,13.592,13.704,3854547,0
2001-04-05,13.869,13.921,13.738,13.858,3326425,0
2001-04-06,13.858,13.858,13.314,13.314,3890232,0
2001-04-09,13.383,13.938,13.383,13.708,5047754,0
2001-04-10,14.119,14.593,14.007,14.55,4602214,0
2001-04-11,14.963,14.963,14.396,14.546,4395247,0
2001-04-12,14.423,14.67,14.091,14.326,3327447,0
2001-04-16,14.437,14.716,14.354,14.701,3651319,0
2001-04-17,14.562,14.573,14.228,14.312,3015805,0
2001-04-18,14.312,15.173,14.132,14.94,4361261,0
2001-04-19,14.867,14.911,14.534,14.782,2761938,0
2001-04-20,14.84,14.96,14.427,14.479,3005271,0
2001-04-23,14.479,14.779,14.479,14.566,4033306,0
2001-04-24,14.618,14.897,14.437,14.53,4772474,0
2001-04-25,14.562,14.589,14.312,14.454,1861683,0
2001-04-26,14.423,14.828,14.312,14.782,3332882,0
2001-04-27,14.743,15.026,14.743,14.979,4719802,0
2001-04-30,15.254,15.812,15.254,15.682,5317252,0
2001-05-01,15.684,15.867,15.382,15.781,4210711,0
2001-05-02,15.781,16.047,15.535,15.971,4058119,0
2001-05-03,15.961,15.961,15.476,15.648,2569927,0
2001-05-04,15.379,15.963,15.254,15.949,2734411,0
2001-05-07,15.851,16.202,15.615,15.738,2622602,0
2001-05-08,15.738,15.949,15.738,15.745,2461511,0
2001-05-09,15.748,15.935,15.573,15.706,3068482,0
2001-05-10,15.719,16.002,15.719,15.975,2517590,0
2001-05-11,15.978,15.997,15.573,15.858,3317246,0
2001-05-14,15.755,16.033,15.684,16.012,2177403,0
2001-05-15,15.92,16.247,15.864,16.199,3908927,0
2001-05-16,16.199,17.32,16.019,17.184,7365511,0
2001-05-17,17.139,17.738,17.098,17.333,9395080,0
2001-05-18,17.29,17.455,16.899,17.051,5339342,0
2001-05-21,17.066,17.108,16.689,17.015,4591338,0
2001-05-22,16.762,16.765,16.467,16.486,3530674,0
2001-05-23,16.48,16.703,16.382,16.438,3440614,0
2001-05-24,16.409,16.412,15.781,15.92,5178931,0
2001-05-25,15.92,16.002,15.738,15.818,2771115,0
2001-05-29,15.812,16.218,15.812,16.019,3907565,0
2001-05-30,16.019,16.202,15.836,15.927,2918268,0
2001-05-31,16,16.199,15.893,15.981,3261518,0
2001-06-01,16,16.161,15.673,16.111,3849112,0
2001-06-04,16.116,16.173,16.033,16.145,1990145,0
2001-06-05,16.005,16.663,15.745,16.37,4212407,0
2001-06-06,16.299,16.597,16.221,16.301,3336623,0
2001-06-07,16.299,16.497,16.299,16.441,2100935,0
2001-06-08,16.313,16.395,16.161,16.181,2077142,0
2001-06-11,16.161,16.188,15.854,15.92,2151231,0
2001-06-12,15.797,15.823,15.529,15.588,3531357,0
2001-06-13,15.434,15.797,15.434,15.626,3695161,0
2001-06-14,15.626,15.626,15.169,15.224,4959391,0
2001-06-15,14.97,15.244,14.97,15.02,4105016,0
2001-06-18,15.083,15.125,14.861,14.96,1904845,0
2001-06-19,15.043,15.076,14.76,14.837,1768906,0
2001-06-20,14.904,15.238,14.904,15.001,3027020,0
2001-06-21,15.101,15.375,15.01,15.232,2444184,0
2001-06-22,15.362,15.379,15.052,15.125,2051317,0
2001-06-25,15.113,15.113,14.695,14.843,1797114,0
2001-06-26,15.169,15.225,14.776,15.001,3696181,0
2001-06-27,15.154,15.434,15.113,15.154,2199153,0
2001-06-28,15.14,15.254,15.043,15.128,2495162,0
2001-06-29,15.157,15.353,15.083,15.353,2710283,0
2001-07-02,15.353,15.731,15.14,15.673,2540360,0
2001-07-03,15.673,15.742,15.496,15.738,2363300,0
2001-07-05,15.742,15.836,15.49,15.781,2707224,0
2001-07-06,15.781,15.781,15.403,15.431,2196095,0
2001-07-09,15.503,15.812,15.476,15.738,2426850,0
2001-07-10,15.755,16.044,15.588,15.809,4197796,0
2001-07-11,15.92,16.32,15.92,16.215,4169926,0
2001-07-12,16.242,16.577,16.138,16.555,2973665,0
2001-07-13,16.649,16.816,16.443,16.755,4223623,0
2001-07-16,16.716,16.716,16.441,16.495,4182502,0
2001-07-17,16.273,16.577,16.273,16.336,6001367,0
2001-07-18,16.31,16.37,16.181,16.299,6258287,0
2001-07-19,16.409,16.507,16.224,16.263,2654208,0
2001-07-20,16.334,16.404,16.181,16.228,2345967,0
2001-07-23,16.173,16.263,15.949,16.215,1817502,0
2001-07-24,16.188,16.188,15.602,15.626,3482417,0
2001-07-25,15.684,16.005,15.559,15.893,2209007,0
2001-07-26,15.641,16.188,15.622,16.166,1726422,0
2001-07-27,16.188,16.224,16.033,16.101,1327105,0
2001-07-30,16.074,16.273,16,16.202,1988107,0
2001-07-31,16.145,16.841,16.116,16.684,5797458,0
2001-08-01,16.796,16.799,16.489,16.57,2434665,0
2001-08-02,16.619,16.913,16.491,16.87,2992016,0
2001-08-03,16.871,16.881,16.649,16.871,1558540,0
2001-08-06,16.832,17.015,16.595,16.604,1957520,0
2001-08-07,16.523,16.614,16.483,16.519,1161938,0
2001-08-08,16.489,16.649,16.224,16.228,2845543,0
2001-08-09,16.299,16.325,16.212,16.238,1687344,0
2001-08-10,16.282,16.407,16.105,16.296,3382842,0
2001-08-13,16.339,16.457,16.238,16.336,1245882,0
2001-08-14,16.313,16.681,16.313,16.611,2158373,0
2001-08-15,16.666,16.81,16.428,16.428,1721326,0
2001-08-16,16.467,16.619,16.451,16.56,1959559,0
2001-08-17,16.56,16.644,16.367,16.574,1883776,0
2001-08-20,16.504,16.649,16.384,16.486,2063210,0
2001-08-21,16.523,16.731,16.367,16.435,3366871,0
2001-08-22,16.367,16.407,16.176,16.228,4083606,0
2001-08-23,16.296,16.392,16.064,16.361,1658794,0
2001-08-24,16.407,16.695,16.343,16.695,2327276,0
2001-08-27,16.675,16.745,16.455,16.491,1746816,0
2001-08-28,16.491,16.507,16.254,16.263,1293462,0
2001-08-29,16.296,16.382,15.917,16.025,3988449,0
2001-08-30,16.096,16.221,15.889,15.975,2547494,0
2001-08-31,16.016,16.126,15.775,15.961,3419204,0
2001-09-04,15.961,16.446,15.903,16.343,4107736,0
2001-09-05,16.339,16.478,16.181,16.254,2812917,0
2001-09-06,16.185,16.26,15.929,16.027,1711133,0
2001-09-07,16.074,16.074,15.117,15.266,6136963,0
2001-09-10,15.269,15.269,14.76,14.968,5060330,0
2001-09-17,14.2,14.375,13.383,13.498,4500261,0
2001-09-18,13.781,13.948,13.645,13.814,4111472,0
2001-09-19,13.919,14.004,13.163,13.487,5578254,0
2001-09-20,13.487,13.487,12.841,12.852,4182502,0
2001-09-21,12.16,12.992,12.024,12.879,6703487,0
2001-09-24,13.163,13.399,13.098,13.359,3446055,0
2001-09-25,13.386,13.766,13.302,13.452,4043841,0
2001-09-26,13.708,13.819,13.148,13.383,3168736,0
2001-09-27,13.381,13.427,13.189,13.289,2674936,0
2001-09-28,13.105,13.759,13.076,13.698,3607480,0
2001-10-01,13.498,13.594,13.189,13.307,2728635,0
2001-10-02,13.307,13.487,13.163,13.44,2827871,0
2001-10-03,13.274,13.604,13.217,13.564,1692440,0
2001-10-04,13.528,13.623,13.253,13.396,1529651,0
2001-10-05,13.396,13.81,13.378,13.799,2068313,0
2001-10-08,13.696,13.698,13.399,13.498,1561599,0
2001-10-09,13.498,13.639,13.443,13.581,1934413,0
2001-10-10,13.578,14.243,13.578,14.132,2632796,0
2001-10-11,14.063,14.595,13.948,14.506,2448601,0
2001-10-12,14.273,14.539,14.088,14.393,2261005,0
2001-10-15,14.393,14.397,14.06,14.312,1653354,0
2001-10-16,14.312,14.354,14.06,14.26,1608155,0
2001-10-17,14.33,14.397,13.781,13.793,2475450,0
2001-10-18,13.948,14.056,13.671,13.804,2211728,0
2001-10-19,13.778,13.858,13.514,13.819,2006800,0
2001-10-22,13.751,14.24,13.745,14.189,1648259,0
2001-10-23,14.06,14.18,13.892,14.023,2026172,0
2001-10-24,13.995,14.397,13.805,14.34,3379781,0
2001-10-25,14.257,14.808,14.2,14.752,3574511,0
2001-10-26,14.808,14.846,14.68,14.749,2151231,0
2001-10-29,14.693,14.695,14.357,14.441,2085305,0
2001-10-30,14.427,14.441,14.121,14.282,2366359,0
2001-10-31,14.527,14.553,14.129,14.147,1791334,0
2001-11-01,14.147,14.373,13.931,14.343,2131865,0
2001-11-02,14.314,14.598,14.228,14.546,1917757,0
2001-11-05,14.583,14.725,14.373,14.583,1322683,0
2001-11-06,14.553,14.71,14.357,14.71,1327444,0
2001-11-07,14.683,14.979,14.613,14.767,1510281,0
2001-11-08,14.84,14.989,14.657,14.795,1822604,0
2001-11-09,14.795,14.824,14.559,14.698,1208156,0
2001-11-12,14.701,14.701,14.299,14.539,1694480,0
2001-11-13,14.537,14.824,14.537,14.674,2543756,0
2001-11-14,14.74,15.306,14.74,15.257,3611216,0
2001-11-15,15.306,15.503,15.142,15.457,4493119,0
2001-11-16,15.434,15.435,15.128,15.31,3093290,0
2001-11-19,15.362,15.503,15.263,15.304,2122688,0
2001-11-20,15.306,15.306,14.911,15.104,1833817,0
2001-11-21,15.136,15.167,14.923,15.001,1215634,0
2001-11-23,14.895,15.188,14.889,15.164,599149,0
2001-11-26,15.22,15.224,14.965,15.113,1709769,0
2001-11-27,15.113,15.113,14.863,15.02,1337641,0
2001-11-28,15.066,15.066,14.867,14.911,1265931,0
2001-11-29,14.855,14.979,14.755,14.792,2847240,0
2001-11-30,14.811,15.022,14.811,14.979,2842822,0
2001-12-03,14.911,14.979,14.764,14.861,2846905,0
2001-12-04,14.862,14.997,14.786,14.997,2229739,0
2001-12-05,15.122,15.591,15.098,15.479,2411895,0
2001-12-06,15.306,16.064,15.254,15.728,4261345,0
2001-12-07,15.676,15.696,15.266,15.453,3866782,0
2001-12-10,15.427,15.429,14.907,14.911,2596772,0
2001-12-11,14.911,15.167,14.755,15.006,3323366,0
2001-12-12,15.076,15.113,14.773,14.983,1585048,0
2001-12-13,14.983,15.107,14.795,14.879,2736792,0
2001-12-14,14.879,15.049,14.683,14.808,2100259,0
2001-12-17,14.808,15.055,14.808,15.055,2798304,0
2001-12-18,15.039,15.385,15.039,15.372,2782327,0
2001-12-19,15.3,15.306,15.11,15.19,2783348,0
2001-12-20,15.022,15.306,14.965,15.217,4144436,0
2001-12-21,15.263,15.29,15.049,15.15,4365001,0
2001-12-24,15.122,15.379,15.104,15.244,718438,0
2001-12-26,15.247,15.362,15.022,15.094,1864064,0
2001-12-27,15.079,15.362,15.066,15.177,1275104,0
2001-12-28,15.306,15.519,15.306,15.4,1458626,0
2001-12-31,15.4,15.713,15.32,15.329,1710111,0
