Date,Open,High,Low,Close,Volume,OpenInt
1995-01-03,7.4698,7.6239,7.4698,7.6239,51527,0
1995-01-04,7.6239,7.6239,7.4698,7.4796,5818,0
1995-01-05,7.4698,7.5469,7.4698,7.5469,16622,0
1995-01-06,7.5469,7.5469,7.5469,7.5469,8727,0
1995-01-09,7.6239,7.6239,7.4698,7.6239,25763,0
1995-01-10,7.4698,7.576,7.4698,7.4698,20360,0
1995-01-11,7.4986,7.6239,7.4986,7.6239,217738,0
1995-01-12,7.73,7.9418,7.576,7.9418,138371,0
1995-01-13,7.7878,7.9418,7.7878,7.8358,10386,0
1995-01-16,7.9994,8.1053,7.8163,8.1053,168286,0
1995-01-17,7.8358,8.1053,7.8358,7.9418,178261,0
1995-01-18,7.8553,8.1053,7.8358,8.0185,133387,0
1995-01-19,8.1053,8.1053,7.9418,8.0185,163719,0
1995-01-20,7.9418,8.1053,7.9418,8.0476,283808,0
1995-01-23,8.1534,8.1534,8.0476,8.1053,138786,0
1995-01-24,7.9418,8.1534,7.9418,7.9418,150007,0
1995-01-25,8.1534,8.1534,7.9418,8.1053,7479,0
1995-01-26,7.9418,8.1534,7.9418,8.0765,88508,0
1995-01-27,8.1053,8.1053,7.9418,8.1053,15375,0
1995-01-30,7.9418,8.1053,7.9418,8.0185,11636,0
1995-01-31,7.9418,8.1053,7.9418,7.9418,47369,0
1995-02-01,7.9418,7.9609,7.9418,7.9609,8727,0
1995-02-02,7.9418,8.1053,7.9418,8.1053,39060,0
1995-02-03,7.9418,8.2109,7.9418,8.2109,157898,0
1995-02-06,8.1823,8.2595,8.1053,8.1053,88092,0
1995-02-07,8.2595,8.2595,8.1534,8.1534,27008,0
1995-02-08,8.1823,8.3651,8.1534,8.3365,251810,0
1995-02-09,8.3365,8.3651,8.2109,8.2109,57759,0
1995-02-10,8.3173,8.3651,8.2109,8.2109,95989,0
1995-02-13,8.3173,8.3651,8.3173,8.3651,16622,0
1995-02-14,8.3651,8.3651,8.2109,8.3365,23269,0
1995-02-15,8.2109,8.3651,8.2109,8.3651,17035,0
1995-02-16,8.3651,8.3651,8.2109,8.3651,11636,0
1995-02-17,8.2109,8.3651,8.2109,8.2595,117595,0
1995-02-21,8.2109,8.4132,8.2109,8.2109,27426,0
1995-02-22,8.3173,8.3173,8.2109,8.2109,6233,0
1995-02-23,8.2109,8.4132,8.2109,8.3173,48619,0
1995-02-24,8.3173,8.3651,8.2595,8.3269,28671,0
1995-02-27,8.3173,8.4132,8.2109,8.3173,18700,0
1995-02-28,8.2109,8.4132,8.2109,8.4132,24516,0
1995-03-01,8.3173,8.3173,8.2109,8.2109,3326,0
1995-03-02,8.2882,8.4132,8.2109,8.3173,20360,0
1995-03-03,8.3173,8.4132,8.2109,8.2109,13298,0
1995-03-06,8.2109,8.4711,8.2109,8.4711,100142,0
1995-03-07,8.2595,8.5191,8.2595,8.5191,263861,0
1995-03-08,8.3173,8.4132,8.3173,8.3173,68977,0
1995-03-09,8.3173,8.5191,8.3173,8.3173,2490,0
1995-03-10,8.5191,8.5191,8.3173,8.5191,6646,0
1995-03-13,8.3173,8.5191,8.3173,8.3173,100971,0
1995-03-14,8.3173,8.3943,8.1534,8.2882,262614,0
1995-03-15,8.1534,8.3173,8.1053,8.2109,81025,0
1995-03-16,8.1053,8.3651,8.1053,8.3173,228542,0
1995-03-17,8.3173,8.3173,8.2109,8.3173,88092,0
1995-03-20,8.3173,8.3173,8.2109,8.3173,33654,0
1995-03-21,8.2109,8.2595,8.2109,8.2109,15375,0
1995-03-22,8.3173,8.3173,8.2109,8.2109,19114,0
1995-03-23,8.2303,8.3173,8.2303,8.3173,9558,0
1995-03-24,8.2109,8.2595,8.2109,8.2109,169123,0
1995-03-27,8.2109,8.2109,8.1053,8.2109,96818,0
1995-03-28,8.0574,8.2207,8.0574,8.134,9144,0
1995-03-29,8.2691,8.2691,8.0574,8.0574,17035,0
1995-03-30,8.0574,8.163,8.0089,8.0283,196544,0
1995-03-31,8.0089,8.163,8.0089,8.0089,88092,0
1995-04-03,8.0089,8.163,8.0089,8.163,69393,0
1995-04-04,8.0089,8.163,8.0089,8.0861,43213,0
1995-04-05,8.0089,8.2207,8.0089,8.1151,83939,0
1995-04-06,8.1151,8.3269,8.1151,8.163,56095,0
1995-04-07,8.3748,8.4326,8.2691,8.2691,44047,0
1995-04-10,8.4326,8.4326,8.2691,8.4326,32827,0
1995-04-11,8.2691,8.4326,8.2691,8.3269,13298,0
1995-04-12,8.2691,8.5386,8.2691,8.4808,182834,0
1995-04-13,8.3748,8.4808,8.3748,8.4808,17866,0
1995-04-17,8.4326,8.5386,8.3748,8.4808,44877,0
1995-04-18,8.3748,8.3748,8.3748,8.3748,3739,0
1995-04-19,8.5097,8.5386,8.3748,8.4808,39892,0
1995-04-20,8.4808,8.7505,8.3748,8.6444,191144,0
1995-04-21,8.7505,9.01,8.7505,8.9716,273006,0
1995-04-24,8.9912,8.9912,8.9618,8.9618,36153,0
1995-04-25,8.9332,8.9428,8.9332,8.9332,142941,0
1995-04-26,8.9332,9.01,8.9332,8.9618,106789,0
1995-04-27,8.9618,9.01,8.9618,8.9618,60254,0
1995-04-28,8.9716,9.1158,8.9618,9.0395,216906,0
1995-05-01,9.174,9.174,9.01,9.174,127567,0
1995-05-02,9.01,9.174,9.01,9.174,195713,0
1995-05-03,9.1449,9.174,9.01,9.174,172444,0
1995-05-04,9.0677,9.174,9.0677,9.1449,114270,0
1995-05-05,9.174,9.3268,9.0677,9.222,201947,0
1995-05-08,9.3268,9.4323,9.222,9.281,80195,0
1995-05-09,9.4223,9.4323,9.281,9.4323,9974,0
1995-05-10,9.4323,9.4906,9.3268,9.4906,48619,0
1995-05-11,9.3268,9.4906,9.281,9.4323,139203,0
1995-05-12,9.281,9.4323,9.281,9.3092,50278,0
1995-05-15,9.281,9.281,9.281,9.281,1661,0
1995-05-16,9.3268,9.3268,9.281,9.3268,8727,0
1995-05-17,9.281,9.3268,9.2512,9.3268,203610,0
1995-05-18,9.222,9.3268,9.222,9.3268,24516,0
1995-05-19,9.174,9.3268,9.174,9.3268,83939,0
1995-05-22,9.281,9.4323,9.174,9.3268,177016,0
1995-05-23,9.3268,9.4323,9.281,9.3557,29918,0
1995-05-24,9.4323,9.4906,9.3268,9.4906,34488,0
1995-05-25,9.4906,9.538,9.3854,9.538,85600,0
1995-05-26,9.3854,9.538,9.3854,9.538,31998,0
1995-05-30,9.4323,9.538,9.4323,9.538,1661,0
1995-05-31,9.3854,9.597,9.3854,9.597,230619,0
1995-06-01,9.597,9.597,9.3854,9.3854,34076,0
1995-06-02,9.4619,9.538,9.3854,9.3854,8307,0
1995-06-05,9.3854,9.538,9.3854,9.3854,8307,0
1995-06-06,9.3854,9.646,9.3854,9.636,182834,0
1995-06-07,9.705,9.857,9.597,9.809,324116,0
1995-06-08,9.646,9.809,9.646,9.732,141279,0
1995-06-09,9.809,9.809,9.538,9.538,40724,0
1995-06-12,9.4906,9.705,9.4906,9.705,41970,0
1995-06-13,9.705,9.857,9.646,9.751,309570,0
1995-06-14,9.915,10.281,9.857,10.231,448772,0
1995-06-15,10.07,10.231,10.07,10.231,109284,0
1995-06-16,10.231,10.231,10.07,10.099,62744,0
1995-06-19,10.07,10.174,10.07,10.174,9558,0
1995-06-20,10.07,10.396,10.07,10.3,1219164,0
1995-06-21,10.231,10.444,10.231,10.396,140035,0
1995-06-22,10.444,10.444,10.281,10.444,15792,0
1995-06-23,10.444,10.444,10.281,10.281,88921,0
1995-06-26,10.444,10.61,10.281,10.61,208180,0
1995-06-27,10.503,10.61,10.503,10.522,218152,0
1995-06-28,10.61,10.61,10.503,10.61,114270,0
1995-06-29,10.675,10.675,10.571,10.571,65654,0
1995-06-30,10.675,10.675,10.571,10.675,815272,0
1995-07-03,10.571,10.666,10.571,10.571,3739,0
1995-07-05,10.571,10.781,10.571,10.733,209843,0
1995-07-06,10.886,11.003,10.781,11.003,166629,0
1995-07-07,10.944,11.051,10.886,11.003,319125,0
1995-07-10,10.886,10.974,10.886,10.886,86430,0
1995-07-11,11.003,11.003,10.733,10.733,169951,0
1995-07-12,10.838,10.838,10.675,10.762,31162,0
1995-07-13,10.838,10.886,10.675,10.781,460409,0
1995-07-14,10.781,10.886,10.733,10.781,108452,0
1995-07-17,10.838,10.838,10.675,10.675,39060,0
1995-07-18,10.675,10.886,10.675,10.838,80613,0
1995-07-19,10.886,11.292,10.886,11.11,422178,0
1995-07-20,11.159,11.159,11.003,11.11,123412,0
1995-07-21,11.11,11.11,10.886,10.886,449603,0
1995-07-24,10.914,11.003,10.838,11.003,88921,0
1995-07-25,11.003,11.051,10.944,11.051,63159,0
1995-07-26,10.944,11.159,10.944,11.11,166629,0
1995-07-27,11.159,11.321,11.081,11.321,283808,0
1995-07-28,11.242,11.531,11.242,11.454,193221,0
1995-07-31,11.426,11.426,11.215,11.426,191561,0
1995-08-01,11.262,11.426,11.262,11.262,98068,0
1995-08-02,11.426,11.426,11.262,11.397,279234,0
1995-08-03,11.426,11.503,11.368,11.426,219817,0
1995-08-04,11.426,11.591,11.426,11.591,103054,0
1995-08-07,11.484,11.745,11.484,11.639,231450,0
1995-08-08,11.639,11.745,11.639,11.745,25763,0
1995-08-09,11.745,11.802,11.639,11.802,76042,0
1995-08-10,11.802,11.955,11.639,11.955,230205,0
1995-08-11,11.955,11.955,11.802,11.877,367745,0
1995-08-14,11.802,11.955,11.696,11.802,402233,0
1995-08-15,11.696,11.745,11.639,11.696,264690,0
1995-08-16,11.639,11.696,11.591,11.696,180341,0
1995-08-17,11.591,11.639,11.484,11.531,312478,0
1995-08-18,11.426,11.696,11.426,11.591,360265,0
1995-08-21,11.639,11.696,11.591,11.696,81025,0
1995-08-22,11.591,11.745,11.591,11.745,490327,0
1995-08-23,11.745,11.851,11.591,11.851,824827,0
1995-08-24,11.745,11.851,11.745,11.851,22852,0
1995-08-25,11.745,11.851,11.745,11.802,31998,0
1995-08-28,11.851,11.906,11.745,11.906,46122,0
1995-08-29,11.745,11.955,11.745,11.955,39060,0
1995-08-30,11.955,11.955,11.802,11.955,74379,0
1995-08-31,11.906,11.906,11.802,11.802,29918,0
1995-09-01,11.955,11.955,11.802,11.955,19945,0
1995-09-05,11.802,12.329,11.802,12.224,345305,0
1995-09-06,12.177,12.544,12.177,12.477,271756,0
1995-09-07,12.496,12.496,12.329,12.437,189896,0
1995-09-08,12.496,12.496,12.329,12.496,225216,0
1995-09-11,12.496,12.658,12.417,12.658,145435,0
1995-09-12,12.658,12.814,12.496,12.814,267601,0
1995-09-13,12.814,12.814,12.658,12.735,61081,0
1995-09-14,12.658,12.814,12.658,12.814,274665,0
1995-09-15,12.707,12.87,12.707,12.87,150007,0
1995-09-18,12.87,13.025,12.707,13.025,452098,0
1995-09-19,12.976,13.082,12.814,12.976,229787,0
1995-09-20,12.976,13.131,12.976,13.131,62331,0
1995-09-21,12.976,13.082,12.976,13.025,78119,0
1995-09-22,12.916,12.916,12.707,12.87,215659,0
1995-09-25,12.87,12.976,12.707,12.976,220230,0
1995-09-26,12.87,12.976,12.814,12.89,62331,0
1995-09-27,12.814,13.025,12.814,13.025,307076,0
1995-09-28,13.025,13.111,12.89,13.082,172862,0
1995-09-29,13.265,13.265,13.054,13.159,173693,0
1995-10-02,13.159,13.159,13.054,13.072,78952,0
1995-10-03,13.159,13.159,13.054,13.102,95157,0
1995-10-04,13.054,13.159,13.054,13.102,12879,0
1995-10-05,13.054,13.312,13.054,13.302,115933,0
1995-10-06,13.159,13.535,13.159,13.478,217738,0
1995-10-09,13.535,13.64,13.312,13.564,233527,0
1995-10-10,13.584,13.688,13.428,13.535,370654,0
1995-10-11,13.688,13.805,13.584,13.745,122996,0
1995-10-12,13.745,13.805,13.584,13.745,194470,0
1995-10-13,13.911,13.96,13.64,13.805,129645,0
1995-10-16,13.911,13.96,13.745,13.911,105129,0
1995-10-17,13.805,14.121,13.805,13.911,380625,0
1995-10-18,13.96,14.073,13.853,13.96,193221,0
1995-10-19,13.96,13.96,13.805,13.96,82693,0
1995-10-20,13.805,14.016,13.805,14.016,168707,0
1995-10-23,14.073,14.18,13.96,14.121,378548,0
1995-10-24,14.016,14.073,14.016,14.073,135460,0
1995-10-25,14.016,14.228,14.016,14.121,495312,0
1995-10-26,14.15,14.228,13.96,14.092,665682,0
1995-10-27,14.073,14.449,13.853,14.334,614152,0
1995-10-30,14.334,14.709,14.334,14.709,333670,0
1995-10-31,14.554,15.037,14.554,14.875,565537,0
1995-11-01,14.768,15.198,14.768,15.094,774551,0
1995-11-02,15.094,15.094,14.978,15.037,568445,0
1995-11-03,15.141,15.141,14.825,14.978,124658,0
1995-11-06,15.037,15.094,14.93,15.037,125492,0
1995-11-07,15.037,15.198,14.978,15.094,264690,0
1995-11-08,14.978,15.141,14.978,15.037,70224,0
1995-11-09,15.037,15.198,15.037,15.065,34076,0
1995-11-10,15.037,15.198,14.93,15.037,155823,0
1995-11-13,15.094,15.094,14.978,15.094,21610,0
1995-11-14,14.978,15.141,14.978,14.978,132554,0
1995-11-15,14.978,15.248,14.978,15.141,206517,0
1995-11-16,15.248,15.47,15.198,15.47,222309,0
1995-11-17,15.354,15.47,15.248,15.335,321619,0
1995-11-20,15.354,15.892,15.354,15.844,594621,0
1995-11-21,15.577,15.757,15.411,15.624,701831,0
1995-11-22,15.577,15.681,15.307,15.681,564291,0
1995-11-24,15.681,15.681,15.577,15.681,9558,0
1995-11-27,15.577,15.73,15.518,15.518,130893,0
1995-11-28,15.47,15.577,15.248,15.315,166210,0
1995-11-29,15.248,15.335,15.248,15.248,62331,0
1995-11-30,15.411,15.411,15.037,15.141,226048,0
1995-12-01,15.113,15.198,15.094,15.094,118429,0
1995-12-04,15.094,15.198,15.094,15.198,223555,0
1995-12-05,15.094,15.198,15.094,15.094,43632,0
1995-12-06,15.094,15.141,15.037,15.037,85600,0
1995-12-07,15.141,15.141,15.037,15.094,42801,0
1995-12-08,14.978,15.141,14.978,15.037,14543,0
1995-12-11,14.978,15.141,14.978,14.978,267601,0
1995-12-12,14.978,15.248,14.978,15.141,402646,0
1995-12-13,15.248,15.681,15.208,15.653,561380,0
1995-12-14,15.577,15.999,15.47,15.787,718035,0
1995-12-15,15.844,16.058,15.681,15.892,273006,0
1995-12-18,16.116,16.375,15.95,16.375,539358,0
1995-12-19,16.326,16.326,15.999,16.058,501962,0
1995-12-20,16.116,16.22,15.999,16.116,271339,0
1995-12-21,16.116,16.643,16.116,16.597,516504,0
1995-12-22,16.597,17.02,16.489,16.866,492402,0
1995-12-26,16.913,17.154,16.866,17.077,373559,0
1995-12-27,16.913,17.394,16.913,17.318,689779,0
1995-12-28,17.181,17.511,17.181,17.423,576337,0
1995-12-29,17.539,17.539,17.328,17.328,213584,0
1996-01-02,17.269,17.433,17.106,17.106,147931,0
1996-01-03,17.106,17.269,16.729,16.729,366081,0
1996-01-04,16.729,16.894,15.98,16.028,506946,0
1996-01-05,16.088,16.088,15.98,16.088,125073,0
1996-01-08,15.921,15.98,15.921,15.921,102635,0
1996-01-09,15.864,15.98,15.71,15.71,327022,0
1996-01-10,15.71,15.815,15.547,15.547,248072,0
1996-01-11,15.547,15.547,14.738,14.748,528554,0
1996-01-12,14.845,15.007,14.845,14.845,254302,0
1996-01-15,14.845,14.95,14.738,14.738,62331,0
1996-01-16,14.786,14.786,14.033,14.411,739644,0
1996-01-17,14.354,14.603,14.354,14.411,519414,0
1996-01-18,14.421,14.574,14.411,14.411,289207,0
1996-01-19,14.574,14.95,14.411,14.574,443784,0
1996-01-22,14.514,14.892,14.514,14.845,191144,0
1996-01-23,14.786,15.218,14.786,15.007,371483,0
1996-01-24,15.218,15.547,15.055,15.384,501542,0
1996-01-25,15.325,15.325,15.085,15.189,81025,0
1996-01-26,15.055,16.135,15.055,15.864,789922,0
1996-01-29,15.864,16.25,15.864,16.25,728426,0
1996-01-30,16.296,16.401,16.088,16.355,437553,0
1996-01-31,16.296,16.673,16.135,16.519,531878,0
1996-02-01,16.519,16.625,16.355,16.355,110532,0
1996-02-02,16.46,16.46,16.355,16.355,167459,0
1996-02-05,16.355,16.46,16.19,16.355,128400,0
1996-02-06,16.355,16.401,16.19,16.401,212336,0
1996-02-07,16.25,16.46,16.19,16.46,133800,0
1996-02-08,16.46,16.46,16.296,16.401,94739,0
1996-02-09,16.519,16.519,16.135,16.519,138371,0
1996-02-12,16.519,16.519,16.296,16.296,204437,0
1996-02-13,16.25,16.401,16.22,16.25,170364,0
1996-02-14,16.296,16.46,16.296,16.355,19114,0
1996-02-15,16.46,16.46,16.135,16.135,115102,0
1996-02-16,16.135,16.296,16.088,16.088,46122,0
1996-02-20,16.088,16.135,15.757,15.757,53187,0
1996-02-21,15.864,15.864,15.71,15.71,102221,0
1996-02-22,15.653,15.815,15.653,15.815,46954,0
1996-02-23,15.653,15.98,15.653,15.757,118845,0
1996-02-26,15.757,15.98,15.757,15.815,86430,0
1996-02-27,15.864,15.98,15.815,15.815,237268,0
1996-02-28,15.815,15.999,15.815,15.999,28671,0
1996-02-29,16.028,16.028,15.921,15.921,140863,0
1996-03-01,16.135,16.135,15.921,16.028,103880,0
1996-03-04,15.98,16.116,15.98,16.058,67317,0
1996-03-05,16.028,16.135,16.028,16.135,13715,0
1996-03-06,15.98,16.135,15.98,16.028,68146,0
1996-03-07,15.98,16.355,15.98,16.028,514840,0
1996-03-08,15.921,15.98,15.653,15.653,56511,0
1996-03-11,15.71,15.864,15.489,15.71,221895,0
1996-03-12,15.595,15.653,15.595,15.595,5818,0
1996-03-13,15.757,15.757,15.595,15.757,22437,0
1996-03-14,15.757,15.757,15.595,15.757,29088,0
1996-03-15,15.595,15.98,15.489,15.489,275082,0
1996-03-18,15.489,15.815,15.489,15.653,175353,0
1996-03-19,15.757,15.757,15.489,15.595,55266,0
1996-03-20,15.441,15.595,15.441,15.441,143773,0
1996-03-21,15.441,15.595,15.441,15.441,39060,0
1996-03-22,15.595,15.595,15.441,15.489,6646,0
1996-03-25,15.489,15.547,15.384,15.441,96818,0
1996-03-26,15.441,15.547,15.218,15.325,228542,0
1996-03-27,15.325,15.547,15.278,15.307,152083,0
1996-03-28,15.364,15.421,15.307,15.335,129231,0
1996-03-29,15.364,15.527,15.364,15.364,88092,0
1996-04-01,15.374,15.47,15.364,15.364,95571,0
1996-04-02,15.392,15.47,15.364,15.392,180759,0
1996-04-03,15.421,15.47,15.364,15.364,149590,0
1996-04-04,15.307,15.421,15.198,15.198,154988,0
1996-04-08,14.978,15.258,14.825,15.258,192807,0
1996-04-09,15.198,15.47,15.198,15.47,200287,0
1996-04-10,15.307,15.47,15.141,15.258,41553,0
1996-04-11,15.307,15.307,15.094,15.094,105960,0
1996-04-12,15.141,15.141,14.978,15.094,198206,0
1996-04-15,14.978,15.141,14.768,14.768,93910,0
1996-04-16,14.768,15.141,14.768,15.141,351538,0
1996-04-17,15.037,15.094,14.93,15.037,119254,0
1996-04-18,15.037,15.47,14.96,15.47,638670,0
1996-04-19,15.527,15.796,15.421,15.796,616232,0
1996-04-22,15.796,16.336,15.633,16.068,568445,0
1996-04-23,15.96,16.499,15.96,16.336,288378,0
1996-04-24,16.499,16.778,16.336,16.72,289624,0
1996-04-25,16.778,16.778,16.286,16.296,405974,0
1996-04-26,16.451,16.451,16.23,16.286,90172,0
1996-04-29,16.286,16.286,16.068,16.125,84768,0
1996-04-30,16.125,16.451,16.125,16.181,309989,0
1996-05-01,16.181,16.286,16.181,16.26,109284,0
1996-05-02,16.286,16.286,16.125,16.154,55266,0
1996-05-03,16.23,16.23,16.068,16.154,37398,0
1996-05-06,16.068,16.23,16.068,16.181,10804,0
1996-05-07,16.068,16.286,16.068,16.2,189066,0
1996-05-08,16.181,16.286,16.068,16.068,53187,0
1996-05-09,16.181,16.286,16.068,16.068,169123,0
1996-05-10,16.125,16.286,16.125,16.125,50278,0
1996-05-13,16.018,16.181,15.96,16.068,394755,0
1996-05-14,16.181,16.181,15.96,15.989,295441,0
1996-05-15,15.96,16.125,15.96,15.989,56929,0
1996-05-16,15.96,16.125,15.796,15.96,62744,0
1996-05-17,15.96,16.125,15.96,15.989,37813,0
1996-05-20,16.125,16.125,16.018,16.018,45711,0
1996-05-21,16.018,16.125,15.96,15.96,30336,0
1996-05-22,15.96,16.068,15.96,15.989,36153,0
1996-05-23,16.068,16.125,16.018,16.125,206932,0
1996-05-24,16.125,16.125,16.018,16.068,106789,0
1996-05-28,16.125,16.181,16.018,16.018,433400,0
1996-05-29,16.181,16.181,16.018,16.018,11217,0
1996-05-30,16.018,16.72,16.018,16.181,637838,0
1996-05-31,16.181,16.23,16.018,16.068,145852,0
1996-06-03,16.181,16.451,16.125,16.451,151251,0
1996-06-04,16.393,16.558,16.286,16.393,308740,0
1996-06-05,16.499,16.778,16.336,16.663,368160,0
1996-06-06,16.663,17.047,16.663,16.933,408046,0
1996-06-07,16.499,17.096,16.336,16.884,470379,0
1996-06-10,16.778,17.096,16.778,16.933,125905,0
1996-06-11,16.827,17.154,16.778,16.991,304170,0
1996-06-12,16.991,17.096,16.778,16.827,160396,0
1996-06-13,16.884,16.884,16.827,16.827,59419,0
1996-06-14,16.856,16.884,16.827,16.827,35319,0
1996-06-17,16.827,17.047,16.827,16.884,86845,0
1996-06-18,16.933,17.154,16.884,17.077,163719,0
1996-06-19,16.991,17.423,16.991,17.154,340737,0
1996-06-20,17.154,17.154,16.827,16.913,403063,0
1996-06-21,16.991,17.318,16.827,17.096,246410,0
1996-06-24,17.047,17.211,16.933,16.933,144605,0
1996-06-25,16.884,16.933,16.778,16.933,147511,0
1996-06-26,16.778,16.827,16.663,16.72,391014,0
1996-06-27,16.691,16.778,16.286,16.451,350708,0
1996-06-28,16.451,16.451,15.796,15.796,1458093,0
1996-07-01,15.96,16.181,15.884,16.125,263034,0
1996-07-02,16.162,16.375,16.162,16.375,187820,0
1996-07-03,16.268,16.431,16.162,16.24,243499,0
1996-07-05,16.24,16.326,16.21,16.24,27840,0
1996-07-08,15.989,16.21,15.989,16.21,118845,0
1996-07-09,16.048,16.162,15.989,16.162,75214,0
1996-07-10,15.989,16.162,15.989,16.106,27426,0
1996-07-11,16.162,16.162,15.884,16.018,136295,0
1996-07-12,16.106,16.106,15.94,16.048,61081,0
1996-07-15,15.884,16.048,15.884,16.048,69809,0
1996-07-16,16.018,16.018,15.72,15.72,226464,0
1996-07-17,15.72,16.539,15.72,16.539,575509,0
1996-07-18,16.489,16.866,16.489,16.7,386027,0
1996-07-19,16.817,16.817,16.597,16.625,44463,0
1996-07-22,16.673,16.759,16.539,16.597,319954,0
1996-07-23,16.653,16.866,16.489,16.653,286715,0
1996-07-24,16.489,16.489,16.21,16.21,226464,0
1996-07-25,16.326,16.489,16.268,16.375,231865,0
1996-07-26,16.375,16.597,16.268,16.597,540188,0
1996-07-29,16.539,16.817,16.539,16.759,305000,0
1996-07-30,16.7,16.866,16.7,16.7,131720,0
1996-07-31,16.7,17.029,16.7,17.001,169951,0
1996-08-01,17.029,17.144,16.866,17.057,107618,0
1996-08-02,17.029,17.472,17.029,17.249,507776,0
1996-08-05,17.249,17.413,17.249,17.413,150838,0
1996-08-06,17.357,17.413,17.308,17.413,137539,0
1996-08-07,17.308,17.52,17.191,17.472,335749,0
1996-08-08,17.52,17.683,17.357,17.683,158316,0
1996-08-09,17.52,17.683,17.472,17.472,23688,0
1996-08-12,17.472,17.741,17.472,17.579,149175,0
1996-08-13,17.636,17.741,17.472,17.636,255966,0
1996-08-14,17.636,17.962,17.636,17.798,202777,0
1996-08-15,17.904,18.453,17.904,18.291,338245,0
1996-08-16,18.291,18.56,18.175,18.502,295441,0
1996-08-19,18.453,18.502,18.291,18.502,144189,0
1996-08-20,18.502,18.531,18.338,18.531,162057,0
1996-08-21,18.453,18.724,18.453,18.724,600440,0
1996-08-22,18.56,18.724,18.502,18.665,64407,0
1996-08-23,18.502,18.665,18.453,18.616,64407,0
1996-08-26,18.724,18.724,18.502,18.724,20360,0
1996-08-27,18.724,18.724,18.502,18.502,10804,0
1996-08-28,18.502,19.05,18.502,18.992,283392,0
1996-08-29,18.992,18.992,18.78,18.925,150419,0
1996-08-30,18.992,18.992,18.665,18.83,83939,0
1996-09-03,18.665,18.944,18.453,18.944,400570,0
1996-09-04,18.83,18.992,18.724,18.887,74379,0
1996-09-05,18.83,18.944,18.724,18.724,122996,0
1996-09-06,18.724,19.05,18.724,18.992,120506,0
1996-09-09,18.992,18.992,18.83,18.83,7479,0
1996-09-10,19.05,19.106,18.78,19.05,82693,0
1996-09-11,18.887,19.214,18.887,19.214,110948,0
1996-09-12,19.378,19.645,19.214,19.599,370238,0
1996-09-13,19.645,19.81,19.436,19.483,106789,0
1996-09-16,19.483,19.704,19.436,19.436,121334,0
1996-09-17,19.436,19.542,19.32,19.32,167047,0
1996-09-18,19.32,19.32,18.291,18.724,324116,0
1996-09-19,18.83,18.83,18.616,18.665,39060,0
1996-09-20,18.665,19.156,18.665,19.106,142525,0
1996-09-23,18.944,19.156,18.724,19.156,178678,0
1996-09-24,19.272,19.645,19.05,19.378,226879,0
1996-09-25,19.378,19.483,19.214,19.214,103054,0
1996-09-26,19.483,19.483,19.272,19.32,66900,0
1996-09-27,19.272,19.378,19.272,19.272,44463,0
1996-09-30,19.378,19.378,19.106,19.32,111361,0
1996-10-01,19.272,19.542,19.272,19.378,116347,0
1996-10-02,19.32,19.32,19.106,19.156,89337,0
1996-10-03,19.272,19.542,19.272,19.436,93494,0
1996-10-04,19.483,19.762,19.483,19.762,253474,0
1996-10-07,19.704,19.762,19.645,19.645,22852,0
1996-10-08,19.645,20.088,19.645,19.928,227711,0
1996-10-09,20.079,20.079,19.889,19.909,172862,0
1996-10-10,19.909,20.128,19.909,20.022,87263,0
1996-10-11,20.128,20.186,19.937,19.937,51940,0
1996-10-14,20.052,20.052,19.909,19.909,29088,0
1996-10-15,19.994,20.052,19.909,20.052,18700,0
1996-10-16,20.052,20.052,19.967,20.022,15792,0
1996-10-17,19.967,20.128,19.967,20.128,9558,0
1996-10-18,20.186,20.186,19.994,20.186,49030,0
1996-10-21,19.994,20.186,19.909,19.937,56095,0
1996-10-22,20.022,20.022,19.859,19.859,41970,0
1996-10-23,20.022,20.022,19.743,19.8,115102,0
1996-10-24,19.743,19.743,19.146,19.418,218152,0
1996-10-25,19.8,20.186,19.694,19.859,397248,0
1996-10-28,20.022,20.186,19.859,19.909,189896,0
1996-10-29,20.022,20.079,19.8,19.869,102221,0
1996-10-30,19.909,20.022,19.859,19.859,43213,0
1996-10-31,19.859,20.022,19.8,19.859,75214,0
1996-11-01,19.967,19.967,19.859,19.869,74379,0
1996-11-04,19.859,20.079,19.859,20.079,58589,0
1996-11-05,19.985,20.079,19.743,19.8,99724,0
1996-11-06,19.967,19.967,19.743,19.889,71473,0
1996-11-07,19.909,19.967,19.743,19.8,48619,0
1996-11-08,19.859,19.859,19.636,19.636,7897,0
1996-11-11,19.636,19.8,19.636,19.743,178678,0
1996-11-12,19.8,19.8,19.636,19.636,65654,0
1996-11-13,19.743,19.743,19.532,19.694,43632,0
1996-11-14,19.665,19.694,19.532,19.581,17453,0
1996-11-15,19.694,19.694,19.224,19.418,334917,0
1996-11-18,19.445,19.581,19.388,19.532,188650,0
1996-11-19,19.532,19.8,19.503,19.8,226464,0
1996-11-20,19.8,20.619,19.743,20.619,535202,0
1996-11-21,20.793,20.899,20.677,20.899,302919,0
1996-11-22,20.813,21.004,20.677,21.004,88092,0
1996-11-25,21.004,21.284,20.842,21.284,136709,0
1996-11-26,21.313,21.313,21.166,21.166,149590,0
1996-11-27,21.166,22.293,21.166,22.245,1966287,0
1996-11-29,22.381,22.487,22.216,22.44,182834,0
1996-12-02,22.381,22.44,22.132,22.263,311231,0
1996-12-03,22.263,22.263,22.103,22.103,174938,0
1996-12-04,22.056,22.16,21.611,21.717,460822,0
1996-12-05,21.639,21.774,21.553,21.717,253058,0
1996-12-06,21.611,21.611,21.391,21.391,179923,0
1996-12-09,21.449,21.611,21.42,21.611,69809,0
1996-12-10,21.553,21.553,21.391,21.553,19114,0
1996-12-11,21.225,21.343,21.166,21.166,86845,0
1996-12-12,21.343,21.343,21.004,21.004,42801,0
1996-12-13,20.899,21.284,20.899,21.254,174938,0
1996-12-16,21.225,21.225,21.063,21.166,212748,0
1996-12-17,21.157,21.284,21.12,21.12,74379,0
1996-12-18,21.284,21.284,21.12,21.166,56511,0
1996-12-19,21.12,21.343,21.12,21.225,124658,0
1996-12-20,21.284,21.391,21.166,21.225,213997,0
1996-12-23,21.449,21.832,21.362,21.774,361094,0
1996-12-24,21.832,22.216,21.667,22.216,158316,0
1996-12-26,22.216,22.65,22.216,22.65,351956,0
1996-12-27,22.708,22.766,22.602,22.65,198206,0
1996-12-30,22.602,22.815,22.44,22.602,133387,0
1996-12-31,22.65,22.815,22.573,22.815,140035,0
1997-01-02,22.602,22.65,22.323,22.545,816930,0
1997-01-03,22.864,22.968,22.698,22.891,134630,0
1997-01-06,22.968,23.527,22.864,23.442,450436,0
1997-01-07,23.412,23.69,23.141,23.527,152500,0
1997-01-08,23.631,23.912,23.469,23.883,249316,0
1997-01-09,23.883,23.883,23.739,23.855,71886,0
1997-01-10,23.797,23.883,23.631,23.855,123827,0
1997-01-13,23.883,23.931,23.797,23.931,105129,0
1997-01-14,23.931,24.151,23.797,24.151,124658,0
1997-01-15,24.181,24.297,23.959,24.211,104712,0
1997-01-16,24.297,24.565,24.211,24.517,196962,0
1997-01-17,24.537,25.065,24.517,24.951,222723,0
1997-01-20,25.261,25.261,24.951,24.978,204856,0
1997-01-21,24.905,25.007,24.517,24.951,306244,0
1997-01-22,24.951,25.007,24.622,24.846,613738,0
1997-01-23,24.846,24.846,24.681,24.818,62331,0
1997-01-24,24.759,24.905,24.681,24.711,105549,0
1997-01-27,24.681,24.905,24.681,24.846,113855,0
1997-01-28,24.905,25.336,24.789,25.261,269677,0
1997-01-29,25.289,25.509,25.124,25.336,190727,0
1997-01-30,25.451,25.509,25.289,25.451,65654,0
1997-01-31,25.509,25.672,25.336,25.451,124658,0
1997-02-03,25.451,26.114,25.451,26.056,236850,0
1997-02-04,26.223,26.828,26,26.665,331178,0
1997-02-05,26.713,27.32,26.33,27.214,374392,0
1997-02-06,27.54,27.763,26.886,27.376,280484,0
1997-02-07,27.376,27.376,26.769,26.993,300012,0
1997-02-10,27.32,27.434,26.607,27.434,389350,0
1997-02-11,27.376,27.376,27.107,27.32,322864,0
1997-02-12,27.491,27.82,27.107,27.792,119254,0
1997-02-13,27.82,30.737,27.687,28.868,865969,0
1997-02-14,29.419,29.419,28.647,28.647,135460,0
1997-02-18,28.31,28.918,28.31,28.619,88508,0
1997-02-19,28.751,28.751,28.205,28.205,91831,0
1997-02-20,27.984,28.532,27.876,27.876,93494,0
1997-02-21,27.876,28.532,27.876,28.532,129645,0
1997-02-24,28.532,28.532,27.876,28.205,248488,0
1997-02-25,27.876,29.389,27.876,29.301,150007,0
1997-02-26,28.751,29.197,28.147,28.647,99314,0
1997-02-27,28.532,28.532,27.376,27.434,167872,0
1997-02-28,27.376,27.434,27.05,27.434,106789,0
1997-03-03,26.993,27.32,26.936,26.993,44463,0
1997-03-04,26.993,27.184,26.886,26.886,47369,0
1997-03-05,26.916,27.32,26.916,27.244,145852,0
1997-03-06,27.32,27.82,26.886,27.05,420517,0
1997-03-07,27.434,27.926,27.05,27.32,88092,0
1997-03-10,27.32,27.876,27.32,27.876,47787,0
1997-03-11,28.099,28.359,27.54,28.359,39892,0
1997-03-12,28.457,28.561,28.099,28.099,35736,0
1997-03-13,28.31,28.369,27.792,27.82,29918,0
1997-03-14,27.984,27.984,26.993,27.244,171198,0
1997-03-17,27.244,27.244,26.769,27.107,101802,0
1997-03-18,26.886,27.244,26.253,26.607,178678,0
1997-03-19,26.33,26.665,26.085,26.549,185743,0
1997-03-20,26.549,26.713,26.33,26.501,120918,0
1997-03-21,26.713,27.54,26.501,27.32,211922,0
1997-03-24,27.657,27.657,27.05,27.107,39892,0
1997-03-25,27.05,28.099,27.05,28.099,262614,0
1997-03-26,27.763,28.099,27.763,27.906,49864,0
1997-03-27,27.974,27.974,27.022,27.022,117178,0
1997-03-31,26.713,27.32,26.163,26.163,378132,0
1997-04-01,25.838,26,25.233,25.336,432567,0
1997-04-02,25.233,25.672,25.124,25.451,467471,0
1997-04-03,25.317,25.645,25.317,25.394,166210,0
1997-04-04,25.394,25.945,24.905,25.336,240590,0
1997-04-07,25.529,25.78,25.233,25.336,213997,0
1997-04-08,25.78,26.473,25.336,26.027,280484,0
1997-04-09,26.414,26.414,25.751,25.867,96403,0
1997-04-10,25.964,25.964,25.489,25.519,161227,0
1997-04-11,25.432,25.626,25.384,25.46,140035,0
1997-04-14,25.46,25.519,25.104,25.384,138371,0
1997-04-15,25.848,25.905,25.404,25.905,131307,0
1997-04-16,26.124,26.124,25.489,25.548,127151,0
1997-04-17,25.548,25.99,25.548,25.99,83521,0
1997-04-18,25.741,26.046,25.548,26.046,92249,0
1997-04-21,25.935,26.153,25.626,25.877,40306,0
1997-04-22,25.548,26.095,25.548,25.607,99724,0
1997-04-23,25.654,25.877,25.27,25.27,49864,0
1997-04-24,25.607,25.607,25.27,25.489,38643,0
1997-04-25,25.607,25.607,24.988,25.104,121751,0
1997-04-28,25.326,26.984,25.104,26.539,303337,0
1997-04-29,27.012,27.648,26.627,27.145,450436,0
1997-04-30,27.648,28.205,27.145,27.984,133800,0
1997-05-01,28.205,28.619,27.926,28.619,124244,0
1997-05-02,28.252,28.695,28.147,28.532,238103,0
1997-05-05,28.59,29.033,28.147,28.918,108869,0
1997-05-06,28.918,29.252,28.695,28.81,134215,0
1997-05-07,29.14,29.301,28.725,29.033,108452,0
1997-05-08,29.033,29.698,28.751,29.698,74795,0
1997-05-09,29.698,29.698,29.14,29.389,76042,0
1997-05-12,29.476,29.698,29.197,29.698,50694,0
1997-05-13,29.698,30.052,29.668,30.013,67731,0
1997-05-14,30.139,30.186,29.834,30.139,114685,0
1997-05-15,30.186,30.186,27.984,28.977,115725,0
1997-05-16,29.082,31.631,28.751,30.628,110427,0
1997-05-19,31.074,31.189,30.628,30.746,227815,0
1997-05-20,30.851,30.851,28.532,29.639,327437,0
1997-05-21,29.967,29.967,28.751,28.977,227087,0
1997-05-22,29.082,29.082,27.763,27.763,173896,0
1997-05-23,27.984,27.984,26.984,27.648,348732,0
1997-05-27,27.54,27.648,26.539,27.099,254302,0
1997-05-28,26.984,27.763,26.876,27.204,804258,0
1997-05-29,27.099,27.648,26.984,27.204,413661,0
1997-05-30,27.204,27.32,26.984,27.204,350290,0
1997-06-02,26.984,27.54,26.984,27.204,313828,0
1997-06-03,27.54,27.54,26.984,27.32,278614,0
1997-06-04,27.32,27.424,26.539,26.876,173069,0
1997-06-05,26.876,26.876,26.539,26.656,373767,0
1997-06-06,26.539,26.876,25.213,25.548,798649,0
1997-06-09,25.877,26.095,25.654,25.77,767482,0
1997-06-10,26.095,26.656,25.99,26.095,1270378,0
1997-06-11,26.434,26.876,25.877,26.876,691026,0
1997-06-12,26.984,27.984,26.76,27.984,180027,0
1997-06-13,28.205,30.082,28.089,29.301,534268,0
1997-06-16,29.419,29.639,28.858,29.524,105129,0
1997-06-17,29.639,29.639,28.638,29.419,109492,0
1997-06-18,29.639,29.639,29.197,29.639,117178,0
1997-06-19,29.639,29.639,28.977,29.197,74275,0
1997-06-20,29.419,29.862,28.977,29.524,197482,0
1997-06-23,29.524,29.862,29.301,29.301,116971,0
1997-06-24,29.301,29.746,28.977,29.639,87155,0
1997-06-25,29.301,29.967,29.197,29.639,224801,0
1997-06-26,29.419,29.639,29.419,29.58,83210,0
1997-06-27,29.419,29.862,29.419,29.58,136398,0
1997-06-30,29.967,33.347,29.524,33.288,358603,0
1997-07-01,32.297,32.845,31.189,31.631,214101,0
1997-07-02,31.517,32.073,31.517,31.962,89964,0
1997-07-03,31.517,33.396,31.517,33.181,111152,0
1997-07-07,33.181,33.181,31.962,32.179,194572,0
1997-07-08,32.297,32.518,32.073,32.518,249108,0
1997-07-09,32.297,32.737,30.628,30.687,531878,0
1997-07-10,31.074,31.962,30.412,31.962,207971,0
1997-07-11,31.962,32.179,31.517,31.737,37188,0
1997-07-14,31.517,31.737,31.179,31.352,29606,0
1997-07-15,31.179,31.631,30.958,31.401,191873,0
1997-07-16,31.295,31.853,30.958,31.517,86224,0
1997-07-17,31.179,31.853,31.179,31.796,29606,0
1997-07-18,31.853,31.853,31.401,31.737,37813,0
1997-07-21,31.737,31.962,31.517,31.517,181691,0
1997-07-22,31.517,31.962,31.517,31.631,128190,0
1997-07-23,31.853,32.179,31.517,31.853,131412,0
1997-07-24,31.679,31.853,31.517,31.517,138477,0
1997-07-25,31.631,31.853,31.517,31.517,31998,0
1997-07-28,31.962,31.962,31.517,31.737,115102,0
1997-07-29,31.853,31.853,31.517,31.517,88197,0
1997-07-30,31.737,31.737,31.517,31.679,82796,0
1997-07-31,31.962,32.179,31.517,31.737,84664,0
1997-08-01,31.631,31.737,31.517,31.737,103777,0
1997-08-04,31.631,32.019,31.631,31.853,91729,0
1997-08-05,31.737,32.403,31.737,32.403,91937,0
1997-08-06,32.403,32.845,32.121,32.845,58277,0
1997-08-07,32.845,32.845,32.073,32.297,74693,0
1997-08-08,32.297,32.297,31.179,31.737,255032,0
1997-08-11,31.517,31.631,31.074,31.401,67836,0
1997-08-12,31.401,31.517,31.179,31.401,77704,0
1997-08-13,31.631,31.853,31.295,31.679,76771,0
1997-08-14,31.737,32.518,31.631,31.853,58277,0
1997-08-15,31.853,32.073,31.517,31.737,36050,0
1997-08-18,31.517,31.631,30.737,31.237,94223,0
1997-08-19,31.401,31.631,31.074,31.517,57655,0
1997-08-20,31.631,32.297,31.401,32.179,66383,0
1997-08-21,32.179,32.179,31.46,31.517,14440,0
1997-08-22,31.074,31.517,30.958,31.517,37917,0
1997-08-25,31.295,31.631,31.179,31.295,77499,0
1997-08-26,31.179,31.631,31.179,31.295,113855,0
1997-08-27,31.295,31.737,31.295,31.401,26077,0
1997-08-28,31.737,33.066,31.295,32.962,120192,0
1997-08-29,32.845,34.463,32.845,34.405,115933,0
1997-09-02,34.51,34.51,33.623,33.846,183766,0
1997-09-03,33.739,34.51,33.518,34.183,86224,0
1997-09-04,33.963,34.405,33.963,34.23,19634,0
1997-09-05,34.405,34.51,34.067,34.405,33762,0
1997-09-08,34.405,34.405,33.846,34.126,66900,0
1997-09-09,34.183,34.624,33.739,34.405,48720,0
1997-09-10,34.405,34.405,33.623,34.289,69497,0
1997-09-11,33.846,33.963,33.623,33.846,145957,0
1997-09-12,34.067,34.067,33.623,33.681,177742,0
1997-09-15,33.846,33.904,33.623,33.739,171716,0
1997-09-16,33.739,34.624,33.739,34.51,73341,0
1997-09-17,34.624,34.79,34.51,34.684,40098,0
1997-09-18,34.79,35.066,34.51,34.907,30644,0
1997-09-19,34.79,36.069,34.79,35.512,44047,0
1997-09-22,35.512,36.176,35.512,36.069,56511,0
1997-09-23,35.625,36.954,34.954,36.51,117178,0
1997-09-24,36.735,36.735,35.955,36.176,174214,0
1997-09-25,36.618,36.618,35.291,35.625,149903,0
1997-09-26,35.625,35.625,34.731,34.731,68977,0
1997-09-29,35.174,35.291,34.183,34.346,91937,0
1997-09-30,34.849,34.849,32.962,33.288,144082,0
1997-10-01,33.739,34.624,33.406,34.126,114479,0
1997-10-02,33.963,34.126,33.739,33.739,60357,0
1997-10-03,34.009,34.849,34.009,34.624,229582,0
1997-10-06,34.731,35.512,34.731,35.408,130061,0
1997-10-07,35.408,35.85,35.066,35.674,107618,0
1997-10-08,35.84,35.84,35.174,35.615,83727,0
1997-10-09,35.84,35.84,34.52,34.731,38852,0
1997-10-10,34.5,34.731,33.5,33.729,81649,0
1997-10-13,33.396,34.057,33.396,33.837,73341,0
1997-10-14,34.057,34.5,34.057,34.454,63371,0
1997-10-15,34.5,34.731,34.395,34.674,36461,0
1997-10-16,34.839,36.06,34.614,35.398,150419,0
1997-10-17,34.839,35.615,33.171,33.5,62953,0
1997-10-20,33.5,34.954,33.396,34.5,36360,0
1997-10-21,34.954,35.615,34.731,35.512,261887,0
1997-10-22,35.512,35.512,34.731,35.174,47682,0
1997-10-23,34.614,35.174,34.5,35.174,120609,0
1997-10-24,35.398,35.398,34.731,34.954,31893,0
1997-10-27,34.954,35.174,34.279,34.731,247032,0
1997-10-28,34.279,34.5,32.835,33.837,143979,0
1997-10-29,34.279,35.174,34.117,34.954,69809,0
1997-10-30,33.5,34.731,33.396,34.731,65237,0
1997-10-31,34.731,35.056,34.279,34.614,127461,0
1997-11-03,35.174,35.84,34.614,35.398,92249,0
1997-11-04,36.06,36.51,35.512,35.512,80720,0
1997-11-05,35.955,36.06,35.615,35.84,102741,0
1997-11-06,36.06,36.06,35.512,35.731,105752,0
1997-11-07,35.281,35.674,35.281,35.674,13715,0
1997-11-10,35.281,35.615,34.731,35.056,32827,0
1997-11-11,34.731,35.056,34.5,34.5,77184,0
1997-11-12,34.614,34.614,34.395,34.5,144709,0
1997-11-13,34.954,34.954,34.395,34.731,25868,0
1997-11-14,35.174,35.174,34.395,34.395,186259,0
1997-11-17,35.056,35.955,34.614,35.174,208387,0
1997-11-18,35.398,35.615,34.839,35.398,107104,0
1997-11-19,35.338,36.176,35.338,35.615,50278,0
1997-11-20,35.512,35.955,35.398,35.512,46122,0
1997-11-21,35.84,35.955,35.512,35.615,186886,0
1997-11-24,35.398,35.615,34.839,35.174,57447,0
1997-11-25,35.398,35.398,34.954,35.398,20360,0
1997-11-26,34.954,35.84,34.954,35.674,84455,0
1997-11-28,35.731,35.898,35.615,35.731,53708,0
1997-12-01,35.955,36.898,35.615,36.735,148343,0
1997-12-02,36.841,38.842,36.51,38.68,351020,0
1997-12-03,38.397,38.958,37.956,38.455,248177,0
1997-12-04,38.958,39.074,38.514,38.842,288066,0
1997-12-05,38.842,38.842,38.062,38.294,97650,0
1997-12-08,38.178,39.177,37.619,39.177,65864,0
1997-12-09,38.735,39.401,38.514,39.074,62120,0
1997-12-10,38.514,38.842,37.398,37.84,61916,0
1997-12-11,37.619,38.178,36.954,38.178,79783,0
1997-12-12,37.956,40.854,37.956,40.622,187405,0
1997-12-15,40.74,40.74,39.401,39.401,55056,0
1997-12-16,39.401,40.517,38.62,39.074,225007,0
1997-12-17,39.177,39.401,38.062,38.294,128297,0
1997-12-18,37.956,39.177,37.956,39.074,55056,0
1997-12-19,38.958,38.958,38.294,38.294,43213,0
1997-12-22,38.9,39.177,38.294,38.735,80195,0
1997-12-23,39.295,39.295,38.735,38.958,142735,0
1997-12-24,39.177,39.177,38.735,38.842,20049,0
1997-12-26,38.842,39.177,38.735,38.735,9766,0
1997-12-29,38.735,39.074,38.735,38.735,63472,0
1997-12-30,38.735,40.959,38.514,40.959,233008,0
1997-12-31,41.067,41.067,40.17,40.508,206724,0
1998-01-02,40.17,41.067,40.17,40.622,123725,0
1998-01-05,40.622,41.461,40.622,41.403,98999,0
1998-01-06,41.518,41.518,39.622,40.73,269576,0
1998-01-07,40.959,40.959,39.168,40.067,292950,0
1998-01-08,39.285,39.728,36.609,37.05,352888,0
1998-01-09,36.936,37.437,35.155,35.319,336787,0
1998-01-12,34.375,37.275,34.375,36.156,289729,0
1998-01-13,36.378,36.716,36.273,36.378,291495,0
1998-01-14,36.716,38.052,36.491,37.716,467887,0
1998-01-15,38.052,40.17,37.716,39.671,764990,0
1998-01-16,39.841,40.17,39.168,39.343,1918916,0
1998-01-20,39.065,39.343,38.832,39.225,284431,0
1998-01-21,39.285,39.285,38.504,39.285,160602,0
1998-01-22,38.948,39.393,38.61,38.784,290560,0
1998-01-23,38.832,39.285,38.504,38.504,268017,0
1998-01-26,38.504,38.832,37.947,37.947,131619,0
1998-01-27,38.388,39.285,37.716,38.832,212957,0
1998-01-28,38.832,39.285,38.052,38.554,168912,0
1998-01-29,38.948,39.065,38.61,38.89,261578,0
1998-01-30,38.61,39.065,38.388,38.388,293364,0
1998-02-02,38.388,39.285,38.388,39.168,603765,0
1998-02-03,39.285,40.17,38.948,40.17,194052,0
1998-02-04,40.17,40.17,39.168,39.948,146991,0
1998-02-05,39.841,40.067,39.622,39.891,125698,0
1998-02-06,40.067,40.17,39.728,40.067,88302,0
1998-02-09,39.841,40.17,39.841,39.841,62953,0
1998-02-10,40.17,40.622,39.841,40.45,261470,0
1998-02-11,40.508,40.508,39.285,39.505,132554,0
1998-02-12,39.285,39.505,38.61,38.832,156550,0
1998-02-13,38.726,39.285,38.726,39.065,241524,0
1998-02-17,39.065,39.622,39.065,39.168,201947,0
1998-02-18,39.285,39.505,39.065,39.065,196544,0
1998-02-19,39.065,39.393,38.504,38.832,109492,0
1998-02-20,38.504,38.832,38.274,38.61,392572,0
1998-02-23,38.446,38.832,38.388,38.504,277887,0
1998-02-24,38.504,38.61,38.169,38.388,185120,0
1998-02-25,38.169,38.504,38.169,38.274,420826,0
1998-02-26,38.274,38.832,38.274,38.388,175973,0
1998-02-27,38.388,38.832,38.388,38.388,275812,0
1998-03-02,38.67,38.67,37.495,37.495,451473,0
1998-03-03,37.83,37.83,37.495,37.716,149488,0
1998-03-04,37.495,37.83,37.215,37.215,91209,0
1998-03-05,37.388,37.388,35.821,36.55,137853,0
1998-03-06,36.273,38.726,36.273,38.388,254614,0
1998-03-09,38.948,39.505,38.111,38.388,195197,0
1998-03-10,38.226,40.17,38.226,38.726,480143,0
1998-03-11,38.948,39.393,38.61,38.61,308013,0
1998-03-12,38.726,38.948,38.67,38.726,347382,0
1998-03-13,38.61,39.285,37.83,39.065,467887,0
1998-03-16,39.285,40.73,38.832,39.622,422698,0
1998-03-17,40.17,40.508,39.449,40.17,199870,0
1998-03-18,40.17,40.17,39.285,39.786,167250,0
1998-03-19,39.948,40.73,39.728,40.681,198724,0
1998-03-20,41.067,42.519,40.402,41.847,365767,0
1998-03-23,42.074,44.135,41.403,43.973,713778,0
1998-03-24,43.973,44.415,43.184,43.973,584234,0
1998-03-25,44.194,44.3,43.521,44.194,241737,0
1998-03-26,45.194,50.105,45.09,49.718,1119022,0
1998-03-27,50.327,50.44,47.033,47.266,352991,0
1998-03-30,47.209,47.209,46.09,46.476,207556,0
1998-03-31,46.427,47.872,46.427,46.984,321000,0
1998-04-01,47.209,47.209,45.974,46.649,227399,0
1998-04-02,46.534,46.974,46.534,46.757,194988,0
1998-04-03,47.209,47.209,46.639,46.87,314348,0
1998-04-06,46.757,47.872,46.534,46.697,215555,0
1998-04-07,46.534,47.209,45.184,45.522,265526,0
1998-04-08,45.638,46.974,45.638,45.744,185017,0
1998-04-09,46.757,46.757,45.522,45.522,191040,0
1998-04-13,45.974,49.44,45.638,46.974,469963,0
1998-04-14,47.765,47.765,46.418,47.428,110324,0
1998-04-15,47.652,48.988,46.974,47.534,188546,0
1998-04-16,46.974,47.986,46.08,46.195,140550,0
1998-04-17,45.861,47.765,45.861,47.428,144811,0
1998-04-20,47.428,47.428,45.416,46.08,79677,0
1998-04-21,45.522,47.209,45.522,46.312,330867,0
1998-04-22,46.639,46.639,45.522,45.974,105026,0
1998-04-23,45.416,46.195,44.741,45.184,403272,0
1998-04-24,44.741,45.638,43.175,43.394,125280,0
1998-04-27,42.279,44.184,42.059,43.009,285573,0
1998-04-28,43.627,44.523,43.291,43.732,160807,0
1998-04-29,44.184,44.184,43.394,43.394,91520,0
1998-04-30,44.741,46.418,44.241,45.744,352680,0
1998-05-01,45.638,48.325,45.184,48.325,535306,0
1998-05-04,48.295,49.104,47.428,47.765,218568,0
1998-05-05,47.428,47.428,45.638,45.638,234255,0
1998-05-06,46.534,46.534,45.638,46.139,123516,0
1998-05-07,45.638,46.08,45.638,45.861,147204,0
1998-05-08,45.974,48.093,45.638,46.974,211609,0
1998-05-11,47.092,47.872,46.534,46.534,154988,0
1998-05-12,46.757,46.974,45.638,45.861,26488,0
1998-05-13,45.861,46.59,45.861,46.08,92039,0
1998-05-14,46.534,46.59,45.638,46.312,36775,0
1998-05-15,46.534,47.534,45.861,46.639,70017,0
1998-05-18,46.534,46.757,46.195,46.534,88092,0
1998-05-19,46.757,48.325,46.08,47.534,353199,0
1998-05-20,47.428,47.986,47.209,47.765,275288,0
1998-05-21,47.872,48.266,47.209,48.266,49030,0
1998-05-22,48.325,48.325,47.428,47.428,174001,0
1998-05-26,47.428,47.765,46.312,46.476,189481,0
1998-05-27,45.861,46.312,45.081,45.244,157898,0
1998-05-28,45.361,46.534,45.184,46.08,74693,0
1998-05-29,46.312,47.486,45.638,45.638,99208,0
1998-06-01,46.08,46.08,44.965,45.081,150631,0
1998-06-02,44.849,45.638,44.523,45.081,104196,0
1998-06-03,45.081,46.08,44.184,44.184,132034,0
1998-06-04,45.184,45.522,43.511,44.405,142629,0
1998-06-05,44.069,44.184,43.964,43.964,1125666,0
1998-06-08,44.29,45.184,43.964,44.405,276947,0
1998-06-09,44.464,44.683,43.964,44.184,150838,0
1998-06-10,44.184,44.241,43.849,43.849,170262,0
1998-06-11,44.127,44.184,43.849,44.184,98686,0
1998-06-12,44.184,44.349,43.068,43.732,117595,0
1998-06-15,43.511,43.849,43.117,43.394,56095,0
1998-06-16,43.394,43.849,43.117,43.849,191458,0
1998-06-17,43.732,45.416,43.568,45.081,468925,0
1998-06-18,45.024,45.803,44.965,45.803,288691,0
1998-06-19,45.803,46.361,45.522,46.361,250774,0
1998-06-22,46.534,46.974,46.08,46.59,328788,0
1998-06-23,46.312,46.757,46.312,46.59,173588,0
1998-06-24,46.476,46.639,46.195,46.312,167769,0
1998-06-25,46.639,46.697,46.312,46.476,173896,0
1998-06-26,46.639,46.639,46.418,46.534,69185,0
1998-06-29,46.639,47.312,46.312,47.092,94223,0
1998-06-30,46.974,48.093,46.534,47.534,264069,0
1998-07-01,47.534,48.325,46.757,48.093,152810,0
1998-07-02,47.929,48.209,47.209,47.986,59630,0
1998-07-06,47.428,48.325,47.428,47.428,114479,0
1998-07-07,47.428,48.486,47.428,48.266,636490,0
1998-07-08,47.872,48.43,47.765,47.872,113544,0
1998-07-09,47.996,48.335,47.554,47.775,77289,0
1998-07-10,48.335,48.391,47.554,48.391,278717,0
1998-07-13,48.17,48.564,47.996,48.564,117282,0
1998-07-14,48.335,49.682,48.112,48.892,182939,0
1998-07-15,48.892,50.24,48.892,50.24,210362,0
1998-07-16,49.682,52.04,49.566,51.133,192183,0
1998-07-17,51.191,52.147,50.691,51.365,241839,0
1998-07-20,51.704,51.704,49.682,50.635,90691,0
1998-07-21,49.902,50.691,48.449,48.449,68875,0
1998-07-22,48.564,48.671,47.102,47.102,141902,0
1998-07-23,47.775,47.996,45.869,46.034,142113,0
1998-07-24,44.975,45.984,44.639,44.975,426436,0
1998-07-27,45.194,45.648,44.639,44.975,164031,0
1998-07-28,45.194,45.194,43.683,43.742,199870,0
1998-07-29,44.405,44.859,43.964,44.405,125905,0
1998-07-30,44.859,45.869,43.964,45.869,192493,0
1998-07-31,45.869,45.869,43.849,43.964,162682,0
1998-08-03,43.849,44.405,43.742,44.078,119254,0
1998-08-04,44.405,44.581,44.078,44.078,305936,0
1998-08-05,44.581,44.581,42.279,42.279,425709,0
1998-08-06,42.279,43.403,42.059,43.175,218465,0
1998-08-07,43.175,43.849,42.73,43.291,106584,0
1998-08-10,43.511,43.511,42.615,43.453,85706,0
1998-08-11,42.837,43.291,42.162,42.279,173275,0
1998-08-12,42.73,43.068,42.396,42.837,127673,0
1998-08-13,42.499,43.068,41.267,41.498,135568,0
1998-08-14,41.605,42.396,40.93,41.605,322454,0
1998-08-17,41.267,41.719,40.489,40.873,89441,0
1998-08-18,41.163,42.953,40.594,41.837,311231,0
1998-08-19,41.837,42.499,41.047,41.498,80093,0
1998-08-20,42.059,42.162,40.93,40.989,95780,0
1998-08-21,40.71,40.824,38.584,38.584,195713,0
1998-08-24,39.477,39.699,38.803,39.027,98171,0
1998-08-25,39.027,40.152,39.027,39.255,174109,0
1998-08-26,39.027,39.477,37.235,38.304,285262,0
1998-08-27,37.456,38.13,35.721,36.06,492819,0
1998-08-28,36.34,36.676,35.435,35.551,373767,0
1998-08-31,35.664,36.444,34.317,34.434,541849,0
1998-09-01,34.203,36.785,33.982,36.725,647395,0
1998-09-02,37.235,41.267,36.785,39.919,538942,0
1998-09-03,39.027,40.037,38.465,39.363,339592,0
1998-09-04,39.363,40.256,39.363,39.813,303855,0
1998-09-08,40.373,42.059,40.373,41.719,259704,0
1998-09-09,41.384,42.059,40.489,40.873,209530,0
1998-09-10,40.314,40.373,39.027,39.027,546940,0
1998-09-11,39.813,41.267,38.524,40.93,380208,0
1998-09-14,41.163,42.396,40.71,41.267,193016,0
1998-09-15,41.384,41.605,39.813,41.047,195300,0
1998-09-16,40.93,42.499,40.93,41.605,305414,0
1998-09-17,40.373,40.824,38.69,38.919,257004,0
1998-09-18,39.14,43.068,38.968,42.953,327124,0
1998-09-21,41.384,42.279,39.477,40.594,423838,0
1998-09-22,41.21,41.21,39.535,39.813,152914,0
1998-09-23,40.256,41.384,39.699,41.047,362237,0
1998-09-24,40.93,42.059,40.373,40.873,431424,0
1998-09-25,40.71,41.605,40.373,40.93,220955,0
1998-09-28,41.719,42.059,40.71,41.605,195505,0
1998-09-29,41.498,42.162,41.267,41.325,126630,0
1998-09-30,41.047,41.719,36.56,36.618,472665,0
1998-10-01,37.59,39.497,37.476,38.323,234671,0
1998-10-02,38.264,39.832,37.359,39.158,431735,0
1998-10-05,38.708,39.393,37.02,37.639,119568,0
1998-10-06,37.81,38.708,37.59,38.264,236850,0
1998-10-07,37.928,37.928,37.137,37.359,171094,0
1998-10-08,37.137,37.359,34.097,35.222,340423,0
1998-10-09,36.126,36.907,34.944,35.222,552653,0
1998-10-12,35.559,38.88,35.338,38.544,936605,0
1998-10-13,38.708,39.612,37.245,39.158,285573,0
1998-10-14,38.544,40.285,38.544,40.285,253160,0
1998-10-15,40.285,40.285,38.369,39.275,373872,0
1998-10-16,40.402,42.989,40.067,42.084,863262,0
1998-10-19,42.029,43.549,41.97,43.384,591922,0
1998-10-20,43.328,46.139,43.048,45.072,755224,0
1998-10-21,44.897,45.291,44.339,45.128,562521,0
1998-10-22,45.014,45.128,44.339,44.955,512141,0
1998-10-23,44.789,45.128,44.562,45.014,370132,0
1998-10-26,45.128,46.139,44.789,45.965,694867,0
1998-10-27,46.255,47.266,45.803,46.476,507987,0
1998-10-28,46.59,46.927,46.361,46.476,334711,0
1998-10-29,46.534,46.534,46.255,46.476,269368,0
1998-10-30,46.534,48.054,46.255,47.775,1132214,0
1998-11-02,47.775,48.391,47.322,47.602,170471,0
1998-11-03,47.717,48.391,46.361,46.87,503622,0
1998-11-04,47.486,48.161,47.266,47.661,216803,0
1998-11-05,47.661,49.286,47.602,48.613,576441,0
1998-11-06,49.286,49.96,48.505,49.625,630255,0
1998-11-09,49.519,49.519,47.717,47.996,180964,0
1998-11-10,47.322,49.064,47.266,47.379,130479,0
1998-11-11,47.379,47.939,46.87,47.266,134426,0
1998-11-12,47.379,47.379,45.234,46.361,235498,0
1998-11-13,46.195,47.322,46.024,46.139,82481,0
1998-11-16,46.361,48.276,46.361,47.266,103468,0
1998-11-17,46.139,47.939,45.234,47.824,218465,0
1998-11-18,47.151,47.824,46.476,47.266,54955,0
1998-11-19,46.927,47.717,46.476,46.984,139203,0
1998-11-20,46.984,47.209,46.813,47.092,236953,0
1998-11-23,47.151,48.276,46.927,47.824,410336,0
1998-11-24,48.054,48.054,46.87,47.266,136086,0
1998-11-25,46.984,47.939,46.984,47.544,76147,0
1998-11-27,47.717,47.717,46.813,46.813,41344,0
1998-11-30,46.649,46.649,45.464,45.464,347800,0
1998-12-01,45.686,46.361,45.014,46.312,251706,0
1998-12-02,46.312,47.544,45.234,47.209,245059,0
1998-12-03,47.486,48.951,46.476,47.824,315907,0
1998-12-04,48.112,49.519,48.112,49.006,195300,0
1998-12-07,48.613,49.286,48.219,49.064,223346,0
1998-12-08,49.286,49.286,48.449,48.671,247447,0
1998-12-09,48.728,49.064,48.391,48.728,162989,0
1998-12-10,48.505,48.951,48.391,48.844,223662,0
1998-12-11,48.391,48.671,48.161,48.613,391118,0
1998-12-14,48.728,48.728,48.054,48.335,254720,0
1998-12-15,48.161,48.613,48.161,48.554,206831,0
1998-12-16,48.335,48.613,47.602,48.391,171716,0
1998-12-17,48.391,49.064,48.161,49.064,322864,0
1998-12-18,49.179,50.412,49.064,50.412,411166,0
1998-12-21,50.307,51.2,49.179,49.625,200491,0
1998-12-22,49.401,49.738,49.179,49.575,263034,0
1998-12-23,49.575,51.541,49.401,51.511,217738,0
1998-12-24,51.258,51.318,50.412,50.412,107207,0
1998-12-28,50.865,52.329,50.412,52.329,324217,0
1998-12-29,51.933,54.188,51.933,53.483,385507,0
1998-12-30,53.696,56.064,53.639,55.218,793142,0
1998-12-31,55.159,56.4,54.986,56.284,541122,0
1999-01-04,56.227,56.4,53.244,54.426,542372,0
1999-01-05,54.369,55.496,54.197,54.255,267082,0
1999-01-06,54.821,55.043,53.917,54.311,186156,0
1999-01-07,53.917,54.148,52.338,53.917,156759,0
1999-01-08,53.696,54.369,53.696,54.031,396624,0
1999-01-11,53.973,54.09,52.175,52.567,233213,0
1999-01-12,52.175,53.244,51.434,52.31,151356,0
1999-01-13,51.723,52.675,50.875,52.118,170262,0
1999-01-14,52.793,52.793,51.21,51.434,118631,0
1999-01-15,51.434,52.675,51.434,52.281,120402,0
1999-01-19,52.338,52.793,51.385,52.511,147826,0
1999-01-20,52.616,53.405,52.338,52.675,93077,0
1999-01-21,52.453,53.696,52.338,53.357,274355,0
1999-01-22,53.01,53.464,52.567,52.567,175249,0
1999-01-25,52.906,54.707,52.616,53.464,273315,0
1999-01-26,53.802,55.273,53.129,54.986,228124,0
1999-01-27,54.255,54.649,51.21,52.453,468093,0
1999-01-28,52.338,53.405,52.175,53.405,513909,0
1999-01-29,53.357,53.917,52.118,52.338,261264,0
1999-02-01,52.338,56.064,52.338,54.148,1095025,0
1999-02-02,53.973,55.159,53.696,55.043,559824,0
1999-02-03,54.369,54.821,54.148,54.59,228851,0
1999-02-04,54.369,54.707,53.917,54.484,295651,0
1999-02-05,54.707,55.101,54.148,54.59,368366,0
1999-02-08,54.369,54.707,53.917,54.031,368366,0
1999-02-09,54.031,54.484,53.802,54.226,821917,0
1999-02-10,53.973,54.542,53.405,54.031,399221,0
1999-02-11,54.369,54.369,53.581,54.255,154475,0
1999-02-12,53.753,55.496,53.357,54.707,336787,0
1999-02-16,55.159,56.284,54.937,55.611,205586,0
1999-02-17,55.273,56.4,55.043,55.436,136295,0
1999-02-18,55.496,56.18,55.159,55.611,178887,0
1999-02-19,55.611,55.833,54.484,54.937,292639,0
1999-02-22,55.554,56.34,55.043,55.89,178053,0
1999-02-23,55.833,56.793,55.669,55.947,124658,0
1999-02-24,55.727,56.968,55.669,56.34,342189,0
1999-02-25,55.727,55.89,54.821,55.669,388937,0
1999-02-26,55.496,57.922,55.331,57.757,571458,0
1999-03-01,57.701,58.654,57.19,58.432,342189,0
1999-03-02,58.258,58.989,58.037,58.654,301677,0
1999-03-03,58.432,58.77,57.979,57.979,348732,0
1999-03-04,57.979,59.896,57.979,59.558,435370,0
1999-03-05,59.953,60.521,59.335,60.288,224698,0
1999-03-08,60.288,61.81,59.896,60.493,365459,0
1999-03-09,60.463,60.463,59.441,59.441,233111,0
1999-03-10,59.617,60.463,59.335,60.463,199560,0
1999-03-11,60.463,61.368,59.778,61.022,343021,0
1999-03-12,61.368,61.416,59.558,60.231,317049,0
1999-03-15,60.288,61.368,60.012,61.077,288897,0
1999-03-16,60.798,61.531,60.231,61.368,295339,0
1999-03-17,61.588,61.588,61.077,61.253,197792,0
1999-03-18,61.022,61.588,61.022,61.474,214828,0
1999-03-19,60.974,61.253,59.953,59.953,336787,0
1999-03-22,59.953,60.463,59.558,60.125,199041,0
1999-03-23,59.558,60.012,59.047,59.047,159355,0
1999-03-24,59.223,59.223,57.19,58.595,213479,0
1999-03-25,59.047,60.741,58.883,60.067,240486,0
1999-03-26,60.175,60.798,59.223,59.836,128085,0
1999-03-29,60.012,60.685,60.012,60.58,213997,0
1999-03-30,60.463,60.626,59.896,59.953,194779,0
1999-03-31,60.366,60.366,59.174,60.135,740163,0
1999-04-01,60.02,60.02,58.892,59.797,156968,0
1999-04-05,59.683,61.607,59.345,61.319,239136,0
1999-04-06,61.155,61.493,58.892,58.892,285780,0
1999-04-07,59.233,59.916,59.009,59.037,356526,0
1999-04-08,59.403,61.155,58.949,60.817,164547,0
1999-04-09,61.155,61.272,60.25,60.924,150110,0
1999-04-12,61.04,61.213,60.366,60.924,255657,0
1999-04-13,60.924,61.829,60.02,60.59,179715,0
1999-04-14,60.59,63.975,60.25,62.004,684065,0
1999-04-15,62.849,63.188,61.946,62.166,362756,0
1999-04-16,62.735,62.849,62.061,62.397,140550,0
1999-04-19,62.966,65.219,62.678,63.916,290663,0
1999-04-20,63.755,64.719,63.188,63.916,328060,0
1999-04-21,64.209,68.617,63.418,68.617,542681,0
1999-04-22,67.258,67.374,62.397,62.849,320271,0
1999-04-23,63.302,63.302,62.397,62.512,286614,0
1999-04-26,62.512,64.15,62.512,62.735,202155,0
1999-04-27,62.735,63.975,62.62,63.302,285573,0
1999-04-28,63.302,63.639,62.849,62.849,286509,0
1999-04-29,62.735,62.966,61.493,61.665,254302,0
1999-04-30,61.493,62.061,59.567,60.308,545174,0
1999-05-03,60.704,60.817,60.308,60.646,482639,0
1999-05-04,61.04,61.04,58.892,58.979,497805,0
1999-05-05,58.892,59.345,58.21,58.323,985324,0
1999-05-06,58.106,58.556,55.611,56.517,422385,0
1999-05-07,57.479,58.615,56.968,58.323,565328,0
1999-05-10,58.047,58.722,57.651,58.664,419791,0
1999-05-11,58.722,59.797,58.556,59.625,384782,0
1999-05-12,59.797,59.797,58.441,59.116,238307,0
1999-05-13,59.233,59.797,59.116,59.683,252228,0
1999-05-14,59.233,59.683,56.968,56.968,370965,0
1999-05-17,57.143,57.421,55.611,55.611,436824,0
1999-05-18,55.611,57.535,55.611,56.064,286923,0
1999-05-19,56.294,57.2,55.957,56.633,111572,0
1999-05-20,56.064,56.968,56.064,56.517,191767,0
1999-05-21,56.86,56.86,55.784,55.842,229890,0
1999-05-24,55.842,56.18,55.053,55.727,231139,0
1999-05-25,55.842,55.842,54.6,54.659,328165,0
1999-05-26,54.707,56.122,54.6,55.669,380312,0
1999-05-27,55.727,55.842,55.273,55.727,258876,0
1999-05-28,55.727,58.21,55.611,57.651,302714,0
1999-06-01,57.421,57.711,55.727,57.314,237163,0
1999-06-02,57.651,57.989,57.314,57.757,202571,0
1999-06-03,57.815,59.116,57.143,58.722,293261,0
1999-06-04,58.722,59.567,58.323,59.116,163200,0
1999-06-07,55.218,55.218,50.923,52.983,4432768,0
1999-06-08,53.753,53.802,52.108,52.108,1896583,0
1999-06-09,52.049,52.049,50.587,50.923,460199,0
1999-06-10,50.644,50.807,49.346,49.738,442331,0
1999-06-11,49.844,50.412,49.625,50.191,683236,0
1999-06-14,50.412,50.644,49.054,49.114,454900,0
1999-06-15,49.171,49.566,48.835,48.922,357872,0
1999-06-16,49.509,50.191,49.286,49.96,669210,0
1999-06-17,49.96,50.297,49.625,50.25,326296,0
1999-06-18,50.25,50.982,50.191,50.923,630357,0
1999-06-21,50.982,52.453,50.807,51.133,799168,0
1999-06-22,52.338,53.357,51.77,53.299,1283467,0
1999-06-23,53.244,54.707,53.186,54.031,654356,0
1999-06-24,54.148,54.369,53.696,53.802,775066,0
1999-06-25,53.917,53.917,53.581,53.802,493130,0
1999-06-28,53.857,54.6,53.696,54.484,695807,0
1999-06-29,54.763,56.689,54.707,56.689,735382,0
1999-06-30,57.238,57.922,56.785,57.691,586207,0
1999-07-01,57.691,58.538,57.516,58.315,358290,0
1999-07-02,58.373,58.373,56.831,56.831,438694,0
1999-07-06,56.614,57.922,56.274,57.632,347694,0
1999-07-07,57.575,58.712,57.353,58.519,201220,0
1999-07-08,58.538,58.538,57.691,57.691,464665,0
1999-07-09,57.862,57.922,57.353,57.516,200907,0
1999-07-12,57.575,58.142,57.575,57.862,164968,0
1999-07-13,57.749,57.749,56.274,56.438,132242,0
1999-07-14,56.438,56.67,54.85,55.303,291806,0
1999-07-15,55.418,56.218,54.966,55.928,303337,0
1999-07-16,55.928,56.497,55.534,55.986,288691,0
1999-07-19,56.103,56.38,55.65,55.784,114998,0
1999-07-20,55.755,55.813,53.601,53.63,211819,0
1999-07-21,54.226,54.514,53.376,53.657,444099,0
1999-07-22,53.831,53.831,52.462,53.376,450226,0
1999-07-23,53.376,53.541,51.049,52.577,1182597,0
1999-07-26,52.128,54.002,51.894,53.029,251085,0
1999-07-27,53.483,53.944,53.319,53.541,443058,0
1999-07-28,53.831,54.168,53.029,53.029,604911,0
1999-07-29,53.089,53.089,52.01,52.577,131307,0
1999-07-30,52.812,52.812,52.068,52.695,227399,0
1999-08-02,52.695,54.002,52.577,53.176,301571,0
1999-08-03,53.206,53.319,52.812,52.915,518995,0
1999-08-04,53.149,53.149,52.243,52.301,215970,0
1999-08-05,52.243,52.695,50.992,50.992,299388,0
1999-08-06,51.268,51.268,48.835,49.286,532500,0
1999-08-09,49.401,50.653,49.171,50.307,472143,0
1999-08-10,50.42,50.42,49.143,49.228,253474,0
1999-08-11,49.738,50.364,47.466,48.486,457286,0
1999-08-12,48.777,49.054,48.486,48.603,137750,0
1999-08-13,48.951,49.519,48.718,49.054,173275,0
1999-08-16,49.228,49.286,48.151,49.114,340737,0
1999-08-17,49.566,51.894,49.431,50.758,726760,0
1999-08-18,50.758,52.078,50.758,51.385,272483,0
1999-08-19,51.162,51.443,50.653,51.22,199145,0
1999-08-20,51.328,51.328,48.951,49.566,1304969,0
1999-08-23,49.46,50.817,49.401,50.364,587144,0
1999-08-24,50.364,50.758,50.191,50.42,318608,0
1999-08-25,50.307,50.597,48.951,49.682,393507,0
1999-08-26,49.912,50.029,49.519,49.625,339801,0
1999-08-27,49.625,49.853,48.997,48.997,194572,0
1999-08-30,48.951,49.401,43.839,44.523,2205009,0
1999-08-31,44.683,46.957,44.523,45.194,1607477,0
1999-09-01,45.764,47.014,45.371,46.678,521906,0
1999-09-02,46.447,46.62,44.464,44.975,1210750,0
1999-09-03,45.821,46.957,45.821,46.957,252540,0
1999-09-07,46.841,46.841,45.879,46.388,276431,0
1999-09-08,46.274,46.274,45.706,46.053,263238,0
1999-09-09,46.053,46.447,45.648,45.793,428409,0
1999-09-10,45.879,47.073,45.821,46.447,326606,0
1999-09-13,45.879,46.332,45.821,46.332,219505,0
1999-09-14,46.11,46.167,45.311,45.994,328165,0
1999-09-15,46.332,46.62,46.053,46.167,316737,0
1999-09-16,46.167,46.274,45.936,45.994,321306,0
1999-09-17,46.053,46.167,45.194,45.598,326919,0
1999-09-20,46.215,47.466,46.053,46.678,536348,0
1999-09-21,46.678,47.757,46.562,47.524,900766,0
1999-09-22,47.642,48.997,47.583,48.951,813191,0
1999-09-23,49.286,50.135,48.718,49.401,1036332,0
1999-09-24,49.346,49.519,48.997,49.401,1237033,0
1999-09-27,49.566,49.853,48.997,49.114,973172,0
1999-09-28,48.718,48.718,47.919,48.353,594834,0
1999-09-29,48.381,49.286,48.325,49.054,445865,0
1999-09-30,49.556,50.519,48.978,50.354,517439,0
1999-10-01,50.066,50.125,47.958,48.863,634931,0
1999-10-04,48.863,50.865,48.643,50.807,607194,0
1999-10-05,50.469,52.233,50.469,51.434,622776,0
1999-10-06,51.434,52.406,51.434,52.347,395169,0
1999-10-07,52.291,52.406,51.836,52.068,380625,0
1999-10-08,52.233,52.52,52.068,52.233,448255,0
1999-10-11,52.128,52.924,52.128,52.924,374810,0
1999-10-12,52.867,52.973,52.233,52.406,246720,0
1999-10-13,51.952,52.636,51.268,51.607,393298,0
1999-10-14,51.434,51.665,50.865,51.665,465287,0
1999-10-15,49.556,49.615,48.295,48.583,710142,0
1999-10-18,48.728,51.21,48.583,50.982,272586,0
1999-10-19,51.153,51.268,50.519,50.519,296688,0
1999-10-20,50.807,51.607,50.297,51.521,687388,0
1999-10-21,50.982,51.153,50.009,50.182,334816,0
1999-10-22,50.297,52.754,50.182,52.406,617167,0
1999-10-25,52.347,52.52,51.723,52.175,467262,0
1999-10-26,52.128,52.175,50.865,51.153,787947,0
1999-10-27,51.041,51.268,50.519,51.096,618308,0
1999-10-28,51.375,54.002,51.096,53.263,1754679,0
1999-10-29,53.551,55.15,53.551,53.831,894219,0
1999-11-01,53.887,54.349,53.667,53.944,641370,0
1999-11-02,53.887,55.89,53.887,55.544,862745,0
1999-11-03,55.486,56.4,54.86,54.86,808830,0
1999-11-04,55.033,56.745,54.917,55.378,600961,0
1999-11-05,55.833,57.143,55.833,56.802,479624,0
1999-11-08,56.4,57.545,56.4,57.488,284325,0
1999-11-09,57.373,57.545,56.34,56.633,566055,0
1999-11-10,56.517,56.745,56.18,56.633,413245,0
1999-11-11,56.576,56.689,55.66,56.517,178261,0
1999-11-12,56.633,57.661,56.458,57.488,747746,0
1999-11-15,57.2,57.545,56.86,57.488,352163,0
1999-11-17,57.604,58.171,57.488,58.114,1004230,0
1999-11-18,57.835,59.538,57.835,58.91,644694,0
1999-11-19,58.91,59.145,58.46,59.027,477442,0
1999-11-22,59.027,59.145,58.171,58.286,421039,0
1999-11-23,58.114,58.228,56.633,57.085,584441,0
1999-11-24,57.036,57.488,56.745,57.429,741512,0
1999-11-26,57.314,57.604,57.314,57.488,110223,0
1999-11-29,57.343,57.343,56.284,56.4,284845,0
1999-11-30,56.4,59.374,56.4,58.969,698297,0
1999-12-01,58.91,59.886,58.91,59.653,581535,0
1999-12-02,59.374,60.394,59.374,60.175,258978,0
1999-12-03,60.231,62.166,60.057,61.714,606882,0
1999-12-06,61.368,61.541,59.712,60.175,839889,0
1999-12-07,60.26,60.26,58.057,58.114,853603,0
1999-12-08,58.403,58.403,56.4,56.517,590987,0
1999-12-09,56.86,58.057,56.802,57.835,533022,0
1999-12-10,57.941,59.086,57.941,58.403,666305,0
1999-12-13,58.248,58.576,58.114,58.171,509749,0
1999-12-14,57.882,57.941,57.257,57.488,538838,0
1999-12-15,57.429,57.429,56.064,56.978,633371,0
1999-12-16,56.92,57.314,56.18,56.517,554422,0
1999-12-17,56.978,56.978,56.122,56.122,689053,0
1999-12-20,56.576,56.978,55.947,56.18,511205,0
1999-12-21,56.064,59.204,55.544,59.027,635345,0
1999-12-22,63.822,64.854,61.087,61.714,927463,0
1999-12-23,61.714,62.108,60.57,60.974,474535,0
1999-12-27,54.349,57.776,53.435,55.091,1921096,0
1999-12-28,54.524,55.15,53.831,54.178,934423,0
1999-12-29,54.58,54.687,53.667,54.264,500089,0
1999-12-30,54.494,54.524,53.206,53.551,823996,0
1999-12-31,53.667,54.58,53.319,54.06,164239,0
2000-01-03,53.917,54.002,48.815,50.691,1246174,0
2000-01-04,49.892,50.24,47.958,48.238,847785,0
2000-01-05,48.179,48.643,46.639,48.179,1168366,0
2000-01-06,48.179,50.182,47.844,48.863,1155275,0
2000-01-07,49.094,49.556,48.699,48.978,812363,0
2000-01-10,49.035,49.094,47.043,48.093,424672,0
2000-01-11,48.122,48.411,45.562,45.562,1026150,0
2000-01-12,46.129,46.361,44.751,45.955,825140,0
2000-01-13,46.639,50.691,46.58,49.95,476510,0
2000-01-14,51.153,51.836,50.182,50.807,619661,0
2000-01-18,50.807,51.268,48.179,48.238,495312,0
2000-01-19,48.179,49.892,48.063,48.757,322454,0
2000-01-20,49.44,49.44,47.438,47.9,382496,0
2000-01-21,48.525,48.699,45.927,48.295,466332,0
2000-01-24,48.863,49.556,46.927,47.496,595245,0
2000-01-25,47.322,49.208,46.927,49.035,516504,0
2000-01-26,49.326,49.529,48.015,48.922,562521,0
2000-01-27,49.363,53.839,49.248,53.039,1004857,0
2000-01-28,52.577,52.577,50.394,51.549,832512,0
2000-01-31,51.597,54.474,51.549,54.302,457604,0
2000-02-01,54.07,55.101,53.782,54.87,759172,0
2000-02-02,54.649,54.697,53.782,53.839,680848,0
2000-02-03,53.782,54.649,52.462,53.206,308843,0
2000-02-04,53.149,53.376,50.509,50.797,249735,0
2000-02-07,50.855,51.2,49.479,50.74,399221,0
2000-02-08,50.567,53.667,50.509,53.319,380208,0
2000-02-09,53.782,53.897,49.595,50.626,972132,0
2000-02-10,50.914,51.884,50.278,50.45,376575,0
2000-02-11,50.914,51.434,50.058,50.221,466227,0
2000-02-14,50.221,50.73,49.654,49.709,207146,0
2000-02-15,49.94,50.972,49.189,50.337,428620,0
2000-02-16,50.278,50.337,49.825,50.105,242979,0
2000-02-17,50.278,51.2,49.654,50.539,456563,0
2000-02-18,50.509,50.626,45.571,45.803,1220309,0
2000-02-22,45.974,47.004,44.888,46.957,733514,0
2000-02-23,46.898,47.063,45.291,46.496,449812,0
2000-02-24,46.639,47.352,46.322,46.727,853808,0
2000-02-25,46.727,46.727,45.803,45.918,351435,0
2000-02-28,45.888,48.362,45.628,47.294,1069158,0
2000-02-29,47.524,48.902,46.841,48.728,431838,0
2000-03-02,46.553,47.986,46.553,47.236,439733,0
2000-03-03,47.063,47.209,29.389,35.645,14797117,0
2000-03-06,36.05,38.919,34.097,38.169,3991368,0
2000-03-07,38.455,38.455,35.935,36.56,1207737,0
2000-03-08,37.255,37.255,33.518,34.385,1505569,0
2000-03-09,34.153,34.558,33.406,33.865,895677,0
2000-03-10,33.924,36.5,33.112,34.213,854021,0
2000-03-13,34.78,35.761,34.558,34.867,2047109,0
2000-03-14,35.213,35.473,33.066,33.462,557020,0
2000-03-15,33.749,36.273,33.691,35.588,864616,0
2000-03-16,36.388,38.455,36.33,37.995,1213661,0
2000-03-17,37.197,39.431,37.078,37.599,1049524,0
2000-03-20,37.659,37.879,36.106,36.106,563249,0
2000-03-21,36.05,39.148,35.473,38.803,531669,0
2000-03-22,38.574,40.73,38.574,38.63,549745,0
2000-03-23,38.341,40.412,38.111,40.412,699750,0
2000-03-24,40.18,40.412,38.574,39.092,601791,0
2000-03-27,39.12,39.206,35.645,36.216,935255,0
2000-03-28,36.166,37.938,35.702,36.5,827010,0
2000-03-29,36.444,37.543,35.702,36.292,910012,0
2000-03-30,36.33,37.716,35.184,35.184,1196101,0
2000-03-31,35.702,39.487,35.473,38.226,1469003,0
2000-04-03,40.508,40.641,35.416,36.735,3957816,0
2000-04-04,38.111,40.18,37.427,38.226,2272947,0
2000-04-05,37.716,38.284,37.609,37.763,694037,0
2000-04-06,38.169,39.313,37.995,39.037,1632615,0
2000-04-07,39.037,39.148,36.963,37.313,881339,0
2000-04-10,37.313,39.373,37.255,38.919,1103648,0
2000-04-11,38.63,42.25,38.574,41.441,1031864,0
2000-04-12,41.441,45.234,41.325,41.904,1505154,0
2000-04-13,42.701,44.309,42.019,43.627,2740109,0
2000-04-14,43.511,43.568,41.441,41.498,1510345,0
2000-04-17,41.325,41.384,40.007,41.267,1201194,0
2000-04-18,41.325,41.441,38.803,40.123,504142,0
2000-04-19,40.237,40.237,36.618,37.543,611765,0
2000-04-20,37.763,39.718,37.427,39.487,1251474,0
2000-04-24,39.206,41.21,38.052,39.948,388105,0
2000-04-25,40.123,42.701,39.948,40.979,244331,0
2000-04-26,41.325,41.325,38.919,39.431,321931,0
2000-04-27,38.919,39.037,37.543,38.052,320376,0
2000-04-28,38.455,38.803,37.427,38.111,233424,0
2000-05-01,38.052,38.978,37.763,38.341,338135,0
2000-05-02,38.455,39.487,37.763,39.431,628593,0
2000-05-03,39.373,39.487,37.197,37.369,349149,0
2000-05-04,37.543,38.455,36.216,37.313,554319,0
2000-05-05,37.137,37.659,36.735,37.427,344161,0
2000-05-08,37.137,38.803,36.735,38.574,690194,0
2000-05-09,38.744,39.832,37.938,38.574,574473,0
2000-05-10,38.111,38.341,35.879,36.676,324424,0
2000-05-11,37.157,38.832,37.098,38.14,679807,0
2000-05-12,37.966,39.177,37.504,38.716,361199,0
2000-05-15,38.948,39.411,38.601,39.177,431320,0
2000-05-16,39.757,39.813,38.544,38.774,262614,0
2000-05-17,38.544,38.66,37.447,38.198,265526,0
2000-05-18,37.791,39.065,37.735,38.256,239239,0
2000-05-19,37.791,38.832,37.677,38.284,449812,0
2000-05-22,38.544,39.353,37.619,39.177,205066,0
2000-05-23,38.774,40.45,38.601,39.757,523567,0
2000-05-24,39.728,41.086,39.584,40.681,517439,0
2000-05-25,40.622,41.027,39.525,40.565,447212,0
2000-05-26,40.508,42.297,40.45,41.548,557431,0
2000-05-30,41.95,43.453,41.605,43.272,613634,0
2000-05-31,42.701,43.973,42.066,43.107,671600,0
2000-06-01,43.048,44.897,42.76,43.859,404414,0
2000-06-02,44.581,45.821,44.261,44.666,342813,0
2000-06-05,44.955,44.955,42.76,44.145,277053,0
2000-06-06,44.059,44.059,42.297,42.876,429764,0
2000-06-07,42.529,43.568,42.182,43.338,298662,0
2000-06-08,43.281,43.281,41.548,41.719,102116,0
2000-06-09,41.719,42.643,41.719,41.837,126841,0
2000-06-12,41.837,42.818,41.548,42.701,180547,0
2000-06-13,42.27,42.809,42.066,42.529,188234,0
2000-06-14,42.876,42.933,41.894,42.009,144605,0
2000-06-15,42.24,42.701,40.912,42.588,673576,0
2000-06-16,43.018,43.078,40.854,41.605,1642797,0
2000-06-19,41.605,44.897,41.489,43.568,477442,0
2000-06-20,43.859,45.014,43.048,44.955,561588,0
2000-06-21,44.553,44.611,43.394,43.973,379484,0
2000-06-22,43.829,44.377,43.568,43.859,390285,0
2000-06-23,44.03,44.261,43.742,44.087,153019,0
2000-06-26,43.916,44.145,43.683,44.03,928191,0
2000-06-27,44.117,44.145,43.799,43.916,373040,0
2000-06-28,44.03,44.03,43.627,43.799,291079,0
2000-06-29,43.887,43.916,42.76,42.818,389350,0
2000-06-30,43.078,43.107,42.182,42.433,678458,0
2000-07-03,42.529,43.916,42.414,43.916,208491,0
2000-07-05,43.916,44.261,43.048,43.511,697360,0
2000-07-06,43.539,43.568,40.795,43.222,699854,0
2000-07-07,43.018,44.377,42.989,43.799,795325,0
2000-07-10,43.859,44.204,43.281,43.799,137436,0
2000-07-11,43.453,44.721,43.453,43.742,226568,0
2000-07-12,43.771,44.611,43.165,43.165,272170,0
2000-07-13,43.511,44.03,42.818,44.03,341462,0
2000-07-14,43.742,44.261,43.453,44.145,213895,0
2000-07-17,44.261,44.261,42.24,42.414,500403,0
2000-07-18,42.414,42.529,41.779,42.529,402544,0
2000-07-19,42.558,42.588,41.894,42.009,188234,0
2000-07-20,42.009,43.568,42.009,43.048,407323,0
2000-07-21,42.701,42.989,41.894,42.701,137436,0
2000-07-24,42.701,42.76,41.837,42.24,70327,0
2000-07-25,42.066,42.414,41.779,42.066,84976,0
2000-07-26,42.094,42.123,40.333,40.681,142216,0
2000-07-27,40.795,41.95,40.622,41.143,140448,0
2000-07-28,41.086,41.257,40.45,40.565,150943,0
2000-07-31,40.795,41.027,40.218,40.45,241215,0
2000-08-01,40.594,40.622,39.948,40.275,355900,0
2000-08-02,40.393,42.414,40.393,41.548,348109,0
2000-08-03,41.374,42.876,41.143,42.297,489704,0
2000-08-04,42.529,43.916,42.414,42.933,472457,0
2000-08-07,42.963,42.989,41.605,42.066,356631,0
2000-08-08,42.182,42.182,41.316,41.837,246101,0
2000-08-09,41.749,41.749,40.393,40.681,422178,0
2000-08-10,41.219,42.26,41.219,41.682,660071,0
2000-08-11,41.538,42.029,41.334,41.885,378754,0
2000-08-14,41.682,41.798,40.804,41.277,383222,0
2000-08-15,41.277,41.334,40.804,40.864,502686,0
2000-08-16,40.979,41.106,39.938,40.17,363899,0
2000-08-17,40.17,40.979,40.113,40.75,258252,0
2000-08-18,40.661,40.661,40.285,40.343,110845,0
2000-08-21,40.314,40.314,39.187,39.363,197587,0
2000-08-22,39.564,39.997,39.245,39.535,707022,0
2000-08-23,39.477,39.535,37.735,38.14,1259264,0
2000-08-24,38.284,39.594,38.284,39.535,573431,0
2000-08-25,39.477,40.057,39.305,39.709,417194,0
2000-08-28,39.795,39.881,39.363,39.363,213997,0
2000-08-29,39.535,39.767,39.008,39.245,357254,0
2000-08-30,39.065,40.17,39.065,40.057,351956,0
2000-08-31,39.997,41.568,39.938,41.568,376680,0
2000-09-01,41.538,41.623,40.285,40.574,309774,0
2000-09-05,40.75,40.979,40.285,40.517,416051,0
2000-09-06,40.343,41.106,40.057,40.632,369617,0
2000-09-07,41.163,42.317,40.632,42.201,729565,0
2000-09-08,41.857,43.078,41.682,42.49,938996,0
2000-09-11,42.317,43.252,42.26,42.963,717620,0
2000-09-12,43.048,43.252,42.548,42.837,304170,0
2000-09-13,42.72,43.655,42.377,42.72,1024072,0
2000-09-14,42.896,43.483,42.433,42.49,809661,0
2000-09-15,42.548,42.896,42.377,42.72,955614,0
2000-09-18,42.663,42.963,41.334,41.568,520346,0
2000-09-19,41.71,42.317,41.682,41.798,489389,0
2000-09-20,42.317,42.78,41.508,41.682,669107,0
2000-09-21,41.798,41.97,40.864,41.106,201220,0
2000-09-22,40.834,41.623,40.285,41.623,326296,0
2000-09-25,41.739,43.655,41.568,42.606,935150,0
2000-09-26,42.49,43.945,42.49,43.809,564602,0
2000-09-27,43.945,45.974,43.365,45.918,773197,0
2000-09-28,45.861,48.525,45.628,48.063,1884425,0
2000-09-29,47.486,47.948,46.437,47.496,738709,0
2000-10-02,47.632,48.643,47.312,47.717,483160,0
2000-10-03,47.486,49.228,47.369,49.171,709101,0
2000-10-04,49.054,49.228,48.295,49.228,651863,0
2000-10-05,49.171,49.691,48.997,49.519,804882,0
2000-10-06,49.635,49.691,47.544,49.346,912608,0
2000-10-09,49.46,49.46,47.717,48.941,477965,0
2000-10-10,48.863,48.882,47.256,47.775,592651,0
2000-10-11,47.369,47.642,43.192,44.935,732269,0
2000-10-12,44.751,45.053,42.201,43.483,642823,0
2000-10-13,43.308,46.795,43.018,46.034,481806,0
2000-10-16,45.861,47.428,45.628,47.141,316530,0
2000-10-17,47.169,47.602,46.378,47.023,695705,0
2000-10-18,44.879,46.908,44.135,45.397,628697,0
2000-10-19,46.205,46.965,46.034,46.378,295232,0
2000-10-20,46.119,47.369,46.09,46.965,1031137,0
2000-10-23,46.965,47.256,46.795,46.965,500194,0
2000-10-24,47.141,48.767,47.082,48.295,467575,0
2000-10-25,47.775,49.862,47.775,48.583,579562,0
2000-10-26,48.583,50.039,47.023,49.691,500611,0
2000-10-27,49.748,51.032,49.635,50.682,782548,0
2000-10-30,50.43,52.887,50.384,52.655,640641,0
2000-10-31,52.597,53.581,51.894,53.348,934941,0
2000-11-01,53.415,53.464,50.626,52.068,388209,0
2000-11-02,52.128,53.29,52.01,52.944,348529,0
2000-11-03,52.714,53.405,52.068,53.348,347073,0
2000-11-06,53.405,54.1,52.376,53.753,374913,0
2000-11-07,53.551,53.867,52.636,53.29,355589,0
2000-11-08,53.176,53.867,52.357,53.639,557641,0
2000-11-09,53.348,54.398,52.829,52.829,490533,0
2000-11-10,53.039,53.348,51.894,52.01,450226,0
2000-11-13,52.147,52.147,49.635,51.328,589846,0
2000-11-14,51.239,52.147,50.567,50.682,282666,0
2000-11-15,50.626,50.797,48.825,50.337,431735,0
2000-11-16,49.777,50.337,49.054,49.575,239239,0
2000-11-17,50.221,50.278,48.353,49.346,295130,0
2000-11-20,49.392,49.46,46.841,48.467,473809,0
2000-11-21,48.228,50.855,47.89,50.221,493441,0
2000-11-22,49.93,49.989,49.054,49.691,362756,0
2000-11-24,49.691,50.105,49.401,49.635,82588,0
2000-11-27,50.337,51.153,50.049,50.337,224904,0
2000-11-28,48.825,50.337,48.825,50.049,592546,0
2000-11-29,50.221,51.845,49.748,51.733,417506,0
2000-11-30,51.76,52.491,49.748,50.914,755018,0
2000-12-01,50.855,51.962,50.797,51.845,421039,0
2000-12-04,51.645,51.788,50.049,51.385,288066,0
2000-12-05,52.02,55.928,51.559,54.474,615399,0
2000-12-06,54.474,55.928,53.253,53.773,560552,0
2000-12-07,54.06,55.408,54.002,55.101,471209,0
2000-12-08,54.996,56.86,54.996,56.633,512348,0
2000-12-11,55.986,58.605,55.341,58.49,769976,0
2000-12-12,58.315,58.373,55.986,55.986,483884,0
2000-12-13,56.189,56.507,54.707,55.466,380834,0
2000-12-14,54.88,55.169,53.367,54.207,465705,0
2000-12-15,52.665,53.601,52.02,53.129,1058874,0
2000-12-18,53.367,54.534,53.129,54.417,1231734,0
2000-12-19,54.302,54.534,52.724,53.253,604596,0
2000-12-20,52.839,53.483,52.547,53.309,461237,0
2000-12-21,52.867,55.111,52.839,54.302,473081,0
2000-12-22,54.264,58.027,54.264,57.555,1069675,0
2000-12-26,57.036,57.497,56.331,57.324,131099,0
2000-12-27,56.92,57.439,56.39,57.439,164031,0
2000-12-28,57.294,58.258,57.267,57.852,396102,0
2000-12-29,57.439,58.258,57.095,58.201,575094,0
2001-01-02,57.585,57.795,55.226,55.87,444617,0
2001-01-03,55.408,57.795,54.649,57.74,513285,0
2001-01-04,57.497,59.653,55.928,56.576,776416,0
2001-01-05,56.633,56.745,54.06,55.928,1059291,0
2001-01-08,55.611,56.045,54.996,56.045,450020,0
2001-01-09,55.928,56.274,54.821,55.466,603557,0
2001-01-10,55.341,56.86,55.053,56.633,420410,0
2001-01-11,56.507,56.745,55.64,56.274,505804,0
2001-01-12,56.302,56.39,54.649,54.707,576028,0
2001-01-16,54.474,56.507,54.417,56.274,723647,0
2001-01-17,56.438,56.86,55.563,55.563,627347,0
2001-01-18,55.87,55.928,54.178,54.649,261578,0
2001-01-19,55.053,55.053,53.309,53.831,304894,0
2001-01-22,53.831,54.763,53.773,54.707,394545,0
2001-01-23,54.707,55.466,54.59,55.111,274768,0
2001-01-24,55.341,55.699,54.763,54.821,194366,0
2001-01-25,54.06,54.821,52.896,53.309,915934,0
2001-01-26,53.454,53.483,52.724,53.129,855161,0
2001-01-29,53.099,54.12,52.783,52.896,506216,0
2001-01-30,53.069,53.253,51.616,52.262,484299,0
2001-01-31,52.204,52.547,51.385,52.088,424464,0
2001-02-01,52.088,52.32,51.675,52.204,256277,0
2001-02-02,52.02,53.129,51.788,52.204,195300,0
2001-02-05,52.262,52.896,51.845,52.665,177949,0
2001-02-06,52.896,52.896,51.733,52.376,356939,0
2001-02-07,52.204,53.01,52.088,52.839,250150,0
2001-02-08,52.839,53.309,52.32,53.01,186259,0
2001-02-09,53.01,53.944,52.896,53.541,213584,0
2001-02-12,53.639,54.727,53.551,54.542,302919,0
2001-02-13,54.484,54.84,54.311,54.542,217530,0
2001-02-14,54.369,55.303,54.311,54.898,286715,0
2001-02-15,54.84,54.84,54.138,54.311,401401,0
2001-02-16,53.897,54.022,53.206,53.435,358603,0
2001-02-20,53.328,53.435,52.386,53.149,234152,0
2001-02-21,52.963,53.149,51.567,51.798,498429,0
2001-02-22,51.798,52.147,50.058,51.549,238410,0
2001-02-23,51.328,51.742,50.394,51.567,256174,0
2001-02-26,51.567,53.149,51.567,52.847,499260,0
2001-02-27,52.906,54.022,52.675,53.319,324318,0
2001-02-28,53.551,54.022,52.754,53.724,373872,0
2001-03-01,53.61,54.08,52.675,53.839,297831,0
2001-03-02,53.839,55.718,53.724,54.727,501962,0
2001-03-05,54.898,55.418,53.667,54.255,310816,0
2001-03-06,54.264,54.956,53.376,53.724,169951,0
2001-03-07,53.897,53.897,53.02,53.435,267391,0
2001-03-08,53.319,53.435,51.854,52.734,351125,0
2001-03-09,52.734,53.263,51.798,51.798,205377,0
2001-03-12,51.854,51.972,50.278,50.509,270719,0
2001-03-13,50.278,51.268,49.989,51.21,496143,0
2001-03-14,50.278,50.509,49.286,49.46,459473,0
2001-03-15,50.221,50.509,49.519,49.748,464147,0
2001-03-16,49.171,49.635,47.939,48.112,852979,0
2001-03-19,48.112,48.525,47.121,48.353,427476,0
2001-03-20,48.276,49.748,47.939,47.939,447730,0
2001-03-21,47.534,47.592,45.371,45.598,433501,0
2001-03-22,45.542,46.071,42.799,43.906,688743,0
2001-03-23,44.194,47.352,44.194,46.071,491571,0
2001-03-26,46.525,48.228,46.525,47.89,735382,0
2001-03-27,47.909,49.718,47.737,49.575,444931,0
2001-03-28,49.134,49.143,48.603,48.882,435370,0
2001-03-29,48.362,49.084,48.362,48.44,351435,0
2001-03-30,48.449,49.479,48.362,48.728,715962,0
2001-04-02,48.738,49.286,48.643,48.671,737565,0
2001-04-03,48.643,48.689,47.361,48.633,768832,0
2001-04-04,48.661,48.815,47.014,47.16,887677,0
2001-04-05,47.285,48.738,47.266,48.633,281730,0
2001-04-06,48.266,49.104,47.515,47.775,350290,0
2001-04-09,47.88,48.573,47.757,48.035,158421,0
2001-04-10,48.142,48.922,47.89,48.815,649575,0
2001-04-11,48.738,50.278,48.738,49.605,577691,0
2001-04-12,49.585,49.758,48.902,49.758,167665,0
2001-04-16,49.758,49.853,48.411,48.922,134322,0
2001-04-17,48.912,48.922,48.411,48.68,411582,0
2001-04-18,48.922,50.509,48.902,49.844,328890,0
2001-04-19,49.777,51.742,49.45,51.685,600337,0
2001-04-20,51.655,51.733,50.827,50.837,532296,0
2001-04-23,50.45,50.933,48.968,49.143,439422,0
2001-04-24,49.104,50.095,49.104,49.585,220750,0
2001-04-25,49.499,49.635,48.362,49.44,310608,0
2001-04-26,49.421,49.615,49.238,49.286,188962,0
2001-04-27,49.208,50.095,49.208,49.862,392052,0
2001-04-30,49.912,50.607,49.718,49.844,621840,0
2001-05-01,49.96,50.412,49.709,49.989,482741,0
2001-05-02,49.979,50.807,49.979,50.758,346134,0
2001-05-03,50.787,50.787,50.42,50.469,257107,0
2001-05-04,50.327,51.443,50.327,51.21,426644,0
2001-05-07,51.365,51.472,50.845,50.894,259602,0
2001-05-08,50.952,50.982,50.46,50.567,280690,0
2001-05-09,50.557,50.577,50.23,50.509,197168,0
2001-05-10,50.539,50.768,50.337,50.75,215659,0
2001-05-11,50.75,50.787,50.24,50.307,190312,0
2001-05-14,50.539,53.282,50.211,50.354,352680,0
2001-05-15,50.345,50.509,50.135,50.45,568445,0
2001-05-16,50.307,51.76,50.278,51.636,758341,0
2001-05-17,51.636,51.685,51.21,51.452,499986,0
2001-05-18,51.626,51.636,50.884,51.248,444823,0
2001-05-21,51.414,51.452,50.797,50.865,375535,0
2001-05-22,50.865,51.21,50.635,50.943,725412,0
2001-05-23,50.933,51.032,50.509,50.617,861498,0
2001-05-24,50.73,50.827,50.384,50.539,381873,0
2001-05-25,50.412,50.567,50.201,50.509,368366,0
2001-05-29,50.374,50.374,50.125,50.211,303023,0
2001-05-30,50.24,51.032,50.049,50.049,497491,0
2001-05-31,50.23,50.837,50.154,50.827,235498,0
2001-06-01,50.827,51.733,50.644,51.521,299700,0
2001-06-04,51.549,52.301,51.511,52.157,307906,0
2001-06-05,52.175,53.129,52.175,52.867,774860,0
2001-06-06,52.992,53.139,52.587,53.099,561068,0
2001-06-07,53.059,53.282,52.839,53.176,734968,0
2001-06-08,53.166,53.215,52.675,53.049,531358,0
2001-06-11,53,53,52.577,52.803,306141,0
2001-06-12,52.754,52.953,52.301,52.953,275706,0
2001-06-13,52.839,53.591,52.783,53.099,238410,0
2001-06-14,53.109,53.405,52.472,52.472,439633,0
2001-06-15,52.857,53.01,52.243,52.915,629526,0
2001-06-18,52.839,53.039,52.481,52.481,422698,0
2001-06-19,52.577,53.049,52.567,52.906,748472,0
2001-06-20,55.631,55.64,54.407,55.015,2992024,0
2001-06-21,55.062,55.909,54.956,55.9,1961716,0
2001-06-22,54.83,54.84,52.695,54.031,22580304,0
2001-06-25,53.954,54.407,53.395,54.148,1625968,0
2001-06-26,54.13,54.474,53.831,54.329,1169923,0
2001-06-27,54.226,55.199,53.983,54.524,630048,0
2001-06-28,54.562,55.37,54.504,55.199,524709,0
2001-06-29,55.293,55.388,54.264,55.388,758239,0
2001-07-02,54.659,55.446,54.659,55.398,391845,0
2001-07-03,55.312,55.631,55.208,55.466,241524,0
2001-07-05,55.436,55.456,54.649,54.87,308221,0
2001-07-06,54.773,54.83,54.08,54.11,397661,0
2001-07-09,54.217,54.311,53.561,54.041,351125,0
2001-07-10,54.031,54.178,53.186,53.328,845500,0
2001-07-11,53.328,53.61,52.744,53.512,346968,0
2001-07-12,53.522,54.246,53.215,54.012,387585,0
2001-07-13,53.963,55.303,53.963,54.811,406285,0
2001-07-16,54.87,54.927,54.148,54.302,252018,0
2001-07-17,54.264,55.378,53.983,55.121,228436,0
2001-07-18,55.015,55.388,54.379,55.388,168604,0
2001-07-19,55.388,55.526,54.57,55.456,309570,0
2001-07-20,55.062,55.293,54.697,55.179,256277,0
2001-07-23,54.84,55.581,54.639,54.744,251186,0
2001-07-24,54.717,55.293,54.264,54.802,499883,0
2001-07-25,54.83,54.986,54.465,54.87,230930,0
2001-07-26,54.87,54.966,54.369,54.83,223662,0
2001-07-27,54.83,55.081,54.57,54.917,381978,0
2001-07-30,54.811,54.917,54.455,54.86,418022,0
2001-07-31,54.86,55.111,54.369,54.88,354552,0
2001-08-01,54.83,54.88,53.848,54.12,822021,0
2001-08-02,54.226,54.773,54.12,54.329,439528,0
2001-08-03,54.446,54.792,54.407,54.792,356007,0
2001-08-06,54.83,54.956,54.407,54.687,301778,0
2001-08-07,54.58,55.388,54.494,54.986,230514,0
2001-08-08,55.015,55.388,54.339,54.494,204543,0
2001-08-09,54.417,54.821,54.031,54.6,357564,0
2001-08-10,54.552,55.283,54.524,54.937,332319,0
2001-08-13,54.889,55.062,54.57,54.717,434334,0
2001-08-14,54.687,55.111,54.687,55.111,422072,0
2001-08-15,55.023,55.571,54.956,55.254,308945,0
2001-08-16,55.273,55.947,55.15,55.64,510999,0
2001-08-17,55.833,56.265,55.66,56.054,415531,0
2001-08-20,56.006,56.4,55.621,56.122,314762,0
2001-08-21,56.13,56.566,55.727,55.928,504245,0
2001-08-22,56.14,56.312,55.745,56.302,328890,0
2001-08-23,56.045,56.42,56.045,56.294,252641,0
2001-08-24,56.237,56.246,54.898,55.226,285780,0
2001-08-27,55.428,55.446,54.002,54.359,665575,0
2001-08-28,54.379,54.735,54.041,54.158,938575,0
2001-08-29,54.197,54.197,53.395,53.734,962265,0
2001-08-30,53.724,54.236,53.561,54.041,630357,0
2001-08-31,54.158,54.504,53.706,53.944,415011,0
2001-09-04,54.13,54.6,53.357,53.532,260742,0
2001-09-05,53.435,53.445,52.539,53.029,466740,0
2001-09-06,53.039,53.186,51.933,52.185,215248,0
2001-09-07,52.147,52.665,51.531,51.78,349564,0
2001-09-10,51.78,51.884,50.74,50.914,423112,0
2001-09-17,50.933,51.022,48.931,50.682,1298531,0
2001-09-18,50.663,50.972,49.738,50.73,551201,0
2001-09-19,50.74,51.328,49.238,50.163,973688,0
2001-09-20,50.019,50.058,48.335,49.718,796990,0
2001-09-21,47.697,51.23,47.322,48.633,1531642,0
2001-09-24,48.835,50.105,48.661,48.835,727487,0
2001-09-25,48.968,49.635,48.796,49.218,833863,0
2001-09-26,49.084,49.709,48.025,49.179,895051,0
2001-09-27,49.104,51.022,49.084,50.875,684795,0
2001-09-28,50.875,50.875,49.979,50.557,1265082,0
2001-10-01,50.499,50.509,49.143,49.509,798128,0
2001-10-02,49.499,49.546,48.583,49.509,637111,0
2001-10-03,49.46,49.509,46.6,46.747,1829579,0
2001-10-04,46.831,47.102,45.841,46.264,1014933,0
2001-10-05,46.255,46.302,42.886,43.272,1398465,0
2001-10-08,43.473,43.483,41.364,41.374,1273392,0
2001-10-09,41.558,42.367,41.316,41.827,1265392,0
2001-10-10,41.914,42.76,41.344,41.788,699648,0
2001-10-11,41.692,42.588,41.489,41.914,850591,0
2001-10-12,41.837,41.877,40.651,41.228,380106,0
2001-10-15,41.219,41.469,39.909,41.086,837914,0
2001-10-16,41.354,43.539,41.325,42.192,867106,0
2001-10-17,42.538,42.999,41.548,41.827,592756,0
2001-10-18,41.817,41.837,39.851,39.997,691651,0
2001-10-19,40.275,41.374,40.256,41.267,1273081,0
2001-10-22,41.498,42.297,41.374,42.279,881442,0
2001-10-23,42.327,43.232,42.143,42.953,668798,0
2001-10-24,42.914,44.135,42.905,43.568,914684,0
2001-10-25,43.483,45.244,43.222,44.859,1083390,0
2001-10-26,45.062,45.841,44.789,45.648,576131,0
2001-10-29,45.648,45.667,44.415,45.522,1007036,0
2001-10-30,45.445,45.927,44.829,45.311,947719,0
2001-10-31,45.174,45.831,44.809,45.146,599712,0
2001-11-01,45.146,45.783,44.523,45.706,307388,0
2001-11-02,45.706,45.715,44.888,45.263,617376,0
2001-11-05,45.552,46.496,45.321,46.176,776000,0
2001-11-06,45.955,46.898,45.618,46.486,755951,0
2001-11-07,46.476,47.534,46.378,46.861,368054,0
2001-11-08,46.957,47.102,46.205,46.322,603453,0
2001-11-09,46.302,46.678,45.542,45.918,528657,0
2001-11-12,45.861,46.024,44.581,45.435,332215,0
2001-11-13,45.552,45.774,44.675,45.311,878534,0
2001-11-14,45.397,45.831,45.184,45.381,365253,0
2001-11-15,45.351,45.965,45.024,45.072,240590,0
2001-11-16,44.711,45.081,44.329,44.513,270927,0
2001-11-19,44.562,45.503,44.464,44.611,337306,0
2001-11-20,44.611,44.751,44.28,44.415,320790,0
2001-11-21,44.405,44.474,43.78,44.127,205168,0
2001-11-23,44.204,44.721,44.078,44.619,124244,0
2001-11-26,44.562,45.542,44.28,45.273,570105,0
2001-11-27,45.273,45.676,44.849,45.146,702349,0
2001-11-28,45.194,45.224,44.611,45.062,501024,0
2001-11-29,45.062,45.744,44.829,45.706,347800,0
2001-11-30,45.598,46.167,45.473,45.483,619349,0
2001-12-03,45.473,45.715,45.128,45.224,650202,0
2001-12-04,45.341,46.195,45.234,46.09,392988,0
2001-12-05,46.629,48.102,46.525,47.602,825762,0
2001-12-06,47.622,48.495,47.505,48.421,530321,0
2001-12-07,48.381,48.477,48.045,48.362,441502,0
2001-12-10,48.189,48.295,47.853,48.112,443997,0
2001-12-11,48.305,48.554,48.054,48.286,392779,0
2001-12-12,48.335,48.643,48.054,48.564,434954,0
2001-12-13,48.238,48.295,47.834,48.179,348732,0
2001-12-14,48.228,48.325,47.697,47.967,455526,0
2001-12-17,47.814,48.189,47.717,47.948,656638,0
2001-12-18,47.996,48.941,47.977,48.854,293364,0
2001-12-19,48.661,49.114,48.381,49.064,281211,0
2001-12-20,48.912,49.238,48.362,49.228,246616,0
2001-12-21,49.163,50.469,48.325,50.412,1455083,0
2001-12-24,50.172,50.297,49.816,50.066,226669,0
2001-12-26,49.999,50.278,49.882,50.191,383222,0
2001-12-27,50.278,50.288,49.045,49.431,324530,0
2001-12-28,49.411,49.777,49.054,49.644,245680,0
2001-12-31,49.605,49.892,49.286,49.538,302818,0
